Supplemental results for CODEML (seqf: algn  treef: tree)


dN/dS (w) for site classes (K=2)

p:   0.95887  0.04113
w:   0.00000  1.00000

Naive Empirical Bayes (NEB) probabilities for 2 classes & postmean_w
(amino acids refer to 1st sequence: Smed.16452)

   1 H   0.96280 0.03720 ( 1)  0.037
   2 I   0.96210 0.03790 ( 1)  0.038
   3 N   0.96386 0.03614 ( 1)  0.036
   4 V   0.96057 0.03943 ( 1)  0.039
   5 S   0.96087 0.03913 ( 1)  0.039
   6 K   0.96428 0.03572 ( 1)  0.036
   7 R   0.96053 0.03947 ( 1)  0.039
   8 R   0.96021 0.03979 ( 1)  0.040
   9 K   0.96222 0.03778 ( 1)  0.038
  10 E   0.96372 0.03628 ( 1)  0.036
  11 N   0.96386 0.03614 ( 1)  0.036
  12 F   0.96159 0.03841 ( 1)  0.038
  13 E   0.96372 0.03628 ( 1)  0.036
  14 D   0.96321 0.03679 ( 1)  0.037
  15 K   0.96428 0.03572 ( 1)  0.036
  16 P   0.96014 0.03986 ( 1)  0.040
  17 R   0.96276 0.03724 ( 1)  0.037
  18 K   0.96428 0.03572 ( 1)  0.036
  19 T   0.96288 0.03712 ( 1)  0.037
  20 S   0.96190 0.03810 ( 1)  0.038
  21 L   0.96125 0.03875 ( 1)  0.039
  22 V   0.96057 0.03943 ( 1)  0.039
  23 A   0.96105 0.03895 ( 1)  0.039
  24 T   0.96288 0.03712 ( 1)  0.037
  25 L   0.96165 0.03835 ( 1)  0.038
  26 I   0.96359 0.03641 ( 1)  0.036
  27 D   0.96321 0.03679 ( 1)  0.037
  28 A   0.96223 0.03777 ( 1)  0.038
  29 F   0.96204 0.03796 ( 1)  0.038
  30 N   0.96386 0.03614 ( 1)  0.036
  31 H   0.96227 0.03773 ( 1)  0.038
  32 Q   0.96331 0.03669 ( 1)  0.037
  33 K   0.96222 0.03778 ( 1)  0.038
  34 I   0.96210 0.03790 ( 1)  0.038
  35 S   0.96080 0.03920 ( 1)  0.039
  36 N   0.96386 0.03614 ( 1)  0.036
  37 N   0.96386 0.03614 ( 1)  0.036
  38 N   0.96333 0.03667 ( 1)  0.037
  39 Q   0.96331 0.03669 ( 1)  0.037
  40 E   0.96372 0.03628 ( 1)  0.036
  41 A   0.96223 0.03777 ( 1)  0.038
  42 L   0.96197 0.03803 ( 1)  0.038
  43 N   0.96386 0.03614 ( 1)  0.036
  44 D   0.96268 0.03732 ( 1)  0.037
  45 I   0.96359 0.03641 ( 1)  0.036
  46 D   0.96268 0.03732 ( 1)  0.037
  47 L   0.96125 0.03875 ( 1)  0.039
  48 V   0.96279 0.03721 ( 1)  0.037
  49 D   0.96321 0.03679 ( 1)  0.037
  50 C   0.96031 0.03969 ( 1)  0.040
  51 I   0.96210 0.03790 ( 1)  0.038
  52 F   0.96159 0.03841 ( 1)  0.038
  53 K   0.96428 0.03572 ( 1)  0.036
  54 D   0.96268 0.03732 ( 1)  0.037
  55 D   0.96268 0.03732 ( 1)  0.037
  56 R   0.96088 0.03912 ( 1)  0.039
  57 S   0.96087 0.03913 ( 1)  0.039
  58 R   0.96087 0.03913 ( 1)  0.039
  59 N   0.96333 0.03667 ( 1)  0.037
  60 S   0.95981 0.04019 ( 1)  0.040
  61 S   0.96080 0.03920 ( 1)  0.039
  62 R   0.95981 0.04019 ( 1)  0.040
  63 K   0.96222 0.03778 ( 1)  0.038
  64 P   0.96183 0.03817 ( 1)  0.038
  65 G   0.96173 0.03827 ( 1)  0.038
  66 K   0.96428 0.03572 ( 1)  0.036
  67 I   0.96359 0.03641 ( 1)  0.036
  68 F   0.00002 0.99998 ( 2)  1.000
  69 Q   0.96132 0.03868 ( 1)  0.039
  70 E   0.96168 0.03832 ( 1)  0.038
  71 L   0.96053 0.03947 ( 1)  0.039
  72 K   0.96428 0.03572 ( 1)  0.036
  73 E   0.96372 0.03628 ( 1)  0.036
  74 N   0.96386 0.03614 ( 1)  0.036
  75 R   0.96087 0.03913 ( 1)  0.039
  76 N   0.96333 0.03667 ( 1)  0.037
  77 L   0.96053 0.03947 ( 1)  0.039
  78 K   0.96428 0.03572 ( 1)  0.036
  79 W   0.95986 0.04014 ( 1)  0.040
  80 I   0.96157 0.03843 ( 1)  0.038
  81 E   0.96372 0.03628 ( 1)  0.036
  82 T   0.96288 0.03712 ( 1)  0.037
  83 E   0.96168 0.03832 ( 1)  0.038
  84 Q   0.96331 0.03669 ( 1)  0.037
  85 V   0.96279 0.03721 ( 1)  0.037
  86 K   0.96428 0.03572 ( 1)  0.036
  87 S   0.96087 0.03913 ( 1)  0.039
  88 K   0.96222 0.03778 ( 1)  0.038
  89 G   0.96047 0.03953 ( 1)  0.040
  90 L   0.96165 0.03835 ( 1)  0.038
  91 A   0.96032 0.03968 ( 1)  0.040
  92 K   0.96428 0.03572 ( 1)  0.036
  93 N   0.96386 0.03614 ( 1)  0.036
  94 M   0.96296 0.03704 ( 1)  0.037
  95 K   0.96222 0.03778 ( 1)  0.038
  96 K   0.96428 0.03572 ( 1)  0.036
  97 E   0.96372 0.03628 ( 1)  0.036
  98 E   0.96372 0.03628 ( 1)  0.036
  99 I   0.96157 0.03843 ( 1)  0.038
 100 K   0.96428 0.03572 ( 1)  0.036
 101 F   0.96159 0.03841 ( 1)  0.038
 102 Q   0.96132 0.03868 ( 1)  0.039
 103 E   0.96372 0.03628 ( 1)  0.036
 104 S   0.96190 0.03810 ( 1)  0.038
 105 Q   0.96132 0.03868 ( 1)  0.039
 106 F   0.96204 0.03796 ( 1)  0.038
 107 E   0.96372 0.03628 ( 1)  0.036
 108 I   0.96359 0.03641 ( 1)  0.036
 109 I   0.96359 0.03641 ( 1)  0.036
 110 S   0.96087 0.03913 ( 1)  0.039
 111 S   0.95981 0.04019 ( 1)  0.040
 112 E   0.96372 0.03628 ( 1)  0.036
 113 A   0.96105 0.03895 ( 1)  0.039
 114 S   0.96043 0.03957 ( 1)  0.040
 115 Y   0.96119 0.03881 ( 1)  0.039
 116 N   0.96333 0.03667 ( 1)  0.037
 117 R   0.96163 0.03837 ( 1)  0.038
 118 S   0.96190 0.03810 ( 1)  0.038
 119 L   0.96053 0.03947 ( 1)  0.039
 120 S   0.96080 0.03920 ( 1)  0.039
 121 V   0.96142 0.03858 ( 1)  0.039
 122 L   0.96020 0.03980 ( 1)  0.040
 123 I   0.96359 0.03641 ( 1)  0.036
 124 D   0.96321 0.03679 ( 1)  0.037
 125 K   0.96428 0.03572 ( 1)  0.036
 126 F   0.96159 0.03841 ( 1)  0.038
 127 Y   0.96119 0.03881 ( 1)  0.039
 128 N   0.96386 0.03614 ( 1)  0.036
 129 A   0.96223 0.03777 ( 1)  0.038
 130 P   0.96042 0.03958 ( 1)  0.040
 131 Q   0.96331 0.03669 ( 1)  0.037
 132 M   0.96296 0.03704 ( 1)  0.037
 133 S   0.96190 0.03810 ( 1)  0.038
 134 L   0.96197 0.03803 ( 1)  0.038
 135 V   0.96142 0.03858 ( 1)  0.039
 136 E   0.96372 0.03628 ( 1)  0.036
 137 T   0.96098 0.03902 ( 1)  0.039
 138 N   0.96386 0.03614 ( 1)  0.036
 139 G   0.96173 0.03827 ( 1)  0.038
 140 I   0.96157 0.03843 ( 1)  0.038
 141 K   0.96428 0.03572 ( 1)  0.036
 142 P   0.96014 0.03986 ( 1)  0.040
 143 I   0.96359 0.03641 ( 1)  0.036
 144 I   0.96157 0.03843 ( 1)  0.038
 145 K   0.96222 0.03778 ( 1)  0.038
 146 P   0.96183 0.03817 ( 1)  0.038
 147 Y   0.96119 0.03881 ( 1)  0.039
 148 Q   0.96331 0.03669 ( 1)  0.037
 149 K   0.96222 0.03778 ( 1)  0.038
 150 E   0.96372 0.03628 ( 1)  0.036
 151 H   0.96280 0.03720 ( 1)  0.037
 152 L   0.96165 0.03835 ( 1)  0.038
 153 F   0.96159 0.03841 ( 1)  0.038
 154 S   0.96087 0.03913 ( 1)  0.039
 155 N   0.96333 0.03667 ( 1)  0.037
 156 I   0.96210 0.03790 ( 1)  0.038
 157 L   0.96080 0.03920 ( 1)  0.039
 158 K   0.96428 0.03572 ( 1)  0.036
 159 I   0.96263 0.03737 ( 1)  0.037
 160 Y   0.96119 0.03881 ( 1)  0.039
 161 T   0.96098 0.03902 ( 1)  0.039
 162 I   0.96210 0.03790 ( 1)  0.038
 163 S   0.96190 0.03810 ( 1)  0.038
 164 C   0.96031 0.03969 ( 1)  0.040
 165 K   0.96222 0.03778 ( 1)  0.038
 166 F   0.96159 0.03841 ( 1)  0.038
 167 L   0.96125 0.03875 ( 1)  0.039
 168 A   0.96063 0.03937 ( 1)  0.039
 169 D   0.96321 0.03679 ( 1)  0.037
 170 L   0.96197 0.03803 ( 1)  0.038
 171 E   0.96372 0.03628 ( 1)  0.036
 172 R   0.96276 0.03724 ( 1)  0.037
 173 R   0.96088 0.03912 ( 1)  0.039
 174 F   0.96204 0.03796 ( 1)  0.038
 175 C   0.96031 0.03969 ( 1)  0.040
 176 E   0.96372 0.03628 ( 1)  0.036
 177 S   0.96043 0.03957 ( 1)  0.040
 178 A   0.96063 0.03937 ( 1)  0.039
 179 K   0.96428 0.03572 ( 1)  0.036
 180 I   0.96157 0.03843 ( 1)  0.038
 181 T   0.96288 0.03712 ( 1)  0.037
 182 D   0.96268 0.03732 ( 1)  0.037
 183 L   0.96165 0.03835 ( 1)  0.038
 184 S   0.96065 0.03935 ( 1)  0.039
 185 D   0.96268 0.03732 ( 1)  0.037
 186 I   0.96359 0.03641 ( 1)  0.036
 187 V   0.96094 0.03906 ( 1)  0.039
 188 T   0.96288 0.03712 ( 1)  0.037
 189 K   0.96222 0.03778 ( 1)  0.038
 190 Y   0.96173 0.03827 ( 1)  0.038
 191 A   0.96063 0.03937 ( 1)  0.039
 192 V   0.96094 0.03906 ( 1)  0.039
 193 N   0.96333 0.03667 ( 1)  0.037
 194 E   0.96372 0.03628 ( 1)  0.036
 195 F   0.96204 0.03796 ( 1)  0.038
 196 D   0.96228 0.03772 ( 1)  0.038
 197 V   0.96094 0.03906 ( 1)  0.039
 198 Y   0.96119 0.03881 ( 1)  0.039
 199 V   0.96057 0.03943 ( 1)  0.039
 200 P   0.96079 0.03921 ( 1)  0.039
 201 Y   0.96119 0.03881 ( 1)  0.039
 202 I   0.96359 0.03641 ( 1)  0.036
 203 Q   0.96331 0.03669 ( 1)  0.037
 204 N   0.96386 0.03614 ( 1)  0.036
 205 Q   0.96331 0.03669 ( 1)  0.037
 206 R   0.96276 0.03724 ( 1)  0.037
 207 F   0.96204 0.03796 ( 1)  0.038
 208 Q   0.96331 0.03669 ( 1)  0.037
 209 S   0.96043 0.03957 ( 1)  0.040
 210 E   0.96372 0.03628 ( 1)  0.036
 211 A   0.96105 0.03895 ( 1)  0.039
 212 Y   0.96119 0.03881 ( 1)  0.039
 213 N   0.96386 0.03614 ( 1)  0.036
 214 E   0.96372 0.03628 ( 1)  0.036
 215 L   0.96080 0.03920 ( 1)  0.039
 216 K   0.96428 0.03572 ( 1)  0.036
 217 K   0.96251 0.03749 ( 1)  0.037
 218 E   0.96372 0.03628 ( 1)  0.036
 219 I   0.96210 0.03790 ( 1)  0.038
 220 A   0.96223 0.03777 ( 1)  0.038
 221 T   0.96148 0.03852 ( 1)  0.039
 222 A   0.96223 0.03777 ( 1)  0.038
 223 K   0.96428 0.03572 ( 1)  0.036
 224 I   0.96359 0.03641 ( 1)  0.036
 225 I   0.96210 0.03790 ( 1)  0.038
 226 E   0.96372 0.03628 ( 1)  0.036
 227 E   0.96168 0.03832 ( 1)  0.038
 228 L   0.96020 0.03980 ( 1)  0.040
 229 E   0.96372 0.03628 ( 1)  0.036
 230 S   0.96190 0.03810 ( 1)  0.038
 231 Q   0.96331 0.03669 ( 1)  0.037
 232 P   0.96042 0.03958 ( 1)  0.040
 233 E   0.96372 0.03628 ( 1)  0.036
 234 C   0.96063 0.03937 ( 1)  0.039
 235 C   0.96063 0.03937 ( 1)  0.039
 236 S   0.95981 0.04019 ( 1)  0.040
 237 L   0.96080 0.03920 ( 1)  0.039
 238 S   0.96061 0.03939 ( 1)  0.039
 239 L   0.96020 0.03980 ( 1)  0.040
 240 D   0.96321 0.03679 ( 1)  0.037
 241 S   0.96087 0.03913 ( 1)  0.039
 242 F   0.96204 0.03796 ( 1)  0.038
 243 L   0.96197 0.03803 ( 1)  0.038
 244 L   0.96020 0.03980 ( 1)  0.040
 245 L   0.96020 0.03980 ( 1)  0.040
 246 P   0.96079 0.03921 ( 1)  0.039
 247 M   0.96296 0.03704 ( 1)  0.037
 248 Q   0.96331 0.03669 ( 1)  0.037
 249 R   0.95981 0.04019 ( 1)  0.040
 250 L   0.96165 0.03835 ( 1)  0.038
 251 L   0.96053 0.03947 ( 1)  0.039
 252 R   0.96087 0.03913 ( 1)  0.039
 253 I   0.96210 0.03790 ( 1)  0.038
 254 L   0.96165 0.03835 ( 1)  0.038
 255 L   0.96053 0.03947 ( 1)  0.039
 256 L   0.96197 0.03803 ( 1)  0.038
 257 L   0.96080 0.03920 ( 1)  0.039
 258 K   0.96222 0.03778 ( 1)  0.038
 259 A   0.96105 0.03895 ( 1)  0.039
 260 V   0.96057 0.03943 ( 1)  0.039
 261 R   0.96276 0.03724 ( 1)  0.037
 262 T   0.96288 0.03712 ( 1)  0.037
 263 N   0.96386 0.03614 ( 1)  0.036
 264 A   0.96063 0.03937 ( 1)  0.039
 265 Q   0.96331 0.03669 ( 1)  0.037
 266 P   0.96079 0.03921 ( 1)  0.039
 267 Q   0.96331 0.03669 ( 1)  0.037
 268 Q   0.96331 0.03669 ( 1)  0.037
 269 K   0.96428 0.03572 ( 1)  0.036
 270 H   0.96280 0.03720 ( 1)  0.037
 271 V   0.96094 0.03906 ( 1)  0.039
 272 I   0.96210 0.03790 ( 1)  0.038
 273 E   0.96372 0.03628 ( 1)  0.036
 274 L   0.96125 0.03875 ( 1)  0.039
 275 V   0.96057 0.03943 ( 1)  0.039
 276 D   0.96321 0.03679 ( 1)  0.037
 277 K   0.96428 0.03572 ( 1)  0.036
 278 A   0.96063 0.03937 ( 1)  0.039
 279 I   0.96210 0.03790 ( 1)  0.038
 280 Q   0.96331 0.03669 ( 1)  0.037
 281 Y   0.96173 0.03827 ( 1)  0.038
 282 I   0.96210 0.03790 ( 1)  0.038
 283 E   0.96168 0.03832 ( 1)  0.038
 284 K   0.96428 0.03572 ( 1)  0.036
 285 V   0.96279 0.03721 ( 1)  0.037
 286 K   0.96428 0.03572 ( 1)  0.036
 287 N   0.96386 0.03614 ( 1)  0.036
 288 G   0.96173 0.03827 ( 1)  0.038


lnL = -1163.270520

