Supplemental results for CODEML (seqf: algn  treef: tree)


dN/dS (w) for site classes (K=3)

p:   0.00000  0.99999  0.00001
w:   0.00000  1.00000  1.00000

Naive Empirical Bayes (NEB) probabilities for 3 classes & postmean_w
(amino acids refer to 1st sequence: Mlig.11144)

   1 A   0.00000 0.99999 0.00001 ( 2)  1.000
   2 D   0.00000 0.99999 0.00001 ( 2)  1.000
   3 D   0.00000 0.99999 0.00001 ( 2)  1.000
   4 A   0.00000 0.99999 0.00001 ( 2)  1.000
   5 A   0.00000 0.99999 0.00001 ( 2)  1.000
   6 V   0.00000 0.99999 0.00001 ( 2)  1.000
   7 M   0.00000 0.99999 0.00001 ( 2)  1.000
   8 V   0.00000 0.99999 0.00001 ( 2)  1.000
   9 N   0.00000 0.99999 0.00001 ( 2)  1.000
  10 G   0.00000 0.99999 0.00001 ( 2)  1.000
  11 D   0.00000 0.99999 0.00001 ( 2)  1.000
  12 W   0.00000 0.99999 0.00001 ( 2)  1.000
  13 R   0.00000 0.99999 0.00001 ( 2)  1.000
  14 M   0.00000 0.99999 0.00001 ( 2)  1.000
  15 K   0.00000 0.99999 0.00001 ( 2)  1.000
  16 L   0.00000 0.99999 0.00001 ( 2)  1.000
  17 V   0.00000 0.99999 0.00001 ( 2)  1.000
  18 A   0.00000 0.99999 0.00001 ( 2)  1.000
  19 E   0.00000 0.99999 0.00001 ( 2)  1.000
  20 L   0.00000 0.99999 0.00001 ( 2)  1.000
  21 P   0.00000 0.99999 0.00001 ( 2)  1.000
  22 P   0.00000 0.99999 0.00001 ( 2)  1.000
  23 M   0.00000 0.99999 0.00001 ( 2)  1.000
  24 E   0.00000 0.99999 0.00001 ( 2)  1.000
  25 F   0.00000 0.99999 0.00001 ( 2)  1.000
  26 A   0.00000 0.99999 0.00001 ( 2)  1.000
  27 G   0.00000 0.99999 0.00001 ( 2)  1.000
  28 L   0.00000 0.99999 0.00001 ( 2)  1.000
  29 N   0.00000 0.99999 0.00001 ( 2)  1.000
  30 E   0.00000 0.99999 0.00001 ( 2)  1.000
  31 A   0.00000 0.99999 0.00001 ( 2)  1.000
  32 L   0.00000 0.99999 0.00001 ( 2)  1.000
  33 A   0.00000 0.99999 0.00001 ( 2)  1.000
  34 T   0.00000 0.99999 0.00001 ( 2)  1.000
  35 G   0.00000 0.99999 0.00001 ( 2)  1.000
  36 P   0.00000 0.99999 0.00001 ( 2)  1.000
  37 N   0.00000 0.99999 0.00001 ( 2)  1.000
  38 A   0.00000 0.99999 0.00001 ( 2)  1.000
  39 R   0.00000 0.99999 0.00001 ( 2)  1.000
  40 R   0.00000 0.99999 0.00001 ( 2)  1.000
  41 V   0.00000 0.99999 0.00001 ( 2)  1.000
  42 V   0.00000 0.99999 0.00001 ( 2)  1.000
  43 D   0.00000 0.99999 0.00001 ( 2)  1.000
  44 E   0.00000 0.99999 0.00001 ( 2)  1.000
  45 V   0.00000 0.99999 0.00001 ( 2)  1.000
  46 V   0.00000 0.99999 0.00001 ( 2)  1.000
  47 D   0.00000 0.99999 0.00001 ( 2)  1.000
  48 M   0.00000 0.99999 0.00001 ( 2)  1.000
  49 M   0.00000 0.99999 0.00001 ( 2)  1.000
  50 K   0.00000 0.99999 0.00001 ( 2)  1.000
  51 R   0.00000 0.99999 0.00001 ( 2)  1.000
  52 P   0.00000 0.99999 0.00001 ( 2)  1.000
  53 Q   0.00000 0.99999 0.00001 ( 2)  1.000
  54 L   0.00000 0.99999 0.00001 ( 2)  1.000
  55 P   0.00000 0.99999 0.00001 ( 2)  1.000
  56 V   0.00000 0.99999 0.00001 ( 2)  1.000
  57 S   0.00000 0.99999 0.00001 ( 2)  1.000
  58 S   0.00000 0.99999 0.00001 ( 2)  1.000
  59 E   0.00000 0.99999 0.00001 ( 2)  1.000
  60 V   0.00000 0.99999 0.00001 ( 2)  1.000
  61 A   0.00000 0.99999 0.00001 ( 2)  1.000
  62 R   0.00000 0.99999 0.00001 ( 2)  1.000
  63 S   0.00000 0.99999 0.00001 ( 2)  1.000
  64 A   0.00000 0.99999 0.00001 ( 2)  1.000
  65 C   0.00000 0.99999 0.00001 ( 2)  1.000
  66 S   0.00000 0.99999 0.00001 ( 2)  1.000
  67 E   0.00000 0.99999 0.00001 ( 2)  1.000
  68 R   0.00000 0.99999 0.00001 ( 2)  1.000
  69 A   0.00000 0.99999 0.00001 ( 2)  1.000
  70 L   0.00000 0.99999 0.00001 ( 2)  1.000
  71 T   0.00000 0.99999 0.00001 ( 2)  1.000
  72 N   0.00000 0.99999 0.00001 ( 2)  1.000
  73 L   0.00000 0.99999 0.00001 ( 2)  1.000
  74 S   0.00000 0.99999 0.00001 ( 2)  1.000
  75 A   0.00000 0.99999 0.00001 ( 2)  1.000
  76 L   0.00000 0.99999 0.00001 ( 2)  1.000
  77 Q   0.00000 0.99999 0.00001 ( 2)  1.000
  78 H   0.00000 0.99999 0.00001 ( 2)  1.000
  79 S   0.00000 0.99999 0.00001 ( 2)  1.000
  80 L   0.00000 0.99999 0.00001 ( 2)  1.000
  81 E   0.00000 0.99999 0.00001 ( 2)  1.000
  82 S   0.00000 0.99999 0.00001 ( 2)  1.000
  83 D   0.00000 0.99999 0.00001 ( 2)  1.000
  84 P   0.00000 0.99999 0.00001 ( 2)  1.000
  85 S   0.00000 0.99999 0.00001 ( 2)  1.000
  86 S   0.00000 0.99999 0.00001 ( 2)  1.000
  87 V   0.00000 0.99999 0.00001 ( 2)  1.000
  88 T   0.00000 0.99999 0.00001 ( 2)  1.000
  89 A   0.00000 0.99999 0.00001 ( 2)  1.000
  90 K   0.00000 0.99999 0.00001 ( 2)  1.000
  91 H   0.00000 0.99999 0.00001 ( 2)  1.000
  92 A   0.00000 0.99999 0.00001 ( 2)  1.000
  93 Q   0.00000 0.99999 0.00001 ( 2)  1.000
  94 F   0.00000 0.99999 0.00001 ( 2)  1.000
  95 E   0.00000 0.99999 0.00001 ( 2)  1.000
  96 T   0.00000 0.99999 0.00001 ( 2)  1.000
  97 Y   0.00000 0.99999 0.00001 ( 2)  1.000
  98 Q   0.00000 0.99999 0.00001 ( 2)  1.000
  99 A   0.00000 0.99999 0.00001 ( 2)  1.000
 100 R   0.00000 0.99999 0.00001 ( 2)  1.000
 101 S   0.00000 0.99999 0.00001 ( 2)  1.000
 102 Q   0.00000 0.99999 0.00001 ( 2)  1.000
 103 S   0.00000 0.99999 0.00001 ( 2)  1.000
 104 L   0.00000 0.99999 0.00001 ( 2)  1.000

Positively selected sites

	Prob(w>1)  mean w



lnL = -2562.018163

Bayes Empirical Bayes (BEB) probabilities for 3 classes (class) & postmean_w
(amino acids refer to 1st sequence: Mlig.11144)

   1 A   0.47858 0.41168 0.10974 ( 1)  0.998 +-  0.810
   2 D   0.36828 0.47886 0.15286 ( 2)  1.137 +-  0.937
   3 D   0.29093 0.51986 0.18920 ( 2)  1.226 +-  0.993
   4 A   0.24829 0.51482 0.23689 ( 2)  1.358 +-  1.194
   5 A   0.25334 0.52629 0.22037 ( 2)  1.307 +-  1.103
   6 V   0.19287 0.43113 0.37599 ( 2)  1.952 +-  2.021
   7 M   0.32162 0.49756 0.18083 ( 2)  1.204 +-  1.003
   8 V   0.25059 0.51687 0.23254 ( 2)  1.342 +-  1.165
   9 N   0.25776 0.52104 0.22120 ( 2)  1.313 +-  1.126
  10 G   0.26650 0.52338 0.21012 ( 2)  1.280 +-  1.067
  11 D   0.30897 0.51654 0.17448 ( 2)  1.197 +-  0.965
  12 W   0.47948 0.46507 0.05545 ( 1)  0.913 +-  0.450
  13 R   0.33596 0.52121 0.14284 ( 2)  1.113 +-  0.805
  14 M   0.40492 0.46385 0.13123 ( 2)  1.070 +-  0.832
  15 K   0.31200 0.50730 0.18070 ( 2)  1.212 +-  1.002
  16 L   0.25746 0.52472 0.21783 ( 2)  1.299 +-  1.090
  17 V   0.30621 0.51152 0.18227 ( 2)  1.211 +-  0.987
  18 A   0.33221 0.49854 0.16925 ( 2)  1.174 +-  0.955
  19 E   0.22214 0.52003 0.25783 ( 2)  1.403 +-  1.233
  20 L   0.35926 0.48511 0.15564 ( 2)  1.138 +-  0.918
  21 P   0.32283 0.50206 0.17511 ( 2)  1.194 +-  0.981
  22 P   0.32378 0.49948 0.17674 ( 2)  1.200 +-  0.999
  23 M   0.30712 0.50648 0.18640 ( 2)  1.227 +-  1.030
  24 E   0.19898 0.44827 0.35275 ( 2)  1.859 +-  1.934
  25 F   0.27827 0.51882 0.20291 ( 2)  1.265 +-  1.057
  26 A   0.27869 0.51922 0.20209 ( 2)  1.259 +-  1.043
  27 G   0.30131 0.51490 0.18380 ( 2)  1.219 +-  0.999
  28 L   0.31862 0.50545 0.17593 ( 2)  1.190 +-  0.954
  29 N   0.35089 0.52798 0.12114 ( 2)  1.072 +-  0.725
  30 E   0.32755 0.51082 0.16163 ( 2)  1.158 +-  0.901
  31 A   0.27210 0.52193 0.20598 ( 2)  1.271 +-  1.062
  32 L   0.28125 0.52555 0.19320 ( 2)  1.242 +-  1.018
  33 A   0.30111 0.51132 0.18757 ( 2)  1.223 +-  1.005
  34 T   0.24035 0.52175 0.23790 ( 2)  1.356 +-  1.177
  35 G   0.32926 0.51007 0.16067 ( 2)  1.160 +-  0.912
  36 P   0.40433 0.46541 0.13026 ( 2)  1.078 +-  0.855
  37 N   0.31975 0.50275 0.17751 ( 2)  1.198 +-  0.983
  38 A   0.25125 0.51755 0.23120 ( 2)  1.340 +-  1.165
  39 R   0.28614 0.51997 0.19389 ( 2)  1.236 +-  1.005
  40 R   0.20644 0.50653 0.28703 ( 2)  1.490 +-  1.354
  41 V   0.37195 0.48199 0.14606 ( 2)  1.114 +-  0.878
  42 V   0.30386 0.51049 0.18565 ( 2)  1.221 +-  1.008
  43 D   0.25351 0.51390 0.23259 ( 2)  1.343 +-  1.173
  44 E   0.30223 0.51300 0.18477 ( 2)  1.222 +-  1.011
  45 V   0.44501 0.43737 0.11762 ( 1)  1.026 +-  0.801
  46 V   0.31639 0.52146 0.16214 ( 2)  1.162 +-  0.895
  47 D   0.33936 0.49595 0.16468 ( 2)  1.167 +-  0.947
  48 M   0.26903 0.51532 0.21565 ( 2)  1.302 +-  1.119
  49 M   0.25277 0.52491 0.22232 ( 2)  1.313 +-  1.116
  50 K   0.33706 0.49406 0.16888 ( 2)  1.172 +-  0.952
  51 R   0.26596 0.51691 0.21712 ( 2)  1.307 +-  1.129
  52 P   0.30306 0.51539 0.18155 ( 2)  1.204 +-  0.964
  53 Q   0.30612 0.50619 0.18769 ( 2)  1.221 +-  1.004
  54 L   0.30787 0.51319 0.17894 ( 2)  1.198 +-  0.960
  55 P   0.29992 0.52072 0.17936 ( 2)  1.204 +-  0.964
  56 V   0.25973 0.52125 0.21902 ( 2)  1.303 +-  1.105
  57 S   0.31262 0.51090 0.17648 ( 2)  1.195 +-  0.961
  58 S   0.44435 0.44071 0.11494 ( 1)  1.028 +-  0.796
  59 E   0.36290 0.48125 0.15585 ( 2)  1.138 +-  0.925
  60 V   0.38067 0.48316 0.13617 ( 2)  1.090 +-  0.826
  61 A   0.20422 0.44737 0.34841 ( 2)  1.861 +-  1.948
  62 R   0.28071 0.52149 0.19780 ( 2)  1.246 +-  1.019
  63 S   0.32599 0.50273 0.17128 ( 2)  1.192 +-  0.992
  64 A   0.42492 0.44451 0.13057 ( 2)  1.072 +-  0.885
  65 C   0.25447 0.51906 0.22647 ( 2)  1.325 +-  1.139
  66 S   0.39644 0.46020 0.14336 ( 2)  1.107 +-  0.915
  67 E   0.30872 0.50466 0.18662 ( 2)  1.224 +-  1.023
  68 R   0.33750 0.49753 0.16497 ( 2)  1.164 +-  0.937
  69 A   0.33309 0.49649 0.17042 ( 2)  1.175 +-  0.954
  70 L   0.35968 0.50143 0.13889 ( 2)  1.105 +-  0.837
  71 T   0.34659 0.48876 0.16464 ( 2)  1.167 +-  0.963
  72 N   0.51432 0.40243 0.08325 ( 1)  0.939 +-  0.680
  73 L   0.24991 0.52064 0.22945 ( 2)  1.330 +-  1.139
  74 S   0.26894 0.50728 0.22378 ( 2)  1.325 +-  1.165
  75 A   0.29966 0.51286 0.18748 ( 2)  1.226 +-  1.010
  76 L   0.25662 0.51573 0.22765 ( 2)  1.329 +-  1.150
  77 Q   0.32537 0.49772 0.17692 ( 2)  1.198 +-  0.997
  78 H   0.31371 0.50839 0.17790 ( 2)  1.205 +-  0.993
  79 S   0.30750 0.49941 0.19309 ( 2)  1.243 +-  1.066
  80 L   0.27908 0.50411 0.21682 ( 2)  1.302 +-  1.130
  81 E   0.26481 0.52053 0.21465 ( 2)  1.290 +-  1.085
  82 S   0.26849 0.51269 0.21882 ( 2)  1.302 +-  1.111
  83 D   0.29255 0.50993 0.19751 ( 2)  1.254 +-  1.062
  84 P   0.32253 0.51051 0.16695 ( 2)  1.176 +-  0.939
  85 S   0.23128 0.52604 0.24268 ( 2)  1.360 +-  1.165
  86 S   0.33191 0.50921 0.15889 ( 2)  1.150 +-  0.890
  87 V   0.29061 0.52092 0.18847 ( 2)  1.222 +-  0.982
  88 T   0.32820 0.50521 0.16659 ( 2)  1.171 +-  0.941
  89 A   0.27298 0.51317 0.21384 ( 2)  1.300 +-  1.125
  90 K   0.34767 0.49251 0.15982 ( 2)  1.151 +-  0.923
  91 H   0.48708 0.42201 0.09091 ( 1)  0.963 +-  0.689
  92 A   0.34131 0.49364 0.16505 ( 2)  1.162 +-  0.938
  93 Q   0.26493 0.52964 0.20543 ( 2)  1.272 +-  1.055
  94 F   0.30970 0.50124 0.18906 ( 2)  1.242 +-  1.083
  95 E   0.23667 0.52215 0.24117 ( 2)  1.358 +-  1.172
  96 T   0.28052 0.52135 0.19813 ( 2)  1.252 +-  1.034
  97 Y   0.29921 0.52158 0.17920 ( 2)  1.204 +-  0.961
  98 Q   0.47146 0.42838 0.10016 ( 1)  0.993 +-  0.754
  99 A   0.23272 0.52436 0.24292 ( 2)  1.359 +-  1.163
 100 R   0.25657 0.51823 0.22521 ( 2)  1.317 +-  1.123
 101 S   0.26964 0.51620 0.21416 ( 2)  1.294 +-  1.107
 102 Q   0.38789 0.47294 0.13917 ( 2)  1.100 +-  0.883
 103 S   0.37115 0.47911 0.14974 ( 2)  1.124 +-  0.904
 104 L   0.22376 0.50933 0.26691 ( 2)  1.431 +-  1.278

Positively selected sites

	Prob(w>1)  mean w


