Supplemental results for CODEML (seqf: algn  treef: tree)


dN/dS (w) for site classes (K=2)

p:   0.75793  0.24207
w:   0.00000  1.00000

Naive Empirical Bayes (NEB) probabilities for 2 classes & postmean_w
(amino acids refer to 1st sequence: Mlig.29415)

   1 M   0.79149 0.20851 ( 1)  0.209
   2 E   0.78933 0.21067 ( 1)  0.211
   3 I   0.78149 0.21851 ( 1)  0.219
   4 S   0.77920 0.22080 ( 1)  0.221
   5 N   0.79753 0.20247 ( 1)  0.202
   6 I   0.78860 0.21140 ( 1)  0.211
   7 I   0.78860 0.21140 ( 1)  0.211
   8 D   0.80245 0.19755 ( 1)  0.198
   9 E   0.78933 0.21067 ( 1)  0.211
  10 D   0.80245 0.19755 ( 1)  0.198
  11 A   0.78387 0.21613 ( 1)  0.216
  12 L   0.78336 0.21664 ( 1)  0.217
  13 N   0.79753 0.20247 ( 1)  0.202
  14 E   0.78933 0.21067 ( 1)  0.211
  15 A   0.78387 0.21613 ( 1)  0.216
  16 L   0.77411 0.22589 ( 1)  0.226
  17 Y   0.79091 0.20909 ( 1)  0.209
  18 L   0.77491 0.22509 ( 1)  0.225
  19 I   0.78149 0.21851 ( 1)  0.219
  20 Y   0.78210 0.21790 ( 1)  0.218
  21 K   0.78490 0.21510 ( 1)  0.215
  22 E   0.79516 0.20484 ( 1)  0.205
  23 K   0.79018 0.20982 ( 1)  0.210
  24 G   0.77932 0.22068 ( 1)  0.221
  25 E   0.78933 0.21067 ( 1)  0.211
  26 A   0.79565 0.20435 ( 1)  0.204
  27 V   0.78446 0.21554 ( 1)  0.216
  28 L   0.78016 0.21984 ( 1)  0.220
  29 E   0.78933 0.21067 ( 1)  0.211
  30 L   0.78016 0.21984 ( 1)  0.220
  31 L   0.77076 0.22924 ( 1)  0.229
  32 K   0.78490 0.21510 ( 1)  0.215
  33 K   0.79018 0.20982 ( 1)  0.210
  34 E   0.78933 0.21067 ( 1)  0.211
  35 G   0.77932 0.22068 ( 1)  0.221
  36 R   0.76698 0.23302 ( 1)  0.233
  37 F   0.79344 0.20656 ( 1)  0.207
  38 A   0.79565 0.20435 ( 1)  0.204
  39 P   0.78408 0.21592 ( 1)  0.216
  40 E   0.79516 0.20484 ( 1)  0.205
  41 L   0.77491 0.22509 ( 1)  0.225
  42 Y   0.79091 0.20909 ( 1)  0.209
  43 N   0.79753 0.20247 ( 1)  0.202
  44 S   0.78588 0.21412 ( 1)  0.214
  45 E   0.79516 0.20484 ( 1)  0.205
  46 Y   0.78210 0.21790 ( 1)  0.218
  47 K   0.78911 0.21089 ( 1)  0.211
  48 Y   0.79091 0.20909 ( 1)  0.209
  49 V   0.77957 0.22043 ( 1)  0.220
  50 T   0.78341 0.21659 ( 1)  0.217
  51 D   0.79374 0.20626 ( 1)  0.206
  52 K   0.79018 0.20982 ( 1)  0.210
  53 I   0.77883 0.22117 ( 1)  0.221
  54 H   0.78208 0.21792 ( 1)  0.218
  55 E   0.78933 0.21067 ( 1)  0.211
  56 F   0.79344 0.20656 ( 1)  0.207
  57 Q   0.77852 0.22148 ( 1)  0.221
  58 T   0.79507 0.20493 ( 1)  0.205
  59 R   0.76698 0.23302 ( 1)  0.233
  60 M   0.79149 0.20851 ( 1)  0.209
  61 E   0.78933 0.21067 ( 1)  0.211
  62 R   0.77021 0.22979 ( 1)  0.230
  63 K   0.78490 0.21510 ( 1)  0.215
  64 R   0.77021 0.22979 ( 1)  0.230
  65 S   0.77920 0.22080 ( 1)  0.221
  66 Q   0.77852 0.22148 ( 1)  0.221
  67 E   0.79516 0.20484 ( 1)  0.205
  68 E   0.79516 0.20484 ( 1)  0.205
  69 S   0.77920 0.22080 ( 1)  0.221
  70 M   0.79149 0.20851 ( 1)  0.209
  71 Q   0.78334 0.21666 ( 1)  0.217
  72 F   0.79344 0.20656 ( 1)  0.207
  73 N   0.78946 0.21054 ( 1)  0.211
  74 Q   0.78334 0.21666 ( 1)  0.217
  75 A   0.79565 0.20435 ( 1)  0.204
  76 S   0.77973 0.22027 ( 1)  0.220
  77 D   0.79374 0.20626 ( 1)  0.206
  78 Y   0.79091 0.20909 ( 1)  0.209
  79 R   0.76718 0.23282 ( 1)  0.233
  80 P   0.78408 0.21592 ( 1)  0.216
  81 V   0.78752 0.21248 ( 1)  0.212
  82 R   0.77614 0.22386 ( 1)  0.224
  83 D   0.80245 0.19755 ( 1)  0.198
  84 S   0.78831 0.21169 ( 1)  0.212
  85 S   0.79736 0.20264 ( 1)  0.203
  86 K   0.79018 0.20982 ( 1)  0.210
  87 E   0.79516 0.20484 ( 1)  0.205
  88 P   0.78601 0.21399 ( 1)  0.214
  89 T   0.78528 0.21472 ( 1)  0.215
  90 L   0.77491 0.22509 ( 1)  0.225
  91 T   0.79131 0.20869 ( 1)  0.209
  92 Q   0.78334 0.21666 ( 1)  0.217
  93 N   0.79753 0.20247 ( 1)  0.202
  94 S   0.78701 0.21299 ( 1)  0.213
  95 M   0.79149 0.20851 ( 1)  0.209
  96 S   0.78831 0.21169 ( 1)  0.212
  97 S   0.77973 0.22027 ( 1)  0.220
  98 T   0.79507 0.20493 ( 1)  0.205
  99 S   0.78701 0.21299 ( 1)  0.213
 100 T   0.79507 0.20493 ( 1)  0.205
 101 L   0.78470 0.21530 ( 1)  0.215
 102 T   0.79131 0.20869 ( 1)  0.209
 103 P   0.78408 0.21592 ( 1)  0.216
 104 M   0.79149 0.20851 ( 1)  0.209
 105 S   0.78831 0.21169 ( 1)  0.212
 106 A   0.79565 0.20435 ( 1)  0.204
 107 V   0.78446 0.21554 ( 1)  0.216
 108 G   0.77932 0.22068 ( 1)  0.221
 109 S   0.78701 0.21299 ( 1)  0.213
 110 L   0.77892 0.22108 ( 1)  0.221
 111 A   0.78576 0.21424 ( 1)  0.214
 112 A   0.79565 0.20435 ( 1)  0.204
 113 S   0.77973 0.22027 ( 1)  0.220
 114 T   0.78592 0.21408 ( 1)  0.214
 115 A   0.79565 0.20435 ( 1)  0.204
 116 T   0.78528 0.21472 ( 1)  0.215
 117 S   0.79736 0.20264 ( 1)  0.203
 118 V   0.78446 0.21554 ( 1)  0.216
 119 S   0.78831 0.21169 ( 1)  0.212
 120 I   0.78860 0.21140 ( 1)  0.211
 121 A   0.79186 0.20814 ( 1)  0.208
 122 N   0.78946 0.21054 ( 1)  0.211
 123 G   0.77932 0.22068 ( 1)  0.221
 124 A   0.78576 0.21424 ( 1)  0.214
 125 N   0.79753 0.20247 ( 1)  0.202
 126 H   0.78915 0.21085 ( 1)  0.211
 127 H   0.78915 0.21085 ( 1)  0.211
 128 V   0.78752 0.21248 ( 1)  0.212
 129 D   0.80245 0.19755 ( 1)  0.198
 130 S   0.78831 0.21169 ( 1)  0.212
 131 T   0.79507 0.20493 ( 1)  0.205
 132 A   0.79186 0.20814 ( 1)  0.208
 133 P   0.78408 0.21592 ( 1)  0.216
 134 C   0.77898 0.22102 ( 1)  0.221
 135 C   0.77898 0.22102 ( 1)  0.221
 136 T   0.79507 0.20493 ( 1)  0.205
 137 S   0.79736 0.20264 ( 1)  0.203
 138 M   0.79149 0.20851 ( 1)  0.209
 139 S   0.79736 0.20264 ( 1)  0.203
 140 G   0.77932 0.22068 ( 1)  0.221
 141 P   0.78408 0.21592 ( 1)  0.216
 142 A   0.79565 0.20435 ( 1)  0.204
 143 A   0.79186 0.20814 ( 1)  0.208
 144 M   0.79149 0.20851 ( 1)  0.209
 145 S   0.79736 0.20264 ( 1)  0.203
 146 T   0.79507 0.20493 ( 1)  0.205
 147 A   0.78387 0.21613 ( 1)  0.216
 148 S   0.77973 0.22027 ( 1)  0.220
 149 A   0.79565 0.20435 ( 1)  0.204
 150 M   0.79149 0.20851 ( 1)  0.209
 151 M   0.79149 0.20851 ( 1)  0.209
 152 S   0.79736 0.20264 ( 1)  0.203
 153 S   0.78831 0.21169 ( 1)  0.212
 154 A   0.79565 0.20435 ( 1)  0.204
 155 P   0.79614 0.20386 ( 1)  0.204
 156 S   0.78701 0.21299 ( 1)  0.213
 157 T   0.79507 0.20493 ( 1)  0.205
 158 A   0.78576 0.21424 ( 1)  0.214
 159 T   0.79131 0.20869 ( 1)  0.209
 160 L   0.77491 0.22509 ( 1)  0.225
 161 A   0.79565 0.20435 ( 1)  0.204
 162 S   0.78701 0.21299 ( 1)  0.213
 163 T   0.79131 0.20869 ( 1)  0.209
 164 V   0.77957 0.22043 ( 1)  0.220
 165 S   0.77973 0.22027 ( 1)  0.220
 166 S   0.78831 0.21169 ( 1)  0.212
 167 A   0.78387 0.21613 ( 1)  0.216
 168 A   0.78576 0.21424 ( 1)  0.214
 169 S   0.79736 0.20264 ( 1)  0.203
 170 Y   0.79091 0.20909 ( 1)  0.209
 171 S   0.78831 0.21169 ( 1)  0.212
 172 S   0.79736 0.20264 ( 1)  0.203
 173 L   0.78470 0.21530 ( 1)  0.215
 174 S   0.78831 0.21169 ( 1)  0.212
 175 Q   0.77852 0.22148 ( 1)  0.221
 176 S   0.79736 0.20264 ( 1)  0.203
 177 S   0.79736 0.20264 ( 1)  0.203
 178 L   0.78470 0.21530 ( 1)  0.215
 179 S   0.78701 0.21299 ( 1)  0.213
 180 S   0.79374 0.20626 ( 1)  0.206
 181 S   0.78831 0.21169 ( 1)  0.212
 182 A   0.79565 0.20435 ( 1)  0.204
 183 T   0.79507 0.20493 ( 1)  0.205
 184 L   0.77892 0.22108 ( 1)  0.221
 185 T   0.79507 0.20493 ( 1)  0.205
 186 S   0.78831 0.21169 ( 1)  0.212
 187 S   0.78831 0.21169 ( 1)  0.212
 188 L   0.77892 0.22108 ( 1)  0.221
 189 A   0.79186 0.20814 ( 1)  0.208
 190 S   0.78701 0.21299 ( 1)  0.213
 191 T   0.79507 0.20493 ( 1)  0.205
 192 A   0.78387 0.21613 ( 1)  0.216
 193 A   0.79186 0.20814 ( 1)  0.208
 194 S   0.78701 0.21299 ( 1)  0.213
 195 I   0.77883 0.22117 ( 1)  0.221
 196 A   0.79565 0.20435 ( 1)  0.204
 197 A   0.78576 0.21424 ( 1)  0.214
 198 A   0.78576 0.21424 ( 1)  0.214
 199 A   0.78576 0.21424 ( 1)  0.214
 200 A   0.78576 0.21424 ( 1)  0.214
 201 A   0.78576 0.21424 ( 1)  0.214
 202 A   0.78832 0.21168 ( 1)  0.212
 203 V   0.00000 1.00000 ( 2)  1.000
 204 G   0.00000 1.00000 ( 2)  1.000
 205 S   0.00000 1.00000 ( 2)  1.000
 206 A   0.78479 0.21521 ( 1)  0.215
 207 A   0.00000 1.00000 ( 2)  1.000
 208 S   0.00000 1.00000 ( 2)  1.000
 209 A   0.00000 1.00000 ( 2)  1.000
 210 S   0.00000 1.00000 ( 2)  1.000
 211 N   0.00000 1.00000 ( 2)  1.000


lnL =  -959.740466

