Supplemental results for CODEML (seqf: algn  treef: tree)


dN/dS (w) for site classes (K=9)

p:   0.11250  0.11250  0.11250  0.11250  0.11250  0.11250  0.11250  0.11250  0.09998
w:   0.04775  0.15091  0.25944  0.37277  0.49134  0.61635  0.75043  0.90135  1.69998

Naive Empirical Bayes (NEB) probabilities for 9 classes & postmean_w & P(w>1)
(amino acids refer to 1st sequence: Tsag.12718)

   1 M   0.11250 0.11250 0.11250 0.11250 0.11250 0.11250 0.11250 0.11250 0.09998 ( 1)  0.574  0.100
   2 S   0.11250 0.11250 0.11250 0.11250 0.11250 0.11250 0.11250 0.11250 0.09998 ( 1)  0.574  0.100
   3 A   0.11250 0.11250 0.11250 0.11250 0.11250 0.11250 0.11250 0.11250 0.09998 ( 1)  0.574  0.100
   4 K   0.11250 0.11250 0.11250 0.11250 0.11250 0.11250 0.11250 0.11250 0.09998 ( 1)  0.574  0.100
   5 V   0.11250 0.11250 0.11250 0.11250 0.11250 0.11250 0.11250 0.11250 0.09998 ( 1)  0.574  0.100
   6 I   0.11250 0.11250 0.11250 0.11250 0.11250 0.11250 0.11250 0.11250 0.09998 ( 1)  0.574  0.100
   7 T   0.11250 0.11250 0.11250 0.11250 0.11250 0.11250 0.11250 0.11250 0.09998 ( 1)  0.574  0.100
   8 S   0.11250 0.11250 0.11250 0.11250 0.11250 0.11250 0.11250 0.11250 0.09998 ( 1)  0.574  0.100
   9 S   0.11250 0.11250 0.11250 0.11250 0.11250 0.11250 0.11250 0.11250 0.09998 ( 1)  0.574  0.100
  10 S   0.11250 0.11250 0.11250 0.11250 0.11250 0.11250 0.11250 0.11250 0.09998 ( 1)  0.574  0.100
  11 R   0.11250 0.11250 0.11250 0.11250 0.11250 0.11250 0.11250 0.11250 0.09998 ( 1)  0.574  0.100
  12 T   0.11250 0.11250 0.11250 0.11250 0.11250 0.11250 0.11250 0.11250 0.09998 ( 1)  0.574  0.100
  13 Y   0.11250 0.11250 0.11250 0.11250 0.11250 0.11250 0.11250 0.11250 0.09998 ( 1)  0.574  0.100
  14 G   0.11250 0.11250 0.11250 0.11250 0.11250 0.11250 0.11250 0.11250 0.09998 ( 1)  0.574  0.100
  15 L   0.11250 0.11250 0.11250 0.11250 0.11250 0.11250 0.11250 0.11250 0.09998 ( 1)  0.574  0.100
  16 V   0.11250 0.11250 0.11250 0.11250 0.11250 0.11250 0.11250 0.11250 0.09998 ( 1)  0.574  0.100
  17 C   0.11250 0.11250 0.11250 0.11250 0.11250 0.11250 0.11250 0.11250 0.09998 ( 1)  0.574  0.100
  18 K   0.11250 0.11250 0.11250 0.11250 0.11250 0.11250 0.11250 0.11250 0.09998 ( 1)  0.574  0.100
  19 C   0.11250 0.11250 0.11250 0.11250 0.11250 0.11250 0.11250 0.11250 0.09998 ( 1)  0.574  0.100
  20 L   0.11250 0.11250 0.11250 0.11250 0.11250 0.11250 0.11250 0.11250 0.09998 ( 1)  0.574  0.100
  21 D   0.11250 0.11250 0.11250 0.11250 0.11250 0.11250 0.11250 0.11250 0.09998 ( 1)  0.574  0.100
  22 R   0.11250 0.11250 0.11250 0.11250 0.11250 0.11250 0.11250 0.11250 0.09998 ( 1)  0.574  0.100
  23 K   0.11250 0.11250 0.11250 0.11250 0.11250 0.11250 0.11250 0.11250 0.09998 ( 1)  0.574  0.100
  24 S   0.11250 0.11250 0.11250 0.11250 0.11250 0.11250 0.11250 0.11250 0.09998 ( 1)  0.574  0.100
  25 G   0.11250 0.11250 0.11250 0.11250 0.11250 0.11250 0.11250 0.11250 0.09998 ( 1)  0.574  0.100
  26 L   0.11250 0.11250 0.11250 0.11250 0.11250 0.11250 0.11250 0.11250 0.09998 ( 1)  0.574  0.100
  27 L   0.11250 0.11250 0.11250 0.11250 0.11250 0.11250 0.11250 0.11250 0.09998 ( 1)  0.574  0.100
  28 K   0.11250 0.11250 0.11250 0.11250 0.11250 0.11250 0.11250 0.11250 0.09998 ( 1)  0.574  0.100
  29 A   0.11250 0.11250 0.11250 0.11250 0.11250 0.11250 0.11250 0.11250 0.09998 ( 1)  0.574  0.100
  30 L   0.11250 0.11250 0.11250 0.11250 0.11250 0.11250 0.11250 0.11250 0.09998 ( 1)  0.574  0.100
  31 K   0.11250 0.11250 0.11250 0.11250 0.11250 0.11250 0.11250 0.11250 0.09998 ( 1)  0.574  0.100
  32 Q   0.11250 0.11250 0.11250 0.11250 0.11250 0.11250 0.11250 0.11250 0.09998 ( 1)  0.574  0.100
  33 V   0.11250 0.11250 0.11250 0.11250 0.11250 0.11250 0.11250 0.11250 0.09998 ( 1)  0.574  0.100
  34 K   0.11250 0.11250 0.11250 0.11250 0.11250 0.11250 0.11250 0.11250 0.09998 ( 1)  0.574  0.100
  35 L   0.11250 0.11250 0.11250 0.11250 0.11250 0.11250 0.11250 0.11250 0.09998 ( 1)  0.574  0.100
  36 E   0.11250 0.11250 0.11250 0.11250 0.11250 0.11250 0.11250 0.11250 0.09998 ( 1)  0.574  0.100
  37 H   0.11250 0.11250 0.11250 0.11250 0.11250 0.11250 0.11250 0.11250 0.09998 ( 1)  0.574  0.100
  38 S   0.11250 0.11250 0.11250 0.11250 0.11250 0.11250 0.11250 0.11250 0.09998 ( 1)  0.574  0.100
  39 D   0.11250 0.11250 0.11250 0.11250 0.11250 0.11250 0.11250 0.11250 0.09998 ( 1)  0.574  0.100
  40 Q   0.11250 0.11250 0.11250 0.11250 0.11250 0.11250 0.11250 0.11250 0.09998 ( 1)  0.574  0.100
  41 G   0.11250 0.11250 0.11250 0.11250 0.11250 0.11250 0.11250 0.11250 0.09998 ( 1)  0.574  0.100
  42 I   0.11250 0.11250 0.11250 0.11250 0.11250 0.11250 0.11250 0.11250 0.09998 ( 1)  0.574  0.100
  43 P   0.11250 0.11250 0.11250 0.11250 0.11250 0.11250 0.11250 0.11250 0.09998 ( 1)  0.574  0.100
  44 S   0.11250 0.11250 0.11250 0.11250 0.11250 0.11250 0.11250 0.11250 0.09998 ( 1)  0.574  0.100
  45 T   0.11250 0.11250 0.11250 0.11250 0.11250 0.11250 0.11250 0.11250 0.09998 ( 1)  0.574  0.100
  46 A   0.11250 0.11250 0.11250 0.11250 0.11250 0.11250 0.11250 0.11250 0.09998 ( 1)  0.574  0.100
  47 L   0.11250 0.11250 0.11250 0.11250 0.11250 0.11250 0.11250 0.11250 0.09998 ( 1)  0.574  0.100
  48 R   0.11250 0.11250 0.11250 0.11250 0.11250 0.11250 0.11250 0.11250 0.09998 ( 1)  0.574  0.100
  49 E   0.11250 0.11250 0.11250 0.11250 0.11250 0.11250 0.11250 0.11250 0.09998 ( 1)  0.574  0.100
  50 I   0.11250 0.11250 0.11250 0.11250 0.11250 0.11250 0.11250 0.11250 0.09998 ( 1)  0.574  0.100
  51 A   0.11250 0.11250 0.11250 0.11250 0.11250 0.11250 0.11250 0.11250 0.09998 ( 1)  0.574  0.100
  52 L   0.11250 0.11250 0.11250 0.11250 0.11250 0.11250 0.11250 0.11250 0.09998 ( 1)  0.574  0.100
  53 L   0.11250 0.11250 0.11250 0.11250 0.11250 0.11250 0.11250 0.11250 0.09998 ( 1)  0.574  0.100
  54 K   0.11250 0.11250 0.11250 0.11250 0.11250 0.11250 0.11250 0.11250 0.09998 ( 1)  0.574  0.100
  55 E   0.11250 0.11250 0.11250 0.11250 0.11250 0.11250 0.11250 0.11250 0.09998 ( 1)  0.574  0.100
  56 L   0.11250 0.11250 0.11250 0.11250 0.11250 0.11250 0.11250 0.11250 0.09998 ( 1)  0.574  0.100
  57 K   0.11250 0.11250 0.11250 0.11250 0.11250 0.11250 0.11250 0.11250 0.09998 ( 1)  0.574  0.100
  58 H   0.11250 0.11250 0.11250 0.11250 0.11250 0.11250 0.11250 0.11250 0.09998 ( 1)  0.574  0.100
  59 S   0.11250 0.11250 0.11250 0.11250 0.11250 0.11250 0.11250 0.11250 0.09998 ( 1)  0.574  0.100
  60 N   0.11250 0.11250 0.11250 0.11250 0.11250 0.11250 0.11250 0.11250 0.09998 ( 1)  0.574  0.100
  61 I   0.11250 0.11250 0.11250 0.11250 0.11250 0.11250 0.11250 0.11250 0.09998 ( 1)  0.574  0.100
  62 V   0.11250 0.11250 0.11250 0.11250 0.11250 0.11250 0.11250 0.11250 0.09998 ( 1)  0.574  0.100
  63 K   0.11250 0.11250 0.11250 0.11250 0.11250 0.11250 0.11250 0.11250 0.09998 ( 1)  0.574  0.100
  64 W   0.11250 0.11250 0.11250 0.11250 0.11250 0.11250 0.11250 0.11250 0.09998 ( 1)  0.574  0.100
  65 W   0.11250 0.11250 0.11250 0.11250 0.11250 0.11250 0.11250 0.11250 0.09998 ( 1)  0.574  0.100
  66 P   0.11250 0.11250 0.11250 0.11250 0.11250 0.11250 0.11250 0.11250 0.09998 ( 1)  0.574  0.100
  67 N   0.11250 0.11250 0.11250 0.11250 0.11250 0.11250 0.11250 0.11250 0.09998 ( 1)  0.574  0.100
  68 I   0.11250 0.11250 0.11250 0.11250 0.11250 0.11250 0.11250 0.11250 0.09998 ( 1)  0.574  0.100
  69 S   0.11250 0.11250 0.11250 0.11250 0.11250 0.11250 0.11250 0.11250 0.09998 ( 1)  0.574  0.100
  70 N   0.11250 0.11250 0.11250 0.11250 0.11250 0.11250 0.11250 0.11250 0.09998 ( 1)  0.574  0.100
  71 F   0.11250 0.11250 0.11250 0.11250 0.11250 0.11250 0.11250 0.11250 0.09998 ( 1)  0.574  0.100
  72 E   0.11250 0.11250 0.11250 0.11250 0.11250 0.11250 0.11250 0.11250 0.09998 ( 1)  0.574  0.100
  73 Y   0.11250 0.11250 0.11250 0.11250 0.11250 0.11250 0.11250 0.11250 0.09998 ( 1)  0.574  0.100
  74 L   0.11250 0.11250 0.11250 0.11250 0.11250 0.11250 0.11250 0.11250 0.09998 ( 1)  0.574  0.100
  75 N   0.11250 0.11250 0.11250 0.11250 0.11250 0.11250 0.11250 0.11250 0.09998 ( 1)  0.574  0.100
  76 S   0.11250 0.11250 0.11250 0.11250 0.11250 0.11250 0.11250 0.11250 0.09998 ( 1)  0.574  0.100
  77 F   0.11250 0.11250 0.11250 0.11250 0.11250 0.11250 0.11250 0.11250 0.09998 ( 1)  0.574  0.100
  78 L   0.11250 0.11250 0.11250 0.11250 0.11250 0.11250 0.11250 0.11250 0.09998 ( 1)  0.574  0.100
  79 Y   0.11250 0.11250 0.11250 0.11250 0.11250 0.11250 0.11250 0.11250 0.09998 ( 1)  0.574  0.100
  80 Q   0.11250 0.11250 0.11250 0.11250 0.11250 0.11250 0.11250 0.11250 0.09998 ( 1)  0.574  0.100
  81 M   0.11250 0.11250 0.11250 0.11250 0.11250 0.11250 0.11250 0.11250 0.09998 ( 1)  0.574  0.100
  82 L   0.11250 0.11250 0.11250 0.11250 0.11250 0.11250 0.11250 0.11250 0.09998 ( 1)  0.574  0.100
  83 Q   0.11250 0.11250 0.11250 0.11250 0.11250 0.11250 0.11250 0.11250 0.09998 ( 1)  0.574  0.100
  84 A   0.11250 0.11250 0.11250 0.11250 0.11250 0.11250 0.11250 0.11250 0.09998 ( 1)  0.574  0.100
  85 L   0.11250 0.11250 0.11250 0.11250 0.11250 0.11250 0.11250 0.11250 0.09998 ( 1)  0.574  0.100
  86 R   0.11250 0.11250 0.11250 0.11250 0.11250 0.11250 0.11250 0.11250 0.09998 ( 1)  0.574  0.100
  87 Y   0.11250 0.11250 0.11250 0.11250 0.11250 0.11250 0.11250 0.11250 0.09998 ( 1)  0.574  0.100
  88 C   0.11250 0.11250 0.11250 0.11250 0.11250 0.11250 0.11250 0.11250 0.09998 ( 1)  0.574  0.100
  89 H   0.11250 0.11250 0.11250 0.11250 0.11250 0.11250 0.11250 0.11250 0.09998 ( 1)  0.574  0.100
  90 I   0.11250 0.11250 0.11250 0.11250 0.11250 0.11250 0.11250 0.11250 0.09998 ( 1)  0.574  0.100
  91 R   0.11250 0.11250 0.11250 0.11250 0.11250 0.11250 0.11250 0.11250 0.09998 ( 1)  0.574  0.100
  92 R   0.11250 0.11250 0.11250 0.11250 0.11250 0.11250 0.11250 0.11250 0.09998 ( 1)  0.574  0.100
  93 V   0.11250 0.11250 0.11250 0.11250 0.11250 0.11250 0.11250 0.11250 0.09998 ( 1)  0.574  0.100
  94 I   0.11250 0.11250 0.11250 0.11250 0.11250 0.11250 0.11250 0.11250 0.09998 ( 1)  0.574  0.100
  95 H   0.11250 0.11250 0.11250 0.11250 0.11250 0.11250 0.11250 0.11250 0.09998 ( 1)  0.574  0.100
  96 R   0.11250 0.11250 0.11250 0.11250 0.11250 0.11250 0.11250 0.11250 0.09998 ( 1)  0.574  0.100
  97 D   0.11250 0.11250 0.11250 0.11250 0.11250 0.11250 0.11250 0.11250 0.09998 ( 1)  0.574  0.100
  98 L   0.11250 0.11250 0.11250 0.11250 0.11250 0.11250 0.11250 0.11250 0.09998 ( 1)  0.574  0.100
  99 K   0.11250 0.11250 0.11250 0.11250 0.11250 0.11250 0.11250 0.11250 0.09998 ( 1)  0.574  0.100
 100 P   0.11250 0.11250 0.11250 0.11250 0.11250 0.11250 0.11250 0.11250 0.09998 ( 1)  0.574  0.100
 101 Q   0.11250 0.11250 0.11250 0.11250 0.11250 0.11250 0.11250 0.11250 0.09998 ( 1)  0.574  0.100
 102 N   0.11250 0.11250 0.11250 0.11250 0.11250 0.11250 0.11250 0.11250 0.09998 ( 1)  0.574  0.100
 103 V   0.11250 0.11250 0.11250 0.11250 0.11250 0.11250 0.11250 0.11250 0.09998 ( 1)  0.574  0.100
 104 L   0.11250 0.11250 0.11250 0.11250 0.11250 0.11250 0.11250 0.11250 0.09998 ( 1)  0.574  0.100
 105 V   0.11250 0.11250 0.11250 0.11250 0.11250 0.11250 0.11250 0.11250 0.09998 ( 1)  0.574  0.100
 106 D   0.11250 0.11250 0.11250 0.11250 0.11250 0.11250 0.11250 0.11250 0.09998 ( 1)  0.574  0.100
 107 V   0.11250 0.11250 0.11250 0.11250 0.11250 0.11250 0.11250 0.11250 0.09998 ( 1)  0.574  0.100
 108 S   0.11250 0.11250 0.11250 0.11250 0.11250 0.11250 0.11250 0.11250 0.09998 ( 1)  0.574  0.100
 109 R   0.11250 0.11250 0.11250 0.11250 0.11250 0.11250 0.11250 0.11250 0.09998 ( 1)  0.574  0.100
 110 Y   0.11250 0.11250 0.11250 0.11250 0.11250 0.11250 0.11250 0.11250 0.09998 ( 1)  0.574  0.100
 111 V   0.11250 0.11250 0.11250 0.11250 0.11250 0.11250 0.11250 0.11250 0.09998 ( 1)  0.574  0.100
 112 V   0.11250 0.11250 0.11250 0.11250 0.11250 0.11250 0.11250 0.11250 0.09998 ( 1)  0.574  0.100
 113 K   0.11250 0.11250 0.11250 0.11250 0.11250 0.11250 0.11250 0.11250 0.09998 ( 1)  0.574  0.100
 114 L   0.11250 0.11250 0.11250 0.11250 0.11250 0.11250 0.11250 0.11250 0.09998 ( 1)  0.574  0.100
 115 A   0.11250 0.11250 0.11250 0.11250 0.11250 0.11250 0.11250 0.11250 0.09998 ( 1)  0.574  0.100
 116 D   0.11250 0.11250 0.11250 0.11250 0.11250 0.11250 0.11250 0.11250 0.09998 ( 1)  0.574  0.100
 117 F   0.11250 0.11250 0.11250 0.11250 0.11250 0.11250 0.11250 0.11250 0.09998 ( 1)  0.574  0.100
 118 G   0.11250 0.11250 0.11250 0.11250 0.11250 0.11250 0.11250 0.11250 0.09998 ( 1)  0.574  0.100
 119 L   0.11250 0.11250 0.11250 0.11250 0.11250 0.11250 0.11250 0.11250 0.09998 ( 1)  0.574  0.100
 120 A   0.11250 0.11250 0.11250 0.11250 0.11250 0.11250 0.11250 0.11250 0.09998 ( 1)  0.574  0.100
 121 R   0.11250 0.11250 0.11250 0.11250 0.11250 0.11250 0.11250 0.11250 0.09998 ( 1)  0.574  0.100
 122 S   0.11250 0.11250 0.11250 0.11250 0.11250 0.11250 0.11250 0.11250 0.09998 ( 1)  0.574  0.100
 123 I   0.11250 0.11250 0.11250 0.11250 0.11250 0.11250 0.11250 0.11250 0.09998 ( 1)  0.574  0.100
 124 G   0.11250 0.11250 0.11250 0.11250 0.11250 0.11250 0.11250 0.11250 0.09998 ( 1)  0.574  0.100
 125 Y   0.11250 0.11250 0.11250 0.11250 0.11250 0.11250 0.11250 0.11250 0.09998 ( 1)  0.574  0.100
 126 P   0.11250 0.11250 0.11250 0.11250 0.11250 0.11250 0.11250 0.11250 0.09998 ( 1)  0.574  0.100
 127 L   0.11250 0.11250 0.11250 0.11250 0.11250 0.11250 0.11250 0.11250 0.09998 ( 1)  0.574  0.100
 128 R   0.11250 0.11250 0.11250 0.11250 0.11250 0.11250 0.11250 0.11250 0.09998 ( 1)  0.574  0.100
 129 T   0.11250 0.11250 0.11250 0.11250 0.11250 0.11250 0.11250 0.11250 0.09998 ( 1)  0.574  0.100
 130 L   0.11250 0.11250 0.11250 0.11250 0.11250 0.11250 0.11250 0.11250 0.09998 ( 1)  0.574  0.100
 131 T   0.11250 0.11250 0.11250 0.11250 0.11250 0.11250 0.11250 0.11250 0.09998 ( 1)  0.574  0.100
 132 H   0.11250 0.11250 0.11250 0.11250 0.11250 0.11250 0.11250 0.11250 0.09998 ( 1)  0.574  0.100
 133 E   0.11250 0.11250 0.11250 0.11250 0.11250 0.11250 0.11250 0.11250 0.09998 ( 1)  0.574  0.100
 134 I   0.11250 0.11250 0.11250 0.11250 0.11250 0.11250 0.11250 0.11250 0.09998 ( 1)  0.574  0.100
 135 L   0.11250 0.11250 0.11250 0.11250 0.11250 0.11250 0.11250 0.11250 0.09998 ( 1)  0.574  0.100
 136 L   0.11250 0.11250 0.11250 0.11250 0.11250 0.11250 0.11250 0.11250 0.09998 ( 1)  0.574  0.100
 137 G   0.11250 0.11250 0.11250 0.11250 0.11250 0.11250 0.11250 0.11250 0.09998 ( 1)  0.574  0.100
 138 E   0.11250 0.11250 0.11250 0.11250 0.11250 0.11250 0.11250 0.11250 0.09998 ( 1)  0.574  0.100
 139 A   0.11250 0.11250 0.11250 0.11250 0.11250 0.11250 0.11250 0.11250 0.09998 ( 1)  0.574  0.100
 140 V   0.11250 0.11250 0.11250 0.11250 0.11250 0.11250 0.11250 0.11250 0.09998 ( 1)  0.574  0.100
 141 Y   0.11250 0.11250 0.11250 0.11250 0.11250 0.11250 0.11250 0.11250 0.09998 ( 1)  0.574  0.100
 142 C   0.11250 0.11250 0.11250 0.11250 0.11250 0.11250 0.11250 0.11250 0.09998 ( 1)  0.574  0.100
 143 C   0.11250 0.11250 0.11250 0.11250 0.11250 0.11250 0.11250 0.11250 0.09998 ( 1)  0.574  0.100
 144 G   0.11250 0.11250 0.11250 0.11250 0.11250 0.11250 0.11250 0.11250 0.09998 ( 1)  0.574  0.100
 145 V   0.11250 0.11250 0.11250 0.11250 0.11250 0.11250 0.11250 0.11250 0.09998 ( 1)  0.574  0.100
 146 D   0.11250 0.11250 0.11250 0.11250 0.11250 0.11250 0.11250 0.11250 0.09998 ( 1)  0.574  0.100
 147 M   0.11250 0.11250 0.11250 0.11250 0.11250 0.11250 0.11250 0.11250 0.09998 ( 1)  0.574  0.100
 148 W   0.11250 0.11250 0.11250 0.11250 0.11250 0.11250 0.11250 0.11250 0.09998 ( 1)  0.574  0.100
 149 S   0.11250 0.11250 0.11250 0.11250 0.11250 0.11250 0.11250 0.11250 0.09998 ( 1)  0.574  0.100
 150 M   0.11250 0.11250 0.11250 0.11250 0.11250 0.11250 0.11250 0.11250 0.09998 ( 1)  0.574  0.100
 151 G   0.11250 0.11250 0.11250 0.11250 0.11250 0.11250 0.11250 0.11250 0.09998 ( 1)  0.574  0.100
 152 C   0.11250 0.11250 0.11250 0.11250 0.11250 0.11250 0.11250 0.11250 0.09998 ( 1)  0.574  0.100
 153 I   0.11250 0.11250 0.11250 0.11250 0.11250 0.11250 0.11250 0.11250 0.09998 ( 1)  0.574  0.100
 154 F   0.11250 0.11250 0.11250 0.11250 0.11250 0.11250 0.11250 0.11250 0.09998 ( 1)  0.574  0.100
 155 A   0.11250 0.11250 0.11250 0.11250 0.11250 0.11250 0.11250 0.11250 0.09998 ( 1)  0.574  0.100
 156 E   0.11250 0.11250 0.11250 0.11250 0.11250 0.11250 0.11250 0.11250 0.09998 ( 1)  0.574  0.100
 157 M   0.11250 0.11250 0.11250 0.11250 0.11250 0.11250 0.11250 0.11250 0.09998 ( 1)  0.574  0.100
 158 A   0.11250 0.11250 0.11250 0.11250 0.11250 0.11250 0.11250 0.11250 0.09998 ( 1)  0.574  0.100
 159 T   0.11250 0.11250 0.11250 0.11250 0.11250 0.11250 0.11250 0.11250 0.09998 ( 1)  0.574  0.100
 160 G   0.11250 0.11250 0.11250 0.11250 0.11250 0.11250 0.11250 0.11250 0.09998 ( 1)  0.574  0.100
 161 D   0.11250 0.11250 0.11250 0.11250 0.11250 0.11250 0.11250 0.11250 0.09998 ( 1)  0.574  0.100
 162 P   0.11250 0.11250 0.11250 0.11250 0.11250 0.11250 0.11250 0.11250 0.09998 ( 1)  0.574  0.100
 163 L   0.11250 0.11250 0.11250 0.11250 0.11250 0.11250 0.11250 0.11250 0.09998 ( 1)  0.574  0.100
 164 F   0.11250 0.11250 0.11250 0.11250 0.11250 0.11250 0.11250 0.11250 0.09998 ( 1)  0.574  0.100
 165 C   0.11250 0.11250 0.11250 0.11250 0.11250 0.11250 0.11250 0.11250 0.09998 ( 1)  0.574  0.100
 166 G   0.11250 0.11250 0.11250 0.11250 0.11250 0.11250 0.11250 0.11250 0.09998 ( 1)  0.574  0.100
 167 D   0.11250 0.11250 0.11250 0.11250 0.11250 0.11250 0.11250 0.11250 0.09998 ( 1)  0.574  0.100
 168 S   0.11250 0.11250 0.11250 0.11250 0.11250 0.11250 0.11250 0.11250 0.09998 ( 1)  0.574  0.100
 169 E   0.11250 0.11250 0.11250 0.11250 0.11250 0.11250 0.11250 0.11250 0.09998 ( 1)  0.574  0.100
 170 I   0.11250 0.11250 0.11250 0.11250 0.11250 0.11250 0.11250 0.11250 0.09998 ( 1)  0.574  0.100
 171 D   0.11250 0.11250 0.11250 0.11250 0.11250 0.11250 0.11250 0.11250 0.09998 ( 1)  0.574  0.100
 172 Q   0.11250 0.11250 0.11250 0.11250 0.11250 0.11250 0.11250 0.11250 0.09998 ( 1)  0.574  0.100
 173 L   0.11250 0.11250 0.11250 0.11250 0.11250 0.11250 0.11250 0.11250 0.09998 ( 1)  0.574  0.100
 174 L   0.11250 0.11250 0.11250 0.11250 0.11250 0.11250 0.11250 0.11250 0.09998 ( 1)  0.574  0.100
 175 Q   0.11250 0.11250 0.11250 0.11250 0.11250 0.11250 0.11250 0.11250 0.09998 ( 1)  0.574  0.100
 176 I   0.11250 0.11250 0.11250 0.11250 0.11250 0.11250 0.11250 0.11250 0.09998 ( 1)  0.574  0.100
 177 F   0.11250 0.11250 0.11250 0.11250 0.11250 0.11250 0.11250 0.11250 0.09998 ( 1)  0.574  0.100
 178 R   0.11250 0.11250 0.11250 0.11250 0.11250 0.11250 0.11250 0.11250 0.09998 ( 1)  0.574  0.100
 179 T   0.11250 0.11250 0.11250 0.11250 0.11250 0.11250 0.11250 0.11250 0.09998 ( 1)  0.574  0.100
 180 M   0.11250 0.11250 0.11250 0.11250 0.11250 0.11250 0.11250 0.11250 0.09998 ( 1)  0.574  0.100
 181 G   0.11250 0.11250 0.11250 0.11250 0.11250 0.11250 0.11250 0.11250 0.09998 ( 1)  0.574  0.100
 182 I   0.11250 0.11250 0.11250 0.11250 0.11250 0.11250 0.11250 0.11250 0.09998 ( 1)  0.574  0.100
 183 P   0.11250 0.11250 0.11250 0.11250 0.11250 0.11250 0.11250 0.11250 0.09998 ( 1)  0.574  0.100
 184 T   0.11250 0.11250 0.11250 0.11250 0.11250 0.11250 0.11250 0.11250 0.09998 ( 1)  0.574  0.100
 185 E   0.11250 0.11250 0.11250 0.11250 0.11250 0.11250 0.11250 0.11250 0.09998 ( 1)  0.574  0.100
 186 A   0.11250 0.11250 0.11250 0.11250 0.11250 0.11250 0.11250 0.11250 0.09998 ( 1)  0.574  0.100
 187 T   0.11250 0.11250 0.11250 0.11250 0.11250 0.11250 0.11250 0.11250 0.09998 ( 1)  0.574  0.100
 188 W   0.11250 0.11250 0.11250 0.11250 0.11250 0.11250 0.11250 0.11250 0.09998 ( 1)  0.574  0.100
 189 P   0.11250 0.11250 0.11250 0.11250 0.11250 0.11250 0.11250 0.11250 0.09998 ( 1)  0.574  0.100
 190 G   0.11250 0.11250 0.11250 0.11250 0.11250 0.11250 0.11250 0.11250 0.09998 ( 1)  0.574  0.100
 191 V   0.11250 0.11250 0.11250 0.11250 0.11250 0.11250 0.11250 0.11250 0.09998 ( 1)  0.574  0.100
 192 T   0.11250 0.11250 0.11250 0.11250 0.11250 0.11250 0.11250 0.11250 0.09998 ( 1)  0.574  0.100
 193 G   0.11250 0.11250 0.11250 0.11250 0.11250 0.11250 0.11250 0.11250 0.09998 ( 1)  0.574  0.100
 194 L   0.11250 0.11250 0.11250 0.11250 0.11250 0.11250 0.11250 0.11250 0.09998 ( 1)  0.574  0.100
 195 P   0.11250 0.11250 0.11250 0.11250 0.11250 0.11250 0.11250 0.11250 0.09998 ( 1)  0.574  0.100
 196 H   0.11250 0.11250 0.11250 0.11250 0.11250 0.11250 0.11250 0.11250 0.09998 ( 1)  0.574  0.100
 197 Y   0.11250 0.11250 0.11250 0.11250 0.11250 0.11250 0.11250 0.11250 0.09998 ( 1)  0.574  0.100
 198 K   0.11250 0.11250 0.11250 0.11250 0.11250 0.11250 0.11250 0.11250 0.09998 ( 1)  0.574  0.100
 199 P   0.11250 0.11250 0.11250 0.11250 0.11250 0.11250 0.11250 0.11250 0.09998 ( 1)  0.574  0.100
 200 K   0.11250 0.11250 0.11250 0.11250 0.11250 0.11250 0.11250 0.11250 0.09998 ( 1)  0.574  0.100
 201 K   0.11250 0.11250 0.11250 0.11250 0.11250 0.11250 0.11250 0.11250 0.09998 ( 1)  0.574  0.100
 202 I   0.11250 0.11250 0.11250 0.11250 0.11250 0.11250 0.11250 0.11250 0.09998 ( 1)  0.574  0.100
 203 M   0.11250 0.11250 0.11250 0.11250 0.11250 0.11250 0.11250 0.11250 0.09998 ( 1)  0.574  0.100
 204 R   0.11250 0.11250 0.11250 0.11250 0.11250 0.11250 0.11250 0.11250 0.09998 ( 1)  0.574  0.100
 205 A   0.11250 0.11250 0.11250 0.11250 0.11250 0.11250 0.11250 0.11250 0.09998 ( 1)  0.574  0.100
 206 L   0.11250 0.11250 0.11250 0.11250 0.11250 0.11250 0.11250 0.11250 0.09998 ( 1)  0.574  0.100
 207 D   0.11250 0.11250 0.11250 0.11250 0.11250 0.11250 0.11250 0.11250 0.09998 ( 1)  0.574  0.100
 208 G   0.11250 0.11250 0.11250 0.11250 0.11250 0.11250 0.11250 0.11250 0.09998 ( 1)  0.574  0.100
 209 D   0.11250 0.11250 0.11250 0.11250 0.11250 0.11250 0.11250 0.11250 0.09998 ( 1)  0.574  0.100
 210 G   0.11250 0.11250 0.11250 0.11250 0.11250 0.11250 0.11250 0.11250 0.09998 ( 1)  0.574  0.100
 211 L   0.11250 0.11250 0.11250 0.11250 0.11250 0.11250 0.11250 0.11250 0.09998 ( 1)  0.574  0.100
 212 D   0.11250 0.11250 0.11250 0.11250 0.11250 0.11250 0.11250 0.11250 0.09998 ( 1)  0.574  0.100
 213 L   0.11250 0.11250 0.11250 0.11250 0.11250 0.11250 0.11250 0.11250 0.09998 ( 1)  0.574  0.100
 214 L   0.11250 0.11250 0.11250 0.11250 0.11250 0.11250 0.11250 0.11250 0.09998 ( 1)  0.574  0.100
 215 T   0.11250 0.11250 0.11250 0.11250 0.11250 0.11250 0.11250 0.11250 0.09998 ( 1)  0.574  0.100
 216 A   0.11250 0.11250 0.11250 0.11250 0.11250 0.11250 0.11250 0.11250 0.09998 ( 1)  0.574  0.100
 217 L   0.11250 0.11250 0.11250 0.11250 0.11250 0.11250 0.11250 0.11250 0.09998 ( 1)  0.574  0.100
 218 L   0.11250 0.11250 0.11250 0.11250 0.11250 0.11250 0.11250 0.11250 0.09998 ( 1)  0.574  0.100
 219 H   0.11250 0.11250 0.11250 0.11250 0.11250 0.11250 0.11250 0.11250 0.09998 ( 1)  0.574  0.100
 220 Y   0.11250 0.11250 0.11250 0.11250 0.11250 0.11250 0.11250 0.11250 0.09998 ( 1)  0.574  0.100
 221 D   0.11250 0.11250 0.11250 0.11250 0.11250 0.11250 0.11250 0.11250 0.09998 ( 1)  0.574  0.100
 222 P   0.11250 0.11250 0.11250 0.11250 0.11250 0.11250 0.11250 0.11250 0.09998 ( 1)  0.574  0.100
 223 P   0.11250 0.11250 0.11250 0.11250 0.11250 0.11250 0.11250 0.11250 0.09998 ( 1)  0.574  0.100
 224 S   0.11250 0.11250 0.11250 0.11250 0.11250 0.11250 0.11250 0.11250 0.09998 ( 1)  0.574  0.100
 225 R   0.11250 0.11250 0.11250 0.11250 0.11250 0.11250 0.11250 0.11250 0.09998 ( 1)  0.574  0.100
 226 M   0.11250 0.11250 0.11250 0.11250 0.11250 0.11250 0.11250 0.11250 0.09998 ( 1)  0.574  0.100
 227 N   0.11250 0.11250 0.11250 0.11250 0.11250 0.11250 0.11250 0.11250 0.09998 ( 1)  0.574  0.100
 228 A   0.11250 0.11250 0.11250 0.11250 0.11250 0.11250 0.11250 0.11250 0.09998 ( 1)  0.574  0.100
 229 Q   0.11250 0.11250 0.11250 0.11250 0.11250 0.11250 0.11250 0.11250 0.09998 ( 1)  0.574  0.100
 230 Q   0.11250 0.11250 0.11250 0.11250 0.11250 0.11250 0.11250 0.11250 0.09998 ( 1)  0.574  0.100
 231 T   0.11250 0.11250 0.11250 0.11250 0.11250 0.11250 0.11250 0.11250 0.09998 ( 1)  0.574  0.100
 232 L   0.11250 0.11250 0.11250 0.11250 0.11250 0.11250 0.11250 0.11250 0.09998 ( 1)  0.574  0.100
 233 L   0.11250 0.11250 0.11250 0.11250 0.11250 0.11250 0.11250 0.11250 0.09998 ( 1)  0.574  0.100
 234 H   0.11250 0.11250 0.11250 0.11250 0.11250 0.11250 0.11250 0.11250 0.09998 ( 1)  0.574  0.100
 235 P   0.11250 0.11250 0.11250 0.11250 0.11250 0.11250 0.11250 0.11250 0.09998 ( 1)  0.574  0.100
 236 Y   0.11250 0.11250 0.11250 0.11250 0.11250 0.11250 0.11250 0.11250 0.09998 ( 1)  0.574  0.100
 237 F   0.11250 0.11250 0.11250 0.11250 0.11250 0.11250 0.11250 0.11250 0.09998 ( 1)  0.574  0.100
 238 A   0.11250 0.11250 0.11250 0.11250 0.11250 0.11250 0.11250 0.11250 0.09998 ( 1)  0.574  0.100
 239 N   0.11250 0.11250 0.11250 0.11250 0.11250 0.11250 0.11250 0.11250 0.09998 ( 1)  0.574  0.100
 240 F   0.11250 0.11250 0.11250 0.11250 0.11250 0.11250 0.11250 0.11250 0.09998 ( 1)  0.574  0.100
 241 D   0.11250 0.11250 0.11250 0.11250 0.11250 0.11250 0.11250 0.11250 0.09998 ( 1)  0.574  0.100
 242 K   0.11250 0.11250 0.11250 0.11250 0.11250 0.11250 0.11250 0.11250 0.09998 ( 1)  0.574  0.100
 243 K   0.11250 0.11250 0.11250 0.11250 0.11250 0.11250 0.11250 0.11250 0.09998 ( 1)  0.574  0.100
 244 P   0.11250 0.11250 0.11250 0.11250 0.11250 0.11250 0.11250 0.11250 0.09998 ( 1)  0.574  0.100
 245 L   0.11250 0.11250 0.11250 0.11250 0.11250 0.11250 0.11250 0.11250 0.09998 ( 1)  0.574  0.100
 246 P   0.11250 0.11250 0.11250 0.11250 0.11250 0.11250 0.11250 0.11250 0.09998 ( 1)  0.574  0.100
 247 A   0.11250 0.11250 0.11250 0.11250 0.11250 0.11250 0.11250 0.11250 0.09998 ( 1)  0.574  0.100
 248 V   0.11250 0.11250 0.11250 0.11250 0.11250 0.11250 0.11250 0.11250 0.09998 ( 1)  0.574  0.100
 249 G   0.11250 0.11250 0.11250 0.11250 0.11250 0.11250 0.11250 0.11250 0.09998 ( 1)  0.574  0.100
 250 E   0.11250 0.11250 0.11250 0.11250 0.11250 0.11250 0.11250 0.11250 0.09998 ( 1)  0.574  0.100
 251 E   0.11250 0.11250 0.11250 0.11250 0.11250 0.11250 0.11250 0.11250 0.09998 ( 1)  0.574  0.100
 252 Y   0.11250 0.11250 0.11250 0.11250 0.11250 0.11250 0.11250 0.11250 0.09998 ( 1)  0.574  0.100
 253 I   0.11250 0.11250 0.11250 0.11250 0.11250 0.11250 0.11250 0.11250 0.09998 ( 1)  0.574  0.100
 254 G   0.11250 0.11250 0.11250 0.11250 0.11250 0.11250 0.11250 0.11250 0.09998 ( 1)  0.574  0.100
 255 L   0.11250 0.11250 0.11250 0.11250 0.11250 0.11250 0.11250 0.11250 0.09998 ( 1)  0.574  0.100
 256 P   0.11250 0.11250 0.11250 0.11250 0.11250 0.11250 0.11250 0.11250 0.09998 ( 1)  0.574  0.100
 257 I   0.11250 0.11250 0.11250 0.11250 0.11250 0.11250 0.11250 0.11250 0.09998 ( 1)  0.574  0.100
 258 G   0.11250 0.11250 0.11250 0.11250 0.11250 0.11250 0.11250 0.11250 0.09998 ( 1)  0.574  0.100
 259 R   0.11250 0.11250 0.11250 0.11250 0.11250 0.11250 0.11250 0.11250 0.09998 ( 1)  0.574  0.100
 260 I   0.11250 0.11250 0.11250 0.11250 0.11250 0.11250 0.11250 0.11250 0.09998 ( 1)  0.574  0.100
 261 P   0.11250 0.11250 0.11250 0.11250 0.11250 0.11250 0.11250 0.11250 0.09998 ( 1)  0.574  0.100
 262 P   0.11250 0.11250 0.11250 0.11250 0.11250 0.11250 0.11250 0.11250 0.09998 ( 1)  0.574  0.100
 263 D   0.11250 0.11250 0.11250 0.11250 0.11250 0.11250 0.11250 0.11250 0.09998 ( 1)  0.574  0.100
 264 F   0.11250 0.11250 0.11250 0.11250 0.11250 0.11250 0.11250 0.11250 0.09998 ( 1)  0.574  0.100
 265 A   0.11250 0.11250 0.11250 0.11250 0.11250 0.11250 0.11250 0.11250 0.09998 ( 1)  0.574  0.100

Positively selected sites

	Prob(w>1)  mean w



lnL = -1080.258432

Bayes Empirical Bayes (BEB) probabilities for 11 classes (class) & postmean_w
(amino acids refer to 1st sequence: Tsag.12718)

   1 M   0.10052 0.03977 0.03726 0.03660 0.03642 0.03642 0.03659 0.03725 0.03976 0.10045 0.49897 (11)  3.238 +-  3.421
   2 S   0.10052 0.03977 0.03726 0.03659 0.03642 0.03642 0.03659 0.03725 0.03976 0.10045 0.49897 (11)  3.238 +-  3.421
   3 A   0.10052 0.03977 0.03726 0.03659 0.03642 0.03642 0.03659 0.03725 0.03976 0.10045 0.49897 (11)  3.238 +-  3.421
   4 K   0.10052 0.03977 0.03726 0.03659 0.03642 0.03642 0.03659 0.03725 0.03976 0.10045 0.49897 (11)  3.238 +-  3.421
   5 V   0.10052 0.03977 0.03726 0.03659 0.03642 0.03642 0.03659 0.03725 0.03976 0.10045 0.49897 (11)  3.238 +-  3.421
   6 I   0.10052 0.03977 0.03726 0.03659 0.03642 0.03642 0.03659 0.03725 0.03976 0.10045 0.49897 (11)  3.238 +-  3.421
   7 T   0.10052 0.03977 0.03726 0.03659 0.03642 0.03642 0.03659 0.03725 0.03976 0.10045 0.49897 (11)  3.238 +-  3.421
   8 S   0.10052 0.03977 0.03726 0.03659 0.03642 0.03642 0.03659 0.03725 0.03976 0.10045 0.49898 (11)  3.238 +-  3.421
   9 S   0.10052 0.03977 0.03726 0.03659 0.03642 0.03642 0.03659 0.03725 0.03976 0.10045 0.49897 (11)  3.238 +-  3.421
  10 S   0.10052 0.03977 0.03726 0.03659 0.03642 0.03642 0.03659 0.03725 0.03976 0.10045 0.49898 (11)  3.238 +-  3.421
  11 R   0.10052 0.03977 0.03726 0.03659 0.03642 0.03642 0.03659 0.03725 0.03976 0.10045 0.49898 (11)  3.238 +-  3.421
  12 T   0.10052 0.03977 0.03726 0.03659 0.03642 0.03642 0.03659 0.03725 0.03976 0.10045 0.49897 (11)  3.238 +-  3.421
  13 Y   0.10052 0.03977 0.03726 0.03659 0.03642 0.03642 0.03659 0.03725 0.03976 0.10045 0.49898 (11)  3.238 +-  3.421
  14 G   0.10052 0.03977 0.03726 0.03659 0.03642 0.03642 0.03659 0.03725 0.03976 0.10045 0.49898 (11)  3.238 +-  3.421
  15 L   0.10052 0.03977 0.03726 0.03659 0.03642 0.03642 0.03659 0.03725 0.03976 0.10045 0.49898 (11)  3.238 +-  3.421
  16 V   0.10052 0.03977 0.03726 0.03659 0.03642 0.03642 0.03659 0.03725 0.03976 0.10045 0.49897 (11)  3.238 +-  3.421
  17 C   0.10052 0.03977 0.03726 0.03659 0.03642 0.03642 0.03659 0.03725 0.03976 0.10045 0.49898 (11)  3.238 +-  3.421
  18 K   0.10052 0.03977 0.03726 0.03659 0.03642 0.03642 0.03659 0.03725 0.03976 0.10045 0.49897 (11)  3.238 +-  3.421
  19 C   0.10052 0.03977 0.03726 0.03659 0.03642 0.03642 0.03659 0.03725 0.03976 0.10045 0.49897 (11)  3.238 +-  3.421
  20 L   0.10052 0.03977 0.03726 0.03659 0.03642 0.03642 0.03659 0.03725 0.03976 0.10045 0.49897 (11)  3.238 +-  3.421
  21 D   0.10052 0.03977 0.03726 0.03660 0.03642 0.03642 0.03659 0.03725 0.03976 0.10045 0.49897 (11)  3.238 +-  3.421
  22 R   0.10052 0.03977 0.03726 0.03659 0.03642 0.03642 0.03659 0.03725 0.03976 0.10045 0.49898 (11)  3.238 +-  3.421
  23 K   0.10052 0.03977 0.03726 0.03659 0.03642 0.03642 0.03659 0.03725 0.03976 0.10045 0.49897 (11)  3.238 +-  3.421
  24 S   0.10052 0.03977 0.03726 0.03659 0.03642 0.03642 0.03659 0.03725 0.03976 0.10045 0.49898 (11)  3.238 +-  3.421
  25 G   0.10052 0.03977 0.03726 0.03659 0.03642 0.03642 0.03659 0.03725 0.03976 0.10045 0.49897 (11)  3.238 +-  3.421
  26 L   0.10052 0.03977 0.03726 0.03659 0.03642 0.03642 0.03659 0.03725 0.03976 0.10045 0.49897 (11)  3.238 +-  3.421
  27 L   0.10052 0.03977 0.03726 0.03659 0.03642 0.03642 0.03659 0.03725 0.03976 0.10045 0.49897 (11)  3.238 +-  3.421
  28 K   0.10052 0.03977 0.03726 0.03659 0.03642 0.03642 0.03659 0.03725 0.03976 0.10045 0.49897 (11)  3.238 +-  3.421
  29 A   0.10052 0.03977 0.03726 0.03659 0.03642 0.03642 0.03659 0.03725 0.03976 0.10045 0.49897 (11)  3.238 +-  3.421
  30 L   0.10052 0.03977 0.03726 0.03659 0.03642 0.03642 0.03659 0.03725 0.03976 0.10045 0.49897 (11)  3.238 +-  3.421
  31 K   0.10052 0.03977 0.03726 0.03659 0.03642 0.03642 0.03659 0.03725 0.03976 0.10045 0.49897 (11)  3.238 +-  3.421
  32 Q   0.10052 0.03977 0.03726 0.03659 0.03642 0.03642 0.03659 0.03725 0.03976 0.10045 0.49897 (11)  3.238 +-  3.421
  33 V   0.10052 0.03977 0.03726 0.03659 0.03642 0.03642 0.03659 0.03725 0.03976 0.10045 0.49897 (11)  3.238 +-  3.421
  34 K   0.10052 0.03977 0.03726 0.03659 0.03642 0.03642 0.03659 0.03725 0.03976 0.10045 0.49897 (11)  3.238 +-  3.421
  35 L   0.10052 0.03977 0.03726 0.03659 0.03642 0.03642 0.03659 0.03725 0.03976 0.10045 0.49897 (11)  3.238 +-  3.421
  36 E   0.10052 0.03977 0.03726 0.03659 0.03642 0.03642 0.03659 0.03725 0.03976 0.10045 0.49897 (11)  3.238 +-  3.421
  37 H   0.10052 0.03977 0.03726 0.03659 0.03642 0.03642 0.03659 0.03725 0.03976 0.10045 0.49897 (11)  3.238 +-  3.421
  38 S   0.10052 0.03977 0.03726 0.03659 0.03642 0.03642 0.03659 0.03725 0.03976 0.10045 0.49897 (11)  3.238 +-  3.421
  39 D   0.10052 0.03977 0.03726 0.03660 0.03642 0.03642 0.03659 0.03725 0.03976 0.10045 0.49897 (11)  3.238 +-  3.421
  40 Q   0.10052 0.03977 0.03726 0.03659 0.03642 0.03642 0.03659 0.03725 0.03976 0.10045 0.49897 (11)  3.238 +-  3.421
  41 G   0.10052 0.03977 0.03726 0.03659 0.03642 0.03642 0.03659 0.03725 0.03976 0.10045 0.49898 (11)  3.238 +-  3.421
  42 I   0.10052 0.03977 0.03726 0.03659 0.03642 0.03642 0.03659 0.03725 0.03976 0.10045 0.49897 (11)  3.238 +-  3.421
  43 P   0.10052 0.03977 0.03726 0.03659 0.03642 0.03642 0.03659 0.03725 0.03976 0.10045 0.49897 (11)  3.238 +-  3.421
  44 S   0.10052 0.03977 0.03726 0.03659 0.03642 0.03642 0.03659 0.03725 0.03976 0.10045 0.49898 (11)  3.238 +-  3.421
  45 T   0.10052 0.03977 0.03726 0.03659 0.03642 0.03642 0.03659 0.03725 0.03976 0.10045 0.49897 (11)  3.238 +-  3.421
  46 A   0.10052 0.03977 0.03726 0.03659 0.03642 0.03642 0.03659 0.03725 0.03976 0.10045 0.49897 (11)  3.238 +-  3.421
  47 L   0.10052 0.03977 0.03726 0.03659 0.03642 0.03642 0.03659 0.03725 0.03976 0.10045 0.49897 (11)  3.238 +-  3.421
  48 R   0.10052 0.03977 0.03726 0.03659 0.03642 0.03642 0.03659 0.03725 0.03976 0.10045 0.49897 (11)  3.238 +-  3.421
  49 E   0.10052 0.03977 0.03726 0.03659 0.03642 0.03642 0.03659 0.03725 0.03976 0.10045 0.49897 (11)  3.238 +-  3.421
  50 I   0.10052 0.03977 0.03726 0.03660 0.03642 0.03642 0.03659 0.03725 0.03976 0.10045 0.49897 (11)  3.238 +-  3.421
  51 A   0.10052 0.03977 0.03726 0.03659 0.03642 0.03642 0.03659 0.03725 0.03976 0.10045 0.49897 (11)  3.238 +-  3.421
  52 L   0.10052 0.03977 0.03726 0.03659 0.03642 0.03642 0.03659 0.03725 0.03976 0.10045 0.49897 (11)  3.238 +-  3.421
  53 L   0.10052 0.03977 0.03726 0.03659 0.03642 0.03642 0.03659 0.03725 0.03976 0.10045 0.49897 (11)  3.238 +-  3.421
  54 K   0.10052 0.03977 0.03726 0.03659 0.03642 0.03642 0.03659 0.03725 0.03976 0.10045 0.49897 (11)  3.238 +-  3.421
  55 E   0.10052 0.03977 0.03726 0.03659 0.03642 0.03642 0.03659 0.03725 0.03976 0.10045 0.49897 (11)  3.238 +-  3.421
  56 L   0.10052 0.03977 0.03726 0.03659 0.03642 0.03642 0.03659 0.03725 0.03976 0.10045 0.49897 (11)  3.238 +-  3.421
  57 K   0.10052 0.03977 0.03726 0.03659 0.03642 0.03642 0.03659 0.03725 0.03976 0.10045 0.49897 (11)  3.238 +-  3.421
  58 H   0.10052 0.03977 0.03726 0.03659 0.03642 0.03642 0.03659 0.03725 0.03976 0.10045 0.49897 (11)  3.238 +-  3.421
  59 S   0.10052 0.03977 0.03726 0.03659 0.03642 0.03642 0.03659 0.03725 0.03976 0.10045 0.49898 (11)  3.238 +-  3.421
  60 N   0.10052 0.03977 0.03726 0.03659 0.03642 0.03642 0.03659 0.03725 0.03976 0.10045 0.49897 (11)  3.238 +-  3.421
  61 I   0.10052 0.03977 0.03726 0.03660 0.03642 0.03642 0.03659 0.03725 0.03976 0.10045 0.49897 (11)  3.238 +-  3.421
  62 V   0.10052 0.03977 0.03726 0.03659 0.03642 0.03642 0.03659 0.03725 0.03976 0.10045 0.49897 (11)  3.238 +-  3.421
  63 K   0.10052 0.03977 0.03726 0.03659 0.03642 0.03642 0.03659 0.03725 0.03976 0.10045 0.49897 (11)  3.238 +-  3.421
  64 W   0.10052 0.03977 0.03726 0.03659 0.03642 0.03642 0.03659 0.03725 0.03976 0.10045 0.49898 (11)  3.238 +-  3.421
  65 W   0.10052 0.03977 0.03726 0.03659 0.03642 0.03642 0.03659 0.03725 0.03976 0.10045 0.49898 (11)  3.238 +-  3.421
  66 P   0.10052 0.03977 0.03726 0.03659 0.03642 0.03642 0.03659 0.03725 0.03976 0.10045 0.49897 (11)  3.238 +-  3.421
  67 N   0.10052 0.03977 0.03726 0.03660 0.03642 0.03642 0.03659 0.03725 0.03976 0.10045 0.49897 (11)  3.238 +-  3.421
  68 I   0.10052 0.03977 0.03726 0.03659 0.03642 0.03642 0.03659 0.03725 0.03976 0.10045 0.49897 (11)  3.238 +-  3.421
  69 S   0.10052 0.03977 0.03726 0.03659 0.03642 0.03642 0.03659 0.03725 0.03976 0.10045 0.49897 (11)  3.238 +-  3.421
  70 N   0.10052 0.03977 0.03726 0.03660 0.03642 0.03642 0.03659 0.03725 0.03976 0.10045 0.49897 (11)  3.238 +-  3.421
  71 F   0.10052 0.03977 0.03726 0.03660 0.03642 0.03642 0.03659 0.03725 0.03976 0.10045 0.49897 (11)  3.238 +-  3.421
  72 E   0.10052 0.03977 0.03726 0.03659 0.03642 0.03642 0.03659 0.03725 0.03976 0.10045 0.49897 (11)  3.238 +-  3.421
  73 Y   0.10052 0.03977 0.03726 0.03659 0.03642 0.03642 0.03659 0.03725 0.03976 0.10045 0.49898 (11)  3.238 +-  3.421
  74 L   0.10052 0.03977 0.03726 0.03659 0.03642 0.03642 0.03659 0.03725 0.03976 0.10045 0.49897 (11)  3.238 +-  3.421
  75 N   0.10052 0.03977 0.03726 0.03660 0.03642 0.03642 0.03659 0.03725 0.03976 0.10045 0.49897 (11)  3.238 +-  3.421
  76 S   0.10052 0.03977 0.03726 0.03659 0.03642 0.03642 0.03659 0.03725 0.03976 0.10045 0.49897 (11)  3.238 +-  3.421
  77 F   0.10052 0.03977 0.03726 0.03659 0.03642 0.03642 0.03659 0.03725 0.03976 0.10045 0.49897 (11)  3.238 +-  3.421
  78 L   0.10052 0.03977 0.03726 0.03659 0.03642 0.03642 0.03659 0.03725 0.03976 0.10045 0.49898 (11)  3.238 +-  3.421
  79 Y   0.10052 0.03977 0.03726 0.03659 0.03642 0.03642 0.03659 0.03725 0.03976 0.10045 0.49898 (11)  3.238 +-  3.421
  80 Q   0.10052 0.03977 0.03726 0.03659 0.03642 0.03642 0.03659 0.03725 0.03976 0.10045 0.49897 (11)  3.238 +-  3.421
  81 M   0.10052 0.03977 0.03726 0.03660 0.03642 0.03642 0.03659 0.03725 0.03976 0.10045 0.49897 (11)  3.238 +-  3.421
  82 L   0.10052 0.03977 0.03726 0.03659 0.03642 0.03642 0.03659 0.03725 0.03976 0.10045 0.49897 (11)  3.238 +-  3.421
  83 Q   0.10052 0.03977 0.03726 0.03659 0.03642 0.03642 0.03659 0.03725 0.03976 0.10045 0.49897 (11)  3.238 +-  3.421
  84 A   0.10052 0.03977 0.03726 0.03659 0.03642 0.03642 0.03659 0.03725 0.03976 0.10045 0.49897 (11)  3.238 +-  3.421
  85 L   0.10052 0.03977 0.03726 0.03659 0.03642 0.03642 0.03659 0.03725 0.03976 0.10045 0.49898 (11)  3.238 +-  3.421
  86 R   0.10052 0.03977 0.03726 0.03659 0.03642 0.03642 0.03659 0.03725 0.03976 0.10045 0.49897 (11)  3.238 +-  3.421
  87 Y   0.10052 0.03977 0.03726 0.03659 0.03642 0.03642 0.03659 0.03725 0.03976 0.10045 0.49897 (11)  3.238 +-  3.421
  88 C   0.10052 0.03977 0.03726 0.03659 0.03642 0.03642 0.03659 0.03725 0.03976 0.10045 0.49898 (11)  3.238 +-  3.421
  89 H   0.10052 0.03977 0.03726 0.03659 0.03642 0.03642 0.03659 0.03725 0.03976 0.10045 0.49897 (11)  3.238 +-  3.421
  90 I   0.10052 0.03977 0.03726 0.03659 0.03642 0.03642 0.03659 0.03725 0.03976 0.10045 0.49897 (11)  3.238 +-  3.421
  91 R   0.10052 0.03977 0.03726 0.03659 0.03642 0.03642 0.03659 0.03725 0.03976 0.10045 0.49897 (11)  3.238 +-  3.421
  92 R   0.10052 0.03977 0.03726 0.03659 0.03642 0.03642 0.03659 0.03725 0.03976 0.10045 0.49897 (11)  3.238 +-  3.421
  93 V   0.10052 0.03977 0.03726 0.03659 0.03642 0.03642 0.03659 0.03725 0.03976 0.10045 0.49897 (11)  3.238 +-  3.421
  94 I   0.10052 0.03977 0.03726 0.03659 0.03642 0.03642 0.03659 0.03725 0.03976 0.10045 0.49897 (11)  3.238 +-  3.421
  95 H   0.10052 0.03977 0.03726 0.03659 0.03642 0.03642 0.03659 0.03725 0.03976 0.10045 0.49897 (11)  3.238 +-  3.421
  96 R   0.10052 0.03977 0.03726 0.03659 0.03642 0.03642 0.03659 0.03725 0.03976 0.10045 0.49897 (11)  3.238 +-  3.421
  97 D   0.10052 0.03977 0.03726 0.03660 0.03642 0.03642 0.03659 0.03725 0.03976 0.10045 0.49897 (11)  3.238 +-  3.421
  98 L   0.10052 0.03977 0.03726 0.03659 0.03642 0.03642 0.03659 0.03725 0.03976 0.10045 0.49898 (11)  3.238 +-  3.421
  99 K   0.10052 0.03977 0.03726 0.03659 0.03642 0.03642 0.03659 0.03725 0.03976 0.10045 0.49897 (11)  3.238 +-  3.421
 100 P   0.10052 0.03977 0.03726 0.03659 0.03642 0.03642 0.03659 0.03725 0.03976 0.10045 0.49898 (11)  3.238 +-  3.421
 101 Q   0.10052 0.03977 0.03726 0.03659 0.03642 0.03642 0.03659 0.03725 0.03976 0.10045 0.49897 (11)  3.238 +-  3.421
 102 N   0.10052 0.03977 0.03726 0.03659 0.03642 0.03642 0.03659 0.03725 0.03976 0.10045 0.49897 (11)  3.238 +-  3.421
 103 V   0.10052 0.03977 0.03726 0.03659 0.03642 0.03642 0.03659 0.03725 0.03976 0.10045 0.49897 (11)  3.238 +-  3.421
 104 L   0.10052 0.03977 0.03726 0.03659 0.03642 0.03642 0.03659 0.03725 0.03976 0.10045 0.49898 (11)  3.238 +-  3.421
 105 V   0.10052 0.03977 0.03726 0.03659 0.03642 0.03642 0.03659 0.03725 0.03976 0.10045 0.49897 (11)  3.238 +-  3.421
 106 D   0.10052 0.03977 0.03726 0.03660 0.03642 0.03642 0.03659 0.03725 0.03976 0.10045 0.49897 (11)  3.238 +-  3.421
 107 V   0.10052 0.03977 0.03726 0.03659 0.03642 0.03642 0.03659 0.03725 0.03976 0.10045 0.49897 (11)  3.238 +-  3.421
 108 S   0.10052 0.03977 0.03726 0.03659 0.03642 0.03642 0.03659 0.03725 0.03976 0.10045 0.49897 (11)  3.238 +-  3.421
 109 R   0.10052 0.03977 0.03726 0.03659 0.03642 0.03642 0.03659 0.03725 0.03976 0.10045 0.49897 (11)  3.238 +-  3.421
 110 Y   0.10052 0.03977 0.03726 0.03659 0.03642 0.03642 0.03659 0.03725 0.03976 0.10045 0.49897 (11)  3.238 +-  3.421
 111 V   0.10052 0.03977 0.03726 0.03659 0.03642 0.03642 0.03659 0.03725 0.03976 0.10045 0.49897 (11)  3.238 +-  3.421
 112 V   0.10052 0.03977 0.03726 0.03659 0.03642 0.03642 0.03659 0.03725 0.03976 0.10045 0.49897 (11)  3.238 +-  3.421
 113 K   0.10052 0.03977 0.03726 0.03659 0.03642 0.03642 0.03659 0.03725 0.03976 0.10045 0.49897 (11)  3.238 +-  3.421
 114 L   0.10052 0.03977 0.03726 0.03659 0.03642 0.03642 0.03659 0.03725 0.03976 0.10045 0.49897 (11)  3.238 +-  3.421
 115 A   0.10052 0.03977 0.03726 0.03659 0.03642 0.03642 0.03659 0.03725 0.03976 0.10045 0.49897 (11)  3.238 +-  3.421
 116 D   0.10052 0.03977 0.03726 0.03659 0.03642 0.03642 0.03659 0.03725 0.03976 0.10045 0.49897 (11)  3.238 +-  3.421
 117 F   0.10052 0.03977 0.03726 0.03660 0.03642 0.03642 0.03659 0.03725 0.03976 0.10045 0.49897 (11)  3.238 +-  3.421
 118 G   0.10052 0.03977 0.03726 0.03659 0.03642 0.03642 0.03659 0.03725 0.03976 0.10045 0.49898 (11)  3.238 +-  3.421
 119 L   0.10052 0.03977 0.03726 0.03659 0.03642 0.03642 0.03659 0.03725 0.03976 0.10045 0.49897 (11)  3.238 +-  3.421
 120 A   0.10052 0.03977 0.03726 0.03659 0.03642 0.03642 0.03659 0.03725 0.03976 0.10045 0.49897 (11)  3.238 +-  3.421
 121 R   0.10052 0.03977 0.03726 0.03659 0.03642 0.03642 0.03659 0.03725 0.03976 0.10045 0.49897 (11)  3.238 +-  3.421
 122 S   0.10052 0.03977 0.03726 0.03659 0.03642 0.03642 0.03659 0.03725 0.03976 0.10045 0.49898 (11)  3.238 +-  3.421
 123 I   0.10052 0.03977 0.03726 0.03659 0.03642 0.03642 0.03659 0.03725 0.03976 0.10045 0.49897 (11)  3.238 +-  3.421
 124 G   0.10052 0.03977 0.03726 0.03659 0.03642 0.03642 0.03659 0.03725 0.03976 0.10045 0.49897 (11)  3.238 +-  3.421
 125 Y   0.10052 0.03977 0.03726 0.03659 0.03642 0.03642 0.03659 0.03725 0.03976 0.10045 0.49898 (11)  3.238 +-  3.421
 126 P   0.10052 0.03977 0.03726 0.03659 0.03642 0.03642 0.03659 0.03725 0.03976 0.10045 0.49897 (11)  3.238 +-  3.421
 127 L   0.10052 0.03977 0.03726 0.03659 0.03642 0.03642 0.03659 0.03725 0.03976 0.10045 0.49898 (11)  3.238 +-  3.421
 128 R   0.10052 0.03977 0.03726 0.03659 0.03642 0.03642 0.03659 0.03725 0.03976 0.10045 0.49898 (11)  3.238 +-  3.421
 129 T   0.10052 0.03977 0.03726 0.03659 0.03642 0.03642 0.03659 0.03725 0.03976 0.10045 0.49897 (11)  3.238 +-  3.421
 130 L   0.10052 0.03977 0.03726 0.03659 0.03642 0.03642 0.03659 0.03725 0.03976 0.10045 0.49897 (11)  3.238 +-  3.421
 131 T   0.10052 0.03977 0.03726 0.03659 0.03642 0.03642 0.03659 0.03725 0.03976 0.10045 0.49897 (11)  3.238 +-  3.421
 132 H   0.10052 0.03977 0.03726 0.03659 0.03642 0.03642 0.03659 0.03725 0.03976 0.10045 0.49897 (11)  3.238 +-  3.421
 133 E   0.10052 0.03977 0.03726 0.03659 0.03642 0.03642 0.03659 0.03725 0.03976 0.10045 0.49897 (11)  3.238 +-  3.421
 134 I   0.10052 0.03977 0.03726 0.03660 0.03642 0.03642 0.03659 0.03725 0.03976 0.10045 0.49897 (11)  3.238 +-  3.421
 135 L   0.10052 0.03977 0.03726 0.03659 0.03642 0.03642 0.03659 0.03725 0.03976 0.10045 0.49898 (11)  3.238 +-  3.421
 136 L   0.10052 0.03977 0.03726 0.03659 0.03642 0.03642 0.03659 0.03725 0.03976 0.10045 0.49898 (11)  3.238 +-  3.421
 137 G   0.10052 0.03977 0.03726 0.03659 0.03642 0.03642 0.03659 0.03725 0.03976 0.10045 0.49898 (11)  3.238 +-  3.421
 138 E   0.10052 0.03977 0.03726 0.03659 0.03642 0.03642 0.03659 0.03725 0.03976 0.10045 0.49897 (11)  3.238 +-  3.421
 139 A   0.10052 0.03977 0.03726 0.03659 0.03642 0.03642 0.03659 0.03725 0.03976 0.10045 0.49897 (11)  3.238 +-  3.421
 140 V   0.10052 0.03977 0.03726 0.03659 0.03642 0.03642 0.03659 0.03725 0.03976 0.10045 0.49897 (11)  3.238 +-  3.421
 141 Y   0.10052 0.03977 0.03726 0.03659 0.03642 0.03642 0.03659 0.03725 0.03976 0.10045 0.49897 (11)  3.238 +-  3.421
 142 C   0.10052 0.03977 0.03726 0.03659 0.03642 0.03642 0.03659 0.03725 0.03976 0.10045 0.49897 (11)  3.238 +-  3.421
 143 C   0.10052 0.03977 0.03726 0.03659 0.03642 0.03642 0.03659 0.03725 0.03976 0.10045 0.49898 (11)  3.238 +-  3.421
 144 G   0.10052 0.03977 0.03726 0.03659 0.03642 0.03642 0.03659 0.03725 0.03976 0.10045 0.49898 (11)  3.238 +-  3.421
 145 V   0.10052 0.03977 0.03726 0.03659 0.03642 0.03642 0.03659 0.03725 0.03976 0.10045 0.49897 (11)  3.238 +-  3.421
 146 D   0.10052 0.03977 0.03726 0.03660 0.03642 0.03642 0.03659 0.03725 0.03976 0.10045 0.49897 (11)  3.238 +-  3.421
 147 M   0.10052 0.03977 0.03726 0.03660 0.03642 0.03642 0.03659 0.03725 0.03976 0.10045 0.49897 (11)  3.238 +-  3.421
 148 W   0.10052 0.03977 0.03726 0.03659 0.03642 0.03642 0.03659 0.03725 0.03976 0.10045 0.49898 (11)  3.238 +-  3.421
 149 S   0.10052 0.03977 0.03726 0.03659 0.03642 0.03642 0.03659 0.03725 0.03976 0.10045 0.49897 (11)  3.238 +-  3.421
 150 M   0.10052 0.03977 0.03726 0.03660 0.03642 0.03642 0.03659 0.03725 0.03976 0.10045 0.49897 (11)  3.238 +-  3.421
 151 G   0.10052 0.03977 0.03726 0.03659 0.03642 0.03642 0.03659 0.03725 0.03976 0.10045 0.49898 (11)  3.238 +-  3.421
 152 C   0.10052 0.03977 0.03726 0.03659 0.03642 0.03642 0.03659 0.03725 0.03976 0.10045 0.49897 (11)  3.238 +-  3.421
 153 I   0.10052 0.03977 0.03726 0.03659 0.03642 0.03642 0.03659 0.03725 0.03976 0.10045 0.49897 (11)  3.238 +-  3.421
 154 F   0.10052 0.03977 0.03726 0.03659 0.03642 0.03642 0.03659 0.03725 0.03976 0.10045 0.49897 (11)  3.238 +-  3.421
 155 A   0.10052 0.03977 0.03726 0.03659 0.03642 0.03642 0.03659 0.03725 0.03976 0.10045 0.49897 (11)  3.238 +-  3.421
 156 E   0.10052 0.03977 0.03726 0.03659 0.03642 0.03642 0.03659 0.03725 0.03976 0.10045 0.49897 (11)  3.238 +-  3.421
 157 M   0.10052 0.03977 0.03726 0.03660 0.03642 0.03642 0.03659 0.03725 0.03976 0.10045 0.49897 (11)  3.238 +-  3.421
 158 A   0.10052 0.03977 0.03726 0.03659 0.03642 0.03642 0.03659 0.03725 0.03976 0.10045 0.49897 (11)  3.238 +-  3.421
 159 T   0.10052 0.03977 0.03726 0.03659 0.03642 0.03642 0.03659 0.03725 0.03976 0.10045 0.49897 (11)  3.238 +-  3.421
 160 G   0.10052 0.03977 0.03726 0.03659 0.03642 0.03642 0.03659 0.03725 0.03976 0.10045 0.49898 (11)  3.238 +-  3.421
 161 D   0.10052 0.03977 0.03726 0.03660 0.03642 0.03642 0.03659 0.03725 0.03976 0.10045 0.49897 (11)  3.238 +-  3.421
 162 P   0.10052 0.03977 0.03726 0.03659 0.03642 0.03642 0.03659 0.03725 0.03976 0.10045 0.49897 (11)  3.238 +-  3.421
 163 L   0.10052 0.03977 0.03726 0.03659 0.03642 0.03642 0.03659 0.03725 0.03976 0.10045 0.49898 (11)  3.238 +-  3.421
 164 F   0.10052 0.03977 0.03726 0.03660 0.03642 0.03642 0.03659 0.03725 0.03976 0.10045 0.49897 (11)  3.238 +-  3.421
 165 C   0.10052 0.03977 0.03726 0.03659 0.03642 0.03642 0.03659 0.03725 0.03976 0.10045 0.49898 (11)  3.238 +-  3.421
 166 G   0.10052 0.03977 0.03726 0.03659 0.03642 0.03642 0.03659 0.03725 0.03976 0.10045 0.49898 (11)  3.238 +-  3.421
 167 D   0.10052 0.03977 0.03726 0.03659 0.03642 0.03642 0.03659 0.03725 0.03976 0.10045 0.49897 (11)  3.238 +-  3.421
 168 S   0.10052 0.03977 0.03726 0.03659 0.03642 0.03642 0.03659 0.03725 0.03976 0.10045 0.49897 (11)  3.238 +-  3.421
 169 E   0.10052 0.03977 0.03726 0.03659 0.03642 0.03642 0.03659 0.03725 0.03976 0.10045 0.49897 (11)  3.238 +-  3.421
 170 I   0.10052 0.03977 0.03726 0.03660 0.03642 0.03642 0.03659 0.03725 0.03976 0.10045 0.49897 (11)  3.238 +-  3.421
 171 D   0.10052 0.03977 0.03726 0.03660 0.03642 0.03642 0.03659 0.03725 0.03976 0.10045 0.49897 (11)  3.238 +-  3.421
 172 Q   0.10052 0.03977 0.03726 0.03659 0.03642 0.03642 0.03659 0.03725 0.03976 0.10045 0.49897 (11)  3.238 +-  3.421
 173 L   0.10052 0.03977 0.03726 0.03659 0.03642 0.03642 0.03659 0.03725 0.03976 0.10045 0.49897 (11)  3.238 +-  3.421
 174 L   0.10052 0.03977 0.03726 0.03659 0.03642 0.03642 0.03659 0.03725 0.03976 0.10045 0.49897 (11)  3.238 +-  3.421
 175 Q   0.10052 0.03977 0.03726 0.03659 0.03642 0.03642 0.03659 0.03725 0.03976 0.10045 0.49897 (11)  3.238 +-  3.421
 176 I   0.10052 0.03977 0.03726 0.03659 0.03642 0.03642 0.03659 0.03725 0.03976 0.10045 0.49897 (11)  3.238 +-  3.421
 177 F   0.10052 0.03977 0.03726 0.03660 0.03642 0.03642 0.03659 0.03725 0.03976 0.10045 0.49897 (11)  3.238 +-  3.421
 178 R   0.10052 0.03977 0.03726 0.03659 0.03642 0.03642 0.03659 0.03725 0.03976 0.10045 0.49898 (11)  3.238 +-  3.421
 179 T   0.10052 0.03977 0.03726 0.03659 0.03642 0.03642 0.03659 0.03725 0.03976 0.10045 0.49897 (11)  3.238 +-  3.421
 180 M   0.10052 0.03977 0.03726 0.03660 0.03642 0.03642 0.03659 0.03725 0.03976 0.10045 0.49897 (11)  3.238 +-  3.421
 181 G   0.10052 0.03977 0.03726 0.03659 0.03642 0.03642 0.03659 0.03725 0.03976 0.10045 0.49897 (11)  3.238 +-  3.421
 182 I   0.10052 0.03977 0.03726 0.03659 0.03642 0.03642 0.03659 0.03725 0.03976 0.10045 0.49897 (11)  3.238 +-  3.421
 183 P   0.10052 0.03977 0.03726 0.03659 0.03642 0.03642 0.03659 0.03725 0.03976 0.10045 0.49897 (11)  3.238 +-  3.421
 184 T   0.10052 0.03977 0.03726 0.03659 0.03642 0.03642 0.03659 0.03725 0.03976 0.10045 0.49897 (11)  3.238 +-  3.421
 185 E   0.10052 0.03977 0.03726 0.03659 0.03642 0.03642 0.03659 0.03725 0.03976 0.10045 0.49897 (11)  3.238 +-  3.421
 186 A   0.10052 0.03977 0.03726 0.03659 0.03642 0.03642 0.03659 0.03725 0.03976 0.10045 0.49897 (11)  3.238 +-  3.421
 187 T   0.10052 0.03977 0.03726 0.03659 0.03642 0.03642 0.03659 0.03725 0.03976 0.10045 0.49897 (11)  3.238 +-  3.421
 188 W   0.10052 0.03977 0.03726 0.03659 0.03642 0.03642 0.03659 0.03725 0.03976 0.10045 0.49898 (11)  3.238 +-  3.421
 189 P   0.10052 0.03977 0.03726 0.03659 0.03642 0.03642 0.03659 0.03725 0.03976 0.10045 0.49897 (11)  3.238 +-  3.421
 190 G   0.10052 0.03977 0.03726 0.03659 0.03642 0.03642 0.03659 0.03725 0.03976 0.10045 0.49898 (11)  3.238 +-  3.421
 191 V   0.10052 0.03977 0.03726 0.03659 0.03642 0.03642 0.03659 0.03725 0.03976 0.10045 0.49897 (11)  3.238 +-  3.421
 192 T   0.10052 0.03977 0.03726 0.03659 0.03642 0.03642 0.03659 0.03725 0.03976 0.10045 0.49897 (11)  3.238 +-  3.421
 193 G   0.10052 0.03977 0.03726 0.03659 0.03642 0.03642 0.03659 0.03725 0.03976 0.10045 0.49898 (11)  3.238 +-  3.421
 194 L   0.10052 0.03977 0.03726 0.03659 0.03642 0.03642 0.03659 0.03725 0.03976 0.10045 0.49897 (11)  3.238 +-  3.421
 195 P   0.10052 0.03977 0.03726 0.03659 0.03642 0.03642 0.03659 0.03725 0.03976 0.10045 0.49897 (11)  3.238 +-  3.421
 196 H   0.10052 0.03977 0.03726 0.03659 0.03642 0.03642 0.03659 0.03725 0.03976 0.10045 0.49897 (11)  3.238 +-  3.421
 197 Y   0.10052 0.03977 0.03726 0.03659 0.03642 0.03642 0.03659 0.03725 0.03976 0.10045 0.49897 (11)  3.238 +-  3.421
 198 K   0.10052 0.03977 0.03726 0.03659 0.03642 0.03642 0.03659 0.03725 0.03976 0.10045 0.49897 (11)  3.238 +-  3.421
 199 P   0.10052 0.03977 0.03726 0.03659 0.03642 0.03642 0.03659 0.03725 0.03976 0.10045 0.49897 (11)  3.238 +-  3.421
 200 K   0.10052 0.03977 0.03726 0.03659 0.03642 0.03642 0.03659 0.03725 0.03976 0.10045 0.49897 (11)  3.238 +-  3.421
 201 K   0.10052 0.03977 0.03726 0.03659 0.03642 0.03642 0.03659 0.03725 0.03976 0.10045 0.49897 (11)  3.238 +-  3.421
 202 I   0.10052 0.03977 0.03726 0.03659 0.03642 0.03642 0.03659 0.03725 0.03976 0.10045 0.49897 (11)  3.238 +-  3.421
 203 M   0.10052 0.03977 0.03726 0.03660 0.03642 0.03642 0.03659 0.03725 0.03976 0.10045 0.49897 (11)  3.238 +-  3.421
 204 R   0.10052 0.03977 0.03726 0.03659 0.03642 0.03642 0.03659 0.03725 0.03976 0.10045 0.49897 (11)  3.238 +-  3.421
 205 A   0.10052 0.03977 0.03726 0.03659 0.03642 0.03642 0.03659 0.03725 0.03976 0.10045 0.49897 (11)  3.238 +-  3.421
 206 L   0.10052 0.03977 0.03726 0.03659 0.03642 0.03642 0.03659 0.03725 0.03976 0.10045 0.49898 (11)  3.238 +-  3.421
 207 D   0.10052 0.03977 0.03726 0.03659 0.03642 0.03642 0.03659 0.03725 0.03976 0.10045 0.49897 (11)  3.238 +-  3.421
 208 G   0.10052 0.03977 0.03726 0.03659 0.03642 0.03642 0.03659 0.03725 0.03976 0.10045 0.49898 (11)  3.238 +-  3.421
 209 D   0.10052 0.03977 0.03726 0.03660 0.03642 0.03642 0.03659 0.03725 0.03976 0.10045 0.49897 (11)  3.238 +-  3.421
 210 G   0.10052 0.03977 0.03726 0.03659 0.03642 0.03642 0.03659 0.03725 0.03976 0.10045 0.49898 (11)  3.238 +-  3.421
 211 L   0.10052 0.03977 0.03726 0.03659 0.03642 0.03642 0.03659 0.03725 0.03976 0.10045 0.49897 (11)  3.238 +-  3.421
 212 D   0.10052 0.03977 0.03726 0.03660 0.03642 0.03642 0.03659 0.03725 0.03976 0.10045 0.49897 (11)  3.238 +-  3.421
 213 L   0.10052 0.03977 0.03726 0.03659 0.03642 0.03642 0.03659 0.03725 0.03976 0.10045 0.49897 (11)  3.238 +-  3.421
 214 L   0.10052 0.03977 0.03726 0.03659 0.03642 0.03642 0.03659 0.03725 0.03976 0.10045 0.49898 (11)  3.238 +-  3.421
 215 T   0.10052 0.03977 0.03726 0.03659 0.03642 0.03642 0.03659 0.03725 0.03976 0.10045 0.49897 (11)  3.238 +-  3.421
 216 A   0.10052 0.03977 0.03726 0.03659 0.03642 0.03642 0.03659 0.03725 0.03976 0.10045 0.49897 (11)  3.238 +-  3.421
 217 L   0.10052 0.03977 0.03726 0.03659 0.03642 0.03642 0.03659 0.03725 0.03976 0.10045 0.49897 (11)  3.238 +-  3.421
 218 L   0.10052 0.03977 0.03726 0.03659 0.03642 0.03642 0.03659 0.03725 0.03976 0.10045 0.49897 (11)  3.238 +-  3.421
 219 H   0.10052 0.03977 0.03726 0.03659 0.03642 0.03642 0.03659 0.03725 0.03976 0.10045 0.49897 (11)  3.238 +-  3.421
 220 Y   0.10052 0.03977 0.03726 0.03659 0.03642 0.03642 0.03659 0.03725 0.03976 0.10045 0.49898 (11)  3.238 +-  3.421
 221 D   0.10052 0.03977 0.03726 0.03659 0.03642 0.03642 0.03659 0.03725 0.03976 0.10045 0.49897 (11)  3.238 +-  3.421
 222 P   0.10052 0.03977 0.03726 0.03659 0.03642 0.03642 0.03659 0.03725 0.03976 0.10045 0.49897 (11)  3.238 +-  3.421
 223 P   0.10052 0.03977 0.03726 0.03659 0.03642 0.03642 0.03659 0.03725 0.03976 0.10045 0.49897 (11)  3.238 +-  3.421
 224 S   0.10052 0.03977 0.03726 0.03659 0.03642 0.03642 0.03659 0.03725 0.03976 0.10045 0.49897 (11)  3.238 +-  3.421
 225 R   0.10052 0.03977 0.03726 0.03659 0.03642 0.03642 0.03659 0.03725 0.03976 0.10045 0.49897 (11)  3.238 +-  3.421
 226 M   0.10052 0.03977 0.03726 0.03660 0.03642 0.03642 0.03659 0.03725 0.03976 0.10045 0.49897 (11)  3.238 +-  3.421
 227 N   0.10052 0.03977 0.03726 0.03660 0.03642 0.03642 0.03659 0.03725 0.03976 0.10045 0.49897 (11)  3.238 +-  3.421
 228 A   0.10052 0.03977 0.03726 0.03659 0.03642 0.03642 0.03659 0.03725 0.03976 0.10045 0.49897 (11)  3.238 +-  3.421
 229 Q   0.10052 0.03977 0.03726 0.03659 0.03642 0.03642 0.03659 0.03725 0.03976 0.10045 0.49897 (11)  3.238 +-  3.421
 230 Q   0.10052 0.03977 0.03726 0.03659 0.03642 0.03642 0.03659 0.03725 0.03976 0.10045 0.49897 (11)  3.238 +-  3.421
 231 T   0.10052 0.03977 0.03726 0.03659 0.03642 0.03642 0.03659 0.03725 0.03976 0.10045 0.49897 (11)  3.238 +-  3.421
 232 L   0.10052 0.03977 0.03726 0.03659 0.03642 0.03642 0.03659 0.03725 0.03976 0.10045 0.49897 (11)  3.238 +-  3.421
 233 L   0.10052 0.03977 0.03726 0.03659 0.03642 0.03642 0.03659 0.03725 0.03976 0.10045 0.49898 (11)  3.238 +-  3.421
 234 H   0.10052 0.03977 0.03726 0.03659 0.03642 0.03642 0.03659 0.03725 0.03976 0.10045 0.49897 (11)  3.238 +-  3.421
 235 P   0.10052 0.03977 0.03726 0.03659 0.03642 0.03642 0.03659 0.03725 0.03976 0.10045 0.49898 (11)  3.238 +-  3.421
 236 Y   0.10052 0.03977 0.03726 0.03659 0.03642 0.03642 0.03659 0.03725 0.03976 0.10045 0.49898 (11)  3.238 +-  3.421
 237 F   0.10052 0.03977 0.03726 0.03660 0.03642 0.03642 0.03659 0.03725 0.03976 0.10045 0.49897 (11)  3.238 +-  3.421
 238 A   0.10052 0.03977 0.03726 0.03659 0.03642 0.03642 0.03659 0.03725 0.03976 0.10045 0.49897 (11)  3.238 +-  3.421
 239 N   0.10052 0.03977 0.03726 0.03659 0.03642 0.03642 0.03659 0.03725 0.03976 0.10045 0.49897 (11)  3.238 +-  3.421
 240 F   0.10052 0.03977 0.03726 0.03660 0.03642 0.03642 0.03659 0.03725 0.03976 0.10045 0.49897 (11)  3.238 +-  3.421
 241 D   0.10052 0.03977 0.03726 0.03659 0.03642 0.03642 0.03659 0.03725 0.03976 0.10045 0.49897 (11)  3.238 +-  3.421
 242 K   0.10052 0.03977 0.03726 0.03659 0.03642 0.03642 0.03659 0.03725 0.03976 0.10045 0.49897 (11)  3.238 +-  3.421
 243 K   0.10052 0.03977 0.03726 0.03659 0.03642 0.03642 0.03659 0.03725 0.03976 0.10045 0.49897 (11)  3.238 +-  3.421
 244 P   0.10052 0.03977 0.03726 0.03659 0.03642 0.03642 0.03659 0.03725 0.03976 0.10045 0.49897 (11)  3.238 +-  3.421
 245 L   0.10052 0.03977 0.03726 0.03659 0.03642 0.03642 0.03659 0.03725 0.03976 0.10045 0.49898 (11)  3.238 +-  3.421
 246 P   0.10052 0.03977 0.03726 0.03659 0.03642 0.03642 0.03659 0.03725 0.03976 0.10045 0.49897 (11)  3.238 +-  3.421
 247 A   0.10052 0.03977 0.03726 0.03659 0.03642 0.03642 0.03659 0.03725 0.03976 0.10045 0.49897 (11)  3.238 +-  3.421
 248 V   0.10052 0.03977 0.03726 0.03659 0.03642 0.03642 0.03659 0.03725 0.03976 0.10045 0.49897 (11)  3.238 +-  3.421
 249 G   0.10052 0.03977 0.03726 0.03659 0.03642 0.03642 0.03659 0.03725 0.03976 0.10045 0.49897 (11)  3.238 +-  3.421
 250 E   0.10052 0.03977 0.03726 0.03659 0.03642 0.03642 0.03659 0.03725 0.03976 0.10045 0.49897 (11)  3.238 +-  3.421
 251 E   0.10052 0.03977 0.03726 0.03659 0.03642 0.03642 0.03659 0.03725 0.03976 0.10045 0.49897 (11)  3.238 +-  3.421
 252 Y   0.10052 0.03977 0.03726 0.03659 0.03642 0.03642 0.03659 0.03725 0.03976 0.10045 0.49898 (11)  3.238 +-  3.421
 253 I   0.10052 0.03977 0.03726 0.03660 0.03642 0.03642 0.03659 0.03725 0.03976 0.10045 0.49897 (11)  3.238 +-  3.421
 254 G   0.10052 0.03977 0.03726 0.03659 0.03642 0.03642 0.03659 0.03725 0.03976 0.10045 0.49898 (11)  3.238 +-  3.421
 255 L   0.10052 0.03977 0.03726 0.03659 0.03642 0.03642 0.03659 0.03725 0.03976 0.10045 0.49898 (11)  3.238 +-  3.421
 256 P   0.10052 0.03977 0.03726 0.03659 0.03642 0.03642 0.03659 0.03725 0.03976 0.10045 0.49897 (11)  3.238 +-  3.421
 257 I   0.10052 0.03977 0.03726 0.03660 0.03642 0.03642 0.03659 0.03725 0.03976 0.10045 0.49897 (11)  3.238 +-  3.421
 258 G   0.10052 0.03977 0.03726 0.03659 0.03642 0.03642 0.03659 0.03725 0.03976 0.10045 0.49898 (11)  3.238 +-  3.421
 259 R   0.10052 0.03977 0.03726 0.03659 0.03642 0.03642 0.03659 0.03725 0.03976 0.10045 0.49897 (11)  3.238 +-  3.421
 260 I   0.10052 0.03977 0.03726 0.03660 0.03642 0.03642 0.03659 0.03725 0.03976 0.10045 0.49897 (11)  3.238 +-  3.421
 261 P   0.10052 0.03977 0.03726 0.03659 0.03642 0.03642 0.03659 0.03725 0.03976 0.10045 0.49897 (11)  3.238 +-  3.421
 262 P   0.10052 0.03977 0.03726 0.03659 0.03642 0.03642 0.03659 0.03725 0.03976 0.10045 0.49897 (11)  3.238 +-  3.421
 263 D   0.10052 0.03977 0.03726 0.03659 0.03642 0.03642 0.03659 0.03725 0.03976 0.10045 0.49897 (11)  3.238 +-  3.421
 264 F   0.10052 0.03977 0.03726 0.03660 0.03642 0.03642 0.03659 0.03725 0.03976 0.10045 0.49897 (11)  3.238 +-  3.421
 265 A   0.10052 0.03977 0.03726 0.03659 0.03642 0.03642 0.03659 0.03725 0.03976 0.10045 0.49897 (11)  3.238 +-  3.421

Positively selected sites

	Prob(w>1)  mean w


