Supplemental results for CODEML (seqf: algn  treef: tree)


dN/dS (w) for site classes (K=8)

p:   0.12500  0.12500  0.12500  0.12500  0.12500  0.12500  0.12500  0.12500
w:   0.12872  0.14835  0.16123  0.17240  0.18337  0.19530  0.21013  0.23532

Naive Empirical Bayes (NEB) probabilities for 8 classes & postmean_w
(amino acids refer to 1st sequence: Mlig.2585)

   1 M   0.12584 0.12551 0.12530 0.12511 0.12493 0.12473 0.12449 0.12408 ( 1)  0.179
   2 Q   0.12618 0.12572 0.12542 0.12516 0.12490 0.12463 0.12428 0.12370 ( 1)  0.179
   3 N   0.12574 0.12545 0.12527 0.12510 0.12494 0.12477 0.12455 0.12418 ( 1)  0.179
   4 C   0.12534 0.12521 0.12512 0.12505 0.12497 0.12489 0.12480 0.12463 ( 1)  0.179
   5 Y   0.12552 0.12532 0.12519 0.12507 0.12496 0.12483 0.12468 0.12442 ( 1)  0.179
   6 N   0.12574 0.12545 0.12527 0.12510 0.12494 0.12477 0.12455 0.12418 ( 1)  0.179
   7 T   0.12593 0.12557 0.12533 0.12513 0.12493 0.12471 0.12444 0.12398 ( 1)  0.179
   8 D   0.12604 0.12564 0.12537 0.12514 0.12492 0.12467 0.12437 0.12385 ( 1)  0.179
   9 A   0.12622 0.12574 0.12543 0.12516 0.12490 0.12462 0.12426 0.12367 ( 1)  0.179
  10 R   0.12554 0.12533 0.12519 0.12507 0.12496 0.12483 0.12467 0.12440 ( 1)  0.179
  11 G   0.12567 0.12541 0.12524 0.12509 0.12495 0.12479 0.12459 0.12426 ( 1)  0.179
  12 G   0.12516 0.12510 0.12506 0.12502 0.12499 0.12495 0.12491 0.12483 ( 1)  0.179
  13 R   0.12554 0.12533 0.12519 0.12507 0.12496 0.12483 0.12467 0.12440 ( 1)  0.179
  14 R   0.12519 0.12512 0.12507 0.12503 0.12498 0.12494 0.12488 0.12479 ( 1)  0.179
  15 P   0.12522 0.12513 0.12508 0.12503 0.12498 0.12493 0.12487 0.12476 ( 1)  0.179
  16 A   0.12526 0.12516 0.12509 0.12504 0.12498 0.12492 0.12484 0.12471 ( 1)  0.179
  17 A   0.12622 0.12574 0.12543 0.12516 0.12490 0.12462 0.12426 0.12367 ( 1)  0.179
  18 E   0.12645 0.12589 0.12551 0.12519 0.12488 0.12454 0.12412 0.12341 ( 1)  0.179
  19 A   0.12559 0.12536 0.12521 0.12508 0.12495 0.12481 0.12464 0.12435 ( 1)  0.179
  20 A   0.12559 0.12536 0.12521 0.12508 0.12495 0.12481 0.12464 0.12435 ( 1)  0.179
  21 A   0.12559 0.12536 0.12521 0.12508 0.12495 0.12481 0.12464 0.12435 ( 1)  0.179
  22 A   0.12559 0.12536 0.12521 0.12508 0.12495 0.12481 0.12464 0.12435 ( 1)  0.179
  23 S   0.12516 0.12510 0.12506 0.12502 0.12499 0.12495 0.12490 0.12482 ( 1)  0.179
  24 D   0.12604 0.12564 0.12537 0.12514 0.12492 0.12467 0.12437 0.12385 ( 1)  0.179
  25 I   0.12543 0.12527 0.12515 0.12506 0.12497 0.12486 0.12474 0.12452 ( 1)  0.179
  26 D   0.12604 0.12564 0.12537 0.12514 0.12492 0.12467 0.12437 0.12385 ( 1)  0.179
  27 E   0.12645 0.12589 0.12551 0.12519 0.12488 0.12454 0.12412 0.12341 ( 1)  0.179
  28 R   0.12522 0.12513 0.12508 0.12503 0.12498 0.12493 0.12487 0.12476 ( 1)  0.179
  29 L   0.12598 0.12560 0.12535 0.12513 0.12492 0.12469 0.12440 0.12392 ( 1)  0.179
  30 T   0.12521 0.12513 0.12508 0.12503 0.12498 0.12493 0.12487 0.12476 ( 1)  0.179
  31 R   0.12578 0.12548 0.12528 0.12511 0.12494 0.12475 0.12453 0.12414 ( 1)  0.179
  32 R   0.12522 0.12513 0.12508 0.12503 0.12498 0.12493 0.12487 0.12476 ( 1)  0.179
  33 H   0.12586 0.12552 0.12530 0.12512 0.12493 0.12473 0.12448 0.12406 ( 1)  0.179
  34 L   0.12598 0.12560 0.12535 0.12513 0.12492 0.12469 0.12440 0.12392 ( 1)  0.179
  35 E   0.12645 0.12589 0.12551 0.12519 0.12488 0.12454 0.12412 0.12341 ( 1)  0.179
  36 T   0.12600 0.12561 0.12536 0.12514 0.12492 0.12468 0.12439 0.12390 ( 1)  0.179
  37 L   0.12598 0.12560 0.12535 0.12513 0.12492 0.12469 0.12440 0.12392 ( 1)  0.179
  38 E   0.12645 0.12589 0.12551 0.12519 0.12488 0.12454 0.12412 0.12341 ( 1)  0.179
  39 F   0.12509 0.12505 0.12503 0.12501 0.12499 0.12497 0.12495 0.12490 ( 1)  0.179
  40 A   0.12514 0.12508 0.12505 0.12502 0.12499 0.12496 0.12492 0.12485 ( 1)  0.179
  41 Q   0.12618 0.12572 0.12542 0.12516 0.12490 0.12463 0.12428 0.12370 ( 1)  0.179
  42 E   0.12645 0.12589 0.12551 0.12519 0.12488 0.12454 0.12412 0.12341 ( 1)  0.179
  43 I   0.12514 0.12508 0.12505 0.12502 0.12499 0.12496 0.12492 0.12485 ( 1)  0.179
  44 V   0.12627 0.12577 0.12545 0.12517 0.12490 0.12460 0.12423 0.12361 ( 1)  0.179
  45 R   0.12606 0.12565 0.12538 0.12514 0.12491 0.12467 0.12436 0.12384 ( 1)  0.179
  46 Q   0.12618 0.12572 0.12542 0.12516 0.12490 0.12463 0.12428 0.12370 ( 1)  0.179
  47 N   0.12527 0.12517 0.12510 0.12504 0.12498 0.12491 0.12483 0.12470 ( 1)  0.179
  48 R   0.12554 0.12533 0.12519 0.12507 0.12496 0.12483 0.12467 0.12440 ( 1)  0.179
  49 E   0.12645 0.12589 0.12551 0.12519 0.12488 0.12454 0.12412 0.12341 ( 1)  0.179
  50 L   0.12598 0.12560 0.12535 0.12513 0.12492 0.12469 0.12440 0.12392 ( 1)  0.179
  51 K   0.12628 0.12578 0.12545 0.12517 0.12490 0.12460 0.12422 0.12360 ( 1)  0.179
  52 A   0.12622 0.12574 0.12543 0.12516 0.12490 0.12462 0.12426 0.12367 ( 1)  0.179
  53 A   0.12622 0.12574 0.12543 0.12516 0.12490 0.12462 0.12426 0.12367 ( 1)  0.179
  54 V   0.12627 0.12577 0.12545 0.12517 0.12490 0.12460 0.12423 0.12361 ( 1)  0.179
  55 Q   0.12618 0.12572 0.12542 0.12516 0.12490 0.12463 0.12428 0.12370 ( 1)  0.179
  56 T   0.12552 0.12532 0.12518 0.12507 0.12496 0.12484 0.12469 0.12443 ( 1)  0.179
  57 L   0.12550 0.12530 0.12518 0.12507 0.12496 0.12484 0.12470 0.12445 ( 1)  0.179
  58 E   0.12547 0.12529 0.12517 0.12506 0.12496 0.12485 0.12471 0.12448 ( 1)  0.179
  59 E   0.12645 0.12589 0.12551 0.12519 0.12488 0.12454 0.12412 0.12341 ( 1)  0.179
  60 Q   0.12618 0.12572 0.12542 0.12516 0.12490 0.12463 0.12428 0.12370 ( 1)  0.179
  61 L   0.12598 0.12560 0.12535 0.12513 0.12492 0.12469 0.12440 0.12392 ( 1)  0.179
  62 L   0.12598 0.12560 0.12535 0.12513 0.12492 0.12469 0.12440 0.12392 ( 1)  0.179
  63 A   0.12622 0.12574 0.12543 0.12516 0.12490 0.12462 0.12426 0.12367 ( 1)  0.179
  64 A   0.12622 0.12574 0.12543 0.12516 0.12490 0.12462 0.12426 0.12367 ( 1)  0.179
  65 T   0.12511 0.12507 0.12504 0.12502 0.12499 0.12496 0.12493 0.12488 ( 1)  0.179
  66 K   0.12628 0.12578 0.12545 0.12517 0.12490 0.12460 0.12422 0.12360 ( 1)  0.179
  67 T   0.12600 0.12561 0.12536 0.12514 0.12492 0.12468 0.12439 0.12390 ( 1)  0.179
  68 E   0.12547 0.12529 0.12517 0.12506 0.12496 0.12485 0.12471 0.12448 ( 1)  0.179
  69 E   0.12547 0.12529 0.12517 0.12506 0.12496 0.12485 0.12471 0.12448 ( 1)  0.179
  70 A   0.12622 0.12574 0.12543 0.12516 0.12490 0.12462 0.12426 0.12367 ( 1)  0.179
  71 A   0.12514 0.12508 0.12505 0.12502 0.12499 0.12496 0.12492 0.12485 ( 1)  0.179
  72 G   0.12567 0.12541 0.12524 0.12509 0.12495 0.12479 0.12459 0.12426 ( 1)  0.179
  73 G   0.12529 0.12518 0.12510 0.12504 0.12498 0.12491 0.12482 0.12468 ( 1)  0.179
  74 G   0.12567 0.12541 0.12524 0.12509 0.12495 0.12479 0.12459 0.12426 ( 1)  0.179
  75 A   0.12526 0.12516 0.12509 0.12504 0.12498 0.12492 0.12484 0.12471 ( 1)  0.179
  76 Q   0.12618 0.12572 0.12542 0.12516 0.12490 0.12463 0.12428 0.12370 ( 1)  0.179
  77 H   0.12586 0.12552 0.12530 0.12512 0.12493 0.12473 0.12448 0.12406 ( 1)  0.179
  78 K   0.12533 0.12520 0.12512 0.12504 0.12497 0.12490 0.12480 0.12464 ( 1)  0.179
  79 S   0.12550 0.12531 0.12518 0.12507 0.12496 0.12484 0.12470 0.12445 ( 1)  0.179
  80 S   0.12550 0.12531 0.12518 0.12507 0.12496 0.12484 0.12470 0.12445 ( 1)  0.179
  81 Q   0.12618 0.12572 0.12542 0.12516 0.12490 0.12463 0.12428 0.12370 ( 1)  0.179
  82 Q   0.12618 0.12572 0.12542 0.12516 0.12490 0.12463 0.12428 0.12370 ( 1)  0.179
  83 M   0.12584 0.12551 0.12530 0.12511 0.12493 0.12473 0.12449 0.12408 ( 1)  0.179
  84 E   0.12645 0.12589 0.12551 0.12519 0.12488 0.12454 0.12412 0.12341 ( 1)  0.179
  85 D   0.12604 0.12564 0.12537 0.12514 0.12492 0.12467 0.12437 0.12385 ( 1)  0.179
  86 E   0.12547 0.12529 0.12517 0.12506 0.12496 0.12485 0.12471 0.12448 ( 1)  0.179
  87 T   0.12600 0.12561 0.12536 0.12514 0.12492 0.12468 0.12439 0.12390 ( 1)  0.179
  88 Q   0.12618 0.12572 0.12542 0.12516 0.12490 0.12463 0.12428 0.12370 ( 1)  0.179
  89 Q   0.12618 0.12572 0.12542 0.12516 0.12490 0.12463 0.12428 0.12370 ( 1)  0.179
  90 R   0.12606 0.12565 0.12538 0.12514 0.12491 0.12467 0.12436 0.12384 ( 1)  0.179
  91 L   0.12512 0.12507 0.12504 0.12502 0.12499 0.12496 0.12493 0.12487 ( 1)  0.179
  92 K   0.12628 0.12578 0.12545 0.12517 0.12490 0.12460 0.12422 0.12360 ( 1)  0.179
  93 E   0.12547 0.12529 0.12517 0.12506 0.12496 0.12485 0.12471 0.12448 ( 1)  0.179
  94 M   0.12584 0.12551 0.12530 0.12511 0.12493 0.12473 0.12449 0.12408 ( 1)  0.179
  95 Q   0.12618 0.12572 0.12542 0.12516 0.12490 0.12463 0.12428 0.12370 ( 1)  0.179
  96 D   0.12556 0.12534 0.12520 0.12508 0.12496 0.12482 0.12466 0.12438 ( 1)  0.179
  97 L   0.12598 0.12560 0.12535 0.12513 0.12492 0.12469 0.12440 0.12392 ( 1)  0.179
  98 C   0.12534 0.12521 0.12512 0.12505 0.12497 0.12489 0.12480 0.12463 ( 1)  0.179
  99 N   0.12574 0.12545 0.12527 0.12510 0.12494 0.12477 0.12455 0.12418 ( 1)  0.179
 100 Q   0.12618 0.12572 0.12542 0.12516 0.12490 0.12463 0.12428 0.12370 ( 1)  0.179
 101 R   0.12522 0.12513 0.12508 0.12503 0.12498 0.12493 0.12487 0.12476 ( 1)  0.179
 102 V   0.12627 0.12577 0.12545 0.12517 0.12490 0.12460 0.12423 0.12361 ( 1)  0.179
 103 D   0.12604 0.12564 0.12537 0.12514 0.12492 0.12467 0.12437 0.12385 ( 1)  0.179
 104 E   0.12645 0.12589 0.12551 0.12519 0.12488 0.12454 0.12412 0.12341 ( 1)  0.179
 105 V   0.12627 0.12577 0.12545 0.12517 0.12490 0.12460 0.12423 0.12361 ( 1)  0.179
 106 A   0.12559 0.12536 0.12521 0.12508 0.12495 0.12481 0.12464 0.12435 ( 1)  0.179
 107 K   0.12628 0.12578 0.12545 0.12517 0.12490 0.12460 0.12422 0.12360 ( 1)  0.179
 108 R   0.12522 0.12513 0.12508 0.12503 0.12498 0.12493 0.12487 0.12476 ( 1)  0.179
 109 L   0.12598 0.12560 0.12535 0.12513 0.12492 0.12469 0.12440 0.12392 ( 1)  0.179
 110 A   0.12559 0.12536 0.12521 0.12508 0.12495 0.12481 0.12464 0.12435 ( 1)  0.179
 111 E   0.08909 0.10293 0.11205 0.11997 0.12778 0.13629 0.14690 0.16499 ( 8)  0.185
 112 Q   0.12618 0.12572 0.12542 0.12516 0.12490 0.12463 0.12428 0.12370 ( 1)  0.179
 113 H   0.12586 0.12552 0.12530 0.12512 0.12493 0.12473 0.12448 0.12406 ( 1)  0.179
 114 E   0.12645 0.12589 0.12551 0.12519 0.12488 0.12454 0.12412 0.12341 ( 1)  0.179
 115 R   0.12554 0.12533 0.12519 0.12507 0.12496 0.12483 0.12467 0.12440 ( 1)  0.179
 116 E   0.12645 0.12589 0.12551 0.12519 0.12488 0.12454 0.12412 0.12341 ( 1)  0.179
 117 V   0.12627 0.12577 0.12545 0.12517 0.12490 0.12460 0.12423 0.12361 ( 1)  0.179
 118 A   0.12622 0.12574 0.12543 0.12516 0.12490 0.12462 0.12426 0.12367 ( 1)  0.179
 119 A   0.12622 0.12574 0.12543 0.12516 0.12490 0.12462 0.12426 0.12367 ( 1)  0.179
 120 L   0.12598 0.12560 0.12535 0.12513 0.12492 0.12469 0.12440 0.12392 ( 1)  0.179
 121 L   0.12598 0.12560 0.12535 0.12513 0.12492 0.12469 0.12440 0.12392 ( 1)  0.179
 122 H   0.12586 0.12552 0.12530 0.12512 0.12493 0.12473 0.12448 0.12406 ( 1)  0.179
 123 D   0.12556 0.12534 0.12520 0.12508 0.12496 0.12482 0.12466 0.12438 ( 1)  0.179
 124 R   0.12606 0.12565 0.12538 0.12514 0.12491 0.12467 0.12436 0.12384 ( 1)  0.179
 125 A   0.12622 0.12574 0.12543 0.12516 0.12490 0.12462 0.12426 0.12367 ( 1)  0.179
 126 E   0.12645 0.12589 0.12551 0.12519 0.12488 0.12454 0.12412 0.12341 ( 1)  0.179
 127 A   0.12622 0.12574 0.12543 0.12516 0.12490 0.12462 0.12426 0.12367 ( 1)  0.179
 128 E   0.12645 0.12589 0.12551 0.12519 0.12488 0.12454 0.12412 0.12341 ( 1)  0.179
 129 R   0.12606 0.12565 0.12538 0.12514 0.12491 0.12467 0.12436 0.12384 ( 1)  0.179
 130 T   0.12549 0.12530 0.12517 0.12507 0.12496 0.12485 0.12470 0.12446 ( 1)  0.179
 131 W   0.12557 0.12535 0.12520 0.12508 0.12495 0.12482 0.12465 0.12437 ( 1)  0.179
 132 Y   0.12552 0.12532 0.12519 0.12507 0.12496 0.12483 0.12468 0.12442 ( 1)  0.179
 133 S   0.12578 0.12547 0.12528 0.12511 0.12494 0.12476 0.12453 0.12415 ( 1)  0.179
 134 A   0.12559 0.12536 0.12521 0.12508 0.12495 0.12481 0.12464 0.12435 ( 1)  0.179
 135 R   0.12578 0.12548 0.12528 0.12511 0.12494 0.12475 0.12453 0.12414 ( 1)  0.179
 136 Q   0.12618 0.12572 0.12542 0.12516 0.12490 0.12463 0.12428 0.12370 ( 1)  0.179
 137 Q   0.12618 0.12572 0.12542 0.12516 0.12490 0.12463 0.12428 0.12370 ( 1)  0.179
 138 E   0.12607 0.12565 0.12538 0.12514 0.12491 0.12466 0.12435 0.12383 ( 1)  0.179
 139 Q   0.12618 0.12572 0.12542 0.12516 0.12490 0.12463 0.12428 0.12370 ( 1)  0.179
 140 A   0.12559 0.12536 0.12521 0.12508 0.12495 0.12481 0.12464 0.12435 ( 1)  0.179
 141 E   0.12645 0.12589 0.12551 0.12519 0.12488 0.12454 0.12412 0.12341 ( 1)  0.179
 142 L   0.12598 0.12560 0.12535 0.12513 0.12492 0.12469 0.12440 0.12392 ( 1)  0.179
 143 L   0.12550 0.12530 0.12518 0.12507 0.12496 0.12484 0.12470 0.12445 ( 1)  0.179
 144 K   0.12628 0.12578 0.12545 0.12517 0.12490 0.12460 0.12422 0.12360 ( 1)  0.179
 145 L   0.12530 0.12518 0.12511 0.12504 0.12498 0.12491 0.12482 0.12467 ( 1)  0.179
 146 Q   0.12618 0.12572 0.12542 0.12516 0.12490 0.12463 0.12428 0.12370 ( 1)  0.179
 147 T   0.09041 0.10392 0.11274 0.12036 0.12783 0.13592 0.14595 0.16288 ( 8)  0.185
 148 A   0.12622 0.12574 0.12543 0.12516 0.12490 0.12462 0.12426 0.12367 ( 1)  0.179
 149 L   0.12530 0.12518 0.12511 0.12504 0.12498 0.12491 0.12482 0.12467 ( 1)  0.179
 150 R   0.12554 0.12533 0.12519 0.12507 0.12496 0.12483 0.12467 0.12440 ( 1)  0.179
 151 D   0.12604 0.12564 0.12537 0.12514 0.12492 0.12467 0.12437 0.12385 ( 1)  0.179
 152 R   0.12606 0.12565 0.12538 0.12514 0.12491 0.12467 0.12436 0.12384 ( 1)  0.179
 153 D   0.12604 0.12564 0.12537 0.12514 0.12492 0.12467 0.12437 0.12385 ( 1)  0.179
 154 E   0.12645 0.12589 0.12551 0.12519 0.12488 0.12454 0.12412 0.12341 ( 1)  0.179
 155 L   0.12598 0.12560 0.12535 0.12513 0.12492 0.12469 0.12440 0.12392 ( 1)  0.179
 156 V   0.09062 0.10408 0.11285 0.12043 0.12783 0.13586 0.14579 0.16253 ( 8)  0.185
 157 A   0.12559 0.12536 0.12521 0.12508 0.12495 0.12481 0.12464 0.12435 ( 1)  0.179
 158 Q   0.12618 0.12572 0.12542 0.12516 0.12490 0.12463 0.12428 0.12370 ( 1)  0.179
 159 L   0.12598 0.12560 0.12535 0.12513 0.12492 0.12469 0.12440 0.12392 ( 1)  0.179
 160 E   0.12645 0.12589 0.12551 0.12519 0.12488 0.12454 0.12412 0.12341 ( 1)  0.179
 161 A   0.12514 0.12508 0.12505 0.12502 0.12499 0.12496 0.12492 0.12485 ( 1)  0.179
 162 R   0.12606 0.12565 0.12538 0.12514 0.12491 0.12467 0.12436 0.12384 ( 1)  0.179
 163 V   0.12514 0.12509 0.12505 0.12502 0.12499 0.12495 0.12491 0.12484 ( 1)  0.179
 164 G   0.12562 0.12538 0.12522 0.12508 0.12495 0.12480 0.12462 0.12431 ( 1)  0.179
 165 Q   0.12538 0.12523 0.12513 0.12505 0.12497 0.12488 0.12477 0.12459 ( 1)  0.179
 166 K   0.09047 0.10396 0.11277 0.12038 0.12783 0.13590 0.14590 0.16277 ( 8)  0.185
 167 A   0.12559 0.12536 0.12521 0.12508 0.12495 0.12481 0.12464 0.12435 ( 1)  0.179
 168 E   0.12645 0.12589 0.12551 0.12519 0.12488 0.12454 0.12412 0.12341 ( 1)  0.179
 169 A   0.12622 0.12574 0.12543 0.12516 0.12490 0.12462 0.12426 0.12367 ( 1)  0.179
 170 L   0.12598 0.12560 0.12535 0.12513 0.12492 0.12469 0.12440 0.12392 ( 1)  0.179
 171 T   0.12521 0.12513 0.12508 0.12503 0.12498 0.12493 0.12487 0.12476 ( 1)  0.179
 172 A   0.12622 0.12574 0.12543 0.12516 0.12490 0.12462 0.12426 0.12367 ( 1)  0.179
 173 E   0.09075 0.10417 0.11292 0.12046 0.12784 0.13583 0.14570 0.16233 ( 8)  0.185
 174 A   0.12622 0.12574 0.12543 0.12516 0.12490 0.12462 0.12426 0.12367 ( 1)  0.179
 175 E   0.12645 0.12589 0.12551 0.12519 0.12488 0.12454 0.12412 0.12341 ( 1)  0.179
 176 R   0.12522 0.12513 0.12508 0.12503 0.12498 0.12493 0.12487 0.12476 ( 1)  0.179
 177 A   0.12622 0.12574 0.12543 0.12516 0.12490 0.12462 0.12426 0.12367 ( 1)  0.179
 178 T   0.12600 0.12561 0.12536 0.12514 0.12492 0.12468 0.12439 0.12390 ( 1)  0.179
 179 S   0.12578 0.12547 0.12528 0.12511 0.12494 0.12476 0.12453 0.12415 ( 1)  0.179
 180 L   0.12598 0.12560 0.12535 0.12513 0.12492 0.12469 0.12440 0.12392 ( 1)  0.179
 181 E   0.12645 0.12589 0.12551 0.12519 0.12488 0.12454 0.12412 0.12341 ( 1)  0.179
 182 A   0.12622 0.12574 0.12543 0.12516 0.12490 0.12462 0.12426 0.12367 ( 1)  0.179
 183 A   0.12526 0.12516 0.12509 0.12504 0.12498 0.12492 0.12484 0.12471 ( 1)  0.179
 184 V   0.12627 0.12577 0.12545 0.12517 0.12490 0.12460 0.12423 0.12361 ( 1)  0.179
 185 A   0.12514 0.12508 0.12505 0.12502 0.12499 0.12496 0.12492 0.12485 ( 1)  0.179
 186 A   0.12622 0.12574 0.12543 0.12516 0.12490 0.12462 0.12426 0.12367 ( 1)  0.179
 187 A   0.12526 0.12516 0.12509 0.12504 0.12498 0.12492 0.12484 0.12471 ( 1)  0.179
 188 V   0.12562 0.12538 0.12522 0.12508 0.12495 0.12481 0.12462 0.12432 ( 1)  0.179
 189 K   0.12628 0.12578 0.12545 0.12517 0.12490 0.12460 0.12422 0.12360 ( 1)  0.179
 190 E   0.12645 0.12589 0.12551 0.12519 0.12488 0.12454 0.12412 0.12341 ( 1)  0.179
 191 R   0.12606 0.12565 0.12538 0.12514 0.12491 0.12467 0.12436 0.12384 ( 1)  0.179
 192 D   0.12604 0.12564 0.12537 0.12514 0.12492 0.12467 0.12437 0.12385 ( 1)  0.179
 193 A   0.12526 0.12516 0.12509 0.12504 0.12498 0.12492 0.12484 0.12471 ( 1)  0.179
 194 A   0.12559 0.12536 0.12521 0.12508 0.12495 0.12481 0.12464 0.12435 ( 1)  0.179
 195 R   0.12578 0.12548 0.12528 0.12511 0.12494 0.12475 0.12453 0.12414 ( 1)  0.179
 196 R   0.12606 0.12565 0.12538 0.12514 0.12491 0.12467 0.12436 0.12384 ( 1)  0.179
 197 S   0.12578 0.12547 0.12528 0.12511 0.12494 0.12476 0.12453 0.12415 ( 1)  0.179
 198 L   0.12598 0.12560 0.12535 0.12513 0.12492 0.12469 0.12440 0.12392 ( 1)  0.179
 199 T   0.12600 0.12561 0.12536 0.12514 0.12492 0.12468 0.12439 0.12390 ( 1)  0.179
 200 A   0.12622 0.12574 0.12543 0.12516 0.12490 0.12462 0.12426 0.12367 ( 1)  0.179
 201 A   0.12526 0.12516 0.12509 0.12504 0.12498 0.12492 0.12484 0.12471 ( 1)  0.179
 202 E   0.12645 0.12589 0.12551 0.12519 0.12488 0.12454 0.12412 0.12341 ( 1)  0.179
 203 E   0.12645 0.12589 0.12551 0.12519 0.12488 0.12454 0.12412 0.12341 ( 1)  0.179
 204 R   0.12554 0.12533 0.12519 0.12507 0.12496 0.12483 0.12467 0.12440 ( 1)  0.179
 205 R   0.12522 0.12513 0.12508 0.12503 0.12498 0.12493 0.12487 0.12476 ( 1)  0.179
 206 R   0.12554 0.12533 0.12519 0.12507 0.12496 0.12483 0.12467 0.12440 ( 1)  0.179
 207 E   0.12645 0.12589 0.12551 0.12519 0.12488 0.12454 0.12412 0.12341 ( 1)  0.179
 208 E   0.12645 0.12589 0.12551 0.12519 0.12488 0.12454 0.12412 0.12341 ( 1)  0.179
 209 E   0.12645 0.12589 0.12551 0.12519 0.12488 0.12454 0.12412 0.12341 ( 1)  0.179
 210 A   0.12559 0.12536 0.12521 0.12508 0.12495 0.12481 0.12464 0.12435 ( 1)  0.179
 211 A   0.12514 0.12508 0.12505 0.12502 0.12499 0.12496 0.12492 0.12485 ( 1)  0.179
 212 Q   0.12538 0.12523 0.12513 0.12505 0.12497 0.12488 0.12477 0.12459 ( 1)  0.179
 213 H   0.12586 0.12552 0.12530 0.12512 0.12493 0.12473 0.12448 0.12406 ( 1)  0.179
 214 E   0.12645 0.12589 0.12551 0.12519 0.12488 0.12454 0.12412 0.12341 ( 1)  0.179
 215 L   0.12550 0.12530 0.12518 0.12507 0.12496 0.12484 0.12470 0.12445 ( 1)  0.179
 216 S   0.12550 0.12531 0.12518 0.12507 0.12496 0.12484 0.12470 0.12445 ( 1)  0.179
 217 A   0.12622 0.12574 0.12543 0.12516 0.12490 0.12462 0.12426 0.12367 ( 1)  0.179
 218 E   0.12645 0.12589 0.12551 0.12519 0.12488 0.12454 0.12412 0.12341 ( 1)  0.179
 219 R   0.12554 0.12533 0.12519 0.12507 0.12496 0.12483 0.12467 0.12440 ( 1)  0.179
 220 Q   0.12618 0.12572 0.12542 0.12516 0.12490 0.12463 0.12428 0.12370 ( 1)  0.179
 221 K   0.12533 0.12520 0.12512 0.12504 0.12497 0.12490 0.12480 0.12464 ( 1)  0.179
 222 C   0.12534 0.12521 0.12512 0.12505 0.12497 0.12489 0.12480 0.12463 ( 1)  0.179
 223 A   0.12559 0.12536 0.12521 0.12508 0.12495 0.12481 0.12464 0.12435 ( 1)  0.179
 224 E   0.12645 0.12589 0.12551 0.12519 0.12488 0.12454 0.12412 0.12341 ( 1)  0.179
 225 L   0.12598 0.12560 0.12535 0.12513 0.12492 0.12469 0.12440 0.12392 ( 1)  0.179
 226 R   0.12542 0.12526 0.12515 0.12506 0.12497 0.12487 0.12474 0.12453 ( 1)  0.179
 227 L   0.12512 0.12507 0.12504 0.12502 0.12499 0.12496 0.12493 0.12487 ( 1)  0.179
 228 R   0.12606 0.12565 0.12538 0.12514 0.12491 0.12467 0.12436 0.12384 ( 1)  0.179
 229 L   0.12550 0.12530 0.12518 0.12507 0.12496 0.12484 0.12470 0.12445 ( 1)  0.179
 230 D   0.12604 0.12564 0.12537 0.12514 0.12492 0.12467 0.12437 0.12385 ( 1)  0.179
 231 Q   0.12618 0.12572 0.12542 0.12516 0.12490 0.12463 0.12428 0.12370 ( 1)  0.179
 232 L   0.12598 0.12560 0.12535 0.12513 0.12492 0.12469 0.12440 0.12392 ( 1)  0.179
 233 A   0.12622 0.12574 0.12543 0.12516 0.12490 0.12462 0.12426 0.12367 ( 1)  0.179
 234 R   0.12554 0.12533 0.12519 0.12507 0.12496 0.12483 0.12467 0.12440 ( 1)  0.179
 235 D   0.12604 0.12564 0.12537 0.12514 0.12492 0.12467 0.12437 0.12385 ( 1)  0.179
 236 R   0.12554 0.12533 0.12519 0.12507 0.12496 0.12483 0.12467 0.12440 ( 1)  0.179
 237 D   0.12604 0.12564 0.12537 0.12514 0.12492 0.12467 0.12437 0.12385 ( 1)  0.179
 238 A   0.12559 0.12536 0.12521 0.12508 0.12495 0.12481 0.12464 0.12435 ( 1)  0.179
 239 D   0.12604 0.12564 0.12537 0.12514 0.12492 0.12467 0.12437 0.12385 ( 1)  0.179
 240 S   0.12550 0.12531 0.12518 0.12507 0.12496 0.12484 0.12470 0.12445 ( 1)  0.179
 241 Q   0.12618 0.12572 0.12542 0.12516 0.12490 0.12463 0.12428 0.12370 ( 1)  0.179
 242 A   0.12555 0.12534 0.12520 0.12507 0.12496 0.12483 0.12467 0.12439 ( 1)  0.179
 243 E   0.12645 0.12589 0.12551 0.12519 0.12488 0.12454 0.12412 0.12341 ( 1)  0.179
 244 A   0.12622 0.12574 0.12543 0.12516 0.12490 0.12462 0.12426 0.12367 ( 1)  0.179
 245 E   0.12645 0.12589 0.12551 0.12519 0.12488 0.12454 0.12412 0.12341 ( 1)  0.179
 246 R   0.12606 0.12565 0.12538 0.12514 0.12491 0.12467 0.12436 0.12384 ( 1)  0.179
 247 Q   0.12618 0.12572 0.12542 0.12516 0.12490 0.12463 0.12428 0.12370 ( 1)  0.179
 248 R   0.12554 0.12533 0.12519 0.12507 0.12496 0.12483 0.12467 0.12440 ( 1)  0.179
 249 Q   0.12618 0.12572 0.12542 0.12516 0.12490 0.12463 0.12428 0.12370 ( 1)  0.179
 250 L   0.12598 0.12560 0.12535 0.12513 0.12492 0.12469 0.12440 0.12392 ( 1)  0.179
 251 E   0.12645 0.12589 0.12551 0.12519 0.12488 0.12454 0.12412 0.12341 ( 1)  0.179
 252 D   0.12604 0.12564 0.12537 0.12514 0.12492 0.12467 0.12437 0.12385 ( 1)  0.179
 253 C   0.12534 0.12521 0.12512 0.12505 0.12497 0.12489 0.12480 0.12463 ( 1)  0.179
 254 Q   0.12618 0.12572 0.12542 0.12516 0.12490 0.12463 0.12428 0.12370 ( 1)  0.179
 255 R   0.12554 0.12533 0.12519 0.12507 0.12496 0.12483 0.12467 0.12440 ( 1)  0.179
 256 E   0.12645 0.12589 0.12551 0.12519 0.12488 0.12454 0.12412 0.12341 ( 1)  0.179
 257 L   0.12598 0.12560 0.12535 0.12513 0.12492 0.12469 0.12440 0.12392 ( 1)  0.179
 258 E   0.12645 0.12589 0.12551 0.12519 0.12488 0.12454 0.12412 0.12341 ( 1)  0.179
 259 E   0.12645 0.12589 0.12551 0.12519 0.12488 0.12454 0.12412 0.12341 ( 1)  0.179
 260 L   0.12598 0.12560 0.12535 0.12513 0.12492 0.12469 0.12440 0.12392 ( 1)  0.179
 261 R   0.12554 0.12533 0.12519 0.12507 0.12496 0.12483 0.12467 0.12440 ( 1)  0.179
 262 Q   0.12618 0.12572 0.12542 0.12516 0.12490 0.12463 0.12428 0.12370 ( 1)  0.179
 263 R   0.12522 0.12513 0.12508 0.12503 0.12498 0.12493 0.12487 0.12476 ( 1)  0.179
 264 A   0.12559 0.12536 0.12521 0.12508 0.12495 0.12481 0.12464 0.12435 ( 1)  0.179
 265 E   0.12645 0.12589 0.12551 0.12519 0.12488 0.12454 0.12412 0.12341 ( 1)  0.179
 266 R   0.12606 0.12565 0.12538 0.12514 0.12491 0.12467 0.12436 0.12384 ( 1)  0.179
 267 L   0.12598 0.12560 0.12535 0.12513 0.12492 0.12469 0.12440 0.12392 ( 1)  0.179
 268 E   0.09005 0.10365 0.11255 0.12026 0.12781 0.13602 0.14621 0.16345 ( 8)  0.185
 269 L   0.12550 0.12530 0.12518 0.12507 0.12496 0.12484 0.12470 0.12445 ( 1)  0.179
 270 R   0.12597 0.12559 0.12534 0.12513 0.12492 0.12469 0.12441 0.12394 ( 1)  0.179
 271 L   0.12598 0.12560 0.12535 0.12513 0.12492 0.12469 0.12440 0.12392 ( 1)  0.179
 272 A   0.12559 0.12536 0.12521 0.12508 0.12495 0.12481 0.12464 0.12435 ( 1)  0.179
 273 D   0.12604 0.12564 0.12537 0.12514 0.12492 0.12467 0.12437 0.12385 ( 1)  0.179
 274 S   0.12578 0.12547 0.12528 0.12511 0.12494 0.12476 0.12453 0.12415 ( 1)  0.179
 275 E   0.12645 0.12589 0.12551 0.12519 0.12488 0.12454 0.12412 0.12341 ( 1)  0.179
 276 R   0.12554 0.12533 0.12519 0.12507 0.12496 0.12483 0.12467 0.12440 ( 1)  0.179
 277 R   0.12606 0.12565 0.12538 0.12514 0.12491 0.12467 0.12436 0.12384 ( 1)  0.179
 278 L   0.12598 0.12560 0.12535 0.12513 0.12492 0.12469 0.12440 0.12392 ( 1)  0.179
 279 A   0.12526 0.12516 0.12509 0.12504 0.12498 0.12492 0.12484 0.12471 ( 1)  0.179
 280 E   0.12645 0.12589 0.12551 0.12519 0.12488 0.12454 0.12412 0.12341 ( 1)  0.179
 281 A   0.12563 0.12538 0.12522 0.12509 0.12495 0.12480 0.12462 0.12431 ( 1)  0.179
 282 R   0.12554 0.12533 0.12519 0.12507 0.12496 0.12483 0.12467 0.12440 ( 1)  0.179
 283 A   0.12559 0.12536 0.12521 0.12508 0.12495 0.12481 0.12464 0.12435 ( 1)  0.179
 284 Q   0.12538 0.12523 0.12513 0.12505 0.12497 0.12488 0.12477 0.12459 ( 1)  0.179
 285 E   0.12547 0.12529 0.12517 0.12506 0.12496 0.12485 0.12471 0.12448 ( 1)  0.179
 286 S   0.12578 0.12547 0.12528 0.12511 0.12494 0.12476 0.12453 0.12415 ( 1)  0.179
 287 R   0.12554 0.12533 0.12519 0.12507 0.12496 0.12483 0.12467 0.12440 ( 1)  0.179
 288 L   0.12598 0.12560 0.12535 0.12513 0.12492 0.12469 0.12440 0.12392 ( 1)  0.179
 289 A   0.12514 0.12508 0.12505 0.12502 0.12499 0.12496 0.12492 0.12485 ( 1)  0.179
 290 A   0.12622 0.12574 0.12543 0.12516 0.12490 0.12462 0.12426 0.12367 ( 1)  0.179
 291 E   0.12645 0.12589 0.12551 0.12519 0.12488 0.12454 0.12412 0.12341 ( 1)  0.179
 292 N   0.12574 0.12545 0.12527 0.12510 0.12494 0.12477 0.12455 0.12418 ( 1)  0.179
 293 A   0.09045 0.10395 0.11276 0.12038 0.12783 0.13591 0.14592 0.16281 ( 8)  0.185
 294 A   0.12526 0.12516 0.12509 0.12504 0.12498 0.12492 0.12484 0.12471 ( 1)  0.179
 295 L   0.12580 0.12549 0.12528 0.12511 0.12494 0.12475 0.12452 0.12412 ( 1)  0.179
 296 E   0.12645 0.12589 0.12551 0.12519 0.12488 0.12454 0.12412 0.12341 ( 1)  0.179
 297 A   0.12559 0.12536 0.12521 0.12508 0.12495 0.12481 0.12464 0.12435 ( 1)  0.179
 298 E   0.12547 0.12529 0.12517 0.12506 0.12496 0.12485 0.12471 0.12448 ( 1)  0.179
 299 I   0.12514 0.12508 0.12505 0.12502 0.12499 0.12496 0.12492 0.12485 ( 1)  0.179
 300 E   0.12645 0.12589 0.12551 0.12519 0.12488 0.12454 0.12412 0.12341 ( 1)  0.179
 301 A   0.12622 0.12574 0.12543 0.12516 0.12490 0.12462 0.12426 0.12367 ( 1)  0.179
 302 L   0.12598 0.12560 0.12535 0.12513 0.12492 0.12469 0.12440 0.12392 ( 1)  0.179
 303 R   0.12606 0.12565 0.12538 0.12514 0.12491 0.12467 0.12436 0.12384 ( 1)  0.179
 304 L   0.12598 0.12560 0.12535 0.12513 0.12492 0.12469 0.12440 0.12392 ( 1)  0.179
 305 A   0.12559 0.12536 0.12521 0.12508 0.12495 0.12481 0.12464 0.12435 ( 1)  0.179
 306 A   0.12526 0.12516 0.12509 0.12504 0.12498 0.12492 0.12484 0.12471 ( 1)  0.179
 307 K   0.12628 0.12578 0.12545 0.12517 0.12490 0.12460 0.12422 0.12360 ( 1)  0.179
 308 R   0.12554 0.12533 0.12519 0.12507 0.12496 0.12483 0.12467 0.12440 ( 1)  0.179
 309 Q   0.12538 0.12523 0.12513 0.12505 0.12497 0.12488 0.12477 0.12459 ( 1)  0.179
 310 K   0.08995 0.10357 0.11250 0.12023 0.12781 0.13605 0.14628 0.16362 ( 8)  0.185
 311 Q   0.12618 0.12572 0.12542 0.12516 0.12490 0.12463 0.12428 0.12370 ( 1)  0.179
 312 P   0.12602 0.12562 0.12536 0.12514 0.12492 0.12468 0.12438 0.12388 ( 1)  0.179
 313 A   0.12622 0.12574 0.12543 0.12516 0.12490 0.12462 0.12426 0.12367 ( 1)  0.179
 314 P   0.12602 0.12562 0.12536 0.12514 0.12492 0.12468 0.12438 0.12388 ( 1)  0.179
 315 L   0.12598 0.12560 0.12535 0.12513 0.12492 0.12469 0.12440 0.12392 ( 1)  0.179
 316 A   0.12622 0.12574 0.12543 0.12516 0.12490 0.12462 0.12426 0.12367 ( 1)  0.179
 317 Q   0.12618 0.12572 0.12542 0.12516 0.12490 0.12463 0.12428 0.12370 ( 1)  0.179
 318 A   0.12622 0.12574 0.12543 0.12516 0.12490 0.12462 0.12426 0.12367 ( 1)  0.179
 319 P   0.12522 0.12513 0.12508 0.12503 0.12498 0.12493 0.12487 0.12476 ( 1)  0.179
 320 K   0.12628 0.12578 0.12545 0.12517 0.12490 0.12460 0.12422 0.12360 ( 1)  0.179
 321 Q   0.12618 0.12572 0.12542 0.12516 0.12490 0.12463 0.12428 0.12370 ( 1)  0.179
 322 Q   0.12618 0.12572 0.12542 0.12516 0.12490 0.12463 0.12428 0.12370 ( 1)  0.179
 323 A   0.12622 0.12574 0.12543 0.12516 0.12490 0.12462 0.12426 0.12367 ( 1)  0.179
 324 A   0.12526 0.12516 0.12509 0.12504 0.12498 0.12492 0.12484 0.12471 ( 1)  0.179
 325 T   0.12600 0.12561 0.12536 0.12514 0.12492 0.12468 0.12439 0.12390 ( 1)  0.179
 326 A   0.12622 0.12574 0.12543 0.12516 0.12490 0.12462 0.12426 0.12367 ( 1)  0.179
 327 R   0.12574 0.12545 0.12526 0.12510 0.12494 0.12477 0.12455 0.12419 ( 1)  0.179
 328 E   0.12645 0.12589 0.12551 0.12519 0.12488 0.12454 0.12412 0.12341 ( 1)  0.179
 329 S   0.12509 0.12506 0.12503 0.12501 0.12499 0.12497 0.12494 0.12490 ( 1)  0.179
 330 G   0.12567 0.12541 0.12524 0.12509 0.12495 0.12479 0.12459 0.12426 ( 1)  0.179
 331 D   0.12604 0.12564 0.12537 0.12514 0.12492 0.12467 0.12437 0.12385 ( 1)  0.179
 332 A   0.12622 0.12574 0.12543 0.12516 0.12490 0.12462 0.12426 0.12367 ( 1)  0.179
 333 N   0.12527 0.12517 0.12510 0.12504 0.12498 0.12491 0.12483 0.12470 ( 1)  0.179
 334 F   0.12509 0.12505 0.12503 0.12501 0.12499 0.12497 0.12495 0.12490 ( 1)  0.179
 335 R   0.12554 0.12533 0.12519 0.12507 0.12496 0.12483 0.12467 0.12440 ( 1)  0.179
 336 E   0.12547 0.12529 0.12517 0.12506 0.12496 0.12485 0.12471 0.12448 ( 1)  0.179
 337 F   0.12530 0.12518 0.12511 0.12504 0.12498 0.12491 0.12482 0.12467 ( 1)  0.179
 338 V   0.12562 0.12538 0.12522 0.12508 0.12495 0.12481 0.12462 0.12432 ( 1)  0.179
 339 A   0.12559 0.12536 0.12521 0.12508 0.12495 0.12481 0.12464 0.12435 ( 1)  0.179
 340 V   0.12562 0.12538 0.12522 0.12508 0.12495 0.12481 0.12462 0.12432 ( 1)  0.179
 341 K   0.12533 0.12520 0.12512 0.12504 0.12497 0.12490 0.12480 0.12464 ( 1)  0.179
 342 R   0.12606 0.12565 0.12538 0.12514 0.12491 0.12467 0.12436 0.12384 ( 1)  0.179
 343 E   0.12645 0.12589 0.12551 0.12519 0.12488 0.12454 0.12412 0.12341 ( 1)  0.179
 344 V   0.12627 0.12577 0.12545 0.12517 0.12490 0.12460 0.12423 0.12361 ( 1)  0.179
 345 A   0.12622 0.12574 0.12543 0.12516 0.12490 0.12462 0.12426 0.12367 ( 1)  0.179
 346 A   0.12622 0.12574 0.12543 0.12516 0.12490 0.12462 0.12426 0.12367 ( 1)  0.179
 347 L   0.12598 0.12560 0.12535 0.12513 0.12492 0.12469 0.12440 0.12392 ( 1)  0.179
 348 R   0.12538 0.12524 0.12514 0.12505 0.12497 0.12488 0.12477 0.12458 ( 1)  0.179
 349 E   0.12607 0.12565 0.12538 0.12514 0.12491 0.12466 0.12435 0.12383 ( 1)  0.179
 350 E   0.12645 0.12589 0.12551 0.12519 0.12488 0.12454 0.12412 0.12341 ( 1)  0.179
 351 N   0.12574 0.12545 0.12527 0.12510 0.12494 0.12477 0.12455 0.12418 ( 1)  0.179
 352 E   0.12645 0.12589 0.12551 0.12519 0.12488 0.12454 0.12412 0.12341 ( 1)  0.179
 353 R   0.12606 0.12565 0.12538 0.12514 0.12491 0.12467 0.12436 0.12384 ( 1)  0.179
 354 L   0.12598 0.12560 0.12535 0.12513 0.12492 0.12469 0.12440 0.12392 ( 1)  0.179
 355 R   0.12578 0.12548 0.12528 0.12511 0.12494 0.12475 0.12453 0.12414 ( 1)  0.179
 356 G   0.12567 0.12541 0.12524 0.12509 0.12495 0.12479 0.12459 0.12426 ( 1)  0.179
 357 H   0.09022 0.10378 0.11264 0.12031 0.12782 0.13597 0.14608 0.16318 ( 8)  0.185
 358 L   0.12598 0.12560 0.12535 0.12513 0.12492 0.12469 0.12440 0.12392 ( 1)  0.179
 359 R   0.12578 0.12548 0.12528 0.12511 0.12494 0.12475 0.12453 0.12414 ( 1)  0.179
 360 T   0.12511 0.12507 0.12504 0.12502 0.12499 0.12496 0.12493 0.12488 ( 1)  0.179
 361 A   0.12559 0.12536 0.12521 0.12508 0.12495 0.12481 0.12464 0.12435 ( 1)  0.179
 362 G   0.12567 0.12541 0.12524 0.12509 0.12495 0.12479 0.12459 0.12426 ( 1)  0.179
 363 S   0.12540 0.12524 0.12514 0.12505 0.12497 0.12487 0.12476 0.12456 ( 1)  0.179
 364 T   0.12549 0.12530 0.12517 0.12507 0.12496 0.12485 0.12470 0.12446 ( 1)  0.179
 365 G   0.12567 0.12541 0.12524 0.12509 0.12495 0.12479 0.12459 0.12426 ( 1)  0.179
 366 K   0.12628 0.12578 0.12545 0.12517 0.12490 0.12460 0.12422 0.12360 ( 1)  0.179
 367 K   0.12628 0.12578 0.12545 0.12517 0.12490 0.12460 0.12422 0.12360 ( 1)  0.179
 368 T   0.12549 0.12530 0.12517 0.12507 0.12496 0.12485 0.12470 0.12446 ( 1)  0.179
 369 R   0.12578 0.12548 0.12528 0.12511 0.12494 0.12475 0.12453 0.12414 ( 1)  0.179
 370 D   0.12604 0.12564 0.12537 0.12514 0.12492 0.12467 0.12437 0.12385 ( 1)  0.179


lnL = -1463.901897

