Supplemental results for CODEML (seqf: algn  treef: tree)


dN/dS (w) for site classes (K=3)

p:   1.00000  0.00000  0.00000
w:   0.00000  1.00000  1.00000

Naive Empirical Bayes (NEB) probabilities for 3 classes & postmean_w
(amino acids refer to 1st sequence: Smed.18026)

   1 M   1.00000 0.00000 0.00000 ( 1)  0.000
   2 D   1.00000 0.00000 0.00000 ( 1)  0.000
   3 D   1.00000 0.00000 0.00000 ( 1)  0.000
   4 V   1.00000 0.00000 0.00000 ( 1)  0.000
   5 E   1.00000 0.00000 0.00000 ( 1)  0.000
   6 V   1.00000 0.00000 0.00000 ( 1)  0.000
   7 P   1.00000 0.00000 0.00000 ( 1)  0.000
   8 M   1.00000 0.00000 0.00000 ( 1)  0.000
   9 E   1.00000 0.00000 0.00000 ( 1)  0.000
  10 N   1.00000 0.00000 0.00000 ( 1)  0.000
  11 M   1.00000 0.00000 0.00000 ( 1)  0.000
  12 F   1.00000 0.00000 0.00000 ( 1)  0.000
  13 P   1.00000 0.00000 0.00000 ( 1)  0.000
  14 N   1.00000 0.00000 0.00000 ( 1)  0.000
  15 I   1.00000 0.00000 0.00000 ( 1)  0.000
  16 V   1.00000 0.00000 0.00000 ( 1)  0.000
  17 G   1.00000 0.00000 0.00000 ( 1)  0.000
  18 L   1.00000 0.00000 0.00000 ( 1)  0.000
  19 Q   1.00000 0.00000 0.00000 ( 1)  0.000
  20 G   1.00000 0.00000 0.00000 ( 1)  0.000
  21 P   1.00000 0.00000 0.00000 ( 1)  0.000
  22 F   1.00000 0.00000 0.00000 ( 1)  0.000
  23 G   1.00000 0.00000 0.00000 ( 1)  0.000
  24 C   1.00000 0.00000 0.00000 ( 1)  0.000
  25 L   1.00000 0.00000 0.00000 ( 1)  0.000
  26 N   1.00000 0.00000 0.00000 ( 1)  0.000
  27 N   1.00000 0.00000 0.00000 ( 1)  0.000
  28 A   1.00000 0.00000 0.00000 ( 1)  0.000
  29 R   1.00000 0.00000 0.00000 ( 1)  0.000
  30 Y   1.00000 0.00000 0.00000 ( 1)  0.000
  31 G   1.00000 0.00000 0.00000 ( 1)  0.000
  32 I   1.00000 0.00000 0.00000 ( 1)  0.000
  33 A   1.00000 0.00000 0.00000 ( 1)  0.000
  34 W   1.00000 0.00000 0.00000 ( 1)  0.000
  35 G   1.00000 0.00000 0.00000 ( 1)  0.000
  36 T   1.00000 0.00000 0.00000 ( 1)  0.000
  37 M   1.00000 0.00000 0.00000 ( 1)  0.000
  38 G   1.00000 0.00000 0.00000 ( 1)  0.000
  39 A   1.00000 0.00000 0.00000 ( 1)  0.000
  40 A   1.00000 0.00000 0.00000 ( 1)  0.000
  41 E   1.00000 0.00000 0.00000 ( 1)  0.000
  42 F   1.00000 0.00000 0.00000 ( 1)  0.000
  43 C   1.00000 0.00000 0.00000 ( 1)  0.000
  44 L   1.00000 0.00000 0.00000 ( 1)  0.000
  45 E   1.00000 0.00000 0.00000 ( 1)  0.000
  46 T   1.00000 0.00000 0.00000 ( 1)  0.000
  47 A   1.00000 0.00000 0.00000 ( 1)  0.000
  48 R   1.00000 0.00000 0.00000 ( 1)  0.000
  49 N   1.00000 0.00000 0.00000 ( 1)  0.000
  50 Y   1.00000 0.00000 0.00000 ( 1)  0.000
  51 T   1.00000 0.00000 0.00000 ( 1)  0.000
  52 L   1.00000 0.00000 0.00000 ( 1)  0.000
  53 D   1.00000 0.00000 0.00000 ( 1)  0.000
  54 R   1.00000 0.00000 0.00000 ( 1)  0.000
  55 I   1.00000 0.00000 0.00000 ( 1)  0.000
  56 Q   1.00000 0.00000 0.00000 ( 1)  0.000
  57 F   1.00000 0.00000 0.00000 ( 1)  0.000
  58 N   1.00000 0.00000 0.00000 ( 1)  0.000
  59 K   1.00000 0.00000 0.00000 ( 1)  0.000
  60 P   1.00000 0.00000 0.00000 ( 1)  0.000
  61 L   1.00000 0.00000 0.00000 ( 1)  0.000
  62 A   1.00000 0.00000 0.00000 ( 1)  0.000
  63 K   1.00000 0.00000 0.00000 ( 1)  0.000
  64 C   1.00000 0.00000 0.00000 ( 1)  0.000
  65 Q   1.00000 0.00000 0.00000 ( 1)  0.000
  66 L   1.00000 0.00000 0.00000 ( 1)  0.000
  67 I   1.00000 0.00000 0.00000 ( 1)  0.000
  68 Q   1.00000 0.00000 0.00000 ( 1)  0.000
  69 K   1.00000 0.00000 0.00000 ( 1)  0.000
  70 K   1.00000 0.00000 0.00000 ( 1)  0.000
  71 L   1.00000 0.00000 0.00000 ( 1)  0.000
  72 A   1.00000 0.00000 0.00000 ( 1)  0.000
  73 D   1.00000 0.00000 0.00000 ( 1)  0.000
  74 M   1.00000 0.00000 0.00000 ( 1)  0.000
  75 L   1.00000 0.00000 0.00000 ( 1)  0.000
  76 T   1.00000 0.00000 0.00000 ( 1)  0.000
  77 E   1.00000 0.00000 0.00000 ( 1)  0.000
  78 I   1.00000 0.00000 0.00000 ( 1)  0.000
  79 T   1.00000 0.00000 0.00000 ( 1)  0.000
  80 L   1.00000 0.00000 0.00000 ( 1)  0.000
  81 G   1.00000 0.00000 0.00000 ( 1)  0.000
  82 I   1.00000 0.00000 0.00000 ( 1)  0.000
  83 Q   1.00000 0.00000 0.00000 ( 1)  0.000
  84 A   1.00000 0.00000 0.00000 ( 1)  0.000
  85 S   1.00000 0.00000 0.00000 ( 1)  0.000
  86 L   1.00000 0.00000 0.00000 ( 1)  0.000
  87 R   1.00000 0.00000 0.00000 ( 1)  0.000
  88 V   1.00000 0.00000 0.00000 ( 1)  0.000
  89 G   1.00000 0.00000 0.00000 ( 1)  0.000
  90 R   1.00000 0.00000 0.00000 ( 1)  0.000
  91 L   1.00000 0.00000 0.00000 ( 1)  0.000
  92 K   1.00000 0.00000 0.00000 ( 1)  0.000
  93 D   1.00000 0.00000 0.00000 ( 1)  0.000
  94 E   1.00000 0.00000 0.00000 ( 1)  0.000
  95 G   1.00000 0.00000 0.00000 ( 1)  0.000
  96 L   1.00000 0.00000 0.00000 ( 1)  0.000
  97 V   1.00000 0.00000 0.00000 ( 1)  0.000
  98 T   1.00000 0.00000 0.00000 ( 1)  0.000
  99 P   1.00000 0.00000 0.00000 ( 1)  0.000
 100 E   1.00000 0.00000 0.00000 ( 1)  0.000
 101 M   1.00000 0.00000 0.00000 ( 1)  0.000
 102 I   1.00000 0.00000 0.00000 ( 1)  0.000
 103 S   1.00000 0.00000 0.00000 ( 1)  0.000
 104 I   1.00000 0.00000 0.00000 ( 1)  0.000
 105 I   1.00000 0.00000 0.00000 ( 1)  0.000
 106 K   1.00000 0.00000 0.00000 ( 1)  0.000
 107 R   1.00000 0.00000 0.00000 ( 1)  0.000
 108 N   1.00000 0.00000 0.00000 ( 1)  0.000
 109 N   1.00000 0.00000 0.00000 ( 1)  0.000
 110 S   1.00000 0.00000 0.00000 ( 1)  0.000
 111 G   1.00000 0.00000 0.00000 ( 1)  0.000
 112 K   1.00000 0.00000 0.00000 ( 1)  0.000
 113 A   1.00000 0.00000 0.00000 ( 1)  0.000
 114 L   1.00000 0.00000 0.00000 ( 1)  0.000
 115 E   1.00000 0.00000 0.00000 ( 1)  0.000
 116 C   1.00000 0.00000 0.00000 ( 1)  0.000
 117 A   1.00000 0.00000 0.00000 ( 1)  0.000
 118 R   1.00000 0.00000 0.00000 ( 1)  0.000
 119 M   1.00000 0.00000 0.00000 ( 1)  0.000
 120 A   1.00000 0.00000 0.00000 ( 1)  0.000
 121 R   1.00000 0.00000 0.00000 ( 1)  0.000
 122 D   1.00000 0.00000 0.00000 ( 1)  0.000
 123 M   1.00000 0.00000 0.00000 ( 1)  0.000
 124 L   1.00000 0.00000 0.00000 ( 1)  0.000
 125 G   1.00000 0.00000 0.00000 ( 1)  0.000
 126 G   1.00000 0.00000 0.00000 ( 1)  0.000
 127 N   1.00000 0.00000 0.00000 ( 1)  0.000
 128 G   1.00000 0.00000 0.00000 ( 1)  0.000
 129 I   1.00000 0.00000 0.00000 ( 1)  0.000
 130 S   1.00000 0.00000 0.00000 ( 1)  0.000
 131 D   1.00000 0.00000 0.00000 ( 1)  0.000
 132 E   1.00000 0.00000 0.00000 ( 1)  0.000
 133 Y   1.00000 0.00000 0.00000 ( 1)  0.000
 134 H   1.00000 0.00000 0.00000 ( 1)  0.000
 135 I   1.00000 0.00000 0.00000 ( 1)  0.000
 136 I   1.00000 0.00000 0.00000 ( 1)  0.000
 137 R   1.00000 0.00000 0.00000 ( 1)  0.000
 138 H   1.00000 0.00000 0.00000 ( 1)  0.000
 139 M   1.00000 0.00000 0.00000 ( 1)  0.000
 140 I   1.00000 0.00000 0.00000 ( 1)  0.000
 141 N   1.00000 0.00000 0.00000 ( 1)  0.000
 142 L   1.00000 0.00000 0.00000 ( 1)  0.000
 143 E   1.00000 0.00000 0.00000 ( 1)  0.000
 144 A   1.00000 0.00000 0.00000 ( 1)  0.000
 145 V   1.00000 0.00000 0.00000 ( 1)  0.000
 146 N   1.00000 0.00000 0.00000 ( 1)  0.000
 147 T   1.00000 0.00000 0.00000 ( 1)  0.000
 148 Y   1.00000 0.00000 0.00000 ( 1)  0.000
 149 E   1.00000 0.00000 0.00000 ( 1)  0.000
 150 G   1.00000 0.00000 0.00000 ( 1)  0.000
 151 T   1.00000 0.00000 0.00000 ( 1)  0.000
 152 H   1.00000 0.00000 0.00000 ( 1)  0.000
 153 D   1.00000 0.00000 0.00000 ( 1)  0.000
 154 V   1.00000 0.00000 0.00000 ( 1)  0.000
 155 H   1.00000 0.00000 0.00000 ( 1)  0.000
 156 A   1.00000 0.00000 0.00000 ( 1)  0.000
 157 L   1.00000 0.00000 0.00000 ( 1)  0.000
 158 I   1.00000 0.00000 0.00000 ( 1)  0.000
 159 I   1.00000 0.00000 0.00000 ( 1)  0.000
 160 G   1.00000 0.00000 0.00000 ( 1)  0.000
 161 R   1.00000 0.00000 0.00000 ( 1)  0.000
 162 A   1.00000 0.00000 0.00000 ( 1)  0.000
 163 I   1.00000 0.00000 0.00000 ( 1)  0.000
 164 T   1.00000 0.00000 0.00000 ( 1)  0.000
 165 D   1.00000 0.00000 0.00000 ( 1)  0.000
 166 L   1.00000 0.00000 0.00000 ( 1)  0.000
 167 P   1.00000 0.00000 0.00000 ( 1)  0.000
 168 A   1.00000 0.00000 0.00000 ( 1)  0.000
 169 F   1.00000 0.00000 0.00000 ( 1)  0.000

Positively selected sites

	Prob(w>1)  mean w



lnL =  -672.609018

Bayes Empirical Bayes (BEB) probabilities for 3 classes (class) & postmean_w
(amino acids refer to 1st sequence: Smed.18026)

   1 M   0.68895 0.22719 0.08387 ( 1)  0.620 +-  0.939
   2 D   0.68860 0.22727 0.08413 ( 1)  0.621 +-  0.943
   3 D   0.69302 0.22614 0.08084 ( 1)  0.606 +-  0.901
   4 V   0.68928 0.22707 0.08365 ( 1)  0.619 +-  0.937
   5 E   0.69161 0.22651 0.08188 ( 1)  0.611 +-  0.914
   6 V   0.68888 0.22717 0.08395 ( 1)  0.620 +-  0.941
   7 P   0.68768 0.22748 0.08484 ( 1)  0.624 +-  0.952
   8 M   0.68895 0.22719 0.08387 ( 1)  0.620 +-  0.939
   9 E   0.69161 0.22651 0.08188 ( 1)  0.611 +-  0.914
  10 N   0.69288 0.22618 0.08094 ( 1)  0.606 +-  0.902
  11 M   0.68895 0.22719 0.08387 ( 1)  0.620 +-  0.939
  12 F   0.69152 0.22657 0.08191 ( 1)  0.611 +-  0.914
  13 P   0.68768 0.22748 0.08484 ( 1)  0.624 +-  0.952
  14 N   0.69288 0.22618 0.08094 ( 1)  0.606 +-  0.902
  15 I   0.68881 0.22719 0.08401 ( 1)  0.621 +-  0.942
  16 V   0.68888 0.22717 0.08395 ( 1)  0.620 +-  0.941
  17 G   0.68733 0.22755 0.08512 ( 1)  0.626 +-  0.956
  18 L   0.68980 0.22698 0.08322 ( 1)  0.617 +-  0.931
  19 Q   0.68738 0.22756 0.08507 ( 1)  0.626 +-  0.955
  20 G   0.68434 0.22821 0.08745 ( 1)  0.637 +-  0.986
  21 P   0.68768 0.22748 0.08484 ( 1)  0.624 +-  0.952
  22 F   0.69152 0.22657 0.08191 ( 1)  0.611 +-  0.914
  23 G   0.68733 0.22755 0.08512 ( 1)  0.626 +-  0.956
  24 C   0.68776 0.22747 0.08477 ( 1)  0.624 +-  0.951
  25 L   0.68931 0.22710 0.08359 ( 1)  0.619 +-  0.936
  26 N   0.69288 0.22618 0.08094 ( 1)  0.606 +-  0.902
  27 N   0.69288 0.22618 0.08094 ( 1)  0.606 +-  0.902
  28 A   0.68822 0.22734 0.08443 ( 1)  0.623 +-  0.947
  29 R   0.68796 0.22742 0.08462 ( 1)  0.623 +-  0.949
  30 Y   0.68961 0.22703 0.08336 ( 1)  0.617 +-  0.933
  31 G   0.68733 0.22755 0.08512 ( 1)  0.626 +-  0.956
  32 I   0.68881 0.22719 0.08401 ( 1)  0.621 +-  0.942
  33 A   0.68428 0.22822 0.08750 ( 1)  0.637 +-  0.987
  34 W   0.68518 0.22804 0.08679 ( 1)  0.634 +-  0.977
  35 G   0.68434 0.22821 0.08745 ( 1)  0.637 +-  0.986
  36 T   0.68780 0.22744 0.08476 ( 1)  0.624 +-  0.951
  37 M   0.68895 0.22719 0.08387 ( 1)  0.620 +-  0.939
  38 G   0.68434 0.22821 0.08745 ( 1)  0.637 +-  0.986
  39 A   0.68428 0.22822 0.08750 ( 1)  0.637 +-  0.987
  40 A   0.68444 0.22819 0.08738 ( 1)  0.637 +-  0.985
  41 E   0.69161 0.22651 0.08188 ( 1)  0.611 +-  0.914
  42 F   0.69152 0.22657 0.08191 ( 1)  0.611 +-  0.914
  43 C   0.68776 0.22747 0.08477 ( 1)  0.624 +-  0.951
  44 L   0.68644 0.22776 0.08580 ( 1)  0.629 +-  0.964
  45 E   0.69161 0.22651 0.08188 ( 1)  0.611 +-  0.914
  46 T   0.68780 0.22744 0.08476 ( 1)  0.624 +-  0.951
  47 A   0.68822 0.22734 0.08443 ( 1)  0.623 +-  0.947
  48 R   0.68796 0.22742 0.08462 ( 1)  0.623 +-  0.949
  49 N   0.69288 0.22618 0.08094 ( 1)  0.606 +-  0.902
  50 Y   0.68961 0.22703 0.08336 ( 1)  0.617 +-  0.933
  51 T   0.68780 0.22744 0.08476 ( 1)  0.624 +-  0.951
  52 L   0.68509 0.22805 0.08686 ( 1)  0.634 +-  0.979
  53 D   0.68860 0.22727 0.08413 ( 1)  0.621 +-  0.943
  54 R   0.68796 0.22742 0.08462 ( 1)  0.623 +-  0.949
  55 I   0.68881 0.22719 0.08401 ( 1)  0.621 +-  0.942
  56 Q   0.69169 0.22652 0.08179 ( 1)  0.610 +-  0.912
  57 F   0.69152 0.22657 0.08191 ( 1)  0.611 +-  0.914
  58 N   0.68851 0.22729 0.08420 ( 1)  0.621 +-  0.944
  59 K   0.69148 0.22654 0.08198 ( 1)  0.611 +-  0.916
  60 P   0.68419 0.22824 0.08757 ( 1)  0.638 +-  0.988
  61 L   0.69025 0.22687 0.08288 ( 1)  0.615 +-  0.927
  62 A   0.68605 0.22782 0.08613 ( 1)  0.631 +-  0.970
  63 K   0.69148 0.22654 0.08198 ( 1)  0.611 +-  0.916
  64 C   0.68428 0.22822 0.08750 ( 1)  0.637 +-  0.987
  65 Q   0.69169 0.22652 0.08179 ( 1)  0.610 +-  0.912
  66 L   0.68644 0.22776 0.08580 ( 1)  0.629 +-  0.964
  67 I   0.69035 0.22681 0.08284 ( 1)  0.615 +-  0.927
  68 Q   0.68738 0.22756 0.08507 ( 1)  0.626 +-  0.955
  69 K   0.68828 0.22734 0.08438 ( 1)  0.622 +-  0.946
  70 K   0.69148 0.22654 0.08198 ( 1)  0.611 +-  0.916
  71 L   0.68931 0.22710 0.08359 ( 1)  0.619 +-  0.936
  72 A   0.68787 0.22743 0.08470 ( 1)  0.624 +-  0.951
  73 D   0.69302 0.22614 0.08084 ( 1)  0.606 +-  0.901
  74 M   0.68895 0.22719 0.08387 ( 1)  0.620 +-  0.939
  75 L   0.68931 0.22710 0.08359 ( 1)  0.619 +-  0.936
  76 T   0.68780 0.22744 0.08476 ( 1)  0.624 +-  0.951
  77 E   0.69161 0.22651 0.08188 ( 1)  0.611 +-  0.914
  78 I   0.69035 0.22681 0.08284 ( 1)  0.615 +-  0.927
  79 T   0.68815 0.22736 0.08449 ( 1)  0.623 +-  0.948
  80 L   0.69025 0.22687 0.08288 ( 1)  0.615 +-  0.927
  81 G   0.68839 0.22731 0.08430 ( 1)  0.622 +-  0.945
  82 I   0.69035 0.22681 0.08284 ( 1)  0.615 +-  0.927
  83 Q   0.69169 0.22652 0.08179 ( 1)  0.610 +-  0.912
  84 A   0.68787 0.22743 0.08470 ( 1)  0.624 +-  0.951
  85 S   0.68755 0.22751 0.08493 ( 1)  0.625 +-  0.953
  86 L   0.68509 0.22805 0.08686 ( 1)  0.634 +-  0.979
  87 R   0.68868 0.22724 0.08407 ( 1)  0.621 +-  0.942
  88 V   0.68928 0.22707 0.08365 ( 1)  0.619 +-  0.937
  89 G   0.68733 0.22755 0.08512 ( 1)  0.626 +-  0.956
  90 R   0.68796 0.22742 0.08462 ( 1)  0.623 +-  0.949
  91 L   0.68931 0.22710 0.08359 ( 1)  0.619 +-  0.936
  92 K   0.68828 0.22734 0.08438 ( 1)  0.622 +-  0.946
  93 D   0.68860 0.22727 0.08413 ( 1)  0.621 +-  0.943
  94 E   0.68838 0.22732 0.08430 ( 1)  0.622 +-  0.945
  95 G   0.68451 0.22817 0.08732 ( 1)  0.637 +-  0.985
  96 L   0.69025 0.22687 0.08288 ( 1)  0.615 +-  0.927
  97 V   0.68490 0.22809 0.08701 ( 1)  0.635 +-  0.981
  98 T   0.68780 0.22744 0.08476 ( 1)  0.624 +-  0.951
  99 P   0.68434 0.22821 0.08745 ( 1)  0.637 +-  0.986
 100 E   0.69161 0.22651 0.08188 ( 1)  0.611 +-  0.914
 101 M   0.68895 0.22719 0.08387 ( 1)  0.620 +-  0.939
 102 I   0.69035 0.22681 0.08284 ( 1)  0.615 +-  0.927
 103 S   0.68533 0.22800 0.08667 ( 1)  0.633 +-  0.976
 104 I   0.69035 0.22681 0.08284 ( 1)  0.615 +-  0.927
 105 I   0.69035 0.22681 0.08284 ( 1)  0.615 +-  0.927
 106 K   0.69148 0.22654 0.08198 ( 1)  0.611 +-  0.916
 107 R   0.68868 0.22724 0.08407 ( 1)  0.621 +-  0.942
 108 N   0.69288 0.22618 0.08094 ( 1)  0.606 +-  0.902
 109 N   0.68851 0.22729 0.08420 ( 1)  0.621 +-  0.944
 110 S   0.69053 0.22680 0.08267 ( 1)  0.614 +-  0.924
 111 G   0.68839 0.22731 0.08430 ( 1)  0.622 +-  0.945
 112 K   0.69148 0.22654 0.08198 ( 1)  0.611 +-  0.916
 113 A   0.68787 0.22743 0.08470 ( 1)  0.624 +-  0.951
 114 L   0.69025 0.22687 0.08288 ( 1)  0.615 +-  0.927
 115 E   0.68838 0.22732 0.08430 ( 1)  0.622 +-  0.945
 116 C   0.68776 0.22747 0.08477 ( 1)  0.624 +-  0.951
 117 A   0.68822 0.22734 0.08443 ( 1)  0.623 +-  0.947
 118 R   0.68868 0.22724 0.08407 ( 1)  0.621 +-  0.942
 119 M   0.68895 0.22719 0.08387 ( 1)  0.620 +-  0.939
 120 A   0.68822 0.22734 0.08443 ( 1)  0.623 +-  0.947
 121 R   0.68416 0.22825 0.08759 ( 1)  0.638 +-  0.988
 122 D   0.68860 0.22727 0.08413 ( 1)  0.621 +-  0.943
 123 M   0.68895 0.22719 0.08387 ( 1)  0.620 +-  0.939
 124 L   0.68931 0.22710 0.08359 ( 1)  0.619 +-  0.936
 125 G   0.68839 0.22731 0.08430 ( 1)  0.622 +-  0.945
 126 G   0.68733 0.22755 0.08512 ( 1)  0.626 +-  0.956
 127 N   0.69288 0.22618 0.08094 ( 1)  0.606 +-  0.902
 128 G   0.68733 0.22755 0.08512 ( 1)  0.626 +-  0.956
 129 I   0.69035 0.22681 0.08284 ( 1)  0.615 +-  0.927
 130 S   0.68755 0.22751 0.08493 ( 1)  0.625 +-  0.953
 131 D   0.69302 0.22614 0.08084 ( 1)  0.606 +-  0.901
 132 E   0.69161 0.22651 0.08188 ( 1)  0.611 +-  0.914
 133 Y   0.68961 0.22703 0.08336 ( 1)  0.617 +-  0.933
 134 H   0.69208 0.22642 0.08150 ( 1)  0.609 +-  0.909
 135 I   0.69035 0.22681 0.08284 ( 1)  0.615 +-  0.927
 136 I   0.69035 0.22681 0.08284 ( 1)  0.615 +-  0.927
 137 R   0.68601 0.22785 0.08614 ( 1)  0.631 +-  0.969
 138 H   0.69208 0.22642 0.08150 ( 1)  0.609 +-  0.909
 139 M   0.68895 0.22719 0.08387 ( 1)  0.620 +-  0.939
 140 I   0.68881 0.22719 0.08401 ( 1)  0.621 +-  0.942
 141 N   0.69288 0.22618 0.08094 ( 1)  0.606 +-  0.902
 142 L   0.69025 0.22687 0.08288 ( 1)  0.615 +-  0.927
 143 E   0.68838 0.22732 0.08430 ( 1)  0.622 +-  0.945
 144 A   0.68428 0.22822 0.08750 ( 1)  0.637 +-  0.987
 145 V   0.68928 0.22707 0.08365 ( 1)  0.619 +-  0.937
 146 N   0.68851 0.22729 0.08420 ( 1)  0.621 +-  0.944
 147 T   0.68440 0.22819 0.08740 ( 1)  0.637 +-  0.986
 148 Y   0.68482 0.22811 0.08707 ( 1)  0.635 +-  0.981
 149 E   0.68838 0.22732 0.08430 ( 1)  0.622 +-  0.945
 150 G   0.68733 0.22755 0.08512 ( 1)  0.626 +-  0.956
 151 T   0.68815 0.22736 0.08449 ( 1)  0.623 +-  0.948
 152 H   0.68713 0.22761 0.08526 ( 1)  0.626 +-  0.957
 153 D   0.69302 0.22614 0.08084 ( 1)  0.606 +-  0.901
 154 V   0.68472 0.22813 0.08716 ( 1)  0.636 +-  0.983
 155 H   0.69208 0.22642 0.08150 ( 1)  0.609 +-  0.909
 156 A   0.68822 0.22734 0.08443 ( 1)  0.623 +-  0.947
 157 L   0.68980 0.22698 0.08322 ( 1)  0.617 +-  0.931
 158 I   0.68881 0.22719 0.08401 ( 1)  0.621 +-  0.942
 159 I   0.68590 0.22787 0.08623 ( 1)  0.631 +-  0.970
 160 G   0.68733 0.22755 0.08512 ( 1)  0.626 +-  0.956
 161 R   0.68796 0.22742 0.08462 ( 1)  0.623 +-  0.949
 162 A   0.68428 0.22822 0.08750 ( 1)  0.637 +-  0.987
 163 I   0.68881 0.22719 0.08401 ( 1)  0.621 +-  0.942
 164 T   0.68780 0.22744 0.08476 ( 1)  0.624 +-  0.951
 165 D   0.69302 0.22614 0.08084 ( 1)  0.606 +-  0.901
 166 L   0.68931 0.22710 0.08359 ( 1)  0.619 +-  0.936
 167 P   0.68768 0.22748 0.08484 ( 1)  0.624 +-  0.952
 168 A   0.68787 0.22743 0.08470 ( 1)  0.624 +-  0.951
 169 F   0.69152 0.22657 0.08191 ( 1)  0.611 +-  0.914

Positively selected sites

	Prob(w>1)  mean w


