Supplemental results for CODEML (seqf: algn  treef: tree)


dN/dS (w) for site classes (K=2)

p:   0.99999  0.00001
w:   0.29255  1.00000

Naive Empirical Bayes (NEB) probabilities for 2 classes & postmean_w
(amino acids refer to 1st sequence: Mlig.36456)

   1 M   0.99999 0.00001 ( 1)  0.293
   2 A   0.99999 0.00001 ( 1)  0.293
   3 S   0.99999 0.00001 ( 1)  0.293
   4 S   0.99999 0.00001 ( 1)  0.293
   5 Q   0.99999 0.00001 ( 1)  0.293
   6 A   0.99999 0.00001 ( 1)  0.293
   7 K   0.99999 0.00001 ( 1)  0.293
   8 D   0.99999 0.00001 ( 1)  0.293
   9 R   0.99999 0.00001 ( 1)  0.293
  10 L   0.99999 0.00001 ( 1)  0.293
  11 T   0.99999 0.00001 ( 1)  0.293
  12 P   0.99999 0.00001 ( 1)  0.293
  13 L   0.99999 0.00001 ( 1)  0.293
  14 M   0.99999 0.00001 ( 1)  0.293
  15 R   0.99999 0.00001 ( 1)  0.293
  16 K   0.99999 0.00001 ( 1)  0.293
  17 L   0.99999 0.00001 ( 1)  0.293
  18 R   0.99999 0.00001 ( 1)  0.293
  19 D   0.99999 0.00001 ( 1)  0.293
  20 F   0.99999 0.00001 ( 1)  0.293
  21 I   0.99999 0.00001 ( 1)  0.293
  22 Y   0.99999 0.00001 ( 1)  0.293
  23 Q   0.99999 0.00001 ( 1)  0.293
  24 R   0.99999 0.00001 ( 1)  0.293
  25 E   0.99999 0.00001 ( 1)  0.293
  26 Y   0.99999 0.00001 ( 1)  0.293
  27 N   0.99999 0.00001 ( 1)  0.293
  28 N   0.99999 0.00001 ( 1)  0.293
  29 A   0.99999 0.00001 ( 1)  0.293
  30 L   0.99999 0.00001 ( 1)  0.293
  31 R   0.99999 0.00001 ( 1)  0.293
  32 Y   0.99999 0.00001 ( 1)  0.293
  33 A   0.99999 0.00001 ( 1)  0.293
  34 D   0.99999 0.00001 ( 1)  0.293
  35 Q   0.99999 0.00001 ( 1)  0.293
  36 Q   0.99999 0.00001 ( 1)  0.293
  37 T   0.99999 0.00001 ( 1)  0.293
  38 G   0.99997 0.00003 ( 1)  0.293
  39 R   0.99999 0.00001 ( 1)  0.293
  40 N   0.99999 0.00001 ( 1)  0.293
  41 V   0.99999 0.00001 ( 1)  0.293
  42 Q   0.99999 0.00001 ( 1)  0.293
  43 P   0.99999 0.00001 ( 1)  0.293
  44 I   0.99999 0.00001 ( 1)  0.293
  45 D   0.99999 0.00001 ( 1)  0.293
  46 P   0.99999 0.00001 ( 1)  0.293
  47 P   0.99999 0.00001 ( 1)  0.293
  48 G   0.99999 0.00001 ( 1)  0.293
  49 G   0.99999 0.00001 ( 1)  0.293
  50 V   0.99999 0.00001 ( 1)  0.293
  51 S   0.99999 0.00001 ( 1)  0.293
  52 H   0.99999 0.00001 ( 1)  0.293
  53 K   0.99999 0.00001 ( 1)  0.293
  54 L   0.99999 0.00001 ( 1)  0.293
  55 S   0.99999 0.00001 ( 1)  0.293
  56 S   0.99999 0.00001 ( 1)  0.293
  57 N   0.99999 0.00001 ( 1)  0.293
  58 Y   0.99999 0.00001 ( 1)  0.293
  59 Y   0.99999 0.00001 ( 1)  0.293
  60 C   0.99999 0.00001 ( 1)  0.293
  61 T   0.99999 0.00001 ( 1)  0.293
  62 R   0.99999 0.00001 ( 1)  0.293
  63 D   0.99999 0.00001 ( 1)  0.293
  64 G   0.99999 0.00001 ( 1)  0.293
  65 R   0.99999 0.00001 ( 1)  0.293
  66 R   0.99999 0.00001 ( 1)  0.293
  67 F   0.99997 0.00003 ( 1)  0.293
  68 S   0.99999 0.00001 ( 1)  0.293
  69 Q   0.99999 0.00001 ( 1)  0.293
  70 P   0.99999 0.00001 ( 1)  0.293
  71 P   0.99999 0.00001 ( 1)  0.293
  72 E   0.99999 0.00001 ( 1)  0.293
  73 I   0.99999 0.00001 ( 1)  0.293
  74 V   0.99999 0.00001 ( 1)  0.293
  75 F   0.99999 0.00001 ( 1)  0.293
  76 A   0.99999 0.00001 ( 1)  0.293
  77 N   0.99999 0.00001 ( 1)  0.293
  78 S   0.99999 0.00001 ( 1)  0.293
  79 G   0.99999 0.00001 ( 1)  0.293
  80 S   0.99999 0.00001 ( 1)  0.293
  81 A   0.99999 0.00001 ( 1)  0.293
  82 I   0.99999 0.00001 ( 1)  0.293
  83 K   0.99999 0.00001 ( 1)  0.293
  84 Q   0.99999 0.00001 ( 1)  0.293
  85 L   0.99999 0.00001 ( 1)  0.293
  86 T   0.99999 0.00001 ( 1)  0.293
  87 A   0.99999 0.00001 ( 1)  0.293
  88 A   0.99999 0.00001 ( 1)  0.293
  89 T   0.99999 0.00001 ( 1)  0.293
  90 D   0.99997 0.00003 ( 1)  0.293
  91 G   0.99999 0.00001 ( 1)  0.293
  92 S   0.99999 0.00001 ( 1)  0.293
  93 G   0.99999 0.00001 ( 1)  0.293
  94 S   0.99999 0.00001 ( 1)  0.293
  95 L   0.99999 0.00001 ( 1)  0.293
  96 P   0.99999 0.00001 ( 1)  0.293
  97 Q   0.99999 0.00001 ( 1)  0.293
  98 Q   0.99999 0.00001 ( 1)  0.293
  99 G   0.99999 0.00001 ( 1)  0.293
 100 L   0.99999 0.00001 ( 1)  0.293
 101 P   0.99999 0.00001 ( 1)  0.293
 102 P   0.99999 0.00001 ( 1)  0.293
 103 A   0.99999 0.00001 ( 1)  0.293
 104 P   0.99999 0.00001 ( 1)  0.293
 105 G   0.99999 0.00001 ( 1)  0.293
 106 R   0.99999 0.00001 ( 1)  0.293
 107 Q   0.99999 0.00001 ( 1)  0.293
 108 F   0.99999 0.00001 ( 1)  0.293
 109 N   0.99999 0.00001 ( 1)  0.293
 110 W   0.99999 0.00001 ( 1)  0.293
 111 D   0.99999 0.00001 ( 1)  0.293
 112 H   0.99999 0.00001 ( 1)  0.293
 113 K   0.99999 0.00001 ( 1)  0.293
 114 A   0.99999 0.00001 ( 1)  0.293
 115 E   0.99999 0.00001 ( 1)  0.293
 116 P   0.99999 0.00001 ( 1)  0.293
 117 I   0.99999 0.00001 ( 1)  0.293
 118 E   0.99999 0.00001 ( 1)  0.293
 119 N   0.99999 0.00001 ( 1)  0.293
 120 Y   0.99999 0.00001 ( 1)  0.293
 121 W   0.99999 0.00001 ( 1)  0.293
 122 G   0.99999 0.00001 ( 1)  0.293
 123 R   0.99999 0.00001 ( 1)  0.293
 124 H   0.99999 0.00001 ( 1)  0.293
 125 R   0.99999 0.00001 ( 1)  0.293
 126 K   0.99999 0.00001 ( 1)  0.293
 127 F   0.99999 0.00001 ( 1)  0.293
 128 V   0.99999 0.00001 ( 1)  0.293
 129 N   0.99999 0.00001 ( 1)  0.293


lnL =  -568.814384

