Supplemental results for CODEML (seqf: algn  treef: tree)


dN/dS (w) for site classes (K=2)

p:   0.26803  0.73197
w:   0.14718  1.00000

Naive Empirical Bayes (NEB) probabilities for 2 classes & postmean_w
(amino acids refer to 1st sequence: Mlig.22384)

   1 M   0.33735 0.66265 ( 2)  0.712
   2 N   0.24781 0.75219 ( 2)  0.789
   3 I   0.24947 0.75053 ( 2)  0.787
   4 T   0.20150 0.79850 ( 2)  0.828
   5 V   0.28432 0.71568 ( 2)  0.758
   6 Y   0.30386 0.69614 ( 2)  0.741
   7 G   0.25719 0.74281 ( 2)  0.781
   8 I   0.33854 0.66146 ( 2)  0.711
   9 N   0.27056 0.72944 ( 2)  0.769
  10 T   0.27987 0.72013 ( 2)  0.761
  11 R   0.25590 0.74410 ( 2)  0.782
  12 D   0.18421 0.81579 ( 2)  0.843
  13 G   0.19267 0.80733 ( 2)  0.836
  14 L   0.21182 0.78818 ( 2)  0.819
  15 E   0.35899 0.64101 ( 2)  0.694
  16 R   0.29599 0.70401 ( 2)  0.748
  17 R   0.25987 0.74013 ( 2)  0.778
  18 P   0.18269 0.81731 ( 2)  0.844
  19 C   0.21700 0.78300 ( 2)  0.815
  20 P   0.27958 0.72042 ( 2)  0.762
  21 L   0.38971 0.61029 ( 2)  0.668
  22 S   0.24419 0.75581 ( 2)  0.792
  23 F   0.19229 0.80771 ( 2)  0.836
  24 S   0.27196 0.72804 ( 2)  0.768
  25 F   0.19291 0.80709 ( 2)  0.835
  26 I   0.30910 0.69090 ( 2)  0.736
  27 R   0.25241 0.74759 ( 2)  0.785
  28 P   0.19124 0.80876 ( 2)  0.837
  29 R   0.25016 0.74984 ( 2)  0.787
  30 A   0.27614 0.72386 ( 2)  0.765
  31 I   0.33839 0.66161 ( 2)  0.711
  32 E   0.35608 0.64392 ( 2)  0.696
  33 D   0.31362 0.68638 ( 2)  0.733
  34 I   0.21516 0.78484 ( 2)  0.817
  35 T   0.26783 0.73217 ( 2)  0.772
  36 L   0.19800 0.80200 ( 2)  0.831
  37 S   0.18003 0.81997 ( 2)  0.846
  38 S   0.29444 0.70556 ( 2)  0.749
  39 R   0.23232 0.76768 ( 2)  0.802
  40 Y   0.17954 0.82046 ( 2)  0.847
  41 I   0.28010 0.71990 ( 2)  0.761
  42 T   0.21486 0.78514 ( 2)  0.817
  43 W   0.29168 0.70832 ( 2)  0.751
  44 R   0.21269 0.78731 ( 2)  0.819
  45 R   0.32506 0.67494 ( 2)  0.723
  46 K   0.26391 0.73609 ( 2)  0.775
  47 Q   0.22065 0.77935 ( 2)  0.812
  48 P   0.38816 0.61184 ( 2)  0.669
  49 E   0.26386 0.73614 ( 2)  0.775
  50 K   0.26395 0.73605 ( 2)  0.775
  51 K   0.26600 0.73400 ( 2)  0.773
  52 P   0.22842 0.77158 ( 2)  0.805
  53 T   0.34002 0.65998 ( 2)  0.710
  54 N   0.18222 0.81778 ( 2)  0.845
  55 K   0.34192 0.65808 ( 2)  0.708
  56 K   0.24466 0.75534 ( 2)  0.791
  57 S   0.27005 0.72995 ( 2)  0.770
  58 R   0.30038 0.69962 ( 2)  0.744
  59 L   0.27869 0.72131 ( 2)  0.762
  60 S   0.33642 0.66358 ( 2)  0.713
  61 K   0.26067 0.73933 ( 2)  0.778
  62 S   0.27716 0.72284 ( 2)  0.764
  63 K   0.35119 0.64881 ( 2)  0.700
  64 I   0.30070 0.69930 ( 2)  0.744
  65 A   0.30453 0.69547 ( 2)  0.740
  66 E   0.31874 0.68126 ( 2)  0.728
  67 L   0.20438 0.79562 ( 2)  0.826
  68 Q   0.33095 0.66905 ( 2)  0.718
  69 L   0.23211 0.76789 ( 2)  0.802
  70 F   0.28556 0.71444 ( 2)  0.756
  71 W   0.26414 0.73586 ( 2)  0.775
  72 G   0.33715 0.66285 ( 2)  0.712
  73 V   0.21304 0.78696 ( 2)  0.818
  74 P   0.27329 0.72671 ( 2)  0.767
  75 V   0.22365 0.77635 ( 2)  0.809
  76 E   0.25378 0.74622 ( 2)  0.784
  77 M   0.25457 0.74543 ( 2)  0.783
  78 P   0.22943 0.77057 ( 2)  0.804
  79 P   0.23985 0.76015 ( 2)  0.795
  80 K   0.31115 0.68885 ( 2)  0.735
  81 P   0.35045 0.64955 ( 2)  0.701
  82 K   0.19370 0.80630 ( 2)  0.835
  83 I   0.21316 0.78684 ( 2)  0.818
  84 D   0.27652 0.72348 ( 2)  0.764
  85 L   0.22206 0.77794 ( 2)  0.811
  86 K   0.20748 0.79252 ( 2)  0.823
  87 S   0.29520 0.70480 ( 2)  0.748
  88 A   0.26068 0.73932 ( 2)  0.778
  89 P   0.24820 0.75180 ( 2)  0.788
  90 H   0.24175 0.75825 ( 2)  0.794
  91 F   0.24781 0.75219 ( 2)  0.789
  92 D   0.23816 0.76184 ( 2)  0.797
  93 L   0.29487 0.70513 ( 2)  0.749
  94 E   0.35608 0.64392 ( 2)  0.696
  95 S   0.27588 0.72412 ( 2)  0.765
  96 Q   0.28638 0.71362 ( 2)  0.756
  97 K   0.31161 0.68839 ( 2)  0.734
  98 A   0.28203 0.71797 ( 2)  0.759
  99 V   0.22212 0.77788 ( 2)  0.811
 100 F   0.28637 0.71363 ( 2)  0.756
 101 P   0.38566 0.61434 ( 2)  0.671
 102 Q   0.21966 0.78034 ( 2)  0.813
 103 W   0.69111 0.30889 ( 1)  0.411
 104 W   0.40222 0.59778 ( 2)  0.657
 105 E   0.23996 0.76004 ( 2)  0.795
 106 A   0.25844 0.74156 ( 2)  0.780
 107 F   0.33774 0.66226 ( 2)  0.712
 108 E   0.30454 0.69546 ( 2)  0.740
 109 E   0.34948 0.65052 ( 2)  0.702
 110 L   0.50040 0.49960 ( 1)  0.573
 111 S   0.17971 0.82029 ( 2)  0.847
 112 G   0.22791 0.77209 ( 2)  0.806
 113 L   0.37205 0.62795 ( 2)  0.683
 114 N   0.25361 0.74639 ( 2)  0.784
 115 D   0.29549 0.70451 ( 2)  0.748
 116 I   0.19123 0.80877 ( 2)  0.837
 117 E   0.19165 0.80835 ( 2)  0.837
 118 Q   0.28078 0.71922 ( 2)  0.761
 119 E   0.33512 0.66488 ( 2)  0.714
 120 A   0.28225 0.71775 ( 2)  0.759
 121 E   0.26766 0.73234 ( 2)  0.772
 122 K   0.18876 0.81124 ( 2)  0.839
 123 K   0.26046 0.73954 ( 2)  0.778
 124 K   0.35822 0.64178 ( 2)  0.695
 125 F   0.29825 0.70175 ( 2)  0.746
 126 Q   0.22052 0.77948 ( 2)  0.812
 127 L   0.19537 0.80463 ( 2)  0.833
 128 F   0.18782 0.81218 ( 2)  0.840
 129 A   0.30647 0.69353 ( 2)  0.739
 130 L   0.23717 0.76283 ( 2)  0.798
 131 R   0.19030 0.80970 ( 2)  0.838
 132 H   0.20911 0.79089 ( 2)  0.822
 133 C   0.28155 0.71845 ( 2)  0.760
 134 L   0.23880 0.76120 ( 2)  0.796
 135 S   0.23510 0.76490 ( 2)  0.800
 136 L   0.27886 0.72114 ( 2)  0.762
 137 E   0.34600 0.65400 ( 2)  0.705
 138 T   0.30148 0.69852 ( 2)  0.743
 139 L   0.26067 0.73933 ( 2)  0.778
 140 R   0.27337 0.72663 ( 2)  0.767
 141 V   0.29953 0.70047 ( 2)  0.745
 142 V   0.35403 0.64597 ( 2)  0.698
 143 D   0.27346 0.72654 ( 2)  0.767
 144 S   0.28742 0.71258 ( 2)  0.755
 145 L   0.24110 0.75890 ( 2)  0.794
 146 P   0.21918 0.78082 ( 2)  0.813
 147 Q   0.32120 0.67880 ( 2)  0.726
 148 L   0.24402 0.75598 ( 2)  0.792
 149 L   0.20050 0.79950 ( 2)  0.829
 150 G   0.22855 0.77145 ( 2)  0.805
 151 K   0.25186 0.74814 ( 2)  0.785
 152 D   0.23501 0.76499 ( 2)  0.800
 153 K   0.24249 0.75751 ( 2)  0.793
 154 D   0.31720 0.68280 ( 2)  0.729
 155 D   0.34451 0.65549 ( 2)  0.706
 156 A   0.33948 0.66052 ( 2)  0.710
 157 K   0.26501 0.73499 ( 2)  0.774
 158 E   0.25857 0.74143 ( 2)  0.779
 159 I   0.29882 0.70118 ( 2)  0.745
 160 I   0.33599 0.66401 ( 2)  0.713
 161 K   0.24170 0.75830 ( 2)  0.794
 162 A   0.32899 0.67101 ( 2)  0.719
 163 L   0.48487 0.51513 ( 2)  0.586
 164 E   0.24381 0.75619 ( 2)  0.792
 165 A   0.24490 0.75510 ( 2)  0.791
 166 F   0.19841 0.80159 ( 2)  0.831
 167 I   0.26750 0.73250 ( 2)  0.772
 168 T   0.32605 0.67395 ( 2)  0.722
 169 E   0.26527 0.73473 ( 2)  0.774
 170 Q   0.24740 0.75260 ( 2)  0.789
 171 K   0.26385 0.73615 ( 2)  0.775
 172 N   0.24154 0.75846 ( 2)  0.794
 173 E   0.16982 0.83018 ( 2)  0.855
 174 I   0.21543 0.78457 ( 2)  0.816
 175 F   0.17383 0.82617 ( 2)  0.852
 176 E   0.17513 0.82487 ( 2)  0.851
 177 R   0.27348 0.72652 ( 2)  0.767
 178 R   0.21340 0.78660 ( 2)  0.818
 179 E   0.26166 0.73834 ( 2)  0.777
 180 F   0.28337 0.71663 ( 2)  0.758
 181 W   0.26414 0.73586 ( 2)  0.775
 182 L   0.20857 0.79143 ( 2)  0.822
 183 R   0.29452 0.70548 ( 2)  0.749
 184 N   0.26936 0.73064 ( 2)  0.770
 185 Q   0.24680 0.75320 ( 2)  0.790
 186 A   0.25401 0.74599 ( 2)  0.783
 187 E   0.23641 0.76359 ( 2)  0.798
 188 G   0.22776 0.77224 ( 2)  0.806
 189 E   0.19693 0.80307 ( 2)  0.832
 190 S   0.17946 0.82054 ( 2)  0.847
 191 F   0.21903 0.78097 ( 2)  0.813
 192 D   0.24875 0.75125 ( 2)  0.788
 193 W   0.23653 0.76347 ( 2)  0.798
 194 Y   0.22529 0.77471 ( 2)  0.808
 195 V   0.33897 0.66103 ( 2)  0.711
 196 S   0.27729 0.72271 ( 2)  0.764
 197 I   0.21362 0.78638 ( 2)  0.818
 198 K   0.34073 0.65927 ( 2)  0.709
 199 E   0.30684 0.69316 ( 2)  0.738
 200 I   0.22010 0.77990 ( 2)  0.812
 201 S   0.30155 0.69845 ( 2)  0.743
 202 S   0.19324 0.80676 ( 2)  0.835
 203 R   0.26873 0.73127 ( 2)  0.771
 204 C   0.26024 0.73976 ( 2)  0.778
 205 N   0.30624 0.69376 ( 2)  0.739
 206 F   0.38027 0.61973 ( 2)  0.676
 207 E   0.27737 0.72263 ( 2)  0.763
 208 R   0.36541 0.63459 ( 2)  0.688
 209 C   0.29992 0.70008 ( 2)  0.744
 210 C   0.37057 0.62943 ( 2)  0.684
 211 D   0.26105 0.73895 ( 2)  0.777
 212 G   0.22398 0.77602 ( 2)  0.809
 213 C   0.17835 0.82165 ( 2)  0.848
 214 A   0.28173 0.71827 ( 2)  0.760
 215 E   0.30769 0.69231 ( 2)  0.738
 216 Y   0.19973 0.80027 ( 2)  0.830
 217 Q   0.27152 0.72848 ( 2)  0.768
 218 L   0.36876 0.63124 ( 2)  0.686
 219 R   0.26693 0.73307 ( 2)  0.772
 220 D   0.29268 0.70732 ( 2)  0.750
 221 R   0.21360 0.78640 ( 2)  0.818
 222 I   0.24133 0.75867 ( 2)  0.794
 223 V   0.19484 0.80516 ( 2)  0.834
 224 M   0.26432 0.73568 ( 2)  0.775
 225 G   0.19343 0.80657 ( 2)  0.835
 226 L   0.17187 0.82813 ( 2)  0.853
 227 R   0.22471 0.77529 ( 2)  0.808
 228 D   0.25809 0.74191 ( 2)  0.780
 229 P   0.38731 0.61269 ( 2)  0.670
 230 S   0.27839 0.72161 ( 2)  0.763
 231 T   0.33722 0.66278 ( 2)  0.712
 232 V   0.29994 0.70006 ( 2)  0.744
 233 E   0.19910 0.80090 ( 2)  0.830
 234 K   0.15764 0.84236 ( 2)  0.866
 235 L   0.20240 0.79760 ( 2)  0.827
 236 L   0.20752 0.79248 ( 2)  0.823
 237 E   0.18744 0.81256 ( 2)  0.840
 238 G   0.28678 0.71322 ( 2)  0.755
 239 S   0.35702 0.64298 ( 2)  0.696
 240 E   0.23734 0.76266 ( 2)  0.798
 241 L   0.16701 0.83299 ( 2)  0.858
 242 T   0.33760 0.66240 ( 2)  0.712
 243 L   0.28724 0.71276 ( 2)  0.755
 244 E   0.17598 0.82402 ( 2)  0.850
 245 R   0.30110 0.69890 ( 2)  0.743
 246 A   0.21029 0.78971 ( 2)  0.821
 247 K   0.15540 0.84460 ( 2)  0.867
 248 T   0.22063 0.77937 ( 2)  0.812
 249 I   0.23508 0.76492 ( 2)  0.800
 250 C   0.38959 0.61041 ( 2)  0.668
 251 E   0.23021 0.76979 ( 2)  0.804
 252 S   0.28140 0.71860 ( 2)  0.760
 253 M   0.30177 0.69823 ( 2)  0.743
 254 E   0.24241 0.75759 ( 2)  0.793
 255 S   0.27116 0.72884 ( 2)  0.769
 256 S   0.18699 0.81301 ( 2)  0.841
 257 R   0.32216 0.67784 ( 2)  0.725
 258 K   0.27646 0.72354 ( 2)  0.764
 259 N   0.31455 0.68545 ( 2)  0.732
 260 C   0.18278 0.81722 ( 2)  0.844
 261 A   0.21325 0.78675 ( 2)  0.818
 262 I   0.33719 0.66281 ( 2)  0.712
 263 M   0.25695 0.74305 ( 2)  0.781
 264 K   0.24083 0.75917 ( 2)  0.795
 265 G   0.30501 0.69499 ( 2)  0.740
 266 E   0.31630 0.68370 ( 2)  0.730
 267 T   0.21146 0.78854 ( 2)  0.820
 268 P   0.48635 0.51365 ( 2)  0.585
 269 T   0.28033 0.71967 ( 2)  0.761


lnL = -3272.267308

