Supplemental results for CODEML (seqf: algn  treef: tree)


dN/dS (w) for site classes (K=2)

p:   0.48958  0.51042
w:   0.00000  1.00000

Naive Empirical Bayes (NEB) probabilities for 2 classes & postmean_w
(amino acids refer to 1st sequence: Smed.19088)

   1 M   0.97224 0.02776 ( 1)  0.028
   2 L   0.00001 0.99999 ( 2)  1.000
   3 R   0.87021 0.12979 ( 1)  0.130
   4 N   0.97372 0.02628 ( 1)  0.026
   5 N   0.97372 0.02628 ( 1)  0.026
   6 Y   0.94533 0.05467 ( 1)  0.055
   7 V   0.00001 0.99999 ( 2)  1.000
   8 S   0.93577 0.06423 ( 1)  0.064
   9 Q   0.90827 0.09173 ( 1)  0.092
  10 G   0.00001 0.99999 ( 2)  1.000
  11 G   0.81050 0.18950 ( 1)  0.189
  12 F   0.00001 0.99999 ( 2)  1.000
  13 V   0.91741 0.08259 ( 1)  0.083
  14 S   0.93456 0.06544 ( 1)  0.065
  15 D   0.97411 0.02589 ( 1)  0.026
  16 G   0.81050 0.18950 ( 1)  0.189
  17 L   0.93231 0.06769 ( 1)  0.068
  18 T   0.87745 0.12255 ( 1)  0.123
  19 S   0.93975 0.06025 ( 1)  0.060
  20 Y   0.94533 0.05467 ( 1)  0.055
  21 Y   0.94533 0.05467 ( 1)  0.055
  22 Y   0.00000 1.00000 ( 2)  1.000
  23 L   0.00000 1.00000 ( 2)  1.000
  24 H   0.00000 1.00000 ( 2)  1.000
  25 I   0.00000 1.00000 ( 2)  1.000
  26 G   0.00000 1.00000 ( 2)  1.000
  27 F   0.00000 1.00000 ( 2)  1.000
  28 L   0.00000 1.00000 ( 2)  1.000
  29 N   0.00000 1.00000 ( 2)  1.000
  30 F   0.00000 1.00000 ( 2)  1.000
  31 V   0.00000 1.00000 ( 2)  1.000
  32 E   0.00000 1.00000 ( 2)  1.000


lnL =  -273.413245

