Supplemental results for CODEML (seqf: algn  treef: tree)


dN/dS (w) for site classes (K=3)

p:   1.00000  0.00000  0.00000
w:   0.24933  1.00000  1.00000

Naive Empirical Bayes (NEB) probabilities for 3 classes & postmean_w
(amino acids refer to 1st sequence: Mlig.8383)

   1 M   1.00000 0.00000 0.00000 ( 1)  0.249
   2 E   1.00000 0.00000 0.00000 ( 1)  0.249
   3 T   1.00000 0.00000 0.00000 ( 1)  0.249
   4 G   1.00000 0.00000 0.00000 ( 1)  0.249
   5 A   1.00000 0.00000 0.00000 ( 1)  0.249
   6 T   1.00000 0.00000 0.00000 ( 1)  0.249
   7 L   1.00000 0.00000 0.00000 ( 1)  0.249
   8 V   1.00000 0.00000 0.00000 ( 1)  0.249
   9 L   1.00000 0.00000 0.00000 ( 1)  0.249
  10 L   1.00000 0.00000 0.00000 ( 1)  0.249
  11 L   1.00000 0.00000 0.00000 ( 1)  0.249
  12 L   1.00000 0.00000 0.00000 ( 1)  0.249
  13 L   1.00000 0.00000 0.00000 ( 1)  0.249
  14 L   1.00000 0.00000 0.00000 ( 1)  0.249
  15 P   1.00000 0.00000 0.00000 ( 1)  0.249
  16 A   1.00000 0.00000 0.00000 ( 1)  0.249
  17 L   1.00000 0.00000 0.00000 ( 1)  0.249
  18 V   1.00000 0.00000 0.00000 ( 1)  0.249
  19 R   1.00000 0.00000 0.00000 ( 1)  0.249
  20 Q   1.00000 0.00000 0.00000 ( 1)  0.249
  21 S   1.00000 0.00000 0.00000 ( 1)  0.249
  22 A   1.00000 0.00000 0.00000 ( 1)  0.249
  23 G   1.00000 0.00000 0.00000 ( 1)  0.249
  24 Q   1.00000 0.00000 0.00000 ( 1)  0.249
  25 V   1.00000 0.00000 0.00000 ( 1)  0.249
  26 S   1.00000 0.00000 0.00000 ( 1)  0.249
  27 A   1.00000 0.00000 0.00000 ( 1)  0.249
  28 E   1.00000 0.00000 0.00000 ( 1)  0.249
  29 P   1.00000 0.00000 0.00000 ( 1)  0.249
  30 I   1.00000 0.00000 0.00000 ( 1)  0.249
  31 Q   1.00000 0.00000 0.00000 ( 1)  0.249
  32 L   1.00000 0.00000 0.00000 ( 1)  0.249
  33 A   1.00000 0.00000 0.00000 ( 1)  0.249
  34 L   1.00000 0.00000 0.00000 ( 1)  0.249
  35 P   1.00000 0.00000 0.00000 ( 1)  0.249
  36 D   1.00000 0.00000 0.00000 ( 1)  0.249
  37 N   1.00000 0.00000 0.00000 ( 1)  0.249
  38 V   1.00000 0.00000 0.00000 ( 1)  0.249
  39 D   1.00000 0.00000 0.00000 ( 1)  0.249
  40 F   1.00000 0.00000 0.00000 ( 1)  0.249
  41 N   1.00000 0.00000 0.00000 ( 1)  0.249
  42 A   1.00000 0.00000 0.00000 ( 1)  0.249
  43 K   1.00000 0.00000 0.00000 ( 1)  0.249
  44 V   1.00000 0.00000 0.00000 ( 1)  0.249
  45 G   1.00000 0.00000 0.00000 ( 1)  0.249
  46 D   1.00000 0.00000 0.00000 ( 1)  0.249
  47 L   1.00000 0.00000 0.00000 ( 1)  0.249
  48 L   1.00000 0.00000 0.00000 ( 1)  0.249
  49 R   1.00000 0.00000 0.00000 ( 1)  0.249
  50 L   1.00000 0.00000 0.00000 ( 1)  0.249
  51 D   1.00000 0.00000 0.00000 ( 1)  0.249
  52 P   1.00000 0.00000 0.00000 ( 1)  0.249
  53 S   1.00000 0.00000 0.00000 ( 1)  0.249
  54 L   1.00000 0.00000 0.00000 ( 1)  0.249
  55 P   1.00000 0.00000 0.00000 ( 1)  0.249
  56 A   1.00000 0.00000 0.00000 ( 1)  0.249
  57 P   1.00000 0.00000 0.00000 ( 1)  0.249
  58 D   1.00000 0.00000 0.00000 ( 1)  0.249
  59 P   1.00000 0.00000 0.00000 ( 1)  0.249
  60 R   1.00000 0.00000 0.00000 ( 1)  0.249
  61 L   1.00000 0.00000 0.00000 ( 1)  0.249
  62 G   1.00000 0.00000 0.00000 ( 1)  0.249
  63 F   1.00000 0.00000 0.00000 ( 1)  0.249
  64 H   1.00000 0.00000 0.00000 ( 1)  0.249
  65 T   1.00000 0.00000 0.00000 ( 1)  0.249
  66 T   1.00000 0.00000 0.00000 ( 1)  0.249
  67 S   1.00000 0.00000 0.00000 ( 1)  0.249
  68 L   1.00000 0.00000 0.00000 ( 1)  0.249
  69 K   1.00000 0.00000 0.00000 ( 1)  0.249
  70 A   1.00000 0.00000 0.00000 ( 1)  0.249
  71 D   1.00000 0.00000 0.00000 ( 1)  0.249
  72 N   1.00000 0.00000 0.00000 ( 1)  0.249
  73 P   1.00000 0.00000 0.00000 ( 1)  0.249
  74 R   1.00000 0.00000 0.00000 ( 1)  0.249
  75 L   1.00000 0.00000 0.00000 ( 1)  0.249
  76 D   1.00000 0.00000 0.00000 ( 1)  0.249
  77 G   1.00000 0.00000 0.00000 ( 1)  0.249
  78 Y   1.00000 0.00000 0.00000 ( 1)  0.249
  79 F   1.00000 0.00000 0.00000 ( 1)  0.249
  80 T   1.00000 0.00000 0.00000 ( 1)  0.249
  81 L   1.00000 0.00000 0.00000 ( 1)  0.249
  82 D   1.00000 0.00000 0.00000 ( 1)  0.249
  83 S   1.00000 0.00000 0.00000 ( 1)  0.249
  84 R   1.00000 0.00000 0.00000 ( 1)  0.249
  85 G   1.00000 0.00000 0.00000 ( 1)  0.249
  86 A   1.00000 0.00000 0.00000 ( 1)  0.249
  87 V   1.00000 0.00000 0.00000 ( 1)  0.249
  88 Y   1.00000 0.00000 0.00000 ( 1)  0.249
  89 A   1.00000 0.00000 0.00000 ( 1)  0.249
  90 R   1.00000 0.00000 0.00000 ( 1)  0.249
  91 R   1.00000 0.00000 0.00000 ( 1)  0.249
  92 N   1.00000 0.00000 0.00000 ( 1)  0.249
  93 V   1.00000 0.00000 0.00000 ( 1)  0.249
  94 D   1.00000 0.00000 0.00000 ( 1)  0.249
  95 R   1.00000 0.00000 0.00000 ( 1)  0.249
  96 D   1.00000 0.00000 0.00000 ( 1)  0.249
  97 E   1.00000 0.00000 0.00000 ( 1)  0.249
  98 L   1.00000 0.00000 0.00000 ( 1)  0.249
  99 C   1.00000 0.00000 0.00000 ( 1)  0.249
 100 S   1.00000 0.00000 0.00000 ( 1)  0.249
 101 A   1.00000 0.00000 0.00000 ( 1)  0.249
 102 A   1.00000 0.00000 0.00000 ( 1)  0.249
 103 D   1.00000 0.00000 0.00000 ( 1)  0.249
 104 C   1.00000 0.00000 0.00000 ( 1)  0.249
 105 C   1.00000 0.00000 0.00000 ( 1)  0.249
 106 E   1.00000 0.00000 0.00000 ( 1)  0.249
 107 S   1.00000 0.00000 0.00000 ( 1)  0.249
 108 M   1.00000 0.00000 0.00000 ( 1)  0.249
 109 E   1.00000 0.00000 0.00000 ( 1)  0.249
 110 C   1.00000 0.00000 0.00000 ( 1)  0.249
 111 R   1.00000 0.00000 0.00000 ( 1)  0.249
 112 L   1.00000 0.00000 0.00000 ( 1)  0.249
 113 D   1.00000 0.00000 0.00000 ( 1)  0.249
 114 F   1.00000 0.00000 0.00000 ( 1)  0.249
 115 S   1.00000 0.00000 0.00000 ( 1)  0.249
 116 V   1.00000 0.00000 0.00000 ( 1)  0.249
 117 L   1.00000 0.00000 0.00000 ( 1)  0.249
 118 I   1.00000 0.00000 0.00000 ( 1)  0.249
 119 L   1.00000 0.00000 0.00000 ( 1)  0.249
 120 S   1.00000 0.00000 0.00000 ( 1)  0.249
 121 T   1.00000 0.00000 0.00000 ( 1)  0.249
 122 P   1.00000 0.00000 0.00000 ( 1)  0.249
 123 G   1.00000 0.00000 0.00000 ( 1)  0.249
 124 G   1.00000 0.00000 0.00000 ( 1)  0.249
 125 R   1.00000 0.00000 0.00000 ( 1)  0.249
 126 E   1.00000 0.00000 0.00000 ( 1)  0.249
 127 A   1.00000 0.00000 0.00000 ( 1)  0.249
 128 R   1.00000 0.00000 0.00000 ( 1)  0.249
 129 R   1.00000 0.00000 0.00000 ( 1)  0.249
 130 N   1.00000 0.00000 0.00000 ( 1)  0.249
 131 L   1.00000 0.00000 0.00000 ( 1)  0.249
 132 R   1.00000 0.00000 0.00000 ( 1)  0.249
 133 I   1.00000 0.00000 0.00000 ( 1)  0.249
 134 I   1.00000 0.00000 0.00000 ( 1)  0.249
 135 L   1.00000 0.00000 0.00000 ( 1)  0.249
 136 A   1.00000 0.00000 0.00000 ( 1)  0.249
 137 D   1.00000 0.00000 0.00000 ( 1)  0.249
 138 E   1.00000 0.00000 0.00000 ( 1)  0.249
 139 N   1.00000 0.00000 0.00000 ( 1)  0.249
 140 D   1.00000 0.00000 0.00000 ( 1)  0.249
 141 M   1.00000 0.00000 0.00000 ( 1)  0.249
 142 R   1.00000 0.00000 0.00000 ( 1)  0.249
 143 P   1.00000 0.00000 0.00000 ( 1)  0.249
 144 T   1.00000 0.00000 0.00000 ( 1)  0.249
 145 F   1.00000 0.00000 0.00000 ( 1)  0.249
 146 P   1.00000 0.00000 0.00000 ( 1)  0.249
 147 S   1.00000 0.00000 0.00000 ( 1)  0.249
 148 L   1.00000 0.00000 0.00000 ( 1)  0.249
 149 V   1.00000 0.00000 0.00000 ( 1)  0.249
 150 P   1.00000 0.00000 0.00000 ( 1)  0.249
 151 V   1.00000 0.00000 0.00000 ( 1)  0.249
 152 E   1.00000 0.00000 0.00000 ( 1)  0.249
 153 L   1.00000 0.00000 0.00000 ( 1)  0.249
 154 R   1.00000 0.00000 0.00000 ( 1)  0.249
 155 E   1.00000 0.00000 0.00000 ( 1)  0.249
 156 D   1.00000 0.00000 0.00000 ( 1)  0.249
 157 A   1.00000 0.00000 0.00000 ( 1)  0.249
 158 P   1.00000 0.00000 0.00000 ( 1)  0.249
 159 A   1.00000 0.00000 0.00000 ( 1)  0.249
 160 P   1.00000 0.00000 0.00000 ( 1)  0.249
 161 G   1.00000 0.00000 0.00000 ( 1)  0.249
 162 P   1.00000 0.00000 0.00000 ( 1)  0.249
 163 T   1.00000 0.00000 0.00000 ( 1)  0.249
 164 G   1.00000 0.00000 0.00000 ( 1)  0.249
 165 L   1.00000 0.00000 0.00000 ( 1)  0.249
 166 R   1.00000 0.00000 0.00000 ( 1)  0.249
 167 L   1.00000 0.00000 0.00000 ( 1)  0.249
 168 T   1.00000 0.00000 0.00000 ( 1)  0.249
 169 P   1.00000 0.00000 0.00000 ( 1)  0.249
 170 A   1.00000 0.00000 0.00000 ( 1)  0.249
 171 D   1.00000 0.00000 0.00000 ( 1)  0.249
 172 D   1.00000 0.00000 0.00000 ( 1)  0.249
 173 G   1.00000 0.00000 0.00000 ( 1)  0.249
 174 D   1.00000 0.00000 0.00000 ( 1)  0.249
 175 G   1.00000 0.00000 0.00000 ( 1)  0.249
 176 P   1.00000 0.00000 0.00000 ( 1)  0.249
 177 A   1.00000 0.00000 0.00000 ( 1)  0.249
 178 N   1.00000 0.00000 0.00000 ( 1)  0.249
 179 R   1.00000 0.00000 0.00000 ( 1)  0.249
 180 V   1.00000 0.00000 0.00000 ( 1)  0.249
 181 S   1.00000 0.00000 0.00000 ( 1)  0.249
 182 N   1.00000 0.00000 0.00000 ( 1)  0.249
 183 Y   1.00000 0.00000 0.00000 ( 1)  0.249
 184 S   1.00000 0.00000 0.00000 ( 1)  0.249
 185 L   1.00000 0.00000 0.00000 ( 1)  0.249
 186 L   1.00000 0.00000 0.00000 ( 1)  0.249
 187 D   1.00000 0.00000 0.00000 ( 1)  0.249
 188 P   1.00000 0.00000 0.00000 ( 1)  0.249
 189 S   1.00000 0.00000 0.00000 ( 1)  0.249
 190 G   1.00000 0.00000 0.00000 ( 1)  0.249
 191 T   1.00000 0.00000 0.00000 ( 1)  0.249
 192 F   1.00000 0.00000 0.00000 ( 1)  0.249
 193 G   1.00000 0.00000 0.00000 ( 1)  0.249
 194 L   1.00000 0.00000 0.00000 ( 1)  0.249
 195 E   1.00000 0.00000 0.00000 ( 1)  0.249
 196 V   1.00000 0.00000 0.00000 ( 1)  0.249
 197 V   1.00000 0.00000 0.00000 ( 1)  0.249
 198 L   1.00000 0.00000 0.00000 ( 1)  0.249
 199 E   1.00000 0.00000 0.00000 ( 1)  0.249
 200 R   1.00000 0.00000 0.00000 ( 1)  0.249
 201 L   1.00000 0.00000 0.00000 ( 1)  0.249
 202 T   1.00000 0.00000 0.00000 ( 1)  0.249
 203 N   1.00000 0.00000 0.00000 ( 1)  0.249
 204 G   1.00000 0.00000 0.00000 ( 1)  0.249
 205 S   1.00000 0.00000 0.00000 ( 1)  0.249
 206 Q   1.00000 0.00000 0.00000 ( 1)  0.249
 207 S   1.00000 0.00000 0.00000 ( 1)  0.249
 208 R   1.00000 0.00000 0.00000 ( 1)  0.249
 209 V   1.00000 0.00000 0.00000 ( 1)  0.249
 210 P   1.00000 0.00000 0.00000 ( 1)  0.249
 211 V   1.00000 0.00000 0.00000 ( 1)  0.249
 212 P   1.00000 0.00000 0.00000 ( 1)  0.249
 213 Y   1.00000 0.00000 0.00000 ( 1)  0.249
 214 L   1.00000 0.00000 0.00000 ( 1)  0.249
 215 T   1.00000 0.00000 0.00000 ( 1)  0.249
 216 L   1.00000 0.00000 0.00000 ( 1)  0.249
 217 L   1.00000 0.00000 0.00000 ( 1)  0.249
 218 K   1.00000 0.00000 0.00000 ( 1)  0.249
 219 A   1.00000 0.00000 0.00000 ( 1)  0.249
 220 L   1.00000 0.00000 0.00000 ( 1)  0.249
 221 D   1.00000 0.00000 0.00000 ( 1)  0.249
 222 R   1.00000 0.00000 0.00000 ( 1)  0.249
 223 E   1.00000 0.00000 0.00000 ( 1)  0.249
 224 L   1.00000 0.00000 0.00000 ( 1)  0.249
 225 L   1.00000 0.00000 0.00000 ( 1)  0.249
 226 P   1.00000 0.00000 0.00000 ( 1)  0.249
 227 Q   1.00000 0.00000 0.00000 ( 1)  0.249
 228 Y   1.00000 0.00000 0.00000 ( 1)  0.249
 229 Q   1.00000 0.00000 0.00000 ( 1)  0.249
 230 V   1.00000 0.00000 0.00000 ( 1)  0.249
 231 T   1.00000 0.00000 0.00000 ( 1)  0.249
 232 L   1.00000 0.00000 0.00000 ( 1)  0.249
 233 V   1.00000 0.00000 0.00000 ( 1)  0.249
 234 A   1.00000 0.00000 0.00000 ( 1)  0.249
 235 T   1.00000 0.00000 0.00000 ( 1)  0.249
 236 D   1.00000 0.00000 0.00000 ( 1)  0.249
 237 G   1.00000 0.00000 0.00000 ( 1)  0.249
 238 V   1.00000 0.00000 0.00000 ( 1)  0.249
 239 H   1.00000 0.00000 0.00000 ( 1)  0.249
 240 S   1.00000 0.00000 0.00000 ( 1)  0.249
 241 T   1.00000 0.00000 0.00000 ( 1)  0.249
 242 S   1.00000 0.00000 0.00000 ( 1)  0.249
 243 A   1.00000 0.00000 0.00000 ( 1)  0.249
 244 V   1.00000 0.00000 0.00000 ( 1)  0.249
 245 V   1.00000 0.00000 0.00000 ( 1)  0.249
 246 T   1.00000 0.00000 0.00000 ( 1)  0.249
 247 I   1.00000 0.00000 0.00000 ( 1)  0.249
 248 R   1.00000 0.00000 0.00000 ( 1)  0.249
 249 V   1.00000 0.00000 0.00000 ( 1)  0.249
 250 G   1.00000 0.00000 0.00000 ( 1)  0.249
 251 D   1.00000 0.00000 0.00000 ( 1)  0.249
 252 V   1.00000 0.00000 0.00000 ( 1)  0.249
 253 N   1.00000 0.00000 0.00000 ( 1)  0.249
 254 D   1.00000 0.00000 0.00000 ( 1)  0.249
 255 N   1.00000 0.00000 0.00000 ( 1)  0.249
 256 A   1.00000 0.00000 0.00000 ( 1)  0.249
 257 P   1.00000 0.00000 0.00000 ( 1)  0.249
 258 V   1.00000 0.00000 0.00000 ( 1)  0.249
 259 F   1.00000 0.00000 0.00000 ( 1)  0.249
 260 E   1.00000 0.00000 0.00000 ( 1)  0.249
 261 P   1.00000 0.00000 0.00000 ( 1)  0.249
 262 N   1.00000 0.00000 0.00000 ( 1)  0.249
 263 L   1.00000 0.00000 0.00000 ( 1)  0.249
 264 M   1.00000 0.00000 0.00000 ( 1)  0.249
 265 E   1.00000 0.00000 0.00000 ( 1)  0.249
 266 S   1.00000 0.00000 0.00000 ( 1)  0.249
 267 S   1.00000 0.00000 0.00000 ( 1)  0.249
 268 F   1.00000 0.00000 0.00000 ( 1)  0.249
 269 P   1.00000 0.00000 0.00000 ( 1)  0.249
 270 E   1.00000 0.00000 0.00000 ( 1)  0.249
 271 T   1.00000 0.00000 0.00000 ( 1)  0.249
 272 E   1.00000 0.00000 0.00000 ( 1)  0.249
 273 L   1.00000 0.00000 0.00000 ( 1)  0.249
 274 A   1.00000 0.00000 0.00000 ( 1)  0.249
 275 G   1.00000 0.00000 0.00000 ( 1)  0.249
 276 Y   1.00000 0.00000 0.00000 ( 1)  0.249
 277 E   1.00000 0.00000 0.00000 ( 1)  0.249
 278 I   1.00000 0.00000 0.00000 ( 1)  0.249
 279 R   1.00000 0.00000 0.00000 ( 1)  0.249
 280 A   1.00000 0.00000 0.00000 ( 1)  0.249
 281 L   1.00000 0.00000 0.00000 ( 1)  0.249
 282 T   1.00000 0.00000 0.00000 ( 1)  0.249
 283 A   1.00000 0.00000 0.00000 ( 1)  0.249
 284 P   1.00000 0.00000 0.00000 ( 1)  0.249
 285 D   1.00000 0.00000 0.00000 ( 1)  0.249
 286 K   1.00000 0.00000 0.00000 ( 1)  0.249
 287 D   1.00000 0.00000 0.00000 ( 1)  0.249
 288 F   1.00000 0.00000 0.00000 ( 1)  0.249
 289 G   1.00000 0.00000 0.00000 ( 1)  0.249
 290 E   1.00000 0.00000 0.00000 ( 1)  0.249
 291 N   1.00000 0.00000 0.00000 ( 1)  0.249
 292 A   1.00000 0.00000 0.00000 ( 1)  0.249
 293 N   1.00000 0.00000 0.00000 ( 1)  0.249
 294 V   1.00000 0.00000 0.00000 ( 1)  0.249
 295 T   1.00000 0.00000 0.00000 ( 1)  0.249
 296 F   1.00000 0.00000 0.00000 ( 1)  0.249
 297 A   1.00000 0.00000 0.00000 ( 1)  0.249
 298 I   1.00000 0.00000 0.00000 ( 1)  0.249
 299 G   1.00000 0.00000 0.00000 ( 1)  0.249
 300 S   1.00000 0.00000 0.00000 ( 1)  0.249
 301 V   1.00000 0.00000 0.00000 ( 1)  0.249
 302 N   1.00000 0.00000 0.00000 ( 1)  0.249
 303 P   1.00000 0.00000 0.00000 ( 1)  0.249
 304 P   1.00000 0.00000 0.00000 ( 1)  0.249
 305 S   1.00000 0.00000 0.00000 ( 1)  0.249
 306 L   1.00000 0.00000 0.00000 ( 1)  0.249
 307 A   1.00000 0.00000 0.00000 ( 1)  0.249
 308 E   1.00000 0.00000 0.00000 ( 1)  0.249
 309 H   1.00000 0.00000 0.00000 ( 1)  0.249
 310 F   1.00000 0.00000 0.00000 ( 1)  0.249
 311 R   1.00000 0.00000 0.00000 ( 1)  0.249
 312 V   1.00000 0.00000 0.00000 ( 1)  0.249
 313 G   1.00000 0.00000 0.00000 ( 1)  0.249
 314 S   1.00000 0.00000 0.00000 ( 1)  0.249
 315 E   1.00000 0.00000 0.00000 ( 1)  0.249
 316 S   1.00000 0.00000 0.00000 ( 1)  0.249
 317 G   1.00000 0.00000 0.00000 ( 1)  0.249
 318 G   1.00000 0.00000 0.00000 ( 1)  0.249
 319 L   1.00000 0.00000 0.00000 ( 1)  0.249
 320 W   1.00000 0.00000 0.00000 ( 1)  0.249
 321 V   1.00000 0.00000 0.00000 ( 1)  0.249

Positively selected sites

	Prob(w>1)  mean w



lnL = -2497.035629

Bayes Empirical Bayes (BEB) probabilities for 3 classes (class) & postmean_w
(amino acids refer to 1st sequence: Mlig.8383)

   1 M   0.82305 0.12750 0.04945 ( 1)  0.454 +-  0.725
   2 E   0.81305 0.13077 0.05618 ( 1)  0.485 +-  0.831
   3 T   0.80906 0.13254 0.05840 ( 1)  0.496 +-  0.862
   4 G   0.81125 0.13158 0.05717 ( 1)  0.490 +-  0.845
   5 A   0.82152 0.12815 0.05033 ( 1)  0.458 +-  0.740
   6 T   0.80995 0.13193 0.05812 ( 1)  0.495 +-  0.860
   7 L   0.40224 0.25261 0.34515 ( 1)  1.872 +-  2.460
   8 V   0.82148 0.12812 0.05040 ( 1)  0.458 +-  0.742
   9 L   0.81390 0.13078 0.05532 ( 1)  0.481 +-  0.815
  10 L   0.81807 0.12912 0.05281 ( 1)  0.469 +-  0.779
  11 L   0.82125 0.12823 0.05051 ( 1)  0.459 +-  0.742
  12 L   0.81810 0.12910 0.05280 ( 1)  0.469 +-  0.779
  13 L   0.81505 0.13006 0.05489 ( 1)  0.479 +-  0.812
  14 L   0.81740 0.12960 0.05300 ( 1)  0.470 +-  0.780
  15 P   0.81998 0.12844 0.05158 ( 1)  0.463 +-  0.760
  16 A   0.81178 0.13136 0.05686 ( 1)  0.489 +-  0.840
  17 L   0.81689 0.12996 0.05315 ( 1)  0.471 +-  0.781
  18 V   0.82339 0.12754 0.04907 ( 1)  0.452 +-  0.722
  19 R   0.81997 0.12876 0.05127 ( 1)  0.462 +-  0.752
  20 Q   0.81788 0.12962 0.05250 ( 1)  0.468 +-  0.770
  21 S   0.81052 0.13176 0.05772 ( 1)  0.493 +-  0.854
  22 A   0.82356 0.12750 0.04894 ( 1)  0.452 +-  0.719
  23 G   0.82321 0.12735 0.04943 ( 1)  0.454 +-  0.727
  24 Q   0.81851 0.12918 0.05232 ( 1)  0.467 +-  0.769
  25 V   0.82102 0.12845 0.05053 ( 1)  0.459 +-  0.743
  26 S   0.81972 0.12884 0.05144 ( 1)  0.463 +-  0.754
  27 A   0.81204 0.13118 0.05679 ( 1)  0.488 +-  0.840
  28 E   0.82147 0.12835 0.05017 ( 1)  0.457 +-  0.736
  29 P   0.80963 0.13207 0.05830 ( 1)  0.496 +-  0.863
  30 I   0.81252 0.13117 0.05631 ( 1)  0.486 +-  0.831
  31 Q   0.81833 0.12930 0.05237 ( 1)  0.467 +-  0.769
  32 L   0.81689 0.12996 0.05315 ( 1)  0.471 +-  0.781
  33 A   0.82408 0.12712 0.04880 ( 1)  0.451 +-  0.718
  34 L   0.81743 0.12957 0.05299 ( 1)  0.470 +-  0.780
  35 P   0.81937 0.12888 0.05175 ( 1)  0.464 +-  0.761
  36 D   0.82365 0.12751 0.04884 ( 1)  0.451 +-  0.716
  37 N   0.81201 0.13136 0.05663 ( 1)  0.487 +-  0.836
  38 V   0.82145 0.12814 0.05041 ( 1)  0.458 +-  0.742
  39 D   0.82367 0.12749 0.04883 ( 1)  0.451 +-  0.716
  40 F   0.82046 0.12879 0.05075 ( 1)  0.459 +-  0.742
  41 N   0.82191 0.12824 0.04985 ( 1)  0.455 +-  0.729
  42 A   0.82193 0.12786 0.05021 ( 1)  0.457 +-  0.739
  43 K   0.81960 0.12908 0.05132 ( 1)  0.462 +-  0.752
  44 V   0.81199 0.13119 0.05681 ( 1)  0.488 +-  0.840
  45 G   0.82315 0.12739 0.04945 ( 1)  0.454 +-  0.727
  46 D   0.82365 0.12751 0.04884 ( 1)  0.451 +-  0.716
  47 L   0.81756 0.12948 0.05295 ( 1)  0.470 +-  0.780
  48 L   0.81686 0.12998 0.05316 ( 1)  0.471 +-  0.781
  49 R   0.82000 0.12874 0.05126 ( 1)  0.462 +-  0.752
  50 L   0.81388 0.13079 0.05533 ( 1)  0.481 +-  0.815
  51 D   0.82365 0.12751 0.04884 ( 1)  0.451 +-  0.716
  52 P   0.82121 0.12829 0.05050 ( 1)  0.459 +-  0.742
  53 S   0.82068 0.12871 0.05062 ( 1)  0.459 +-  0.740
  54 L   0.81694 0.12992 0.05313 ( 1)  0.471 +-  0.781
  55 P   0.82194 0.12776 0.05029 ( 1)  0.458 +-  0.740
  56 A   0.82434 0.12693 0.04873 ( 1)  0.451 +-  0.718
  57 P   0.81876 0.12931 0.05193 ( 1)  0.465 +-  0.762
  58 D   0.81274 0.13132 0.05594 ( 1)  0.484 +-  0.824
  59 P   0.82143 0.12813 0.05043 ( 1)  0.458 +-  0.741
  60 R   0.81075 0.13165 0.05760 ( 1)  0.492 +-  0.852
  61 L   0.81739 0.12960 0.05300 ( 1)  0.470 +-  0.780
  62 G   0.80933 0.13234 0.05833 ( 1)  0.496 +-  0.862
  63 F   0.82098 0.12842 0.05060 ( 1)  0.459 +-  0.741
  64 H   0.82134 0.12824 0.05042 ( 1)  0.458 +-  0.740
  65 T   0.82258 0.12779 0.04963 ( 1)  0.454 +-  0.727
  66 T   0.82257 0.12780 0.04964 ( 1)  0.454 +-  0.727
  67 S   0.82170 0.12797 0.05033 ( 1)  0.457 +-  0.738
  68 L   0.82081 0.12855 0.05064 ( 1)  0.459 +-  0.743
  69 K   0.81039 0.13209 0.05752 ( 1)  0.492 +-  0.849
  70 A   0.82432 0.12695 0.04874 ( 1)  0.451 +-  0.718
  71 D   0.82461 0.12682 0.04858 ( 1)  0.450 +-  0.714
  72 N   0.81210 0.13130 0.05660 ( 1)  0.487 +-  0.836
  73 P   0.81084 0.13172 0.05744 ( 1)  0.492 +-  0.849
  74 R   0.81068 0.13169 0.05763 ( 1)  0.492 +-  0.852
  75 L   0.82077 0.12858 0.05065 ( 1)  0.459 +-  0.743
  76 D   0.82427 0.12706 0.04867 ( 1)  0.450 +-  0.715
  77 G   0.82318 0.12737 0.04944 ( 1)  0.454 +-  0.727
  78 Y   0.81891 0.12915 0.05194 ( 1)  0.465 +-  0.762
  79 F   0.82165 0.12794 0.05041 ( 1)  0.458 +-  0.740
  80 T   0.40389 0.25360 0.34251 ( 1)  1.857 +-  2.447
  81 L   0.81805 0.12914 0.05281 ( 1)  0.469 +-  0.779
  82 D   0.82459 0.12683 0.04858 ( 1)  0.450 +-  0.714
  83 S   0.81214 0.13107 0.05680 ( 1)  0.488 +-  0.840
  84 R   0.81356 0.13100 0.05544 ( 1)  0.482 +-  0.818
  85 G   0.82211 0.12815 0.04974 ( 1)  0.455 +-  0.729
  86 A   0.82409 0.12712 0.04880 ( 1)  0.451 +-  0.718
  87 V   0.82141 0.12817 0.05042 ( 1)  0.458 +-  0.742
  88 Y   0.81884 0.12919 0.05196 ( 1)  0.465 +-  0.762
  89 A   0.82431 0.12695 0.04874 ( 1)  0.451 +-  0.718
  90 R   0.81836 0.12938 0.05226 ( 1)  0.467 +-  0.767
  91 R   0.82020 0.12860 0.05120 ( 1)  0.462 +-  0.752
  92 N   0.82288 0.12754 0.04958 ( 1)  0.454 +-  0.727
  93 V   0.82102 0.12845 0.05053 ( 1)  0.459 +-  0.743
  94 D   0.82364 0.12752 0.04884 ( 1)  0.451 +-  0.716
  95 R   0.81696 0.12996 0.05308 ( 1)  0.470 +-  0.779
  96 D   0.82461 0.12682 0.04858 ( 1)  0.450 +-  0.714
  97 E   0.82244 0.12766 0.04991 ( 1)  0.456 +-  0.734
  98 L   0.81687 0.12997 0.05315 ( 1)  0.471 +-  0.781
  99 C   0.81884 0.12886 0.05230 ( 1)  0.467 +-  0.769
 100 S   0.81075 0.13111 0.05814 ( 1)  0.495 +-  0.864
 101 A   0.81142 0.13161 0.05697 ( 1)  0.489 +-  0.841
 102 A   0.82430 0.12696 0.04874 ( 1)  0.451 +-  0.718
 103 D   0.81273 0.13133 0.05594 ( 1)  0.484 +-  0.824
 104 C   0.81736 0.12991 0.05273 ( 1)  0.469 +-  0.772
 105 C   0.81806 0.12941 0.05253 ( 1)  0.468 +-  0.771
 106 E   0.82188 0.12806 0.05006 ( 1)  0.457 +-  0.735
 107 S   0.82038 0.12837 0.05125 ( 1)  0.462 +-  0.753
 108 M   0.82305 0.12750 0.04945 ( 1)  0.454 +-  0.725
 109 E   0.82147 0.12835 0.05017 ( 1)  0.457 +-  0.736
 110 C   0.81795 0.12949 0.05256 ( 1)  0.468 +-  0.771
 111 R   0.82012 0.12866 0.05123 ( 1)  0.462 +-  0.752
 112 L   0.81734 0.12964 0.05302 ( 1)  0.470 +-  0.780
 113 D   0.82366 0.12750 0.04883 ( 1)  0.451 +-  0.716
 114 F   0.82055 0.12873 0.05072 ( 1)  0.459 +-  0.742
 115 S   0.82131 0.12825 0.05044 ( 1)  0.458 +-  0.739
 116 V   0.82393 0.12715 0.04892 ( 1)  0.452 +-  0.721
 117 L   0.81807 0.12912 0.05281 ( 1)  0.469 +-  0.779
 118 I   0.82399 0.12727 0.04873 ( 1)  0.450 +-  0.714
 119 L   0.81464 0.13026 0.05510 ( 1)  0.480 +-  0.814
 120 S   0.81736 0.12965 0.05299 ( 1)  0.470 +-  0.779
 121 T   0.81969 0.12907 0.05124 ( 1)  0.462 +-  0.750
 122 P   0.81484 0.13034 0.05482 ( 1)  0.479 +-  0.809
 123 G   0.81139 0.13148 0.05713 ( 1)  0.490 +-  0.844
 124 G   0.80991 0.13194 0.05815 ( 1)  0.495 +-  0.860
 125 R   0.82020 0.12860 0.05120 ( 1)  0.462 +-  0.752
 126 E   0.82209 0.12791 0.05000 ( 1)  0.456 +-  0.734
 127 A   0.82194 0.12785 0.05021 ( 1)  0.457 +-  0.739
 128 R   0.81957 0.12905 0.05138 ( 1)  0.463 +-  0.753
 129 R   0.81746 0.12961 0.05294 ( 1)  0.470 +-  0.778
 130 N   0.81264 0.13092 0.05644 ( 1)  0.487 +-  0.835
 131 L   0.42088 0.25794 0.32118 ( 1)  1.737 +-  2.344
 132 R   0.82080 0.12817 0.05103 ( 1)  0.461 +-  0.751
 133 I   0.82404 0.12724 0.04872 ( 1)  0.450 +-  0.714
 134 I   0.82442 0.12697 0.04862 ( 1)  0.450 +-  0.713
 135 L   0.81812 0.12909 0.05279 ( 1)  0.469 +-  0.778
 136 A   0.82194 0.12785 0.05021 ( 1)  0.457 +-  0.739
 137 D   0.82420 0.12711 0.04869 ( 1)  0.450 +-  0.715
 138 E   0.82208 0.12791 0.05000 ( 1)  0.456 +-  0.734
 139 N   0.82241 0.12787 0.04971 ( 1)  0.455 +-  0.728
 140 D   0.82416 0.12715 0.04870 ( 1)  0.450 +-  0.715
 141 M   0.82219 0.12812 0.04969 ( 1)  0.455 +-  0.727
 142 R   0.81704 0.12990 0.05306 ( 1)  0.470 +-  0.779
 143 P   0.81877 0.12931 0.05193 ( 1)  0.465 +-  0.762
 144 T   0.82034 0.12860 0.05106 ( 1)  0.461 +-  0.749
 145 F   0.81136 0.13154 0.05710 ( 1)  0.490 +-  0.844
 146 P   0.82080 0.12859 0.05061 ( 1)  0.459 +-  0.742
 147 S   0.82170 0.12797 0.05033 ( 1)  0.457 +-  0.738
 148 L   0.81689 0.12996 0.05315 ( 1)  0.471 +-  0.781
 149 V   0.82180 0.12789 0.05031 ( 1)  0.458 +-  0.741
 150 P   0.81998 0.12844 0.05158 ( 1)  0.463 +-  0.760
 151 V   0.82180 0.12789 0.05031 ( 1)  0.458 +-  0.741
 152 E   0.82141 0.12840 0.05019 ( 1)  0.457 +-  0.736
 153 L   0.81033 0.13207 0.05760 ( 1)  0.492 +-  0.850
 154 R   0.82023 0.12858 0.05119 ( 1)  0.462 +-  0.752
 155 E   0.81291 0.13087 0.05622 ( 1)  0.485 +-  0.831
 156 D   0.82366 0.12750 0.04883 ( 1)  0.451 +-  0.716
 157 A   0.81057 0.13161 0.05782 ( 1)  0.493 +-  0.856
 158 P   0.81873 0.12934 0.05194 ( 1)  0.465 +-  0.762
 159 A   0.81018 0.13188 0.05794 ( 1)  0.494 +-  0.857
 160 P   0.81870 0.12935 0.05194 ( 1)  0.465 +-  0.762
 161 G   0.82222 0.12807 0.04971 ( 1)  0.455 +-  0.729
 162 P   0.81993 0.12848 0.05160 ( 1)  0.463 +-  0.760
 163 T   0.82037 0.12858 0.05105 ( 1)  0.461 +-  0.749
 164 G   0.82048 0.12853 0.05099 ( 1)  0.461 +-  0.749
 165 L   0.81690 0.12995 0.05315 ( 1)  0.471 +-  0.781
 166 R   0.80928 0.13208 0.05864 ( 1)  0.497 +-  0.869
 167 L   0.81734 0.12964 0.05302 ( 1)  0.470 +-  0.780
 168 T   0.82258 0.12779 0.04963 ( 1)  0.454 +-  0.727
 169 P   0.81925 0.12897 0.05178 ( 1)  0.464 +-  0.761
 170 A   0.82411 0.12710 0.04879 ( 1)  0.451 +-  0.718
 171 D   0.81330 0.13093 0.05577 ( 1)  0.483 +-  0.823
 172 D   0.82406 0.12721 0.04872 ( 1)  0.451 +-  0.715
 173 G   0.82054 0.12848 0.05097 ( 1)  0.461 +-  0.749
 174 D   0.82366 0.12750 0.04883 ( 1)  0.451 +-  0.716
 175 G   0.82273 0.12770 0.04957 ( 1)  0.454 +-  0.728
 176 P   0.82122 0.12829 0.05050 ( 1)  0.459 +-  0.742
 177 A   0.82391 0.12724 0.04885 ( 1)  0.451 +-  0.718
 178 N   0.82292 0.12751 0.04957 ( 1)  0.454 +-  0.727
 179 R   0.81769 0.12944 0.05287 ( 1)  0.469 +-  0.778
 180 V   0.82155 0.12807 0.05038 ( 1)  0.458 +-  0.742
 181 S   0.82068 0.12871 0.05062 ( 1)  0.459 +-  0.740
 182 N   0.82289 0.12754 0.04958 ( 1)  0.454 +-  0.727
 183 Y   0.81884 0.12919 0.05196 ( 1)  0.465 +-  0.762
 184 S   0.82181 0.12789 0.05030 ( 1)  0.457 +-  0.738
 185 L   0.81734 0.12964 0.05302 ( 1)  0.470 +-  0.780
 186 L   0.81689 0.12996 0.05315 ( 1)  0.471 +-  0.781
 187 D   0.82420 0.12711 0.04869 ( 1)  0.450 +-  0.715
 188 P   0.82127 0.12824 0.05048 ( 1)  0.458 +-  0.742
 189 S   0.82068 0.12871 0.05062 ( 1)  0.459 +-  0.740
 190 G   0.82279 0.12766 0.04955 ( 1)  0.454 +-  0.727
 191 T   0.82292 0.12754 0.04954 ( 1)  0.454 +-  0.727
 192 F   0.81072 0.13198 0.05730 ( 1)  0.491 +-  0.845
 193 G   0.81053 0.13208 0.05739 ( 1)  0.491 +-  0.846
 194 L   0.81736 0.12963 0.05301 ( 1)  0.470 +-  0.780
 195 E   0.82249 0.12762 0.04989 ( 1)  0.456 +-  0.734
 196 V   0.82138 0.12819 0.05043 ( 1)  0.458 +-  0.742
 197 V   0.82138 0.12819 0.05043 ( 1)  0.458 +-  0.742
 198 L   0.81687 0.12997 0.05315 ( 1)  0.471 +-  0.781
 199 E   0.82149 0.12834 0.05017 ( 1)  0.457 +-  0.736
 200 R   0.81958 0.12904 0.05138 ( 1)  0.463 +-  0.753
 201 L   0.81340 0.13113 0.05547 ( 1)  0.482 +-  0.816
 202 T   0.81070 0.13194 0.05736 ( 1)  0.491 +-  0.846
 203 N   0.82191 0.12824 0.04985 ( 1)  0.455 +-  0.729
 204 G   0.82266 0.12775 0.04959 ( 1)  0.454 +-  0.728
 205 S   0.82124 0.12830 0.05046 ( 1)  0.458 +-  0.739
 206 Q   0.81825 0.12936 0.05239 ( 1)  0.467 +-  0.770
 207 S   0.81650 0.13025 0.05325 ( 1)  0.471 +-  0.780
 208 R   0.81088 0.13149 0.05763 ( 1)  0.492 +-  0.853
 209 V   0.82380 0.12725 0.04896 ( 1)  0.452 +-  0.721
 210 P   0.81873 0.12934 0.05194 ( 1)  0.465 +-  0.762
 211 V   0.82156 0.12806 0.05038 ( 1)  0.458 +-  0.742
 212 P   0.82189 0.12780 0.05031 ( 1)  0.458 +-  0.740
 213 Y   0.81995 0.12842 0.05164 ( 1)  0.463 +-  0.760
 214 L   0.81736 0.12963 0.05301 ( 1)  0.470 +-  0.780
 215 T   0.82030 0.12863 0.05107 ( 1)  0.461 +-  0.749
 216 L   0.81807 0.12912 0.05281 ( 1)  0.469 +-  0.779
 217 L   0.81464 0.13026 0.05510 ( 1)  0.480 +-  0.814
 218 K   0.82016 0.12868 0.05116 ( 1)  0.461 +-  0.750
 219 A   0.82114 0.12843 0.05043 ( 1)  0.458 +-  0.741
 220 L   0.81760 0.12946 0.05295 ( 1)  0.470 +-  0.780
 221 D   0.82366 0.12750 0.04883 ( 1)  0.451 +-  0.716
 222 R   0.81746 0.12961 0.05294 ( 1)  0.470 +-  0.778
 223 E   0.82128 0.12849 0.05023 ( 1)  0.457 +-  0.736
 224 L   0.81686 0.12998 0.05316 ( 1)  0.471 +-  0.781
 225 L   0.81733 0.12964 0.05302 ( 1)  0.470 +-  0.780
 226 P   0.81993 0.12848 0.05160 ( 1)  0.463 +-  0.760
 227 Q   0.81833 0.12930 0.05237 ( 1)  0.467 +-  0.769
 228 Y   0.81963 0.12864 0.05173 ( 1)  0.464 +-  0.760
 229 Q   0.81909 0.12876 0.05215 ( 1)  0.466 +-  0.768
 230 V   0.82144 0.12815 0.05041 ( 1)  0.458 +-  0.742
 231 T   0.82289 0.12756 0.04955 ( 1)  0.454 +-  0.727
 232 L   0.81690 0.12995 0.05315 ( 1)  0.471 +-  0.781
 233 V   0.82180 0.12789 0.05031 ( 1)  0.458 +-  0.741
 234 A   0.82391 0.12725 0.04885 ( 1)  0.451 +-  0.718
 235 T   0.82288 0.12757 0.04955 ( 1)  0.454 +-  0.727
 236 D   0.82416 0.12715 0.04870 ( 1)  0.450 +-  0.715
 237 G   0.81140 0.13148 0.05713 ( 1)  0.490 +-  0.844
 238 V   0.81166 0.13143 0.05691 ( 1)  0.489 +-  0.841
 239 H   0.82134 0.12824 0.05042 ( 1)  0.458 +-  0.740
 240 S   0.43043 0.26010 0.30947 ( 1)  1.671 +-  2.283
 241 T   0.80995 0.13193 0.05812 ( 1)  0.495 +-  0.860
 242 S   0.81905 0.12932 0.05163 ( 1)  0.464 +-  0.756
 243 A   0.82390 0.12725 0.04885 ( 1)  0.451 +-  0.718
 244 V   0.82138 0.12819 0.05043 ( 1)  0.458 +-  0.742
 245 V   0.82363 0.12737 0.04900 ( 1)  0.452 +-  0.721
 246 T   0.82263 0.12775 0.04962 ( 1)  0.454 +-  0.727
 247 I   0.82404 0.12724 0.04872 ( 1)  0.450 +-  0.714
 248 R   0.80859 0.13256 0.05886 ( 1)  0.499 +-  0.870
 249 V   0.81174 0.13137 0.05689 ( 1)  0.489 +-  0.841
 250 G   0.82272 0.12771 0.04957 ( 1)  0.454 +-  0.728
 251 D   0.82420 0.12711 0.04869 ( 1)  0.450 +-  0.715
 252 V   0.82128 0.12827 0.05046 ( 1)  0.458 +-  0.742
 253 N   0.82242 0.12787 0.04971 ( 1)  0.455 +-  0.728
 254 D   0.82360 0.12755 0.04885 ( 1)  0.451 +-  0.716
 255 N   0.82246 0.12785 0.04970 ( 1)  0.455 +-  0.728
 256 A   0.82193 0.12786 0.05021 ( 1)  0.457 +-  0.739
 257 P   0.80920 0.13237 0.05843 ( 1)  0.496 +-  0.864
 258 V   0.82179 0.12789 0.05031 ( 1)  0.458 +-  0.741
 259 F   0.82049 0.12878 0.05074 ( 1)  0.459 +-  0.742
 260 E   0.81289 0.13088 0.05623 ( 1)  0.485 +-  0.831
 261 P   0.82080 0.12859 0.05061 ( 1)  0.459 +-  0.742
 262 N   0.82292 0.12751 0.04957 ( 1)  0.454 +-  0.727
 263 L   0.81807 0.12912 0.05281 ( 1)  0.469 +-  0.779
 264 M   0.82301 0.12753 0.04946 ( 1)  0.454 +-  0.725
 265 E   0.82201 0.12797 0.05002 ( 1)  0.456 +-  0.734
 266 S   0.81975 0.12881 0.05143 ( 1)  0.463 +-  0.754
 267 S   0.82168 0.12799 0.05033 ( 1)  0.457 +-  0.738
 268 F   0.82165 0.12794 0.05041 ( 1)  0.458 +-  0.740
 269 P   0.81925 0.12897 0.05178 ( 1)  0.464 +-  0.761
 270 E   0.82243 0.12766 0.04990 ( 1)  0.456 +-  0.734
 271 T   0.82197 0.12823 0.04980 ( 1)  0.455 +-  0.729
 272 E   0.82243 0.12766 0.04991 ( 1)  0.456 +-  0.734
 273 L   0.81807 0.12912 0.05281 ( 1)  0.469 +-  0.779
 274 A   0.82410 0.12711 0.04879 ( 1)  0.451 +-  0.718
 275 G   0.82315 0.12739 0.04945 ( 1)  0.454 +-  0.727
 276 Y   0.81997 0.12839 0.05165 ( 1)  0.463 +-  0.760
 277 E   0.81240 0.13122 0.05638 ( 1)  0.486 +-  0.832
 278 I   0.81243 0.13123 0.05634 ( 1)  0.486 +-  0.831
 279 R   0.80931 0.13206 0.05863 ( 1)  0.497 +-  0.869
 280 A   0.82354 0.12751 0.04895 ( 1)  0.452 +-  0.719
 281 L   0.81736 0.12963 0.05301 ( 1)  0.470 +-  0.780
 282 T   0.82253 0.12783 0.04965 ( 1)  0.454 +-  0.728
 283 A   0.82431 0.12695 0.04874 ( 1)  0.451 +-  0.718
 284 P   0.82075 0.12862 0.05063 ( 1)  0.459 +-  0.743
 285 D   0.82414 0.12716 0.04870 ( 1)  0.450 +-  0.715
 286 K   0.81040 0.13208 0.05752 ( 1)  0.492 +-  0.849
 287 D   0.82403 0.12724 0.04873 ( 1)  0.451 +-  0.715
 288 F   0.82100 0.12841 0.05059 ( 1)  0.459 +-  0.741
 289 G   0.82272 0.12771 0.04957 ( 1)  0.454 +-  0.728
 290 E   0.82241 0.12767 0.04991 ( 1)  0.456 +-  0.734
 291 N   0.82245 0.12785 0.04970 ( 1)  0.455 +-  0.728
 292 A   0.82408 0.12712 0.04880 ( 1)  0.451 +-  0.718
 293 N   0.82239 0.12789 0.04972 ( 1)  0.455 +-  0.728
 294 V   0.82416 0.12698 0.04886 ( 1)  0.451 +-  0.720
 295 T   0.82264 0.12774 0.04962 ( 1)  0.454 +-  0.727
 296 F   0.82100 0.12841 0.05059 ( 1)  0.459 +-  0.741
 297 A   0.43971 0.26194 0.29835 ( 1)  1.610 +-  2.225
 298 I   0.82352 0.12761 0.04886 ( 1)  0.451 +-  0.715
 299 G   0.82054 0.12848 0.05097 ( 1)  0.461 +-  0.749
 300 S   0.80971 0.13232 0.05797 ( 1)  0.494 +-  0.855
 301 V   0.82082 0.12860 0.05059 ( 1)  0.459 +-  0.743
 302 N   0.81210 0.13130 0.05660 ( 1)  0.487 +-  0.836
 303 P   0.81921 0.12899 0.05180 ( 1)  0.464 +-  0.761
 304 P   0.81409 0.13087 0.05504 ( 1)  0.480 +-  0.811
 305 S   0.82060 0.12876 0.05064 ( 1)  0.459 +-  0.741
 306 L   0.82077 0.12858 0.05065 ( 1)  0.459 +-  0.743
 307 A   0.81171 0.13141 0.05688 ( 1)  0.489 +-  0.840
 308 E   0.82203 0.12795 0.05002 ( 1)  0.456 +-  0.734
 309 H   0.82143 0.12818 0.05039 ( 1)  0.458 +-  0.740
 310 F   0.82104 0.12838 0.05058 ( 1)  0.459 +-  0.741
 311 R   0.82020 0.12860 0.05120 ( 1)  0.462 +-  0.752
 312 V   0.82393 0.12715 0.04892 ( 1)  0.452 +-  0.721
 313 G   0.82222 0.12807 0.04971 ( 1)  0.455 +-  0.729
 314 S   0.81226 0.13098 0.05676 ( 1)  0.488 +-  0.840
 315 E   0.82244 0.12766 0.04991 ( 1)  0.456 +-  0.734
 316 S   0.81452 0.13079 0.05469 ( 1)  0.478 +-  0.804
 317 G   0.81179 0.13120 0.05701 ( 1)  0.489 +-  0.844
 318 G   0.82279 0.12766 0.04955 ( 1)  0.454 +-  0.727
 319 L   0.82073 0.12861 0.05066 ( 1)  0.459 +-  0.744
 320 W   0.81503 0.13039 0.05458 ( 1)  0.477 +-  0.803
 321 V   0.82390 0.12717 0.04893 ( 1)  0.452 +-  0.721

Positively selected sites

	Prob(w>1)  mean w


