Supplemental results for CODEML (seqf: algn  treef: tree)


dN/dS (w) for site classes (K=9)

p:   0.12341  0.12341  0.12341  0.12341  0.12341  0.12341  0.12341  0.12341  0.01270
w:   0.00000  0.00000  0.00000  0.00000  0.00000  0.00000  0.00000  0.00000 57.85605

Naive Empirical Bayes (NEB) probabilities for 9 classes & postmean_w & P(w>1)
(amino acids refer to 1st sequence: Mlig.9992)

   1 A   0.12456 0.12456 0.12456 0.12456 0.12456 0.12456 0.12456 0.12456 0.00350 ( 3)  0.203  0.004
   2 R   0.12438 0.12438 0.12438 0.12438 0.12438 0.12438 0.12438 0.12438 0.00499 ( 1)  0.289  0.005
   3 C   0.12475 0.12475 0.12475 0.12475 0.12475 0.12475 0.12475 0.12475 0.00201 ( 1)  0.116  0.002
   4 P   0.12373 0.12373 0.12373 0.12373 0.12373 0.12373 0.12373 0.12373 0.01019 ( 5)  0.590  0.010
   5 L   0.12367 0.12367 0.12367 0.12367 0.12367 0.12367 0.12367 0.12367 0.01061 ( 1)  0.614  0.011
   6 V   0.12461 0.12461 0.12461 0.12461 0.12461 0.12461 0.12461 0.12461 0.00316 ( 1)  0.183  0.003
   7 H   0.12455 0.12455 0.12455 0.12455 0.12455 0.12455 0.12455 0.12455 0.00358 ( 5)  0.207  0.004
   8 P   0.12373 0.12373 0.12373 0.12373 0.12373 0.12373 0.12373 0.12373 0.01019 ( 5)  0.590  0.010
   9 A   0.12392 0.12392 0.12392 0.12392 0.12392 0.12392 0.12392 0.12392 0.00861 ( 3)  0.498  0.009
  10 A   0.12456 0.12456 0.12456 0.12456 0.12456 0.12456 0.12456 0.12456 0.00350 ( 3)  0.203  0.004
  11 P   0.12426 0.12426 0.12426 0.12426 0.12426 0.12426 0.12426 0.12426 0.00592 ( 3)  0.343  0.006
  12 M   0.12478 0.12478 0.12478 0.12478 0.12478 0.12478 0.12478 0.12478 0.00173 ( 1)  0.100  0.002
  13 Q   0.12439 0.12439 0.12439 0.12439 0.12439 0.12439 0.12439 0.12439 0.00489 ( 5)  0.283  0.005
  14 P   0.12444 0.12444 0.12444 0.12444 0.12444 0.12444 0.12444 0.12444 0.00446 ( 3)  0.258  0.004
  15 S   0.12481 0.12481 0.12481 0.12481 0.12481 0.12481 0.12481 0.12481 0.00154 ( 2)  0.089  0.002
  16 Q   0.12439 0.12439 0.12439 0.12439 0.12439 0.12439 0.12439 0.12439 0.00489 ( 5)  0.283  0.005
  17 S   0.12481 0.12481 0.12481 0.12481 0.12481 0.12481 0.12481 0.12481 0.00154 ( 2)  0.089  0.002
  18 S   0.12478 0.12478 0.12478 0.12478 0.12478 0.12478 0.12478 0.12478 0.00179 ( 2)  0.104  0.002
  19 A   0.12392 0.12392 0.12392 0.12392 0.12392 0.12392 0.12392 0.12392 0.00861 ( 3)  0.498  0.009
  20 A   0.12456 0.12456 0.12456 0.12456 0.12456 0.12456 0.12456 0.12456 0.00350 ( 3)  0.203  0.004
  21 F   0.12482 0.12482 0.12482 0.12482 0.12482 0.12482 0.12482 0.12482 0.00145 ( 5)  0.084  0.001
  22 D   0.12464 0.12464 0.12464 0.12464 0.12464 0.12464 0.12464 0.12464 0.00291 ( 2)  0.168  0.003
  23 V   0.12458 0.12458 0.12458 0.12458 0.12458 0.12458 0.12458 0.12458 0.00332 ( 1)  0.192  0.003
  24 A   0.12454 0.12454 0.12454 0.12454 0.12454 0.12454 0.12454 0.12454 0.00371 ( 3)  0.214  0.004
  25 V   0.12458 0.12458 0.12458 0.12458 0.12458 0.12458 0.12458 0.12458 0.00332 ( 1)  0.192  0.003
  26 M   0.12478 0.12478 0.12478 0.12478 0.12478 0.12478 0.12478 0.12478 0.00173 ( 1)  0.100  0.002
  27 G   0.12459 0.12459 0.12459 0.12459 0.12459 0.12459 0.12459 0.12459 0.00329 ( 2)  0.190  0.003
  28 S   0.12478 0.12478 0.12478 0.12478 0.12478 0.12478 0.12478 0.12478 0.00179 ( 2)  0.104  0.002
  29 V   0.12458 0.12458 0.12458 0.12458 0.12458 0.12458 0.12458 0.12458 0.00332 ( 1)  0.192  0.003
  30 V   0.12458 0.12458 0.12458 0.12458 0.12458 0.12458 0.12458 0.12458 0.00332 ( 1)  0.192  0.003
  31 Y   0.12475 0.12475 0.12475 0.12475 0.12475 0.12475 0.12475 0.12475 0.00202 ( 2)  0.117  0.002
  32 D   0.12464 0.12464 0.12464 0.12464 0.12464 0.12464 0.12464 0.12464 0.00291 ( 2)  0.168  0.003
  33 L   0.12457 0.12457 0.12457 0.12457 0.12457 0.12457 0.12457 0.12457 0.00345 ( 1)  0.200  0.003
  34 I   0.12479 0.12479 0.12479 0.12479 0.12479 0.12479 0.12479 0.12479 0.00165 ( 2)  0.095  0.002
  35 A   0.12456 0.12456 0.12456 0.12456 0.12456 0.12456 0.12456 0.12456 0.00350 ( 3)  0.203  0.004
  36 Y   0.12394 0.12394 0.12394 0.12394 0.12394 0.12394 0.12394 0.12394 0.00844 ( 3)  0.489  0.008
  37 V   0.12458 0.12458 0.12458 0.12458 0.12458 0.12458 0.12458 0.12458 0.00332 ( 1)  0.192  0.003
  38 D   0.12464 0.12464 0.12464 0.12464 0.12464 0.12464 0.12464 0.12464 0.00291 ( 2)  0.168  0.003
  39 T   0.12475 0.12475 0.12475 0.12475 0.12475 0.12475 0.12475 0.12475 0.00196 ( 1)  0.114  0.002
  40 A   0.12454 0.12454 0.12454 0.12454 0.12454 0.12454 0.12454 0.12454 0.00371 ( 3)  0.214  0.004
  41 V   0.12458 0.12458 0.12458 0.12458 0.12458 0.12458 0.12458 0.12458 0.00332 ( 1)  0.192  0.003
  42 R   0.12438 0.12438 0.12438 0.12438 0.12438 0.12438 0.12438 0.12438 0.00499 ( 1)  0.289  0.005
  43 P   0.12453 0.12453 0.12453 0.12453 0.12453 0.12453 0.12453 0.12453 0.00380 ( 3)  0.220  0.004
  44 G   0.12459 0.12459 0.12459 0.12459 0.12459 0.12459 0.12459 0.12459 0.00329 ( 2)  0.190  0.003
  45 E   0.12460 0.12460 0.12460 0.12460 0.12460 0.12460 0.12460 0.12460 0.00316 ( 5)  0.183  0.003
  46 T   0.12477 0.12477 0.12477 0.12477 0.12477 0.12477 0.12477 0.12477 0.00184 ( 3)  0.106  0.002
  47 R   0.12450 0.12450 0.12450 0.12450 0.12450 0.12450 0.12450 0.12450 0.00398 ( 1)  0.230  0.004
  48 I   0.12479 0.12479 0.12479 0.12479 0.12479 0.12479 0.12479 0.12479 0.00165 ( 2)  0.095  0.002
  49 G   0.12459 0.12459 0.12459 0.12459 0.12459 0.12459 0.12459 0.12459 0.00329 ( 2)  0.190  0.003
  50 S   0.12481 0.12481 0.12481 0.12481 0.12481 0.12481 0.12481 0.12481 0.00154 ( 2)  0.089  0.002
  51 S   0.12478 0.12478 0.12478 0.12478 0.12478 0.12478 0.12478 0.12478 0.00179 ( 2)  0.104  0.002
  52 F   0.12482 0.12482 0.12482 0.12482 0.12482 0.12482 0.12482 0.12482 0.00145 ( 5)  0.084  0.001
  53 G   0.12459 0.12459 0.12459 0.12459 0.12459 0.12459 0.12459 0.12459 0.00329 ( 2)  0.190  0.003
  54 M   0.12478 0.12478 0.12478 0.12478 0.12478 0.12478 0.12478 0.12478 0.00173 ( 1)  0.100  0.002
  55 G   0.12459 0.12459 0.12459 0.12459 0.12459 0.12459 0.12459 0.12459 0.00329 ( 2)  0.190  0.003
  56 A   0.12456 0.12456 0.12456 0.12456 0.12456 0.12456 0.12456 0.12456 0.00350 ( 3)  0.203  0.004
  57 G   0.12459 0.12459 0.12459 0.12459 0.12459 0.12459 0.12459 0.12459 0.00329 ( 2)  0.190  0.003
  58 G   0.12459 0.12459 0.12459 0.12459 0.12459 0.12459 0.12459 0.12459 0.00329 ( 2)  0.190  0.003
  59 K   0.12476 0.12476 0.12476 0.12476 0.12476 0.12476 0.12476 0.12476 0.00191 ( 1)  0.111  0.002
  60 G   0.12459 0.12459 0.12459 0.12459 0.12459 0.12459 0.12459 0.12459 0.00329 ( 2)  0.190  0.003
  61 A   0.12456 0.12456 0.12456 0.12456 0.12456 0.12456 0.12456 0.12456 0.00350 ( 3)  0.203  0.004
  62 N   0.12480 0.12480 0.12480 0.12480 0.12480 0.12480 0.12480 0.12480 0.00162 ( 1)  0.094  0.002
  63 Q   0.12439 0.12439 0.12439 0.12439 0.12439 0.12439 0.12439 0.12439 0.00489 ( 5)  0.283  0.005
  64 C   0.12475 0.12475 0.12475 0.12475 0.12475 0.12475 0.12475 0.12475 0.00201 ( 1)  0.116  0.002
  65 T   0.12477 0.12477 0.12477 0.12477 0.12477 0.12477 0.12477 0.12477 0.00184 ( 3)  0.106  0.002
  66 M   0.12478 0.12478 0.12478 0.12478 0.12478 0.12478 0.12478 0.12478 0.00173 ( 1)  0.100  0.002
  67 A   0.12456 0.12456 0.12456 0.12456 0.12456 0.12456 0.12456 0.12456 0.00350 ( 3)  0.203  0.004
  68 S   0.12478 0.12478 0.12478 0.12478 0.12478 0.12478 0.12478 0.12478 0.00179 ( 2)  0.104  0.002
  69 F   0.12482 0.12482 0.12482 0.12482 0.12482 0.12482 0.12482 0.12482 0.00145 ( 5)  0.084  0.001
  70 L   0.12425 0.12425 0.12425 0.12425 0.12425 0.12425 0.12425 0.12425 0.00598 ( 1)  0.346  0.006
  71 G   0.12455 0.12455 0.12455 0.12455 0.12455 0.12455 0.12455 0.12455 0.00362 ( 2)  0.209  0.004
  72 S   0.12474 0.12474 0.12474 0.12474 0.12474 0.12474 0.12474 0.12474 0.00211 ( 3)  0.122  0.002
  73 R   0.12450 0.12450 0.12450 0.12450 0.12450 0.12450 0.12450 0.12450 0.00398 ( 1)  0.230  0.004
  74 A   0.12456 0.12456 0.12456 0.12456 0.12456 0.12456 0.12456 0.12456 0.00350 ( 3)  0.203  0.004
  75 A   0.12456 0.12456 0.12456 0.12456 0.12456 0.12456 0.12456 0.12456 0.00350 ( 3)  0.203  0.004
  76 M   0.12478 0.12478 0.12478 0.12478 0.12478 0.12478 0.12478 0.12478 0.00173 ( 1)  0.100  0.002
  77 V   0.12431 0.12431 0.12431 0.12431 0.12431 0.12431 0.12431 0.12431 0.00549 ( 5)  0.317  0.005
  78 G   0.12459 0.12459 0.12459 0.12459 0.12459 0.12459 0.12459 0.12459 0.00329 ( 2)  0.190  0.003
  79 K   0.12476 0.12476 0.12476 0.12476 0.12476 0.12476 0.12476 0.12476 0.00191 ( 1)  0.111  0.002
  80 I   0.12443 0.12443 0.12443 0.12443 0.12443 0.12443 0.12443 0.12443 0.00456 ( 1)  0.264  0.005
  81 G   0.12416 0.12416 0.12416 0.12416 0.12416 0.12416 0.12416 0.12416 0.00670 ( 5)  0.387  0.007
  82 D   0.12464 0.12464 0.12464 0.12464 0.12464 0.12464 0.12464 0.12464 0.00291 ( 2)  0.168  0.003
  83 D   0.12424 0.12424 0.12424 0.12424 0.12424 0.12424 0.12424 0.12424 0.00608 ( 2)  0.352  0.006
  84 L   0.12443 0.12443 0.12443 0.12443 0.12443 0.12443 0.12443 0.12443 0.00457 ( 1)  0.264  0.005
  85 F   0.12482 0.12482 0.12482 0.12482 0.12482 0.12482 0.12482 0.12482 0.00145 ( 5)  0.084  0.001
  86 G   0.12416 0.12416 0.12416 0.12416 0.12416 0.12416 0.12416 0.12416 0.00670 ( 5)  0.387  0.007
  87 R   0.00000 0.00000 0.00000 0.00000 0.00000 0.00000 0.00000 0.00000 1.00000 ( 9) 57.856  1.000
  88 E   0.12460 0.12460 0.12460 0.12460 0.12460 0.12460 0.12460 0.12460 0.00316 ( 5)  0.183  0.003
  89 Y   0.12475 0.12475 0.12475 0.12475 0.12475 0.12475 0.12475 0.12475 0.00202 ( 2)  0.117  0.002
  90 M   0.12478 0.12478 0.12478 0.12478 0.12478 0.12478 0.12478 0.12478 0.00173 ( 1)  0.100  0.002
  91 K   0.12476 0.12476 0.12476 0.12476 0.12476 0.12476 0.12476 0.12476 0.00191 ( 1)  0.111  0.002
  92 Y   0.12475 0.12475 0.12475 0.12475 0.12475 0.12475 0.12475 0.12475 0.00202 ( 2)  0.117  0.002
  93 F   0.12482 0.12482 0.12482 0.12482 0.12482 0.12482 0.12482 0.12482 0.00145 ( 5)  0.084  0.001
  94 S   0.12478 0.12478 0.12478 0.12478 0.12478 0.12478 0.12478 0.12478 0.00179 ( 2)  0.104  0.002
  95 K   0.12476 0.12476 0.12476 0.12476 0.12476 0.12476 0.12476 0.12476 0.00191 ( 1)  0.111  0.002
  96 H   0.12455 0.12455 0.12455 0.12455 0.12455 0.12455 0.12455 0.12455 0.00358 ( 5)  0.207  0.004
  97 G   0.12459 0.12459 0.12459 0.12459 0.12459 0.12459 0.12459 0.12459 0.00329 ( 2)  0.190  0.003
  98 I   0.12479 0.12479 0.12479 0.12479 0.12479 0.12479 0.12479 0.12479 0.00165 ( 2)  0.095  0.002
  99 H   0.12398 0.12398 0.12398 0.12398 0.12398 0.12398 0.12398 0.12398 0.00817 ( 1)  0.472  0.008
 100 T   0.12475 0.12475 0.12475 0.12475 0.12475 0.12475 0.12475 0.12475 0.00196 ( 1)  0.114  0.002
 101 E   0.12460 0.12460 0.12460 0.12460 0.12460 0.12460 0.12460 0.12460 0.00316 ( 5)  0.183  0.003
 102 H   0.12455 0.12455 0.12455 0.12455 0.12455 0.12455 0.12455 0.12455 0.00358 ( 5)  0.207  0.004
 103 L   0.12443 0.12443 0.12443 0.12443 0.12443 0.12443 0.12443 0.12443 0.00457 ( 1)  0.264  0.005
 104 L   0.12443 0.12443 0.12443 0.12443 0.12443 0.12443 0.12443 0.12443 0.00457 ( 1)  0.264  0.005
 105 M   0.12478 0.12478 0.12478 0.12478 0.12478 0.12478 0.12478 0.12478 0.00173 ( 1)  0.100  0.002
 106 E   0.12460 0.12460 0.12460 0.12460 0.12460 0.12460 0.12460 0.12460 0.00316 ( 5)  0.183  0.003
 107 A   0.12454 0.12454 0.12454 0.12454 0.12454 0.12454 0.12454 0.12454 0.00371 ( 3)  0.214  0.004
 108 G   0.12459 0.12459 0.12459 0.12459 0.12459 0.12459 0.12459 0.12459 0.00329 ( 2)  0.190  0.003
 109 A   0.12456 0.12456 0.12456 0.12456 0.12456 0.12456 0.12456 0.12456 0.00350 ( 3)  0.203  0.004
 110 S   0.12478 0.12478 0.12478 0.12478 0.12478 0.12478 0.12478 0.12478 0.00179 ( 2)  0.104  0.002
 111 T   0.12441 0.12441 0.12441 0.12441 0.12441 0.12441 0.12441 0.12441 0.00473 ( 3)  0.274  0.005
 112 G   0.12459 0.12459 0.12459 0.12459 0.12459 0.12459 0.12459 0.12459 0.00329 ( 2)  0.190  0.003
 113 V   0.12461 0.12461 0.12461 0.12461 0.12461 0.12461 0.12461 0.12461 0.00316 ( 1)  0.183  0.003
 114 A   0.12454 0.12454 0.12454 0.12454 0.12454 0.12454 0.12454 0.12454 0.00371 ( 3)  0.214  0.004
 115 S   0.12481 0.12481 0.12481 0.12481 0.12481 0.12481 0.12481 0.12481 0.00154 ( 2)  0.089  0.002
 116 I   0.12479 0.12479 0.12479 0.12479 0.12479 0.12479 0.12479 0.12479 0.00165 ( 2)  0.095  0.002
 117 T   0.12475 0.12475 0.12475 0.12475 0.12475 0.12475 0.12475 0.12475 0.00196 ( 1)  0.114  0.002
 118 V   0.12458 0.12458 0.12458 0.12458 0.12458 0.12458 0.12458 0.12458 0.00332 ( 1)  0.192  0.003
 119 T   0.12441 0.12441 0.12441 0.12441 0.12441 0.12441 0.12441 0.12441 0.00473 ( 3)  0.274  0.005
 120 G   0.12459 0.12459 0.12459 0.12459 0.12459 0.12459 0.12459 0.12459 0.00329 ( 2)  0.190  0.003
 121 G   0.12459 0.12459 0.12459 0.12459 0.12459 0.12459 0.12459 0.12459 0.00329 ( 2)  0.190  0.003
 122 G   0.12459 0.12459 0.12459 0.12459 0.12459 0.12459 0.12459 0.12459 0.00329 ( 2)  0.190  0.003
 123 E   0.12460 0.12460 0.12460 0.12460 0.12460 0.12460 0.12460 0.12460 0.00316 ( 5)  0.183  0.003
 124 N   0.12480 0.12480 0.12480 0.12480 0.12480 0.12480 0.12480 0.12480 0.00162 ( 1)  0.094  0.002
 125 T   0.12477 0.12477 0.12477 0.12477 0.12477 0.12477 0.12477 0.12477 0.00184 ( 3)  0.106  0.002
 126 I   0.12443 0.12443 0.12443 0.12443 0.12443 0.12443 0.12443 0.12443 0.00456 ( 1)  0.264  0.005
 127 V   0.12458 0.12458 0.12458 0.12458 0.12458 0.12458 0.12458 0.12458 0.00332 ( 1)  0.192  0.003
 128 V   0.12458 0.12458 0.12458 0.12458 0.12458 0.12458 0.12458 0.12458 0.00332 ( 1)  0.192  0.003
 129 V   0.12458 0.12458 0.12458 0.12458 0.12458 0.12458 0.12458 0.12458 0.00332 ( 1)  0.192  0.003
 130 P   0.12453 0.12453 0.12453 0.12453 0.12453 0.12453 0.12453 0.12453 0.00380 ( 3)  0.220  0.004
 131 G   0.12459 0.12459 0.12459 0.12459 0.12459 0.12459 0.12459 0.12459 0.00329 ( 2)  0.190  0.003
 132 A   0.12454 0.12454 0.12454 0.12454 0.12454 0.12454 0.12454 0.12454 0.00371 ( 3)  0.214  0.004
 133 N   0.12426 0.12426 0.12426 0.12426 0.12426 0.12426 0.12426 0.12426 0.00595 ( 5)  0.344  0.006
 134 F   0.12482 0.12482 0.12482 0.12482 0.12482 0.12482 0.12482 0.12482 0.00145 ( 5)  0.084  0.001
 135 R   0.12359 0.12359 0.12359 0.12359 0.12359 0.12359 0.12359 0.12359 0.01131 ( 2)  0.655  0.011
 136 L   0.12443 0.12443 0.12443 0.12443 0.12443 0.12443 0.12443 0.12443 0.00457 ( 1)  0.264  0.005
 137 T   0.12475 0.12475 0.12475 0.12475 0.12475 0.12475 0.12475 0.12475 0.00196 ( 1)  0.114  0.002
 138 P   0.12444 0.12444 0.12444 0.12444 0.12444 0.12444 0.12444 0.12444 0.00446 ( 3)  0.258  0.004
 139 A   0.12427 0.12427 0.12427 0.12427 0.12427 0.12427 0.12427 0.12427 0.00580 ( 1)  0.336  0.006
 140 D   0.12464 0.12464 0.12464 0.12464 0.12464 0.12464 0.12464 0.12464 0.00291 ( 2)  0.168  0.003
 141 I   0.12479 0.12479 0.12479 0.12479 0.12479 0.12479 0.12479 0.12479 0.00165 ( 2)  0.095  0.002
 142 D   0.12464 0.12464 0.12464 0.12464 0.12464 0.12464 0.12464 0.12464 0.00291 ( 2)  0.168  0.003
 143 R   0.12450 0.12450 0.12450 0.12450 0.12450 0.12450 0.12450 0.12450 0.00398 ( 1)  0.230  0.004
 144 A   0.12456 0.12456 0.12456 0.12456 0.12456 0.12456 0.12456 0.12456 0.00350 ( 3)  0.203  0.004
 145 A   0.12456 0.12456 0.12456 0.12456 0.12456 0.12456 0.12456 0.12456 0.00350 ( 3)  0.203  0.004
 146 G   0.12459 0.12459 0.12459 0.12459 0.12459 0.12459 0.12459 0.12459 0.00329 ( 2)  0.190  0.003
 147 V   0.12461 0.12461 0.12461 0.12461 0.12461 0.12461 0.12461 0.12461 0.00316 ( 1)  0.183  0.003
 148 L   0.12407 0.12407 0.12407 0.12407 0.12407 0.12407 0.12407 0.12407 0.00742 ( 5)  0.429  0.007
 149 A   0.12456 0.12456 0.12456 0.12456 0.12456 0.12456 0.12456 0.12456 0.00350 ( 3)  0.203  0.004
 150 A   0.12456 0.12456 0.12456 0.12456 0.12456 0.12456 0.12456 0.12456 0.00350 ( 3)  0.203  0.004
 151 A   0.12456 0.12456 0.12456 0.12456 0.12456 0.12456 0.12456 0.12456 0.00350 ( 3)  0.203  0.004
 152 K   0.12476 0.12476 0.12476 0.12476 0.12476 0.12476 0.12476 0.12476 0.00191 ( 1)  0.111  0.002
 153 V   0.12458 0.12458 0.12458 0.12458 0.12458 0.12458 0.12458 0.12458 0.00332 ( 1)  0.192  0.003
 154 V   0.12461 0.12461 0.12461 0.12461 0.12461 0.12461 0.12461 0.12461 0.00316 ( 1)  0.183  0.003
 155 V   0.12461 0.12461 0.12461 0.12461 0.12461 0.12461 0.12461 0.12461 0.00316 ( 1)  0.183  0.003
 156 C   0.12475 0.12475 0.12475 0.12475 0.12475 0.12475 0.12475 0.12475 0.00201 ( 1)  0.116  0.002
 157 Q   0.12439 0.12439 0.12439 0.12439 0.12439 0.12439 0.12439 0.12439 0.00489 ( 5)  0.283  0.005
 158 L   0.12457 0.12457 0.12457 0.12457 0.12457 0.12457 0.12457 0.12457 0.00345 ( 1)  0.200  0.003
 159 E   0.12460 0.12460 0.12460 0.12460 0.12460 0.12460 0.12460 0.12460 0.00316 ( 5)  0.183  0.003
 160 V   0.12458 0.12458 0.12458 0.12458 0.12458 0.12458 0.12458 0.12458 0.00332 ( 1)  0.192  0.003
 161 P   0.12444 0.12444 0.12444 0.12444 0.12444 0.12444 0.12444 0.12444 0.00446 ( 3)  0.258  0.004
 162 I   0.00000 0.00000 0.00000 0.00000 0.00000 0.00000 0.00000 0.00000 1.00000 ( 9) 57.856  1.000
 163 D   0.12424 0.12424 0.12424 0.12424 0.12424 0.12424 0.12424 0.12424 0.00608 ( 2)  0.352  0.006
 164 V   0.12458 0.12458 0.12458 0.12458 0.12458 0.12458 0.12458 0.12458 0.00332 ( 1)  0.192  0.003
 165 T   0.12477 0.12477 0.12477 0.12477 0.12477 0.12477 0.12477 0.12477 0.00184 ( 3)  0.106  0.002
 166 T   0.12475 0.12475 0.12475 0.12475 0.12475 0.12475 0.12475 0.12475 0.00196 ( 1)  0.114  0.002
 167 R   0.12438 0.12438 0.12438 0.12438 0.12438 0.12438 0.12438 0.12438 0.00499 ( 1)  0.289  0.005
 168 A   0.12392 0.12392 0.12392 0.12392 0.12392 0.12392 0.12392 0.12392 0.00861 ( 3)  0.498  0.009
 169 L   0.12443 0.12443 0.12443 0.12443 0.12443 0.12443 0.12443 0.12443 0.00457 ( 1)  0.264  0.005
 170 K   0.12388 0.12388 0.12388 0.12388 0.12388 0.12388 0.12388 0.12388 0.00899 ( 3)  0.520  0.009
 171 I   0.12443 0.12443 0.12443 0.12443 0.12443 0.12443 0.12443 0.12443 0.00456 ( 1)  0.264  0.005
 172 A   0.12456 0.12456 0.12456 0.12456 0.12456 0.12456 0.12456 0.12456 0.00350 ( 3)  0.203  0.004
 173 R   0.12474 0.12474 0.12474 0.12474 0.12474 0.12474 0.12474 0.12474 0.00209 ( 3)  0.121  0.002
 174 E   0.12460 0.12460 0.12460 0.12460 0.12460 0.12460 0.12460 0.12460 0.00316 ( 5)  0.183  0.003
 175 A   0.12456 0.12456 0.12456 0.12456 0.12456 0.12456 0.12456 0.12456 0.00350 ( 3)  0.203  0.004
 176 G   0.12459 0.12459 0.12459 0.12459 0.12459 0.12459 0.12459 0.12459 0.00329 ( 2)  0.190  0.003
 177 A   0.12456 0.12456 0.12456 0.12456 0.12456 0.12456 0.12456 0.12456 0.00350 ( 3)  0.203  0.004
 178 M   0.12478 0.12478 0.12478 0.12478 0.12478 0.12478 0.12478 0.12478 0.00173 ( 1)  0.100  0.002
 179 T   0.12477 0.12477 0.12477 0.12477 0.12477 0.12477 0.12477 0.12477 0.00184 ( 3)  0.106  0.002
 180 I   0.12443 0.12443 0.12443 0.12443 0.12443 0.12443 0.12443 0.12443 0.00456 ( 1)  0.264  0.005
 181 L   0.12443 0.12443 0.12443 0.12443 0.12443 0.12443 0.12443 0.12443 0.00457 ( 1)  0.264  0.005
 182 N   0.12480 0.12480 0.12480 0.12480 0.12480 0.12480 0.12480 0.12480 0.00162 ( 1)  0.094  0.002
 183 P   0.12444 0.12444 0.12444 0.12444 0.12444 0.12444 0.12444 0.12444 0.00446 ( 3)  0.258  0.004
 184 A   0.12454 0.12454 0.12454 0.12454 0.12454 0.12454 0.12454 0.12454 0.00371 ( 3)  0.214  0.004
 185 P   0.12453 0.12453 0.12453 0.12453 0.12453 0.12453 0.12453 0.12453 0.00380 ( 3)  0.220  0.004
 186 A   0.12454 0.12454 0.12454 0.12454 0.12454 0.12454 0.12454 0.12454 0.00371 ( 3)  0.214  0.004
 187 P   0.12404 0.12404 0.12404 0.12404 0.12404 0.12404 0.12404 0.12404 0.00765 ( 3)  0.443  0.008
 188 V   0.12461 0.12461 0.12461 0.12461 0.12461 0.12461 0.12461 0.12461 0.00316 ( 1)  0.183  0.003
 189 T   0.12475 0.12475 0.12475 0.12475 0.12475 0.12475 0.12475 0.12475 0.00196 ( 1)  0.114  0.002
 190 P   0.12444 0.12444 0.12444 0.12444 0.12444 0.12444 0.12444 0.12444 0.00446 ( 3)  0.258  0.004
 191 T   0.12475 0.12475 0.12475 0.12475 0.12475 0.12475 0.12475 0.12475 0.00196 ( 1)  0.114  0.002
 192 P   0.12444 0.12444 0.12444 0.12444 0.12444 0.12444 0.12444 0.12444 0.00446 ( 3)  0.258  0.004
 193 P   0.12444 0.12444 0.12444 0.12444 0.12444 0.12444 0.12444 0.12444 0.00446 ( 3)  0.258  0.004
 194 E   0.12460 0.12460 0.12460 0.12460 0.12460 0.12460 0.12460 0.12460 0.00316 ( 5)  0.183  0.003
 195 L   0.12443 0.12443 0.12443 0.12443 0.12443 0.12443 0.12443 0.12443 0.00457 ( 1)  0.264  0.005
 196 L   0.12443 0.12443 0.12443 0.12443 0.12443 0.12443 0.12443 0.12443 0.00457 ( 1)  0.264  0.005
 197 A   0.12454 0.12454 0.12454 0.12454 0.12454 0.12454 0.12454 0.12454 0.00371 ( 3)  0.214  0.004
 198 L   0.12443 0.12443 0.12443 0.12443 0.12443 0.12443 0.12443 0.12443 0.00457 ( 1)  0.264  0.005
 199 A   0.12456 0.12456 0.12456 0.12456 0.12456 0.12456 0.12456 0.12456 0.00350 ( 3)  0.203  0.004
 200 D   0.12464 0.12464 0.12464 0.12464 0.12464 0.12464 0.12464 0.12464 0.00291 ( 2)  0.168  0.003
 201 V   0.12458 0.12458 0.12458 0.12458 0.12458 0.12458 0.12458 0.12458 0.00332 ( 1)  0.192  0.003
 202 V   0.12461 0.12461 0.12461 0.12461 0.12461 0.12461 0.12461 0.12461 0.00316 ( 1)  0.183  0.003
 203 C   0.12475 0.12475 0.12475 0.12475 0.12475 0.12475 0.12475 0.12475 0.00201 ( 1)  0.116  0.002
 204 P   0.12453 0.12453 0.12453 0.12453 0.12453 0.12453 0.12453 0.12453 0.00380 ( 3)  0.220  0.004
 205 N   0.12480 0.12480 0.12480 0.12480 0.12480 0.12480 0.12480 0.12480 0.00162 ( 1)  0.094  0.002
 206 Q   0.12439 0.12439 0.12439 0.12439 0.12439 0.12439 0.12439 0.12439 0.00489 ( 5)  0.283  0.005
 207 Q   0.12439 0.12439 0.12439 0.12439 0.12439 0.12439 0.12439 0.12439 0.00489 ( 5)  0.283  0.005
 208 E   0.12460 0.12460 0.12460 0.12460 0.12460 0.12460 0.12460 0.12460 0.00316 ( 5)  0.183  0.003
 209 A   0.12456 0.12456 0.12456 0.12456 0.12456 0.12456 0.12456 0.12456 0.00350 ( 3)  0.203  0.004
 210 T   0.12477 0.12477 0.12477 0.12477 0.12477 0.12477 0.12477 0.12477 0.00184 ( 3)  0.106  0.002
 211 A   0.12456 0.12456 0.12456 0.12456 0.12456 0.12456 0.12456 0.12456 0.00350 ( 3)  0.203  0.004
 212 I   0.12479 0.12479 0.12479 0.12479 0.12479 0.12479 0.12479 0.12479 0.00165 ( 2)  0.095  0.002
 213 T   0.12477 0.12477 0.12477 0.12477 0.12477 0.12477 0.12477 0.12477 0.00184 ( 3)  0.106  0.002
 214 G   0.12459 0.12459 0.12459 0.12459 0.12459 0.12459 0.12459 0.12459 0.00329 ( 2)  0.190  0.003
 215 L   0.12443 0.12443 0.12443 0.12443 0.12443 0.12443 0.12443 0.12443 0.00457 ( 1)  0.264  0.005
 216 P   0.12453 0.12453 0.12453 0.12453 0.12453 0.12453 0.12453 0.12453 0.00380 ( 3)  0.220  0.004
 217 C   0.12475 0.12475 0.12475 0.12475 0.12475 0.12475 0.12475 0.12475 0.00201 ( 1)  0.116  0.002
 218 T   0.12477 0.12477 0.12477 0.12477 0.12477 0.12477 0.12477 0.12477 0.00184 ( 3)  0.106  0.002
 219 T   0.12477 0.12477 0.12477 0.12477 0.12477 0.12477 0.12477 0.12477 0.00184 ( 3)  0.106  0.002
 220 D   0.12453 0.12453 0.12453 0.12453 0.12453 0.12453 0.12453 0.12453 0.00374 ( 5)  0.216  0.004
 221 Q   0.12439 0.12439 0.12439 0.12439 0.12439 0.12439 0.12439 0.12439 0.00489 ( 5)  0.283  0.005
 222 D   0.12464 0.12464 0.12464 0.12464 0.12464 0.12464 0.12464 0.12464 0.00291 ( 2)  0.168  0.003
 223 V   0.12458 0.12458 0.12458 0.12458 0.12458 0.12458 0.12458 0.12458 0.00332 ( 1)  0.192  0.003
 224 D   0.12464 0.12464 0.12464 0.12464 0.12464 0.12464 0.12464 0.12464 0.00291 ( 2)  0.168  0.003
 225 A   0.12456 0.12456 0.12456 0.12456 0.12456 0.12456 0.12456 0.12456 0.00350 ( 3)  0.203  0.004
 226 V   0.12458 0.12458 0.12458 0.12458 0.12458 0.12458 0.12458 0.12458 0.00332 ( 1)  0.192  0.003
 227 L   0.12443 0.12443 0.12443 0.12443 0.12443 0.12443 0.12443 0.12443 0.00457 ( 1)  0.264  0.005
 228 R   0.12450 0.12450 0.12450 0.12450 0.12450 0.12450 0.12450 0.12450 0.00398 ( 1)  0.230  0.004
 229 R   0.12450 0.12450 0.12450 0.12450 0.12450 0.12450 0.12450 0.12450 0.00398 ( 1)  0.230  0.004
 230 L   0.12443 0.12443 0.12443 0.12443 0.12443 0.12443 0.12443 0.12443 0.00457 ( 1)  0.264  0.005
 231 R   0.12450 0.12450 0.12450 0.12450 0.12450 0.12450 0.12450 0.12450 0.00398 ( 1)  0.230  0.004
 232 E   0.00000 0.00000 0.00000 0.00000 0.00000 0.00000 0.00000 0.00000 1.00000 ( 9) 57.856  1.000
 233 L   0.12457 0.12457 0.12457 0.12457 0.12457 0.12457 0.12457 0.12457 0.00345 ( 1)  0.200  0.003
 234 G   0.12459 0.12459 0.12459 0.12459 0.12459 0.12459 0.12459 0.12459 0.00329 ( 2)  0.190  0.003
 235 C   0.12475 0.12475 0.12475 0.12475 0.12475 0.12475 0.12475 0.12475 0.00201 ( 1)  0.116  0.002
 236 R   0.12450 0.12450 0.12450 0.12450 0.12450 0.12450 0.12450 0.12450 0.00398 ( 1)  0.230  0.004
 237 L   0.12407 0.12407 0.12407 0.12407 0.12407 0.12407 0.12407 0.12407 0.00742 ( 5)  0.429  0.007
 238 P   0.12444 0.12444 0.12444 0.12444 0.12444 0.12444 0.12444 0.12444 0.00446 ( 3)  0.258  0.004
 239 M   0.12478 0.12478 0.12478 0.12478 0.12478 0.12478 0.12478 0.12478 0.00173 ( 1)  0.100  0.002
 240 V   0.12461 0.12461 0.12461 0.12461 0.12461 0.12461 0.12461 0.12461 0.00316 ( 1)  0.183  0.003
 241 T   0.12477 0.12477 0.12477 0.12477 0.12477 0.12477 0.12477 0.12477 0.00184 ( 3)  0.106  0.002
 242 L   0.12457 0.12457 0.12457 0.12457 0.12457 0.12457 0.12457 0.12457 0.00345 ( 1)  0.200  0.003
 243 G   0.12450 0.12450 0.12450 0.12450 0.12450 0.12450 0.12450 0.12450 0.00398 ( 2)  0.230  0.004
 244 A   0.12456 0.12456 0.12456 0.12456 0.12456 0.12456 0.12456 0.12456 0.00350 ( 3)  0.203  0.004
 245 S   0.12478 0.12478 0.12478 0.12478 0.12478 0.12478 0.12478 0.12478 0.00179 ( 2)  0.104  0.002
 246 G   0.12455 0.12455 0.12455 0.12455 0.12455 0.12455 0.12455 0.12455 0.00362 ( 2)  0.209  0.004
 247 V   0.12461 0.12461 0.12461 0.12461 0.12461 0.12461 0.12461 0.12461 0.00316 ( 1)  0.183  0.003
 248 A   0.12456 0.12456 0.12456 0.12456 0.12456 0.12456 0.12456 0.12456 0.00350 ( 3)  0.203  0.004
 249 F   0.12413 0.12413 0.12413 0.12413 0.12413 0.12413 0.12413 0.12413 0.00696 ( 5)  0.403  0.007
 250 L   0.12407 0.12407 0.12407 0.12407 0.12407 0.12407 0.12407 0.12407 0.00742 ( 5)  0.429  0.007
 251 D   0.12464 0.12464 0.12464 0.12464 0.12464 0.12464 0.12464 0.12464 0.00291 ( 2)  0.168  0.003
 252 G   0.12459 0.12459 0.12459 0.12459 0.12459 0.12459 0.12459 0.12459 0.00329 ( 2)  0.190  0.003
 253 D   0.12464 0.12464 0.12464 0.12464 0.12464 0.12464 0.12464 0.12464 0.00291 ( 2)  0.168  0.003
 254 Q   0.12439 0.12439 0.12439 0.12439 0.12439 0.12439 0.12439 0.12439 0.00489 ( 5)  0.283  0.005
 255 V   0.12458 0.12458 0.12458 0.12458 0.12458 0.12458 0.12458 0.12458 0.00332 ( 1)  0.192  0.003
 256 L   0.12425 0.12425 0.12425 0.12425 0.12425 0.12425 0.12425 0.12425 0.00598 ( 1)  0.346  0.006
 257 R   0.12438 0.12438 0.12438 0.12438 0.12438 0.12438 0.12438 0.12438 0.00499 ( 1)  0.289  0.005
 258 V   0.12458 0.12458 0.12458 0.12458 0.12458 0.12458 0.12458 0.12458 0.00332 ( 1)  0.192  0.003
 259 P   0.12453 0.12453 0.12453 0.12453 0.12453 0.12453 0.12453 0.12453 0.00380 ( 3)  0.220  0.004
 260 A   0.12454 0.12454 0.12454 0.12454 0.12454 0.12454 0.12454 0.12454 0.00371 ( 3)  0.214  0.004
 261 P   0.12404 0.12404 0.12404 0.12404 0.12404 0.12404 0.12404 0.12404 0.00765 ( 3)  0.443  0.008
 262 A   0.12454 0.12454 0.12454 0.12454 0.12454 0.12454 0.12454 0.12454 0.00371 ( 3)  0.214  0.004
 263 V   0.12431 0.12431 0.12431 0.12431 0.12431 0.12431 0.12431 0.12431 0.00549 ( 5)  0.317  0.005
 264 E   0.12460 0.12460 0.12460 0.12460 0.12460 0.12460 0.12460 0.12460 0.00316 ( 5)  0.183  0.003
 265 A   0.12456 0.12456 0.12456 0.12456 0.12456 0.12456 0.12456 0.12456 0.00350 ( 3)  0.203  0.004
 266 I   0.12443 0.12443 0.12443 0.12443 0.12443 0.12443 0.12443 0.12443 0.00456 ( 1)  0.264  0.005
 267 D   0.12424 0.12424 0.12424 0.12424 0.12424 0.12424 0.12424 0.12424 0.00608 ( 2)  0.352  0.006
 268 T   0.12477 0.12477 0.12477 0.12477 0.12477 0.12477 0.12477 0.12477 0.00184 ( 3)  0.106  0.002
 269 T   0.12441 0.12441 0.12441 0.12441 0.12441 0.12441 0.12441 0.12441 0.00473 ( 3)  0.274  0.005
 270 G   0.12459 0.12459 0.12459 0.12459 0.12459 0.12459 0.12459 0.12459 0.00329 ( 2)  0.190  0.003
 271 A   0.12392 0.12392 0.12392 0.12392 0.12392 0.12392 0.12392 0.12392 0.00861 ( 3)  0.498  0.009
 272 G   0.12459 0.12459 0.12459 0.12459 0.12459 0.12459 0.12459 0.12459 0.00329 ( 2)  0.190  0.003
 273 D   0.12464 0.12464 0.12464 0.12464 0.12464 0.12464 0.12464 0.12464 0.00291 ( 2)  0.168  0.003
 274 A   0.12456 0.12456 0.12456 0.12456 0.12456 0.12456 0.12456 0.12456 0.00350 ( 3)  0.203  0.004
 275 F   0.12482 0.12482 0.12482 0.12482 0.12482 0.12482 0.12482 0.12482 0.00145 ( 5)  0.084  0.001
 276 M   0.12478 0.12478 0.12478 0.12478 0.12478 0.12478 0.12478 0.12478 0.00173 ( 1)  0.100  0.002
 277 G   0.12459 0.12459 0.12459 0.12459 0.12459 0.12459 0.12459 0.12459 0.00329 ( 2)  0.190  0.003
 278 S   0.12478 0.12478 0.12478 0.12478 0.12478 0.12478 0.12478 0.12478 0.00179 ( 2)  0.104  0.002
 279 L   0.12443 0.12443 0.12443 0.12443 0.12443 0.12443 0.12443 0.12443 0.00457 ( 1)  0.264  0.005
 280 A   0.12456 0.12456 0.12456 0.12456 0.12456 0.12456 0.12456 0.12456 0.00350 ( 3)  0.203  0.004
 281 H   0.12455 0.12455 0.12455 0.12455 0.12455 0.12455 0.12455 0.12455 0.00358 ( 5)  0.207  0.004
 282 F   0.12482 0.12482 0.12482 0.12482 0.12482 0.12482 0.12482 0.12482 0.00145 ( 5)  0.084  0.001
 283 C   0.12475 0.12475 0.12475 0.12475 0.12475 0.12475 0.12475 0.12475 0.00201 ( 1)  0.116  0.002
 284 A   0.12456 0.12456 0.12456 0.12456 0.12456 0.12456 0.12456 0.12456 0.00350 ( 3)  0.203  0.004
 285 C   0.12475 0.12475 0.12475 0.12475 0.12475 0.12475 0.12475 0.12475 0.00201 ( 1)  0.116  0.002
 286 R   0.12438 0.12438 0.12438 0.12438 0.12438 0.12438 0.12438 0.12438 0.00499 ( 1)  0.289  0.005
 287 P   0.12444 0.12444 0.12444 0.12444 0.12444 0.12444 0.12444 0.12444 0.00446 ( 3)  0.258  0.004
 288 D   0.12464 0.12464 0.12464 0.12464 0.12464 0.12464 0.12464 0.12464 0.00291 ( 2)  0.168  0.003
 289 L   0.12443 0.12443 0.12443 0.12443 0.12443 0.12443 0.12443 0.12443 0.00457 ( 1)  0.264  0.005
 290 P   0.12453 0.12453 0.12453 0.12453 0.12453 0.12453 0.12453 0.12453 0.00380 ( 3)  0.220  0.004
 291 M   0.12478 0.12478 0.12478 0.12478 0.12478 0.12478 0.12478 0.12478 0.00173 ( 1)  0.100  0.002
 292 A   0.12454 0.12454 0.12454 0.12454 0.12454 0.12454 0.12454 0.12454 0.00371 ( 3)  0.214  0.004
 293 A   0.12456 0.12456 0.12456 0.12456 0.12456 0.12456 0.12456 0.12456 0.00350 ( 3)  0.203  0.004
 294 R   0.12438 0.12438 0.12438 0.12438 0.12438 0.12438 0.12438 0.12438 0.00499 ( 1)  0.289  0.005
 295 V   0.12461 0.12461 0.12461 0.12461 0.12461 0.12461 0.12461 0.12461 0.00316 ( 1)  0.183  0.003
 296 S   0.12478 0.12478 0.12478 0.12478 0.12478 0.12478 0.12478 0.12478 0.00179 ( 2)  0.104  0.002
 297 R   0.12438 0.12438 0.12438 0.12438 0.12438 0.12438 0.12438 0.12438 0.00499 ( 1)  0.289  0.005
 298 A   0.12454 0.12454 0.12454 0.12454 0.12454 0.12454 0.12454 0.12454 0.00371 ( 3)  0.214  0.004
 299 V   0.12461 0.12461 0.12461 0.12461 0.12461 0.12461 0.12461 0.12461 0.00316 ( 1)  0.183  0.003
 300 R   0.12450 0.12450 0.12450 0.12450 0.12450 0.12450 0.12450 0.12450 0.00398 ( 1)  0.230  0.004
 301 I   0.12479 0.12479 0.12479 0.12479 0.12479 0.12479 0.12479 0.12479 0.00165 ( 2)  0.095  0.002
 302 A   0.12454 0.12454 0.12454 0.12454 0.12454 0.12454 0.12454 0.12454 0.00371 ( 3)  0.214  0.004
 303 A   0.12456 0.12456 0.12456 0.12456 0.12456 0.12456 0.12456 0.12456 0.00350 ( 3)  0.203  0.004
 304 I   0.12479 0.12479 0.12479 0.12479 0.12479 0.12479 0.12479 0.12479 0.00165 ( 2)  0.095  0.002
 305 S   0.12461 0.12461 0.12461 0.12461 0.12461 0.12461 0.12461 0.12461 0.00308 ( 5)  0.178  0.003
 306 V   0.12461 0.12461 0.12461 0.12461 0.12461 0.12461 0.12461 0.12461 0.00316 ( 1)  0.183  0.003
 307 T   0.12477 0.12477 0.12477 0.12477 0.12477 0.12477 0.12477 0.12477 0.00184 ( 3)  0.106  0.002
 308 R   0.12474 0.12474 0.12474 0.12474 0.12474 0.12474 0.12474 0.12474 0.00209 ( 3)  0.121  0.002
 309 P   0.12444 0.12444 0.12444 0.12444 0.12444 0.12444 0.12444 0.12444 0.00446 ( 3)  0.258  0.004
 310 G   0.12459 0.12459 0.12459 0.12459 0.12459 0.12459 0.12459 0.12459 0.00329 ( 2)  0.190  0.003
 311 T   0.12475 0.12475 0.12475 0.12475 0.12475 0.12475 0.12475 0.12475 0.00196 ( 1)  0.114  0.002
 312 Q   0.12439 0.12439 0.12439 0.12439 0.12439 0.12439 0.12439 0.12439 0.00489 ( 5)  0.283  0.005
 313 T   0.12477 0.12477 0.12477 0.12477 0.12477 0.12477 0.12477 0.12477 0.00184 ( 3)  0.106  0.002
 314 S   0.12478 0.12478 0.12478 0.12478 0.12478 0.12478 0.12478 0.12478 0.00179 ( 2)  0.104  0.002
 315 F   0.12482 0.12482 0.12482 0.12482 0.12482 0.12482 0.12482 0.12482 0.00145 ( 5)  0.084  0.001
 316 P   0.12444 0.12444 0.12444 0.12444 0.12444 0.12444 0.12444 0.12444 0.00446 ( 3)  0.258  0.004
 317 H   0.12455 0.12455 0.12455 0.12455 0.12455 0.12455 0.12455 0.12455 0.00358 ( 5)  0.207  0.004
 318 R   0.12474 0.12474 0.12474 0.12474 0.12474 0.12474 0.12474 0.12474 0.00209 ( 3)  0.121  0.002
 319 E   0.12460 0.12460 0.12460 0.12460 0.12460 0.12460 0.12460 0.12460 0.00316 ( 5)  0.183  0.003
 320 E   0.12460 0.12460 0.12460 0.12460 0.12460 0.12460 0.12460 0.12460 0.00316 ( 5)  0.183  0.003
 321 L   0.12443 0.12443 0.12443 0.12443 0.12443 0.12443 0.12443 0.12443 0.00457 ( 1)  0.264  0.005
 322 P   0.12453 0.12453 0.12453 0.12453 0.12453 0.12453 0.12453 0.12453 0.00380 ( 3)  0.220  0.004
 323 A   0.12392 0.12392 0.12392 0.12392 0.12392 0.12392 0.12392 0.12392 0.00861 ( 3)  0.498  0.009
 324 D   0.12464 0.12464 0.12464 0.12464 0.12464 0.12464 0.12464 0.12464 0.00291 ( 2)  0.168  0.003
 325 L   0.12443 0.12443 0.12443 0.12443 0.12443 0.12443 0.12443 0.12443 0.00457 ( 1)  0.264  0.005
 326 R   0.12450 0.12450 0.12450 0.12450 0.12450 0.12450 0.12450 0.12450 0.00398 ( 1)  0.230  0.004
 327 D   0.12464 0.12464 0.12464 0.12464 0.12464 0.12464 0.12464 0.12464 0.00291 ( 2)  0.168  0.003

Positively selected sites

	Prob(w>1)  mean w

    87 R      1.000**       57.856
   162 I      1.000**       57.856
   232 E      1.000**       57.856


lnL = -1237.381749

Bayes Empirical Bayes (BEB) probabilities for 11 classes (class) & postmean_w
(amino acids refer to 1st sequence: Mlig.9992)

   1 A   0.68742 0.07718 0.04940 0.03624 0.02814 0.02243 0.01807 0.01454 0.01159 0.01087 0.04412 ( 1)  0.267 +-  0.733
   2 R   0.67533 0.07628 0.04924 0.03643 0.02853 0.02295 0.01864 0.01513 0.01216 0.01149 0.05382 ( 1)  0.309 +-  0.864
   3 C   0.67778 0.07648 0.04930 0.03643 0.02849 0.02288 0.01856 0.01504 0.01207 0.01139 0.05158 ( 1)  0.298 +-  0.828
   4 P   0.67061 0.07590 0.04912 0.03644 0.02861 0.02307 0.01880 0.01530 0.01233 0.01168 0.05813 ( 1)  0.330 +-  0.929
   5 L   0.67047 0.07589 0.04911 0.03644 0.02862 0.02308 0.01880 0.01530 0.01234 0.01168 0.05827 ( 1)  0.331 +-  0.932
   6 V   0.68807 0.07723 0.04941 0.03624 0.02812 0.02241 0.01805 0.01452 0.01157 0.01084 0.04354 ( 1)  0.264 +-  0.723
   7 H   0.67786 0.07648 0.04929 0.03642 0.02848 0.02286 0.01855 0.01503 0.01206 0.01138 0.05158 ( 1)  0.299 +-  0.831
   8 P   0.67061 0.07590 0.04912 0.03644 0.02861 0.02307 0.01880 0.01530 0.01233 0.01168 0.05813 ( 1)  0.330 +-  0.929
   9 A   0.67128 0.07595 0.04914 0.03644 0.02861 0.02306 0.01878 0.01527 0.01231 0.01165 0.05751 ( 1)  0.327 +-  0.920
  10 A   0.68742 0.07718 0.04940 0.03624 0.02814 0.02243 0.01807 0.01454 0.01159 0.01087 0.04412 ( 1)  0.267 +-  0.733
  11 P   0.67422 0.07619 0.04921 0.03644 0.02855 0.02298 0.01868 0.01517 0.01220 0.01153 0.05483 ( 1)  0.314 +-  0.880
  12 M   0.68422 0.07698 0.04941 0.03636 0.02831 0.02264 0.01829 0.01476 0.01180 0.01108 0.04615 ( 1)  0.274 +-  0.748
  13 Q   0.67461 0.07623 0.04922 0.03644 0.02855 0.02297 0.01867 0.01516 0.01219 0.01152 0.05446 ( 1)  0.312 +-  0.874
  14 P   0.67755 0.07646 0.04928 0.03642 0.02848 0.02287 0.01856 0.01504 0.01207 0.01139 0.05189 ( 1)  0.300 +-  0.836
  15 S   0.68096 0.07673 0.04936 0.03640 0.02841 0.02277 0.01844 0.01491 0.01194 0.01125 0.04883 ( 1)  0.286 +-  0.786
  16 Q   0.67461 0.07623 0.04922 0.03644 0.02855 0.02297 0.01867 0.01516 0.01219 0.01152 0.05446 ( 1)  0.312 +-  0.874
  17 S   0.68096 0.07673 0.04936 0.03640 0.02841 0.02277 0.01844 0.01491 0.01194 0.01125 0.04883 ( 1)  0.286 +-  0.786
  18 S   0.68373 0.07694 0.04940 0.03636 0.02832 0.02266 0.01831 0.01478 0.01182 0.01110 0.04657 ( 1)  0.276 +-  0.755
  19 A   0.67128 0.07595 0.04914 0.03644 0.02861 0.02306 0.01878 0.01527 0.01231 0.01165 0.05751 ( 1)  0.327 +-  0.920
  20 A   0.68742 0.07718 0.04940 0.03624 0.02814 0.02243 0.01807 0.01454 0.01159 0.01087 0.04412 ( 1)  0.267 +-  0.733
  21 F   0.68053 0.07670 0.04936 0.03641 0.02842 0.02279 0.01845 0.01493 0.01196 0.01127 0.04918 ( 1)  0.287 +-  0.792
  22 D   0.68368 0.07693 0.04938 0.03634 0.02830 0.02264 0.01829 0.01476 0.01180 0.01109 0.04678 ( 1)  0.278 +-  0.763
  23 V   0.68372 0.07693 0.04938 0.03634 0.02830 0.02263 0.01828 0.01475 0.01180 0.01108 0.04680 ( 1)  0.278 +-  0.764
  24 A   0.68324 0.07689 0.04937 0.03634 0.02830 0.02264 0.01830 0.01477 0.01181 0.01110 0.04723 ( 1)  0.280 +-  0.772
  25 V   0.68372 0.07693 0.04938 0.03634 0.02830 0.02263 0.01828 0.01475 0.01180 0.01108 0.04680 ( 1)  0.278 +-  0.764
  26 M   0.68422 0.07698 0.04941 0.03636 0.02831 0.02264 0.01829 0.01476 0.01180 0.01108 0.04615 ( 1)  0.274 +-  0.748
  27 G   0.68305 0.07688 0.04937 0.03635 0.02832 0.02265 0.01831 0.01478 0.01183 0.01112 0.04735 ( 1)  0.280 +-  0.773
  28 S   0.68373 0.07694 0.04940 0.03636 0.02832 0.02266 0.01831 0.01478 0.01182 0.01110 0.04657 ( 1)  0.276 +-  0.755
  29 V   0.68372 0.07693 0.04938 0.03634 0.02830 0.02263 0.01828 0.01475 0.01180 0.01108 0.04680 ( 1)  0.278 +-  0.764
  30 V   0.68372 0.07693 0.04938 0.03634 0.02830 0.02263 0.01828 0.01475 0.01180 0.01108 0.04680 ( 1)  0.278 +-  0.764
  31 Y   0.67738 0.07645 0.04929 0.03643 0.02850 0.02289 0.01858 0.01506 0.01209 0.01141 0.05193 ( 1)  0.300 +-  0.834
  32 D   0.68368 0.07693 0.04938 0.03634 0.02830 0.02264 0.01829 0.01476 0.01180 0.01109 0.04678 ( 1)  0.278 +-  0.763
  33 L   0.68066 0.07670 0.04934 0.03639 0.02840 0.02276 0.01843 0.01490 0.01194 0.01124 0.04925 ( 1)  0.288 +-  0.798
  34 I   0.68836 0.07728 0.04946 0.03628 0.02817 0.02245 0.01808 0.01455 0.01159 0.01086 0.04292 ( 1)  0.260 +-  0.702
  35 A   0.68742 0.07718 0.04940 0.03624 0.02814 0.02243 0.01807 0.01454 0.01159 0.01087 0.04412 ( 1)  0.267 +-  0.733
  36 Y   0.67120 0.07595 0.04913 0.03644 0.02861 0.02306 0.01878 0.01528 0.01231 0.01166 0.05758 ( 1)  0.327 +-  0.921
  37 V   0.68372 0.07693 0.04938 0.03634 0.02830 0.02263 0.01828 0.01475 0.01180 0.01108 0.04680 ( 1)  0.278 +-  0.764
  38 D   0.68368 0.07693 0.04938 0.03634 0.02830 0.02264 0.01829 0.01476 0.01180 0.01109 0.04678 ( 1)  0.278 +-  0.763
  39 T   0.68404 0.07696 0.04941 0.03636 0.02831 0.02264 0.01829 0.01476 0.01180 0.01109 0.04633 ( 1)  0.275 +-  0.751
  40 A   0.68324 0.07689 0.04937 0.03634 0.02830 0.02264 0.01830 0.01477 0.01181 0.01110 0.04723 ( 1)  0.280 +-  0.772
  41 V   0.68372 0.07693 0.04938 0.03634 0.02830 0.02263 0.01828 0.01475 0.01180 0.01108 0.04680 ( 1)  0.278 +-  0.764
  42 R   0.67533 0.07628 0.04924 0.03643 0.02853 0.02295 0.01864 0.01513 0.01216 0.01149 0.05382 ( 1)  0.309 +-  0.864
  43 P   0.68021 0.07666 0.04933 0.03639 0.02840 0.02277 0.01844 0.01492 0.01196 0.01126 0.04966 ( 1)  0.290 +-  0.805
  44 G   0.68305 0.07688 0.04937 0.03635 0.02832 0.02265 0.01831 0.01478 0.01183 0.01112 0.04735 ( 1)  0.280 +-  0.773
  45 E   0.68032 0.07668 0.04934 0.03639 0.02841 0.02278 0.01845 0.01492 0.01196 0.01126 0.04949 ( 1)  0.289 +-  0.801
  46 T   0.68867 0.07730 0.04946 0.03627 0.02815 0.02243 0.01806 0.01452 0.01157 0.01084 0.04272 ( 1)  0.260 +-  0.700
  47 R   0.67744 0.07645 0.04928 0.03642 0.02848 0.02288 0.01856 0.01504 0.01208 0.01140 0.05197 ( 1)  0.301 +-  0.837
  48 I   0.68836 0.07728 0.04946 0.03628 0.02817 0.02245 0.01808 0.01455 0.01159 0.01086 0.04292 ( 1)  0.260 +-  0.702
  49 G   0.68305 0.07688 0.04937 0.03635 0.02832 0.02265 0.01831 0.01478 0.01183 0.01112 0.04735 ( 1)  0.280 +-  0.773
  50 S   0.68096 0.07673 0.04936 0.03640 0.02841 0.02277 0.01844 0.01491 0.01194 0.01125 0.04883 ( 1)  0.286 +-  0.786
  51 S   0.68373 0.07694 0.04940 0.03636 0.02832 0.02266 0.01831 0.01478 0.01182 0.01110 0.04657 ( 1)  0.276 +-  0.755
  52 F   0.68053 0.07670 0.04936 0.03641 0.02842 0.02279 0.01845 0.01493 0.01196 0.01127 0.04918 ( 1)  0.287 +-  0.792
  53 G   0.68305 0.07688 0.04937 0.03635 0.02832 0.02265 0.01831 0.01478 0.01183 0.01112 0.04735 ( 1)  0.280 +-  0.773
  54 M   0.68422 0.07698 0.04941 0.03636 0.02831 0.02264 0.01829 0.01476 0.01180 0.01108 0.04615 ( 1)  0.274 +-  0.748
  55 G   0.68305 0.07688 0.04937 0.03635 0.02832 0.02265 0.01831 0.01478 0.01183 0.01112 0.04735 ( 1)  0.280 +-  0.773
  56 A   0.68742 0.07718 0.04940 0.03624 0.02814 0.02243 0.01807 0.01454 0.01159 0.01087 0.04412 ( 1)  0.267 +-  0.733
  57 G   0.68305 0.07688 0.04937 0.03635 0.02832 0.02265 0.01831 0.01478 0.01183 0.01112 0.04735 ( 1)  0.280 +-  0.773
  58 G   0.68305 0.07688 0.04937 0.03635 0.02832 0.02265 0.01831 0.01478 0.01183 0.01112 0.04735 ( 1)  0.280 +-  0.773
  59 K   0.67993 0.07665 0.04934 0.03641 0.02843 0.02280 0.01848 0.01495 0.01199 0.01129 0.04973 ( 1)  0.290 +-  0.801
  60 G   0.68305 0.07688 0.04937 0.03635 0.02832 0.02265 0.01831 0.01478 0.01183 0.01112 0.04735 ( 1)  0.280 +-  0.773
  61 A   0.68742 0.07718 0.04940 0.03624 0.02814 0.02243 0.01807 0.01454 0.01159 0.01087 0.04412 ( 1)  0.267 +-  0.733
  62 N   0.68337 0.07692 0.04940 0.03637 0.02834 0.02267 0.01833 0.01480 0.01183 0.01112 0.04685 ( 1)  0.277 +-  0.758
  63 Q   0.67461 0.07623 0.04922 0.03644 0.02855 0.02297 0.01867 0.01516 0.01219 0.01152 0.05446 ( 1)  0.312 +-  0.874
  64 C   0.67778 0.07648 0.04930 0.03643 0.02849 0.02288 0.01856 0.01504 0.01207 0.01139 0.05158 ( 1)  0.298 +-  0.828
  65 T   0.68867 0.07730 0.04946 0.03627 0.02815 0.02243 0.01806 0.01452 0.01157 0.01084 0.04272 ( 1)  0.260 +-  0.700
  66 M   0.68422 0.07698 0.04941 0.03636 0.02831 0.02264 0.01829 0.01476 0.01180 0.01108 0.04615 ( 1)  0.274 +-  0.748
  67 A   0.68742 0.07718 0.04940 0.03624 0.02814 0.02243 0.01807 0.01454 0.01159 0.01087 0.04412 ( 1)  0.267 +-  0.733
  68 S   0.68373 0.07694 0.04940 0.03636 0.02832 0.02266 0.01831 0.01478 0.01182 0.01110 0.04657 ( 1)  0.276 +-  0.755
  69 F   0.68053 0.07670 0.04936 0.03641 0.02842 0.02279 0.01845 0.01493 0.01196 0.01127 0.04918 ( 1)  0.287 +-  0.792
  70 L   0.67259 0.07606 0.04917 0.03644 0.02858 0.02303 0.01874 0.01523 0.01226 0.01160 0.05629 ( 1)  0.321 +-  0.901
  71 G   0.67975 0.07663 0.04932 0.03640 0.02842 0.02279 0.01847 0.01494 0.01198 0.01129 0.05001 ( 1)  0.292 +-  0.809
  72 S   0.67799 0.07650 0.04930 0.03643 0.02848 0.02287 0.01855 0.01503 0.01207 0.01138 0.05139 ( 1)  0.298 +-  0.826
  73 R   0.67744 0.07645 0.04928 0.03642 0.02848 0.02288 0.01856 0.01504 0.01208 0.01140 0.05197 ( 1)  0.301 +-  0.837
  74 A   0.68742 0.07718 0.04940 0.03624 0.02814 0.02243 0.01807 0.01454 0.01159 0.01087 0.04412 ( 1)  0.267 +-  0.733
  75 A   0.68742 0.07718 0.04940 0.03624 0.02814 0.02243 0.01807 0.01454 0.01159 0.01087 0.04412 ( 1)  0.267 +-  0.733
  76 M   0.68422 0.07698 0.04941 0.03636 0.02831 0.02264 0.01829 0.01476 0.01180 0.01108 0.04615 ( 1)  0.274 +-  0.748
  77 V   0.67362 0.07615 0.04920 0.03644 0.02857 0.02300 0.01870 0.01519 0.01223 0.01156 0.05534 ( 1)  0.317 +-  0.887
  78 G   0.68305 0.07688 0.04937 0.03635 0.02832 0.02265 0.01831 0.01478 0.01183 0.01112 0.04735 ( 1)  0.280 +-  0.773
  79 K   0.67993 0.07665 0.04934 0.03641 0.02843 0.02280 0.01848 0.01495 0.01199 0.01129 0.04973 ( 1)  0.290 +-  0.801
  80 I   0.67365 0.07615 0.04920 0.03644 0.02857 0.02300 0.01871 0.01519 0.01223 0.01156 0.05531 ( 1)  0.316 +-  0.886
  81 G   0.67244 0.07605 0.04917 0.03644 0.02859 0.02303 0.01874 0.01524 0.01227 0.01161 0.05642 ( 1)  0.322 +-  0.903
  82 D   0.68368 0.07693 0.04938 0.03634 0.02830 0.02264 0.01829 0.01476 0.01180 0.01109 0.04678 ( 1)  0.278 +-  0.763
  83 D   0.67273 0.07607 0.04918 0.03644 0.02858 0.02302 0.01873 0.01523 0.01226 0.01160 0.05616 ( 1)  0.320 +-  0.899
  84 L   0.67617 0.07635 0.04925 0.03643 0.02851 0.02292 0.01861 0.01509 0.01213 0.01145 0.05309 ( 1)  0.306 +-  0.854
  85 F   0.68053 0.07670 0.04936 0.03641 0.02842 0.02279 0.01845 0.01493 0.01196 0.01127 0.04918 ( 1)  0.287 +-  0.792
  86 G   0.67244 0.07605 0.04917 0.03644 0.02859 0.02303 0.01874 0.01524 0.01227 0.01161 0.05642 ( 1)  0.322 +-  0.903
  87 R   0.12740 0.03896 0.04095 0.04171 0.04141 0.04021 0.03820 0.03542 0.03196 0.03274 0.53104 (11)  2.341 +-  2.593
  88 E   0.68032 0.07668 0.04934 0.03639 0.02841 0.02278 0.01845 0.01492 0.01196 0.01126 0.04949 ( 1)  0.289 +-  0.801
  89 Y   0.67738 0.07645 0.04929 0.03643 0.02850 0.02289 0.01858 0.01506 0.01209 0.01141 0.05193 ( 1)  0.300 +-  0.834
  90 M   0.68422 0.07698 0.04941 0.03636 0.02831 0.02264 0.01829 0.01476 0.01180 0.01108 0.04615 ( 1)  0.274 +-  0.748
  91 K   0.67993 0.07665 0.04934 0.03641 0.02843 0.02280 0.01848 0.01495 0.01199 0.01129 0.04973 ( 1)  0.290 +-  0.801
  92 Y   0.67738 0.07645 0.04929 0.03643 0.02850 0.02289 0.01858 0.01506 0.01209 0.01141 0.05193 ( 1)  0.300 +-  0.834
  93 F   0.68053 0.07670 0.04936 0.03641 0.02842 0.02279 0.01845 0.01493 0.01196 0.01127 0.04918 ( 1)  0.287 +-  0.792
  94 S   0.68373 0.07694 0.04940 0.03636 0.02832 0.02266 0.01831 0.01478 0.01182 0.01110 0.04657 ( 1)  0.276 +-  0.755
  95 K   0.67993 0.07665 0.04934 0.03641 0.02843 0.02280 0.01848 0.01495 0.01199 0.01129 0.04973 ( 1)  0.290 +-  0.801
  96 H   0.67786 0.07648 0.04929 0.03642 0.02848 0.02286 0.01855 0.01503 0.01206 0.01138 0.05158 ( 1)  0.299 +-  0.831
  97 G   0.68305 0.07688 0.04937 0.03635 0.02832 0.02265 0.01831 0.01478 0.01183 0.01112 0.04735 ( 1)  0.280 +-  0.773
  98 I   0.68836 0.07728 0.04946 0.03628 0.02817 0.02245 0.01808 0.01455 0.01159 0.01086 0.04292 ( 1)  0.260 +-  0.702
  99 H   0.67142 0.07596 0.04914 0.03644 0.02860 0.02306 0.01878 0.01527 0.01230 0.01165 0.05737 ( 1)  0.326 +-  0.918
 100 T   0.68404 0.07696 0.04941 0.03636 0.02831 0.02264 0.01829 0.01476 0.01180 0.01109 0.04633 ( 1)  0.275 +-  0.751
 101 E   0.68032 0.07668 0.04934 0.03639 0.02841 0.02278 0.01845 0.01492 0.01196 0.01126 0.04949 ( 1)  0.289 +-  0.801
 102 H   0.67786 0.07648 0.04929 0.03642 0.02848 0.02286 0.01855 0.01503 0.01206 0.01138 0.05158 ( 1)  0.299 +-  0.831
 103 L   0.67617 0.07635 0.04925 0.03643 0.02851 0.02292 0.01861 0.01509 0.01213 0.01145 0.05309 ( 1)  0.306 +-  0.854
 104 L   0.67617 0.07635 0.04925 0.03643 0.02851 0.02292 0.01861 0.01509 0.01213 0.01145 0.05309 ( 1)  0.306 +-  0.854
 105 M   0.68422 0.07698 0.04941 0.03636 0.02831 0.02264 0.01829 0.01476 0.01180 0.01108 0.04615 ( 1)  0.274 +-  0.748
 106 E   0.68032 0.07668 0.04934 0.03639 0.02841 0.02278 0.01845 0.01492 0.01196 0.01126 0.04949 ( 1)  0.289 +-  0.801
 107 A   0.68324 0.07689 0.04937 0.03634 0.02830 0.02264 0.01830 0.01477 0.01181 0.01110 0.04723 ( 1)  0.280 +-  0.772
 108 G   0.68305 0.07688 0.04937 0.03635 0.02832 0.02265 0.01831 0.01478 0.01183 0.01112 0.04735 ( 1)  0.280 +-  0.773
 109 A   0.68742 0.07718 0.04940 0.03624 0.02814 0.02243 0.01807 0.01454 0.01159 0.01087 0.04412 ( 1)  0.267 +-  0.733
 110 S   0.68373 0.07694 0.04940 0.03636 0.02832 0.02266 0.01831 0.01478 0.01182 0.01110 0.04657 ( 1)  0.276 +-  0.755
 111 T   0.67362 0.07615 0.04920 0.03644 0.02857 0.02300 0.01871 0.01520 0.01223 0.01156 0.05533 ( 1)  0.316 +-  0.886
 112 G   0.68305 0.07688 0.04937 0.03635 0.02832 0.02265 0.01831 0.01478 0.01183 0.01112 0.04735 ( 1)  0.280 +-  0.773
 113 V   0.68807 0.07723 0.04941 0.03624 0.02812 0.02241 0.01805 0.01452 0.01157 0.01084 0.04354 ( 1)  0.264 +-  0.723
 114 A   0.68324 0.07689 0.04937 0.03634 0.02830 0.02264 0.01830 0.01477 0.01181 0.01110 0.04723 ( 1)  0.280 +-  0.772
 115 S   0.68096 0.07673 0.04936 0.03640 0.02841 0.02277 0.01844 0.01491 0.01194 0.01125 0.04883 ( 1)  0.286 +-  0.786
 116 I   0.68836 0.07728 0.04946 0.03628 0.02817 0.02245 0.01808 0.01455 0.01159 0.01086 0.04292 ( 1)  0.260 +-  0.702
 117 T   0.68404 0.07696 0.04941 0.03636 0.02831 0.02264 0.01829 0.01476 0.01180 0.01109 0.04633 ( 1)  0.275 +-  0.751
 118 V   0.68372 0.07693 0.04938 0.03634 0.02830 0.02263 0.01828 0.01475 0.01180 0.01108 0.04680 ( 1)  0.278 +-  0.764
 119 T   0.67362 0.07615 0.04920 0.03644 0.02857 0.02300 0.01871 0.01520 0.01223 0.01156 0.05533 ( 1)  0.316 +-  0.886
 120 G   0.68305 0.07688 0.04937 0.03635 0.02832 0.02265 0.01831 0.01478 0.01183 0.01112 0.04735 ( 1)  0.280 +-  0.773
 121 G   0.68305 0.07688 0.04937 0.03635 0.02832 0.02265 0.01831 0.01478 0.01183 0.01112 0.04735 ( 1)  0.280 +-  0.773
 122 G   0.68305 0.07688 0.04937 0.03635 0.02832 0.02265 0.01831 0.01478 0.01183 0.01112 0.04735 ( 1)  0.280 +-  0.773
 123 E   0.68032 0.07668 0.04934 0.03639 0.02841 0.02278 0.01845 0.01492 0.01196 0.01126 0.04949 ( 1)  0.289 +-  0.801
 124 N   0.68337 0.07692 0.04940 0.03637 0.02834 0.02267 0.01833 0.01480 0.01183 0.01112 0.04685 ( 1)  0.277 +-  0.758
 125 T   0.68867 0.07730 0.04946 0.03627 0.02815 0.02243 0.01806 0.01452 0.01157 0.01084 0.04272 ( 1)  0.260 +-  0.700
 126 I   0.67365 0.07615 0.04920 0.03644 0.02857 0.02300 0.01871 0.01519 0.01223 0.01156 0.05531 ( 1)  0.316 +-  0.886
 127 V   0.68372 0.07693 0.04938 0.03634 0.02830 0.02263 0.01828 0.01475 0.01180 0.01108 0.04680 ( 1)  0.278 +-  0.764
 128 V   0.68372 0.07693 0.04938 0.03634 0.02830 0.02263 0.01828 0.01475 0.01180 0.01108 0.04680 ( 1)  0.278 +-  0.764
 129 V   0.68372 0.07693 0.04938 0.03634 0.02830 0.02263 0.01828 0.01475 0.01180 0.01108 0.04680 ( 1)  0.278 +-  0.764
 130 P   0.68021 0.07666 0.04933 0.03639 0.02840 0.02277 0.01844 0.01492 0.01196 0.01126 0.04966 ( 1)  0.290 +-  0.805
 131 G   0.68305 0.07688 0.04937 0.03635 0.02832 0.02265 0.01831 0.01478 0.01183 0.01112 0.04735 ( 1)  0.280 +-  0.773
 132 A   0.68324 0.07689 0.04937 0.03634 0.02830 0.02264 0.01830 0.01477 0.01181 0.01110 0.04723 ( 1)  0.280 +-  0.772
 133 N   0.67250 0.07605 0.04917 0.03644 0.02859 0.02303 0.01874 0.01523 0.01227 0.01161 0.05636 ( 1)  0.321 +-  0.902
 134 F   0.68053 0.07670 0.04936 0.03641 0.02842 0.02279 0.01845 0.01493 0.01196 0.01127 0.04918 ( 1)  0.287 +-  0.792
 135 R   0.67025 0.07587 0.04911 0.03644 0.02862 0.02308 0.01881 0.01531 0.01234 0.01169 0.05848 ( 1)  0.332 +-  0.935
 136 L   0.67617 0.07635 0.04925 0.03643 0.02851 0.02292 0.01861 0.01509 0.01213 0.01145 0.05309 ( 1)  0.306 +-  0.854
 137 T   0.68404 0.07696 0.04941 0.03636 0.02831 0.02264 0.01829 0.01476 0.01180 0.01109 0.04633 ( 1)  0.275 +-  0.751
 138 P   0.67755 0.07646 0.04928 0.03642 0.02848 0.02287 0.01856 0.01504 0.01207 0.01139 0.05189 ( 1)  0.300 +-  0.836
 139 A   0.67351 0.07614 0.04919 0.03644 0.02857 0.02300 0.01871 0.01520 0.01223 0.01157 0.05545 ( 1)  0.317 +-  0.889
 140 D   0.68368 0.07693 0.04938 0.03634 0.02830 0.02264 0.01829 0.01476 0.01180 0.01109 0.04678 ( 1)  0.278 +-  0.763
 141 I   0.68836 0.07728 0.04946 0.03628 0.02817 0.02245 0.01808 0.01455 0.01159 0.01086 0.04292 ( 1)  0.260 +-  0.702
 142 D   0.68368 0.07693 0.04938 0.03634 0.02830 0.02264 0.01829 0.01476 0.01180 0.01109 0.04678 ( 1)  0.278 +-  0.763
 143 R   0.67744 0.07645 0.04928 0.03642 0.02848 0.02288 0.01856 0.01504 0.01208 0.01140 0.05197 ( 1)  0.301 +-  0.837
 144 A   0.68742 0.07718 0.04940 0.03624 0.02814 0.02243 0.01807 0.01454 0.01159 0.01087 0.04412 ( 1)  0.267 +-  0.733
 145 A   0.68742 0.07718 0.04940 0.03624 0.02814 0.02243 0.01807 0.01454 0.01159 0.01087 0.04412 ( 1)  0.267 +-  0.733
 146 G   0.68305 0.07688 0.04937 0.03635 0.02832 0.02265 0.01831 0.01478 0.01183 0.01112 0.04735 ( 1)  0.280 +-  0.773
 147 V   0.68807 0.07723 0.04941 0.03624 0.02812 0.02241 0.01805 0.01452 0.01157 0.01084 0.04354 ( 1)  0.264 +-  0.723
 148 L   0.67191 0.07601 0.04915 0.03644 0.02860 0.02304 0.01876 0.01525 0.01229 0.01163 0.05692 ( 1)  0.324 +-  0.911
 149 A   0.68742 0.07718 0.04940 0.03624 0.02814 0.02243 0.01807 0.01454 0.01159 0.01087 0.04412 ( 1)  0.267 +-  0.733
 150 A   0.68742 0.07718 0.04940 0.03624 0.02814 0.02243 0.01807 0.01454 0.01159 0.01087 0.04412 ( 1)  0.267 +-  0.733
 151 A   0.68742 0.07718 0.04940 0.03624 0.02814 0.02243 0.01807 0.01454 0.01159 0.01087 0.04412 ( 1)  0.267 +-  0.733
 152 K   0.67993 0.07665 0.04934 0.03641 0.02843 0.02280 0.01848 0.01495 0.01199 0.01129 0.04973 ( 1)  0.290 +-  0.801
 153 V   0.68372 0.07693 0.04938 0.03634 0.02830 0.02263 0.01828 0.01475 0.01180 0.01108 0.04680 ( 1)  0.278 +-  0.764
 154 V   0.68807 0.07723 0.04941 0.03624 0.02812 0.02241 0.01805 0.01452 0.01157 0.01084 0.04354 ( 1)  0.264 +-  0.723
 155 V   0.68807 0.07723 0.04941 0.03624 0.02812 0.02241 0.01805 0.01452 0.01157 0.01084 0.04354 ( 1)  0.264 +-  0.723
 156 C   0.67778 0.07648 0.04930 0.03643 0.02849 0.02288 0.01856 0.01504 0.01207 0.01139 0.05158 ( 1)  0.298 +-  0.828
 157 Q   0.67461 0.07623 0.04922 0.03644 0.02855 0.02297 0.01867 0.01516 0.01219 0.01152 0.05446 ( 1)  0.312 +-  0.874
 158 L   0.68066 0.07670 0.04934 0.03639 0.02840 0.02276 0.01843 0.01490 0.01194 0.01124 0.04925 ( 1)  0.288 +-  0.798
 159 E   0.68032 0.07668 0.04934 0.03639 0.02841 0.02278 0.01845 0.01492 0.01196 0.01126 0.04949 ( 1)  0.289 +-  0.801
 160 V   0.68372 0.07693 0.04938 0.03634 0.02830 0.02263 0.01828 0.01475 0.01180 0.01108 0.04680 ( 1)  0.278 +-  0.764
 161 P   0.67755 0.07646 0.04928 0.03642 0.02848 0.02287 0.01856 0.01504 0.01207 0.01139 0.05189 ( 1)  0.300 +-  0.836
 162 I   0.12526 0.03839 0.04041 0.04119 0.04094 0.03980 0.03785 0.03512 0.03172 0.03254 0.53678 (11)  2.368 +-  2.604
 163 D   0.67273 0.07607 0.04918 0.03644 0.02858 0.02302 0.01873 0.01523 0.01226 0.01160 0.05616 ( 1)  0.320 +-  0.899
 164 V   0.68372 0.07693 0.04938 0.03634 0.02830 0.02263 0.01828 0.01475 0.01180 0.01108 0.04680 ( 1)  0.278 +-  0.764
 165 T   0.68867 0.07730 0.04946 0.03627 0.02815 0.02243 0.01806 0.01452 0.01157 0.01084 0.04272 ( 1)  0.260 +-  0.700
 166 T   0.68404 0.07696 0.04941 0.03636 0.02831 0.02264 0.01829 0.01476 0.01180 0.01109 0.04633 ( 1)  0.275 +-  0.751
 167 R   0.67533 0.07628 0.04924 0.03643 0.02853 0.02295 0.01864 0.01513 0.01216 0.01149 0.05382 ( 1)  0.309 +-  0.864
 168 A   0.67128 0.07595 0.04914 0.03644 0.02861 0.02306 0.01878 0.01527 0.01231 0.01165 0.05751 ( 1)  0.327 +-  0.920
 169 L   0.67617 0.07635 0.04925 0.03643 0.02851 0.02292 0.01861 0.01509 0.01213 0.01145 0.05309 ( 1)  0.306 +-  0.854
 170 K   0.67099 0.07593 0.04913 0.03644 0.02861 0.02307 0.01879 0.01528 0.01232 0.01166 0.05778 ( 1)  0.328 +-  0.924
 171 I   0.67365 0.07615 0.04920 0.03644 0.02857 0.02300 0.01871 0.01519 0.01223 0.01156 0.05531 ( 1)  0.316 +-  0.886
 172 A   0.68742 0.07718 0.04940 0.03624 0.02814 0.02243 0.01807 0.01454 0.01159 0.01087 0.04412 ( 1)  0.267 +-  0.733
 173 R   0.68015 0.07667 0.04934 0.03641 0.02843 0.02279 0.01847 0.01494 0.01197 0.01128 0.04955 ( 1)  0.289 +-  0.799
 174 E   0.68032 0.07668 0.04934 0.03639 0.02841 0.02278 0.01845 0.01492 0.01196 0.01126 0.04949 ( 1)  0.289 +-  0.801
 175 A   0.68742 0.07718 0.04940 0.03624 0.02814 0.02243 0.01807 0.01454 0.01159 0.01087 0.04412 ( 1)  0.267 +-  0.733
 176 G   0.68305 0.07688 0.04937 0.03635 0.02832 0.02265 0.01831 0.01478 0.01183 0.01112 0.04735 ( 1)  0.280 +-  0.773
 177 A   0.68742 0.07718 0.04940 0.03624 0.02814 0.02243 0.01807 0.01454 0.01159 0.01087 0.04412 ( 1)  0.267 +-  0.733
 178 M   0.68422 0.07698 0.04941 0.03636 0.02831 0.02264 0.01829 0.01476 0.01180 0.01108 0.04615 ( 1)  0.274 +-  0.748
 179 T   0.68867 0.07730 0.04946 0.03627 0.02815 0.02243 0.01806 0.01452 0.01157 0.01084 0.04272 ( 1)  0.260 +-  0.700
 180 I   0.67365 0.07615 0.04920 0.03644 0.02857 0.02300 0.01871 0.01519 0.01223 0.01156 0.05531 ( 1)  0.316 +-  0.886
 181 L   0.67617 0.07635 0.04925 0.03643 0.02851 0.02292 0.01861 0.01509 0.01213 0.01145 0.05309 ( 1)  0.306 +-  0.854
 182 N   0.68337 0.07692 0.04940 0.03637 0.02834 0.02267 0.01833 0.01480 0.01183 0.01112 0.04685 ( 1)  0.277 +-  0.758
 183 P   0.67755 0.07646 0.04928 0.03642 0.02848 0.02287 0.01856 0.01504 0.01207 0.01139 0.05189 ( 1)  0.300 +-  0.836
 184 A   0.68324 0.07689 0.04937 0.03634 0.02830 0.02264 0.01830 0.01477 0.01181 0.01110 0.04723 ( 1)  0.280 +-  0.772
 185 P   0.68021 0.07666 0.04933 0.03639 0.02840 0.02277 0.01844 0.01492 0.01196 0.01126 0.04966 ( 1)  0.290 +-  0.805
 186 A   0.68324 0.07689 0.04937 0.03634 0.02830 0.02264 0.01830 0.01477 0.01181 0.01110 0.04723 ( 1)  0.280 +-  0.772
 187 P   0.67183 0.07600 0.04915 0.03644 0.02860 0.02304 0.01876 0.01526 0.01229 0.01163 0.05699 ( 1)  0.325 +-  0.912
 188 V   0.68807 0.07723 0.04941 0.03624 0.02812 0.02241 0.01805 0.01452 0.01157 0.01084 0.04354 ( 1)  0.264 +-  0.723
 189 T   0.68404 0.07696 0.04941 0.03636 0.02831 0.02264 0.01829 0.01476 0.01180 0.01109 0.04633 ( 1)  0.275 +-  0.751
 190 P   0.67755 0.07646 0.04928 0.03642 0.02848 0.02287 0.01856 0.01504 0.01207 0.01139 0.05189 ( 1)  0.300 +-  0.836
 191 T   0.68404 0.07696 0.04941 0.03636 0.02831 0.02264 0.01829 0.01476 0.01180 0.01109 0.04633 ( 1)  0.275 +-  0.751
 192 P   0.67755 0.07646 0.04928 0.03642 0.02848 0.02287 0.01856 0.01504 0.01207 0.01139 0.05189 ( 1)  0.300 +-  0.836
 193 P   0.67755 0.07646 0.04928 0.03642 0.02848 0.02287 0.01856 0.01504 0.01207 0.01139 0.05189 ( 1)  0.300 +-  0.836
 194 E   0.68032 0.07668 0.04934 0.03639 0.02841 0.02278 0.01845 0.01492 0.01196 0.01126 0.04949 ( 1)  0.289 +-  0.801
 195 L   0.67617 0.07635 0.04925 0.03643 0.02851 0.02292 0.01861 0.01509 0.01213 0.01145 0.05309 ( 1)  0.306 +-  0.854
 196 L   0.67617 0.07635 0.04925 0.03643 0.02851 0.02292 0.01861 0.01509 0.01213 0.01145 0.05309 ( 1)  0.306 +-  0.854
 197 A   0.68324 0.07689 0.04937 0.03634 0.02830 0.02264 0.01830 0.01477 0.01181 0.01110 0.04723 ( 1)  0.280 +-  0.772
 198 L   0.67617 0.07635 0.04925 0.03643 0.02851 0.02292 0.01861 0.01509 0.01213 0.01145 0.05309 ( 1)  0.306 +-  0.854
 199 A   0.68742 0.07718 0.04940 0.03624 0.02814 0.02243 0.01807 0.01454 0.01159 0.01087 0.04412 ( 1)  0.267 +-  0.733
 200 D   0.68368 0.07693 0.04938 0.03634 0.02830 0.02264 0.01829 0.01476 0.01180 0.01109 0.04678 ( 1)  0.278 +-  0.763
 201 V   0.68372 0.07693 0.04938 0.03634 0.02830 0.02263 0.01828 0.01475 0.01180 0.01108 0.04680 ( 1)  0.278 +-  0.764
 202 V   0.68807 0.07723 0.04941 0.03624 0.02812 0.02241 0.01805 0.01452 0.01157 0.01084 0.04354 ( 1)  0.264 +-  0.723
 203 C   0.67778 0.07648 0.04930 0.03643 0.02849 0.02288 0.01856 0.01504 0.01207 0.01139 0.05158 ( 1)  0.298 +-  0.828
 204 P   0.68021 0.07666 0.04933 0.03639 0.02840 0.02277 0.01844 0.01492 0.01196 0.01126 0.04966 ( 1)  0.290 +-  0.805
 205 N   0.68337 0.07692 0.04940 0.03637 0.02834 0.02267 0.01833 0.01480 0.01183 0.01112 0.04685 ( 1)  0.277 +-  0.758
 206 Q   0.67461 0.07623 0.04922 0.03644 0.02855 0.02297 0.01867 0.01516 0.01219 0.01152 0.05446 ( 1)  0.312 +-  0.874
 207 Q   0.67461 0.07623 0.04922 0.03644 0.02855 0.02297 0.01867 0.01516 0.01219 0.01152 0.05446 ( 1)  0.312 +-  0.874
 208 E   0.68032 0.07668 0.04934 0.03639 0.02841 0.02278 0.01845 0.01492 0.01196 0.01126 0.04949 ( 1)  0.289 +-  0.801
 209 A   0.68742 0.07718 0.04940 0.03624 0.02814 0.02243 0.01807 0.01454 0.01159 0.01087 0.04412 ( 1)  0.267 +-  0.733
 210 T   0.68867 0.07730 0.04946 0.03627 0.02815 0.02243 0.01806 0.01452 0.01157 0.01084 0.04272 ( 1)  0.260 +-  0.700
 211 A   0.68742 0.07718 0.04940 0.03624 0.02814 0.02243 0.01807 0.01454 0.01159 0.01087 0.04412 ( 1)  0.267 +-  0.733
 212 I   0.68836 0.07728 0.04946 0.03628 0.02817 0.02245 0.01808 0.01455 0.01159 0.01086 0.04292 ( 1)  0.260 +-  0.702
 213 T   0.68867 0.07730 0.04946 0.03627 0.02815 0.02243 0.01806 0.01452 0.01157 0.01084 0.04272 ( 1)  0.260 +-  0.700
 214 G   0.68305 0.07688 0.04937 0.03635 0.02832 0.02265 0.01831 0.01478 0.01183 0.01112 0.04735 ( 1)  0.280 +-  0.773
 215 L   0.67617 0.07635 0.04925 0.03643 0.02851 0.02292 0.01861 0.01509 0.01213 0.01145 0.05309 ( 1)  0.306 +-  0.854
 216 P   0.68021 0.07666 0.04933 0.03639 0.02840 0.02277 0.01844 0.01492 0.01196 0.01126 0.04966 ( 1)  0.290 +-  0.805
 217 C   0.67778 0.07648 0.04930 0.03643 0.02849 0.02288 0.01856 0.01504 0.01207 0.01139 0.05158 ( 1)  0.298 +-  0.828
 218 T   0.68867 0.07730 0.04946 0.03627 0.02815 0.02243 0.01806 0.01452 0.01157 0.01084 0.04272 ( 1)  0.260 +-  0.700
 219 T   0.68867 0.07730 0.04946 0.03627 0.02815 0.02243 0.01806 0.01452 0.01157 0.01084 0.04272 ( 1)  0.260 +-  0.700
 220 D   0.67850 0.07653 0.04930 0.03641 0.02845 0.02283 0.01852 0.01499 0.01203 0.01134 0.05109 ( 1)  0.297 +-  0.825
 221 Q   0.67461 0.07623 0.04922 0.03644 0.02855 0.02297 0.01867 0.01516 0.01219 0.01152 0.05446 ( 1)  0.312 +-  0.874
 222 D   0.68368 0.07693 0.04938 0.03634 0.02830 0.02264 0.01829 0.01476 0.01180 0.01109 0.04678 ( 1)  0.278 +-  0.763
 223 V   0.68372 0.07693 0.04938 0.03634 0.02830 0.02263 0.01828 0.01475 0.01180 0.01108 0.04680 ( 1)  0.278 +-  0.764
 224 D   0.68368 0.07693 0.04938 0.03634 0.02830 0.02264 0.01829 0.01476 0.01180 0.01109 0.04678 ( 1)  0.278 +-  0.763
 225 A   0.68742 0.07718 0.04940 0.03624 0.02814 0.02243 0.01807 0.01454 0.01159 0.01087 0.04412 ( 1)  0.267 +-  0.733
 226 V   0.68372 0.07693 0.04938 0.03634 0.02830 0.02263 0.01828 0.01475 0.01180 0.01108 0.04680 ( 1)  0.278 +-  0.764
 227 L   0.67617 0.07635 0.04925 0.03643 0.02851 0.02292 0.01861 0.01509 0.01213 0.01145 0.05309 ( 1)  0.306 +-  0.854
 228 R   0.67744 0.07645 0.04928 0.03642 0.02848 0.02288 0.01856 0.01504 0.01208 0.01140 0.05197 ( 1)  0.301 +-  0.837
 229 R   0.67744 0.07645 0.04928 0.03642 0.02848 0.02288 0.01856 0.01504 0.01208 0.01140 0.05197 ( 1)  0.301 +-  0.837
 230 L   0.67617 0.07635 0.04925 0.03643 0.02851 0.02292 0.01861 0.01509 0.01213 0.01145 0.05309 ( 1)  0.306 +-  0.854
 231 R   0.67744 0.07645 0.04928 0.03642 0.02848 0.02288 0.01856 0.01504 0.01208 0.01140 0.05197 ( 1)  0.301 +-  0.837
 232 E   0.12993 0.03962 0.04159 0.04230 0.04194 0.04068 0.03860 0.03574 0.03221 0.03296 0.52443 (11)  2.311 +-  2.582
 233 L   0.68066 0.07670 0.04934 0.03639 0.02840 0.02276 0.01843 0.01490 0.01194 0.01124 0.04925 ( 1)  0.288 +-  0.798
 234 G   0.68305 0.07688 0.04937 0.03635 0.02832 0.02265 0.01831 0.01478 0.01183 0.01112 0.04735 ( 1)  0.280 +-  0.773
 235 C   0.67778 0.07648 0.04930 0.03643 0.02849 0.02288 0.01856 0.01504 0.01207 0.01139 0.05158 ( 1)  0.298 +-  0.828
 236 R   0.67744 0.07645 0.04928 0.03642 0.02848 0.02288 0.01856 0.01504 0.01208 0.01140 0.05197 ( 1)  0.301 +-  0.837
 237 L   0.67191 0.07601 0.04915 0.03644 0.02860 0.02304 0.01876 0.01525 0.01229 0.01163 0.05692 ( 1)  0.324 +-  0.911
 238 P   0.67755 0.07646 0.04928 0.03642 0.02848 0.02287 0.01856 0.01504 0.01207 0.01139 0.05189 ( 1)  0.300 +-  0.836
 239 M   0.68422 0.07698 0.04941 0.03636 0.02831 0.02264 0.01829 0.01476 0.01180 0.01108 0.04615 ( 1)  0.274 +-  0.748
 240 V   0.68807 0.07723 0.04941 0.03624 0.02812 0.02241 0.01805 0.01452 0.01157 0.01084 0.04354 ( 1)  0.264 +-  0.723
 241 T   0.68867 0.07730 0.04946 0.03627 0.02815 0.02243 0.01806 0.01452 0.01157 0.01084 0.04272 ( 1)  0.260 +-  0.700
 242 L   0.68066 0.07670 0.04934 0.03639 0.02840 0.02276 0.01843 0.01490 0.01194 0.01124 0.04925 ( 1)  0.288 +-  0.798
 243 G   0.67807 0.07650 0.04929 0.03641 0.02846 0.02285 0.01853 0.01501 0.01205 0.01136 0.05148 ( 1)  0.299 +-  0.832
 244 A   0.68742 0.07718 0.04940 0.03624 0.02814 0.02243 0.01807 0.01454 0.01159 0.01087 0.04412 ( 1)  0.267 +-  0.733
 245 S   0.68373 0.07694 0.04940 0.03636 0.02832 0.02266 0.01831 0.01478 0.01182 0.01110 0.04657 ( 1)  0.276 +-  0.755
 246 G   0.67975 0.07663 0.04932 0.03640 0.02842 0.02279 0.01847 0.01494 0.01198 0.01129 0.05001 ( 1)  0.292 +-  0.809
 247 V   0.68807 0.07723 0.04941 0.03624 0.02812 0.02241 0.01805 0.01452 0.01157 0.01084 0.04354 ( 1)  0.264 +-  0.723
 248 A   0.68742 0.07718 0.04940 0.03624 0.02814 0.02243 0.01807 0.01454 0.01159 0.01087 0.04412 ( 1)  0.267 +-  0.733
 249 F   0.67186 0.07600 0.04915 0.03644 0.02860 0.02304 0.01876 0.01526 0.01229 0.01163 0.05696 ( 1)  0.324 +-  0.911
 250 L   0.67191 0.07601 0.04915 0.03644 0.02860 0.02304 0.01876 0.01525 0.01229 0.01163 0.05692 ( 1)  0.324 +-  0.911
 251 D   0.68368 0.07693 0.04938 0.03634 0.02830 0.02264 0.01829 0.01476 0.01180 0.01109 0.04678 ( 1)  0.278 +-  0.763
 252 G   0.68305 0.07688 0.04937 0.03635 0.02832 0.02265 0.01831 0.01478 0.01183 0.01112 0.04735 ( 1)  0.280 +-  0.773
 253 D   0.68368 0.07693 0.04938 0.03634 0.02830 0.02264 0.01829 0.01476 0.01180 0.01109 0.04678 ( 1)  0.278 +-  0.763
 254 Q   0.67461 0.07623 0.04922 0.03644 0.02855 0.02297 0.01867 0.01516 0.01219 0.01152 0.05446 ( 1)  0.312 +-  0.874
 255 V   0.68372 0.07693 0.04938 0.03634 0.02830 0.02263 0.01828 0.01475 0.01180 0.01108 0.04680 ( 1)  0.278 +-  0.764
 256 L   0.67259 0.07606 0.04917 0.03644 0.02858 0.02303 0.01874 0.01523 0.01226 0.01160 0.05629 ( 1)  0.321 +-  0.901
 257 R   0.67533 0.07628 0.04924 0.03643 0.02853 0.02295 0.01864 0.01513 0.01216 0.01149 0.05382 ( 1)  0.309 +-  0.864
 258 V   0.68372 0.07693 0.04938 0.03634 0.02830 0.02263 0.01828 0.01475 0.01180 0.01108 0.04680 ( 1)  0.278 +-  0.764
 259 P   0.68021 0.07666 0.04933 0.03639 0.02840 0.02277 0.01844 0.01492 0.01196 0.01126 0.04966 ( 1)  0.290 +-  0.805
 260 A   0.68324 0.07689 0.04937 0.03634 0.02830 0.02264 0.01830 0.01477 0.01181 0.01110 0.04723 ( 1)  0.280 +-  0.772
 261 P   0.67183 0.07600 0.04915 0.03644 0.02860 0.02304 0.01876 0.01526 0.01229 0.01163 0.05699 ( 1)  0.325 +-  0.912
 262 A   0.68324 0.07689 0.04937 0.03634 0.02830 0.02264 0.01830 0.01477 0.01181 0.01110 0.04723 ( 1)  0.280 +-  0.772
 263 V   0.67362 0.07615 0.04920 0.03644 0.02857 0.02300 0.01870 0.01519 0.01223 0.01156 0.05534 ( 1)  0.317 +-  0.887
 264 E   0.68032 0.07668 0.04934 0.03639 0.02841 0.02278 0.01845 0.01492 0.01196 0.01126 0.04949 ( 1)  0.289 +-  0.801
 265 A   0.68742 0.07718 0.04940 0.03624 0.02814 0.02243 0.01807 0.01454 0.01159 0.01087 0.04412 ( 1)  0.267 +-  0.733
 266 I   0.67365 0.07615 0.04920 0.03644 0.02857 0.02300 0.01871 0.01519 0.01223 0.01156 0.05531 ( 1)  0.316 +-  0.886
 267 D   0.67273 0.07607 0.04918 0.03644 0.02858 0.02302 0.01873 0.01523 0.01226 0.01160 0.05616 ( 1)  0.320 +-  0.899
 268 T   0.68867 0.07730 0.04946 0.03627 0.02815 0.02243 0.01806 0.01452 0.01157 0.01084 0.04272 ( 1)  0.260 +-  0.700
 269 T   0.67362 0.07615 0.04920 0.03644 0.02857 0.02300 0.01871 0.01520 0.01223 0.01156 0.05533 ( 1)  0.316 +-  0.886
 270 G   0.68305 0.07688 0.04937 0.03635 0.02832 0.02265 0.01831 0.01478 0.01183 0.01112 0.04735 ( 1)  0.280 +-  0.773
 271 A   0.67128 0.07595 0.04914 0.03644 0.02861 0.02306 0.01878 0.01527 0.01231 0.01165 0.05751 ( 1)  0.327 +-  0.920
 272 G   0.68305 0.07688 0.04937 0.03635 0.02832 0.02265 0.01831 0.01478 0.01183 0.01112 0.04735 ( 1)  0.280 +-  0.773
 273 D   0.68368 0.07693 0.04938 0.03634 0.02830 0.02264 0.01829 0.01476 0.01180 0.01109 0.04678 ( 1)  0.278 +-  0.763
 274 A   0.68742 0.07718 0.04940 0.03624 0.02814 0.02243 0.01807 0.01454 0.01159 0.01087 0.04412 ( 1)  0.267 +-  0.733
 275 F   0.68053 0.07670 0.04936 0.03641 0.02842 0.02279 0.01845 0.01493 0.01196 0.01127 0.04918 ( 1)  0.287 +-  0.792
 276 M   0.68422 0.07698 0.04941 0.03636 0.02831 0.02264 0.01829 0.01476 0.01180 0.01108 0.04615 ( 1)  0.274 +-  0.748
 277 G   0.68305 0.07688 0.04937 0.03635 0.02832 0.02265 0.01831 0.01478 0.01183 0.01112 0.04735 ( 1)  0.280 +-  0.773
 278 S   0.68373 0.07694 0.04940 0.03636 0.02832 0.02266 0.01831 0.01478 0.01182 0.01110 0.04657 ( 1)  0.276 +-  0.755
 279 L   0.67617 0.07635 0.04925 0.03643 0.02851 0.02292 0.01861 0.01509 0.01213 0.01145 0.05309 ( 1)  0.306 +-  0.854
 280 A   0.68742 0.07718 0.04940 0.03624 0.02814 0.02243 0.01807 0.01454 0.01159 0.01087 0.04412 ( 1)  0.267 +-  0.733
 281 H   0.67786 0.07648 0.04929 0.03642 0.02848 0.02286 0.01855 0.01503 0.01206 0.01138 0.05158 ( 1)  0.299 +-  0.831
 282 F   0.68053 0.07670 0.04936 0.03641 0.02842 0.02279 0.01845 0.01493 0.01196 0.01127 0.04918 ( 1)  0.287 +-  0.792
 283 C   0.67778 0.07648 0.04930 0.03643 0.02849 0.02288 0.01856 0.01504 0.01207 0.01139 0.05158 ( 1)  0.298 +-  0.828
 284 A   0.68742 0.07718 0.04940 0.03624 0.02814 0.02243 0.01807 0.01454 0.01159 0.01087 0.04412 ( 1)  0.267 +-  0.733
 285 C   0.67778 0.07648 0.04930 0.03643 0.02849 0.02288 0.01856 0.01504 0.01207 0.01139 0.05158 ( 1)  0.298 +-  0.828
 286 R   0.67533 0.07628 0.04924 0.03643 0.02853 0.02295 0.01864 0.01513 0.01216 0.01149 0.05382 ( 1)  0.309 +-  0.864
 287 P   0.67755 0.07646 0.04928 0.03642 0.02848 0.02287 0.01856 0.01504 0.01207 0.01139 0.05189 ( 1)  0.300 +-  0.836
 288 D   0.68368 0.07693 0.04938 0.03634 0.02830 0.02264 0.01829 0.01476 0.01180 0.01109 0.04678 ( 1)  0.278 +-  0.763
 289 L   0.67617 0.07635 0.04925 0.03643 0.02851 0.02292 0.01861 0.01509 0.01213 0.01145 0.05309 ( 1)  0.306 +-  0.854
 290 P   0.68021 0.07666 0.04933 0.03639 0.02840 0.02277 0.01844 0.01492 0.01196 0.01126 0.04966 ( 1)  0.290 +-  0.805
 291 M   0.68422 0.07698 0.04941 0.03636 0.02831 0.02264 0.01829 0.01476 0.01180 0.01108 0.04615 ( 1)  0.274 +-  0.748
 292 A   0.68324 0.07689 0.04937 0.03634 0.02830 0.02264 0.01830 0.01477 0.01181 0.01110 0.04723 ( 1)  0.280 +-  0.772
 293 A   0.68742 0.07718 0.04940 0.03624 0.02814 0.02243 0.01807 0.01454 0.01159 0.01087 0.04412 ( 1)  0.267 +-  0.733
 294 R   0.67533 0.07628 0.04924 0.03643 0.02853 0.02295 0.01864 0.01513 0.01216 0.01149 0.05382 ( 1)  0.309 +-  0.864
 295 V   0.68807 0.07723 0.04941 0.03624 0.02812 0.02241 0.01805 0.01452 0.01157 0.01084 0.04354 ( 1)  0.264 +-  0.723
 296 S   0.68373 0.07694 0.04940 0.03636 0.02832 0.02266 0.01831 0.01478 0.01182 0.01110 0.04657 ( 1)  0.276 +-  0.755
 297 R   0.67533 0.07628 0.04924 0.03643 0.02853 0.02295 0.01864 0.01513 0.01216 0.01149 0.05382 ( 1)  0.309 +-  0.864
 298 A   0.68324 0.07689 0.04937 0.03634 0.02830 0.02264 0.01830 0.01477 0.01181 0.01110 0.04723 ( 1)  0.280 +-  0.772
 299 V   0.68807 0.07723 0.04941 0.03624 0.02812 0.02241 0.01805 0.01452 0.01157 0.01084 0.04354 ( 1)  0.264 +-  0.723
 300 R   0.67744 0.07645 0.04928 0.03642 0.02848 0.02288 0.01856 0.01504 0.01208 0.01140 0.05197 ( 1)  0.301 +-  0.837
 301 I   0.68836 0.07728 0.04946 0.03628 0.02817 0.02245 0.01808 0.01455 0.01159 0.01086 0.04292 ( 1)  0.260 +-  0.702
 302 A   0.68324 0.07689 0.04937 0.03634 0.02830 0.02264 0.01830 0.01477 0.01181 0.01110 0.04723 ( 1)  0.280 +-  0.772
 303 A   0.68742 0.07718 0.04940 0.03624 0.02814 0.02243 0.01807 0.01454 0.01159 0.01087 0.04412 ( 1)  0.267 +-  0.733
 304 I   0.68836 0.07728 0.04946 0.03628 0.02817 0.02245 0.01808 0.01455 0.01159 0.01086 0.04292 ( 1)  0.260 +-  0.702
 305 S   0.67838 0.07652 0.04930 0.03641 0.02846 0.02285 0.01853 0.01501 0.01204 0.01135 0.05114 ( 1)  0.297 +-  0.824
 306 V   0.68807 0.07723 0.04941 0.03624 0.02812 0.02241 0.01805 0.01452 0.01157 0.01084 0.04354 ( 1)  0.264 +-  0.723
 307 T   0.68867 0.07730 0.04946 0.03627 0.02815 0.02243 0.01806 0.01452 0.01157 0.01084 0.04272 ( 1)  0.260 +-  0.700
 308 R   0.68015 0.07667 0.04934 0.03641 0.02843 0.02279 0.01847 0.01494 0.01197 0.01128 0.04955 ( 1)  0.289 +-  0.799
 309 P   0.67755 0.07646 0.04928 0.03642 0.02848 0.02287 0.01856 0.01504 0.01207 0.01139 0.05189 ( 1)  0.300 +-  0.836
 310 G   0.68305 0.07688 0.04937 0.03635 0.02832 0.02265 0.01831 0.01478 0.01183 0.01112 0.04735 ( 1)  0.280 +-  0.773
 311 T   0.68404 0.07696 0.04941 0.03636 0.02831 0.02264 0.01829 0.01476 0.01180 0.01109 0.04633 ( 1)  0.275 +-  0.751
 312 Q   0.67461 0.07623 0.04922 0.03644 0.02855 0.02297 0.01867 0.01516 0.01219 0.01152 0.05446 ( 1)  0.312 +-  0.874
 313 T   0.68867 0.07730 0.04946 0.03627 0.02815 0.02243 0.01806 0.01452 0.01157 0.01084 0.04272 ( 1)  0.260 +-  0.700
 314 S   0.68373 0.07694 0.04940 0.03636 0.02832 0.02266 0.01831 0.01478 0.01182 0.01110 0.04657 ( 1)  0.276 +-  0.755
 315 F   0.68053 0.07670 0.04936 0.03641 0.02842 0.02279 0.01845 0.01493 0.01196 0.01127 0.04918 ( 1)  0.287 +-  0.792
 316 P   0.67755 0.07646 0.04928 0.03642 0.02848 0.02287 0.01856 0.01504 0.01207 0.01139 0.05189 ( 1)  0.300 +-  0.836
 317 H   0.67786 0.07648 0.04929 0.03642 0.02848 0.02286 0.01855 0.01503 0.01206 0.01138 0.05158 ( 1)  0.299 +-  0.831
 318 R   0.68015 0.07667 0.04934 0.03641 0.02843 0.02279 0.01847 0.01494 0.01197 0.01128 0.04955 ( 1)  0.289 +-  0.799
 319 E   0.68032 0.07668 0.04934 0.03639 0.02841 0.02278 0.01845 0.01492 0.01196 0.01126 0.04949 ( 1)  0.289 +-  0.801
 320 E   0.68032 0.07668 0.04934 0.03639 0.02841 0.02278 0.01845 0.01492 0.01196 0.01126 0.04949 ( 1)  0.289 +-  0.801
 321 L   0.67617 0.07635 0.04925 0.03643 0.02851 0.02292 0.01861 0.01509 0.01213 0.01145 0.05309 ( 1)  0.306 +-  0.854
 322 P   0.68021 0.07666 0.04933 0.03639 0.02840 0.02277 0.01844 0.01492 0.01196 0.01126 0.04966 ( 1)  0.290 +-  0.805
 323 A   0.67128 0.07595 0.04914 0.03644 0.02861 0.02306 0.01878 0.01527 0.01231 0.01165 0.05751 ( 1)  0.327 +-  0.920
 324 D   0.68368 0.07693 0.04938 0.03634 0.02830 0.02264 0.01829 0.01476 0.01180 0.01109 0.04678 ( 1)  0.278 +-  0.763
 325 L   0.67617 0.07635 0.04925 0.03643 0.02851 0.02292 0.01861 0.01509 0.01213 0.01145 0.05309 ( 1)  0.306 +-  0.854
 326 R   0.67744 0.07645 0.04928 0.03642 0.02848 0.02288 0.01856 0.01504 0.01208 0.01140 0.05197 ( 1)  0.301 +-  0.837
 327 D   0.68368 0.07693 0.04938 0.03634 0.02830 0.02264 0.01829 0.01476 0.01180 0.01109 0.04678 ( 1)  0.278 +-  0.763

Positively selected sites

	Prob(w>1)  mean w

    87 R      0.531         2.341 +- 2.593
   162 I      0.537         2.368 +- 2.604
   232 E      0.524         2.311 +- 2.582

