Supplemental results for CODEML (seqf: algn  treef: tree)


dN/dS (w) for site classes (K=3)

p:   1.00000  0.00000  0.00000
w:   1.00000  1.00000  5.17167
(note that p[2] is zero)


Naive Empirical Bayes (NEB) probabilities for 3 classes & postmean_w & P(w>1)
(amino acids refer to 1st sequence: Smed.27779)

   1 M   1.00000 0.00000 0.00000 ( 1)  1.000  0.000
   2 I   1.00000 0.00000 0.00000 ( 1)  1.000  0.000
   3 K   1.00000 0.00000 0.00000 ( 1)  1.000  0.000
   4 S   1.00000 0.00000 0.00000 ( 1)  1.000  0.000
   5 L   1.00000 0.00000 0.00000 ( 1)  1.000  0.000
   6 S   1.00000 0.00000 0.00000 ( 1)  1.000  0.000
   7 V   1.00000 0.00000 0.00000 ( 1)  1.000  0.000
   8 D   1.00000 0.00000 0.00000 ( 1)  1.000  0.000
   9 C   1.00000 0.00000 0.00000 ( 1)  1.000  0.000
  10 N   1.00000 0.00000 0.00000 ( 1)  1.000  0.000
  11 I   1.00000 0.00000 0.00000 ( 1)  1.000  0.000
  12 R   1.00000 0.00000 0.00000 ( 1)  1.000  0.000
  13 N   1.00000 0.00000 0.00000 ( 1)  1.000  0.000
  14 L   1.00000 0.00000 0.00000 ( 1)  1.000  0.000
  15 L   1.00000 0.00000 0.00000 ( 1)  1.000  0.000
  16 S   1.00000 0.00000 0.00000 ( 1)  1.000  0.000
  17 S   1.00000 0.00000 0.00000 ( 1)  1.000  0.000
  18 C   1.00000 0.00000 0.00000 ( 1)  1.000  0.000
  19 T   1.00000 0.00000 0.00000 ( 1)  1.000  0.000
  20 C   1.00000 0.00000 0.00000 ( 1)  1.000  0.000
  21 E   1.00000 0.00000 0.00000 ( 1)  1.000  0.000
  22 F   1.00000 0.00000 0.00000 ( 1)  1.000  0.000
  23 V   1.00000 0.00000 0.00000 ( 1)  1.000  0.000
  24 Y   1.00000 0.00000 0.00000 ( 1)  1.000  0.000
  25 K   1.00000 0.00000 0.00000 ( 1)  1.000  0.000
  26 N   1.00000 0.00000 0.00000 ( 1)  1.000  0.000
  27 D   1.00000 0.00000 0.00000 ( 1)  1.000  0.000
  28 G   1.00000 0.00000 0.00000 ( 1)  1.000  0.000
  29 N   1.00000 0.00000 0.00000 ( 1)  1.000  0.000
  30 E   1.00000 0.00000 0.00000 ( 1)  1.000  0.000
  31 D   1.00000 0.00000 0.00000 ( 1)  1.000  0.000
  32 G   1.00000 0.00000 0.00000 ( 1)  1.000  0.000
  33 E   1.00000 0.00000 0.00000 ( 1)  1.000  0.000
  34 G   1.00000 0.00000 0.00000 ( 1)  1.000  0.000
  35 L   1.00000 0.00000 0.00000 ( 1)  1.000  0.000
  36 F   1.00000 0.00000 0.00000 ( 1)  1.000  0.000
  37 S   1.00000 0.00000 0.00000 ( 1)  1.000  0.000
  38 F   1.00000 0.00000 0.00000 ( 1)  1.000  0.000
  39 P   1.00000 0.00000 0.00000 ( 1)  1.000  0.000
  40 I   1.00000 0.00000 0.00000 ( 1)  1.000  0.000
  41 E   1.00000 0.00000 0.00000 ( 1)  1.000  0.000
  42 Y   1.00000 0.00000 0.00000 ( 1)  1.000  0.000
  43 N   1.00000 0.00000 0.00000 ( 1)  1.000  0.000
  44 C   1.00000 0.00000 0.00000 ( 1)  1.000  0.000
  45 I   1.00000 0.00000 0.00000 ( 1)  1.000  0.000
  46 V   1.00000 0.00000 0.00000 ( 1)  1.000  0.000
  47 Y   1.00000 0.00000 0.00000 ( 1)  1.000  0.000
  48 Y   1.00000 0.00000 0.00000 ( 1)  1.000  0.000
  49 F   1.00000 0.00000 0.00000 ( 1)  1.000  0.000
  50 E   1.00000 0.00000 0.00000 ( 1)  1.000  0.000
  51 A   1.00000 0.00000 0.00000 ( 1)  1.000  0.000
  52 L   1.00000 0.00000 0.00000 ( 1)  1.000  0.000
  53 V   1.00000 0.00000 0.00000 ( 1)  1.000  0.000
  54 G   1.00000 0.00000 0.00000 ( 1)  1.000  0.000
  55 G   1.00000 0.00000 0.00000 ( 1)  1.000  0.000
  56 K   1.00000 0.00000 0.00000 ( 1)  1.000  0.000
  57 K   1.00000 0.00000 0.00000 ( 1)  1.000  0.000
  58 I   1.00000 0.00000 0.00000 ( 1)  1.000  0.000
  59 I   1.00000 0.00000 0.00000 ( 1)  1.000  0.000
  60 G   1.00000 0.00000 0.00000 ( 1)  1.000  0.000
  61 L   1.00000 0.00000 0.00000 ( 1)  1.000  0.000
  62 C   1.00000 0.00000 0.00000 ( 1)  1.000  0.000
  63 K   1.00000 0.00000 0.00000 ( 1)  1.000  0.000
  64 E   1.00000 0.00000 0.00000 ( 1)  1.000  0.000
  65 I   1.00000 0.00000 0.00000 ( 1)  1.000  0.000
  66 E   1.00000 0.00000 0.00000 ( 1)  1.000  0.000
  67 E   1.00000 0.00000 0.00000 ( 1)  1.000  0.000
  68 A   1.00000 0.00000 0.00000 ( 1)  1.000  0.000
  69 K   1.00000 0.00000 0.00000 ( 1)  1.000  0.000
  70 N   1.00000 0.00000 0.00000 ( 1)  1.000  0.000
  71 L   1.00000 0.00000 0.00000 ( 1)  1.000  0.000
  72 Y   1.00000 0.00000 0.00000 ( 1)  1.000  0.000
  73 E   1.00000 0.00000 0.00000 ( 1)  1.000  0.000
  74 V   1.00000 0.00000 0.00000 ( 1)  1.000  0.000
  75 A   1.00000 0.00000 0.00000 ( 1)  1.000  0.000
  76 K   1.00000 0.00000 0.00000 ( 1)  1.000  0.000
  77 E   1.00000 0.00000 0.00000 ( 1)  1.000  0.000
  78 K   1.00000 0.00000 0.00000 ( 1)  1.000  0.000
  79 G   1.00000 0.00000 0.00000 ( 1)  1.000  0.000
  80 H   1.00000 0.00000 0.00000 ( 1)  1.000  0.000
  81 M   1.00000 0.00000 0.00000 ( 1)  1.000  0.000
  82 A   1.00000 0.00000 0.00000 ( 1)  1.000  0.000
  83 A   1.00000 0.00000 0.00000 ( 1)  1.000  0.000
  84 I   1.00000 0.00000 0.00000 ( 1)  1.000  0.000
  85 I   1.00000 0.00000 0.00000 ( 1)  1.000  0.000
  86 E   1.00000 0.00000 0.00000 ( 1)  1.000  0.000
  87 K   1.00000 0.00000 0.00000 ( 1)  1.000  0.000
  88 N   1.00000 0.00000 0.00000 ( 1)  1.000  0.000
  89 T   1.00000 0.00000 0.00000 ( 1)  1.000  0.000
  90 S   1.00000 0.00000 0.00000 ( 1)  1.000  0.000
  91 M   1.00000 0.00000 0.00000 ( 1)  1.000  0.000

Positively selected sites

	Prob(w>1)  mean w



lnL =  -683.128200

Bayes Empirical Bayes (BEB) probabilities for 3 classes (class) & postmean_w
(amino acids refer to 1st sequence: Smed.27779)

   1 M   0.35362 0.32424 0.32214 ( 1)  2.455 +-  2.947
   2 I   0.29360 0.35332 0.35308 ( 2)  2.659 +-  3.006
   3 K   0.26143 0.36717 0.37140 ( 3)  2.772 +-  3.040
   4 S   0.25716 0.36914 0.37370 ( 3)  2.786 +-  3.044
   5 L   0.27520 0.36159 0.36321 ( 3)  2.723 +-  3.024
   6 S   0.30736 0.34775 0.34489 ( 2)  2.610 +-  2.988
   7 V   0.29192 0.35411 0.35397 ( 2)  2.664 +-  3.007
   8 D   0.26621 0.36580 0.36799 ( 3)  2.752 +-  3.033
   9 C   0.31815 0.34285 0.33900 ( 2)  2.572 +-  2.976
  10 N   0.28527 0.35743 0.35730 ( 2)  2.686 +-  3.013
  11 I   0.28279 0.35857 0.35864 ( 3)  2.694 +-  3.016
  12 R   0.27323 0.36468 0.36209 ( 2)  2.719 +-  3.020
  13 N   0.26975 0.36423 0.36601 ( 3)  2.740 +-  3.029
  14 L   0.30937 0.34695 0.34368 ( 2)  2.603 +-  2.985
  15 L   0.28841 0.35582 0.35576 ( 2)  2.676 +-  3.010
  16 S   0.28505 0.35794 0.35702 ( 2)  2.686 +-  3.012
  17 S   0.26574 0.36496 0.36930 ( 3)  2.759 +-  3.036
  18 C   0.27174 0.36397 0.36429 ( 3)  2.731 +-  3.025
  19 T   0.29257 0.35368 0.35375 ( 3)  2.663 +-  3.007
  20 C   0.32024 0.34222 0.33754 ( 2)  2.564 +-  2.972
  21 E   0.26136 0.36782 0.37082 ( 3)  2.769 +-  3.038
  22 F   0.30980 0.34650 0.34370 ( 2)  2.602 +-  2.986
  23 V   0.28033 0.35970 0.35997 ( 3)  2.704 +-  3.017
  24 Y   0.27430 0.36276 0.36294 ( 3)  2.722 +-  3.023
  25 K   0.29018 0.35535 0.35447 ( 2)  2.669 +-  3.007
  26 N   0.28343 0.35830 0.35827 ( 2)  2.693 +-  3.014
  27 D   0.29577 0.35265 0.35158 ( 2)  2.650 +-  3.003
  28 G   0.27915 0.36026 0.36059 ( 3)  2.707 +-  3.019
  29 N   0.27357 0.36284 0.36359 ( 3)  2.726 +-  3.024
  30 E   0.28947 0.35559 0.35494 ( 2)  2.672 +-  3.008
  31 D   0.26642 0.36555 0.36802 ( 3)  2.752 +-  3.033
  32 G   0.26697 0.36560 0.36743 ( 3)  2.749 +-  3.032
  33 E   0.28489 0.35794 0.35717 ( 2)  2.687 +-  3.012
  34 G   0.26123 0.36802 0.37075 ( 3)  2.769 +-  3.038
  35 L   0.28121 0.35979 0.35900 ( 2)  2.698 +-  3.015
  36 F   0.27842 0.36080 0.36079 ( 2)  2.709 +-  3.019
  37 S   0.28538 0.35648 0.35814 ( 3)  2.690 +-  3.016
  38 F   0.26637 0.36556 0.36808 ( 3)  2.752 +-  3.033
  39 P   0.28445 0.35842 0.35712 ( 2)  2.687 +-  3.011
  40 I   0.29229 0.35407 0.35365 ( 2)  2.663 +-  3.007
  41 E   0.27377 0.36208 0.36415 ( 3)  2.728 +-  3.026
  42 Y   0.27416 0.36209 0.36376 ( 3)  2.726 +-  3.025
  43 N   0.30386 0.34863 0.34751 ( 2)  2.622 +-  2.996
  44 C   0.28300 0.35852 0.35848 ( 2)  2.694 +-  3.015
  45 I   0.27931 0.36015 0.36054 ( 3)  2.707 +-  3.019
  46 V   0.27724 0.36093 0.36183 ( 3)  2.714 +-  3.021
  47 Y   0.27457 0.36189 0.36355 ( 3)  2.725 +-  3.025
  48 Y   0.29181 0.35449 0.35370 ( 2)  2.663 +-  3.006
  49 F   0.26577 0.36564 0.36859 ( 3)  2.755 +-  3.034
  50 E   0.31347 0.34448 0.34205 ( 2)  2.588 +-  2.985
  51 A   0.28753 0.35609 0.35638 ( 3)  2.680 +-  3.012
  52 L   0.34676 0.33184 0.32140 ( 1)  2.464 +-  2.935
  53 V   0.28593 0.35714 0.35693 ( 2)  2.684 +-  3.012
  54 G   0.25879 0.36809 0.37313 ( 3)  2.782 +-  3.043
  55 G   0.27197 0.36360 0.36444 ( 3)  2.731 +-  3.026
  56 K   0.26606 0.36600 0.36794 ( 3)  2.752 +-  3.033
  57 K   0.25906 0.36797 0.37297 ( 3)  2.781 +-  3.043
  58 I   0.28269 0.35903 0.35828 ( 2)  2.693 +-  3.014
  59 I   0.26982 0.36398 0.36620 ( 3)  2.741 +-  3.030
  60 G   0.28837 0.35641 0.35522 ( 2)  2.674 +-  3.008
  61 L   0.27668 0.36079 0.36253 ( 3)  2.718 +-  3.023
  62 C   0.27107 0.36398 0.36495 ( 3)  2.734 +-  3.027
  63 K   0.28142 0.35954 0.35904 ( 2)  2.698 +-  3.015
  64 E   0.27457 0.36189 0.36355 ( 3)  2.725 +-  3.025
  65 I   0.27460 0.36261 0.36279 ( 3)  2.721 +-  3.022
  66 E   0.26637 0.36556 0.36808 ( 3)  2.752 +-  3.033
  67 E   0.31157 0.34534 0.34309 ( 2)  2.595 +-  2.987
  68 A   0.31640 0.34180 0.34180 ( 2)  2.583 +-  2.987
  69 K   0.26075 0.36715 0.37210 ( 3)  2.776 +-  3.042
  70 N   0.27958 0.36023 0.36019 ( 2)  2.705 +-  3.018
  71 L   0.26374 0.36645 0.36981 ( 3)  2.763 +-  3.037
  72 Y   0.28278 0.35902 0.35820 ( 2)  2.693 +-  3.014
  73 E   0.30318 0.34952 0.34730 ( 2)  2.623 +-  2.994
  74 V   0.27901 0.36030 0.36070 ( 3)  2.708 +-  3.019
  75 A   0.28672 0.35768 0.35560 ( 2)  2.678 +-  3.008
  76 K   0.28649 0.35715 0.35637 ( 2)  2.681 +-  3.011
  77 E   0.29513 0.35282 0.35205 ( 2)  2.653 +-  3.003
  78 K   0.28259 0.35908 0.35833 ( 2)  2.694 +-  3.014
  79 G   0.28549 0.35780 0.35670 ( 2)  2.683 +-  3.011
  80 H   0.27902 0.35995 0.36103 ( 3)  2.709 +-  3.020
  81 M   0.27999 0.36025 0.35976 ( 2)  2.703 +-  3.017
  82 A   0.28504 0.35746 0.35750 ( 3)  2.688 +-  3.013
  83 A   0.28999 0.35563 0.35437 ( 2)  2.668 +-  3.007
  84 I   0.27988 0.35995 0.36016 ( 3)  2.705 +-  3.018
  85 I   0.28504 0.35746 0.35750 ( 3)  2.688 +-  3.013
  86 E   0.30390 0.34925 0.34685 ( 2)  2.621 +-  2.993
  87 K   0.29386 0.35341 0.35273 ( 2)  2.657 +-  3.005
  88 N   0.26240 0.36670 0.37090 ( 3)  2.769 +-  3.039
  89 T   0.26692 0.36511 0.36797 ( 3)  2.752 +-  3.033
  90 S   0.28479 0.35796 0.35726 ( 2)  2.687 +-  3.012
  91 M   0.29154 0.35431 0.35415 ( 2)  2.666 +-  3.007

Positively selected sites

	Prob(w>1)  mean w


