Supplemental results for CODEML (seqf: algn  treef: tree)


dN/dS (w) for site classes (K=9)

p:   0.04380  0.04380  0.04380  0.04380  0.04380  0.04380  0.04380  0.04380  0.64963
w:   0.17375  0.19533  0.20927  0.22123  0.23289  0.24546  0.26096  0.28697  1.00000

Naive Empirical Bayes (NEB) probabilities for 9 classes & postmean_w
(amino acids refer to 1st sequence: Hdim.11572)

   1 K   0.00160 0.00222 0.00268 0.00311 0.00357 0.00411 0.00483 0.00619 0.97169 ( 9)  0.979
   2 T   0.00061 0.00091 0.00115 0.00139 0.00165 0.00196 0.00240 0.00325 0.98667 ( 9)  0.990
   3 H   0.02099 0.02463 0.02695 0.02891 0.03078 0.03276 0.03513 0.03890 0.76097 ( 9)  0.817
   4 L   0.04562 0.05115 0.05438 0.05693 0.05923 0.06150 0.06399 0.06748 0.53972 ( 9)  0.647
   5 L   0.00822 0.01022 0.01159 0.01279 0.01399 0.01531 0.01697 0.01980 0.89110 ( 9)  0.917
   6 Q   0.00153 0.00209 0.00250 0.00289 0.00330 0.00378 0.00441 0.00559 0.97391 ( 9)  0.980
   7 V   0.15629 0.13824 0.12783 0.11960 0.11215 0.10469 0.09626 0.08379 0.06116 ( 1)  0.270
   8 F   0.11100 0.10832 0.10605 0.10387 0.10157 0.09896 0.09560 0.08978 0.18485 ( 9)  0.369
   9 L   0.01509 0.01859 0.02087 0.02283 0.02473 0.02675 0.02920 0.03313 0.80880 ( 9)  0.854
  10 F   0.06683 0.07209 0.07481 0.07675 0.07831 0.07966 0.08089 0.08198 0.38868 ( 9)  0.529
  11 T   0.09572 0.09639 0.09624 0.09581 0.09516 0.09423 0.09281 0.08991 0.24374 ( 9)  0.416
  12 T   0.00063 0.00099 0.00129 0.00160 0.00193 0.00234 0.00292 0.00406 0.98425 ( 9)  0.988

Positively selected sites

	Prob(w>1)  mean w



lnL =  -231.183229

Bayes Empirical Bayes (BEB) probabilities for 11 classes (class) & postmean_w
(amino acids refer to 1st sequence: Hdim.11572)

   1 K   0.00008 0.00175 0.00778 0.01966 0.03713 0.05877 0.08271 0.10782 0.13650 0.30380 0.24400 (10)  0.997 +-  0.447
   2 T   0.00001 0.00061 0.00390 0.01210 0.02631 0.04627 0.07083 0.09901 0.13301 0.30803 0.29992 (10)  1.098 +-  0.594
   3 H   0.00426 0.02184 0.04620 0.06903 0.08680 0.09864 0.10531 0.10876 0.11361 0.23462 0.11092 (10)  0.773 +-  0.360
   4 L   0.01210 0.04734 0.08137 0.10153 0.10905 0.10800 0.10233 0.09544 0.09175 0.18796 0.06313 (10)  0.663 +-  0.340
   5 L   0.00106 0.00854 0.02356 0.04262 0.06223 0.08007 0.09519 0.10819 0.12307 0.26406 0.19142 (10)  0.918 +-  0.524
   6 Q   0.00008 0.00163 0.00690 0.01697 0.03184 0.05075 0.07272 0.09732 0.12736 0.29475 0.29968 (11)  1.102 +-  0.650
   7 V   0.33886 0.20298 0.13647 0.09211 0.06313 0.04425 0.03194 0.02407 0.01977 0.04263 0.00379 ( 1)  0.268 +-  0.261
   8 F   0.11240 0.14903 0.14497 0.12335 0.10022 0.08055 0.06523 0.05419 0.04816 0.10311 0.01880 ( 2)  0.447 +-  0.319
   9 L   0.00138 0.01495 0.03876 0.06259 0.08168 0.09517 0.10393 0.10984 0.11740 0.24496 0.12932 (10)  0.806 +-  0.370
  10 F   0.02345 0.07552 0.10971 0.11907 0.11443 0.10400 0.09237 0.08218 0.07652 0.15923 0.04352 (10)  0.594 +-  0.332
  11 T   0.07960 0.11932 0.13199 0.12446 0.10911 0.09233 0.07712 0.06499 0.05781 0.12054 0.02272 ( 3)  0.495 +-  0.321
  12 T   0.00000 0.00059 0.00467 0.01556 0.03410 0.05848 0.08566 0.11329 0.14309 0.31188 0.23268 (10)  0.988 +-  0.419

Positively selected sites

	Prob(w>1)  mean w


