Supplemental results for CODEML (seqf: algn  treef: tree)


dN/dS (w) for site classes (K=8)

p:   0.12500  0.12500  0.12500  0.12500  0.12500  0.12500  0.12500  0.12500
w:   0.00024  0.01281  0.07905  0.24350  0.50107  0.76740  0.94078  0.99743

Naive Empirical Bayes (NEB) probabilities for 8 classes & postmean_w
(amino acids refer to 1st sequence: Treg.3720)

   1 M   0.16000 0.15871 0.15211 0.13702 0.11670 0.09927 0.08956 0.08664 ( 1)  0.353
   2 S   0.13817 0.13775 0.13557 0.13033 0.12264 0.11530 0.11082 0.10941 ( 1)  0.408
   3 T   0.14359 0.14298 0.13981 0.13229 0.12144 0.11130 0.10524 0.10334 ( 1)  0.393
   4 N   0.15156 0.15063 0.14584 0.13472 0.11925 0.10545 0.09750 0.09506 ( 1)  0.374
   5 R   0.14618 0.14548 0.14183 0.13322 0.12086 0.10940 0.10258 0.10045 ( 1)  0.387
   6 P   0.13765 0.13725 0.13520 0.13023 0.12284 0.11569 0.11127 0.10987 ( 1)  0.409
   7 L   0.14508 0.14441 0.14094 0.13274 0.12102 0.11021 0.10380 0.10180 ( 1)  0.390
   8 Q   0.13963 0.13916 0.13675 0.13095 0.12241 0.11423 0.10923 0.10765 ( 1)  0.404
   9 V   0.14688 0.14614 0.14230 0.13329 0.12053 0.10888 0.10205 0.09993 ( 1)  0.385
  10 V   0.14450 0.14385 0.14048 0.13252 0.12114 0.11063 0.10441 0.10248 ( 1)  0.391
  11 N   0.16416 0.16264 0.15492 0.13758 0.11497 0.09630 0.08622 0.08323 ( 1)  0.343
  12 S   0.13880 0.13837 0.13608 0.13059 0.12253 0.11483 0.11014 0.10866 ( 1)  0.406
  13 S   0.15979 0.15850 0.15193 0.13692 0.11673 0.09943 0.08980 0.08690 ( 1)  0.353
  14 E   0.00010 0.00512 0.03064 0.08738 0.15966 0.21675 0.24599 0.25436 ( 8)  0.755
  15 R   0.14946 0.14862 0.14430 0.13418 0.11993 0.10699 0.09943 0.09710 ( 1)  0.379
  16 S   0.14743 0.14667 0.14277 0.13357 0.12049 0.10848 0.10139 0.09920 ( 1)  0.384
  17 T   0.14644 0.14572 0.14199 0.13321 0.12071 0.10921 0.10242 0.10031 ( 1)  0.386
  18 D   0.15457 0.15346 0.14779 0.13492 0.11780 0.10329 0.09529 0.09289 ( 1)  0.367
  19 L   0.14418 0.14354 0.14023 0.13240 0.12121 0.11087 0.10474 0.10283 ( 1)  0.392
  20 S   0.15979 0.15850 0.15193 0.13692 0.11673 0.09943 0.08980 0.08690 ( 1)  0.353
  21 G   0.14303 0.14244 0.13937 0.13207 0.12155 0.11172 0.10583 0.10399 ( 1)  0.395
  22 I   0.15787 0.15665 0.15042 0.13622 0.11715 0.10085 0.09178 0.08905 ( 1)  0.358
  23 F   0.15261 0.15158 0.14633 0.13437 0.11835 0.10471 0.09716 0.09489 ( 1)  0.372
  24 G   0.00009 0.00466 0.02814 0.08203 0.15489 0.21714 0.25141 0.26163 ( 8)  0.764
  25 E   0.15150 0.15057 0.14579 0.13467 0.11924 0.10549 0.09758 0.09515 ( 1)  0.374
  26 L   0.00000 0.00008 0.00288 0.02592 0.10101 0.21775 0.30999 0.34238 ( 8)  0.857
  27 I   0.15375 0.15272 0.14743 0.13523 0.11852 0.10385 0.09552 0.09299 ( 1)  0.368
  28 L   0.14997 0.14911 0.14471 0.13438 0.11983 0.10661 0.09889 0.09651 ( 1)  0.377
  29 G   0.14303 0.14244 0.13937 0.13207 0.12155 0.11172 0.10583 0.10399 ( 1)  0.395
  30 R   0.00009 0.00500 0.02997 0.08596 0.15842 0.21688 0.24742 0.25627 ( 8)  0.758
  31 R   0.14618 0.14548 0.14183 0.13322 0.12086 0.10940 0.10258 0.10045 ( 1)  0.387
  32 F   0.14829 0.14750 0.14340 0.13379 0.12021 0.10784 0.10061 0.09837 ( 1)  0.382
  33 L   0.00009 0.00487 0.02929 0.08449 0.15709 0.21697 0.24891 0.25828 ( 8)  0.760
  34 S   0.14743 0.14667 0.14277 0.13357 0.12049 0.10848 0.10139 0.09920 ( 1)  0.384
  35 W   0.14221 0.14165 0.13875 0.13184 0.12179 0.11232 0.10662 0.10482 ( 1)  0.397
  36 D   0.16223 0.16082 0.15362 0.13734 0.11578 0.09767 0.08776 0.08479 ( 1)  0.348
  37 E   0.15150 0.15057 0.14579 0.13467 0.11924 0.10549 0.09758 0.09515 ( 1)  0.374
  38 F   0.15969 0.15840 0.15179 0.13674 0.11662 0.09951 0.09005 0.08721 ( 1)  0.354
  39 Q   0.00008 0.00449 0.02719 0.07991 0.15283 0.21715 0.25363 0.26470 ( 8)  0.768
  40 K   0.15121 0.15029 0.14556 0.13457 0.11931 0.10571 0.09788 0.09548 ( 1)  0.374
  41 S   0.13817 0.13775 0.13557 0.13033 0.12264 0.11530 0.11082 0.10941 ( 1)  0.408
  42 L   0.14311 0.14246 0.13913 0.13146 0.12093 0.11169 0.10642 0.10481 ( 1)  0.396
  43 A   0.14456 0.14392 0.14057 0.13263 0.12121 0.11059 0.10425 0.10227 ( 1)  0.391
  44 E   0.00010 0.00552 0.03280 0.09189 0.16348 0.21624 0.24150 0.24846 ( 8)  0.748
  45 F   0.15261 0.15158 0.14633 0.13437 0.11835 0.10471 0.09716 0.09489 ( 1)  0.372
  46 Q   0.14132 0.14079 0.13807 0.13155 0.12202 0.11298 0.10750 0.10577 ( 1)  0.399
  47 K   0.15368 0.15266 0.14738 0.13520 0.11853 0.10390 0.09559 0.09306 ( 1)  0.368
  48 L   0.14311 0.14246 0.13913 0.13146 0.12093 0.11169 0.10642 0.10481 ( 1)  0.396
  49 S   0.14046 0.13996 0.13738 0.13121 0.12219 0.11361 0.10841 0.10677 ( 1)  0.402
  50 C   0.00008 0.00454 0.02746 0.08049 0.15336 0.21713 0.25304 0.26390 ( 8)  0.767
  51 T   0.15320 0.15220 0.14708 0.13520 0.11879 0.10424 0.09591 0.09337 ( 1)  0.369
  52 H   0.14412 0.14349 0.14025 0.13254 0.12138 0.11091 0.10464 0.10268 ( 1)  0.392
  53 Y   0.15397 0.15292 0.14753 0.13515 0.11832 0.10370 0.09545 0.09295 ( 1)  0.368
  54 V   0.15370 0.15267 0.14740 0.13522 0.11854 0.10388 0.09556 0.09302 ( 1)  0.368
  55 H   0.15575 0.15466 0.14904 0.13605 0.11814 0.10236 0.09337 0.09062 ( 1)  0.363
  56 T   0.00010 0.00511 0.03059 0.08721 0.15939 0.21666 0.24621 0.25473 ( 8)  0.756
  57 Y   0.00009 0.00489 0.02936 0.08458 0.15705 0.21686 0.24887 0.25830 ( 8)  0.760
  58 S   0.14743 0.14667 0.14277 0.13357 0.12049 0.10848 0.10139 0.09920 ( 1)  0.384
  59 K   0.15368 0.15266 0.14738 0.13520 0.11853 0.10390 0.09559 0.09306 ( 1)  0.368
  60 T   0.14359 0.14298 0.13981 0.13229 0.12144 0.11130 0.10524 0.10334 ( 1)  0.393
  61 I   0.15375 0.15272 0.14743 0.13523 0.11852 0.10385 0.09552 0.09299 ( 1)  0.368
  62 P   0.00008 0.00428 0.02601 0.07727 0.15027 0.21716 0.25640 0.26854 ( 8)  0.772
  63 D   0.16223 0.16082 0.15362 0.13734 0.11578 0.09767 0.08776 0.08479 ( 1)  0.348
  64 D   0.14961 0.14876 0.14440 0.13420 0.11986 0.10688 0.09932 0.09699 ( 1)  0.378
  65 R   0.14828 0.14745 0.14318 0.13331 0.11978 0.10787 0.10110 0.09903 ( 1)  0.382
  66 F   0.15969 0.15840 0.15179 0.13674 0.11662 0.09951 0.09005 0.08721 ( 1)  0.354
  67 K   0.15121 0.15029 0.14556 0.13457 0.11931 0.10571 0.09788 0.09548 ( 1)  0.374
  68 Y   0.14196 0.14141 0.13851 0.13165 0.12176 0.11250 0.10697 0.10524 ( 1)  0.398
  69 A   0.15079 0.14989 0.14530 0.13457 0.11954 0.10601 0.09816 0.09574 ( 1)  0.375
  70 F   0.00010 0.00512 0.03061 0.08723 0.15936 0.21662 0.24621 0.25475 ( 8)  0.756
  71 V   0.15370 0.15267 0.14740 0.13522 0.11854 0.10388 0.09556 0.09302 ( 1)  0.368
  72 G   0.15236 0.15140 0.14646 0.13498 0.11905 0.10486 0.09669 0.09419 ( 1)  0.371
  73 F   0.15969 0.15840 0.15179 0.13674 0.11662 0.09951 0.09005 0.08721 ( 1)  0.354


lnL =  -377.517665

