Supplemental results for CODEML (seqf: algn  treef: tree)


dN/dS (w) for site classes (K=9)

p:   0.12230  0.12230  0.12230  0.12230  0.12230  0.12230  0.12230  0.12230  0.02159
w:   0.00000  0.00000  0.00000  0.00000  0.00000  0.00000  0.00000  0.00000 63.37350

Naive Empirical Bayes (NEB) probabilities for 9 classes & postmean_w & P(w>1)
(amino acids refer to 1st sequence: Mlig.48751)

   1 M   0.12495 0.12495 0.12495 0.12495 0.12495 0.12495 0.12495 0.12495 0.00042 ( 6)  0.027  0.000
   2 R   0.12470 0.12470 0.12470 0.12470 0.12470 0.12470 0.12470 0.12470 0.00242 ( 2)  0.154  0.002
   3 P   0.12471 0.12471 0.12471 0.12471 0.12471 0.12471 0.12471 0.12471 0.00229 ( 5)  0.145  0.002
   4 E   0.12491 0.12491 0.12491 0.12491 0.12491 0.12491 0.12491 0.12491 0.00073 ( 5)  0.046  0.001
   5 L   0.12487 0.12487 0.12487 0.12487 0.12487 0.12487 0.12487 0.12487 0.00106 ( 5)  0.067  0.001
   6 I   0.12483 0.12483 0.12483 0.12483 0.12483 0.12483 0.12483 0.12483 0.00134 ( 6)  0.085  0.001
   7 R   0.12494 0.12494 0.12494 0.12494 0.12494 0.12494 0.12494 0.12494 0.00049 ( 3)  0.031  0.000
   8 S   0.12486 0.12486 0.12486 0.12486 0.12486 0.12486 0.12486 0.12486 0.00111 ( 1)  0.071  0.001
   9 S   0.12486 0.12486 0.12486 0.12486 0.12486 0.12486 0.12486 0.12486 0.00111 ( 1)  0.071  0.001
  10 G   0.12494 0.12494 0.12494 0.12494 0.12494 0.12494 0.12494 0.12494 0.00050 ( 6)  0.032  0.000
  11 T   0.12484 0.12484 0.12484 0.12484 0.12484 0.12484 0.12484 0.12484 0.00125 ( 5)  0.079  0.001
  12 A   0.12482 0.12482 0.12482 0.12482 0.12482 0.12482 0.12482 0.12482 0.00142 ( 1)  0.090  0.001
  13 A   0.12474 0.12474 0.12474 0.12474 0.12474 0.12474 0.12474 0.12474 0.00205 ( 3)  0.130  0.002
  14 A   0.12482 0.12482 0.12482 0.12482 0.12482 0.12482 0.12482 0.12482 0.00142 ( 1)  0.090  0.001
  15 D   0.12490 0.12490 0.12490 0.12490 0.12490 0.12490 0.12490 0.12490 0.00078 ( 1)  0.050  0.001
  16 A   0.12482 0.12482 0.12482 0.12482 0.12482 0.12482 0.12482 0.12482 0.00147 ( 2)  0.093  0.001
  17 S   0.12485 0.12485 0.12485 0.12485 0.12485 0.12485 0.12485 0.12485 0.00116 ( 1)  0.074  0.001
  18 A   0.12482 0.12482 0.12482 0.12482 0.12482 0.12482 0.12482 0.12482 0.00147 ( 2)  0.093  0.001
  19 T   0.12485 0.12485 0.12485 0.12485 0.12485 0.12485 0.12485 0.12485 0.00119 ( 5)  0.076  0.001
  20 A   0.12482 0.12482 0.12482 0.12482 0.12482 0.12482 0.12482 0.12482 0.00147 ( 2)  0.093  0.001
  21 N   0.12491 0.12491 0.12491 0.12491 0.12491 0.12491 0.12491 0.12491 0.00072 ( 3)  0.046  0.001
  22 P   0.12471 0.12471 0.12471 0.12471 0.12471 0.12471 0.12471 0.12471 0.00229 ( 5)  0.145  0.002
  23 Q   0.12488 0.12488 0.12488 0.12488 0.12488 0.12488 0.12488 0.12488 0.00092 ( 6)  0.058  0.001
  24 P   0.12487 0.12487 0.12487 0.12487 0.12487 0.12487 0.12487 0.12487 0.00101 ( 5)  0.064  0.001
  25 L   0.12487 0.12487 0.12487 0.12487 0.12487 0.12487 0.12487 0.12487 0.00106 ( 5)  0.067  0.001
  26 E   0.12491 0.12491 0.12491 0.12491 0.12491 0.12491 0.12491 0.12491 0.00073 ( 5)  0.046  0.001
  27 Q   0.12488 0.12488 0.12488 0.12488 0.12488 0.12488 0.12488 0.12488 0.00092 ( 6)  0.058  0.001
  28 P   0.12481 0.12481 0.12481 0.12481 0.12481 0.12481 0.12481 0.12481 0.00155 ( 6)  0.098  0.002
  29 Q   0.12488 0.12488 0.12488 0.12488 0.12488 0.12488 0.12488 0.12488 0.00092 ( 6)  0.058  0.001
  30 P   0.12487 0.12487 0.12487 0.12487 0.12487 0.12487 0.12487 0.12487 0.00101 ( 5)  0.064  0.001
  31 V   0.12483 0.12483 0.12483 0.12483 0.12483 0.12483 0.12483 0.12483 0.00135 ( 5)  0.086  0.001
  32 Q   0.12488 0.12488 0.12488 0.12488 0.12488 0.12488 0.12488 0.12488 0.00092 ( 6)  0.058  0.001
  33 E   0.00000 0.00000 0.00000 0.00000 0.00000 0.00000 0.00000 0.00000 1.00000 ( 9) 63.373  1.000
  34 D   0.12490 0.12490 0.12490 0.12490 0.12490 0.12490 0.12490 0.12490 0.00078 ( 1)  0.050  0.001
  35 Q   0.12488 0.12488 0.12488 0.12488 0.12488 0.12488 0.12488 0.12488 0.00092 ( 6)  0.058  0.001
  36 S   0.12485 0.12485 0.12485 0.12485 0.12485 0.12485 0.12485 0.12485 0.00116 ( 1)  0.074  0.001
  37 L   0.12484 0.12484 0.12484 0.12484 0.12484 0.12484 0.12484 0.12484 0.00126 ( 3)  0.080  0.001
  38 G   0.12474 0.12474 0.12474 0.12474 0.12474 0.12474 0.12474 0.12474 0.00211 ( 6)  0.134  0.002
  39 F   0.12491 0.12491 0.12491 0.12491 0.12491 0.12491 0.12491 0.12491 0.00073 ( 1)  0.046  0.001
  40 L   0.12482 0.12482 0.12482 0.12482 0.12482 0.12482 0.12482 0.12482 0.00147 ( 1)  0.093  0.001
  41 N   0.12491 0.12491 0.12491 0.12491 0.12491 0.12491 0.12491 0.12491 0.00070 ( 1)  0.044  0.001
  42 H   0.12489 0.12489 0.12489 0.12489 0.12489 0.12489 0.12489 0.12489 0.00086 ( 3)  0.054  0.001
  43 D   0.12490 0.12490 0.12490 0.12490 0.12490 0.12490 0.12490 0.12490 0.00078 ( 1)  0.050  0.001
  44 P   0.12487 0.12487 0.12487 0.12487 0.12487 0.12487 0.12487 0.12487 0.00101 ( 5)  0.064  0.001
  45 K   0.12484 0.12484 0.12484 0.12484 0.12484 0.12484 0.12484 0.12484 0.00128 ( 6)  0.081  0.001
  46 L   0.00000 0.00000 0.00000 0.00000 0.00000 0.00000 0.00000 0.00000 1.00000 ( 9) 63.373  1.000
  47 A   0.12482 0.12482 0.12482 0.12482 0.12482 0.12482 0.12482 0.12482 0.00147 ( 2)  0.093  0.001
  48 D   0.12490 0.12490 0.12490 0.12490 0.12490 0.12490 0.12490 0.12490 0.00078 ( 1)  0.050  0.001
  49 T   0.12478 0.12478 0.12478 0.12478 0.12478 0.12478 0.12478 0.12478 0.00173 ( 6)  0.110  0.002
  50 G   0.12486 0.12486 0.12486 0.12486 0.12486 0.12486 0.12486 0.12486 0.00113 ( 3)  0.071  0.001
  51 L   0.12484 0.12484 0.12484 0.12484 0.12484 0.12484 0.12484 0.12484 0.00126 ( 3)  0.080  0.001
  52 F   0.12491 0.12491 0.12491 0.12491 0.12491 0.12491 0.12491 0.12491 0.00073 ( 1)  0.046  0.001
  53 Q   0.12481 0.12481 0.12481 0.12481 0.12481 0.12481 0.12481 0.12481 0.00154 ( 6)  0.098  0.002
  54 P   0.12487 0.12487 0.12487 0.12487 0.12487 0.12487 0.12487 0.12487 0.00101 ( 5)  0.064  0.001
  55 L   0.12482 0.12482 0.12482 0.12482 0.12482 0.12482 0.12482 0.12482 0.00142 ( 3)  0.090  0.001
  56 V   0.12483 0.12483 0.12483 0.12483 0.12483 0.12483 0.12483 0.12483 0.00135 ( 5)  0.086  0.001
  57 E   0.12491 0.12491 0.12491 0.12491 0.12491 0.12491 0.12491 0.12491 0.00073 ( 5)  0.046  0.001
  58 P   0.12487 0.12487 0.12487 0.12487 0.12487 0.12487 0.12487 0.12487 0.00101 ( 5)  0.064  0.001
  59 R   0.12488 0.12488 0.12488 0.12488 0.12488 0.12488 0.12488 0.12488 0.00094 ( 6)  0.059  0.001
  60 H   0.12489 0.12489 0.12489 0.12489 0.12489 0.12489 0.12489 0.12489 0.00086 ( 3)  0.054  0.001
  61 Q   0.12488 0.12488 0.12488 0.12488 0.12488 0.12488 0.12488 0.12488 0.00092 ( 6)  0.058  0.001
  62 L   0.12463 0.12463 0.12463 0.12463 0.12463 0.12463 0.12463 0.12463 0.00297 ( 5)  0.188  0.003
  63 K   0.12484 0.12484 0.12484 0.12484 0.12484 0.12484 0.12484 0.12484 0.00128 ( 6)  0.081  0.001
  64 A   0.12482 0.12482 0.12482 0.12482 0.12482 0.12482 0.12482 0.12482 0.00147 ( 2)  0.093  0.001
  65 D   0.12490 0.12490 0.12490 0.12490 0.12490 0.12490 0.12490 0.12490 0.00078 ( 1)  0.050  0.001
  66 S   0.12489 0.12489 0.12489 0.12489 0.12489 0.12489 0.12489 0.12489 0.00085 ( 3)  0.054  0.001
  67 P   0.12481 0.12481 0.12481 0.12481 0.12481 0.12481 0.12481 0.12481 0.00155 ( 6)  0.098  0.002
  68 L   0.12487 0.12487 0.12487 0.12487 0.12487 0.12487 0.12487 0.12487 0.00106 ( 5)  0.067  0.001
  69 L   0.12482 0.12482 0.12482 0.12482 0.12482 0.12482 0.12482 0.12482 0.00142 ( 3)  0.090  0.001
  70 Y   0.12486 0.12486 0.12486 0.12486 0.12486 0.12486 0.12486 0.12486 0.00110 ( 3)  0.070  0.001
  71 R   0.12488 0.12488 0.12488 0.12488 0.12488 0.12488 0.12488 0.12488 0.00094 ( 6)  0.059  0.001
  72 L   0.12484 0.12484 0.12484 0.12484 0.12484 0.12484 0.12484 0.12484 0.00126 ( 3)  0.080  0.001
  73 Q   0.12481 0.12481 0.12481 0.12481 0.12481 0.12481 0.12481 0.12481 0.00154 ( 6)  0.098  0.002
  74 Q   0.12488 0.12488 0.12488 0.12488 0.12488 0.12488 0.12488 0.12488 0.00092 ( 6)  0.058  0.001
  75 L   0.12487 0.12487 0.12487 0.12487 0.12487 0.12487 0.12487 0.12487 0.00106 ( 5)  0.067  0.001
  76 D   0.12490 0.12490 0.12490 0.12490 0.12490 0.12490 0.12490 0.12490 0.00078 ( 1)  0.050  0.001
  77 S   0.12485 0.12485 0.12485 0.12485 0.12485 0.12485 0.12485 0.12485 0.00116 ( 1)  0.074  0.001
  78 P   0.12487 0.12487 0.12487 0.12487 0.12487 0.12487 0.12487 0.12487 0.00101 ( 5)  0.064  0.001
  79 L   0.12484 0.12484 0.12484 0.12484 0.12484 0.12484 0.12484 0.12484 0.00126 ( 3)  0.080  0.001
  80 D   0.12490 0.12490 0.12490 0.12490 0.12490 0.12490 0.12490 0.12490 0.00080 ( 2)  0.051  0.001
  81 Q   0.12488 0.12488 0.12488 0.12488 0.12488 0.12488 0.12488 0.12488 0.00092 ( 6)  0.058  0.001
  82 L   0.12484 0.12484 0.12484 0.12484 0.12484 0.12484 0.12484 0.12484 0.00126 ( 3)  0.080  0.001
  83 P   0.12471 0.12471 0.12471 0.12471 0.12471 0.12471 0.12471 0.12471 0.00229 ( 5)  0.145  0.002
  84 P   0.12471 0.12471 0.12471 0.12471 0.12471 0.12471 0.12471 0.12471 0.00229 ( 5)  0.145  0.002
  85 P   0.12487 0.12487 0.12487 0.12487 0.12487 0.12487 0.12487 0.12487 0.00101 ( 5)  0.064  0.001
  86 S   0.12490 0.12490 0.12490 0.12490 0.12490 0.12490 0.12490 0.12490 0.00080 ( 1)  0.050  0.001
  87 E   0.12491 0.12491 0.12491 0.12491 0.12491 0.12491 0.12491 0.12491 0.00073 ( 5)  0.046  0.001
  88 P   0.12481 0.12481 0.12481 0.12481 0.12481 0.12481 0.12481 0.12481 0.00155 ( 6)  0.098  0.002
  89 V   0.12490 0.12490 0.12490 0.12490 0.12490 0.12490 0.12490 0.12490 0.00079 ( 3)  0.050  0.001
  90 E   0.12491 0.12491 0.12491 0.12491 0.12491 0.12491 0.12491 0.12491 0.00073 ( 5)  0.046  0.001
  91 T   0.12484 0.12484 0.12484 0.12484 0.12484 0.12484 0.12484 0.12484 0.00125 ( 5)  0.079  0.001
  92 Q   0.12488 0.12488 0.12488 0.12488 0.12488 0.12488 0.12488 0.12488 0.00092 ( 6)  0.058  0.001
  93 P   0.12471 0.12471 0.12471 0.12471 0.12471 0.12471 0.12471 0.12471 0.00229 ( 5)  0.145  0.002
  94 P   0.12481 0.12481 0.12481 0.12481 0.12481 0.12481 0.12481 0.12481 0.00150 ( 3)  0.095  0.001
  95 L   0.12487 0.12487 0.12487 0.12487 0.12487 0.12487 0.12487 0.12487 0.00106 ( 5)  0.067  0.001
  96 S   0.12489 0.12489 0.12489 0.12489 0.12489 0.12489 0.12489 0.12489 0.00085 ( 3)  0.054  0.001
  97 S   0.12489 0.12489 0.12489 0.12489 0.12489 0.12489 0.12489 0.12489 0.00085 ( 3)  0.054  0.001
  98 E   0.12491 0.12491 0.12491 0.12491 0.12491 0.12491 0.12491 0.12491 0.00073 ( 5)  0.046  0.001
  99 E   0.12491 0.12491 0.12491 0.12491 0.12491 0.12491 0.12491 0.12491 0.00073 ( 5)  0.046  0.001
 100 I   0.12490 0.12490 0.12490 0.12490 0.12490 0.12490 0.12490 0.12490 0.00084 ( 6)  0.053  0.001
 101 T   0.12492 0.12492 0.12492 0.12492 0.12492 0.12492 0.12492 0.12492 0.00066 ( 5)  0.042  0.001
 102 A   0.12489 0.12489 0.12489 0.12489 0.12489 0.12489 0.12489 0.12489 0.00084 ( 3)  0.053  0.001
 103 G   0.12474 0.12474 0.12474 0.12474 0.12474 0.12474 0.12474 0.12474 0.00211 ( 6)  0.134  0.002
 104 V   0.12490 0.12490 0.12490 0.12490 0.12490 0.12490 0.12490 0.12490 0.00079 ( 3)  0.050  0.001
 105 S   0.12485 0.12485 0.12485 0.12485 0.12485 0.12485 0.12485 0.12485 0.00116 ( 1)  0.074  0.001
 106 Q   0.12488 0.12488 0.12488 0.12488 0.12488 0.12488 0.12488 0.12488 0.00092 ( 6)  0.058  0.001
 107 A   0.12474 0.12474 0.12474 0.12474 0.12474 0.12474 0.12474 0.12474 0.00205 ( 3)  0.130  0.002
 108 N   0.12491 0.12491 0.12491 0.12491 0.12491 0.12491 0.12491 0.12491 0.00070 ( 1)  0.044  0.001
 109 E   0.12491 0.12491 0.12491 0.12491 0.12491 0.12491 0.12491 0.12491 0.00073 ( 5)  0.046  0.001
 110 N   0.12491 0.12491 0.12491 0.12491 0.12491 0.12491 0.12491 0.12491 0.00070 ( 1)  0.044  0.001
 111 L   0.12463 0.12463 0.12463 0.12463 0.12463 0.12463 0.12463 0.12463 0.00297 ( 5)  0.188  0.003
 112 V   0.12490 0.12490 0.12490 0.12490 0.12490 0.12490 0.12490 0.12490 0.00079 ( 3)  0.050  0.001
 113 Q   0.12481 0.12481 0.12481 0.12481 0.12481 0.12481 0.12481 0.12481 0.00154 ( 6)  0.098  0.002
 114 N   0.12491 0.12491 0.12491 0.12491 0.12491 0.12491 0.12491 0.12491 0.00070 ( 1)  0.044  0.001
 115 L   0.12463 0.12463 0.12463 0.12463 0.12463 0.12463 0.12463 0.12463 0.00297 ( 5)  0.188  0.003
 116 V   0.12490 0.12490 0.12490 0.12490 0.12490 0.12490 0.12490 0.12490 0.00079 ( 3)  0.050  0.001
 117 S   0.12489 0.12489 0.12489 0.12489 0.12489 0.12489 0.12489 0.12489 0.00085 ( 3)  0.054  0.001
 118 F   0.12491 0.12491 0.12491 0.12491 0.12491 0.12491 0.12491 0.12491 0.00073 ( 1)  0.046  0.001
 119 A   0.12482 0.12482 0.12482 0.12482 0.12482 0.12482 0.12482 0.12482 0.00147 ( 2)  0.093  0.001
 120 K   0.12484 0.12484 0.12484 0.12484 0.12484 0.12484 0.12484 0.12484 0.00128 ( 6)  0.081  0.001
 121 G   0.12487 0.12487 0.12487 0.12487 0.12487 0.12487 0.12487 0.12487 0.00106 ( 2)  0.067  0.001
 122 L   0.12463 0.12463 0.12463 0.12463 0.12463 0.12463 0.12463 0.12463 0.00297 ( 5)  0.188  0.003
 123 P   0.12471 0.12471 0.12471 0.12471 0.12471 0.12471 0.12471 0.12471 0.00229 ( 5)  0.145  0.002
 124 E   0.12491 0.12491 0.12491 0.12491 0.12491 0.12491 0.12491 0.12491 0.00073 ( 5)  0.046  0.001
 125 F   0.12491 0.12491 0.12491 0.12491 0.12491 0.12491 0.12491 0.12491 0.00073 ( 1)  0.046  0.001
 126 S   0.12485 0.12485 0.12485 0.12485 0.12485 0.12485 0.12485 0.12485 0.00116 ( 1)  0.074  0.001
 127 S   0.12490 0.12490 0.12490 0.12490 0.12490 0.12490 0.12490 0.12490 0.00080 ( 1)  0.050  0.001
 128 L   0.12484 0.12484 0.12484 0.12484 0.12484 0.12484 0.12484 0.12484 0.00126 ( 3)  0.080  0.001
 129 P   0.12481 0.12481 0.12481 0.12481 0.12481 0.12481 0.12481 0.12481 0.00155 ( 6)  0.098  0.002
 130 M   0.12495 0.12495 0.12495 0.12495 0.12495 0.12495 0.12495 0.12495 0.00042 ( 6)  0.027  0.000
 131 S   0.12486 0.12486 0.12486 0.12486 0.12486 0.12486 0.12486 0.12486 0.00111 ( 1)  0.071  0.001
 132 D   0.12490 0.12490 0.12490 0.12490 0.12490 0.12490 0.12490 0.12490 0.00080 ( 2)  0.051  0.001
 133 K   0.12484 0.12484 0.12484 0.12484 0.12484 0.12484 0.12484 0.12484 0.00128 ( 6)  0.081  0.001
 134 K   0.12492 0.12492 0.12492 0.12492 0.12492 0.12492 0.12492 0.12492 0.00062 ( 3)  0.039  0.001
 135 L   0.12482 0.12482 0.12482 0.12482 0.12482 0.12482 0.12482 0.12482 0.00142 ( 3)  0.090  0.001
 136 L   0.12487 0.12487 0.12487 0.12487 0.12487 0.12487 0.12487 0.12487 0.00106 ( 5)  0.067  0.001
 137 L   0.12484 0.12484 0.12484 0.12484 0.12484 0.12484 0.12484 0.12484 0.00126 ( 3)  0.080  0.001
 138 Q   0.12488 0.12488 0.12488 0.12488 0.12488 0.12488 0.12488 0.12488 0.00092 ( 6)  0.058  0.001
 139 H   0.12489 0.12489 0.12489 0.12489 0.12489 0.12489 0.12489 0.12489 0.00086 ( 3)  0.054  0.001
 140 H   0.12489 0.12489 0.12489 0.12489 0.12489 0.12489 0.12489 0.12489 0.00086 ( 3)  0.054  0.001
 141 W   0.12488 0.12488 0.12488 0.12488 0.12488 0.12488 0.12488 0.12488 0.00093 ( 3)  0.059  0.001
 142 L   0.12467 0.12467 0.12467 0.12467 0.12467 0.12467 0.12467 0.12467 0.00268 ( 2)  0.170  0.003
 143 G   0.12487 0.12487 0.12487 0.12487 0.12487 0.12487 0.12487 0.12487 0.00106 ( 2)  0.067  0.001
 144 L   0.12487 0.12487 0.12487 0.12487 0.12487 0.12487 0.12487 0.12487 0.00106 ( 5)  0.067  0.001
 145 N   0.12491 0.12491 0.12491 0.12491 0.12491 0.12491 0.12491 0.12491 0.00072 ( 3)  0.046  0.001
 146 V   0.12490 0.12490 0.12490 0.12490 0.12490 0.12490 0.12490 0.12490 0.00079 ( 3)  0.050  0.001
 147 W   0.12488 0.12488 0.12488 0.12488 0.12488 0.12488 0.12488 0.12488 0.00093 ( 3)  0.059  0.001
 148 E   0.12491 0.12491 0.12491 0.12491 0.12491 0.12491 0.12491 0.12491 0.00073 ( 5)  0.046  0.001
 149 I   0.12489 0.12489 0.12489 0.12489 0.12489 0.12489 0.12489 0.12489 0.00086 ( 6)  0.055  0.001
 150 S   0.12485 0.12485 0.12485 0.12485 0.12485 0.12485 0.12485 0.12485 0.00116 ( 1)  0.074  0.001
 151 N   0.12491 0.12491 0.12491 0.12491 0.12491 0.12491 0.12491 0.12491 0.00072 ( 3)  0.046  0.001
 152 N   0.12491 0.12491 0.12491 0.12491 0.12491 0.12491 0.12491 0.12491 0.00072 ( 3)  0.046  0.001
 153 S   0.12485 0.12485 0.12485 0.12485 0.12485 0.12485 0.12485 0.12485 0.00116 ( 1)  0.074  0.001
 154 V   0.12490 0.12490 0.12490 0.12490 0.12490 0.12490 0.12490 0.12490 0.00079 ( 3)  0.050  0.001
 155 P   0.12481 0.12481 0.12481 0.12481 0.12481 0.12481 0.12481 0.12481 0.00150 ( 3)  0.095  0.001
 156 Y   0.12486 0.12486 0.12486 0.12486 0.12486 0.12486 0.12486 0.12486 0.00110 ( 3)  0.070  0.001
 157 N   0.12491 0.12491 0.12491 0.12491 0.12491 0.12491 0.12491 0.12491 0.00070 ( 1)  0.044  0.001
 158 G   0.12487 0.12487 0.12487 0.12487 0.12487 0.12487 0.12487 0.12487 0.00106 ( 2)  0.067  0.001
 159 Y   0.12486 0.12486 0.12486 0.12486 0.12486 0.12486 0.12486 0.12486 0.00110 ( 3)  0.070  0.001
 160 I   0.12490 0.12490 0.12490 0.12490 0.12490 0.12490 0.12490 0.12490 0.00084 ( 6)  0.053  0.001
 161 R   0.12493 0.12493 0.12493 0.12493 0.12493 0.12493 0.12493 0.12493 0.00058 ( 5)  0.037  0.001
 162 F   0.12491 0.12491 0.12491 0.12491 0.12491 0.12491 0.12491 0.12491 0.00071 ( 5)  0.045  0.001
 163 S   0.12489 0.12489 0.12489 0.12489 0.12489 0.12489 0.12489 0.12489 0.00090 ( 6)  0.057  0.001
 164 D   0.12490 0.12490 0.12490 0.12490 0.12490 0.12490 0.12490 0.12490 0.00078 ( 1)  0.050  0.001
 165 T   0.12485 0.12485 0.12485 0.12485 0.12485 0.12485 0.12485 0.12485 0.00119 ( 5)  0.076  0.001
 166 F   0.12491 0.12491 0.12491 0.12491 0.12491 0.12491 0.12491 0.12491 0.00071 ( 5)  0.045  0.001
 167 R   0.12488 0.12488 0.12488 0.12488 0.12488 0.12488 0.12488 0.12488 0.00099 ( 5)  0.063  0.001
 168 L   0.12484 0.12484 0.12484 0.12484 0.12484 0.12484 0.12484 0.12484 0.00126 ( 3)  0.080  0.001
 169 H   0.12489 0.12489 0.12489 0.12489 0.12489 0.12489 0.12489 0.12489 0.00084 ( 3)  0.054  0.001
 170 E   0.12491 0.12491 0.12491 0.12491 0.12491 0.12491 0.12491 0.12491 0.00073 ( 5)  0.046  0.001
 171 S   0.12490 0.12490 0.12490 0.12490 0.12490 0.12490 0.12490 0.12490 0.00080 ( 1)  0.050  0.001
 172 H   0.12489 0.12489 0.12489 0.12489 0.12489 0.12489 0.12489 0.12489 0.00084 ( 3)  0.054  0.001
 173 S   0.12490 0.12490 0.12490 0.12490 0.12490 0.12490 0.12490 0.12490 0.00080 ( 1)  0.050  0.001
 174 S   0.12477 0.12477 0.12477 0.12477 0.12477 0.12477 0.12477 0.12477 0.00185 ( 2)  0.117  0.002
 175 Q   0.12399 0.12399 0.12399 0.12399 0.12399 0.12399 0.12399 0.12399 0.00809 ( 2)  0.513  0.008
 176 H   0.12489 0.12489 0.12489 0.12489 0.12489 0.12489 0.12489 0.12489 0.00084 ( 3)  0.054  0.001
 177 S   0.12490 0.12490 0.12490 0.12490 0.12490 0.12490 0.12490 0.12490 0.00080 ( 1)  0.050  0.001
 178 R   0.12488 0.12488 0.12488 0.12488 0.12488 0.12488 0.12488 0.12488 0.00094 ( 6)  0.059  0.001
 179 S   0.12470 0.12470 0.12470 0.12470 0.12470 0.12470 0.12470 0.12470 0.00238 ( 1)  0.151  0.002
 180 F   0.12491 0.12491 0.12491 0.12491 0.12491 0.12491 0.12491 0.12491 0.00073 ( 1)  0.046  0.001
 181 S   0.12485 0.12485 0.12485 0.12485 0.12485 0.12485 0.12485 0.12485 0.00116 ( 1)  0.074  0.001
 182 S   0.12489 0.12489 0.12489 0.12489 0.12489 0.12489 0.12489 0.12489 0.00090 ( 6)  0.057  0.001
 183 R   0.12470 0.12470 0.12470 0.12470 0.12470 0.12470 0.12470 0.12470 0.00242 ( 2)  0.154  0.002
 184 A   0.12482 0.12482 0.12482 0.12482 0.12482 0.12482 0.12482 0.12482 0.00147 ( 2)  0.093  0.001
 185 G   0.12487 0.12487 0.12487 0.12487 0.12487 0.12487 0.12487 0.12487 0.00106 ( 2)  0.067  0.001
 186 Q   0.12488 0.12488 0.12488 0.12488 0.12488 0.12488 0.12488 0.12488 0.00092 ( 6)  0.058  0.001
 187 Q   0.12488 0.12488 0.12488 0.12488 0.12488 0.12488 0.12488 0.12488 0.00092 ( 6)  0.058  0.001
 188 M   0.12495 0.12495 0.12495 0.12495 0.12495 0.12495 0.12495 0.12495 0.00042 ( 6)  0.027  0.000
 189 R   0.12488 0.12488 0.12488 0.12488 0.12488 0.12488 0.12488 0.12488 0.00094 ( 6)  0.059  0.001
 190 T   0.12492 0.12492 0.12492 0.12492 0.12492 0.12492 0.12492 0.12492 0.00066 ( 5)  0.042  0.001
 191 F   0.12491 0.12491 0.12491 0.12491 0.12491 0.12491 0.12491 0.12491 0.00073 ( 1)  0.046  0.001
 192 I   0.12490 0.12490 0.12490 0.12490 0.12490 0.12490 0.12490 0.12490 0.00084 ( 6)  0.053  0.001
 193 R   0.12488 0.12488 0.12488 0.12488 0.12488 0.12488 0.12488 0.12488 0.00099 ( 5)  0.063  0.001
 194 R   0.12474 0.12474 0.12474 0.12474 0.12474 0.12474 0.12474 0.12474 0.00211 ( 3)  0.134  0.002
 195 L   0.12463 0.12463 0.12463 0.12463 0.12463 0.12463 0.12463 0.12463 0.00297 ( 5)  0.188  0.003
 196 T   0.12485 0.12485 0.12485 0.12485 0.12485 0.12485 0.12485 0.12485 0.00119 ( 5)  0.076  0.001
 197 S   0.12485 0.12485 0.12485 0.12485 0.12485 0.12485 0.12485 0.12485 0.00116 ( 1)  0.074  0.001
 198 L   0.12484 0.12484 0.12484 0.12484 0.12484 0.12484 0.12484 0.12484 0.00126 ( 3)  0.080  0.001
 199 Q   0.12488 0.12488 0.12488 0.12488 0.12488 0.12488 0.12488 0.12488 0.00092 ( 6)  0.058  0.001
 200 V   0.12490 0.12490 0.12490 0.12490 0.12490 0.12490 0.12490 0.12490 0.00079 ( 3)  0.050  0.001
 201 T   0.12484 0.12484 0.12484 0.12484 0.12484 0.12484 0.12484 0.12484 0.00125 ( 5)  0.079  0.001
 202 R   0.12474 0.12474 0.12474 0.12474 0.12474 0.12474 0.12474 0.12474 0.00211 ( 3)  0.134  0.002
 203 L   0.12487 0.12487 0.12487 0.12487 0.12487 0.12487 0.12487 0.12487 0.00106 ( 5)  0.067  0.001
 204 E   0.12483 0.12483 0.12483 0.12483 0.12483 0.12483 0.12483 0.12483 0.00132 ( 5)  0.084  0.001
 205 F   0.12491 0.12491 0.12491 0.12491 0.12491 0.12491 0.12491 0.12491 0.00073 ( 1)  0.046  0.001
 206 L   0.12484 0.12484 0.12484 0.12484 0.12484 0.12484 0.12484 0.12484 0.00126 ( 3)  0.080  0.001
 207 L   0.12463 0.12463 0.12463 0.12463 0.12463 0.12463 0.12463 0.12463 0.00297 ( 5)  0.188  0.003
 208 L   0.12066 0.12066 0.12066 0.12066 0.12066 0.12066 0.12066 0.12066 0.03476 ( 6)  2.203  0.035
 209 K   0.12484 0.12484 0.12484 0.12484 0.12484 0.12484 0.12484 0.12484 0.00128 ( 6)  0.081  0.001
 210 A   0.12474 0.12474 0.12474 0.12474 0.12474 0.12474 0.12474 0.12474 0.00205 ( 3)  0.130  0.002
 211 I   0.12489 0.12489 0.12489 0.12489 0.12489 0.12489 0.12489 0.12489 0.00086 ( 6)  0.055  0.001
 212 F   0.12491 0.12491 0.12491 0.12491 0.12491 0.12491 0.12491 0.12491 0.00073 ( 1)  0.046  0.001
 213 L   0.12463 0.12463 0.12463 0.12463 0.12463 0.12463 0.12463 0.12463 0.00297 ( 5)  0.188  0.003
 214 L   0.12467 0.12467 0.12467 0.12467 0.12467 0.12467 0.12467 0.12467 0.00268 ( 2)  0.170  0.003
 215 D   0.12490 0.12490 0.12490 0.12490 0.12490 0.12490 0.12490 0.12490 0.00078 ( 1)  0.050  0.001
 216 A   0.12474 0.12474 0.12474 0.12474 0.12474 0.12474 0.12474 0.12474 0.00205 ( 3)  0.130  0.002
 217 D   0.12490 0.12490 0.12490 0.12490 0.12490 0.12490 0.12490 0.12490 0.00080 ( 2)  0.051  0.001
 218 A   0.12482 0.12482 0.12482 0.12482 0.12482 0.12482 0.12482 0.12482 0.00147 ( 2)  0.093  0.001
 219 Q   0.12481 0.12481 0.12481 0.12481 0.12481 0.12481 0.12481 0.12481 0.00154 ( 6)  0.098  0.002
 220 T   0.12485 0.12485 0.12485 0.12485 0.12485 0.12485 0.12485 0.12485 0.00119 ( 5)  0.076  0.001
 221 E   0.12483 0.12483 0.12483 0.12483 0.12483 0.12483 0.12483 0.12483 0.00132 ( 5)  0.084  0.001
 222 W   0.12488 0.12488 0.12488 0.12488 0.12488 0.12488 0.12488 0.12488 0.00093 ( 3)  0.059  0.001
 223 S   0.12490 0.12490 0.12490 0.12490 0.12490 0.12490 0.12490 0.12490 0.00080 ( 1)  0.050  0.001
 224 N   0.12491 0.12491 0.12491 0.12491 0.12491 0.12491 0.12491 0.12491 0.00072 ( 3)  0.046  0.001
 225 R   0.12474 0.12474 0.12474 0.12474 0.12474 0.12474 0.12474 0.12474 0.00211 ( 3)  0.134  0.002
 226 E   0.12483 0.12483 0.12483 0.12483 0.12483 0.12483 0.12483 0.12483 0.00132 ( 5)  0.084  0.001
 227 A   0.12398 0.12398 0.12398 0.12398 0.12398 0.12398 0.12398 0.12398 0.00818 ( 1)  0.519  0.008
 228 I   0.12490 0.12490 0.12490 0.12490 0.12490 0.12490 0.12490 0.12490 0.00084 ( 6)  0.053  0.001
 229 D   0.12421 0.12421 0.12421 0.12421 0.12421 0.12421 0.12421 0.12421 0.00634 ( 5)  0.402  0.006
 230 A   0.12478 0.12478 0.12478 0.12478 0.12478 0.12478 0.12478 0.12478 0.00179 ( 5)  0.113  0.002
 231 A   0.12482 0.12482 0.12482 0.12482 0.12482 0.12482 0.12482 0.12482 0.00147 ( 2)  0.093  0.001
 232 Q   0.12488 0.12488 0.12488 0.12488 0.12488 0.12488 0.12488 0.12488 0.00092 ( 6)  0.058  0.001
 233 N   0.12491 0.12491 0.12491 0.12491 0.12491 0.12491 0.12491 0.12491 0.00072 ( 3)  0.046  0.001
 234 C   0.12488 0.12488 0.12488 0.12488 0.12488 0.12488 0.12488 0.12488 0.00097 ( 3)  0.062  0.001
 235 Y   0.12486 0.12486 0.12486 0.12486 0.12486 0.12486 0.12486 0.12486 0.00115 ( 3)  0.073  0.001
 236 L   0.12487 0.12487 0.12487 0.12487 0.12487 0.12487 0.12487 0.12487 0.00106 ( 5)  0.067  0.001
 237 V   0.12482 0.12482 0.12482 0.12482 0.12482 0.12482 0.12482 0.12482 0.00140 ( 5)  0.089  0.001
 238 E   0.12491 0.12491 0.12491 0.12491 0.12491 0.12491 0.12491 0.12491 0.00073 ( 5)  0.046  0.001
 239 L   0.12484 0.12484 0.12484 0.12484 0.12484 0.12484 0.12484 0.12484 0.00126 ( 3)  0.080  0.001
 240 A   0.12482 0.12482 0.12482 0.12482 0.12482 0.12482 0.12482 0.12482 0.00142 ( 1)  0.090  0.001
 241 K   0.12492 0.12492 0.12492 0.12492 0.12492 0.12492 0.12492 0.12492 0.00062 ( 3)  0.039  0.001
 242 V   0.12490 0.12490 0.12490 0.12490 0.12490 0.12490 0.12490 0.12490 0.00079 ( 3)  0.050  0.001
 243 C   0.12488 0.12488 0.12488 0.12488 0.12488 0.12488 0.12488 0.12488 0.00097 ( 3)  0.062  0.001
 244 G   0.12474 0.12474 0.12474 0.12474 0.12474 0.12474 0.12474 0.12474 0.00211 ( 6)  0.134  0.002
 245 D   0.12490 0.12490 0.12490 0.12490 0.12490 0.12490 0.12490 0.12490 0.00080 ( 2)  0.051  0.001
 246 P   0.12395 0.12395 0.12395 0.12395 0.12395 0.12395 0.12395 0.12395 0.00840 ( 5)  0.532  0.008
 247 T   0.12485 0.12485 0.12485 0.12485 0.12485 0.12485 0.12485 0.12485 0.00119 ( 5)  0.076  0.001
 248 R   0.12494 0.12494 0.12494 0.12494 0.12494 0.12494 0.12494 0.12494 0.00049 ( 3)  0.031  0.000
 249 K   0.12492 0.12492 0.12492 0.12492 0.12492 0.12492 0.12492 0.12492 0.00062 ( 3)  0.039  0.001
 250 S   0.12489 0.12489 0.12489 0.12489 0.12489 0.12489 0.12489 0.12489 0.00085 ( 3)  0.054  0.001
 251 T   0.12478 0.12478 0.12478 0.12478 0.12478 0.12478 0.12478 0.12478 0.00173 ( 6)  0.110  0.002
 252 L   0.12484 0.12484 0.12484 0.12484 0.12484 0.12484 0.12484 0.12484 0.00126 ( 3)  0.080  0.001
 253 L   0.12482 0.12482 0.12482 0.12482 0.12482 0.12482 0.12482 0.12482 0.00142 ( 3)  0.090  0.001
 254 M   0.12495 0.12495 0.12495 0.12495 0.12495 0.12495 0.12495 0.12495 0.00042 ( 6)  0.027  0.000
 255 L   0.12484 0.12484 0.12484 0.12484 0.12484 0.12484 0.12484 0.12484 0.00126 ( 3)  0.080  0.001
 256 F   0.12491 0.12491 0.12491 0.12491 0.12491 0.12491 0.12491 0.12491 0.00073 ( 1)  0.046  0.001
 257 G   0.12487 0.12487 0.12487 0.12487 0.12487 0.12487 0.12487 0.12487 0.00106 ( 2)  0.067  0.001
 258 T   0.12485 0.12485 0.12485 0.12485 0.12485 0.12485 0.12485 0.12485 0.00119 ( 5)  0.076  0.001
 259 L   0.12484 0.12484 0.12484 0.12484 0.12484 0.12484 0.12484 0.12484 0.00126 ( 3)  0.080  0.001
 260 S   0.12470 0.12470 0.12470 0.12470 0.12470 0.12470 0.12470 0.12470 0.00238 ( 1)  0.151  0.002
 261 A   0.12489 0.12489 0.12489 0.12489 0.12489 0.12489 0.12489 0.12489 0.00084 ( 3)  0.053  0.001
 262 M   0.12495 0.12495 0.12495 0.12495 0.12495 0.12495 0.12495 0.12495 0.00042 ( 6)  0.027  0.000
 263 K   0.12492 0.12492 0.12492 0.12492 0.12492 0.12492 0.12492 0.12492 0.00062 ( 3)  0.039  0.001
 264 I   0.12489 0.12489 0.12489 0.12489 0.12489 0.12489 0.12489 0.12489 0.00086 ( 6)  0.055  0.001
 265 H   0.12489 0.12489 0.12489 0.12489 0.12489 0.12489 0.12489 0.12489 0.00084 ( 3)  0.054  0.001
 266 S   0.12485 0.12485 0.12485 0.12485 0.12485 0.12485 0.12485 0.12485 0.00116 ( 1)  0.074  0.001
 267 V   0.12490 0.12490 0.12490 0.12490 0.12490 0.12490 0.12490 0.12490 0.00079 ( 3)  0.050  0.001
 268 G   0.12474 0.12474 0.12474 0.12474 0.12474 0.12474 0.12474 0.12474 0.00211 ( 6)  0.134  0.002
 269 F   0.12491 0.12491 0.12491 0.12491 0.12491 0.12491 0.12491 0.12491 0.00071 ( 5)  0.045  0.001
 270 W   0.12488 0.12488 0.12488 0.12488 0.12488 0.12488 0.12488 0.12488 0.00093 ( 3)  0.059  0.001
 271 A   0.12482 0.12482 0.12482 0.12482 0.12482 0.12482 0.12482 0.12482 0.00142 ( 1)  0.090  0.001
 272 S   0.12470 0.12470 0.12470 0.12470 0.12470 0.12470 0.12470 0.12470 0.00238 ( 1)  0.151  0.002
 273 V   0.12482 0.12482 0.12482 0.12482 0.12482 0.12482 0.12482 0.12482 0.00140 ( 5)  0.089  0.001
 274 I   0.12489 0.12489 0.12489 0.12489 0.12489 0.12489 0.12489 0.12489 0.00086 ( 6)  0.055  0.001
 275 E   0.12491 0.12491 0.12491 0.12491 0.12491 0.12491 0.12491 0.12491 0.00073 ( 5)  0.046  0.001
 276 R   0.12493 0.12493 0.12493 0.12493 0.12493 0.12493 0.12493 0.12493 0.00058 ( 5)  0.037  0.001
 277 T   0.12492 0.12492 0.12492 0.12492 0.12492 0.12492 0.12492 0.12492 0.00066 ( 5)  0.042  0.001
 278 K   0.12492 0.12492 0.12492 0.12492 0.12492 0.12492 0.12492 0.12492 0.00062 ( 3)  0.039  0.001
 279 Y   0.12486 0.12486 0.12486 0.12486 0.12486 0.12486 0.12486 0.12486 0.00115 ( 3)  0.073  0.001
 280 L   0.12484 0.12484 0.12484 0.12484 0.12484 0.12484 0.12484 0.12484 0.00126 ( 3)  0.080  0.001
 281 P   0.12474 0.12474 0.12474 0.12474 0.12474 0.12474 0.12474 0.12474 0.00209 ( 6)  0.132  0.002
 282 Q   0.12488 0.12488 0.12488 0.12488 0.12488 0.12488 0.12488 0.12488 0.00092 ( 6)  0.058  0.001
 283 P   0.12487 0.12487 0.12487 0.12487 0.12487 0.12487 0.12487 0.12487 0.00101 ( 5)  0.064  0.001
 284 L   0.12463 0.12463 0.12463 0.12463 0.12463 0.12463 0.12463 0.12463 0.00297 ( 5)  0.188  0.003
 285 L   0.12484 0.12484 0.12484 0.12484 0.12484 0.12484 0.12484 0.12484 0.00126 ( 3)  0.080  0.001
 286 S   0.12486 0.12486 0.12486 0.12486 0.12486 0.12486 0.12486 0.12486 0.00111 ( 1)  0.071  0.001
 287 E   0.12491 0.12491 0.12491 0.12491 0.12491 0.12491 0.12491 0.12491 0.00073 ( 5)  0.046  0.001
 288 M   0.12495 0.12495 0.12495 0.12495 0.12495 0.12495 0.12495 0.12495 0.00042 ( 6)  0.027  0.000
 289 L   0.12484 0.12484 0.12484 0.12484 0.12484 0.12484 0.12484 0.12484 0.00126 ( 3)  0.080  0.001
 290 E   0.12483 0.12483 0.12483 0.12483 0.12483 0.12483 0.12483 0.12483 0.00132 ( 5)  0.084  0.001
 291 F   0.12491 0.12491 0.12491 0.12491 0.12491 0.12491 0.12491 0.12491 0.00071 ( 5)  0.045  0.001
 292 S   0.12355 0.12355 0.12355 0.12355 0.12355 0.12355 0.12355 0.12355 0.01157 ( 6)  0.733  0.012
 293 L   0.12467 0.12467 0.12467 0.12467 0.12467 0.12467 0.12467 0.12467 0.00268 ( 2)  0.170  0.003
 294 K   0.00000 0.00000 0.00000 0.00000 0.00000 0.00000 0.00000 0.00000 1.00000 ( 9) 63.373  1.000
 295 P   0.00000 0.00000 0.00000 0.00000 0.00000 0.00000 0.00000 0.00000 1.00000 ( 9) 63.373  1.000
 296 Q   0.00000 0.00000 0.00000 0.00000 0.00000 0.00000 0.00000 0.00000 1.00000 ( 9) 63.373  1.000
 297 E   0.00000 0.00000 0.00000 0.00000 0.00000 0.00000 0.00000 0.00000 1.00000 ( 9) 63.373  1.000

Positively selected sites

	Prob(w>1)  mean w

    33 E      1.000**       63.373
    46 L      1.000**       63.373
   294 K      1.000**       63.373
   295 P      1.000**       63.373
   296 Q      1.000**       63.373
   297 E      1.000**       63.373


lnL = -1309.290408

Bayes Empirical Bayes (BEB) probabilities for 11 classes (class) & postmean_w
(amino acids refer to 1st sequence: Mlig.48751)

   1 M   0.72474 0.07555 0.04757 0.03448 0.02650 0.02095 0.01675 0.01338 0.01059 0.00979 0.01971 ( 1)  0.279 +-  1.078
   2 R   0.70596 0.07408 0.04708 0.03444 0.02673 0.02133 0.01722 0.01389 0.01110 0.01035 0.03782 ( 1)  0.431 +-  1.546
   3 P   0.71013 0.07442 0.04721 0.03448 0.02671 0.02128 0.01714 0.01381 0.01102 0.01025 0.03354 ( 1)  0.395 +-  1.449
   4 E   0.71985 0.07518 0.04747 0.03451 0.02660 0.02109 0.01690 0.01355 0.01076 0.00997 0.02413 ( 1)  0.316 +-  1.208
   5 L   0.71281 0.07464 0.04730 0.03451 0.02670 0.02124 0.01710 0.01375 0.01096 0.01019 0.03080 ( 1)  0.372 +-  1.382
   6 I   0.71451 0.07478 0.04735 0.03452 0.02669 0.02122 0.01706 0.01371 0.01092 0.01014 0.02911 ( 1)  0.357 +-  1.340
   7 R   0.71537 0.07485 0.04739 0.03454 0.02669 0.02122 0.01706 0.01370 0.01091 0.01013 0.02815 ( 1)  0.349 +-  1.314
   8 S   0.71316 0.07467 0.04732 0.03451 0.02670 0.02124 0.01709 0.01375 0.01096 0.01018 0.03041 ( 1)  0.368 +-  1.372
   9 S   0.71316 0.07467 0.04732 0.03451 0.02670 0.02124 0.01709 0.01375 0.01096 0.01018 0.03041 ( 1)  0.368 +-  1.372
  10 G   0.71736 0.07501 0.04744 0.03454 0.02667 0.02117 0.01700 0.01365 0.01086 0.01007 0.02624 ( 1)  0.333 +-  1.264
  11 T   0.71227 0.07460 0.04729 0.03451 0.02671 0.02126 0.01711 0.01377 0.01098 0.01021 0.03131 ( 1)  0.376 +-  1.394
  12 A   0.71311 0.07466 0.04731 0.03451 0.02669 0.02124 0.01709 0.01374 0.01095 0.01018 0.03052 ( 1)  0.369 +-  1.375
  13 A   0.70939 0.07436 0.04719 0.03448 0.02672 0.02129 0.01716 0.01382 0.01104 0.01027 0.03427 ( 1)  0.401 +-  1.465
  14 A   0.71311 0.07466 0.04731 0.03451 0.02669 0.02124 0.01709 0.01374 0.01095 0.01018 0.03052 ( 1)  0.369 +-  1.375
  15 D   0.71601 0.07490 0.04740 0.03453 0.02668 0.02119 0.01703 0.01368 0.01089 0.01011 0.02759 ( 1)  0.345 +-  1.300
  16 A   0.71267 0.07463 0.04730 0.03451 0.02670 0.02124 0.01710 0.01375 0.01096 0.01019 0.03095 ( 1)  0.373 +-  1.386
  17 S   0.71273 0.07464 0.04730 0.03451 0.02670 0.02125 0.01710 0.01376 0.01097 0.01019 0.03085 ( 1)  0.372 +-  1.383
  18 A   0.71267 0.07463 0.04730 0.03451 0.02670 0.02124 0.01710 0.01375 0.01096 0.01019 0.03095 ( 1)  0.373 +-  1.386
  19 T   0.71270 0.07463 0.04730 0.03451 0.02670 0.02125 0.01710 0.01376 0.01097 0.01019 0.03088 ( 1)  0.372 +-  1.384
  20 A   0.71267 0.07463 0.04730 0.03451 0.02670 0.02124 0.01710 0.01375 0.01096 0.01019 0.03095 ( 1)  0.373 +-  1.386
  21 N   0.71481 0.07481 0.04737 0.03453 0.02669 0.02122 0.01706 0.01371 0.01092 0.01014 0.02873 ( 1)  0.354 +-  1.329
  22 P   0.71013 0.07442 0.04721 0.03448 0.02671 0.02128 0.01714 0.01381 0.01102 0.01025 0.03354 ( 1)  0.395 +-  1.449
  23 Q   0.71785 0.07503 0.04743 0.03451 0.02664 0.02114 0.01697 0.01361 0.01082 0.01004 0.02596 ( 1)  0.331 +-  1.258
  24 P   0.72140 0.07529 0.04748 0.03447 0.02654 0.02102 0.01683 0.01347 0.01069 0.00989 0.02291 ( 1)  0.306 +-  1.176
  25 L   0.71281 0.07464 0.04730 0.03451 0.02670 0.02124 0.01710 0.01375 0.01096 0.01019 0.03080 ( 1)  0.372 +-  1.382
  26 E   0.71985 0.07518 0.04747 0.03451 0.02660 0.02109 0.01690 0.01355 0.01076 0.00997 0.02413 ( 1)  0.316 +-  1.208
  27 Q   0.71785 0.07503 0.04743 0.03451 0.02664 0.02114 0.01697 0.01361 0.01082 0.01004 0.02596 ( 1)  0.331 +-  1.258
  28 P   0.71352 0.07469 0.04732 0.03451 0.02669 0.02123 0.01707 0.01373 0.01094 0.01016 0.03015 ( 1)  0.366 +-  1.367
  29 Q   0.71785 0.07503 0.04743 0.03451 0.02664 0.02114 0.01697 0.01361 0.01082 0.01004 0.02596 ( 1)  0.331 +-  1.258
  30 P   0.72140 0.07529 0.04748 0.03447 0.02654 0.02102 0.01683 0.01347 0.01069 0.00989 0.02291 ( 1)  0.306 +-  1.176
  31 V   0.71314 0.07467 0.04731 0.03451 0.02669 0.02124 0.01709 0.01374 0.01095 0.01018 0.03048 ( 1)  0.369 +-  1.374
  32 Q   0.71785 0.07503 0.04743 0.03451 0.02664 0.02114 0.01697 0.01361 0.01082 0.01004 0.02596 ( 1)  0.331 +-  1.258
  33 E   0.10326 0.02994 0.03103 0.03125 0.03072 0.02957 0.02786 0.02562 0.02293 0.02316 0.64468 (11)  5.496 +-  4.115
  34 D   0.71601 0.07490 0.04740 0.03453 0.02668 0.02119 0.01703 0.01368 0.01089 0.01011 0.02759 ( 1)  0.345 +-  1.300
  35 Q   0.71785 0.07503 0.04743 0.03451 0.02664 0.02114 0.01697 0.01361 0.01082 0.01004 0.02596 ( 1)  0.331 +-  1.258
  36 S   0.71273 0.07464 0.04730 0.03451 0.02670 0.02125 0.01710 0.01376 0.01097 0.01019 0.03085 ( 1)  0.372 +-  1.383
  37 L   0.71651 0.07492 0.04739 0.03450 0.02664 0.02115 0.01699 0.01364 0.01085 0.01007 0.02735 ( 1)  0.343 +-  1.296
  38 G   0.70642 0.07412 0.04710 0.03445 0.02673 0.02133 0.01721 0.01388 0.01110 0.01034 0.03732 ( 1)  0.427 +-  1.535
  39 F   0.71608 0.07491 0.04740 0.03453 0.02668 0.02120 0.01703 0.01368 0.01089 0.01011 0.02749 ( 1)  0.344 +-  1.297
  40 L   0.71353 0.07470 0.04732 0.03451 0.02669 0.02123 0.01707 0.01373 0.01094 0.01016 0.03014 ( 1)  0.366 +-  1.366
  41 N   0.71518 0.07484 0.04738 0.03453 0.02669 0.02121 0.01705 0.01370 0.01091 0.01013 0.02837 ( 1)  0.351 +-  1.320
  42 H   0.71685 0.07496 0.04742 0.03453 0.02666 0.02117 0.01701 0.01365 0.01086 0.01008 0.02682 ( 1)  0.338 +-  1.280
  43 D   0.71601 0.07490 0.04740 0.03453 0.02668 0.02119 0.01703 0.01368 0.01089 0.01011 0.02759 ( 1)  0.345 +-  1.300
  44 P   0.72140 0.07529 0.04748 0.03447 0.02654 0.02102 0.01683 0.01347 0.01069 0.00989 0.02291 ( 1)  0.306 +-  1.176
  45 K   0.71020 0.07443 0.04723 0.03450 0.02672 0.02129 0.01715 0.01381 0.01103 0.01026 0.03338 ( 1)  0.393 +-  1.444
  46 L   0.09364 0.02738 0.02849 0.02878 0.02838 0.02740 0.02589 0.02388 0.02143 0.02174 0.67298 (11)  5.729 +-  4.060
  47 A   0.71267 0.07463 0.04730 0.03451 0.02670 0.02124 0.01710 0.01375 0.01096 0.01019 0.03095 ( 1)  0.373 +-  1.386
  48 D   0.71601 0.07490 0.04740 0.03453 0.02668 0.02119 0.01703 0.01368 0.01089 0.01011 0.02759 ( 1)  0.345 +-  1.300
  49 T   0.70902 0.07433 0.04718 0.03448 0.02672 0.02130 0.01717 0.01383 0.01105 0.01028 0.03462 ( 1)  0.404 +-  1.473
  50 G   0.71002 0.07442 0.04722 0.03450 0.02673 0.02129 0.01716 0.01382 0.01103 0.01027 0.03355 ( 1)  0.395 +-  1.448
  51 L   0.71651 0.07492 0.04739 0.03450 0.02664 0.02115 0.01699 0.01364 0.01085 0.01007 0.02735 ( 1)  0.343 +-  1.296
  52 F   0.71608 0.07491 0.04740 0.03453 0.02668 0.02120 0.01703 0.01368 0.01089 0.01011 0.02749 ( 1)  0.344 +-  1.297
  53 Q   0.71012 0.07442 0.04722 0.03449 0.02672 0.02129 0.01715 0.01381 0.01103 0.01026 0.03348 ( 1)  0.394 +-  1.446
  54 P   0.72140 0.07529 0.04748 0.03447 0.02654 0.02102 0.01683 0.01347 0.01069 0.00989 0.02291 ( 1)  0.306 +-  1.176
  55 L   0.71397 0.07473 0.04733 0.03451 0.02668 0.02122 0.01706 0.01372 0.01093 0.01015 0.02971 ( 1)  0.363 +-  1.355
  56 V   0.71314 0.07467 0.04731 0.03451 0.02669 0.02124 0.01709 0.01374 0.01095 0.01018 0.03048 ( 1)  0.369 +-  1.374
  57 E   0.71985 0.07518 0.04747 0.03451 0.02660 0.02109 0.01690 0.01355 0.01076 0.00997 0.02413 ( 1)  0.316 +-  1.208
  58 P   0.72140 0.07529 0.04748 0.03447 0.02654 0.02102 0.01683 0.01347 0.01069 0.00989 0.02291 ( 1)  0.306 +-  1.176
  59 R   0.71190 0.07457 0.04728 0.03451 0.02672 0.02127 0.01713 0.01378 0.01099 0.01022 0.03163 ( 1)  0.379 +-  1.401
  60 H   0.71685 0.07496 0.04742 0.03453 0.02666 0.02117 0.01701 0.01365 0.01086 0.01008 0.02682 ( 1)  0.338 +-  1.280
  61 Q   0.71785 0.07503 0.04743 0.03451 0.02664 0.02114 0.01697 0.01361 0.01082 0.01004 0.02596 ( 1)  0.331 +-  1.258
  62 L   0.70674 0.07414 0.04710 0.03445 0.02672 0.02132 0.01720 0.01387 0.01108 0.01033 0.03706 ( 1)  0.425 +-  1.530
  63 K   0.71020 0.07443 0.04723 0.03450 0.02672 0.02129 0.01715 0.01381 0.01103 0.01026 0.03338 ( 1)  0.393 +-  1.444
  64 A   0.71267 0.07463 0.04730 0.03451 0.02670 0.02124 0.01710 0.01375 0.01096 0.01019 0.03095 ( 1)  0.373 +-  1.386
  65 D   0.71601 0.07490 0.04740 0.03453 0.02668 0.02119 0.01703 0.01368 0.01089 0.01011 0.02759 ( 1)  0.345 +-  1.300
  66 S   0.71081 0.07449 0.04725 0.03451 0.02673 0.02129 0.01715 0.01381 0.01102 0.01025 0.03271 ( 1)  0.388 +-  1.427
  67 P   0.71352 0.07469 0.04732 0.03451 0.02669 0.02123 0.01707 0.01373 0.01094 0.01016 0.03015 ( 1)  0.366 +-  1.367
  68 L   0.71281 0.07464 0.04730 0.03451 0.02670 0.02124 0.01710 0.01375 0.01096 0.01019 0.03080 ( 1)  0.372 +-  1.382
  69 L   0.71397 0.07473 0.04733 0.03451 0.02668 0.02122 0.01706 0.01372 0.01093 0.01015 0.02971 ( 1)  0.363 +-  1.355
  70 Y   0.71214 0.07459 0.04728 0.03451 0.02671 0.02126 0.01711 0.01377 0.01098 0.01021 0.03144 ( 1)  0.377 +-  1.397
  71 R   0.71190 0.07457 0.04728 0.03451 0.02672 0.02127 0.01713 0.01378 0.01099 0.01022 0.03163 ( 1)  0.379 +-  1.401
  72 L   0.71651 0.07492 0.04739 0.03450 0.02664 0.02115 0.01699 0.01364 0.01085 0.01007 0.02735 ( 1)  0.343 +-  1.296
  73 Q   0.71012 0.07442 0.04722 0.03449 0.02672 0.02129 0.01715 0.01381 0.01103 0.01026 0.03348 ( 1)  0.394 +-  1.446
  74 Q   0.71785 0.07503 0.04743 0.03451 0.02664 0.02114 0.01697 0.01361 0.01082 0.01004 0.02596 ( 1)  0.331 +-  1.258
  75 L   0.71281 0.07464 0.04730 0.03451 0.02670 0.02124 0.01710 0.01375 0.01096 0.01019 0.03080 ( 1)  0.372 +-  1.382
  76 D   0.71601 0.07490 0.04740 0.03453 0.02668 0.02119 0.01703 0.01368 0.01089 0.01011 0.02759 ( 1)  0.345 +-  1.300
  77 S   0.71273 0.07464 0.04730 0.03451 0.02670 0.02125 0.01710 0.01376 0.01097 0.01019 0.03085 ( 1)  0.372 +-  1.383
  78 P   0.72140 0.07529 0.04748 0.03447 0.02654 0.02102 0.01683 0.01347 0.01069 0.00989 0.02291 ( 1)  0.306 +-  1.176
  79 L   0.71651 0.07492 0.04739 0.03450 0.02664 0.02115 0.01699 0.01364 0.01085 0.01007 0.02735 ( 1)  0.343 +-  1.296
  80 D   0.71565 0.07487 0.04739 0.03453 0.02668 0.02120 0.01704 0.01369 0.01090 0.01012 0.02794 ( 1)  0.348 +-  1.309
  81 Q   0.71785 0.07503 0.04743 0.03451 0.02664 0.02114 0.01697 0.01361 0.01082 0.01004 0.02596 ( 1)  0.331 +-  1.258
  82 L   0.71651 0.07492 0.04739 0.03450 0.02664 0.02115 0.01699 0.01364 0.01085 0.01007 0.02735 ( 1)  0.343 +-  1.296
  83 P   0.71013 0.07442 0.04721 0.03448 0.02671 0.02128 0.01714 0.01381 0.01102 0.01025 0.03354 ( 1)  0.395 +-  1.449
  84 P   0.71013 0.07442 0.04721 0.03448 0.02671 0.02128 0.01714 0.01381 0.01102 0.01025 0.03354 ( 1)  0.395 +-  1.449
  85 P   0.72140 0.07529 0.04748 0.03447 0.02654 0.02102 0.01683 0.01347 0.01069 0.00989 0.02291 ( 1)  0.306 +-  1.176
  86 S   0.71872 0.07510 0.04745 0.03451 0.02662 0.02112 0.01694 0.01358 0.01080 0.01001 0.02515 ( 1)  0.324 +-  1.236
  87 E   0.71985 0.07518 0.04747 0.03451 0.02660 0.02109 0.01690 0.01355 0.01076 0.00997 0.02413 ( 1)  0.316 +-  1.208
  88 P   0.71352 0.07469 0.04732 0.03451 0.02669 0.02123 0.01707 0.01373 0.01094 0.01016 0.03015 ( 1)  0.366 +-  1.367
  89 V   0.72058 0.07524 0.04748 0.03450 0.02658 0.02106 0.01688 0.01352 0.01073 0.00994 0.02350 ( 1)  0.311 +-  1.191
  90 E   0.71985 0.07518 0.04747 0.03451 0.02660 0.02109 0.01690 0.01355 0.01076 0.00997 0.02413 ( 1)  0.316 +-  1.208
  91 T   0.71227 0.07460 0.04729 0.03451 0.02671 0.02126 0.01711 0.01377 0.01098 0.01021 0.03131 ( 1)  0.376 +-  1.394
  92 Q   0.71785 0.07503 0.04743 0.03451 0.02664 0.02114 0.01697 0.01361 0.01082 0.01004 0.02596 ( 1)  0.331 +-  1.258
  93 P   0.71013 0.07442 0.04721 0.03448 0.02671 0.02128 0.01714 0.01381 0.01102 0.01025 0.03354 ( 1)  0.395 +-  1.449
  94 P   0.71396 0.07473 0.04733 0.03451 0.02668 0.02122 0.01706 0.01372 0.01093 0.01015 0.02972 ( 1)  0.363 +-  1.356
  95 L   0.71281 0.07464 0.04730 0.03451 0.02670 0.02124 0.01710 0.01375 0.01096 0.01019 0.03080 ( 1)  0.372 +-  1.382
  96 S   0.71081 0.07449 0.04725 0.03451 0.02673 0.02129 0.01715 0.01381 0.01102 0.01025 0.03271 ( 1)  0.388 +-  1.427
  97 S   0.71081 0.07449 0.04725 0.03451 0.02673 0.02129 0.01715 0.01381 0.01102 0.01025 0.03271 ( 1)  0.388 +-  1.427
  98 E   0.71985 0.07518 0.04747 0.03451 0.02660 0.02109 0.01690 0.01355 0.01076 0.00997 0.02413 ( 1)  0.316 +-  1.208
  99 E   0.71985 0.07518 0.04747 0.03451 0.02660 0.02109 0.01690 0.01355 0.01076 0.00997 0.02413 ( 1)  0.316 +-  1.208
 100 I   0.71508 0.07483 0.04737 0.03453 0.02669 0.02121 0.01705 0.01370 0.01091 0.01013 0.02849 ( 1)  0.352 +-  1.323
 101 T   0.72012 0.07521 0.04749 0.03451 0.02660 0.02109 0.01691 0.01355 0.01076 0.00996 0.02380 ( 1)  0.313 +-  1.199
 102 A   0.72051 0.07523 0.04748 0.03450 0.02658 0.02106 0.01688 0.01352 0.01073 0.00994 0.02357 ( 1)  0.311 +-  1.193
 103 G   0.70642 0.07412 0.04710 0.03445 0.02673 0.02133 0.01721 0.01388 0.01110 0.01034 0.03732 ( 1)  0.427 +-  1.535
 104 V   0.72058 0.07524 0.04748 0.03450 0.02658 0.02106 0.01688 0.01352 0.01073 0.00994 0.02350 ( 1)  0.311 +-  1.191
 105 S   0.71273 0.07464 0.04730 0.03451 0.02670 0.02125 0.01710 0.01376 0.01097 0.01019 0.03085 ( 1)  0.372 +-  1.383
 106 Q   0.71785 0.07503 0.04743 0.03451 0.02664 0.02114 0.01697 0.01361 0.01082 0.01004 0.02596 ( 1)  0.331 +-  1.258
 107 A   0.70939 0.07436 0.04719 0.03448 0.02672 0.02129 0.01716 0.01382 0.01104 0.01027 0.03427 ( 1)  0.401 +-  1.465
 108 N   0.71518 0.07484 0.04738 0.03453 0.02669 0.02121 0.01705 0.01370 0.01091 0.01013 0.02837 ( 1)  0.351 +-  1.320
 109 E   0.71985 0.07518 0.04747 0.03451 0.02660 0.02109 0.01690 0.01355 0.01076 0.00997 0.02413 ( 1)  0.316 +-  1.208
 110 N   0.71518 0.07484 0.04738 0.03453 0.02669 0.02121 0.01705 0.01370 0.01091 0.01013 0.02837 ( 1)  0.351 +-  1.320
 111 L   0.70674 0.07414 0.04710 0.03445 0.02672 0.02132 0.01720 0.01387 0.01108 0.01033 0.03706 ( 1)  0.425 +-  1.530
 112 V   0.72058 0.07524 0.04748 0.03450 0.02658 0.02106 0.01688 0.01352 0.01073 0.00994 0.02350 ( 1)  0.311 +-  1.191
 113 Q   0.71012 0.07442 0.04722 0.03449 0.02672 0.02129 0.01715 0.01381 0.01103 0.01026 0.03348 ( 1)  0.394 +-  1.446
 114 N   0.71518 0.07484 0.04738 0.03453 0.02669 0.02121 0.01705 0.01370 0.01091 0.01013 0.02837 ( 1)  0.351 +-  1.320
 115 L   0.70674 0.07414 0.04710 0.03445 0.02672 0.02132 0.01720 0.01387 0.01108 0.01033 0.03706 ( 1)  0.425 +-  1.530
 116 V   0.72058 0.07524 0.04748 0.03450 0.02658 0.02106 0.01688 0.01352 0.01073 0.00994 0.02350 ( 1)  0.311 +-  1.191
 117 S   0.71081 0.07449 0.04725 0.03451 0.02673 0.02129 0.01715 0.01381 0.01102 0.01025 0.03271 ( 1)  0.388 +-  1.427
 118 F   0.71608 0.07491 0.04740 0.03453 0.02668 0.02120 0.01703 0.01368 0.01089 0.01011 0.02749 ( 1)  0.344 +-  1.297
 119 A   0.71267 0.07463 0.04730 0.03451 0.02670 0.02124 0.01710 0.01375 0.01096 0.01019 0.03095 ( 1)  0.373 +-  1.386
 120 K   0.71020 0.07443 0.04723 0.03450 0.02672 0.02129 0.01715 0.01381 0.01103 0.01026 0.03338 ( 1)  0.393 +-  1.444
 121 G   0.71041 0.07445 0.04724 0.03450 0.02672 0.02129 0.01715 0.01381 0.01102 0.01026 0.03314 ( 1)  0.391 +-  1.438
 122 L   0.70674 0.07414 0.04710 0.03445 0.02672 0.02132 0.01720 0.01387 0.01108 0.01033 0.03706 ( 1)  0.425 +-  1.530
 123 P   0.71013 0.07442 0.04721 0.03448 0.02671 0.02128 0.01714 0.01381 0.01102 0.01025 0.03354 ( 1)  0.395 +-  1.449
 124 E   0.71985 0.07518 0.04747 0.03451 0.02660 0.02109 0.01690 0.01355 0.01076 0.00997 0.02413 ( 1)  0.316 +-  1.208
 125 F   0.71608 0.07491 0.04740 0.03453 0.02668 0.02120 0.01703 0.01368 0.01089 0.01011 0.02749 ( 1)  0.344 +-  1.297
 126 S   0.71273 0.07464 0.04730 0.03451 0.02670 0.02125 0.01710 0.01376 0.01097 0.01019 0.03085 ( 1)  0.372 +-  1.383
 127 S   0.71872 0.07510 0.04745 0.03451 0.02662 0.02112 0.01694 0.01358 0.01080 0.01001 0.02515 ( 1)  0.324 +-  1.236
 128 L   0.71651 0.07492 0.04739 0.03450 0.02664 0.02115 0.01699 0.01364 0.01085 0.01007 0.02735 ( 1)  0.343 +-  1.296
 129 P   0.71352 0.07469 0.04732 0.03451 0.02669 0.02123 0.01707 0.01373 0.01094 0.01016 0.03015 ( 1)  0.366 +-  1.367
 130 M   0.72474 0.07555 0.04757 0.03448 0.02650 0.02095 0.01675 0.01338 0.01059 0.00979 0.01971 ( 1)  0.279 +-  1.078
 131 S   0.71316 0.07467 0.04732 0.03451 0.02670 0.02124 0.01709 0.01375 0.01096 0.01018 0.03041 ( 1)  0.368 +-  1.372
 132 D   0.71565 0.07487 0.04739 0.03453 0.02668 0.02120 0.01704 0.01369 0.01090 0.01012 0.02794 ( 1)  0.348 +-  1.309
 133 K   0.71020 0.07443 0.04723 0.03450 0.02672 0.02129 0.01715 0.01381 0.01103 0.01026 0.03338 ( 1)  0.393 +-  1.444
 134 K   0.71929 0.07515 0.04747 0.03452 0.02662 0.02111 0.01693 0.01357 0.01078 0.00999 0.02456 ( 1)  0.319 +-  1.220
 135 L   0.71397 0.07473 0.04733 0.03451 0.02668 0.02122 0.01706 0.01372 0.01093 0.01015 0.02971 ( 1)  0.363 +-  1.355
 136 L   0.71281 0.07464 0.04730 0.03451 0.02670 0.02124 0.01710 0.01375 0.01096 0.01019 0.03080 ( 1)  0.372 +-  1.382
 137 L   0.71651 0.07492 0.04739 0.03450 0.02664 0.02115 0.01699 0.01364 0.01085 0.01007 0.02735 ( 1)  0.343 +-  1.296
 138 Q   0.71785 0.07503 0.04743 0.03451 0.02664 0.02114 0.01697 0.01361 0.01082 0.01004 0.02596 ( 1)  0.331 +-  1.258
 139 H   0.71685 0.07496 0.04742 0.03453 0.02666 0.02117 0.01701 0.01365 0.01086 0.01008 0.02682 ( 1)  0.338 +-  1.280
 140 H   0.71685 0.07496 0.04742 0.03453 0.02666 0.02117 0.01701 0.01365 0.01086 0.01008 0.02682 ( 1)  0.338 +-  1.280
 141 W   0.71045 0.07446 0.04724 0.03450 0.02673 0.02129 0.01715 0.01381 0.01102 0.01026 0.03309 ( 1)  0.391 +-  1.437
 142 L   0.70542 0.07403 0.04706 0.03444 0.02673 0.02133 0.01722 0.01389 0.01111 0.01036 0.03842 ( 1)  0.436 +-  1.559
 143 G   0.71041 0.07445 0.04724 0.03450 0.02672 0.02129 0.01715 0.01381 0.01102 0.01026 0.03314 ( 1)  0.391 +-  1.438
 144 L   0.71281 0.07464 0.04730 0.03451 0.02670 0.02124 0.01710 0.01375 0.01096 0.01019 0.03080 ( 1)  0.372 +-  1.382
 145 N   0.71481 0.07481 0.04737 0.03453 0.02669 0.02122 0.01706 0.01371 0.01092 0.01014 0.02873 ( 1)  0.354 +-  1.329
 146 V   0.72058 0.07524 0.04748 0.03450 0.02658 0.02106 0.01688 0.01352 0.01073 0.00994 0.02350 ( 1)  0.311 +-  1.191
 147 W   0.71045 0.07446 0.04724 0.03450 0.02673 0.02129 0.01715 0.01381 0.01102 0.01026 0.03309 ( 1)  0.391 +-  1.437
 148 E   0.71985 0.07518 0.04747 0.03451 0.02660 0.02109 0.01690 0.01355 0.01076 0.00997 0.02413 ( 1)  0.316 +-  1.208
 149 I   0.71468 0.07480 0.04736 0.03453 0.02669 0.02122 0.01706 0.01371 0.01092 0.01014 0.02888 ( 1)  0.355 +-  1.333
 150 S   0.71273 0.07464 0.04730 0.03451 0.02670 0.02125 0.01710 0.01376 0.01097 0.01019 0.03085 ( 1)  0.372 +-  1.383
 151 N   0.71481 0.07481 0.04737 0.03453 0.02669 0.02122 0.01706 0.01371 0.01092 0.01014 0.02873 ( 1)  0.354 +-  1.329
 152 N   0.71481 0.07481 0.04737 0.03453 0.02669 0.02122 0.01706 0.01371 0.01092 0.01014 0.02873 ( 1)  0.354 +-  1.329
 153 S   0.71273 0.07464 0.04730 0.03451 0.02670 0.02125 0.01710 0.01376 0.01097 0.01019 0.03085 ( 1)  0.372 +-  1.383
 154 V   0.72058 0.07524 0.04748 0.03450 0.02658 0.02106 0.01688 0.01352 0.01073 0.00994 0.02350 ( 1)  0.311 +-  1.191
 155 P   0.71396 0.07473 0.04733 0.03451 0.02668 0.02122 0.01706 0.01372 0.01093 0.01015 0.02972 ( 1)  0.363 +-  1.356
 156 Y   0.71214 0.07459 0.04728 0.03451 0.02671 0.02126 0.01711 0.01377 0.01098 0.01021 0.03144 ( 1)  0.377 +-  1.397
 157 N   0.71518 0.07484 0.04738 0.03453 0.02669 0.02121 0.01705 0.01370 0.01091 0.01013 0.02837 ( 1)  0.351 +-  1.320
 158 G   0.71041 0.07445 0.04724 0.03450 0.02672 0.02129 0.01715 0.01381 0.01102 0.01026 0.03314 ( 1)  0.391 +-  1.438
 159 Y   0.71214 0.07459 0.04728 0.03451 0.02671 0.02126 0.01711 0.01377 0.01098 0.01021 0.03144 ( 1)  0.377 +-  1.397
 160 I   0.71508 0.07483 0.04737 0.03453 0.02669 0.02121 0.01705 0.01370 0.01091 0.01013 0.02849 ( 1)  0.352 +-  1.323
 161 R   0.71824 0.07507 0.04745 0.03453 0.02665 0.02115 0.01697 0.01361 0.01082 0.01004 0.02546 ( 1)  0.327 +-  1.243
 162 F   0.71648 0.07494 0.04741 0.03453 0.02667 0.02119 0.01702 0.01367 0.01088 0.01009 0.02711 ( 1)  0.341 +-  1.287
 163 S   0.71045 0.07446 0.04724 0.03450 0.02673 0.02129 0.01716 0.01381 0.01103 0.01026 0.03308 ( 1)  0.391 +-  1.436
 164 D   0.71601 0.07490 0.04740 0.03453 0.02668 0.02119 0.01703 0.01368 0.01089 0.01011 0.02759 ( 1)  0.345 +-  1.300
 165 T   0.71270 0.07463 0.04730 0.03451 0.02670 0.02125 0.01710 0.01376 0.01097 0.01019 0.03088 ( 1)  0.372 +-  1.384
 166 F   0.71648 0.07494 0.04741 0.03453 0.02667 0.02119 0.01702 0.01367 0.01088 0.01009 0.02711 ( 1)  0.341 +-  1.287
 167 R   0.71148 0.07454 0.04727 0.03451 0.02672 0.02128 0.01713 0.01379 0.01100 0.01023 0.03205 ( 1)  0.382 +-  1.412
 168 L   0.71651 0.07492 0.04739 0.03450 0.02664 0.02115 0.01699 0.01364 0.01085 0.01007 0.02735 ( 1)  0.343 +-  1.296
 169 H   0.71720 0.07499 0.04742 0.03452 0.02666 0.02116 0.01700 0.01364 0.01085 0.01006 0.02649 ( 1)  0.335 +-  1.272
 170 E   0.71985 0.07518 0.04747 0.03451 0.02660 0.02109 0.01690 0.01355 0.01076 0.00997 0.02413 ( 1)  0.316 +-  1.208
 171 S   0.71872 0.07510 0.04745 0.03451 0.02662 0.02112 0.01694 0.01358 0.01080 0.01001 0.02515 ( 1)  0.324 +-  1.236
 172 H   0.71720 0.07499 0.04742 0.03452 0.02666 0.02116 0.01700 0.01364 0.01085 0.01006 0.02649 ( 1)  0.335 +-  1.272
 173 S   0.71872 0.07510 0.04745 0.03451 0.02662 0.02112 0.01694 0.01358 0.01080 0.01001 0.02515 ( 1)  0.324 +-  1.236
 174 S   0.71285 0.07465 0.04730 0.03451 0.02670 0.02125 0.01710 0.01375 0.01096 0.01019 0.03074 ( 1)  0.371 +-  1.380
 175 Q   0.70934 0.07426 0.04704 0.03431 0.02654 0.02112 0.01699 0.01367 0.01090 0.01013 0.03570 ( 1)  0.415 +-  1.510
 176 H   0.71720 0.07499 0.04742 0.03452 0.02666 0.02116 0.01700 0.01364 0.01085 0.01006 0.02649 ( 1)  0.335 +-  1.272
 177 S   0.71872 0.07510 0.04745 0.03451 0.02662 0.02112 0.01694 0.01358 0.01080 0.01001 0.02515 ( 1)  0.324 +-  1.236
 178 R   0.71190 0.07457 0.04728 0.03451 0.02672 0.02127 0.01713 0.01378 0.01099 0.01022 0.03163 ( 1)  0.379 +-  1.401
 179 S   0.70751 0.07420 0.04713 0.03446 0.02672 0.02131 0.01719 0.01386 0.01107 0.01031 0.03622 ( 1)  0.417 +-  1.510
 180 F   0.71608 0.07491 0.04740 0.03453 0.02668 0.02120 0.01703 0.01368 0.01089 0.01011 0.02749 ( 1)  0.344 +-  1.297
 181 S   0.71273 0.07464 0.04730 0.03451 0.02670 0.02125 0.01710 0.01376 0.01097 0.01019 0.03085 ( 1)  0.372 +-  1.383
 182 S   0.71045 0.07446 0.04724 0.03450 0.02673 0.02129 0.01716 0.01381 0.01103 0.01026 0.03308 ( 1)  0.391 +-  1.436
 183 R   0.70596 0.07408 0.04708 0.03444 0.02673 0.02133 0.01722 0.01389 0.01110 0.01035 0.03782 ( 1)  0.431 +-  1.546
 184 A   0.71267 0.07463 0.04730 0.03451 0.02670 0.02124 0.01710 0.01375 0.01096 0.01019 0.03095 ( 1)  0.373 +-  1.386
 185 G   0.71041 0.07445 0.04724 0.03450 0.02672 0.02129 0.01715 0.01381 0.01102 0.01026 0.03314 ( 1)  0.391 +-  1.438
 186 Q   0.71785 0.07503 0.04743 0.03451 0.02664 0.02114 0.01697 0.01361 0.01082 0.01004 0.02596 ( 1)  0.331 +-  1.258
 187 Q   0.71785 0.07503 0.04743 0.03451 0.02664 0.02114 0.01697 0.01361 0.01082 0.01004 0.02596 ( 1)  0.331 +-  1.258
 188 M   0.72474 0.07555 0.04757 0.03448 0.02650 0.02095 0.01675 0.01338 0.01059 0.00979 0.01971 ( 1)  0.279 +-  1.078
 189 R   0.71190 0.07457 0.04728 0.03451 0.02672 0.02127 0.01713 0.01378 0.01099 0.01022 0.03163 ( 1)  0.379 +-  1.401
 190 T   0.72012 0.07521 0.04749 0.03451 0.02660 0.02109 0.01691 0.01355 0.01076 0.00996 0.02380 ( 1)  0.313 +-  1.199
 191 F   0.71608 0.07491 0.04740 0.03453 0.02668 0.02120 0.01703 0.01368 0.01089 0.01011 0.02749 ( 1)  0.344 +-  1.297
 192 I   0.71508 0.07483 0.04737 0.03453 0.02669 0.02121 0.01705 0.01370 0.01091 0.01013 0.02849 ( 1)  0.352 +-  1.323
 193 R   0.71148 0.07454 0.04727 0.03451 0.02672 0.02128 0.01713 0.01379 0.01100 0.01023 0.03205 ( 1)  0.382 +-  1.412
 194 R   0.70595 0.07408 0.04708 0.03445 0.02673 0.02133 0.01722 0.01389 0.01111 0.01035 0.03782 ( 1)  0.431 +-  1.546
 195 L   0.70674 0.07414 0.04710 0.03445 0.02672 0.02132 0.01720 0.01387 0.01108 0.01033 0.03706 ( 1)  0.425 +-  1.530
 196 T   0.71270 0.07463 0.04730 0.03451 0.02670 0.02125 0.01710 0.01376 0.01097 0.01019 0.03088 ( 1)  0.372 +-  1.384
 197 S   0.71273 0.07464 0.04730 0.03451 0.02670 0.02125 0.01710 0.01376 0.01097 0.01019 0.03085 ( 1)  0.372 +-  1.383
 198 L   0.71651 0.07492 0.04739 0.03450 0.02664 0.02115 0.01699 0.01364 0.01085 0.01007 0.02735 ( 1)  0.343 +-  1.296
 199 Q   0.71785 0.07503 0.04743 0.03451 0.02664 0.02114 0.01697 0.01361 0.01082 0.01004 0.02596 ( 1)  0.331 +-  1.258
 200 V   0.72058 0.07524 0.04748 0.03450 0.02658 0.02106 0.01688 0.01352 0.01073 0.00994 0.02350 ( 1)  0.311 +-  1.191
 201 T   0.71227 0.07460 0.04729 0.03451 0.02671 0.02126 0.01711 0.01377 0.01098 0.01021 0.03131 ( 1)  0.376 +-  1.394
 202 R   0.70595 0.07408 0.04708 0.03445 0.02673 0.02133 0.01722 0.01389 0.01111 0.01035 0.03782 ( 1)  0.431 +-  1.546
 203 L   0.71281 0.07464 0.04730 0.03451 0.02670 0.02124 0.01710 0.01375 0.01096 0.01019 0.03080 ( 1)  0.372 +-  1.382
 204 E   0.71104 0.07450 0.04725 0.03450 0.02672 0.02128 0.01714 0.01379 0.01101 0.01024 0.03254 ( 1)  0.386 +-  1.424
 205 F   0.71608 0.07491 0.04740 0.03453 0.02668 0.02120 0.01703 0.01368 0.01089 0.01011 0.02749 ( 1)  0.344 +-  1.297
 206 L   0.71651 0.07492 0.04739 0.03450 0.02664 0.02115 0.01699 0.01364 0.01085 0.01007 0.02735 ( 1)  0.343 +-  1.296
 207 L   0.70674 0.07414 0.04710 0.03445 0.02672 0.02132 0.01720 0.01387 0.01108 0.01033 0.03706 ( 1)  0.425 +-  1.530
 208 L   0.70217 0.07368 0.04682 0.03426 0.02659 0.02122 0.01713 0.01382 0.01105 0.01030 0.04296 ( 1)  0.477 +-  1.667
 209 K   0.71020 0.07443 0.04723 0.03450 0.02672 0.02129 0.01715 0.01381 0.01103 0.01026 0.03338 ( 1)  0.393 +-  1.444
 210 A   0.70939 0.07436 0.04719 0.03448 0.02672 0.02129 0.01716 0.01382 0.01104 0.01027 0.03427 ( 1)  0.401 +-  1.465
 211 I   0.71468 0.07480 0.04736 0.03453 0.02669 0.02122 0.01706 0.01371 0.01092 0.01014 0.02888 ( 1)  0.355 +-  1.333
 212 F   0.71608 0.07491 0.04740 0.03453 0.02668 0.02120 0.01703 0.01368 0.01089 0.01011 0.02749 ( 1)  0.344 +-  1.297
 213 L   0.70674 0.07414 0.04710 0.03445 0.02672 0.02132 0.01720 0.01387 0.01108 0.01033 0.03706 ( 1)  0.425 +-  1.530
 214 L   0.70542 0.07403 0.04706 0.03444 0.02673 0.02133 0.01722 0.01389 0.01111 0.01036 0.03842 ( 1)  0.436 +-  1.559
 215 D   0.71601 0.07490 0.04740 0.03453 0.02668 0.02119 0.01703 0.01368 0.01089 0.01011 0.02759 ( 1)  0.345 +-  1.300
 216 A   0.70939 0.07436 0.04719 0.03448 0.02672 0.02129 0.01716 0.01382 0.01104 0.01027 0.03427 ( 1)  0.401 +-  1.465
 217 D   0.71565 0.07487 0.04739 0.03453 0.02668 0.02120 0.01704 0.01369 0.01090 0.01012 0.02794 ( 1)  0.348 +-  1.309
 218 A   0.71267 0.07463 0.04730 0.03451 0.02670 0.02124 0.01710 0.01375 0.01096 0.01019 0.03095 ( 1)  0.373 +-  1.386
 219 Q   0.71012 0.07442 0.04722 0.03449 0.02672 0.02129 0.01715 0.01381 0.01103 0.01026 0.03348 ( 1)  0.394 +-  1.446
 220 T   0.71270 0.07463 0.04730 0.03451 0.02670 0.02125 0.01710 0.01376 0.01097 0.01019 0.03088 ( 1)  0.372 +-  1.384
 221 E   0.71104 0.07450 0.04725 0.03450 0.02672 0.02128 0.01714 0.01379 0.01101 0.01024 0.03254 ( 1)  0.386 +-  1.424
 222 W   0.71045 0.07446 0.04724 0.03450 0.02673 0.02129 0.01715 0.01381 0.01102 0.01026 0.03309 ( 1)  0.391 +-  1.437
 223 S   0.71872 0.07510 0.04745 0.03451 0.02662 0.02112 0.01694 0.01358 0.01080 0.01001 0.02515 ( 1)  0.324 +-  1.236
 224 N   0.71481 0.07481 0.04737 0.03453 0.02669 0.02122 0.01706 0.01371 0.01092 0.01014 0.02873 ( 1)  0.354 +-  1.329
 225 R   0.70595 0.07408 0.04708 0.03445 0.02673 0.02133 0.01722 0.01389 0.01111 0.01035 0.03782 ( 1)  0.431 +-  1.546
 226 E   0.71104 0.07450 0.04725 0.03450 0.02672 0.02128 0.01714 0.01379 0.01101 0.01024 0.03254 ( 1)  0.386 +-  1.424
 227 A   0.71612 0.07489 0.04738 0.03450 0.02664 0.02116 0.01700 0.01365 0.01086 0.01008 0.02772 ( 1)  0.346 +-  1.306
 228 I   0.71508 0.07483 0.04737 0.03453 0.02669 0.02121 0.01705 0.01370 0.01091 0.01013 0.02849 ( 1)  0.352 +-  1.323
 229 D   0.71168 0.07446 0.04713 0.03434 0.02654 0.02110 0.01696 0.01363 0.01085 0.01008 0.03324 ( 1)  0.394 +-  1.452
 230 A   0.71289 0.07465 0.04730 0.03451 0.02670 0.02124 0.01709 0.01375 0.01096 0.01019 0.03073 ( 1)  0.371 +-  1.381
 231 A   0.71267 0.07463 0.04730 0.03451 0.02670 0.02124 0.01710 0.01375 0.01096 0.01019 0.03095 ( 1)  0.373 +-  1.386
 232 Q   0.71785 0.07503 0.04743 0.03451 0.02664 0.02114 0.01697 0.01361 0.01082 0.01004 0.02596 ( 1)  0.331 +-  1.258
 233 N   0.71481 0.07481 0.04737 0.03453 0.02669 0.02122 0.01706 0.01371 0.01092 0.01014 0.02873 ( 1)  0.354 +-  1.329
 234 C   0.71028 0.07444 0.04723 0.03450 0.02673 0.02129 0.01716 0.01382 0.01103 0.01026 0.03326 ( 1)  0.392 +-  1.441
 235 Y   0.71172 0.07456 0.04727 0.03450 0.02671 0.02127 0.01712 0.01378 0.01099 0.01022 0.03186 ( 1)  0.381 +-  1.408
 236 L   0.71281 0.07464 0.04730 0.03451 0.02670 0.02124 0.01710 0.01375 0.01096 0.01019 0.03080 ( 1)  0.372 +-  1.382
 237 V   0.71271 0.07463 0.04730 0.03451 0.02670 0.02124 0.01710 0.01375 0.01096 0.01019 0.03091 ( 1)  0.373 +-  1.385
 238 E   0.71985 0.07518 0.04747 0.03451 0.02660 0.02109 0.01690 0.01355 0.01076 0.00997 0.02413 ( 1)  0.316 +-  1.208
 239 L   0.71651 0.07492 0.04739 0.03450 0.02664 0.02115 0.01699 0.01364 0.01085 0.01007 0.02735 ( 1)  0.343 +-  1.296
 240 A   0.71311 0.07466 0.04731 0.03451 0.02669 0.02124 0.01709 0.01374 0.01095 0.01018 0.03052 ( 1)  0.369 +-  1.375
 241 K   0.71929 0.07515 0.04747 0.03452 0.02662 0.02111 0.01693 0.01357 0.01078 0.00999 0.02456 ( 1)  0.319 +-  1.220
 242 V   0.72058 0.07524 0.04748 0.03450 0.02658 0.02106 0.01688 0.01352 0.01073 0.00994 0.02350 ( 1)  0.311 +-  1.191
 243 C   0.71028 0.07444 0.04723 0.03450 0.02673 0.02129 0.01716 0.01382 0.01103 0.01026 0.03326 ( 1)  0.392 +-  1.441
 244 G   0.70642 0.07412 0.04710 0.03445 0.02673 0.02133 0.01721 0.01388 0.01110 0.01034 0.03732 ( 1)  0.427 +-  1.535
 245 D   0.71565 0.07487 0.04739 0.03453 0.02668 0.02120 0.01704 0.01369 0.01090 0.01012 0.02794 ( 1)  0.348 +-  1.309
 246 P   0.71694 0.07495 0.04739 0.03449 0.02662 0.02113 0.01696 0.01361 0.01083 0.01004 0.02705 ( 1)  0.341 +-  1.290
 247 T   0.71270 0.07463 0.04730 0.03451 0.02670 0.02125 0.01710 0.01376 0.01097 0.01019 0.03088 ( 1)  0.372 +-  1.384
 248 R   0.71537 0.07485 0.04739 0.03454 0.02669 0.02122 0.01706 0.01370 0.01091 0.01013 0.02815 ( 1)  0.349 +-  1.314
 249 K   0.71929 0.07515 0.04747 0.03452 0.02662 0.02111 0.01693 0.01357 0.01078 0.00999 0.02456 ( 1)  0.319 +-  1.220
 250 S   0.71081 0.07449 0.04725 0.03451 0.02673 0.02129 0.01715 0.01381 0.01102 0.01025 0.03271 ( 1)  0.388 +-  1.427
 251 T   0.70902 0.07433 0.04718 0.03448 0.02672 0.02130 0.01717 0.01383 0.01105 0.01028 0.03462 ( 1)  0.404 +-  1.473
 252 L   0.71651 0.07492 0.04739 0.03450 0.02664 0.02115 0.01699 0.01364 0.01085 0.01007 0.02735 ( 1)  0.343 +-  1.296
 253 L   0.71397 0.07473 0.04733 0.03451 0.02668 0.02122 0.01706 0.01372 0.01093 0.01015 0.02971 ( 1)  0.363 +-  1.355
 254 M   0.72474 0.07555 0.04757 0.03448 0.02650 0.02095 0.01675 0.01338 0.01059 0.00979 0.01971 ( 1)  0.279 +-  1.078
 255 L   0.71651 0.07492 0.04739 0.03450 0.02664 0.02115 0.01699 0.01364 0.01085 0.01007 0.02735 ( 1)  0.343 +-  1.296
 256 F   0.71608 0.07491 0.04740 0.03453 0.02668 0.02120 0.01703 0.01368 0.01089 0.01011 0.02749 ( 1)  0.344 +-  1.297
 257 G   0.71041 0.07445 0.04724 0.03450 0.02672 0.02129 0.01715 0.01381 0.01102 0.01026 0.03314 ( 1)  0.391 +-  1.438
 258 T   0.71270 0.07463 0.04730 0.03451 0.02670 0.02125 0.01710 0.01376 0.01097 0.01019 0.03088 ( 1)  0.372 +-  1.384
 259 L   0.71651 0.07492 0.04739 0.03450 0.02664 0.02115 0.01699 0.01364 0.01085 0.01007 0.02735 ( 1)  0.343 +-  1.296
 260 S   0.70751 0.07420 0.04713 0.03446 0.02672 0.02131 0.01719 0.01386 0.01107 0.01031 0.03622 ( 1)  0.417 +-  1.510
 261 A   0.72051 0.07523 0.04748 0.03450 0.02658 0.02106 0.01688 0.01352 0.01073 0.00994 0.02357 ( 1)  0.311 +-  1.193
 262 M   0.72474 0.07555 0.04757 0.03448 0.02650 0.02095 0.01675 0.01338 0.01059 0.00979 0.01971 ( 1)  0.279 +-  1.078
 263 K   0.71929 0.07515 0.04747 0.03452 0.02662 0.02111 0.01693 0.01357 0.01078 0.00999 0.02456 ( 1)  0.319 +-  1.220
 264 I   0.71468 0.07480 0.04736 0.03453 0.02669 0.02122 0.01706 0.01371 0.01092 0.01014 0.02888 ( 1)  0.355 +-  1.333
 265 H   0.71720 0.07499 0.04742 0.03452 0.02666 0.02116 0.01700 0.01364 0.01085 0.01006 0.02649 ( 1)  0.335 +-  1.272
 266 S   0.71273 0.07464 0.04730 0.03451 0.02670 0.02125 0.01710 0.01376 0.01097 0.01019 0.03085 ( 1)  0.372 +-  1.383
 267 V   0.72058 0.07524 0.04748 0.03450 0.02658 0.02106 0.01688 0.01352 0.01073 0.00994 0.02350 ( 1)  0.311 +-  1.191
 268 G   0.70642 0.07412 0.04710 0.03445 0.02673 0.02133 0.01721 0.01388 0.01110 0.01034 0.03732 ( 1)  0.427 +-  1.535
 269 F   0.71648 0.07494 0.04741 0.03453 0.02667 0.02119 0.01702 0.01367 0.01088 0.01009 0.02711 ( 1)  0.341 +-  1.287
 270 W   0.71045 0.07446 0.04724 0.03450 0.02673 0.02129 0.01715 0.01381 0.01102 0.01026 0.03309 ( 1)  0.391 +-  1.437
 271 A   0.71311 0.07466 0.04731 0.03451 0.02669 0.02124 0.01709 0.01374 0.01095 0.01018 0.03052 ( 1)  0.369 +-  1.375
 272 S   0.70751 0.07420 0.04713 0.03446 0.02672 0.02131 0.01719 0.01386 0.01107 0.01031 0.03622 ( 1)  0.417 +-  1.510
 273 V   0.71271 0.07463 0.04730 0.03451 0.02670 0.02124 0.01710 0.01375 0.01096 0.01019 0.03091 ( 1)  0.373 +-  1.385
 274 I   0.71468 0.07480 0.04736 0.03453 0.02669 0.02122 0.01706 0.01371 0.01092 0.01014 0.02888 ( 1)  0.355 +-  1.333
 275 E   0.71985 0.07518 0.04747 0.03451 0.02660 0.02109 0.01690 0.01355 0.01076 0.00997 0.02413 ( 1)  0.316 +-  1.208
 276 R   0.71824 0.07507 0.04745 0.03453 0.02665 0.02115 0.01697 0.01361 0.01082 0.01004 0.02546 ( 1)  0.327 +-  1.243
 277 T   0.72012 0.07521 0.04749 0.03451 0.02660 0.02109 0.01691 0.01355 0.01076 0.00996 0.02380 ( 1)  0.313 +-  1.199
 278 K   0.71929 0.07515 0.04747 0.03452 0.02662 0.02111 0.01693 0.01357 0.01078 0.00999 0.02456 ( 1)  0.319 +-  1.220
 279 Y   0.71172 0.07456 0.04727 0.03450 0.02671 0.02127 0.01712 0.01378 0.01099 0.01022 0.03186 ( 1)  0.381 +-  1.408
 280 L   0.71651 0.07492 0.04739 0.03450 0.02664 0.02115 0.01699 0.01364 0.01085 0.01007 0.02735 ( 1)  0.343 +-  1.296
 281 P   0.71064 0.07446 0.04723 0.03449 0.02671 0.02127 0.01714 0.01379 0.01101 0.01024 0.03302 ( 1)  0.390 +-  1.436
 282 Q   0.71785 0.07503 0.04743 0.03451 0.02664 0.02114 0.01697 0.01361 0.01082 0.01004 0.02596 ( 1)  0.331 +-  1.258
 283 P   0.72140 0.07529 0.04748 0.03447 0.02654 0.02102 0.01683 0.01347 0.01069 0.00989 0.02291 ( 1)  0.306 +-  1.176
 284 L   0.70674 0.07414 0.04710 0.03445 0.02672 0.02132 0.01720 0.01387 0.01108 0.01033 0.03706 ( 1)  0.425 +-  1.530
 285 L   0.71651 0.07492 0.04739 0.03450 0.02664 0.02115 0.01699 0.01364 0.01085 0.01007 0.02735 ( 1)  0.343 +-  1.296
 286 S   0.71316 0.07467 0.04732 0.03451 0.02670 0.02124 0.01709 0.01375 0.01096 0.01018 0.03041 ( 1)  0.368 +-  1.372
 287 E   0.71985 0.07518 0.04747 0.03451 0.02660 0.02109 0.01690 0.01355 0.01076 0.00997 0.02413 ( 1)  0.316 +-  1.208
 288 M   0.72474 0.07555 0.04757 0.03448 0.02650 0.02095 0.01675 0.01338 0.01059 0.00979 0.01971 ( 1)  0.279 +-  1.078
 289 L   0.71651 0.07492 0.04739 0.03450 0.02664 0.02115 0.01699 0.01364 0.01085 0.01007 0.02735 ( 1)  0.343 +-  1.296
 290 E   0.71104 0.07450 0.04725 0.03450 0.02672 0.02128 0.01714 0.01379 0.01101 0.01024 0.03254 ( 1)  0.386 +-  1.424
 291 F   0.71648 0.07494 0.04741 0.03453 0.02667 0.02119 0.01702 0.01367 0.01088 0.01009 0.02711 ( 1)  0.341 +-  1.287
 292 S   0.70943 0.07435 0.04718 0.03446 0.02670 0.02127 0.01714 0.01380 0.01102 0.01025 0.03439 ( 1)  0.402 +-  1.471
 293 L   0.70542 0.07403 0.04706 0.03444 0.02673 0.02133 0.01722 0.01389 0.01111 0.01036 0.03842 ( 1)  0.436 +-  1.559
 294 K   0.00024 0.00026 0.00048 0.00074 0.00100 0.00126 0.00150 0.00169 0.00181 0.00225 0.98877 (11)  8.135 +-  2.155
 295 P   0.08679 0.02554 0.02663 0.02696 0.02664 0.02576 0.02438 0.02253 0.02026 0.02062 0.69388 (11)  5.902 +-  4.011
 296 Q   0.00093 0.00090 0.00160 0.00230 0.00295 0.00353 0.00398 0.00428 0.00440 0.00515 0.96998 (11)  8.011 +-  2.360
 297 E   0.02463 0.00812 0.00906 0.00975 0.01019 0.01039 0.01034 0.01002 0.00944 0.01016 0.88790 (11)  7.422 +-  3.095

Positively selected sites

	Prob(w>1)  mean w

    33 E      0.645         5.496 +- 4.115
    46 L      0.673         5.729 +- 4.060
   294 K      0.989*        8.135 +- 2.155
   295 P      0.694         5.902 +- 4.011
   296 Q      0.970*        8.011 +- 2.360
   297 E      0.888         7.422 +- 3.095

