Supplemental results for CODEML (seqf: algn  treef: tree)


dN/dS (w) for site classes (K=9)

p:   0.12405  0.12405  0.12405  0.12405  0.12405  0.12405  0.12405  0.12405  0.00758
w:   0.17460  0.19823  0.21355  0.22673  0.23959  0.25348  0.27063  0.29942  2.33954

Naive Empirical Bayes (NEB) probabilities for 9 classes & postmean_w & P(w>1)
(amino acids refer to 1st sequence: Mlig.24074)

   1 T   0.12497 0.12469 0.12449 0.12433 0.12417 0.12399 0.12378 0.12342 0.00615 ( 1)  0.247  0.006
   2 A   0.12473 0.12452 0.12438 0.12426 0.12414 0.12402 0.12386 0.12359 0.00649 ( 1)  0.248  0.006
   3 A   0.12521 0.12484 0.12459 0.12439 0.12419 0.12397 0.12370 0.12325 0.00586 ( 1)  0.247  0.006
   4 W   0.12437 0.12431 0.12425 0.12418 0.12412 0.12405 0.12396 0.12381 0.00695 ( 1)  0.249  0.007
   5 L   0.12444 0.12432 0.12424 0.12417 0.12410 0.12403 0.12394 0.12380 0.00696 ( 1)  0.249  0.007
   6 L   0.12450 0.12436 0.12427 0.12419 0.12411 0.12403 0.12393 0.12375 0.00686 ( 1)  0.249  0.007
   7 L   0.12464 0.12446 0.12434 0.12423 0.12413 0.12402 0.12389 0.12366 0.00664 ( 1)  0.248  0.007
   8 N   0.12463 0.12448 0.12436 0.12426 0.12415 0.12403 0.12388 0.12364 0.00656 ( 1)  0.248  0.007
   9 L   0.08746 0.09912 0.10668 0.11318 0.11951 0.12635 0.13477 0.14889 0.06403 ( 8)  0.375  0.064
  10 L   0.12483 0.12452 0.12436 0.12423 0.12411 0.12398 0.12383 0.12358 0.00656 ( 1)  0.248  0.007
  11 F   0.12461 0.12446 0.12434 0.12424 0.12414 0.12403 0.12389 0.12366 0.00662 ( 1)  0.248  0.007
  12 R   0.12461 0.12444 0.12433 0.12423 0.12413 0.12403 0.12389 0.12367 0.00667 ( 1)  0.248  0.007
  13 Q   0.12442 0.12434 0.12427 0.12420 0.12413 0.12405 0.12395 0.12378 0.00687 ( 1)  0.249  0.007
  14 D   0.12526 0.12489 0.12464 0.12442 0.12421 0.12397 0.12368 0.12320 0.00572 ( 1)  0.246  0.006
  15 R   0.12509 0.12473 0.12451 0.12433 0.12416 0.12397 0.12375 0.12337 0.00609 ( 1)  0.247  0.006
  16 E   0.12466 0.12442 0.12430 0.12420 0.12410 0.12400 0.12388 0.12368 0.00675 ( 1)  0.249  0.007
  17 F   0.08726 0.09900 0.10659 0.11310 0.11945 0.12629 0.13473 0.14887 0.06471 ( 8)  0.376  0.065
  18 T   0.12463 0.12446 0.12434 0.12424 0.12414 0.12403 0.12389 0.12366 0.00663 ( 1)  0.248  0.007
  19 D   0.12481 0.12453 0.12437 0.12424 0.12412 0.12399 0.12384 0.12358 0.00652 ( 1)  0.248  0.007
  20 R   0.12524 0.12489 0.12464 0.12443 0.12421 0.12398 0.12369 0.12320 0.00572 ( 1)  0.246  0.006
  21 S   0.12444 0.12432 0.12424 0.12417 0.12411 0.12403 0.12395 0.12380 0.00695 ( 1)  0.249  0.007
  22 E   0.12551 0.12500 0.12469 0.12444 0.12419 0.12393 0.12360 0.12307 0.00557 ( 1)  0.246  0.006
  23 D   0.12468 0.12447 0.12434 0.12423 0.12412 0.12401 0.12387 0.12364 0.00663 ( 1)  0.248  0.007
  24 R   0.12544 0.12497 0.12467 0.12443 0.12419 0.12394 0.12363 0.12311 0.00562 ( 1)  0.246  0.006
  25 H   0.12475 0.12452 0.12437 0.12425 0.12413 0.12401 0.12385 0.12359 0.00652 ( 1)  0.248  0.007
  26 K   0.12550 0.12500 0.12469 0.12444 0.12419 0.12393 0.12361 0.12307 0.00557 ( 1)  0.246  0.006
  27 M   0.12463 0.12446 0.12434 0.12424 0.12413 0.12402 0.12389 0.12366 0.00663 ( 1)  0.248  0.007
  28 V   0.12519 0.12484 0.12460 0.12440 0.12420 0.12398 0.12371 0.12325 0.00584 ( 1)  0.247  0.006
  29 L   0.12466 0.12451 0.12439 0.12427 0.12416 0.12403 0.12388 0.12361 0.00650 ( 1)  0.248  0.006
  30 L   0.12537 0.12493 0.12466 0.12442 0.12420 0.12395 0.12365 0.12315 0.00568 ( 1)  0.246  0.006
  31 I   0.12451 0.12435 0.12426 0.12418 0.12410 0.12402 0.12393 0.12376 0.00689 ( 1)  0.249  0.007
  32 R   0.12459 0.12444 0.12433 0.12423 0.12413 0.12403 0.12390 0.12368 0.00667 ( 1)  0.248  0.007
  33 G   0.12435 0.12429 0.12423 0.12417 0.12411 0.12405 0.12397 0.12383 0.00700 ( 1)  0.249  0.007
  34 K   0.12502 0.12471 0.12450 0.12433 0.12415 0.12397 0.12374 0.12335 0.00622 ( 1)  0.247  0.006
  35 P   0.12429 0.12422 0.12418 0.12413 0.12409 0.12405 0.12399 0.12389 0.00716 ( 1)  0.250  0.007
  36 V   0.08803 0.09973 0.10729 0.11378 0.12010 0.12691 0.13528 0.14930 0.05958 ( 8)  0.365  0.060
  37 S   0.12485 0.12467 0.12451 0.12436 0.12420 0.12403 0.12381 0.12345 0.00613 ( 1)  0.247  0.006
  38 S   0.12518 0.12474 0.12450 0.12431 0.12414 0.12395 0.12373 0.12335 0.00611 ( 1)  0.247  0.006
  39 E   0.12486 0.12460 0.12444 0.12429 0.12415 0.12400 0.12381 0.12350 0.00633 ( 1)  0.248  0.006
  40 I   0.12495 0.12466 0.12448 0.12432 0.12416 0.12399 0.12379 0.12344 0.00620 ( 1)  0.247  0.006
  41 L   0.12504 0.12468 0.12447 0.12430 0.12414 0.12397 0.12376 0.12342 0.00620 ( 1)  0.247  0.006
  42 S   0.12456 0.12448 0.12438 0.12428 0.12417 0.12405 0.12390 0.12365 0.00652 ( 1)  0.248  0.007
  43 N   0.12549 0.12502 0.12472 0.12446 0.12421 0.12394 0.12360 0.12304 0.00551 ( 1)  0.246  0.006
  44 P   0.12472 0.12446 0.12432 0.12421 0.12411 0.12400 0.12386 0.12364 0.00667 ( 1)  0.248  0.007
  45 E   0.12479 0.12463 0.12448 0.12434 0.12420 0.12403 0.12383 0.12349 0.00620 ( 1)  0.247  0.006
  46 Q   0.12549 0.12501 0.12470 0.12445 0.12420 0.12393 0.12361 0.12306 0.00555 ( 1)  0.246  0.006
  47 V   0.12468 0.12449 0.12436 0.12425 0.12414 0.12402 0.12387 0.12362 0.00657 ( 1)  0.248  0.007
  48 Y   0.12499 0.12469 0.12449 0.12433 0.12417 0.12399 0.12378 0.12342 0.00615 ( 1)  0.247  0.006
  49 L   0.12474 0.12454 0.12440 0.12427 0.12415 0.12402 0.12385 0.12358 0.00645 ( 1)  0.248  0.006
  50 L   0.12488 0.12461 0.12444 0.12429 0.12415 0.12400 0.12381 0.12350 0.00633 ( 1)  0.248  0.006
  51 I   0.12502 0.12472 0.12452 0.12435 0.12418 0.12399 0.12376 0.12338 0.00607 ( 1)  0.247  0.006
  52 S   0.12534 0.12493 0.12466 0.12443 0.12420 0.12396 0.12366 0.12315 0.00568 ( 1)  0.246  0.006
  53 S   0.12455 0.12433 0.12422 0.12414 0.12407 0.12400 0.12391 0.12377 0.00700 ( 1)  0.249  0.007
  54 N   0.12549 0.12502 0.12472 0.12446 0.12421 0.12394 0.12360 0.12304 0.00551 ( 1)  0.246  0.006
  55 M   0.12460 0.12443 0.12432 0.12422 0.12413 0.12402 0.12390 0.12368 0.00669 ( 1)  0.249  0.007
  56 A   0.12436 0.12424 0.12418 0.12413 0.12408 0.12403 0.12397 0.12387 0.00714 ( 1)  0.250  0.007
  57 L   0.12539 0.12499 0.12471 0.12446 0.12422 0.12396 0.12363 0.12309 0.00555 ( 1)  0.246  0.006
  58 V   0.12537 0.12493 0.12466 0.12442 0.12419 0.12395 0.12365 0.12315 0.00568 ( 1)  0.246  0.006
  59 T   0.12523 0.12484 0.12459 0.12438 0.12418 0.12396 0.12370 0.12325 0.00586 ( 1)  0.247  0.006
  60 A   0.12450 0.12436 0.12426 0.12419 0.12411 0.12403 0.12393 0.12376 0.00687 ( 1)  0.249  0.007
  61 A   0.12536 0.12492 0.12465 0.12442 0.12419 0.12395 0.12365 0.12315 0.00571 ( 1)  0.246  0.006
  62 N   0.12522 0.12485 0.12460 0.12439 0.12419 0.12397 0.12370 0.12324 0.00583 ( 1)  0.247  0.006
  63 Q   0.12435 0.12430 0.12424 0.12418 0.12412 0.12405 0.12397 0.12382 0.00696 ( 1)  0.249  0.007
  64 L   0.12521 0.12484 0.12459 0.12439 0.12419 0.12397 0.12370 0.12326 0.00586 ( 1)  0.247  0.006
  65 K   0.12552 0.12501 0.12470 0.12444 0.12420 0.12393 0.12360 0.12305 0.00555 ( 1)  0.246  0.006
  66 S   0.12479 0.12455 0.12440 0.12427 0.12414 0.12401 0.12384 0.12356 0.00645 ( 1)  0.248  0.006
  67 M   0.12521 0.12483 0.12459 0.12438 0.12418 0.12397 0.12370 0.12326 0.00588 ( 1)  0.247  0.006
  68 A   0.12499 0.12470 0.12450 0.12434 0.12417 0.12399 0.12377 0.12341 0.00613 ( 1)  0.247  0.006
  69 V   0.12538 0.12495 0.12468 0.12444 0.12420 0.12395 0.12364 0.12312 0.00563 ( 1)  0.246  0.006
  70 K   0.12534 0.12493 0.12466 0.12443 0.12420 0.12396 0.12366 0.12315 0.00568 ( 1)  0.246  0.006
  71 R   0.12517 0.12483 0.12460 0.12439 0.12419 0.12398 0.12371 0.12327 0.00586 ( 1)  0.247  0.006
  72 F   0.12488 0.12461 0.12444 0.12429 0.12415 0.12400 0.12381 0.12350 0.00633 ( 1)  0.248  0.006
  73 T   0.12500 0.12470 0.12450 0.12433 0.12417 0.12399 0.12377 0.12340 0.00613 ( 1)  0.247  0.006
  74 G   0.12499 0.12466 0.12447 0.12431 0.12415 0.12398 0.12378 0.12344 0.00622 ( 1)  0.247  0.006
  75 Q   0.12524 0.12489 0.12465 0.12443 0.12421 0.12398 0.12369 0.12320 0.00572 ( 1)  0.246  0.006
  76 Q   0.12474 0.12455 0.12441 0.12428 0.12416 0.12402 0.12385 0.12357 0.00643 ( 1)  0.248  0.006
  77 D   0.12525 0.12484 0.12459 0.12438 0.12418 0.12396 0.12369 0.12324 0.00586 ( 1)  0.247  0.006
  78 G   0.12478 0.12455 0.12440 0.12427 0.12414 0.12401 0.12384 0.12356 0.00645 ( 1)  0.248  0.006
  79 L   0.12472 0.12453 0.12440 0.12428 0.12416 0.12402 0.12386 0.12358 0.00645 ( 1)  0.248  0.006
  80 L   0.12537 0.12497 0.12470 0.12446 0.12422 0.12396 0.12364 0.12311 0.00557 ( 1)  0.246  0.006
  81 Y   0.12521 0.12484 0.12459 0.12439 0.12419 0.12397 0.12370 0.12325 0.00586 ( 1)  0.247  0.006
  82 L   0.12480 0.12451 0.12436 0.12423 0.12412 0.12399 0.12384 0.12359 0.00656 ( 1)  0.248  0.007
  83 H   0.12468 0.12449 0.12436 0.12425 0.12414 0.12402 0.12387 0.12362 0.00656 ( 1)  0.248  0.007
  84 Q   0.12509 0.12473 0.12452 0.12434 0.12416 0.12398 0.12375 0.12336 0.00607 ( 1)  0.247  0.006
  85 R   0.12441 0.12431 0.12424 0.12417 0.12411 0.12404 0.12395 0.12381 0.00696 ( 1)  0.249  0.007
  86 E   0.12525 0.12485 0.12460 0.12439 0.12418 0.12396 0.12369 0.12324 0.00583 ( 1)  0.247  0.006
  87 M   0.12473 0.12454 0.12440 0.12428 0.12415 0.12402 0.12386 0.12358 0.00645 ( 1)  0.248  0.006
  88 A   0.12498 0.12471 0.12452 0.12435 0.12418 0.12400 0.12377 0.12340 0.00609 ( 1)  0.247  0.006
  89 V   0.12498 0.12469 0.12449 0.12433 0.12417 0.12399 0.12378 0.12342 0.00615 ( 1)  0.247  0.006
  90 V   0.12537 0.12493 0.12466 0.12442 0.12419 0.12395 0.12365 0.12315 0.00568 ( 1)  0.246  0.006
  91 S   0.12442 0.12431 0.12424 0.12417 0.12411 0.12404 0.12395 0.12380 0.00696 ( 1)  0.249  0.007
  92 S   0.12533 0.12492 0.12465 0.12442 0.12420 0.12395 0.12366 0.12316 0.00571 ( 1)  0.246  0.006
  93 C   0.12480 0.12459 0.12444 0.12430 0.12416 0.12402 0.12383 0.12352 0.00633 ( 1)  0.248  0.006
  94 D   0.12542 0.12496 0.12468 0.12443 0.12420 0.12394 0.12363 0.12311 0.00562 ( 1)  0.246  0.006
  95 P   0.12481 0.12449 0.12433 0.12421 0.12410 0.12398 0.12384 0.12361 0.00664 ( 1)  0.248  0.007
  96 C   0.12459 0.12433 0.12422 0.12414 0.12407 0.12400 0.12391 0.12377 0.00698 ( 1)  0.249  0.007
  97 V   0.12464 0.12446 0.12434 0.12423 0.12413 0.12402 0.12388 0.12366 0.00664 ( 1)  0.248  0.007
  98 R   0.12495 0.12469 0.12451 0.12435 0.12418 0.12401 0.12379 0.12342 0.00611 ( 1)  0.247  0.006
  99 T   0.12500 0.12471 0.12452 0.12435 0.12418 0.12400 0.12377 0.12339 0.00609 ( 1)  0.247  0.006
 100 L   0.12535 0.12492 0.12465 0.12442 0.12419 0.12395 0.12365 0.12315 0.00571 ( 1)  0.246  0.006
 101 G   0.12470 0.12447 0.12434 0.12423 0.12412 0.12401 0.12387 0.12364 0.00663 ( 1)  0.248  0.007
 102 S   0.12444 0.12432 0.12424 0.12417 0.12411 0.12403 0.12395 0.12380 0.00695 ( 1)  0.249  0.007
 103 D   0.12456 0.12443 0.12433 0.12423 0.12414 0.12404 0.12390 0.12369 0.00667 ( 1)  0.248  0.007
 104 G   0.12527 0.12485 0.12459 0.12438 0.12417 0.12395 0.12369 0.12324 0.00586 ( 1)  0.247  0.006
 105 A   0.12538 0.12495 0.12468 0.12444 0.12420 0.12395 0.12364 0.12312 0.00563 ( 1)  0.246  0.006
 106 T   0.12464 0.12446 0.12434 0.12423 0.12413 0.12402 0.12389 0.12366 0.00664 ( 1)  0.248  0.007
 107 S   0.12451 0.12434 0.12425 0.12417 0.12410 0.12402 0.12392 0.12377 0.00691 ( 1)  0.249  0.007
 108 C   0.12517 0.12483 0.12460 0.12439 0.12419 0.12398 0.12371 0.12327 0.00586 ( 1)  0.247  0.006
 109 L   0.12523 0.12485 0.12460 0.12439 0.12419 0.12397 0.12369 0.12324 0.00583 ( 1)  0.247  0.006
 110 V   0.12538 0.12495 0.12468 0.12444 0.12420 0.12395 0.12364 0.12312 0.00563 ( 1)  0.246  0.006
 111 L   0.12502 0.12472 0.12452 0.12434 0.12417 0.12399 0.12377 0.12339 0.00608 ( 1)  0.247  0.006
 112 V   0.12445 0.12432 0.12423 0.12417 0.12410 0.12403 0.12394 0.12380 0.00696 ( 1)  0.249  0.007
 113 L   0.12535 0.12492 0.12465 0.12442 0.12419 0.12395 0.12365 0.12315 0.00571 ( 1)  0.246  0.006
 114 R   0.12514 0.12482 0.12459 0.12439 0.12420 0.12398 0.12372 0.12328 0.00588 ( 1)  0.247  0.006
 115 R   0.12482 0.12460 0.12444 0.12430 0.12416 0.12401 0.12382 0.12351 0.00633 ( 1)  0.248  0.006
 116 I   0.12521 0.12483 0.12459 0.12438 0.12418 0.12397 0.12370 0.12326 0.00588 ( 1)  0.247  0.006
 117 S   0.12479 0.12463 0.12448 0.12434 0.12419 0.12403 0.12383 0.12349 0.00622 ( 1)  0.248  0.006
 118 N   0.12504 0.12472 0.12451 0.12434 0.12417 0.12398 0.12376 0.12338 0.00609 ( 1)  0.247  0.006
 119 G   0.12549 0.12502 0.12472 0.12446 0.12421 0.12394 0.12360 0.12304 0.00551 ( 1)  0.246  0.006
 120 D   0.12419 0.12421 0.12418 0.12415 0.12412 0.12407 0.12401 0.12392 0.00714 ( 2)  0.250  0.007
 121 T   0.12465 0.12446 0.12434 0.12424 0.12413 0.12402 0.12388 0.12365 0.00662 ( 1)  0.248  0.007
 122 C   0.12523 0.12484 0.12459 0.12439 0.12418 0.12397 0.12370 0.12325 0.00586 ( 1)  0.247  0.006
 123 M   0.12543 0.12499 0.12470 0.12445 0.12421 0.12395 0.12363 0.12309 0.00557 ( 1)  0.246  0.006
 124 L   0.12523 0.12485 0.12460 0.12439 0.12419 0.12397 0.12369 0.12324 0.00583 ( 1)  0.247  0.006
 125 K   0.12501 0.12472 0.12452 0.12435 0.12418 0.12399 0.12377 0.12339 0.00608 ( 1)  0.247  0.006
 126 Y   0.12530 0.12492 0.12466 0.12443 0.12421 0.12397 0.12367 0.12316 0.00568 ( 1)  0.246  0.006

Positively selected sites

	Prob(w>1)  mean w



lnL = -1042.904815

Bayes Empirical Bayes (BEB) probabilities for 11 classes (class) & postmean_w
(amino acids refer to 1st sequence: Mlig.24074)

   1 T   0.29233 0.10781 0.08961 0.07951 0.07197 0.06539 0.05914 0.05292 0.04685 0.05584 0.07863 ( 1)  0.525 +-  0.858
   2 A   0.28760 0.10716 0.08924 0.07933 0.07196 0.06552 0.05939 0.05326 0.04725 0.05637 0.08293 ( 1)  0.545 +-  0.911
   3 A   0.32565 0.10264 0.08576 0.07631 0.06917 0.06289 0.05688 0.05088 0.04501 0.05357 0.07124 ( 1)  0.490 +-  0.799
   4 W   0.26295 0.10967 0.09126 0.08109 0.07359 0.06709 0.06089 0.05471 0.04863 0.05811 0.09201 ( 1)  0.589 +-  1.004
   5 L   0.28808 0.10503 0.08774 0.07827 0.07124 0.06509 0.05919 0.05325 0.04738 0.05659 0.08815 ( 1)  0.569 +-  0.985
   6 L   0.28856 0.10537 0.08798 0.07844 0.07134 0.06514 0.05920 0.05322 0.04733 0.05651 0.08693 ( 1)  0.563 +-  0.969
   7 L   0.30568 0.10306 0.08627 0.07700 0.07007 0.06397 0.05811 0.05222 0.04640 0.05536 0.08184 ( 1)  0.538 +-  0.919
   8 N   0.27992 0.10824 0.09013 0.08007 0.07259 0.06609 0.05990 0.05372 0.04766 0.05688 0.08481 ( 1)  0.554 +-  0.927
   9 L   0.04936 0.03154 0.04213 0.05115 0.05848 0.06396 0.06737 0.06847 0.06722 0.08248 0.41783 (11)  2.118 +-  2.589
  10 L   0.36049 0.09332 0.07885 0.07097 0.06496 0.05957 0.05430 0.04892 0.04354 0.05192 0.07316 ( 1)  0.493 +-  0.867
  11 F   0.28840 0.10634 0.08874 0.07898 0.07171 0.06537 0.05930 0.05323 0.04727 0.05640 0.08426 ( 1)  0.551 +-  0.930
  12 R   0.29846 0.10426 0.08718 0.07774 0.07069 0.06451 0.05859 0.05264 0.04677 0.05581 0.08335 ( 1)  0.546 +-  0.932
  13 Q   0.29831 0.10329 0.08661 0.07735 0.07044 0.06438 0.05855 0.05267 0.04686 0.05594 0.08560 ( 1)  0.556 +-  0.963
  14 D   0.29466 0.10929 0.09065 0.08017 0.07233 0.06550 0.05905 0.05267 0.04649 0.05534 0.07385 ( 1)  0.505 +-  0.798
  15 R   0.36517 0.09416 0.07948 0.07133 0.06509 0.05951 0.05408 0.04857 0.04310 0.05133 0.06817 ( 1)  0.471 +-  0.800
  16 E   0.34808 0.09481 0.08005 0.07200 0.06590 0.06045 0.05512 0.04969 0.04426 0.05281 0.07684 ( 1)  0.511 +-  0.904
  17 F   0.03312 0.03175 0.04251 0.05155 0.05890 0.06440 0.06782 0.06892 0.06768 0.08308 0.43027 (11)  2.180 +-  2.614
  18 T   0.29886 0.10435 0.08724 0.07778 0.07071 0.06452 0.05858 0.05262 0.04674 0.05577 0.08281 ( 1)  0.543 +-  0.924
  19 D   0.34830 0.09567 0.08066 0.07243 0.06618 0.06061 0.05518 0.04966 0.04417 0.05266 0.07447 ( 1)  0.501 +-  0.870
  20 R   0.28709 0.11078 0.09175 0.08104 0.07305 0.06611 0.05956 0.05311 0.04687 0.05579 0.07485 ( 1)  0.510 +-  0.802
  21 S   0.31116 0.10069 0.08460 0.07575 0.06912 0.06328 0.05763 0.05191 0.04622 0.05518 0.08446 ( 1)  0.550 +-  0.965
  22 E   0.35697 0.09794 0.08209 0.07324 0.06648 0.06047 0.05468 0.04889 0.04321 0.05138 0.06466 ( 1)  0.458 +-  0.745
  23 D   0.29631 0.10497 0.08758 0.07805 0.07094 0.06471 0.05874 0.05276 0.04686 0.05592 0.08317 ( 1)  0.545 +-  0.926
  24 R   0.34348 0.10029 0.08388 0.07471 0.06773 0.06156 0.05564 0.04973 0.04395 0.05227 0.06674 ( 1)  0.469 +-  0.757
  25 H   0.31096 0.10265 0.08588 0.07665 0.06972 0.06363 0.05778 0.05189 0.04608 0.05496 0.07978 ( 1)  0.528 +-  0.897
  26 K   0.32917 0.10338 0.08609 0.07645 0.06916 0.06275 0.05663 0.05055 0.04463 0.05308 0.06809 ( 1)  0.477 +-  0.762
  27 M   0.30116 0.10392 0.08692 0.07752 0.07050 0.06434 0.05843 0.05249 0.04663 0.05563 0.08247 ( 1)  0.541 +-  0.922
  28 V   0.29042 0.10963 0.09089 0.08041 0.07258 0.06577 0.05932 0.05295 0.04677 0.05570 0.07557 ( 1)  0.513 +-  0.815
  29 L   0.27627 0.10921 0.09084 0.08062 0.07303 0.06643 0.06017 0.05393 0.04782 0.05706 0.08462 ( 1)  0.553 +-  0.919
  30 L   0.32882 0.10288 0.08585 0.07631 0.06909 0.06274 0.05667 0.05063 0.04473 0.05321 0.06906 ( 1)  0.481 +-  0.773
  31 I   0.31791 0.09974 0.08383 0.07510 0.06856 0.06278 0.05717 0.05150 0.04585 0.05473 0.08283 ( 1)  0.542 +-  0.952
  32 R   0.29632 0.10464 0.08748 0.07798 0.07089 0.06469 0.05874 0.05277 0.04688 0.05594 0.08368 ( 1)  0.548 +-  0.934
  33 G   0.27406 0.10732 0.08954 0.07974 0.07248 0.06616 0.06012 0.05407 0.04809 0.05746 0.09096 ( 1)  0.583 +-  1.005
  34 K   0.30819 0.10439 0.08707 0.07741 0.07017 0.06384 0.05778 0.05175 0.04585 0.05464 0.07891 ( 1)  0.530 +-  0.914
  35 P   0.30179 0.10151 0.08526 0.07634 0.06969 0.06384 0.05818 0.05245 0.04674 0.05585 0.08836 ( 1)  0.569 +-  1.008
  36 V   0.04217 0.03410 0.04530 0.05463 0.06209 0.06754 0.07078 0.07158 0.06994 0.08536 0.39652 (11)  1.991 +-  2.479
  37 S   0.25816 0.11434 0.09461 0.08347 0.07524 0.06815 0.06148 0.05491 0.04854 0.05789 0.08320 ( 1)  0.549 +-  0.878
  38 S   0.36515 0.09430 0.07940 0.07126 0.06505 0.05948 0.05406 0.04856 0.04310 0.05134 0.06831 ( 1)  0.472 +-  0.802
  39 E   0.31454 0.10270 0.08593 0.07662 0.06962 0.06347 0.05756 0.05164 0.04581 0.05460 0.07750 ( 1)  0.518 +-  0.873
  40 I   0.29546 0.10702 0.08903 0.07906 0.07161 0.06512 0.05892 0.05276 0.04673 0.05569 0.07861 ( 1)  0.525 +-  0.860
  41 L   0.31720 0.10299 0.08592 0.07657 0.06954 0.06335 0.05741 0.05147 0.04562 0.05436 0.07557 ( 1)  0.509 +-  0.845
  42 S   0.25297 0.11341 0.09407 0.08319 0.07518 0.06826 0.06174 0.05528 0.04899 0.05849 0.08842 ( 1)  0.573 +-  0.940
  43 N   0.31962 0.10541 0.08768 0.07769 0.07016 0.06355 0.05728 0.05108 0.04505 0.05357 0.06890 ( 1)  0.482 +-  0.767
  44 P   0.33002 0.09853 0.08276 0.07418 0.06770 0.06196 0.05640 0.05076 0.04515 0.05387 0.07868 ( 1)  0.522 +-  0.908
  45 E   0.25662 0.11427 0.09459 0.08349 0.07530 0.06823 0.06158 0.05502 0.04867 0.05805 0.08418 ( 1)  0.553 +-  0.887
  46 Q   0.31943 0.10538 0.08758 0.07764 0.07014 0.06356 0.05731 0.05112 0.04511 0.05364 0.06908 ( 1)  0.482 +-  0.765
  47 V   0.28941 0.10646 0.08873 0.07895 0.07166 0.06530 0.05923 0.05315 0.04718 0.05629 0.08365 ( 1)  0.548 +-  0.925
  48 Y   0.30312 0.10572 0.08808 0.07828 0.07095 0.06453 0.05840 0.05229 0.04631 0.05519 0.07713 ( 1)  0.518 +-  0.851
  49 L   0.30769 0.10344 0.08656 0.07717 0.07014 0.06396 0.05803 0.05209 0.04623 0.05513 0.07956 ( 1)  0.528 +-  0.890
  50 L   0.32002 0.10169 0.08515 0.07599 0.06910 0.06303 0.05718 0.05131 0.04553 0.05427 0.07673 ( 1)  0.514 +-  0.869
  51 I   0.29366 0.10789 0.08968 0.07954 0.07196 0.06535 0.05907 0.05283 0.04675 0.05570 0.07757 ( 1)  0.521 +-  0.845
  52 S   0.31434 0.10568 0.08794 0.07798 0.07049 0.06392 0.05768 0.05149 0.04547 0.05410 0.07091 ( 1)  0.490 +-  0.782
  53 S   0.31117 0.10077 0.08438 0.07558 0.06900 0.06319 0.05757 0.05187 0.04621 0.05518 0.08507 ( 1)  0.553 +-  0.975
  54 N   0.31962 0.10541 0.08768 0.07769 0.07016 0.06355 0.05728 0.05108 0.04505 0.05357 0.06890 ( 1)  0.482 +-  0.767
  55 M   0.30542 0.10288 0.08616 0.07693 0.07002 0.06395 0.05812 0.05224 0.04643 0.05540 0.08245 ( 1)  0.541 +-  0.927
  56 A   0.32044 0.09824 0.08275 0.07430 0.06797 0.06236 0.05690 0.05134 0.04579 0.05469 0.08521 ( 1)  0.553 +-  0.989
  57 L   0.28932 0.11119 0.09198 0.08114 0.07304 0.06602 0.05940 0.05290 0.04662 0.05547 0.07293 ( 1)  0.503 +-  0.783
  58 V   0.32777 0.10309 0.08600 0.07643 0.06919 0.06283 0.05674 0.05069 0.04479 0.05328 0.06919 ( 1)  0.481 +-  0.774
  59 T   0.32944 0.10194 0.08521 0.07587 0.06881 0.06258 0.05662 0.05066 0.04482 0.05334 0.07072 ( 1)  0.487 +-  0.795
  60 A   0.28838 0.10536 0.08796 0.07842 0.07134 0.06514 0.05920 0.05323 0.04734 0.05653 0.08710 ( 1)  0.564 +-  0.970
  61 A   0.33146 0.10222 0.08535 0.07591 0.06877 0.06247 0.05645 0.05045 0.04459 0.05304 0.06929 ( 1)  0.482 +-  0.784
  62 N   0.32111 0.10364 0.08649 0.07689 0.06965 0.06328 0.05720 0.05114 0.04522 0.05383 0.07154 ( 1)  0.492 +-  0.797
  63 Q   0.26212 0.10975 0.09134 0.08116 0.07365 0.06714 0.06095 0.05476 0.04868 0.05816 0.09229 ( 1)  0.590 +-  1.007
  64 L   0.29938 0.10782 0.08951 0.07931 0.07168 0.06502 0.05869 0.05243 0.04633 0.05517 0.07467 ( 1)  0.508 +-  0.814
  65 K   0.34798 0.09977 0.08346 0.07433 0.06738 0.06123 0.05532 0.04942 0.04366 0.05191 0.06554 ( 1)  0.464 +-  0.748
  66 S   0.28918 0.10713 0.08913 0.07923 0.07186 0.06542 0.05928 0.05316 0.04715 0.05624 0.08221 ( 1)  0.541 +-  0.903
  67 M   0.32598 0.10250 0.08563 0.07622 0.06910 0.06284 0.05684 0.05086 0.04500 0.05356 0.07145 ( 1)  0.491 +-  0.803
  68 A   0.29221 0.10795 0.08971 0.07958 0.07202 0.06542 0.05915 0.05292 0.04684 0.05583 0.07836 ( 1)  0.524 +-  0.855
  69 V   0.30430 0.10792 0.08954 0.07924 0.07151 0.06477 0.05837 0.05206 0.04593 0.05465 0.07169 ( 1)  0.495 +-  0.781
  70 K   0.32261 0.10404 0.08675 0.07703 0.06970 0.06325 0.05711 0.05100 0.04505 0.05360 0.06986 ( 1)  0.485 +-  0.777
  71 R   0.28722 0.11015 0.09127 0.08071 0.07284 0.06600 0.05953 0.05314 0.04694 0.05590 0.07631 ( 1)  0.516 +-  0.822
  72 F   0.31989 0.10171 0.08517 0.07601 0.06911 0.06304 0.05719 0.05132 0.04554 0.05428 0.07675 ( 1)  0.514 +-  0.869
  73 T   0.31856 0.10282 0.08598 0.07659 0.06952 0.06331 0.05734 0.05138 0.04552 0.05423 0.07474 ( 1)  0.505 +-  0.837
  74 G   0.32605 0.10109 0.08464 0.07554 0.06868 0.06263 0.05680 0.05095 0.04518 0.05383 0.07459 ( 1)  0.504 +-  0.843
  75 Q   0.28198 0.11179 0.09249 0.08163 0.07353 0.06652 0.05991 0.05341 0.04712 0.05610 0.07552 ( 1)  0.514 +-  0.805
  76 Q   0.27563 0.10971 0.09113 0.08082 0.07317 0.06653 0.06022 0.05395 0.04782 0.05704 0.08398 ( 1)  0.551 +-  0.910
  77 D   0.33452 0.10099 0.08448 0.07528 0.06831 0.06216 0.05625 0.05034 0.04455 0.05302 0.07008 ( 1)  0.484 +-  0.793
  78 G   0.28607 0.10771 0.08957 0.07958 0.07215 0.06567 0.05950 0.05334 0.04730 0.05643 0.08267 ( 1)  0.544 +-  0.905
  79 L   0.30262 0.10436 0.08728 0.07775 0.07062 0.06437 0.05839 0.05239 0.04649 0.05544 0.08030 ( 1)  0.531 +-  0.893
  80 L   0.28761 0.11140 0.09214 0.08128 0.07317 0.06614 0.05952 0.05301 0.04672 0.05560 0.07341 ( 1)  0.505 +-  0.787
  81 Y   0.30505 0.10671 0.08870 0.07866 0.07114 0.06456 0.05830 0.05209 0.04604 0.05482 0.07395 ( 1)  0.504 +-  0.812
  82 L   0.35651 0.09400 0.07941 0.07142 0.06535 0.05990 0.05459 0.04916 0.04375 0.05218 0.07372 ( 1)  0.496 +-  0.870
  83 H   0.30287 0.10391 0.08691 0.07749 0.07044 0.06426 0.05833 0.05238 0.04651 0.05548 0.08141 ( 1)  0.537 +-  0.910
  84 Q   0.31479 0.10391 0.08666 0.07711 0.06994 0.06364 0.05761 0.05158 0.04568 0.05441 0.07467 ( 1)  0.506 +-  0.831
  85 R   0.29606 0.10342 0.08663 0.07738 0.07050 0.06446 0.05865 0.05279 0.04698 0.05611 0.08701 ( 1)  0.563 +-  0.980
  86 E   0.31691 0.10452 0.08708 0.07736 0.07004 0.06362 0.05749 0.05139 0.04544 0.05409 0.07206 ( 1)  0.494 +-  0.798
  87 M   0.28504 0.10779 0.08974 0.07972 0.07226 0.06577 0.05958 0.05341 0.04736 0.05650 0.08284 ( 1)  0.545 +-  0.906
  88 A   0.28122 0.11020 0.09140 0.08092 0.07311 0.06633 0.05992 0.05356 0.04738 0.05647 0.07950 ( 1)  0.530 +-  0.856
  89 V   0.31507 0.10339 0.08639 0.07693 0.06982 0.06357 0.05758 0.05159 0.04571 0.05446 0.07549 ( 1)  0.509 +-  0.843
  90 V   0.32822 0.10301 0.08593 0.07638 0.06915 0.06279 0.05671 0.05067 0.04476 0.05325 0.06914 ( 1)  0.481 +-  0.773
  91 S   0.29095 0.10444 0.08735 0.07796 0.07098 0.06487 0.05900 0.05309 0.04724 0.05642 0.08771 ( 1)  0.567 +-  0.983
  92 S   0.29797 0.10880 0.09017 0.07976 0.07197 0.06519 0.05876 0.05242 0.04627 0.05507 0.07362 ( 1)  0.505 +-  0.805
  93 C   0.28048 0.10917 0.09074 0.08047 0.07284 0.06620 0.05990 0.05364 0.04752 0.05667 0.08238 ( 1)  0.544 +-  0.897
  94 D   0.31776 0.10533 0.08759 0.07768 0.07021 0.06367 0.05744 0.05126 0.04525 0.05383 0.06997 ( 1)  0.486 +-  0.773
  95 P   0.36038 0.09311 0.07863 0.07081 0.06485 0.05951 0.05427 0.04892 0.04356 0.05196 0.07400 ( 1)  0.497 +-  0.880
  96 C   0.42109 0.08079 0.06946 0.06337 0.05862 0.05424 0.04982 0.04518 0.04044 0.04833 0.06865 ( 1)  0.466 +-  0.881
  97 V   0.31077 0.10209 0.08555 0.07642 0.06958 0.06356 0.05776 0.05192 0.04614 0.05505 0.08115 ( 1)  0.535 +-  0.916
  98 R   0.29978 0.10641 0.08871 0.07878 0.07134 0.06485 0.05866 0.05250 0.04647 0.05537 0.07713 ( 1)  0.518 +-  0.846
  99 T   0.28636 0.10925 0.09069 0.08035 0.07264 0.06593 0.05957 0.05327 0.04713 0.05616 0.07865 ( 1)  0.526 +-  0.850
 100 L   0.32508 0.10345 0.08627 0.07665 0.06938 0.06299 0.05689 0.05083 0.04491 0.05343 0.07011 ( 1)  0.486 +-  0.788
 101 G   0.32285 0.09995 0.08388 0.07507 0.06845 0.06259 0.05692 0.05120 0.04552 0.05430 0.07927 ( 1)  0.525 +-  0.906
 102 S   0.31116 0.10069 0.08460 0.07575 0.06912 0.06328 0.05763 0.05191 0.04622 0.05518 0.08446 ( 1)  0.550 +-  0.965
 103 D   0.27827 0.10804 0.09000 0.08000 0.07258 0.06612 0.05996 0.05382 0.04778 0.05703 0.08640 ( 1)  0.562 +-  0.948
 104 G   0.36155 0.09580 0.08063 0.07217 0.06571 0.05994 0.05435 0.04872 0.04316 0.05136 0.06662 ( 1)  0.465 +-  0.776
 105 A   0.30335 0.10811 0.08968 0.07935 0.07160 0.06484 0.05844 0.05211 0.04598 0.05471 0.07182 ( 1)  0.496 +-  0.782
 106 T   0.29491 0.10510 0.08776 0.07820 0.07106 0.06482 0.05884 0.05285 0.04694 0.05601 0.08349 ( 1)  0.547 +-  0.928
 107 S   0.32164 0.09898 0.08324 0.07464 0.06818 0.06246 0.05691 0.05128 0.04567 0.05452 0.08249 ( 1)  0.540 +-  0.951
 108 C   0.28659 0.11026 0.09136 0.08078 0.07290 0.06605 0.05957 0.05318 0.04697 0.05594 0.07639 ( 1)  0.517 +-  0.823
 109 L   0.30118 0.10760 0.08934 0.07916 0.07154 0.06489 0.05857 0.05231 0.04622 0.05503 0.07416 ( 1)  0.506 +-  0.810
 110 V   0.30481 0.10782 0.08947 0.07918 0.07146 0.06472 0.05834 0.05203 0.04591 0.05462 0.07163 ( 1)  0.495 +-  0.781
 111 L   0.29489 0.10762 0.08947 0.07937 0.07183 0.06525 0.05899 0.05277 0.04670 0.05564 0.07747 ( 1)  0.520 +-  0.844
 112 V   0.31423 0.10009 0.08412 0.07536 0.06880 0.06301 0.05740 0.05172 0.04606 0.05500 0.08420 ( 1)  0.549 +-  0.966
 113 L   0.32460 0.10354 0.08634 0.07670 0.06943 0.06303 0.05693 0.05086 0.04493 0.05346 0.07017 ( 1)  0.487 +-  0.788
 114 R   0.29773 0.10791 0.08969 0.07947 0.07181 0.06514 0.05880 0.05253 0.04643 0.05528 0.07521 ( 1)  0.511 +-  0.821
 115 R   0.28389 0.10855 0.09025 0.08008 0.07251 0.06593 0.05966 0.05344 0.04735 0.05646 0.08188 ( 1)  0.541 +-  0.894
 116 I   0.32344 0.10300 0.08600 0.07651 0.06935 0.06305 0.05702 0.05101 0.04512 0.05372 0.07179 ( 1)  0.493 +-  0.805
 117 S   0.27054 0.11149 0.09255 0.08188 0.07396 0.06711 0.06063 0.05422 0.04799 0.05722 0.08241 ( 1)  0.544 +-  0.882
 118 N   0.30818 0.10505 0.08755 0.07784 0.07055 0.06416 0.05806 0.05198 0.04603 0.05483 0.07576 ( 1)  0.511 +-  0.838
 119 G   0.30447 0.10844 0.08987 0.07944 0.07161 0.06478 0.05833 0.05196 0.04581 0.05449 0.07081 ( 1)  0.492 +-  0.776
 120 D   0.26707 0.10786 0.09009 0.08022 0.07293 0.06660 0.06054 0.05447 0.04848 0.05795 0.09379 ( 1)  0.597 +-  1.035
 121 T   0.31452 0.10145 0.08509 0.07605 0.06926 0.06328 0.05751 0.05170 0.04595 0.05481 0.08039 ( 1)  0.531 +-  0.910
 122 C   0.33040 0.10174 0.08507 0.07576 0.06871 0.06250 0.05654 0.05059 0.04476 0.05328 0.07062 ( 1)  0.487 +-  0.796
 123 M   0.30249 0.10854 0.08997 0.07955 0.07174 0.06493 0.05849 0.05213 0.04598 0.05470 0.07148 ( 1)  0.495 +-  0.778
 124 L   0.30115 0.10761 0.08934 0.07917 0.07154 0.06489 0.05857 0.05231 0.04622 0.05503 0.07416 ( 1)  0.506 +-  0.810
 125 K   0.28417 0.10972 0.09100 0.08059 0.07284 0.06610 0.05972 0.05339 0.04723 0.05629 0.07895 ( 1)  0.528 +-  0.851
 126 Y   0.28290 0.11188 0.09248 0.08160 0.07349 0.06646 0.05984 0.05333 0.04703 0.05599 0.07500 ( 1)  0.512 +-  0.801

Positively selected sites

	Prob(w>1)  mean w


