Supplemental results for CODEML (seqf: algn  treef: tree)


dN/dS (w) for site classes (K=8)

p:   0.12500  0.12500  0.12500  0.12500  0.12500  0.12500  0.12500  0.12500
w:   0.34553  0.36943  0.38437  0.39692  0.40892  0.42164  0.43701  0.46213

Naive Empirical Bayes (NEB) probabilities for 8 classes & postmean_w
(amino acids refer to 1st sequence: Smed.1196)

   1 D   0.13489 0.13060 0.12801 0.12588 0.12389 0.12182 0.11938 0.11553 ( 1)  0.402
   2 V   0.13306 0.12959 0.12748 0.12574 0.12411 0.12241 0.12040 0.11721 ( 1)  0.402
   3 T   0.13348 0.12982 0.12760 0.12578 0.12406 0.12228 0.12016 0.11681 ( 1)  0.402
   4 F   0.11343 0.11853 0.12157 0.12405 0.12636 0.12873 0.13151 0.13583 ( 8)  0.405
   5 F   0.12869 0.12714 0.12618 0.12538 0.12462 0.12382 0.12286 0.12131 ( 1)  0.403
   6 E   0.13392 0.13007 0.12773 0.12581 0.12401 0.12213 0.11992 0.11642 ( 1)  0.402
   7 T   0.13303 0.12958 0.12748 0.12575 0.12412 0.12242 0.12041 0.11721 ( 1)  0.402
   8 N   0.13504 0.13068 0.12805 0.12589 0.12387 0.12177 0.11930 0.11541 ( 1)  0.402
   9 A   0.13282 0.12946 0.12742 0.12573 0.12415 0.12249 0.12053 0.11740 ( 1)  0.402
  10 I   0.13339 0.12977 0.12757 0.12576 0.12407 0.12230 0.12022 0.11691 ( 1)  0.402
  11 G   0.13206 0.12904 0.12720 0.12568 0.12424 0.12274 0.12095 0.11809 ( 1)  0.402
  12 Y   0.13245 0.12926 0.12731 0.12570 0.12419 0.12261 0.12074 0.11776 ( 1)  0.402
  13 H   0.13343 0.12981 0.12761 0.12579 0.12408 0.12229 0.12018 0.11681 ( 1)  0.402
  14 L   0.12766 0.12655 0.12586 0.12528 0.12473 0.12415 0.12345 0.12232 ( 1)  0.403
  15 S   0.11219 0.11775 0.12111 0.12387 0.12645 0.12912 0.13227 0.13724 ( 8)  0.405
  16 N   0.12947 0.12758 0.12642 0.12545 0.12453 0.12357 0.12242 0.12056 ( 1)  0.402
  17 E   0.13392 0.13007 0.12773 0.12581 0.12401 0.12213 0.11992 0.11642 ( 1)  0.402
  18 Q   0.13130 0.12862 0.12698 0.12561 0.12433 0.12298 0.12138 0.11880 ( 1)  0.402
  19 L   0.13019 0.12799 0.12664 0.12551 0.12445 0.12334 0.12201 0.11987 ( 1)  0.402
  20 R   0.13308 0.12962 0.12750 0.12576 0.12412 0.12241 0.12038 0.11714 ( 1)  0.402
  21 G   0.12921 0.12743 0.12633 0.12542 0.12456 0.12365 0.12257 0.12083 ( 1)  0.403
  22 N   0.12947 0.12758 0.12642 0.12545 0.12453 0.12357 0.12242 0.12056 ( 1)  0.402
  23 K   0.11306 0.11830 0.12144 0.12400 0.12639 0.12885 0.13173 0.13623 ( 8)  0.405
  24 N   0.13504 0.13068 0.12805 0.12589 0.12387 0.12177 0.11930 0.11541 ( 1)  0.402
  25 Q   0.13130 0.12862 0.12698 0.12561 0.12433 0.12298 0.12138 0.11880 ( 1)  0.402
  26 S   0.11101 0.11701 0.12067 0.12369 0.12653 0.12949 0.13301 0.13861 ( 8)  0.406
  27 A   0.11259 0.11800 0.12126 0.12393 0.12642 0.12899 0.13202 0.13678 ( 8)  0.405
  28 V   0.13349 0.12982 0.12760 0.12577 0.12406 0.12227 0.12016 0.11682 ( 1)  0.402
  29 A   0.11398 0.11887 0.12178 0.12413 0.12632 0.12856 0.13117 0.13520 ( 8)  0.405
  30 Q   0.11306 0.11830 0.12144 0.12400 0.12639 0.12885 0.13173 0.13623 ( 8)  0.405
  31 W   0.12663 0.12595 0.12553 0.12517 0.12484 0.12448 0.12405 0.12335 ( 1)  0.403
  32 S   0.13052 0.12817 0.12673 0.12554 0.12441 0.12323 0.12182 0.11957 ( 1)  0.402
  33 N   0.13504 0.13068 0.12805 0.12589 0.12387 0.12177 0.11930 0.11541 ( 1)  0.402
  34 Y   0.13245 0.12926 0.12731 0.12570 0.12419 0.12261 0.12074 0.11776 ( 1)  0.402
  35 G   0.11193 0.11760 0.12103 0.12384 0.12647 0.12920 0.13242 0.13750 ( 8)  0.405
  36 V   0.11214 0.11772 0.12109 0.12385 0.12644 0.12913 0.13231 0.13732 ( 8)  0.405
  37 I   0.11403 0.11891 0.12180 0.12415 0.12632 0.12854 0.13113 0.13512 ( 8)  0.405
  38 G   0.13228 0.12917 0.12727 0.12570 0.12421 0.12267 0.12082 0.11788 ( 1)  0.402
  39 L   0.13113 0.12852 0.12691 0.12559 0.12434 0.12303 0.12148 0.11899 ( 1)  0.402
  40 L   0.13113 0.12852 0.12691 0.12559 0.12434 0.12303 0.12148 0.11899 ( 1)  0.402
  41 S   0.11214 0.11773 0.12110 0.12387 0.12646 0.12914 0.13230 0.13727 ( 8)  0.405
  42 A   0.13326 0.12971 0.12755 0.12577 0.12409 0.12235 0.12028 0.11700 ( 1)  0.402
  43 I   0.12762 0.12652 0.12584 0.12527 0.12473 0.12416 0.12348 0.12237 ( 1)  0.403
  44 G   0.13206 0.12904 0.12720 0.12568 0.12424 0.12274 0.12095 0.11809 ( 1)  0.402
  45 T   0.13303 0.12958 0.12748 0.12575 0.12412 0.12242 0.12041 0.11721 ( 1)  0.402
  46 L   0.13012 0.12793 0.12659 0.12549 0.12445 0.12336 0.12207 0.12001 ( 1)  0.402
  47 V   0.13306 0.12959 0.12748 0.12574 0.12411 0.12241 0.12040 0.11721 ( 1)  0.402
  48 F   0.13403 0.13014 0.12777 0.12582 0.12400 0.12210 0.11985 0.11629 ( 1)  0.402
  49 P   0.13133 0.12864 0.12699 0.12562 0.12433 0.12297 0.12136 0.11877 ( 1)  0.402
  50 C   0.11115 0.11710 0.12072 0.12371 0.12652 0.12945 0.13292 0.13844 ( 8)  0.406
  51 L   0.10913 0.11581 0.11994 0.12338 0.12664 0.13007 0.13419 0.14084 ( 8)  0.406
  52 G   0.11388 0.11881 0.12174 0.12412 0.12633 0.12859 0.13123 0.13531 ( 8)  0.405
  53 L   0.11304 0.11829 0.12143 0.12400 0.12639 0.12885 0.13174 0.13626 ( 8)  0.405
  54 M   0.13162 0.12881 0.12708 0.12565 0.12430 0.12288 0.12119 0.11848 ( 1)  0.402
  55 Q   0.11306 0.11830 0.12144 0.12400 0.12639 0.12885 0.13173 0.13623 ( 8)  0.405
  56 L   0.10907 0.11575 0.11988 0.12334 0.12662 0.13009 0.13425 0.14100 ( 8)  0.406
  57 N   0.11230 0.11781 0.12114 0.12388 0.12643 0.12908 0.13221 0.13714 ( 8)  0.405
  58 K   0.11587 0.12003 0.12246 0.12439 0.12616 0.12796 0.13001 0.13312 ( 8)  0.405
  59 S   0.09213 0.10487 0.11322 0.12046 0.12758 0.13534 0.14499 0.16142 ( 8)  0.409


lnL =  -335.173362

