Supplemental results for CODEML (seqf: algn  treef: tree)


dN/dS (w) for site classes (K=9)

p:   0.00000  0.00000  0.00000  0.00000  0.00000  0.00000  0.00000  0.00000  0.99999
w:   1.00000  1.00000  1.00000  1.00000  1.00000  1.00000  1.00000  1.00000  1.15292

Naive Empirical Bayes (NEB) probabilities for 9 classes & postmean_w & P(w>1)
(amino acids refer to 1st sequence: Mcor.10777)

   1 M   0.00000 0.00000 0.00000 0.00000 0.00000 0.00000 0.00000 0.00000 0.99999 ( 9)  1.153  1.000
   2 N   0.00000 0.00000 0.00000 0.00000 0.00000 0.00000 0.00000 0.00000 0.99999 ( 9)  1.153  1.000
   3 V   0.00000 0.00000 0.00000 0.00000 0.00000 0.00000 0.00000 0.00000 0.99999 ( 9)  1.153  1.000
   4 L   0.00000 0.00000 0.00000 0.00000 0.00000 0.00000 0.00000 0.00000 0.99999 ( 9)  1.153  1.000
   5 K   0.00000 0.00000 0.00000 0.00000 0.00000 0.00000 0.00000 0.00000 0.99999 ( 9)  1.153  1.000
   6 S   0.00000 0.00000 0.00000 0.00000 0.00000 0.00000 0.00000 0.00000 0.99999 ( 9)  1.153  1.000
   7 R   0.00000 0.00000 0.00000 0.00000 0.00000 0.00000 0.00000 0.00000 0.99999 ( 9)  1.153  1.000
   8 L   0.00000 0.00000 0.00000 0.00000 0.00000 0.00000 0.00000 0.00000 0.99999 ( 9)  1.153  1.000
   9 S   0.00000 0.00000 0.00000 0.00000 0.00000 0.00000 0.00000 0.00000 0.99999 ( 9)  1.153  1.000
  10 D   0.00000 0.00000 0.00000 0.00000 0.00000 0.00000 0.00000 0.00000 0.99999 ( 9)  1.153  1.000
  11 G   0.00000 0.00000 0.00000 0.00000 0.00000 0.00000 0.00000 0.00000 0.99999 ( 9)  1.153  1.000
  12 L   0.00000 0.00000 0.00000 0.00000 0.00000 0.00000 0.00000 0.00000 0.99999 ( 9)  1.153  1.000
  13 F   0.00000 0.00000 0.00000 0.00000 0.00000 0.00000 0.00000 0.00000 0.99999 ( 9)  1.153  1.000
  14 C   0.00000 0.00000 0.00000 0.00000 0.00000 0.00000 0.00000 0.00000 0.99999 ( 9)  1.153  1.000
  15 Q   0.00000 0.00000 0.00000 0.00000 0.00000 0.00000 0.00000 0.00000 0.99999 ( 9)  1.153  1.000
  16 V   0.00000 0.00000 0.00000 0.00000 0.00000 0.00000 0.00000 0.00000 0.99999 ( 9)  1.153  1.000
  17 V   0.00000 0.00000 0.00000 0.00000 0.00000 0.00000 0.00000 0.00000 0.99999 ( 9)  1.153  1.000
  18 L   0.00000 0.00000 0.00000 0.00000 0.00000 0.00000 0.00000 0.00000 0.99999 ( 9)  1.153  1.000
  19 D   0.00000 0.00000 0.00000 0.00000 0.00000 0.00000 0.00000 0.00000 0.99999 ( 9)  1.153  1.000
  20 S   0.00000 0.00000 0.00000 0.00000 0.00000 0.00000 0.00000 0.00000 0.99999 ( 9)  1.153  1.000
  21 K   0.00000 0.00000 0.00000 0.00000 0.00000 0.00000 0.00000 0.00000 0.99999 ( 9)  1.153  1.000
  22 Y   0.00000 0.00000 0.00000 0.00000 0.00000 0.00000 0.00000 0.00000 0.99999 ( 9)  1.153  1.000
  23 F   0.00000 0.00000 0.00000 0.00000 0.00000 0.00000 0.00000 0.00000 0.99999 ( 9)  1.153  1.000
  24 I   0.00000 0.00000 0.00000 0.00000 0.00000 0.00000 0.00000 0.00000 0.99999 ( 9)  1.153  1.000
  25 H   0.00000 0.00000 0.00000 0.00000 0.00000 0.00000 0.00000 0.00000 0.99999 ( 9)  1.153  1.000
  26 Y   0.00000 0.00000 0.00000 0.00000 0.00000 0.00000 0.00000 0.00000 0.99999 ( 9)  1.153  1.000
  27 T   0.00000 0.00000 0.00000 0.00000 0.00000 0.00000 0.00000 0.00000 0.99999 ( 9)  1.153  1.000
  28 Q   0.00000 0.00000 0.00000 0.00000 0.00000 0.00000 0.00000 0.00000 0.99999 ( 9)  1.153  1.000
  29 K   0.00000 0.00000 0.00000 0.00000 0.00000 0.00000 0.00000 0.00000 0.99999 ( 9)  1.153  1.000
  30 V   0.00000 0.00000 0.00000 0.00000 0.00000 0.00000 0.00000 0.00000 0.99999 ( 9)  1.153  1.000
  31 V   0.00000 0.00000 0.00000 0.00000 0.00000 0.00000 0.00000 0.00000 0.99999 ( 9)  1.153  1.000
  32 Q   0.00000 0.00000 0.00000 0.00000 0.00000 0.00000 0.00000 0.00000 0.99999 ( 9)  1.153  1.000
  33 L   0.00000 0.00000 0.00000 0.00000 0.00000 0.00000 0.00000 0.00000 0.99999 ( 9)  1.153  1.000
  34 I   0.00000 0.00000 0.00000 0.00000 0.00000 0.00000 0.00000 0.00000 0.99999 ( 9)  1.153  1.000
  35 A   0.00000 0.00000 0.00000 0.00000 0.00000 0.00000 0.00000 0.00000 0.99999 ( 9)  1.153  1.000
  36 T   0.00000 0.00000 0.00000 0.00000 0.00000 0.00000 0.00000 0.00000 0.99999 ( 9)  1.153  1.000
  37 D   0.00000 0.00000 0.00000 0.00000 0.00000 0.00000 0.00000 0.00000 0.99999 ( 9)  1.153  1.000
  38 K   0.00000 0.00000 0.00000 0.00000 0.00000 0.00000 0.00000 0.00000 0.99999 ( 9)  1.153  1.000
  39 D   0.00000 0.00000 0.00000 0.00000 0.00000 0.00000 0.00000 0.00000 0.99999 ( 9)  1.153  1.000
  40 L   0.00000 0.00000 0.00000 0.00000 0.00000 0.00000 0.00000 0.00000 0.99999 ( 9)  1.153  1.000
  41 C   0.00000 0.00000 0.00000 0.00000 0.00000 0.00000 0.00000 0.00000 0.99999 ( 9)  1.153  1.000
  42 V   0.00000 0.00000 0.00000 0.00000 0.00000 0.00000 0.00000 0.00000 0.99999 ( 9)  1.153  1.000
  43 S   0.00000 0.00000 0.00000 0.00000 0.00000 0.00000 0.00000 0.00000 0.99999 ( 9)  1.153  1.000
  44 P   0.00000 0.00000 0.00000 0.00000 0.00000 0.00000 0.00000 0.00000 0.99999 ( 9)  1.153  1.000
  45 N   0.00000 0.00000 0.00000 0.00000 0.00000 0.00000 0.00000 0.00000 0.99999 ( 9)  1.153  1.000
  46 F   0.00000 0.00000 0.00000 0.00000 0.00000 0.00000 0.00000 0.00000 0.99999 ( 9)  1.153  1.000
  47 P   0.00000 0.00000 0.00000 0.00000 0.00000 0.00000 0.00000 0.00000 0.99999 ( 9)  1.153  1.000
  48 L   0.00000 0.00000 0.00000 0.00000 0.00000 0.00000 0.00000 0.00000 0.99999 ( 9)  1.153  1.000
  49 A   0.00000 0.00000 0.00000 0.00000 0.00000 0.00000 0.00000 0.00000 0.99999 ( 9)  1.153  1.000
  50 D   0.00000 0.00000 0.00000 0.00000 0.00000 0.00000 0.00000 0.00000 0.99999 ( 9)  1.153  1.000
  51 C   0.00000 0.00000 0.00000 0.00000 0.00000 0.00000 0.00000 0.00000 0.99999 ( 9)  1.153  1.000
  52 Q   0.00000 0.00000 0.00000 0.00000 0.00000 0.00000 0.00000 0.00000 0.99999 ( 9)  1.153  1.000
  53 S   0.00000 0.00000 0.00000 0.00000 0.00000 0.00000 0.00000 0.00000 0.99999 ( 9)  1.153  1.000
  54 M   0.00000 0.00000 0.00000 0.00000 0.00000 0.00000 0.00000 0.00000 0.99999 ( 9)  1.153  1.000
  55 E   0.00000 0.00000 0.00000 0.00000 0.00000 0.00000 0.00000 0.00000 0.99999 ( 9)  1.153  1.000
  56 Y   0.00000 0.00000 0.00000 0.00000 0.00000 0.00000 0.00000 0.00000 0.99999 ( 9)  1.153  1.000
  57 L   0.00000 0.00000 0.00000 0.00000 0.00000 0.00000 0.00000 0.00000 0.99999 ( 9)  1.153  1.000
  58 I   0.00000 0.00000 0.00000 0.00000 0.00000 0.00000 0.00000 0.00000 0.99999 ( 9)  1.153  1.000
  59 T   0.00000 0.00000 0.00000 0.00000 0.00000 0.00000 0.00000 0.00000 0.99999 ( 9)  1.153  1.000
  60 Y   0.00000 0.00000 0.00000 0.00000 0.00000 0.00000 0.00000 0.00000 0.99999 ( 9)  1.153  1.000
  61 A   0.00000 0.00000 0.00000 0.00000 0.00000 0.00000 0.00000 0.00000 0.99999 ( 9)  1.153  1.000
  62 A   0.00000 0.00000 0.00000 0.00000 0.00000 0.00000 0.00000 0.00000 0.99999 ( 9)  1.153  1.000
  63 S   0.00000 0.00000 0.00000 0.00000 0.00000 0.00000 0.00000 0.00000 0.99999 ( 9)  1.153  1.000
  64 E   0.00000 0.00000 0.00000 0.00000 0.00000 0.00000 0.00000 0.00000 0.99999 ( 9)  1.153  1.000
  65 P   0.00000 0.00000 0.00000 0.00000 0.00000 0.00000 0.00000 0.00000 0.99999 ( 9)  1.153  1.000
  66 P   0.00000 0.00000 0.00000 0.00000 0.00000 0.00000 0.00000 0.00000 0.99999 ( 9)  1.153  1.000
  67 L   0.00000 0.00000 0.00000 0.00000 0.00000 0.00000 0.00000 0.00000 0.99999 ( 9)  1.153  1.000
  68 F   0.00000 0.00000 0.00000 0.00000 0.00000 0.00000 0.00000 0.00000 0.99999 ( 9)  1.153  1.000
  69 K   0.00000 0.00000 0.00000 0.00000 0.00000 0.00000 0.00000 0.00000 0.99999 ( 9)  1.153  1.000
  70 I   0.00000 0.00000 0.00000 0.00000 0.00000 0.00000 0.00000 0.00000 0.99999 ( 9)  1.153  1.000
  71 N   0.00000 0.00000 0.00000 0.00000 0.00000 0.00000 0.00000 0.00000 0.99999 ( 9)  1.153  1.000
  72 H   0.00000 0.00000 0.00000 0.00000 0.00000 0.00000 0.00000 0.00000 0.99999 ( 9)  1.153  1.000
  73 K   0.00000 0.00000 0.00000 0.00000 0.00000 0.00000 0.00000 0.00000 0.99999 ( 9)  1.153  1.000
  74 G   0.00000 0.00000 0.00000 0.00000 0.00000 0.00000 0.00000 0.00000 0.99999 ( 9)  1.153  1.000
  75 K   0.00000 0.00000 0.00000 0.00000 0.00000 0.00000 0.00000 0.00000 0.99999 ( 9)  1.153  1.000
  76 I   0.00000 0.00000 0.00000 0.00000 0.00000 0.00000 0.00000 0.00000 0.99999 ( 9)  1.153  1.000
  77 Y   0.00000 0.00000 0.00000 0.00000 0.00000 0.00000 0.00000 0.00000 0.99999 ( 9)  1.153  1.000
  78 F   0.00000 0.00000 0.00000 0.00000 0.00000 0.00000 0.00000 0.00000 0.99999 ( 9)  1.153  1.000
  79 N   0.00000 0.00000 0.00000 0.00000 0.00000 0.00000 0.00000 0.00000 0.99999 ( 9)  1.153  1.000
  80 T   0.00000 0.00000 0.00000 0.00000 0.00000 0.00000 0.00000 0.00000 0.99999 ( 9)  1.153  1.000
  81 N   0.00000 0.00000 0.00000 0.00000 0.00000 0.00000 0.00000 0.00000 0.99999 ( 9)  1.153  1.000

Positively selected sites

	Prob(w>1)  mean w

     1 M      1.000**       1.153
     2 N      1.000**       1.153
     3 V      1.000**       1.153
     4 L      1.000**       1.153
     5 K      1.000**       1.153
     6 S      1.000**       1.153
     7 R      1.000**       1.153
     8 L      1.000**       1.153
     9 S      1.000**       1.153
    10 D      1.000**       1.153
    11 G      1.000**       1.153
    12 L      1.000**       1.153
    13 F      1.000**       1.153
    14 C      1.000**       1.153
    15 Q      1.000**       1.153
    16 V      1.000**       1.153
    17 V      1.000**       1.153
    18 L      1.000**       1.153
    19 D      1.000**       1.153
    20 S      1.000**       1.153
    21 K      1.000**       1.153
    22 Y      1.000**       1.153
    23 F      1.000**       1.153
    24 I      1.000**       1.153
    25 H      1.000**       1.153
    26 Y      1.000**       1.153
    27 T      1.000**       1.153
    28 Q      1.000**       1.153
    29 K      1.000**       1.153
    30 V      1.000**       1.153
    31 V      1.000**       1.153
    32 Q      1.000**       1.153
    33 L      1.000**       1.153
    34 I      1.000**       1.153
    35 A      1.000**       1.153
    36 T      1.000**       1.153
    37 D      1.000**       1.153
    38 K      1.000**       1.153
    39 D      1.000**       1.153
    40 L      1.000**       1.153
    41 C      1.000**       1.153
    42 V      1.000**       1.153
    43 S      1.000**       1.153
    44 P      1.000**       1.153
    45 N      1.000**       1.153
    46 F      1.000**       1.153
    47 P      1.000**       1.153
    48 L      1.000**       1.153
    49 A      1.000**       1.153
    50 D      1.000**       1.153
    51 C      1.000**       1.153
    52 Q      1.000**       1.153
    53 S      1.000**       1.153
    54 M      1.000**       1.153
    55 E      1.000**       1.153
    56 Y      1.000**       1.153
    57 L      1.000**       1.153
    58 I      1.000**       1.153
    59 T      1.000**       1.153
    60 Y      1.000**       1.153
    61 A      1.000**       1.153
    62 A      1.000**       1.153
    63 S      1.000**       1.153
    64 E      1.000**       1.153
    65 P      1.000**       1.153
    66 P      1.000**       1.153
    67 L      1.000**       1.153
    68 F      1.000**       1.153
    69 K      1.000**       1.153
    70 I      1.000**       1.153
    71 N      1.000**       1.153
    72 H      1.000**       1.153
    73 K      1.000**       1.153
    74 G      1.000**       1.153
    75 K      1.000**       1.153
    76 I      1.000**       1.153
    77 Y      1.000**       1.153
    78 F      1.000**       1.153
    79 N      1.000**       1.153
    80 T      1.000**       1.153
    81 N      1.000**       1.153


lnL =  -652.556457

Bayes Empirical Bayes (BEB) probabilities for 11 classes (class) & postmean_w
(amino acids refer to 1st sequence: Mcor.10777)

   1 M   0.16214 0.07789 0.04972 0.03451 0.02642 0.02233 0.02071 0.02119 0.02510 0.12381 0.43619 (11)  2.746 +-  3.297
   2 N   0.00122 0.00548 0.01039 0.01439 0.01747 0.02004 0.02266 0.02623 0.03330 0.15733 0.69147 (11)  4.248 +-  3.371
   3 V   0.00477 0.00932 0.01360 0.01683 0.01938 0.02166 0.02416 0.02774 0.03498 0.16364 0.66392 (11)  4.082 +-  3.374
   4 L   0.00216 0.00594 0.01010 0.01355 0.01634 0.01882 0.02146 0.02509 0.03219 0.15402 0.70033 (11)  4.296 +-  3.370
   5 K   0.00005 0.00069 0.00231 0.00473 0.00770 0.01107 0.01496 0.01993 0.02829 0.14576 0.76451 (11)  4.645 +-  3.321
   6 S   0.00034 0.00202 0.00486 0.00822 0.01177 0.01544 0.01942 0.02440 0.03294 0.16064 0.71995 (11)  4.398 +-  3.348
   7 R   0.00024 0.00107 0.00257 0.00459 0.00705 0.00994 0.01342 0.01805 0.02603 0.13772 0.77932 (11)  4.725 +-  3.311
   8 L   0.00431 0.00846 0.01247 0.01563 0.01825 0.02065 0.02325 0.02686 0.03402 0.15990 0.67621 (11)  4.163 +-  3.379
   9 S   0.00270 0.00584 0.00931 0.01249 0.01547 0.01841 0.02165 0.02594 0.03385 0.16196 0.69239 (11)  4.244 +-  3.366
  10 D   0.00063 0.00311 0.00645 0.00979 0.01298 0.01613 0.01953 0.02395 0.03186 0.15543 0.72014 (11)  4.402 +-  3.354
  11 G   0.00027 0.00168 0.00419 0.00731 0.01074 0.01440 0.01843 0.02350 0.03212 0.15839 0.72898 (11)  4.448 +-  3.344
  12 L   0.00673 0.01106 0.01420 0.01620 0.01783 0.01955 0.02177 0.02518 0.03221 0.15459 0.68068 (11)  4.178 +-  3.382
  13 F   0.00009 0.00079 0.00236 0.00466 0.00750 0.01077 0.01458 0.01950 0.02781 0.14417 0.76777 (11)  4.663 +-  3.319
  14 C   0.00853 0.01538 0.02106 0.02444 0.02641 0.02773 0.02915 0.03166 0.03797 0.17039 0.60728 (11)  3.769 +-  3.370
  15 Q   0.00804 0.01499 0.02168 0.02646 0.02980 0.03229 0.03462 0.03789 0.04519 0.19493 0.55411 (11)  3.466 +-  3.313
  16 V   0.00697 0.01204 0.01575 0.01785 0.01925 0.02057 0.02233 0.02528 0.03180 0.15167 0.67651 (11)  4.161 +-  3.389
  17 V   0.00607 0.01104 0.01510 0.01771 0.01956 0.02120 0.02317 0.02626 0.03294 0.15559 0.67137 (11)  4.133 +-  3.386
  18 L   0.00007 0.00073 0.00229 0.00458 0.00738 0.01061 0.01437 0.01923 0.02746 0.14283 0.77044 (11)  4.677 +-  3.317
  19 D   0.00052 0.00272 0.00586 0.00913 0.01230 0.01546 0.01891 0.02337 0.03131 0.15387 0.72655 (11)  4.436 +-  3.350
  20 S   0.00481 0.00922 0.01324 0.01620 0.01853 0.02064 0.02300 0.02641 0.03337 0.15746 0.67714 (11)  4.168 +-  3.381
  21 K   0.00264 0.00627 0.01004 0.01310 0.01565 0.01803 0.02067 0.02436 0.03154 0.15241 0.70530 (11)  4.322 +-  3.370
  22 Y   0.00399 0.00754 0.01061 0.01286 0.01474 0.01663 0.01893 0.02236 0.02918 0.14395 0.71921 (11)  4.399 +-  3.370
  23 F   0.00028 0.00168 0.00399 0.00673 0.00970 0.01287 0.01644 0.02106 0.02905 0.14691 0.75130 (11)  4.575 +-  3.335
  24 I   0.00049 0.00265 0.00586 0.00925 0.01254 0.01574 0.01917 0.02353 0.03131 0.15306 0.72638 (11)  4.441 +-  3.352
  25 H   0.01492 0.02278 0.02704 0.02795 0.02763 0.02719 0.02735 0.02892 0.03427 0.15666 0.60530 (11)  3.763 +-  3.393
  26 Y   0.00962 0.01639 0.02120 0.02348 0.02447 0.02508 0.02599 0.02810 0.03385 0.15585 0.63598 (11)  3.939 +-  3.395
  27 T   0.00017 0.00112 0.00296 0.00542 0.00832 0.01160 0.01539 0.02028 0.02858 0.14650 0.75966 (11)  4.620 +-  3.326
  28 Q   0.00016 0.00113 0.00307 0.00567 0.00871 0.01207 0.01589 0.02076 0.02904 0.14772 0.75579 (11)  4.598 +-  3.329
  29 K   0.00034 0.00198 0.00467 0.00780 0.01109 0.01451 0.01827 0.02305 0.03130 0.15474 0.73224 (11)  4.468 +-  3.345
  30 V   0.00021 0.00135 0.00338 0.00597 0.00889 0.01209 0.01575 0.02046 0.02854 0.14560 0.75777 (11)  4.610 +-  3.329
  31 V   0.00058 0.00293 0.00620 0.00954 0.01277 0.01597 0.01943 0.02390 0.03185 0.15556 0.72128 (11)  4.408 +-  3.353
  32 Q   0.00091 0.00434 0.00866 0.01253 0.01575 0.01858 0.02150 0.02533 0.03263 0.15578 0.70400 (11)  4.317 +-  3.365
  33 L   0.00573 0.01041 0.01418 0.01662 0.01838 0.02000 0.02196 0.02506 0.03167 0.15130 0.68468 (11)  4.208 +-  3.385
  34 I   0.00024 0.00150 0.00368 0.00635 0.00931 0.01251 0.01612 0.02078 0.02879 0.14612 0.75459 (11)  4.594 +-  3.332
  35 A   0.00305 0.00682 0.01067 0.01375 0.01627 0.01858 0.02114 0.02472 0.03180 0.15286 0.70034 (11)  4.295 +-  3.372
  36 T   0.00041 0.00229 0.00524 0.00855 0.01194 0.01539 0.01912 0.02385 0.03207 0.15702 0.72412 (11)  4.422 +-  3.348
  37 D   0.00024 0.00152 0.00376 0.00651 0.00953 0.01277 0.01641 0.02108 0.02913 0.14722 0.75183 (11)  4.578 +-  3.334
  38 K   0.00021 0.00145 0.00374 0.00663 0.00982 0.01321 0.01697 0.02173 0.02989 0.14993 0.74642 (11)  4.548 +-  3.336
  39 D   0.00019 0.00119 0.00296 0.00522 0.00782 0.01076 0.01421 0.01877 0.02664 0.13912 0.77313 (11)  4.693 +-  3.317
  40 L   0.00014 0.00104 0.00287 0.00538 0.00834 0.01166 0.01547 0.02037 0.02866 0.14669 0.75937 (11)  4.617 +-  3.326
  41 C   0.01287 0.02089 0.02609 0.02801 0.02838 0.02833 0.02868 0.03036 0.03587 0.16217 0.59834 (11)  3.720 +-  3.380
  42 V   0.00354 0.00751 0.01150 0.01470 0.01731 0.01966 0.02221 0.02575 0.03279 0.15575 0.68927 (11)  4.235 +-  3.376
  43 S   0.00454 0.00897 0.01317 0.01636 0.01889 0.02113 0.02357 0.02705 0.03409 0.15997 0.67226 (11)  4.139 +-  3.380
  44 P   0.00127 0.00319 0.00579 0.00866 0.01174 0.01504 0.01878 0.02362 0.03204 0.15790 0.72197 (11)  4.407 +-  3.351
  45 N   0.00018 0.00120 0.00309 0.00554 0.00836 0.01150 0.01512 0.01982 0.02786 0.14333 0.76400 (11)  4.644 +-  3.324
  46 F   0.00044 0.00250 0.00573 0.00931 0.01288 0.01641 0.02014 0.02482 0.03299 0.15957 0.71521 (11)  4.374 +-  3.353
  47 P   0.00546 0.00992 0.01356 0.01598 0.01781 0.01953 0.02161 0.02481 0.03152 0.15110 0.68870 (11)  4.230 +-  3.383
  48 L   0.00599 0.01010 0.01319 0.01522 0.01689 0.01864 0.02085 0.02424 0.03116 0.15075 0.69297 (11)  4.251 +-  3.382
  49 A   0.00702 0.01155 0.01479 0.01676 0.01830 0.01990 0.02199 0.02530 0.03223 0.15445 0.67770 (11)  4.161 +-  3.384
  50 D   0.00927 0.01505 0.01877 0.02048 0.02143 0.02238 0.02385 0.02662 0.03308 0.15592 0.65316 (11)  4.025 +-  3.391
  51 C   0.00014 0.00096 0.00253 0.00467 0.00724 0.01022 0.01376 0.01841 0.02638 0.13857 0.77714 (11)  4.716 +-  3.313
  52 Q   0.11028 0.06440 0.05013 0.04018 0.03336 0.02894 0.02651 0.02620 0.02966 0.13759 0.45275 (11)  2.870 +-  3.300
  53 S   0.00092 0.00447 0.00906 0.01323 0.01670 0.01968 0.02265 0.02647 0.03375 0.15902 0.69404 (11)  4.264 +-  3.368
  54 M   0.00547 0.01030 0.01444 0.01723 0.01927 0.02108 0.02317 0.02636 0.03312 0.15633 0.67324 (11)  4.143 +-  3.384
  55 E   0.00347 0.00742 0.01119 0.01404 0.01631 0.01842 0.02084 0.02434 0.03134 0.15134 0.70130 (11)  4.299 +-  3.374
  56 Y   0.00064 0.00331 0.00704 0.01070 0.01403 0.01710 0.02030 0.02440 0.03191 0.15408 0.71648 (11)  4.386 +-  3.358
  57 L   0.07477 0.04396 0.03499 0.02914 0.02549 0.02350 0.02297 0.02417 0.02897 0.13866 0.55338 (11)  3.445 +-  3.412
  58 I   0.08740 0.04712 0.03499 0.02792 0.02393 0.02197 0.02159 0.02295 0.02784 0.13528 0.54901 (11)  3.414 +-  3.417
  59 T   0.00720 0.01265 0.01687 0.01937 0.02102 0.02245 0.02424 0.02721 0.03385 0.15863 0.65652 (11)  4.043 +-  3.384
  60 Y   0.00041 0.00232 0.00534 0.00872 0.01216 0.01562 0.01936 0.02407 0.03228 0.15758 0.72213 (11)  4.412 +-  3.350
  61 A   0.00381 0.00761 0.01115 0.01387 0.01611 0.01823 0.02067 0.02418 0.03115 0.15055 0.70267 (11)  4.308 +-  3.374
  62 A   0.00021 0.00145 0.00374 0.00663 0.00982 0.01321 0.01697 0.02173 0.02989 0.14993 0.74642 (11)  4.548 +-  3.336
  63 S   0.00034 0.00193 0.00449 0.00743 0.01049 0.01369 0.01723 0.02179 0.02974 0.14891 0.74396 (11)  4.535 +-  3.340
  64 E   0.00017 0.00121 0.00321 0.00584 0.00886 0.01220 0.01597 0.02081 0.02904 0.14765 0.75503 (11)  4.594 +-  3.330
  65 P   0.00018 0.00118 0.00302 0.00542 0.00817 0.01124 0.01478 0.01938 0.02728 0.14093 0.76841 (11)  4.670 +-  3.321
  66 P   0.00033 0.00196 0.00464 0.00774 0.01098 0.01431 0.01794 0.02255 0.03056 0.15146 0.73754 (11)  4.501 +-  3.344
  67 L   0.00123 0.00334 0.00614 0.00907 0.01203 0.01505 0.01840 0.02276 0.03052 0.15064 0.73081 (11)  4.464 +-  3.351
  68 F   0.00039 0.00217 0.00493 0.00801 0.01115 0.01436 0.01786 0.02235 0.03023 0.15011 0.73845 (11)  4.505 +-  3.344
  69 K   0.01498 0.02131 0.02393 0.02407 0.02368 0.02361 0.02431 0.02644 0.03227 0.15175 0.63366 (11)  3.917 +-  3.402
  70 I   0.00045 0.00240 0.00530 0.00844 0.01159 0.01478 0.01827 0.02276 0.03067 0.15164 0.73372 (11)  4.480 +-  3.347
  71 N   0.00033 0.00189 0.00439 0.00729 0.01036 0.01360 0.01721 0.02184 0.02989 0.14967 0.74352 (11)  4.533 +-  3.340
  72 H   0.00675 0.01161 0.01530 0.01759 0.01927 0.02090 0.02296 0.02621 0.03311 0.15710 0.66920 (11)  4.114 +-  3.383
  73 K   0.00018 0.00130 0.00349 0.00633 0.00952 0.01296 0.01678 0.02162 0.02987 0.15013 0.74781 (11)  4.555 +-  3.335
  74 G   0.10810 0.06616 0.05273 0.04241 0.03483 0.02960 0.02647 0.02553 0.02836 0.13112 0.45469 (11)  2.886 +-  3.312
  75 K   0.00003 0.00048 0.00177 0.00387 0.00664 0.00994 0.01385 0.01889 0.02733 0.14310 0.77411 (11)  4.697 +-  3.312
  76 I   0.00011 0.00098 0.00290 0.00556 0.00868 0.01213 0.01601 0.02092 0.02924 0.14841 0.75506 (11)  4.594 +-  3.329
  77 Y   0.00051 0.00282 0.00633 0.01011 0.01379 0.01736 0.02109 0.02575 0.03395 0.16260 0.70570 (11)  4.321 +-  3.356
  78 F   0.00405 0.00798 0.01162 0.01439 0.01665 0.01876 0.02117 0.02464 0.03160 0.15200 0.69714 (11)  4.276 +-  3.376
  79 N   0.00122 0.00548 0.01039 0.01439 0.01747 0.02004 0.02266 0.02623 0.03330 0.15733 0.69147 (11)  4.248 +-  3.371
  80 T   0.00018 0.00116 0.00298 0.00536 0.00811 0.01119 0.01478 0.01944 0.02744 0.14191 0.76745 (11)  4.663 +-  3.321
  81 N   0.00035 0.00199 0.00457 0.00751 0.01059 0.01381 0.01738 0.02197 0.02997 0.14977 0.74207 (11)  4.525 +-  3.341

Positively selected sites

	Prob(w>1)  mean w

     2 N      0.691         4.248 +- 3.371
     3 V      0.664         4.082 +- 3.374
     4 L      0.700         4.296 +- 3.370
     5 K      0.765         4.645 +- 3.321
     6 S      0.720         4.398 +- 3.348
     7 R      0.779         4.725 +- 3.311
     8 L      0.676         4.163 +- 3.379
     9 S      0.692         4.244 +- 3.366
    10 D      0.720         4.402 +- 3.354
    11 G      0.729         4.448 +- 3.344
    12 L      0.681         4.178 +- 3.382
    13 F      0.768         4.663 +- 3.319
    14 C      0.607         3.769 +- 3.370
    15 Q      0.554         3.466 +- 3.313
    16 V      0.677         4.161 +- 3.389
    17 V      0.671         4.133 +- 3.386
    18 L      0.770         4.677 +- 3.317
    19 D      0.727         4.436 +- 3.350
    20 S      0.677         4.168 +- 3.381
    21 K      0.705         4.322 +- 3.370
    22 Y      0.719         4.399 +- 3.370
    23 F      0.751         4.575 +- 3.335
    24 I      0.726         4.441 +- 3.352
    25 H      0.605         3.763 +- 3.393
    26 Y      0.636         3.939 +- 3.395
    27 T      0.760         4.620 +- 3.326
    28 Q      0.756         4.598 +- 3.329
    29 K      0.732         4.468 +- 3.345
    30 V      0.758         4.610 +- 3.329
    31 V      0.721         4.408 +- 3.353
    32 Q      0.704         4.317 +- 3.365
    33 L      0.685         4.208 +- 3.385
    34 I      0.755         4.594 +- 3.332
    35 A      0.700         4.295 +- 3.372
    36 T      0.724         4.422 +- 3.348
    37 D      0.752         4.578 +- 3.334
    38 K      0.746         4.548 +- 3.336
    39 D      0.773         4.693 +- 3.317
    40 L      0.759         4.617 +- 3.326
    41 C      0.598         3.720 +- 3.380
    42 V      0.689         4.235 +- 3.376
    43 S      0.672         4.139 +- 3.380
    44 P      0.722         4.407 +- 3.351
    45 N      0.764         4.644 +- 3.324
    46 F      0.715         4.374 +- 3.353
    47 P      0.689         4.230 +- 3.383
    48 L      0.693         4.251 +- 3.382
    49 A      0.678         4.161 +- 3.384
    50 D      0.653         4.025 +- 3.391
    51 C      0.777         4.716 +- 3.313
    53 S      0.694         4.264 +- 3.368
    54 M      0.673         4.143 +- 3.384
    55 E      0.701         4.299 +- 3.374
    56 Y      0.716         4.386 +- 3.358
    57 L      0.553         3.445 +- 3.412
    58 I      0.549         3.414 +- 3.417
    59 T      0.657         4.043 +- 3.384
    60 Y      0.722         4.412 +- 3.350
    61 A      0.703         4.308 +- 3.374
    62 A      0.746         4.548 +- 3.336
    63 S      0.744         4.535 +- 3.340
    64 E      0.755         4.594 +- 3.330
    65 P      0.768         4.670 +- 3.321
    66 P      0.738         4.501 +- 3.344
    67 L      0.731         4.464 +- 3.351
    68 F      0.738         4.505 +- 3.344
    69 K      0.634         3.917 +- 3.402
    70 I      0.734         4.480 +- 3.347
    71 N      0.744         4.533 +- 3.340
    72 H      0.669         4.114 +- 3.383
    73 K      0.748         4.555 +- 3.335
    75 K      0.774         4.697 +- 3.312
    76 I      0.755         4.594 +- 3.329
    77 Y      0.706         4.321 +- 3.356
    78 F      0.697         4.276 +- 3.376
    79 N      0.691         4.248 +- 3.371
    80 T      0.767         4.663 +- 3.321
    81 N      0.742         4.525 +- 3.341

