Supplemental results for CODEML (seqf: algn  treef: tree)


dN/dS (w) for site classes (K=8)

p:   0.12500  0.12500  0.12500  0.12500  0.12500  0.12500  0.12500  0.12500
w:   0.16456  0.18580  0.19957  0.21140  0.22294  0.23542  0.25082  0.27671

Naive Empirical Bayes (NEB) probabilities for 8 classes & postmean_w
(amino acids refer to 1st sequence: Mlig.24812)

   1 L   0.12537 0.12523 0.12513 0.12505 0.12497 0.12488 0.12478 0.12460 ( 1)  0.218
   2 V   0.12533 0.12520 0.12511 0.12504 0.12497 0.12490 0.12480 0.12465 ( 1)  0.218
   3 G   0.12535 0.12521 0.12512 0.12505 0.12497 0.12489 0.12479 0.12462 ( 1)  0.218
   4 C   0.12569 0.12542 0.12524 0.12509 0.12494 0.12478 0.12458 0.12425 ( 1)  0.218
   5 S   0.12560 0.12537 0.12521 0.12508 0.12495 0.12481 0.12464 0.12435 ( 1)  0.218
   6 C   0.12569 0.12542 0.12524 0.12509 0.12494 0.12478 0.12458 0.12425 ( 1)  0.218
   7 A   0.09438 0.10648 0.11432 0.12104 0.12760 0.13468 0.14342 0.15808 ( 8)  0.224
   8 V   0.12583 0.12550 0.12529 0.12511 0.12493 0.12474 0.12450 0.12411 ( 1)  0.218
   9 I   0.12583 0.12550 0.12529 0.12511 0.12493 0.12474 0.12450 0.12410 ( 1)  0.218
  10 A   0.12585 0.12552 0.12530 0.12511 0.12493 0.12473 0.12449 0.12408 ( 1)  0.218
  11 L   0.12537 0.12523 0.12513 0.12505 0.12497 0.12488 0.12478 0.12460 ( 1)  0.218
  12 L   0.12537 0.12523 0.12513 0.12505 0.12497 0.12488 0.12478 0.12460 ( 1)  0.218
  13 M   0.12574 0.12545 0.12526 0.12510 0.12494 0.12477 0.12455 0.12420 ( 1)  0.218
  14 L   0.12537 0.12523 0.12513 0.12505 0.12497 0.12488 0.12478 0.12460 ( 1)  0.218
  15 V   0.12533 0.12520 0.12511 0.12504 0.12497 0.12490 0.12480 0.12465 ( 1)  0.218
  16 L   0.12537 0.12523 0.12513 0.12505 0.12497 0.12488 0.12478 0.12460 ( 1)  0.218
  17 L   0.12567 0.12541 0.12523 0.12509 0.12494 0.12479 0.12460 0.12428 ( 1)  0.218
  18 P   0.09433 0.10645 0.11429 0.12103 0.12760 0.13470 0.14345 0.15815 ( 8)  0.224
  19 T   0.12530 0.12518 0.12510 0.12504 0.12497 0.12491 0.12482 0.12468 ( 1)  0.218
  20 G   0.12589 0.12554 0.12531 0.12511 0.12492 0.12472 0.12446 0.12404 ( 1)  0.218
  21 S   0.12587 0.12553 0.12530 0.12511 0.12493 0.12472 0.12448 0.12406 ( 1)  0.218
  22 R   0.12528 0.12517 0.12510 0.12504 0.12498 0.12491 0.12483 0.12470 ( 1)  0.218
  23 F   0.12568 0.12541 0.12524 0.12509 0.12494 0.12478 0.12459 0.12426 ( 1)  0.218
  24 N   0.12588 0.12553 0.12531 0.12511 0.12492 0.12472 0.12447 0.12405 ( 1)  0.218
  25 S   0.12587 0.12553 0.12530 0.12511 0.12493 0.12472 0.12448 0.12406 ( 1)  0.218
  26 S   0.12537 0.12522 0.12513 0.12505 0.12497 0.12488 0.12478 0.12460 ( 1)  0.218
  27 L   0.12512 0.12507 0.12504 0.12502 0.12499 0.12496 0.12493 0.12487 ( 1)  0.218
  28 F   0.12568 0.12541 0.12524 0.12509 0.12494 0.12478 0.12459 0.12426 ( 1)  0.218
  29 S   0.12537 0.12522 0.12513 0.12505 0.12497 0.12488 0.12478 0.12460 ( 1)  0.218
  30 S   0.12524 0.12514 0.12508 0.12503 0.12498 0.12492 0.12486 0.12474 ( 1)  0.218
  31 K   0.12530 0.12518 0.12510 0.12504 0.12497 0.12491 0.12482 0.12468 ( 1)  0.218
  32 H   0.12577 0.12547 0.12527 0.12510 0.12493 0.12476 0.12454 0.12417 ( 1)  0.218
  33 Q   0.12548 0.12529 0.12517 0.12506 0.12496 0.12485 0.12471 0.12448 ( 1)  0.218
  34 P   0.12552 0.12531 0.12518 0.12507 0.12496 0.12484 0.12469 0.12444 ( 1)  0.218
  35 P   0.12552 0.12531 0.12518 0.12507 0.12496 0.12484 0.12469 0.12444 ( 1)  0.218
  36 P   0.12520 0.12512 0.12507 0.12503 0.12498 0.12494 0.12488 0.12478 ( 1)  0.218
  37 P   0.12520 0.12512 0.12507 0.12503 0.12498 0.12494 0.12488 0.12478 ( 1)  0.218
  38 I   0.12535 0.12521 0.12512 0.12504 0.12497 0.12489 0.12479 0.12463 ( 1)  0.218
  39 L   0.12537 0.12523 0.12513 0.12505 0.12497 0.12488 0.12478 0.12460 ( 1)  0.218
  40 R   0.12515 0.12509 0.12505 0.12502 0.12499 0.12495 0.12491 0.12484 ( 1)  0.218
  41 P   0.12527 0.12516 0.12509 0.12503 0.12498 0.12492 0.12484 0.12471 ( 1)  0.218
  42 P   0.12552 0.12531 0.12518 0.12507 0.12496 0.12484 0.12469 0.12444 ( 1)  0.218
  43 L   0.12537 0.12523 0.12513 0.12505 0.12497 0.12488 0.12478 0.12460 ( 1)  0.218
  44 P   0.12552 0.12531 0.12518 0.12507 0.12496 0.12484 0.12469 0.12444 ( 1)  0.218
  45 R   0.12552 0.12531 0.12518 0.12507 0.12496 0.12484 0.12469 0.12444 ( 1)  0.218
  46 A   0.12565 0.12539 0.12523 0.12508 0.12494 0.12479 0.12461 0.12430 ( 1)  0.218
  47 V   0.12563 0.12538 0.12522 0.12508 0.12495 0.12480 0.12462 0.12432 ( 1)  0.218
  48 L   0.12515 0.12509 0.12505 0.12502 0.12499 0.12495 0.12491 0.12484 ( 1)  0.218
  49 E   0.12536 0.12522 0.12513 0.12505 0.12497 0.12489 0.12478 0.12461 ( 1)  0.218
  50 A   0.12534 0.12520 0.12512 0.12504 0.12497 0.12489 0.12480 0.12464 ( 1)  0.218
  51 A   0.12534 0.12520 0.12512 0.12504 0.12497 0.12489 0.12480 0.12464 ( 1)  0.218
  52 G   0.12589 0.12554 0.12531 0.12511 0.12492 0.12472 0.12446 0.12404 ( 1)  0.218
  53 A   0.12585 0.12552 0.12530 0.12511 0.12493 0.12473 0.12449 0.12408 ( 1)  0.218
  54 R   0.12528 0.12517 0.12510 0.12504 0.12498 0.12491 0.12483 0.12470 ( 1)  0.218
  55 Q   0.12548 0.12529 0.12517 0.12506 0.12496 0.12485 0.12471 0.12448 ( 1)  0.218
  56 R   0.12515 0.12509 0.12505 0.12502 0.12499 0.12495 0.12491 0.12484 ( 1)  0.218
  57 Q   0.12523 0.12514 0.12508 0.12503 0.12498 0.12493 0.12486 0.12475 ( 1)  0.218
  58 Q   0.12523 0.12514 0.12508 0.12503 0.12498 0.12493 0.12486 0.12475 ( 1)  0.218
  59 L   0.12512 0.12507 0.12504 0.12502 0.12499 0.12496 0.12493 0.12487 ( 1)  0.218
  60 Q   0.12548 0.12529 0.12517 0.12506 0.12496 0.12485 0.12471 0.12448 ( 1)  0.218
  61 P   0.12552 0.12531 0.12518 0.12507 0.12496 0.12484 0.12469 0.12444 ( 1)  0.218
  62 G   0.12526 0.12516 0.12509 0.12503 0.12498 0.12492 0.12484 0.12472 ( 1)  0.218
  63 I   0.12535 0.12521 0.12512 0.12504 0.12497 0.12489 0.12479 0.12463 ( 1)  0.218
  64 V   0.12583 0.12550 0.12529 0.12511 0.12493 0.12474 0.12450 0.12411 ( 1)  0.218
  65 M   0.12574 0.12545 0.12526 0.12510 0.12494 0.12477 0.12455 0.12420 ( 1)  0.218
  66 G   0.12589 0.12554 0.12531 0.12511 0.12492 0.12472 0.12446 0.12404 ( 1)  0.218
  67 V   0.12533 0.12520 0.12511 0.12504 0.12497 0.12490 0.12480 0.12465 ( 1)  0.218
  68 E   0.12576 0.12546 0.12526 0.12510 0.12494 0.12476 0.12454 0.12418 ( 1)  0.218
  69 E   0.12576 0.12546 0.12526 0.12510 0.12494 0.12476 0.12454 0.12418 ( 1)  0.218
  70 N   0.09480 0.10679 0.11452 0.12116 0.12761 0.13456 0.14312 0.15744 ( 8)  0.223
  71 I   0.12535 0.12521 0.12512 0.12504 0.12497 0.12489 0.12479 0.12463 ( 1)  0.218
  72 A   0.12534 0.12520 0.12512 0.12504 0.12497 0.12489 0.12480 0.12464 ( 1)  0.218
  73 E   0.12576 0.12546 0.12526 0.12510 0.12494 0.12476 0.12454 0.12418 ( 1)  0.218
  74 V   0.12563 0.12538 0.12522 0.12508 0.12495 0.12480 0.12462 0.12432 ( 1)  0.218
  75 R   0.12572 0.12543 0.12525 0.12509 0.12494 0.12477 0.12457 0.12423 ( 1)  0.218
  76 A   0.12585 0.12552 0.12530 0.12511 0.12493 0.12473 0.12449 0.12408 ( 1)  0.218
  77 E   0.12576 0.12546 0.12526 0.12510 0.12494 0.12476 0.12454 0.12418 ( 1)  0.218
  78 L   0.12537 0.12523 0.12513 0.12505 0.12497 0.12488 0.12478 0.12460 ( 1)  0.218
  79 L   0.12537 0.12523 0.12513 0.12505 0.12497 0.12488 0.12478 0.12460 ( 1)  0.218
  80 F   0.12529 0.12517 0.12510 0.12504 0.12498 0.12491 0.12483 0.12469 ( 1)  0.218
  81 G   0.12589 0.12554 0.12531 0.12511 0.12492 0.12472 0.12446 0.12404 ( 1)  0.218
  82 R   0.12565 0.12539 0.12523 0.12508 0.12494 0.12480 0.12461 0.12430 ( 1)  0.218
  83 R   0.12552 0.12531 0.12518 0.12507 0.12496 0.12484 0.12469 0.12444 ( 1)  0.218
  84 H   0.12577 0.12547 0.12527 0.12510 0.12493 0.12476 0.12454 0.12417 ( 1)  0.218
  85 S   0.12587 0.12553 0.12530 0.12511 0.12493 0.12472 0.12448 0.12406 ( 1)  0.218
  86 V   0.09443 0.10652 0.11434 0.12106 0.12760 0.13467 0.14338 0.15800 ( 8)  0.224
  87 A   0.12541 0.12525 0.12514 0.12505 0.12497 0.12487 0.12475 0.12456 ( 1)  0.218
  88 A   0.12555 0.12533 0.12519 0.12507 0.12495 0.12483 0.12467 0.12441 ( 1)  0.218
  89 A   0.12585 0.12552 0.12530 0.12511 0.12493 0.12473 0.12449 0.12408 ( 1)  0.218
  90 V   0.12533 0.12520 0.12511 0.12504 0.12497 0.12490 0.12480 0.12465 ( 1)  0.218
  91 A   0.12585 0.12552 0.12530 0.12511 0.12493 0.12473 0.12449 0.12408 ( 1)  0.218
  92 G   0.12589 0.12554 0.12531 0.12511 0.12492 0.12472 0.12446 0.12404 ( 1)  0.218
  93 R   0.09462 0.10666 0.11443 0.12111 0.12761 0.13461 0.14325 0.15772 ( 8)  0.224
  94 A   0.09460 0.10664 0.11442 0.12110 0.12761 0.13462 0.14326 0.15775 ( 8)  0.224
  95 Q   0.12548 0.12529 0.12517 0.12506 0.12496 0.12485 0.12471 0.12448 ( 1)  0.218
  96 R   0.12552 0.12531 0.12518 0.12507 0.12496 0.12484 0.12469 0.12444 ( 1)  0.218
  97 N   0.12537 0.12522 0.12513 0.12505 0.12497 0.12488 0.12478 0.12460 ( 1)  0.218
  98 G   0.12526 0.12516 0.12509 0.12503 0.12498 0.12492 0.12484 0.12472 ( 1)  0.218
  99 G   0.12526 0.12516 0.12509 0.12503 0.12498 0.12492 0.12484 0.12472 ( 1)  0.218
 100 A   0.12526 0.12515 0.12509 0.12503 0.12498 0.12492 0.12485 0.12472 ( 1)  0.218
 101 A   0.12534 0.12520 0.12512 0.12504 0.12497 0.12489 0.12480 0.12464 ( 1)  0.218
 102 P   0.12527 0.12516 0.12509 0.12503 0.12498 0.12492 0.12484 0.12471 ( 1)  0.218
 103 L   0.12515 0.12509 0.12505 0.12502 0.12499 0.12495 0.12491 0.12484 ( 1)  0.218
 104 A   0.12526 0.12515 0.12509 0.12503 0.12498 0.12492 0.12485 0.12472 ( 1)  0.218
 105 A   0.12585 0.12552 0.12530 0.12511 0.12493 0.12473 0.12449 0.12408 ( 1)  0.218
 106 A   0.12534 0.12520 0.12512 0.12504 0.12497 0.12489 0.12480 0.12464 ( 1)  0.218
 107 G   0.12589 0.12554 0.12531 0.12511 0.12492 0.12472 0.12446 0.12404 ( 1)  0.218
 108 A   0.12534 0.12520 0.12512 0.12504 0.12497 0.12489 0.12480 0.12464 ( 1)  0.218
 109 A   0.12585 0.12552 0.12530 0.12511 0.12493 0.12473 0.12449 0.12408 ( 1)  0.218
 110 G   0.12589 0.12554 0.12531 0.12511 0.12492 0.12472 0.12446 0.12404 ( 1)  0.218
 111 S   0.12560 0.12537 0.12521 0.12508 0.12495 0.12481 0.12464 0.12435 ( 1)  0.218
 112 D   0.12597 0.12558 0.12534 0.12512 0.12492 0.12469 0.12442 0.12396 ( 1)  0.218
 113 Q   0.09428 0.10641 0.11427 0.12102 0.12760 0.13471 0.14348 0.15823 ( 8)  0.224
 114 G   0.12589 0.12554 0.12531 0.12511 0.12492 0.12472 0.12446 0.12404 ( 1)  0.218
 115 F   0.12568 0.12541 0.12524 0.12509 0.12494 0.12478 0.12459 0.12426 ( 1)  0.218
 116 A   0.12534 0.12520 0.12512 0.12504 0.12497 0.12489 0.12480 0.12464 ( 1)  0.218
 117 V   0.12563 0.12538 0.12522 0.12508 0.12495 0.12480 0.12462 0.12432 ( 1)  0.218
 118 T   0.12557 0.12535 0.12520 0.12507 0.12495 0.12482 0.12465 0.12438 ( 1)  0.218
 119 P   0.12552 0.12531 0.12518 0.12507 0.12496 0.12484 0.12469 0.12444 ( 1)  0.218
 120 P   0.12552 0.12531 0.12518 0.12507 0.12496 0.12484 0.12469 0.12444 ( 1)  0.218
 121 P   0.12552 0.12531 0.12518 0.12507 0.12496 0.12484 0.12469 0.12444 ( 1)  0.218
 122 E   0.12536 0.12522 0.12513 0.12505 0.12497 0.12489 0.12478 0.12461 ( 1)  0.218
 123 V   0.12563 0.12538 0.12522 0.12508 0.12495 0.12480 0.12462 0.12432 ( 1)  0.218
 124 R   0.12572 0.12543 0.12525 0.12509 0.12494 0.12477 0.12457 0.12423 ( 1)  0.218
 125 A   0.12585 0.12552 0.12530 0.12511 0.12493 0.12473 0.12449 0.12408 ( 1)  0.218
 126 L   0.12537 0.12523 0.12513 0.12505 0.12497 0.12488 0.12478 0.12460 ( 1)  0.218
 127 W   0.12541 0.12525 0.12514 0.12505 0.12497 0.12487 0.12475 0.12455 ( 1)  0.218
 128 S   0.12528 0.12517 0.12510 0.12504 0.12498 0.12491 0.12483 0.12470 ( 1)  0.218
 129 G   0.12589 0.12554 0.12531 0.12511 0.12492 0.12472 0.12446 0.12404 ( 1)  0.218
 130 L   0.12537 0.12523 0.12513 0.12505 0.12497 0.12488 0.12478 0.12460 ( 1)  0.218
 131 P   0.12568 0.12541 0.12524 0.12509 0.12494 0.12479 0.12459 0.12427 ( 1)  0.218
 132 S   0.12544 0.12527 0.12515 0.12506 0.12496 0.12486 0.12474 0.12453 ( 1)  0.218
 133 A   0.12578 0.12547 0.12527 0.12510 0.12493 0.12475 0.12453 0.12416 ( 1)  0.218
 134 A   0.09483 0.10681 0.11454 0.12116 0.12761 0.13455 0.14310 0.15740 ( 8)  0.223
 135 G   0.12589 0.12554 0.12531 0.12511 0.12492 0.12472 0.12446 0.12404 ( 1)  0.218
 136 R   0.12552 0.12531 0.12518 0.12507 0.12496 0.12484 0.12469 0.12444 ( 1)  0.218
 137 E   0.12576 0.12546 0.12526 0.12510 0.12494 0.12476 0.12454 0.12418 ( 1)  0.218
 138 H   0.12577 0.12547 0.12527 0.12510 0.12493 0.12476 0.12454 0.12417 ( 1)  0.218
 139 G   0.12589 0.12554 0.12531 0.12511 0.12492 0.12472 0.12446 0.12404 ( 1)  0.218
 140 E   0.12576 0.12546 0.12526 0.12510 0.12494 0.12476 0.12454 0.12418 ( 1)  0.218
 141 G   0.12535 0.12521 0.12512 0.12505 0.12497 0.12489 0.12479 0.12462 ( 1)  0.218
 142 G   0.12589 0.12554 0.12531 0.12511 0.12492 0.12472 0.12446 0.12404 ( 1)  0.218
 143 Q   0.12548 0.12529 0.12517 0.12506 0.12496 0.12485 0.12471 0.12448 ( 1)  0.218
 144 P   0.12552 0.12531 0.12518 0.12507 0.12496 0.12484 0.12469 0.12444 ( 1)  0.218
 145 V   0.12583 0.12550 0.12529 0.12511 0.12493 0.12474 0.12450 0.12411 ( 1)  0.218
 146 T   0.12523 0.12514 0.12508 0.12503 0.12498 0.12493 0.12486 0.12476 ( 1)  0.218
 147 V   0.12533 0.12520 0.12511 0.12504 0.12497 0.12490 0.12480 0.12465 ( 1)  0.218
 148 D   0.12597 0.12558 0.12534 0.12512 0.12492 0.12469 0.12442 0.12396 ( 1)  0.218
 149 K   0.12530 0.12518 0.12510 0.12504 0.12497 0.12491 0.12482 0.12468 ( 1)  0.218
 150 E   0.12576 0.12546 0.12526 0.12510 0.12494 0.12476 0.12454 0.12418 ( 1)  0.218
 151 K   0.12530 0.12518 0.12510 0.12504 0.12497 0.12491 0.12482 0.12468 ( 1)  0.218
 152 L   0.12537 0.12523 0.12513 0.12505 0.12497 0.12488 0.12478 0.12460 ( 1)  0.218
 153 S   0.12540 0.12524 0.12514 0.12505 0.12497 0.12487 0.12476 0.12456 ( 1)  0.218
 154 A   0.12534 0.12520 0.12512 0.12504 0.12497 0.12489 0.12480 0.12464 ( 1)  0.218
 155 A   0.12565 0.12539 0.12523 0.12508 0.12494 0.12479 0.12461 0.12430 ( 1)  0.218
 156 E   0.12576 0.12546 0.12526 0.12510 0.12494 0.12476 0.12454 0.12418 ( 1)  0.218
 157 R   0.12528 0.12517 0.12510 0.12504 0.12498 0.12491 0.12483 0.12470 ( 1)  0.218
 158 K   0.12530 0.12518 0.12510 0.12504 0.12497 0.12491 0.12482 0.12468 ( 1)  0.218
 159 K   0.12567 0.12541 0.12523 0.12509 0.12494 0.12479 0.12460 0.12427 ( 1)  0.218
 160 V   0.12525 0.12515 0.12509 0.12503 0.12498 0.12492 0.12485 0.12473 ( 1)  0.218
 161 E   0.12536 0.12522 0.12513 0.12505 0.12497 0.12489 0.12478 0.12461 ( 1)  0.218
 162 D   0.12597 0.12558 0.12534 0.12512 0.12492 0.12469 0.12442 0.12396 ( 1)  0.218
 163 G   0.12589 0.12554 0.12531 0.12511 0.12492 0.12472 0.12446 0.12404 ( 1)  0.218
 164 W   0.12541 0.12525 0.12514 0.12505 0.12497 0.12487 0.12475 0.12455 ( 1)  0.218
 165 Q   0.12548 0.12529 0.12517 0.12506 0.12496 0.12485 0.12471 0.12448 ( 1)  0.218
 166 R   0.12565 0.12539 0.12523 0.12508 0.12494 0.12480 0.12461 0.12430 ( 1)  0.218
 167 N   0.12588 0.12553 0.12531 0.12511 0.12492 0.12472 0.12447 0.12405 ( 1)  0.218
 168 A   0.12526 0.12515 0.12509 0.12503 0.12498 0.12492 0.12485 0.12472 ( 1)  0.218
 169 F   0.12568 0.12541 0.12524 0.12509 0.12494 0.12478 0.12459 0.12426 ( 1)  0.218
 170 N   0.12588 0.12553 0.12531 0.12511 0.12492 0.12472 0.12447 0.12405 ( 1)  0.218
 171 Q   0.12548 0.12529 0.12517 0.12506 0.12496 0.12485 0.12471 0.12448 ( 1)  0.218
 172 Y   0.12568 0.12541 0.12524 0.12509 0.12494 0.12479 0.12459 0.12427 ( 1)  0.218
 173 V   0.12583 0.12550 0.12529 0.12511 0.12493 0.12474 0.12450 0.12411 ( 1)  0.218
 174 S   0.12587 0.12553 0.12530 0.12511 0.12493 0.12472 0.12448 0.12406 ( 1)  0.218
 175 D   0.12543 0.12526 0.12515 0.12506 0.12496 0.12487 0.12474 0.12454 ( 1)  0.218
 176 M   0.12574 0.12545 0.12526 0.12510 0.12494 0.12477 0.12455 0.12420 ( 1)  0.218
 177 I   0.12583 0.12550 0.12529 0.12511 0.12493 0.12474 0.12450 0.12410 ( 1)  0.218
 178 S   0.12544 0.12527 0.12515 0.12506 0.12496 0.12486 0.12474 0.12453 ( 1)  0.218
 179 V   0.12525 0.12515 0.12509 0.12503 0.12498 0.12492 0.12485 0.12473 ( 1)  0.218
 180 D   0.12543 0.12526 0.12515 0.12506 0.12496 0.12487 0.12474 0.12454 ( 1)  0.218
 181 R   0.12515 0.12509 0.12505 0.12502 0.12499 0.12495 0.12491 0.12484 ( 1)  0.218
 182 D   0.12597 0.12558 0.12534 0.12512 0.12492 0.12469 0.12442 0.12396 ( 1)  0.218
 183 V   0.12533 0.12520 0.12511 0.12504 0.12497 0.12490 0.12480 0.12465 ( 1)  0.218
 184 G   0.12589 0.12554 0.12531 0.12511 0.12492 0.12472 0.12446 0.12404 ( 1)  0.218
 185 D   0.12543 0.12526 0.12515 0.12506 0.12496 0.12487 0.12474 0.12454 ( 1)  0.218
 186 N   0.12537 0.12522 0.12513 0.12505 0.12497 0.12488 0.12478 0.12460 ( 1)  0.218
 187 R   0.12572 0.12543 0.12525 0.12509 0.12494 0.12477 0.12457 0.12423 ( 1)  0.218
 188 D   0.12597 0.12558 0.12534 0.12512 0.12492 0.12469 0.12442 0.12396 ( 1)  0.218
 189 A   0.12585 0.12552 0.12530 0.12511 0.12493 0.12473 0.12449 0.12408 ( 1)  0.218
 190 Q   0.12548 0.12529 0.12517 0.12506 0.12496 0.12485 0.12471 0.12448 ( 1)  0.218
 191 C   0.12569 0.12542 0.12524 0.12509 0.12494 0.12478 0.12458 0.12425 ( 1)  0.218
 192 K   0.12530 0.12518 0.12510 0.12504 0.12497 0.12491 0.12482 0.12468 ( 1)  0.218
 193 S   0.12544 0.12527 0.12515 0.12506 0.12496 0.12486 0.12474 0.12453 ( 1)  0.218
 194 A   0.12585 0.12552 0.12530 0.12511 0.12493 0.12473 0.12449 0.12408 ( 1)  0.218
 195 V   0.12563 0.12538 0.12522 0.12508 0.12495 0.12480 0.12462 0.12432 ( 1)  0.218
 196 Y   0.12568 0.12541 0.12524 0.12509 0.12494 0.12479 0.12459 0.12427 ( 1)  0.218
 197 A   0.12585 0.12552 0.12530 0.12511 0.12493 0.12473 0.12449 0.12408 ( 1)  0.218
 198 G   0.12589 0.12554 0.12531 0.12511 0.12492 0.12472 0.12446 0.12404 ( 1)  0.218
 199 Q   0.12548 0.12529 0.12517 0.12506 0.12496 0.12485 0.12471 0.12448 ( 1)  0.218
 200 L   0.12537 0.12523 0.12513 0.12505 0.12497 0.12488 0.12478 0.12460 ( 1)  0.218
 201 P   0.12552 0.12531 0.12518 0.12507 0.12496 0.12484 0.12469 0.12444 ( 1)  0.218
 202 D   0.12597 0.12558 0.12534 0.12512 0.12492 0.12469 0.12442 0.12396 ( 1)  0.218
 203 T   0.12557 0.12535 0.12520 0.12507 0.12495 0.12482 0.12465 0.12438 ( 1)  0.218
 204 S   0.12560 0.12537 0.12521 0.12508 0.12495 0.12481 0.12464 0.12435 ( 1)  0.218
 205 V   0.12533 0.12520 0.12511 0.12504 0.12497 0.12490 0.12480 0.12465 ( 1)  0.218
 206 I   0.12535 0.12521 0.12512 0.12504 0.12497 0.12489 0.12479 0.12463 ( 1)  0.218
 207 I   0.12583 0.12550 0.12529 0.12511 0.12493 0.12474 0.12450 0.12410 ( 1)  0.218
 208 C   0.12569 0.12542 0.12524 0.12509 0.12494 0.12478 0.12458 0.12425 ( 1)  0.218
 209 F   0.12529 0.12517 0.12510 0.12504 0.12498 0.12491 0.12483 0.12469 ( 1)  0.218
 210 H   0.12577 0.12547 0.12527 0.12510 0.12493 0.12476 0.12454 0.12417 ( 1)  0.218
 211 N   0.12588 0.12553 0.12531 0.12511 0.12492 0.12472 0.12447 0.12405 ( 1)  0.218
 212 E   0.12576 0.12546 0.12526 0.12510 0.12494 0.12476 0.12454 0.12418 ( 1)  0.218
 213 A   0.12585 0.12552 0.12530 0.12511 0.12493 0.12473 0.12449 0.12408 ( 1)  0.218
 214 W   0.12541 0.12525 0.12514 0.12505 0.12497 0.12487 0.12475 0.12455 ( 1)  0.218
 215 S   0.12524 0.12514 0.12508 0.12503 0.12498 0.12492 0.12486 0.12474 ( 1)  0.218
 216 V   0.12563 0.12538 0.12522 0.12508 0.12495 0.12480 0.12462 0.12432 ( 1)  0.218
 217 L   0.12534 0.12521 0.12512 0.12504 0.12497 0.12489 0.12479 0.12463 ( 1)  0.218
 218 L   0.12537 0.12523 0.12513 0.12505 0.12497 0.12488 0.12478 0.12460 ( 1)  0.218
 219 R   0.12572 0.12543 0.12525 0.12509 0.12494 0.12477 0.12457 0.12423 ( 1)  0.218
 220 T   0.12575 0.12545 0.12526 0.12510 0.12494 0.12476 0.12455 0.12419 ( 1)  0.218
 221 V   0.12583 0.12550 0.12529 0.12511 0.12493 0.12474 0.12450 0.12411 ( 1)  0.218
 222 H   0.12577 0.12547 0.12527 0.12510 0.12493 0.12476 0.12454 0.12417 ( 1)  0.218
 223 S   0.12544 0.12527 0.12515 0.12506 0.12496 0.12486 0.12474 0.12453 ( 1)  0.218
 224 V   0.12533 0.12520 0.12511 0.12504 0.12497 0.12490 0.12480 0.12465 ( 1)  0.218
 225 I   0.12535 0.12521 0.12512 0.12504 0.12497 0.12489 0.12479 0.12463 ( 1)  0.218
 226 N   0.12537 0.12522 0.12513 0.12505 0.12497 0.12488 0.12478 0.12460 ( 1)  0.218
 227 K   0.12530 0.12518 0.12510 0.12504 0.12497 0.12491 0.12482 0.12468 ( 1)  0.218
 228 S   0.12544 0.12527 0.12515 0.12506 0.12496 0.12486 0.12474 0.12453 ( 1)  0.218
 229 P   0.12532 0.12519 0.12511 0.12504 0.12497 0.12490 0.12481 0.12466 ( 1)  0.218
 230 G   0.12584 0.12551 0.12529 0.12511 0.12493 0.12473 0.12450 0.12410 ( 1)  0.218
 231 S   0.12524 0.12514 0.12508 0.12503 0.12498 0.12492 0.12486 0.12474 ( 1)  0.218
 232 L   0.12537 0.12523 0.12513 0.12505 0.12497 0.12488 0.12478 0.12460 ( 1)  0.218
 233 L   0.12537 0.12523 0.12513 0.12505 0.12497 0.12488 0.12478 0.12460 ( 1)  0.218
 234 R   0.12572 0.12543 0.12525 0.12509 0.12494 0.12477 0.12457 0.12423 ( 1)  0.218
 235 E   0.12576 0.12546 0.12526 0.12510 0.12494 0.12476 0.12454 0.12418 ( 1)  0.218
 236 I   0.09442 0.10652 0.11434 0.12106 0.12760 0.13467 0.14338 0.15801 ( 8)  0.224
 237 I   0.12543 0.12526 0.12515 0.12506 0.12496 0.12486 0.12474 0.12454 ( 1)  0.218
 238 L   0.12537 0.12523 0.12513 0.12505 0.12497 0.12488 0.12478 0.12460 ( 1)  0.218
 239 V   0.12533 0.12520 0.12511 0.12504 0.12497 0.12490 0.12480 0.12465 ( 1)  0.218
 240 D   0.12597 0.12558 0.12534 0.12512 0.12492 0.12469 0.12442 0.12396 ( 1)  0.218
 241 D   0.12543 0.12526 0.12515 0.12506 0.12496 0.12487 0.12474 0.12454 ( 1)  0.218
 242 A   0.12534 0.12520 0.12512 0.12504 0.12497 0.12489 0.12480 0.12464 ( 1)  0.218
 243 S   0.12524 0.12514 0.12508 0.12503 0.12498 0.12492 0.12486 0.12474 ( 1)  0.218
 244 E   0.12576 0.12546 0.12526 0.12510 0.12494 0.12476 0.12454 0.12418 ( 1)  0.218
 245 L   0.12567 0.12541 0.12523 0.12509 0.12494 0.12479 0.12460 0.12428 ( 1)  0.218
 246 D   0.12597 0.12558 0.12534 0.12512 0.12492 0.12469 0.12442 0.12396 ( 1)  0.218
 247 H   0.12534 0.12521 0.12512 0.12504 0.12497 0.12489 0.12480 0.12463 ( 1)  0.218
 248 L   0.12567 0.12541 0.12523 0.12509 0.12494 0.12479 0.12460 0.12428 ( 1)  0.218
 249 K   0.12530 0.12518 0.12510 0.12504 0.12497 0.12491 0.12482 0.12468 ( 1)  0.218
 250 R   0.12515 0.12509 0.12505 0.12502 0.12499 0.12495 0.12491 0.12484 ( 1)  0.218
 251 P   0.12552 0.12531 0.12518 0.12507 0.12496 0.12484 0.12469 0.12444 ( 1)  0.218
 252 L   0.12515 0.12509 0.12505 0.12502 0.12499 0.12495 0.12491 0.12484 ( 1)  0.218
 253 E   0.12576 0.12546 0.12526 0.12510 0.12494 0.12476 0.12454 0.12418 ( 1)  0.218
 254 E   0.12536 0.12522 0.12513 0.12505 0.12497 0.12489 0.12478 0.12461 ( 1)  0.218
 255 Y   0.12527 0.12516 0.12509 0.12503 0.12498 0.12492 0.12484 0.12471 ( 1)  0.218
 256 M   0.12574 0.12545 0.12526 0.12510 0.12494 0.12477 0.12455 0.12420 ( 1)  0.218
 257 K   0.12567 0.12541 0.12523 0.12509 0.12494 0.12479 0.12460 0.12427 ( 1)  0.218
 258 Y   0.09470 0.10672 0.11447 0.12113 0.12761 0.13459 0.14319 0.15759 ( 8)  0.224
 259 Y   0.09474 0.10675 0.11450 0.12114 0.12761 0.13458 0.14316 0.15753 ( 8)  0.224
 260 S   0.12544 0.12527 0.12515 0.12506 0.12496 0.12486 0.12474 0.12453 ( 1)  0.218
 261 P   0.12520 0.12512 0.12507 0.12503 0.12498 0.12494 0.12488 0.12478 ( 1)  0.218
 262 K   0.12567 0.12541 0.12523 0.12509 0.12494 0.12479 0.12460 0.12427 ( 1)  0.218
 263 V   0.12563 0.12538 0.12522 0.12508 0.12495 0.12480 0.12462 0.12432 ( 1)  0.218
 264 R   0.12572 0.12543 0.12525 0.12509 0.12494 0.12477 0.12457 0.12423 ( 1)  0.218
 265 I   0.12535 0.12521 0.12512 0.12504 0.12497 0.12489 0.12479 0.12463 ( 1)  0.218
 266 L   0.12567 0.12541 0.12523 0.12509 0.12494 0.12479 0.12460 0.12428 ( 1)  0.218
 267 R   0.12566 0.12540 0.12523 0.12508 0.12494 0.12479 0.12460 0.12429 ( 1)  0.218
 268 A   0.12585 0.12552 0.12530 0.12511 0.12493 0.12473 0.12449 0.12408 ( 1)  0.218
 269 A   0.12570 0.12542 0.12524 0.12509 0.12494 0.12478 0.12458 0.12425 ( 1)  0.218
 270 K   0.12530 0.12518 0.12510 0.12504 0.12497 0.12491 0.12482 0.12468 ( 1)  0.218
 271 R   0.12572 0.12543 0.12525 0.12509 0.12494 0.12477 0.12457 0.12423 ( 1)  0.218
 272 E   0.12536 0.12522 0.12513 0.12505 0.12497 0.12489 0.12478 0.12461 ( 1)  0.218
 273 G   0.12589 0.12554 0.12531 0.12511 0.12492 0.12472 0.12446 0.12404 ( 1)  0.218
 274 L   0.12537 0.12523 0.12513 0.12505 0.12497 0.12488 0.12478 0.12460 ( 1)  0.218
 275 I   0.12583 0.12550 0.12529 0.12511 0.12493 0.12474 0.12450 0.12410 ( 1)  0.218
 276 R   0.12572 0.12543 0.12525 0.12509 0.12494 0.12477 0.12457 0.12423 ( 1)  0.218
 277 A   0.12585 0.12552 0.12530 0.12511 0.12493 0.12473 0.12449 0.12408 ( 1)  0.218
 278 R   0.12528 0.12517 0.12510 0.12504 0.12498 0.12491 0.12483 0.12469 ( 1)  0.218
 279 L   0.12537 0.12523 0.12513 0.12505 0.12497 0.12488 0.12478 0.12460 ( 1)  0.218
 280 M   0.12574 0.12545 0.12526 0.12510 0.12494 0.12477 0.12455 0.12420 ( 1)  0.218
 281 G   0.12589 0.12554 0.12531 0.12511 0.12492 0.12472 0.12446 0.12404 ( 1)  0.218
 282 A   0.12585 0.12552 0.12530 0.12511 0.12493 0.12473 0.12449 0.12408 ( 1)  0.218
 283 R   0.12515 0.12509 0.12505 0.12502 0.12499 0.12495 0.12491 0.12484 ( 1)  0.218
 284 K   0.12530 0.12518 0.12510 0.12504 0.12497 0.12491 0.12482 0.12468 ( 1)  0.218
 285 A   0.12585 0.12552 0.12530 0.12511 0.12493 0.12473 0.12449 0.12408 ( 1)  0.218
 286 V   0.12533 0.12520 0.12511 0.12504 0.12497 0.12490 0.12480 0.12465 ( 1)  0.218
 287 G   0.12589 0.12554 0.12531 0.12511 0.12492 0.12472 0.12446 0.12404 ( 1)  0.218
 288 A   0.12585 0.12552 0.12530 0.12511 0.12493 0.12473 0.12449 0.12408 ( 1)  0.218
 289 V   0.12563 0.12538 0.12522 0.12508 0.12495 0.12480 0.12462 0.12432 ( 1)  0.218
 290 L   0.12537 0.12523 0.12513 0.12505 0.12497 0.12488 0.12478 0.12460 ( 1)  0.218
 291 T   0.12530 0.12518 0.12510 0.12504 0.12497 0.12491 0.12482 0.12468 ( 1)  0.218
 292 F   0.12568 0.12541 0.12524 0.12509 0.12494 0.12478 0.12459 0.12426 ( 1)  0.218
 293 L   0.12515 0.12509 0.12505 0.12502 0.12499 0.12495 0.12491 0.12484 ( 1)  0.218
 294 D   0.12543 0.12526 0.12515 0.12506 0.12496 0.12487 0.12474 0.12454 ( 1)  0.218
 295 S   0.12524 0.12514 0.12508 0.12503 0.12498 0.12492 0.12486 0.12474 ( 1)  0.218
 296 H   0.12577 0.12547 0.12527 0.12510 0.12493 0.12476 0.12454 0.12417 ( 1)  0.218
 297 C   0.12569 0.12542 0.12524 0.12509 0.12494 0.12478 0.12458 0.12425 ( 1)  0.218
 298 E   0.12576 0.12546 0.12526 0.12510 0.12494 0.12476 0.12454 0.12418 ( 1)  0.218
 299 C   0.12569 0.12542 0.12524 0.12509 0.12494 0.12478 0.12458 0.12425 ( 1)  0.218
 300 V   0.12570 0.12542 0.12524 0.12509 0.12494 0.12478 0.12458 0.12425 ( 1)  0.218
 301 T   0.12541 0.12525 0.12514 0.12505 0.12496 0.12487 0.12475 0.12455 ( 1)  0.218
 302 G   0.12542 0.12526 0.12515 0.12505 0.12496 0.12487 0.12474 0.12454 ( 1)  0.218
 303 W   0.12541 0.12525 0.12514 0.12505 0.12497 0.12487 0.12475 0.12455 ( 1)  0.218
 304 L   0.12537 0.12523 0.12513 0.12505 0.12497 0.12488 0.12478 0.12460 ( 1)  0.218
 305 E   0.12576 0.12546 0.12526 0.12510 0.12494 0.12476 0.12454 0.12418 ( 1)  0.218
 306 P   0.12527 0.12516 0.12509 0.12503 0.12498 0.12492 0.12484 0.12471 ( 1)  0.218
 307 L   0.12537 0.12523 0.12513 0.12505 0.12497 0.12488 0.12478 0.12460 ( 1)  0.218
 308 L   0.12537 0.12523 0.12513 0.12505 0.12497 0.12488 0.12478 0.12460 ( 1)  0.218
 309 H   0.12577 0.12547 0.12527 0.12510 0.12493 0.12476 0.12454 0.12417 ( 1)  0.218
 310 R   0.12572 0.12543 0.12525 0.12509 0.12494 0.12477 0.12457 0.12423 ( 1)  0.218
 311 I   0.12535 0.12521 0.12512 0.12504 0.12497 0.12489 0.12479 0.12463 ( 1)  0.218
 312 A   0.12565 0.12539 0.12523 0.12508 0.12494 0.12479 0.12461 0.12430 ( 1)  0.218
 313 Q   0.12548 0.12529 0.12517 0.12506 0.12496 0.12485 0.12471 0.12448 ( 1)  0.218
 314 N   0.12588 0.12553 0.12531 0.12511 0.12492 0.12472 0.12447 0.12405 ( 1)  0.218
 315 W   0.12541 0.12525 0.12514 0.12505 0.12497 0.12487 0.12475 0.12455 ( 1)  0.218
 316 T   0.12530 0.12518 0.12510 0.12504 0.12497 0.12491 0.12482 0.12468 ( 1)  0.218
 317 R   0.12515 0.12509 0.12505 0.12502 0.12499 0.12495 0.12491 0.12484 ( 1)  0.218
 318 V   0.12525 0.12515 0.12509 0.12503 0.12498 0.12492 0.12485 0.12473 ( 1)  0.218
 319 V   0.12563 0.12538 0.12522 0.12508 0.12495 0.12480 0.12462 0.12432 ( 1)  0.218
 320 T   0.12575 0.12545 0.12526 0.12510 0.12494 0.12476 0.12455 0.12419 ( 1)  0.218
 321 P   0.12527 0.12516 0.12509 0.12503 0.12498 0.12492 0.12484 0.12471 ( 1)  0.218
 322 V   0.12583 0.12550 0.12529 0.12511 0.12493 0.12474 0.12450 0.12411 ( 1)  0.218
 323 I   0.12535 0.12521 0.12512 0.12504 0.12497 0.12489 0.12479 0.12463 ( 1)  0.218
 324 E   0.12576 0.12546 0.12526 0.12510 0.12494 0.12476 0.12454 0.12418 ( 1)  0.218
 325 V   0.12563 0.12538 0.12522 0.12508 0.12495 0.12480 0.12462 0.12432 ( 1)  0.218
 326 I   0.12543 0.12526 0.12515 0.12506 0.12496 0.12486 0.12474 0.12454 ( 1)  0.218
 327 N   0.12537 0.12522 0.12513 0.12505 0.12497 0.12488 0.12478 0.12460 ( 1)  0.218
 328 D   0.12597 0.12558 0.12534 0.12512 0.12492 0.12469 0.12442 0.12396 ( 1)  0.218
 329 D   0.12597 0.12558 0.12534 0.12512 0.12492 0.12469 0.12442 0.12396 ( 1)  0.218
 330 T   0.12575 0.12545 0.12526 0.12510 0.12494 0.12476 0.12455 0.12419 ( 1)  0.218
 331 F   0.12568 0.12541 0.12524 0.12509 0.12494 0.12478 0.12459 0.12426 ( 1)  0.218
 332 A   0.12526 0.12515 0.12509 0.12503 0.12498 0.12492 0.12485 0.12472 ( 1)  0.218
 333 M   0.12574 0.12545 0.12526 0.12510 0.12494 0.12477 0.12455 0.12420 ( 1)  0.218
 334 S   0.12560 0.12537 0.12521 0.12508 0.12495 0.12481 0.12464 0.12435 ( 1)  0.218
 335 S   0.12516 0.12510 0.12506 0.12502 0.12499 0.12495 0.12490 0.12482 ( 1)  0.218
 336 T   0.12575 0.12545 0.12526 0.12510 0.12494 0.12476 0.12455 0.12419 ( 1)  0.218
 337 T   0.12575 0.12545 0.12526 0.12510 0.12494 0.12476 0.12455 0.12419 ( 1)  0.218
 338 N   0.12588 0.12553 0.12531 0.12511 0.12492 0.12472 0.12447 0.12405 ( 1)  0.218
 339 L   0.12537 0.12523 0.12513 0.12505 0.12497 0.12488 0.12478 0.12460 ( 1)  0.218
 340 D   0.12597 0.12558 0.12534 0.12512 0.12492 0.12469 0.12442 0.12396 ( 1)  0.218
 341 S   0.12544 0.12527 0.12515 0.12506 0.12496 0.12486 0.12474 0.12453 ( 1)  0.218
 342 V   0.12583 0.12550 0.12529 0.12511 0.12493 0.12474 0.12450 0.12411 ( 1)  0.218
 343 S   0.12587 0.12553 0.12530 0.12511 0.12493 0.12472 0.12448 0.12406 ( 1)  0.218
 344 V   0.12563 0.12538 0.12522 0.12508 0.12495 0.12480 0.12462 0.12432 ( 1)  0.218
 345 G   0.12589 0.12554 0.12531 0.12511 0.12492 0.12472 0.12446 0.12404 ( 1)  0.218
 346 G   0.12535 0.12521 0.12512 0.12505 0.12497 0.12489 0.12479 0.12462 ( 1)  0.218
 347 F   0.12568 0.12541 0.12524 0.12509 0.12494 0.12478 0.12459 0.12426 ( 1)  0.218
 348 D   0.12543 0.12526 0.12515 0.12506 0.12496 0.12487 0.12474 0.12454 ( 1)  0.218
 349 W   0.12541 0.12525 0.12514 0.12505 0.12497 0.12487 0.12475 0.12455 ( 1)  0.218
 350 N   0.12537 0.12522 0.12513 0.12505 0.12497 0.12488 0.12478 0.12460 ( 1)  0.218
 351 L   0.12537 0.12523 0.12513 0.12505 0.12497 0.12488 0.12478 0.12460 ( 1)  0.218
 352 Q   0.12523 0.12514 0.12508 0.12503 0.12498 0.12493 0.12486 0.12475 ( 1)  0.218
 353 F   0.12568 0.12541 0.12524 0.12509 0.12494 0.12478 0.12459 0.12426 ( 1)  0.218
 354 N   0.12537 0.12522 0.12513 0.12505 0.12497 0.12488 0.12478 0.12460 ( 1)  0.218
 355 W   0.12541 0.12525 0.12514 0.12505 0.12497 0.12487 0.12475 0.12455 ( 1)  0.218
 356 H   0.12577 0.12547 0.12527 0.12510 0.12493 0.12476 0.12454 0.12417 ( 1)  0.218
 357 V   0.12583 0.12550 0.12529 0.12511 0.12493 0.12474 0.12450 0.12411 ( 1)  0.218
 358 L   0.12537 0.12523 0.12513 0.12505 0.12497 0.12488 0.12478 0.12460 ( 1)  0.218
 359 P   0.12568 0.12541 0.12524 0.12509 0.12494 0.12479 0.12459 0.12427 ( 1)  0.218
 360 D   0.12597 0.12558 0.12534 0.12512 0.12492 0.12469 0.12442 0.12396 ( 1)  0.218
 361 R   0.12552 0.12531 0.12518 0.12507 0.12496 0.12484 0.12469 0.12444 ( 1)  0.218
 362 V   0.12583 0.12550 0.12529 0.12511 0.12493 0.12474 0.12450 0.12411 ( 1)  0.218
 363 R   0.12572 0.12543 0.12525 0.12509 0.12494 0.12477 0.12457 0.12423 ( 1)  0.218
 364 N   0.12588 0.12553 0.12531 0.12511 0.12492 0.12472 0.12447 0.12405 ( 1)  0.218
 365 Q   0.12548 0.12529 0.12517 0.12506 0.12496 0.12485 0.12471 0.12448 ( 1)  0.218
 366 R   0.12552 0.12531 0.12518 0.12507 0.12496 0.12484 0.12469 0.12444 ( 1)  0.218
 367 A   0.12585 0.12552 0.12530 0.12511 0.12493 0.12473 0.12449 0.12408 ( 1)  0.218
 368 S   0.12587 0.12553 0.12530 0.12511 0.12493 0.12472 0.12448 0.12406 ( 1)  0.218
 369 R   0.12572 0.12543 0.12525 0.12509 0.12494 0.12477 0.12457 0.12423 ( 1)  0.218
 370 I   0.12583 0.12550 0.12529 0.12511 0.12493 0.12474 0.12450 0.12410 ( 1)  0.218
 371 D   0.12597 0.12558 0.12534 0.12512 0.12492 0.12469 0.12442 0.12396 ( 1)  0.218
 372 P   0.12552 0.12531 0.12518 0.12507 0.12496 0.12484 0.12469 0.12444 ( 1)  0.218
 373 V   0.12563 0.12538 0.12522 0.12508 0.12495 0.12480 0.12462 0.12432 ( 1)  0.218
 374 P   0.12568 0.12541 0.12524 0.12509 0.12494 0.12479 0.12459 0.12427 ( 1)  0.218
 375 S   0.12587 0.12553 0.12530 0.12511 0.12493 0.12472 0.12448 0.12406 ( 1)  0.218
 376 P   0.12568 0.12541 0.12524 0.12509 0.12494 0.12479 0.12459 0.12427 ( 1)  0.218
 377 T   0.12575 0.12545 0.12526 0.12510 0.12494 0.12476 0.12455 0.12419 ( 1)  0.218
 378 M   0.12574 0.12545 0.12526 0.12510 0.12494 0.12477 0.12455 0.12420 ( 1)  0.218
 379 A   0.12547 0.12528 0.12516 0.12506 0.12496 0.12485 0.12472 0.12449 ( 1)  0.218
 380 G   0.12589 0.12554 0.12531 0.12511 0.12492 0.12472 0.12446 0.12404 ( 1)  0.218
 381 G   0.12589 0.12554 0.12531 0.12511 0.12492 0.12472 0.12446 0.12404 ( 1)  0.218
 382 L   0.12537 0.12523 0.12513 0.12505 0.12497 0.12488 0.12478 0.12460 ( 1)  0.218
 383 F   0.12529 0.12517 0.12510 0.12504 0.12498 0.12491 0.12483 0.12469 ( 1)  0.218
 384 A   0.12585 0.12552 0.12530 0.12511 0.12493 0.12473 0.12449 0.12408 ( 1)  0.218
 385 I   0.12543 0.12526 0.12515 0.12506 0.12496 0.12486 0.12474 0.12454 ( 1)  0.218
 386 D   0.12597 0.12558 0.12534 0.12512 0.12492 0.12469 0.12442 0.12396 ( 1)  0.218
 387 R   0.12565 0.12539 0.12523 0.12508 0.12494 0.12480 0.12461 0.12430 ( 1)  0.218
 388 R   0.12572 0.12543 0.12525 0.12509 0.12494 0.12477 0.12457 0.12423 ( 1)  0.218
 389 Y   0.12527 0.12516 0.12509 0.12503 0.12498 0.12492 0.12484 0.12471 ( 1)  0.218
 390 F   0.12529 0.12517 0.12510 0.12504 0.12498 0.12491 0.12483 0.12469 ( 1)  0.218
 391 A   0.12585 0.12552 0.12530 0.12511 0.12493 0.12473 0.12449 0.12408 ( 1)  0.218
 392 H   0.12577 0.12547 0.12527 0.12510 0.12493 0.12476 0.12454 0.12417 ( 1)  0.218
 393 L   0.12537 0.12523 0.12513 0.12505 0.12497 0.12488 0.12478 0.12460 ( 1)  0.218
 394 G   0.12589 0.12554 0.12531 0.12511 0.12492 0.12472 0.12446 0.12404 ( 1)  0.218
 395 S   0.12587 0.12553 0.12530 0.12511 0.12493 0.12472 0.12448 0.12406 ( 1)  0.218
 396 Y   0.12568 0.12541 0.12524 0.12509 0.12494 0.12479 0.12459 0.12427 ( 1)  0.218
 397 D   0.12550 0.12530 0.12517 0.12506 0.12496 0.12484 0.12470 0.12446 ( 1)  0.218
 398 P   0.12568 0.12541 0.12524 0.12509 0.12494 0.12479 0.12459 0.12427 ( 1)  0.218
 399 G   0.12589 0.12554 0.12531 0.12511 0.12492 0.12472 0.12446 0.12404 ( 1)  0.218
 400 F   0.12568 0.12541 0.12524 0.12509 0.12494 0.12478 0.12459 0.12426 ( 1)  0.218
 401 D   0.12543 0.12526 0.12515 0.12506 0.12496 0.12487 0.12474 0.12454 ( 1)  0.218
 402 I   0.12583 0.12550 0.12529 0.12511 0.12493 0.12474 0.12450 0.12410 ( 1)  0.218
 403 W   0.12541 0.12525 0.12514 0.12505 0.12497 0.12487 0.12475 0.12455 ( 1)  0.218
 404 G   0.12589 0.12554 0.12531 0.12511 0.12492 0.12472 0.12446 0.12404 ( 1)  0.218
 405 G   0.12589 0.12554 0.12531 0.12511 0.12492 0.12472 0.12446 0.12404 ( 1)  0.218
 406 E   0.12576 0.12546 0.12526 0.12510 0.12494 0.12476 0.12454 0.12418 ( 1)  0.218
 407 N   0.12537 0.12522 0.12513 0.12505 0.12497 0.12488 0.12478 0.12460 ( 1)  0.218
 408 L   0.12537 0.12523 0.12513 0.12505 0.12497 0.12488 0.12478 0.12460 ( 1)  0.218
 409 E   0.12576 0.12546 0.12526 0.12510 0.12494 0.12476 0.12454 0.12418 ( 1)  0.218
 410 I   0.12535 0.12521 0.12512 0.12504 0.12497 0.12489 0.12479 0.12463 ( 1)  0.218
 411 S   0.12587 0.12553 0.12530 0.12511 0.12493 0.12472 0.12448 0.12406 ( 1)  0.218
 412 F   0.12529 0.12517 0.12510 0.12504 0.12498 0.12491 0.12483 0.12469 ( 1)  0.218
 413 K   0.12530 0.12518 0.12510 0.12504 0.12497 0.12491 0.12482 0.12468 ( 1)  0.218
 414 I   0.12535 0.12521 0.12512 0.12504 0.12497 0.12489 0.12479 0.12463 ( 1)  0.218
 415 W   0.12541 0.12525 0.12514 0.12505 0.12497 0.12487 0.12475 0.12455 ( 1)  0.218
 416 M   0.12574 0.12545 0.12526 0.12510 0.12494 0.12477 0.12455 0.12420 ( 1)  0.218
 417 C   0.12569 0.12542 0.12524 0.12509 0.12494 0.12478 0.12458 0.12425 ( 1)  0.218
 418 G   0.12589 0.12554 0.12531 0.12511 0.12492 0.12472 0.12446 0.12404 ( 1)  0.218
 419 G   0.12589 0.12554 0.12531 0.12511 0.12492 0.12472 0.12446 0.12404 ( 1)  0.218
 420 T   0.12557 0.12535 0.12520 0.12507 0.12495 0.12482 0.12465 0.12438 ( 1)  0.218
 421 L   0.12515 0.12509 0.12505 0.12502 0.12499 0.12495 0.12491 0.12484 ( 1)  0.218
 422 E   0.12576 0.12546 0.12526 0.12510 0.12494 0.12476 0.12454 0.12418 ( 1)  0.218
 423 I   0.12535 0.12521 0.12512 0.12504 0.12497 0.12489 0.12479 0.12463 ( 1)  0.218
 424 V   0.12563 0.12538 0.12522 0.12508 0.12495 0.12480 0.12462 0.12432 ( 1)  0.218
 425 P   0.12568 0.12541 0.12524 0.12509 0.12494 0.12479 0.12459 0.12427 ( 1)  0.218
 426 C   0.12569 0.12542 0.12524 0.12509 0.12494 0.12478 0.12458 0.12425 ( 1)  0.218
 427 S   0.12560 0.12537 0.12521 0.12508 0.12495 0.12481 0.12464 0.12435 ( 1)  0.218
 428 I   0.12535 0.12521 0.12512 0.12504 0.12497 0.12489 0.12479 0.12463 ( 1)  0.218
 429 V   0.12533 0.12520 0.12511 0.12504 0.12497 0.12490 0.12480 0.12465 ( 1)  0.218
 430 G   0.12589 0.12554 0.12531 0.12511 0.12492 0.12472 0.12446 0.12404 ( 1)  0.218
 431 H   0.12577 0.12547 0.12527 0.12510 0.12493 0.12476 0.12454 0.12417 ( 1)  0.218
 432 V   0.12563 0.12538 0.12522 0.12508 0.12495 0.12480 0.12462 0.12432 ( 1)  0.218
 433 F   0.12529 0.12517 0.12510 0.12504 0.12498 0.12491 0.12483 0.12469 ( 1)  0.218
 434 R   0.12565 0.12539 0.12523 0.12508 0.12494 0.12480 0.12461 0.12430 ( 1)  0.218
 435 K   0.12530 0.12518 0.12510 0.12504 0.12497 0.12491 0.12482 0.12468 ( 1)  0.218
 436 R   0.12515 0.12509 0.12505 0.12502 0.12499 0.12495 0.12491 0.12484 ( 1)  0.218
 437 S   0.12544 0.12527 0.12515 0.12506 0.12496 0.12486 0.12474 0.12453 ( 1)  0.218
 438 P   0.12568 0.12541 0.12524 0.12509 0.12494 0.12479 0.12459 0.12427 ( 1)  0.218
 439 Y   0.12527 0.12516 0.12509 0.12503 0.12498 0.12492 0.12484 0.12471 ( 1)  0.218
 440 S   0.12560 0.12537 0.12521 0.12508 0.12495 0.12481 0.12464 0.12435 ( 1)  0.218
 441 W   0.12541 0.12525 0.12514 0.12505 0.12497 0.12487 0.12475 0.12455 ( 1)  0.218
 442 G   0.12589 0.12554 0.12531 0.12511 0.12492 0.12472 0.12446 0.12404 ( 1)  0.218
 443 R   0.12552 0.12531 0.12518 0.12507 0.12496 0.12484 0.12469 0.12444 ( 1)  0.218
 444 G   0.12589 0.12554 0.12531 0.12511 0.12492 0.12472 0.12446 0.12404 ( 1)  0.218
 445 N   0.12588 0.12553 0.12531 0.12511 0.12492 0.12472 0.12447 0.12405 ( 1)  0.218
 446 V   0.12563 0.12538 0.12522 0.12508 0.12495 0.12480 0.12462 0.12432 ( 1)  0.218
 447 L   0.12567 0.12541 0.12523 0.12509 0.12494 0.12479 0.12460 0.12428 ( 1)  0.218
 448 K   0.12567 0.12541 0.12523 0.12509 0.12494 0.12479 0.12460 0.12427 ( 1)  0.218
 449 K   0.12567 0.12541 0.12523 0.12509 0.12494 0.12479 0.12460 0.12427 ( 1)  0.218
 450 N   0.12588 0.12553 0.12531 0.12511 0.12492 0.12472 0.12447 0.12405 ( 1)  0.218
 451 S   0.12560 0.12537 0.12521 0.12508 0.12495 0.12481 0.12464 0.12435 ( 1)  0.218
 452 V   0.12563 0.12538 0.12522 0.12508 0.12495 0.12480 0.12462 0.12432 ( 1)  0.218
 453 R   0.12515 0.12509 0.12505 0.12502 0.12499 0.12495 0.12491 0.12484 ( 1)  0.218
 454 L   0.12537 0.12523 0.12513 0.12505 0.12497 0.12488 0.12478 0.12460 ( 1)  0.218
 455 A   0.12585 0.12552 0.12530 0.12511 0.12493 0.12473 0.12449 0.12408 ( 1)  0.218
 456 E   0.12536 0.12522 0.12513 0.12505 0.12497 0.12489 0.12478 0.12461 ( 1)  0.218
 457 V   0.12563 0.12538 0.12522 0.12508 0.12495 0.12480 0.12462 0.12432 ( 1)  0.218
 458 W   0.12541 0.12525 0.12514 0.12505 0.12497 0.12487 0.12475 0.12455 ( 1)  0.218
 459 M   0.12574 0.12545 0.12526 0.12510 0.12494 0.12477 0.12455 0.12420 ( 1)  0.218
 460 D   0.12597 0.12558 0.12534 0.12512 0.12492 0.12469 0.12442 0.12396 ( 1)  0.218
 461 D   0.12597 0.12558 0.12534 0.12512 0.12492 0.12469 0.12442 0.12396 ( 1)  0.218
 462 Y   0.12568 0.12541 0.12524 0.12509 0.12494 0.12479 0.12459 0.12427 ( 1)  0.218
 463 G   0.12589 0.12554 0.12531 0.12511 0.12492 0.12472 0.12446 0.12404 ( 1)  0.218
 464 K   0.12567 0.12541 0.12523 0.12509 0.12494 0.12479 0.12460 0.12427 ( 1)  0.218
 465 L   0.12537 0.12523 0.12513 0.12505 0.12497 0.12488 0.12478 0.12460 ( 1)  0.218
 466 Y   0.12568 0.12541 0.12524 0.12509 0.12494 0.12479 0.12459 0.12427 ( 1)  0.218
 467 Y   0.12527 0.12516 0.12509 0.12503 0.12498 0.12492 0.12484 0.12471 ( 1)  0.218
 468 E   0.12576 0.12546 0.12526 0.12510 0.12494 0.12476 0.12454 0.12418 ( 1)  0.218
 469 R   0.12552 0.12531 0.12518 0.12507 0.12496 0.12484 0.12469 0.12444 ( 1)  0.218
 470 V   0.12533 0.12520 0.12511 0.12504 0.12497 0.12490 0.12480 0.12465 ( 1)  0.218
 471 G   0.12568 0.12541 0.12524 0.12509 0.12494 0.12478 0.12459 0.12426 ( 1)  0.218
 472 G   0.12589 0.12554 0.12531 0.12511 0.12492 0.12472 0.12446 0.12404 ( 1)  0.218
 473 K   0.12567 0.12541 0.12523 0.12509 0.12494 0.12479 0.12460 0.12427 ( 1)  0.218
 474 G   0.12535 0.12521 0.12512 0.12505 0.12497 0.12489 0.12479 0.12462 ( 1)  0.218
 475 E   0.12536 0.12522 0.12513 0.12505 0.12497 0.12489 0.12478 0.12461 ( 1)  0.218
 476 F   0.12568 0.12541 0.12524 0.12509 0.12494 0.12478 0.12459 0.12426 ( 1)  0.218
 477 G   0.12589 0.12554 0.12531 0.12511 0.12492 0.12472 0.12446 0.12404 ( 1)  0.218
 478 D   0.12597 0.12558 0.12534 0.12512 0.12492 0.12469 0.12442 0.12396 ( 1)  0.218
 479 V   0.12583 0.12550 0.12529 0.12511 0.12493 0.12474 0.12450 0.12411 ( 1)  0.218
 480 S   0.12560 0.12537 0.12521 0.12508 0.12495 0.12481 0.12464 0.12435 ( 1)  0.218
 481 E   0.12576 0.12546 0.12526 0.12510 0.12494 0.12476 0.12454 0.12418 ( 1)  0.218
 482 R   0.12572 0.12543 0.12525 0.12509 0.12494 0.12477 0.12457 0.12423 ( 1)  0.218
 483 K   0.12530 0.12518 0.12510 0.12504 0.12497 0.12491 0.12482 0.12468 ( 1)  0.218
 484 A   0.12585 0.12552 0.12530 0.12511 0.12493 0.12473 0.12449 0.12408 ( 1)  0.218
 485 L   0.12567 0.12541 0.12523 0.12509 0.12494 0.12479 0.12460 0.12428 ( 1)  0.218
 486 R   0.12572 0.12543 0.12525 0.12509 0.12494 0.12477 0.12457 0.12423 ( 1)  0.218
 487 Q   0.12523 0.12514 0.12508 0.12503 0.12498 0.12493 0.12486 0.12475 ( 1)  0.218
 488 R   0.12552 0.12531 0.12518 0.12507 0.12496 0.12484 0.12469 0.12444 ( 1)  0.218
 489 L   0.12537 0.12523 0.12513 0.12505 0.12497 0.12488 0.12478 0.12460 ( 1)  0.218
 490 G   0.12589 0.12554 0.12531 0.12511 0.12492 0.12472 0.12446 0.12404 ( 1)  0.218
 491 C   0.12529 0.12517 0.12510 0.12504 0.12498 0.12491 0.12483 0.12469 ( 1)  0.218
 492 R   0.12572 0.12543 0.12525 0.12509 0.12494 0.12477 0.12457 0.12423 ( 1)  0.218
 493 S   0.12537 0.12522 0.12513 0.12505 0.12497 0.12488 0.12478 0.12460 ( 1)  0.218
 494 F   0.12568 0.12541 0.12524 0.12509 0.12494 0.12478 0.12459 0.12426 ( 1)  0.218
 495 Q   0.12523 0.12514 0.12508 0.12503 0.12498 0.12493 0.12486 0.12475 ( 1)  0.218
 496 W   0.12541 0.12525 0.12514 0.12505 0.12497 0.12487 0.12475 0.12455 ( 1)  0.218
 497 Y   0.12568 0.12541 0.12524 0.12509 0.12494 0.12479 0.12459 0.12427 ( 1)  0.218
 498 L   0.12537 0.12523 0.12513 0.12505 0.12497 0.12488 0.12478 0.12460 ( 1)  0.218
 499 D   0.12597 0.12558 0.12534 0.12512 0.12492 0.12469 0.12442 0.12396 ( 1)  0.218
 500 T   0.12575 0.12545 0.12526 0.12510 0.12494 0.12476 0.12455 0.12419 ( 1)  0.218
 501 V   0.12570 0.12542 0.12524 0.12509 0.12494 0.12478 0.12458 0.12425 ( 1)  0.218
 502 Y   0.12527 0.12516 0.12509 0.12503 0.12498 0.12492 0.12484 0.12471 ( 1)  0.218
 503 P   0.12568 0.12541 0.12524 0.12509 0.12494 0.12479 0.12459 0.12427 ( 1)  0.218
 504 E   0.12536 0.12522 0.12513 0.12505 0.12497 0.12489 0.12478 0.12461 ( 1)  0.218
 505 L   0.12537 0.12523 0.12513 0.12505 0.12497 0.12488 0.12478 0.12460 ( 1)  0.218
 506 F   0.12568 0.12541 0.12524 0.12509 0.12494 0.12478 0.12459 0.12426 ( 1)  0.218
 507 L   0.12537 0.12523 0.12513 0.12505 0.12497 0.12488 0.12478 0.12460 ( 1)  0.218
 508 P   0.12552 0.12531 0.12518 0.12507 0.12496 0.12484 0.12469 0.12444 ( 1)  0.218
 509 R   0.12572 0.12543 0.12525 0.12509 0.12494 0.12477 0.12457 0.12423 ( 1)  0.218
 510 H   0.12577 0.12547 0.12527 0.12510 0.12493 0.12476 0.12454 0.12417 ( 1)  0.218
 511 A   0.12565 0.12539 0.12523 0.12508 0.12494 0.12479 0.12461 0.12430 ( 1)  0.218
 512 L   0.12567 0.12541 0.12523 0.12509 0.12494 0.12479 0.12460 0.12428 ( 1)  0.218
 513 A   0.12585 0.12552 0.12530 0.12511 0.12493 0.12473 0.12449 0.12408 ( 1)  0.218
 514 K   0.12530 0.12518 0.12510 0.12504 0.12497 0.12491 0.12482 0.12468 ( 1)  0.218
 515 G   0.12589 0.12554 0.12531 0.12511 0.12492 0.12472 0.12446 0.12404 ( 1)  0.218
 516 A   0.12585 0.12552 0.12530 0.12511 0.12493 0.12473 0.12449 0.12408 ( 1)  0.218
 517 I   0.12583 0.12550 0.12529 0.12511 0.12493 0.12474 0.12450 0.12410 ( 1)  0.218
 518 R   0.12515 0.12509 0.12505 0.12502 0.12499 0.12495 0.12491 0.12484 ( 1)  0.218
 519 S   0.12587 0.12553 0.12530 0.12511 0.12493 0.12472 0.12448 0.12406 ( 1)  0.218
 520 A   0.12565 0.12539 0.12523 0.12508 0.12494 0.12479 0.12461 0.12430 ( 1)  0.218
 521 A   0.12585 0.12552 0.12530 0.12511 0.12493 0.12473 0.12449 0.12408 ( 1)  0.218
 522 G   0.12568 0.12541 0.12524 0.12509 0.12494 0.12478 0.12459 0.12426 ( 1)  0.218
 523 P   0.12568 0.12541 0.12524 0.12509 0.12494 0.12479 0.12459 0.12427 ( 1)  0.218
 524 Y   0.12568 0.12541 0.12524 0.12509 0.12494 0.12479 0.12459 0.12427 ( 1)  0.218
 525 C   0.12569 0.12542 0.12524 0.12509 0.12494 0.12478 0.12458 0.12425 ( 1)  0.218
 526 I   0.12583 0.12550 0.12529 0.12511 0.12493 0.12474 0.12450 0.12410 ( 1)  0.218
 527 D   0.12597 0.12558 0.12534 0.12512 0.12492 0.12469 0.12442 0.12396 ( 1)  0.218
 528 A   0.12565 0.12539 0.12523 0.12508 0.12494 0.12479 0.12461 0.12430 ( 1)  0.218
 529 P   0.12520 0.12512 0.12507 0.12503 0.12498 0.12494 0.12488 0.12478 ( 1)  0.218
 530 V   0.12533 0.12520 0.12511 0.12504 0.12497 0.12490 0.12480 0.12465 ( 1)  0.218
 531 S   0.12537 0.12522 0.12513 0.12505 0.12497 0.12488 0.12478 0.12460 ( 1)  0.218
 532 H   0.12577 0.12547 0.12527 0.12510 0.12493 0.12476 0.12454 0.12417 ( 1)  0.218
 533 R   0.12528 0.12517 0.12510 0.12504 0.12498 0.12491 0.12483 0.12470 ( 1)  0.218
 534 E   0.12576 0.12546 0.12526 0.12510 0.12494 0.12476 0.12454 0.12418 ( 1)  0.218
 535 T   0.12530 0.12518 0.12510 0.12504 0.12497 0.12491 0.12482 0.12468 ( 1)  0.218
 536 G   0.12568 0.12541 0.12524 0.12509 0.12494 0.12478 0.12459 0.12426 ( 1)  0.218
 537 Q   0.12548 0.12529 0.12517 0.12506 0.12496 0.12485 0.12471 0.12448 ( 1)  0.218
 538 T   0.12530 0.12518 0.12510 0.12504 0.12497 0.12491 0.12482 0.12468 ( 1)  0.218
 539 A   0.12585 0.12552 0.12530 0.12511 0.12493 0.12473 0.12449 0.12408 ( 1)  0.218
 540 V   0.12563 0.12538 0.12522 0.12508 0.12495 0.12480 0.12462 0.12432 ( 1)  0.218
 541 K   0.12530 0.12518 0.12510 0.12504 0.12497 0.12491 0.12482 0.12468 ( 1)  0.218
 542 L   0.12537 0.12523 0.12513 0.12505 0.12497 0.12488 0.12478 0.12460 ( 1)  0.218
 543 W   0.12541 0.12525 0.12514 0.12505 0.12497 0.12487 0.12475 0.12455 ( 1)  0.218
 544 Q   0.12523 0.12514 0.12508 0.12503 0.12498 0.12493 0.12486 0.12475 ( 1)  0.218
 545 C   0.12569 0.12542 0.12524 0.12509 0.12494 0.12478 0.12458 0.12425 ( 1)  0.218
 546 H   0.12577 0.12547 0.12527 0.12510 0.12493 0.12476 0.12454 0.12417 ( 1)  0.218
 547 G   0.12589 0.12554 0.12531 0.12511 0.12492 0.12472 0.12446 0.12404 ( 1)  0.218
 548 Q   0.12548 0.12529 0.12517 0.12506 0.12496 0.12485 0.12471 0.12448 ( 1)  0.218
 549 G   0.12589 0.12554 0.12531 0.12511 0.12492 0.12472 0.12446 0.12404 ( 1)  0.218
 550 G   0.12589 0.12554 0.12531 0.12511 0.12492 0.12472 0.12446 0.12404 ( 1)  0.218
 551 N   0.12588 0.12553 0.12531 0.12511 0.12492 0.12472 0.12447 0.12405 ( 1)  0.218
 552 Q   0.12548 0.12529 0.12517 0.12506 0.12496 0.12485 0.12471 0.12448 ( 1)  0.218
 553 F   0.12568 0.12541 0.12524 0.12509 0.12494 0.12478 0.12459 0.12426 ( 1)  0.218
 554 W   0.12541 0.12525 0.12514 0.12505 0.12497 0.12487 0.12475 0.12455 ( 1)  0.218
 555 M   0.12574 0.12545 0.12526 0.12510 0.12494 0.12477 0.12455 0.12420 ( 1)  0.218
 556 L   0.12537 0.12523 0.12513 0.12505 0.12497 0.12488 0.12478 0.12460 ( 1)  0.218
 557 S   0.12524 0.12514 0.12508 0.12503 0.12498 0.12492 0.12486 0.12474 ( 1)  0.218
 558 K   0.12567 0.12541 0.12523 0.12509 0.12494 0.12479 0.12460 0.12427 ( 1)  0.218
 559 L   0.12537 0.12523 0.12513 0.12505 0.12497 0.12488 0.12478 0.12460 ( 1)  0.218
 560 G   0.12589 0.12554 0.12531 0.12511 0.12492 0.12472 0.12446 0.12404 ( 1)  0.218
 561 E   0.12536 0.12522 0.12513 0.12505 0.12497 0.12489 0.12478 0.12461 ( 1)  0.218
 562 I   0.12535 0.12521 0.12512 0.12504 0.12497 0.12489 0.12479 0.12463 ( 1)  0.218
 563 R   0.12515 0.12509 0.12505 0.12502 0.12499 0.12495 0.12491 0.12484 ( 1)  0.218
 564 R   0.12572 0.12543 0.12525 0.12509 0.12494 0.12477 0.12457 0.12423 ( 1)  0.218
 565 D   0.12597 0.12558 0.12534 0.12512 0.12492 0.12469 0.12442 0.12396 ( 1)  0.218
 566 E   0.12536 0.12522 0.12513 0.12505 0.12497 0.12489 0.12478 0.12461 ( 1)  0.218
 567 G   0.12589 0.12554 0.12531 0.12511 0.12492 0.12472 0.12446 0.12404 ( 1)  0.218
 568 C   0.12569 0.12542 0.12524 0.12509 0.12494 0.12478 0.12458 0.12425 ( 1)  0.218
 569 I   0.12583 0.12550 0.12529 0.12511 0.12493 0.12474 0.12450 0.12410 ( 1)  0.218
 570 D   0.12597 0.12558 0.12534 0.12512 0.12492 0.12469 0.12442 0.12396 ( 1)  0.218
 571 Y   0.12527 0.12516 0.12509 0.12503 0.12498 0.12492 0.12484 0.12471 ( 1)  0.218
 572 P   0.12552 0.12531 0.12518 0.12507 0.12496 0.12484 0.12469 0.12444 ( 1)  0.218
 573 G   0.12589 0.12554 0.12531 0.12511 0.12492 0.12472 0.12446 0.12404 ( 1)  0.218
 574 S   0.12587 0.12553 0.12530 0.12511 0.12493 0.12472 0.12448 0.12406 ( 1)  0.218
 575 G   0.12589 0.12554 0.12531 0.12511 0.12492 0.12472 0.12446 0.12404 ( 1)  0.218
 576 V   0.12583 0.12550 0.12529 0.12511 0.12493 0.12474 0.12450 0.12411 ( 1)  0.218
 577 I   0.12583 0.12550 0.12529 0.12511 0.12493 0.12474 0.12450 0.12410 ( 1)  0.218
 578 V   0.12563 0.12538 0.12522 0.12508 0.12495 0.12480 0.12462 0.12432 ( 1)  0.218
 579 Y   0.12568 0.12541 0.12524 0.12509 0.12494 0.12479 0.12459 0.12427 ( 1)  0.218
 580 N   0.12537 0.12522 0.12513 0.12505 0.12497 0.12488 0.12478 0.12460 ( 1)  0.218
 581 C   0.12569 0.12542 0.12524 0.12509 0.12494 0.12478 0.12458 0.12425 ( 1)  0.218
 582 H   0.12577 0.12547 0.12527 0.12510 0.12493 0.12476 0.12454 0.12417 ( 1)  0.218
 583 G   0.12589 0.12554 0.12531 0.12511 0.12492 0.12472 0.12446 0.12404 ( 1)  0.218
 584 G   0.12589 0.12554 0.12531 0.12511 0.12492 0.12472 0.12446 0.12404 ( 1)  0.218
 585 R   0.12572 0.12543 0.12525 0.12509 0.12494 0.12477 0.12457 0.12423 ( 1)  0.218
 586 G   0.12589 0.12554 0.12531 0.12511 0.12492 0.12472 0.12446 0.12404 ( 1)  0.218
 587 N   0.12588 0.12553 0.12531 0.12511 0.12492 0.12472 0.12447 0.12405 ( 1)  0.218
 588 Q   0.12548 0.12529 0.12517 0.12506 0.12496 0.12485 0.12471 0.12448 ( 1)  0.218
 589 E   0.12576 0.12546 0.12526 0.12510 0.12494 0.12476 0.12454 0.12418 ( 1)  0.218
 590 W   0.12541 0.12525 0.12514 0.12505 0.12497 0.12487 0.12475 0.12455 ( 1)  0.218
 591 L   0.12537 0.12523 0.12513 0.12505 0.12497 0.12488 0.12478 0.12460 ( 1)  0.218
 592 Y   0.12568 0.12541 0.12524 0.12509 0.12494 0.12479 0.12459 0.12427 ( 1)  0.218
 593 R   0.12565 0.12539 0.12523 0.12508 0.12494 0.12480 0.12461 0.12430 ( 1)  0.218
 594 P   0.12549 0.12530 0.12517 0.12506 0.12496 0.12484 0.12471 0.12447 ( 1)  0.218
 595 D   0.12543 0.12526 0.12515 0.12506 0.12496 0.12487 0.12474 0.12454 ( 1)  0.218
 596 G   0.12589 0.12554 0.12531 0.12511 0.12492 0.12472 0.12446 0.12404 ( 1)  0.218
 597 T   0.12570 0.12542 0.12524 0.12509 0.12494 0.12478 0.12458 0.12425 ( 1)  0.218
 598 I   0.12583 0.12550 0.12529 0.12511 0.12493 0.12474 0.12450 0.12410 ( 1)  0.218
 599 Y   0.12527 0.12516 0.12509 0.12503 0.12498 0.12492 0.12484 0.12471 ( 1)  0.218
 600 H   0.12577 0.12547 0.12527 0.12510 0.12493 0.12476 0.12454 0.12417 ( 1)  0.218
 601 V   0.12563 0.12538 0.12522 0.12508 0.12495 0.12480 0.12462 0.12432 ( 1)  0.218
 602 L   0.12537 0.12523 0.12513 0.12505 0.12497 0.12488 0.12478 0.12460 ( 1)  0.218
 603 R   0.12572 0.12543 0.12525 0.12509 0.12494 0.12477 0.12457 0.12423 ( 1)  0.218
 604 R   0.12528 0.12517 0.12510 0.12504 0.12498 0.12491 0.12483 0.12469 ( 1)  0.218
 605 M   0.12574 0.12545 0.12526 0.12510 0.12494 0.12477 0.12455 0.12420 ( 1)  0.218
 606 C   0.12569 0.12542 0.12524 0.12509 0.12494 0.12478 0.12458 0.12425 ( 1)  0.218
 607 L   0.12526 0.12516 0.12509 0.12503 0.12498 0.12492 0.12484 0.12471 ( 1)  0.218
 608 E   0.12576 0.12546 0.12526 0.12510 0.12494 0.12476 0.12454 0.12418 ( 1)  0.218
 609 A   0.12565 0.12539 0.12523 0.12508 0.12494 0.12479 0.12461 0.12430 ( 1)  0.218
 610 A   0.12585 0.12552 0.12530 0.12511 0.12493 0.12473 0.12449 0.12408 ( 1)  0.218
 611 A   0.12585 0.12552 0.12530 0.12511 0.12493 0.12473 0.12449 0.12408 ( 1)  0.218
 612 D   0.12597 0.12558 0.12534 0.12512 0.12492 0.12469 0.12442 0.12396 ( 1)  0.218
 613 N   0.12537 0.12522 0.12513 0.12505 0.12497 0.12488 0.12478 0.12460 ( 1)  0.218
 614 A   0.12585 0.12552 0.12530 0.12511 0.12493 0.12473 0.12449 0.12408 ( 1)  0.218
 615 G   0.12589 0.12554 0.12531 0.12511 0.12492 0.12472 0.12446 0.12404 ( 1)  0.218
 616 L   0.12512 0.12507 0.12504 0.12502 0.12499 0.12496 0.12493 0.12487 ( 1)  0.218
 617 L   0.12537 0.12523 0.12513 0.12505 0.12497 0.12488 0.12478 0.12460 ( 1)  0.218
 618 V   0.12563 0.12538 0.12522 0.12508 0.12495 0.12480 0.12462 0.12432 ( 1)  0.218
 619 T   0.12575 0.12545 0.12526 0.12510 0.12494 0.12476 0.12455 0.12419 ( 1)  0.218
 620 A   0.12585 0.12552 0.12530 0.12511 0.12493 0.12473 0.12449 0.12408 ( 1)  0.218
 621 C   0.12569 0.12542 0.12524 0.12509 0.12494 0.12478 0.12458 0.12425 ( 1)  0.218
 622 R   0.12552 0.12531 0.12518 0.12507 0.12496 0.12484 0.12469 0.12444 ( 1)  0.218
 623 P   0.12527 0.12516 0.12509 0.12503 0.12498 0.12492 0.12484 0.12471 ( 1)  0.218
 624 G   0.12589 0.12554 0.12531 0.12511 0.12492 0.12472 0.12446 0.12404 ( 1)  0.218
 625 S   0.09479 0.10678 0.11452 0.12115 0.12761 0.13457 0.14313 0.15746 ( 8)  0.224
 626 L   0.12567 0.12541 0.12523 0.12509 0.12494 0.12479 0.12460 0.12428 ( 1)  0.218
 627 R   0.12552 0.12531 0.12518 0.12507 0.12496 0.12484 0.12469 0.12444 ( 1)  0.218
 628 Q   0.12548 0.12529 0.12517 0.12506 0.12496 0.12485 0.12471 0.12448 ( 1)  0.218
 629 Q   0.12548 0.12529 0.12517 0.12506 0.12496 0.12485 0.12471 0.12448 ( 1)  0.218
 630 W   0.12541 0.12525 0.12514 0.12505 0.12497 0.12487 0.12475 0.12455 ( 1)  0.218
 631 K   0.12530 0.12518 0.12510 0.12504 0.12497 0.12491 0.12482 0.12468 ( 1)  0.218
 632 W   0.12541 0.12525 0.12514 0.12505 0.12497 0.12487 0.12475 0.12455 ( 1)  0.218
 633 Q   0.12548 0.12529 0.12517 0.12506 0.12496 0.12485 0.12471 0.12448 ( 1)  0.218
 634 R   0.12552 0.12531 0.12518 0.12507 0.12496 0.12484 0.12469 0.12444 ( 1)  0.218
 635 Q   0.12530 0.12518 0.12510 0.12504 0.12497 0.12491 0.12482 0.12468 ( 1)  0.218
 636 A   0.12534 0.12520 0.12512 0.12504 0.12497 0.12489 0.12480 0.12464 ( 1)  0.218
 637 G   0.12589 0.12554 0.12531 0.12511 0.12492 0.12472 0.12446 0.12404 ( 1)  0.218
 638 K   0.12567 0.12541 0.12523 0.12509 0.12494 0.12479 0.12460 0.12427 ( 1)  0.218
 639 G   0.12568 0.12541 0.12524 0.12509 0.12494 0.12478 0.12459 0.12426 ( 1)  0.218


lnL = -2744.377193

