Supplemental results for CODEML (seqf: algn  treef: tree)


dN/dS (w) for site classes (K=9)

p:   0.10765  0.10765  0.10765  0.10765  0.10765  0.10765  0.10765  0.10765  0.13883
w:   0.00000  0.00000  0.00000  0.00000  0.00000  0.00000  0.00000  0.00000 70.22154

Naive Empirical Bayes (NEB) probabilities for 9 classes & postmean_w & P(w>1)
(amino acids refer to 1st sequence: Mcor.12426)

   1 M   0.12356 0.12356 0.12356 0.12356 0.12356 0.12356 0.12356 0.12356 0.01152 ( 1)  0.809  0.012
   2 H   0.12161 0.12161 0.12161 0.12161 0.12161 0.12161 0.12161 0.12161 0.02715 ( 1)  1.906  0.027
   3 P   0.11772 0.11772 0.11772 0.11772 0.11772 0.11772 0.11772 0.11772 0.05822 ( 2)  4.088  0.058
   4 T   0.11927 0.11927 0.11927 0.11927 0.11927 0.11927 0.11927 0.11927 0.04587 ( 1)  3.221  0.046
   5 P   0.11772 0.11772 0.11772 0.11772 0.11772 0.11772 0.11772 0.11772 0.05822 ( 2)  4.088  0.058
   6 T   0.11927 0.11927 0.11927 0.11927 0.11927 0.11927 0.11927 0.11927 0.04587 ( 1)  3.221  0.046
   7 H   0.12161 0.12161 0.12161 0.12161 0.12161 0.12161 0.12161 0.12161 0.02715 ( 1)  1.906  0.027
   8 P   0.11250 0.11250 0.11250 0.11250 0.11250 0.11250 0.11250 0.11250 0.10000 ( 2)  7.022  0.100
   9 A   0.00000 0.00000 0.00000 0.00000 0.00000 0.00000 0.00000 0.00000 1.00000 ( 9) 70.222  1.000
  10 S   0.12321 0.12321 0.12321 0.12321 0.12321 0.12321 0.12321 0.12321 0.01434 ( 1)  1.007  0.014

Positively selected sites

	Prob(w>1)  mean w

     9 A      1.000**       70.222


lnL =   -31.659721

Bayes Empirical Bayes (BEB) probabilities for 11 classes (class) & postmean_w
(amino acids refer to 1st sequence: Mcor.12426)

   1 M   0.43027 0.09848 0.06686 0.04949 0.03826 0.03055 0.02517 0.02153 0.01974 0.04248 0.17717 ( 1)  1.322 +-  2.621
   2 H   0.27087 0.05738 0.04439 0.03894 0.03582 0.03363 0.03191 0.03063 0.03043 0.06126 0.36473 (11)  2.549 +-  3.370
   3 P   0.24125 0.05505 0.04492 0.04020 0.03719 0.03492 0.03308 0.03168 0.03138 0.06260 0.38773 (11)  2.712 +-  3.431
   4 T   0.25067 0.05519 0.04453 0.03973 0.03673 0.03448 0.03267 0.03130 0.03103 0.06205 0.38161 (11)  2.669 +-  3.418
   5 P   0.24125 0.05505 0.04492 0.04020 0.03719 0.03492 0.03308 0.03168 0.03138 0.06260 0.38773 (11)  2.712 +-  3.431
   6 T   0.25067 0.05519 0.04453 0.03973 0.03673 0.03448 0.03267 0.03130 0.03103 0.06205 0.38161 (11)  2.669 +-  3.418
   7 H   0.27087 0.05738 0.04439 0.03894 0.03582 0.03363 0.03191 0.03063 0.03043 0.06126 0.36473 (11)  2.549 +-  3.370
   8 P   0.24023 0.05588 0.04482 0.03951 0.03615 0.03369 0.03176 0.03033 0.03001 0.06008 0.39755 (11)  2.794 +-  3.480
   9 A   0.01248 0.00723 0.00915 0.01093 0.01256 0.01402 0.01532 0.01653 0.01805 0.03688 0.84684 (11)  5.823 +-  3.308
  10 S   0.35523 0.06807 0.04523 0.03573 0.03094 0.02818 0.02642 0.02535 0.02538 0.05322 0.30626 ( 1)  2.150 +-  3.213

Positively selected sites

	Prob(w>1)  mean w

     9 A      0.847         5.823 +- 3.308

