Supplemental results for CODEML (seqf: algn  treef: tree)


dN/dS (w) for site classes (K=8)

p:   0.12500  0.12500  0.12500  0.12500  0.12500  0.12500  0.12500  0.12500
w:   0.00000  0.00000  0.00000  0.00000  0.00000  0.00002  0.94229  1.00000

Naive Empirical Bayes (NEB) probabilities for 8 classes & postmean_w
(amino acids refer to 1st sequence: Mlig.16784)

   1 S   0.12714 0.12714 0.12714 0.12714 0.12714 0.12714 0.11883 0.11834 ( 1)  0.230
   2 A   0.12708 0.12708 0.12708 0.12708 0.12708 0.12708 0.11900 0.11853 ( 1)  0.231
   3 S   0.12599 0.12599 0.12599 0.12599 0.12599 0.12599 0.12214 0.12191 ( 1)  0.237
   4 A   0.12649 0.12649 0.12649 0.12649 0.12649 0.12649 0.12070 0.12036 ( 1)  0.234
   5 G   0.12648 0.12648 0.12648 0.12648 0.12648 0.12648 0.12072 0.12037 ( 1)  0.234
   6 A   0.12649 0.12649 0.12649 0.12649 0.12649 0.12649 0.12070 0.12036 ( 1)  0.234
   7 T   0.12737 0.12737 0.12737 0.12737 0.12737 0.12737 0.11816 0.11762 ( 3)  0.229
   8 A   0.12649 0.12649 0.12649 0.12649 0.12649 0.12649 0.12070 0.12036 ( 1)  0.234
   9 S   0.12691 0.12691 0.12691 0.12691 0.12691 0.12691 0.11948 0.11904 ( 3)  0.232
  10 A   0.12710 0.12710 0.12710 0.12710 0.12710 0.12710 0.11894 0.11846 ( 1)  0.231
  11 A   0.12710 0.12710 0.12710 0.12710 0.12710 0.12710 0.11894 0.11846 ( 1)  0.231
  12 S   0.12691 0.12691 0.12691 0.12691 0.12691 0.12691 0.11948 0.11904 ( 3)  0.232
  13 A   0.12649 0.12649 0.12649 0.12649 0.12649 0.12649 0.12070 0.12036 ( 1)  0.234
  14 L   0.00000 0.00000 0.00000 0.00000 0.00000 0.00001 0.48604 0.51395 ( 8)  0.972
  15 L   0.12586 0.12586 0.12586 0.12586 0.12586 0.12586 0.12251 0.12231 ( 3)  0.238
  16 A   0.12764 0.12764 0.12764 0.12764 0.12764 0.12764 0.11739 0.11679 ( 1)  0.227
  17 E   0.12830 0.12830 0.12830 0.12830 0.12830 0.12830 0.11547 0.11474 ( 3)  0.224
  18 E   0.12830 0.12830 0.12830 0.12830 0.12830 0.12830 0.11547 0.11474 ( 3)  0.224
  19 Q   0.12757 0.12757 0.12757 0.12757 0.12757 0.12757 0.11757 0.11699 ( 1)  0.228
  20 L   0.12693 0.12693 0.12693 0.12693 0.12693 0.12693 0.11944 0.11900 ( 1)  0.232
  21 E   0.12830 0.12830 0.12830 0.12830 0.12830 0.12830 0.11547 0.11474 ( 3)  0.224
  22 S   0.12672 0.12672 0.12672 0.12672 0.12672 0.12672 0.12004 0.11965 ( 3)  0.233
  23 L   0.12691 0.12691 0.12691 0.12691 0.12691 0.12691 0.11949 0.11906 ( 3)  0.232
  24 D   0.12794 0.12794 0.12794 0.12794 0.12794 0.12794 0.11650 0.11584 ( 1)  0.226
  25 S   0.12691 0.12691 0.12691 0.12691 0.12691 0.12691 0.11948 0.11904 ( 3)  0.232
  26 D   0.12783 0.12783 0.12783 0.12783 0.12783 0.12783 0.11681 0.11620 ( 3)  0.226
  27 W   0.12669 0.12669 0.12669 0.12669 0.12669 0.12669 0.12011 0.11972 ( 1)  0.233
  28 V   0.12710 0.12710 0.12710 0.12710 0.12710 0.12710 0.11893 0.11845 ( 1)  0.231
  29 P   0.12740 0.12740 0.12740 0.12740 0.12740 0.12740 0.11808 0.11754 ( 3)  0.229
  30 V   0.12708 0.12708 0.12708 0.12708 0.12708 0.12708 0.11899 0.11852 ( 1)  0.231
  31 N   0.12768 0.12768 0.12768 0.12768 0.12768 0.12768 0.11725 0.11664 ( 3)  0.227
  32 R   0.12608 0.12608 0.12608 0.12608 0.12608 0.12608 0.12188 0.12163 ( 3)  0.236
  33 C   0.12683 0.12683 0.12683 0.12683 0.12683 0.12683 0.11971 0.11929 ( 1)  0.232
  34 V   0.12710 0.12710 0.12710 0.12710 0.12710 0.12710 0.11893 0.11845 ( 1)  0.231
  35 V   0.12710 0.12710 0.12710 0.12710 0.12710 0.12710 0.11893 0.11845 ( 1)  0.231
  36 E   0.12719 0.12719 0.12719 0.12719 0.12719 0.12719 0.11867 0.11817 ( 3)  0.230
  37 H   0.12768 0.12768 0.12768 0.12768 0.12768 0.12768 0.11727 0.11666 ( 3)  0.227
  38 Q   0.12757 0.12757 0.12757 0.12757 0.12757 0.12757 0.11757 0.11699 ( 1)  0.228
  39 Q   0.12757 0.12757 0.12757 0.12757 0.12757 0.12757 0.11757 0.11699 ( 1)  0.228
  40 Q   0.12757 0.12757 0.12757 0.12757 0.12757 0.12757 0.11757 0.11699 ( 1)  0.228
  41 Q   0.12757 0.12757 0.12757 0.12757 0.12757 0.12757 0.11757 0.11699 ( 1)  0.228
  42 Q   0.00000 0.00000 0.00000 0.00000 0.00000 0.00001 0.48619 0.51380 ( 8)  0.972
  43 S   0.12716 0.12716 0.12716 0.12716 0.12716 0.12716 0.11878 0.11829 ( 1)  0.230
  44 P   0.12635 0.12635 0.12635 0.12635 0.12635 0.12635 0.12110 0.12079 ( 3)  0.235
  45 V   0.12764 0.12764 0.12764 0.12764 0.12764 0.12764 0.11737 0.11678 ( 3)  0.227
  46 I   0.12712 0.12712 0.12712 0.12712 0.12712 0.12712 0.11887 0.11838 ( 1)  0.230
  47 L   0.12586 0.12586 0.12586 0.12586 0.12586 0.12586 0.12251 0.12231 ( 3)  0.238
  48 D   0.12797 0.12797 0.12797 0.12797 0.12797 0.12797 0.11644 0.11577 ( 1)  0.225
  49 F   0.12703 0.12703 0.12703 0.12703 0.12703 0.12703 0.11915 0.11869 ( 3)  0.231
  50 R   0.12696 0.12696 0.12696 0.12696 0.12696 0.12696 0.11933 0.11888 ( 3)  0.231
  51 V   0.12710 0.12710 0.12710 0.12710 0.12710 0.12710 0.11893 0.11845 ( 1)  0.231
  52 S   0.12672 0.12672 0.12672 0.12672 0.12672 0.12672 0.12004 0.11965 ( 3)  0.233
  53 W   0.12669 0.12669 0.12669 0.12669 0.12669 0.12669 0.12011 0.11972 ( 1)  0.233
  54 N   0.12768 0.12768 0.12768 0.12768 0.12768 0.12768 0.11725 0.11664 ( 3)  0.227
  55 Q   0.12757 0.12757 0.12757 0.12757 0.12757 0.12757 0.11757 0.11699 ( 1)  0.228
  56 D   0.12794 0.12794 0.12794 0.12794 0.12794 0.12794 0.11650 0.11584 ( 1)  0.226
  57 S   0.12716 0.12716 0.12716 0.12716 0.12716 0.12716 0.11878 0.11829 ( 1)  0.230
  58 C   0.12683 0.12683 0.12683 0.12683 0.12683 0.12683 0.11971 0.11929 ( 1)  0.232
  59 S   0.12716 0.12716 0.12716 0.12716 0.12716 0.12716 0.11878 0.11829 ( 1)  0.230
  60 I   0.12712 0.12712 0.12712 0.12712 0.12712 0.12712 0.11887 0.11838 ( 1)  0.230
  61 T   0.12688 0.12688 0.12688 0.12688 0.12688 0.12688 0.11956 0.11913 ( 3)  0.232
  62 I   0.12711 0.12711 0.12711 0.12711 0.12711 0.12710 0.11893 0.11844 ( 3)  0.231
  63 N   0.12768 0.12768 0.12768 0.12768 0.12768 0.12768 0.11725 0.11664 ( 3)  0.227
  64 C   0.12685 0.12685 0.12685 0.12685 0.12685 0.12685 0.11967 0.11924 ( 1)  0.232
  65 T   0.12737 0.12737 0.12737 0.12737 0.12737 0.12737 0.11816 0.11762 ( 3)  0.229
  66 E   0.12830 0.12830 0.12830 0.12830 0.12830 0.12830 0.11547 0.11474 ( 3)  0.224
  67 R   0.12732 0.12732 0.12732 0.12732 0.12732 0.12732 0.11830 0.11777 ( 3)  0.229
  68 K   0.12738 0.12738 0.12738 0.12738 0.12738 0.12738 0.11812 0.11760 ( 1)  0.229
  69 S   0.12670 0.12670 0.12670 0.12670 0.12670 0.12670 0.12010 0.11970 ( 3)  0.233
  70 K   0.12691 0.12691 0.12691 0.12691 0.12691 0.12691 0.11949 0.11905 ( 3)  0.232
  71 Q   0.12757 0.12757 0.12757 0.12757 0.12757 0.12757 0.11757 0.11699 ( 1)  0.228
  72 Q   0.12757 0.12757 0.12757 0.12757 0.12757 0.12757 0.11757 0.11699 ( 1)  0.228
  73 Q   0.12757 0.12757 0.12757 0.12757 0.12757 0.12757 0.11757 0.11699 ( 1)  0.228
  74 Q   0.12757 0.12757 0.12757 0.12757 0.12757 0.12757 0.11757 0.11699 ( 1)  0.228
  75 P   0.12691 0.12691 0.12691 0.12691 0.12691 0.12691 0.11950 0.11906 ( 3)  0.232
  76 P   0.12740 0.12740 0.12740 0.12740 0.12740 0.12740 0.11808 0.11754 ( 3)  0.229
  77 Q   0.12673 0.12673 0.12673 0.12673 0.12673 0.12673 0.12001 0.11961 ( 1)  0.233
  78 S   0.12599 0.12599 0.12599 0.12599 0.12599 0.12599 0.12214 0.12191 ( 1)  0.237
  79 F   0.12703 0.12703 0.12703 0.12703 0.12703 0.12703 0.11915 0.11869 ( 3)  0.231
  80 M   0.12805 0.12805 0.12805 0.12805 0.12805 0.12805 0.11620 0.11551 ( 3)  0.225
  81 G   0.12648 0.12648 0.12648 0.12648 0.12648 0.12648 0.12072 0.12037 ( 1)  0.234
  82 V   0.12709 0.12709 0.12709 0.12709 0.12709 0.12709 0.11896 0.11848 ( 3)  0.231
  83 Y   0.12707 0.12707 0.12707 0.12707 0.12707 0.12707 0.11903 0.11856 ( 1)  0.231
  84 T   0.12688 0.12688 0.12688 0.12688 0.12688 0.12688 0.11956 0.11913 ( 3)  0.232
  85 L   0.12608 0.12608 0.12608 0.12608 0.12608 0.12608 0.12187 0.12162 ( 1)  0.236
  86 F   0.12703 0.12703 0.12703 0.12703 0.12703 0.12703 0.11915 0.11869 ( 3)  0.231
  87 E   0.12719 0.12719 0.12719 0.12719 0.12719 0.12719 0.11867 0.11817 ( 3)  0.230
  88 L   0.12660 0.12660 0.12660 0.12660 0.12660 0.12660 0.12038 0.12003 ( 3)  0.233
  89 S   0.12670 0.12670 0.12670 0.12670 0.12670 0.12670 0.12010 0.11970 ( 3)  0.233
  90 C   0.12683 0.12683 0.12683 0.12683 0.12683 0.12683 0.11971 0.11929 ( 1)  0.232
  91 I   0.12712 0.12712 0.12712 0.12712 0.12712 0.12712 0.11887 0.11838 ( 1)  0.230
  92 N   0.12768 0.12768 0.12768 0.12768 0.12768 0.12768 0.11725 0.11664 ( 3)  0.227
  93 S   0.12670 0.12670 0.12670 0.12670 0.12670 0.12670 0.12010 0.11970 ( 3)  0.233
  94 Q   0.12673 0.12673 0.12673 0.12673 0.12673 0.12673 0.12001 0.11961 ( 1)  0.233
  95 L   0.12646 0.12646 0.12646 0.12646 0.12646 0.12646 0.12078 0.12044 ( 1)  0.234
  96 C   0.12683 0.12683 0.12683 0.12683 0.12683 0.12683 0.11971 0.11929 ( 1)  0.232
  97 L   0.12608 0.12608 0.12608 0.12608 0.12608 0.12608 0.12187 0.12162 ( 1)  0.236
  98 L   0.12586 0.12586 0.12586 0.12586 0.12586 0.12586 0.12251 0.12231 ( 3)  0.238
  99 N   0.12768 0.12768 0.12768 0.12768 0.12768 0.12768 0.11725 0.11664 ( 3)  0.227
 100 P   0.12691 0.12691 0.12691 0.12691 0.12691 0.12691 0.11950 0.11906 ( 3)  0.232
 101 Q   0.12673 0.12673 0.12673 0.12673 0.12673 0.12673 0.12001 0.11961 ( 1)  0.233
 102 L   0.12691 0.12691 0.12691 0.12691 0.12691 0.12691 0.11947 0.11904 ( 3)  0.232
 103 Q   0.12673 0.12673 0.12673 0.12673 0.12673 0.12673 0.12001 0.11961 ( 1)  0.233
 104 R   0.12640 0.12640 0.12640 0.12640 0.12640 0.12640 0.12096 0.12064 ( 3)  0.235
 105 Y   0.12707 0.12707 0.12707 0.12707 0.12707 0.12707 0.11903 0.11856 ( 1)  0.231
 106 F   0.12703 0.12703 0.12703 0.12703 0.12703 0.12703 0.11915 0.11869 ( 3)  0.231
 107 P   0.12691 0.12691 0.12691 0.12691 0.12691 0.12691 0.11950 0.11906 ( 3)  0.232
 108 E   0.12830 0.12830 0.12830 0.12830 0.12830 0.12830 0.11547 0.11474 ( 3)  0.224
 109 Q   0.12673 0.12673 0.12673 0.12673 0.12673 0.12673 0.12001 0.11961 ( 1)  0.233
 110 P   0.12740 0.12740 0.12740 0.12740 0.12740 0.12740 0.11808 0.11754 ( 3)  0.229
 111 H   0.12770 0.12770 0.12770 0.12770 0.12770 0.12770 0.11721 0.11660 ( 3)  0.227
 112 P   0.12635 0.12635 0.12635 0.12635 0.12635 0.12635 0.12110 0.12079 ( 3)  0.235
 113 A   0.12649 0.12649 0.12649 0.12649 0.12649 0.12649 0.12070 0.12036 ( 1)  0.234
 114 C   0.12685 0.12685 0.12685 0.12685 0.12685 0.12685 0.11967 0.11924 ( 1)  0.232
 115 S   0.12670 0.12670 0.12670 0.12670 0.12670 0.12670 0.12010 0.11970 ( 3)  0.233
 116 R   0.12640 0.12640 0.12640 0.12640 0.12640 0.12640 0.12096 0.12064 ( 3)  0.235
 117 G   0.12719 0.12719 0.12719 0.12719 0.12719 0.12719 0.11869 0.11819 ( 1)  0.230
 118 F   0.12703 0.12703 0.12703 0.12703 0.12703 0.12703 0.11915 0.11869 ( 3)  0.231
 119 L   0.12646 0.12646 0.12646 0.12646 0.12646 0.12646 0.12078 0.12044 ( 1)  0.234
 120 A   0.12710 0.12710 0.12710 0.12710 0.12710 0.12710 0.11894 0.11846 ( 1)  0.231
 121 S   0.12716 0.12716 0.12716 0.12716 0.12716 0.12716 0.11878 0.11829 ( 1)  0.230
 122 F   0.12701 0.12701 0.12701 0.12701 0.12701 0.12701 0.11920 0.11874 ( 3)  0.231
 123 L   0.12608 0.12608 0.12608 0.12608 0.12608 0.12608 0.12187 0.12162 ( 1)  0.236
 124 S   0.12671 0.12671 0.12671 0.12671 0.12671 0.12671 0.12007 0.11968 ( 3)  0.233
 125 G   0.00000 0.00000 0.00000 0.00000 0.00000 0.00001 0.48577 0.51422 ( 8)  0.972
 126 P   0.12740 0.12740 0.12740 0.12740 0.12740 0.12740 0.11808 0.11754 ( 3)  0.229
 127 V   0.12710 0.12710 0.12710 0.12710 0.12710 0.12710 0.11893 0.11845 ( 1)  0.231
 128 V   0.12708 0.12708 0.12708 0.12708 0.12708 0.12708 0.11899 0.11852 ( 1)  0.231
 129 N   0.12766 0.12766 0.12766 0.12766 0.12766 0.12766 0.11731 0.11671 ( 3)  0.227
 130 Q   0.12757 0.12757 0.12757 0.12757 0.12757 0.12757 0.11757 0.11699 ( 1)  0.228
 131 T   0.00000 0.00000 0.00000 0.00000 0.00000 0.00001 0.48606 0.51392 ( 8)  0.972
 132 Y   0.12705 0.12705 0.12705 0.12705 0.12705 0.12705 0.11909 0.11863 ( 3)  0.231
 133 L   0.12692 0.12692 0.12692 0.12692 0.12692 0.12692 0.11947 0.11903 ( 3)  0.232
 134 D   0.12794 0.12794 0.12794 0.12794 0.12794 0.12794 0.11650 0.11584 ( 1)  0.226
 135 S   0.12691 0.12691 0.12691 0.12691 0.12691 0.12691 0.11948 0.11904 ( 3)  0.232
 136 L   0.12649 0.12649 0.12649 0.12649 0.12649 0.12649 0.12069 0.12034 ( 3)  0.234
 137 T   0.12688 0.12688 0.12688 0.12688 0.12688 0.12688 0.11956 0.11913 ( 3)  0.232
 138 V   0.12708 0.12708 0.12708 0.12708 0.12708 0.12708 0.11899 0.11852 ( 1)  0.231
 139 Y   0.12705 0.12705 0.12705 0.12705 0.12705 0.12705 0.11909 0.11863 ( 3)  0.231
 140 L   0.12693 0.12693 0.12693 0.12693 0.12693 0.12693 0.11944 0.11900 ( 1)  0.232
 141 K   0.12691 0.12691 0.12691 0.12691 0.12691 0.12691 0.11949 0.11905 ( 3)  0.232
 142 A   0.12649 0.12649 0.12649 0.12649 0.12649 0.12649 0.12070 0.12036 ( 1)  0.234
 143 A   0.12708 0.12708 0.12708 0.12708 0.12708 0.12708 0.11900 0.11853 ( 1)  0.231
 144 V   0.12649 0.12649 0.12649 0.12649 0.12649 0.12649 0.12069 0.12035 ( 3)  0.234
 145 D   0.12797 0.12797 0.12797 0.12797 0.12797 0.12797 0.11644 0.11577 ( 1)  0.225
 146 L   0.12608 0.12608 0.12608 0.12608 0.12608 0.12608 0.12187 0.12162 ( 1)  0.236
 147 C   0.12683 0.12683 0.12683 0.12683 0.12683 0.12683 0.11971 0.11929 ( 1)  0.232
 148 G   0.12719 0.12719 0.12719 0.12719 0.12719 0.12719 0.11869 0.11819 ( 1)  0.230
 149 A   0.12709 0.12709 0.12709 0.12709 0.12709 0.12709 0.11897 0.11849 ( 3)  0.231
 150 R   0.12640 0.12640 0.12640 0.12640 0.12640 0.12640 0.12096 0.12064 ( 3)  0.235
 151 F   0.12703 0.12703 0.12703 0.12703 0.12703 0.12703 0.11915 0.11869 ( 3)  0.231
 152 V   0.12710 0.12710 0.12710 0.12710 0.12710 0.12710 0.11893 0.11845 ( 1)  0.231
 153 I   0.12708 0.12708 0.12708 0.12708 0.12708 0.12708 0.11900 0.11854 ( 1)  0.231
 154 D   0.12797 0.12797 0.12797 0.12797 0.12797 0.12797 0.11644 0.11577 ( 1)  0.225
 155 A   0.12649 0.12649 0.12649 0.12649 0.12649 0.12649 0.12070 0.12036 ( 1)  0.234
 156 L   0.12646 0.12646 0.12646 0.12646 0.12646 0.12646 0.12078 0.12044 ( 1)  0.234
 157 F   0.12703 0.12703 0.12703 0.12703 0.12703 0.12703 0.11915 0.11869 ( 3)  0.231
 158 E   0.12719 0.12719 0.12719 0.12719 0.12719 0.12719 0.11867 0.11817 ( 3)  0.230
 159 E   0.12719 0.12719 0.12719 0.12719 0.12719 0.12719 0.11867 0.11817 ( 3)  0.230
 160 L   0.12646 0.12646 0.12646 0.12646 0.12646 0.12646 0.12078 0.12044 ( 1)  0.234
 161 P   0.12635 0.12635 0.12635 0.12635 0.12635 0.12635 0.12110 0.12079 ( 3)  0.235
 162 A   0.12708 0.12708 0.12708 0.12708 0.12708 0.12708 0.11900 0.11853 ( 1)  0.231
 163 E   0.12719 0.12719 0.12719 0.12719 0.12719 0.12719 0.11867 0.11817 ( 3)  0.230
 164 D   0.12794 0.12794 0.12794 0.12794 0.12794 0.12794 0.11650 0.11584 ( 1)  0.226
 165 F   0.12701 0.12701 0.12701 0.12701 0.12701 0.12701 0.11920 0.11874 ( 3)  0.231
 166 F   0.12703 0.12703 0.12703 0.12703 0.12703 0.12703 0.11915 0.11869 ( 3)  0.231
 167 D   0.12797 0.12797 0.12797 0.12797 0.12797 0.12797 0.11644 0.11577 ( 1)  0.225
 168 S   0.12716 0.12716 0.12716 0.12716 0.12716 0.12716 0.11878 0.11829 ( 1)  0.230
 169 L   0.12646 0.12646 0.12646 0.12646 0.12646 0.12646 0.12078 0.12044 ( 1)  0.234
 170 S   0.12691 0.12691 0.12691 0.12691 0.12691 0.12691 0.11948 0.11904 ( 3)  0.232
 171 S   0.12672 0.12672 0.12672 0.12672 0.12672 0.12672 0.12004 0.11965 ( 3)  0.233
 172 L   0.12586 0.12586 0.12586 0.12586 0.12586 0.12586 0.12251 0.12231 ( 3)  0.238
 173 K   0.12691 0.12691 0.12691 0.12691 0.12691 0.12691 0.11949 0.11905 ( 3)  0.232
 174 E   0.12830 0.12830 0.12830 0.12830 0.12830 0.12830 0.11547 0.11474 ( 3)  0.224
 175 N   0.12768 0.12768 0.12768 0.12768 0.12768 0.12768 0.11725 0.11664 ( 3)  0.227
 176 W   0.12669 0.12669 0.12669 0.12669 0.12669 0.12669 0.12011 0.11972 ( 1)  0.233
 177 H   0.12770 0.12770 0.12770 0.12770 0.12770 0.12770 0.11721 0.11660 ( 3)  0.227
 178 L   0.12691 0.12691 0.12691 0.12691 0.12691 0.12691 0.11947 0.11904 ( 3)  0.232
 179 D   0.12797 0.12797 0.12797 0.12797 0.12797 0.12797 0.11644 0.11577 ( 1)  0.225
 180 R   0.12732 0.12732 0.12732 0.12732 0.12732 0.12732 0.11830 0.11777 ( 3)  0.229
 181 I   0.12712 0.12712 0.12712 0.12712 0.12712 0.12712 0.11887 0.11838 ( 1)  0.230
 182 A   0.12710 0.12710 0.12710 0.12710 0.12710 0.12710 0.11894 0.11846 ( 1)  0.231
 183 K   0.12691 0.12691 0.12691 0.12691 0.12691 0.12691 0.11949 0.11905 ( 3)  0.232
 184 Q   0.12757 0.12757 0.12757 0.12757 0.12757 0.12757 0.11757 0.11699 ( 1)  0.228
 185 K   0.12801 0.12801 0.12801 0.12801 0.12801 0.12801 0.11630 0.11563 ( 3)  0.225
 186 E   0.12719 0.12719 0.12719 0.12719 0.12719 0.12719 0.11867 0.11817 ( 3)  0.230
 187 Q   0.12757 0.12757 0.12757 0.12757 0.12757 0.12757 0.11757 0.11699 ( 1)  0.228
 188 L   0.12693 0.12693 0.12693 0.12693 0.12693 0.12693 0.11944 0.11900 ( 1)  0.232
 189 E   0.12830 0.12830 0.12830 0.12830 0.12830 0.12830 0.11547 0.11474 ( 3)  0.224
 190 G   0.12648 0.12648 0.12648 0.12648 0.12648 0.12648 0.12072 0.12037 ( 1)  0.234
 191 L   0.12646 0.12646 0.12646 0.12646 0.12646 0.12646 0.12078 0.12044 ( 1)  0.234
 192 E   0.12830 0.12830 0.12830 0.12830 0.12830 0.12830 0.11547 0.11474 ( 3)  0.224
 193 F   0.12701 0.12701 0.12701 0.12701 0.12701 0.12701 0.11920 0.11874 ( 3)  0.231
 194 Y   0.12705 0.12705 0.12705 0.12705 0.12705 0.12705 0.11909 0.11863 ( 3)  0.231
 195 R   0.12640 0.12640 0.12640 0.12640 0.12640 0.12640 0.12096 0.12064 ( 3)  0.235
 196 K   0.12691 0.12691 0.12691 0.12691 0.12691 0.12691 0.11949 0.11905 ( 3)  0.232
 197 Q   0.12673 0.12673 0.12673 0.12673 0.12673 0.12673 0.12001 0.11961 ( 1)  0.233
 198 C   0.12683 0.12683 0.12683 0.12683 0.12683 0.12683 0.11971 0.11929 ( 1)  0.232
 199 V   0.12708 0.12708 0.12708 0.12708 0.12708 0.12708 0.11899 0.11852 ( 1)  0.231
 200 T   0.12687 0.12687 0.12687 0.12687 0.12687 0.12687 0.11959 0.11916 ( 1)  0.232
 201 L   0.12693 0.12693 0.12693 0.12693 0.12693 0.12693 0.11944 0.11900 ( 1)  0.232
 202 M   0.12805 0.12805 0.12805 0.12805 0.12805 0.12805 0.11620 0.11551 ( 3)  0.225
 203 E   0.12830 0.12830 0.12830 0.12830 0.12830 0.12830 0.11547 0.11474 ( 3)  0.224
 204 L   0.12693 0.12693 0.12693 0.12693 0.12693 0.12693 0.11944 0.11900 ( 1)  0.232
 205 V   0.12764 0.12764 0.12764 0.12764 0.12764 0.12764 0.11737 0.11678 ( 3)  0.227
 206 S   0.12714 0.12714 0.12714 0.12714 0.12714 0.12714 0.11883 0.11834 ( 1)  0.230
 207 L   0.12691 0.12691 0.12691 0.12691 0.12691 0.12691 0.11947 0.11904 ( 3)  0.232
 208 V   0.12764 0.12764 0.12764 0.12764 0.12764 0.12764 0.11737 0.11678 ( 3)  0.227
 209 F   0.12697 0.12697 0.12697 0.12697 0.12697 0.12697 0.11932 0.11888 ( 3)  0.231
 210 Q   0.12757 0.12757 0.12757 0.12757 0.12757 0.12757 0.11757 0.11699 ( 1)  0.228
 211 P   0.12740 0.12740 0.12740 0.12740 0.12740 0.12740 0.11808 0.11754 ( 3)  0.229
 212 E   0.12830 0.12830 0.12830 0.12830 0.12830 0.12830 0.11547 0.11474 ( 3)  0.224
 213 D   0.12794 0.12794 0.12794 0.12794 0.12794 0.12794 0.11650 0.11584 ( 1)  0.226
 214 E   0.12830 0.12830 0.12830 0.12830 0.12830 0.12830 0.11547 0.11474 ( 3)  0.224
 215 I   0.12712 0.12712 0.12712 0.12712 0.12712 0.12712 0.11887 0.11838 ( 1)  0.230
 216 M   0.12805 0.12805 0.12805 0.12805 0.12805 0.12805 0.11620 0.11551 ( 3)  0.225
 217 Q   0.12757 0.12757 0.12757 0.12757 0.12757 0.12757 0.11757 0.11699 ( 1)  0.228
 218 R   0.12640 0.12640 0.12640 0.12640 0.12640 0.12640 0.12096 0.12064 ( 3)  0.235
 219 L   0.12586 0.12586 0.12586 0.12586 0.12586 0.12586 0.12251 0.12231 ( 3)  0.238
 220 A   0.12710 0.12710 0.12710 0.12710 0.12710 0.12710 0.11894 0.11846 ( 1)  0.231
 221 N   0.12768 0.12768 0.12768 0.12768 0.12768 0.12768 0.11725 0.11664 ( 3)  0.227
 222 Y   0.12707 0.12707 0.12707 0.12707 0.12707 0.12707 0.11903 0.11856 ( 1)  0.231
 223 L   0.12693 0.12693 0.12693 0.12693 0.12693 0.12693 0.11944 0.11900 ( 1)  0.232
 224 A   0.12708 0.12708 0.12708 0.12708 0.12708 0.12708 0.11900 0.11853 ( 1)  0.231
 225 E   0.12719 0.12719 0.12719 0.12719 0.12719 0.12719 0.11867 0.11817 ( 3)  0.230
 226 H   0.12770 0.12770 0.12770 0.12770 0.12770 0.12770 0.11721 0.11660 ( 3)  0.227
 227 F   0.12701 0.12701 0.12701 0.12701 0.12701 0.12701 0.11920 0.11874 ( 3)  0.231
 228 A   0.12710 0.12710 0.12710 0.12710 0.12710 0.12710 0.11894 0.11846 ( 1)  0.231
 229 F   0.12703 0.12703 0.12703 0.12703 0.12703 0.12703 0.11915 0.11869 ( 3)  0.231
 230 H   0.12770 0.12770 0.12770 0.12770 0.12770 0.12770 0.11721 0.11660 ( 3)  0.227
 231 L   0.12693 0.12693 0.12693 0.12693 0.12693 0.12693 0.11944 0.11900 ( 1)  0.232
 232 R   0.12608 0.12608 0.12608 0.12608 0.12608 0.12608 0.12188 0.12163 ( 3)  0.236
 233 P   0.12740 0.12740 0.12740 0.12740 0.12740 0.12740 0.11808 0.11754 ( 3)  0.229
 234 R   0.12741 0.12741 0.12741 0.12741 0.12741 0.12741 0.11804 0.11749 ( 3)  0.229
 235 V   0.12710 0.12710 0.12710 0.12710 0.12710 0.12710 0.11893 0.11845 ( 1)  0.231
 236 T   0.12737 0.12737 0.12737 0.12737 0.12737 0.12737 0.11816 0.11762 ( 3)  0.229
 237 L   0.12691 0.12691 0.12691 0.12691 0.12691 0.12691 0.11947 0.11904 ( 3)  0.232
 238 R   0.12698 0.12698 0.12698 0.12698 0.12698 0.12698 0.11927 0.11882 ( 3)  0.231
 239 G   0.12648 0.12648 0.12648 0.12648 0.12648 0.12648 0.12072 0.12037 ( 1)  0.234
 240 L   0.12586 0.12586 0.12586 0.12586 0.12586 0.12586 0.12251 0.12231 ( 3)  0.238
 241 A   0.12710 0.12710 0.12710 0.12710 0.12710 0.12710 0.11894 0.11846 ( 1)  0.231
 242 Q   0.12757 0.12757 0.12757 0.12757 0.12757 0.12757 0.11757 0.11699 ( 1)  0.228
 243 Y   0.12705 0.12705 0.12705 0.12705 0.12705 0.12705 0.11909 0.11863 ( 3)  0.231
 244 N   0.12768 0.12768 0.12768 0.12768 0.12768 0.12768 0.11725 0.11664 ( 3)  0.227
 245 I   0.12712 0.12712 0.12712 0.12712 0.12712 0.12712 0.11887 0.11838 ( 1)  0.230
 246 A   0.12710 0.12710 0.12710 0.12710 0.12710 0.12710 0.11894 0.11846 ( 1)  0.231
 247 M   0.12805 0.12805 0.12805 0.12805 0.12805 0.12805 0.11620 0.11551 ( 3)  0.225
 248 L   0.12690 0.12690 0.12690 0.12690 0.12690 0.12690 0.11953 0.11910 ( 3)  0.232
 249 K   0.12801 0.12801 0.12801 0.12801 0.12801 0.12801 0.11630 0.11563 ( 3)  0.225
 250 S   0.12672 0.12672 0.12672 0.12672 0.12672 0.12672 0.12004 0.11965 ( 3)  0.233
 251 R   0.12732 0.12732 0.12732 0.12732 0.12732 0.12732 0.11830 0.11777 ( 3)  0.229
 252 L   0.12690 0.12690 0.12690 0.12690 0.12690 0.12690 0.11953 0.11910 ( 3)  0.232
 253 D   0.12794 0.12794 0.12794 0.12794 0.12794 0.12794 0.11650 0.11584 ( 1)  0.226
 254 A   0.12708 0.12708 0.12708 0.12708 0.12708 0.12708 0.11900 0.11853 ( 1)  0.231
 255 T   0.12687 0.12687 0.12687 0.12687 0.12687 0.12687 0.11962 0.11919 ( 1)  0.232
 256 P   0.12691 0.12691 0.12691 0.12691 0.12691 0.12691 0.11950 0.11906 ( 3)  0.232
 257 E   0.12830 0.12830 0.12830 0.12830 0.12830 0.12830 0.11547 0.11474 ( 3)  0.224
 258 T   0.12687 0.12687 0.12687 0.12687 0.12687 0.12687 0.11959 0.11916 ( 1)  0.232
 259 E   0.12830 0.12830 0.12830 0.12830 0.12830 0.12830 0.11547 0.11474 ( 3)  0.224
 260 D   0.12797 0.12797 0.12797 0.12797 0.12797 0.12797 0.11644 0.11577 ( 1)  0.225
 261 T   0.12737 0.12737 0.12737 0.12737 0.12737 0.12737 0.11816 0.11762 ( 3)  0.229
 262 N   0.12766 0.12766 0.12766 0.12766 0.12766 0.12766 0.11731 0.11671 ( 3)  0.227
 263 A   0.12710 0.12710 0.12710 0.12710 0.12710 0.12710 0.11894 0.11846 ( 1)  0.231
 264 I   0.12712 0.12712 0.12712 0.12712 0.12712 0.12712 0.11887 0.11838 ( 1)  0.230
 265 G   0.12721 0.12721 0.12721 0.12721 0.12721 0.12721 0.11863 0.11812 ( 1)  0.230
 266 L   0.12646 0.12646 0.12646 0.12646 0.12646 0.12646 0.12078 0.12044 ( 1)  0.234
 267 E   0.12830 0.12830 0.12830 0.12830 0.12830 0.12830 0.11547 0.11474 ( 3)  0.224
 268 I   0.12711 0.12711 0.12711 0.12711 0.12711 0.12710 0.11893 0.11844 ( 3)  0.231
 269 T   0.12687 0.12687 0.12687 0.12687 0.12687 0.12687 0.11962 0.11919 ( 1)  0.232
 270 D   0.12794 0.12794 0.12794 0.12794 0.12794 0.12794 0.11650 0.11584 ( 1)  0.226
 271 W   0.12669 0.12669 0.12669 0.12669 0.12669 0.12669 0.12011 0.11972 ( 1)  0.233
 272 I   0.12712 0.12712 0.12712 0.12712 0.12712 0.12712 0.11887 0.11838 ( 1)  0.230
 273 E   0.12719 0.12719 0.12719 0.12719 0.12719 0.12719 0.11867 0.11817 ( 3)  0.230
 274 S   0.12714 0.12714 0.12714 0.12714 0.12714 0.12714 0.11883 0.11834 ( 1)  0.230
 275 F   0.12703 0.12703 0.12703 0.12703 0.12703 0.12703 0.11915 0.11869 ( 3)  0.231
 276 E   0.12830 0.12830 0.12830 0.12830 0.12830 0.12830 0.11547 0.11474 ( 3)  0.224
 277 S   0.12716 0.12716 0.12716 0.12716 0.12716 0.12716 0.11878 0.11829 ( 1)  0.230
 278 S   0.12714 0.12714 0.12714 0.12714 0.12714 0.12714 0.11883 0.11834 ( 1)  0.230
 279 N   0.12768 0.12768 0.12768 0.12768 0.12768 0.12768 0.11725 0.11664 ( 3)  0.227
 280 Q   0.12757 0.12757 0.12757 0.12757 0.12757 0.12757 0.11757 0.11699 ( 1)  0.228
 281 S   0.12714 0.12714 0.12714 0.12714 0.12714 0.12714 0.11883 0.11834 ( 1)  0.230
 282 I   0.12712 0.12712 0.12712 0.12712 0.12712 0.12712 0.11887 0.11838 ( 1)  0.230
 283 I   0.12711 0.12711 0.12711 0.12711 0.12711 0.12710 0.11893 0.11844 ( 3)  0.231
 284 E   0.12719 0.12719 0.12719 0.12719 0.12719 0.12719 0.11867 0.11817 ( 3)  0.230
 285 L   0.12646 0.12646 0.12646 0.12646 0.12646 0.12646 0.12078 0.12044 ( 1)  0.234
 286 Y   0.12707 0.12707 0.12707 0.12707 0.12707 0.12707 0.11903 0.11856 ( 1)  0.231
 287 C   0.12683 0.12683 0.12683 0.12683 0.12683 0.12683 0.11971 0.11929 ( 1)  0.232
 288 D   0.12797 0.12797 0.12797 0.12797 0.12797 0.12797 0.11644 0.11577 ( 1)  0.225
 289 Y   0.12707 0.12707 0.12707 0.12707 0.12707 0.12707 0.11903 0.11856 ( 1)  0.231
 290 Y   0.12707 0.12707 0.12707 0.12707 0.12707 0.12707 0.11903 0.11856 ( 1)  0.231
 291 T   0.12688 0.12688 0.12688 0.12688 0.12688 0.12688 0.11956 0.11913 ( 3)  0.232
 292 K   0.12801 0.12801 0.12801 0.12801 0.12801 0.12801 0.11630 0.11563 ( 3)  0.225
 293 L   0.12693 0.12693 0.12693 0.12693 0.12693 0.12693 0.11944 0.11900 ( 1)  0.232
 294 A   0.12708 0.12708 0.12708 0.12708 0.12708 0.12708 0.11900 0.11853 ( 1)  0.231
 295 D   0.12797 0.12797 0.12797 0.12797 0.12797 0.12797 0.11644 0.11577 ( 1)  0.225
 296 M   0.12805 0.12805 0.12805 0.12805 0.12805 0.12805 0.11620 0.11551 ( 3)  0.225
 297 Y   0.12705 0.12705 0.12705 0.12705 0.12705 0.12705 0.11909 0.11863 ( 3)  0.231
 298 E   0.12830 0.12830 0.12830 0.12830 0.12830 0.12830 0.11547 0.11474 ( 3)  0.224
 299 K   0.12691 0.12691 0.12691 0.12691 0.12691 0.12691 0.11949 0.11905 ( 3)  0.232
 300 A   0.12710 0.12710 0.12710 0.12710 0.12710 0.12710 0.11894 0.11846 ( 1)  0.231
 301 L   0.12646 0.12646 0.12646 0.12646 0.12646 0.12646 0.12078 0.12044 ( 1)  0.234
 302 Q   0.12757 0.12757 0.12757 0.12757 0.12757 0.12757 0.11757 0.11699 ( 1)  0.228
 303 R   0.12608 0.12608 0.12608 0.12608 0.12608 0.12608 0.12188 0.12163 ( 3)  0.236
 304 M   0.00000 0.00000 0.00000 0.00000 0.00000 0.00001 0.48601 0.51398 ( 8)  0.972
 305 D   0.12794 0.12794 0.12794 0.12794 0.12794 0.12794 0.11650 0.11584 ( 1)  0.226
 306 N   0.12768 0.12768 0.12768 0.12768 0.12768 0.12768 0.11725 0.11664 ( 3)  0.227
 307 A   0.12708 0.12708 0.12708 0.12708 0.12708 0.12708 0.11900 0.11853 ( 1)  0.231
 308 C   0.12683 0.12683 0.12683 0.12683 0.12683 0.12683 0.11971 0.11929 ( 1)  0.232
 309 K   0.12801 0.12801 0.12801 0.12801 0.12801 0.12801 0.11630 0.11563 ( 3)  0.225
 310 K   0.12691 0.12691 0.12691 0.12691 0.12691 0.12691 0.11949 0.11905 ( 3)  0.232
 311 F   0.12701 0.12701 0.12701 0.12701 0.12701 0.12701 0.11920 0.11874 ( 3)  0.231
 312 G   0.12719 0.12719 0.12719 0.12719 0.12719 0.12719 0.11869 0.11819 ( 1)  0.230
 313 K   0.12691 0.12691 0.12691 0.12691 0.12691 0.12691 0.11949 0.11905 ( 3)  0.232
 314 N   0.12766 0.12766 0.12766 0.12766 0.12766 0.12766 0.11731 0.11671 ( 3)  0.227
 315 A   0.12708 0.12708 0.12708 0.12708 0.12708 0.12708 0.11900 0.11853 ( 1)  0.231
 316 L   0.12693 0.12693 0.12693 0.12693 0.12693 0.12693 0.11944 0.11900 ( 1)  0.232
 317 A   0.00000 0.00000 0.00000 0.00000 0.00000 0.00001 0.48606 0.51393 ( 8)  0.972
 318 S   0.12714 0.12714 0.12714 0.12714 0.12714 0.12714 0.11883 0.11834 ( 1)  0.230
 319 I   0.12712 0.12712 0.12712 0.12712 0.12712 0.12712 0.11887 0.11838 ( 1)  0.230
 320 Q   0.12673 0.12673 0.12673 0.12673 0.12673 0.12673 0.12001 0.11961 ( 1)  0.233
 321 Y   0.12705 0.12705 0.12705 0.12705 0.12705 0.12705 0.11909 0.11863 ( 3)  0.231
 322 V   0.12710 0.12710 0.12710 0.12710 0.12710 0.12710 0.11893 0.11845 ( 1)  0.231
 323 G   0.12719 0.12719 0.12719 0.12719 0.12719 0.12719 0.11869 0.11819 ( 1)  0.230
 324 E   0.12719 0.12719 0.12719 0.12719 0.12719 0.12719 0.11867 0.11817 ( 3)  0.230
 325 R   0.12732 0.12732 0.12732 0.12732 0.12732 0.12732 0.11830 0.11777 ( 3)  0.229
 326 R   0.12696 0.12696 0.12696 0.12696 0.12696 0.12696 0.11933 0.11888 ( 3)  0.231
 327 E   0.12719 0.12719 0.12719 0.12719 0.12719 0.12719 0.11867 0.11817 ( 3)  0.230
 328 S   0.12670 0.12670 0.12670 0.12670 0.12670 0.12670 0.12010 0.11970 ( 3)  0.233
 329 L   0.12693 0.12693 0.12693 0.12693 0.12693 0.12693 0.11944 0.11900 ( 1)  0.232
 330 Q   0.12757 0.12757 0.12757 0.12757 0.12757 0.12757 0.11757 0.11699 ( 1)  0.228
 331 R   0.12698 0.12698 0.12698 0.12698 0.12698 0.12698 0.11927 0.11882 ( 3)  0.231
 332 R   0.12608 0.12608 0.12608 0.12608 0.12608 0.12608 0.12188 0.12163 ( 3)  0.236
 333 Q   0.12673 0.12673 0.12673 0.12673 0.12673 0.12673 0.12001 0.11961 ( 1)  0.233
 334 L   0.12690 0.12690 0.12690 0.12690 0.12690 0.12690 0.11953 0.11910 ( 3)  0.232
 335 T   0.12687 0.12687 0.12687 0.12687 0.12687 0.12687 0.11962 0.11919 ( 1)  0.232
 336 E   0.12830 0.12830 0.12830 0.12830 0.12830 0.12830 0.11547 0.11474 ( 3)  0.224
 337 Q   0.12757 0.12757 0.12757 0.12757 0.12757 0.12757 0.11757 0.11699 ( 1)  0.228
 338 T   0.12634 0.12634 0.12634 0.12634 0.12634 0.12634 0.12115 0.12084 ( 3)  0.235
 339 Q   0.12757 0.12757 0.12757 0.12757 0.12757 0.12757 0.11757 0.11699 ( 1)  0.228
 340 R   0.12608 0.12608 0.12608 0.12608 0.12608 0.12608 0.12188 0.12163 ( 3)  0.236
 341 L   0.12646 0.12646 0.12646 0.12646 0.12646 0.12646 0.12078 0.12044 ( 1)  0.234
 342 R   0.12640 0.12640 0.12640 0.12640 0.12640 0.12640 0.12096 0.12064 ( 3)  0.235
 343 T   0.12687 0.12687 0.12687 0.12687 0.12687 0.12687 0.11962 0.11919 ( 1)  0.232
 344 E   0.12719 0.12719 0.12719 0.12719 0.12719 0.12719 0.11867 0.11817 ( 3)  0.230
 345 A   0.12710 0.12710 0.12710 0.12710 0.12710 0.12710 0.11894 0.11846 ( 1)  0.231
 346 C   0.12683 0.12683 0.12683 0.12683 0.12683 0.12683 0.11971 0.11929 ( 1)  0.232
 347 R   0.12732 0.12732 0.12732 0.12732 0.12732 0.12732 0.11830 0.11777 ( 3)  0.229
 348 I   0.12712 0.12712 0.12712 0.12712 0.12712 0.12712 0.11887 0.11838 ( 1)  0.230
 349 E   0.12830 0.12830 0.12830 0.12830 0.12830 0.12830 0.11547 0.11474 ( 3)  0.224
 350 N   0.12768 0.12768 0.12768 0.12768 0.12768 0.12768 0.11725 0.11664 ( 3)  0.227
 351 K   0.12691 0.12691 0.12691 0.12691 0.12691 0.12691 0.11949 0.11905 ( 3)  0.232
 352 V   0.12764 0.12764 0.12764 0.12764 0.12764 0.12764 0.11737 0.11678 ( 3)  0.227
 353 K   0.12691 0.12691 0.12691 0.12691 0.12691 0.12691 0.11949 0.11905 ( 3)  0.232
 354 L   0.12586 0.12586 0.12586 0.12586 0.12586 0.12586 0.12251 0.12231 ( 3)  0.238
 355 R   0.12698 0.12698 0.12698 0.12698 0.12698 0.12698 0.11927 0.11882 ( 3)  0.231
 356 K   0.12691 0.12691 0.12691 0.12691 0.12691 0.12691 0.11949 0.11905 ( 3)  0.232
 357 Q   0.12757 0.12757 0.12757 0.12757 0.12757 0.12757 0.11757 0.11699 ( 1)  0.228
 358 E   0.12830 0.12830 0.12830 0.12830 0.12830 0.12830 0.11547 0.11474 ( 3)  0.224
 359 I   0.12712 0.12712 0.12712 0.12712 0.12712 0.12712 0.11887 0.11838 ( 1)  0.230
 360 L   0.12693 0.12693 0.12693 0.12693 0.12693 0.12693 0.11944 0.11900 ( 1)  0.232
 361 S   0.12691 0.12691 0.12691 0.12691 0.12691 0.12691 0.11948 0.11904 ( 3)  0.232
 362 L   0.12646 0.12646 0.12646 0.12646 0.12646 0.12646 0.12078 0.12044 ( 1)  0.234
 363 A   0.12708 0.12708 0.12708 0.12708 0.12708 0.12708 0.11900 0.11853 ( 1)  0.231
 364 A   0.12710 0.12710 0.12710 0.12710 0.12710 0.12710 0.11894 0.11846 ( 1)  0.231
 365 T   0.12737 0.12737 0.12737 0.12737 0.12737 0.12737 0.11816 0.11762 ( 3)  0.229
 366 Q   0.12673 0.12673 0.12673 0.12673 0.12673 0.12673 0.12001 0.11961 ( 1)  0.233
 367 L   0.12693 0.12693 0.12693 0.12693 0.12693 0.12693 0.11944 0.11900 ( 1)  0.232
 368 S   0.12714 0.12714 0.12714 0.12714 0.12714 0.12714 0.11883 0.11834 ( 1)  0.230
 369 V   0.12710 0.12710 0.12710 0.12710 0.12710 0.12710 0.11893 0.11845 ( 1)  0.231
 370 E   0.12719 0.12719 0.12719 0.12719 0.12719 0.12719 0.11867 0.11817 ( 3)  0.230
 371 Q   0.12757 0.12757 0.12757 0.12757 0.12757 0.12757 0.11757 0.11699 ( 1)  0.228
 372 I   0.12712 0.12712 0.12712 0.12712 0.12712 0.12712 0.11887 0.11838 ( 1)  0.230
 373 R   0.12608 0.12608 0.12608 0.12608 0.12608 0.12608 0.12188 0.12163 ( 3)  0.236
 374 A   0.12710 0.12710 0.12710 0.12710 0.12710 0.12710 0.11894 0.11846 ( 1)  0.231
 375 Q   0.00000 0.00000 0.00000 0.00000 0.00000 0.00001 0.48636 0.51363 ( 8)  0.972
 376 T   0.12688 0.12688 0.12688 0.12688 0.12688 0.12688 0.11956 0.11913 ( 3)  0.232
 377 D   0.12794 0.12794 0.12794 0.12794 0.12794 0.12794 0.11650 0.11584 ( 1)  0.226
 378 R   0.12741 0.12741 0.12741 0.12741 0.12741 0.12741 0.11804 0.11749 ( 3)  0.229
 379 L   0.12693 0.12693 0.12693 0.12693 0.12693 0.12693 0.11944 0.11900 ( 1)  0.232
 380 E   0.12830 0.12830 0.12830 0.12830 0.12830 0.12830 0.11547 0.11474 ( 3)  0.224
 381 L   0.12691 0.12691 0.12691 0.12691 0.12691 0.12691 0.11947 0.11904 ( 3)  0.232
 382 A   0.12708 0.12708 0.12708 0.12708 0.12708 0.12708 0.11900 0.11853 ( 1)  0.231
 383 V   0.12764 0.12764 0.12764 0.12764 0.12764 0.12764 0.11737 0.11678 ( 3)  0.227
 384 H   0.12768 0.12768 0.12768 0.12768 0.12768 0.12768 0.11727 0.11666 ( 3)  0.227
 385 R   0.12732 0.12732 0.12732 0.12732 0.12732 0.12732 0.11830 0.11777 ( 3)  0.229
 386 L   0.12693 0.12693 0.12693 0.12693 0.12693 0.12693 0.11944 0.11900 ( 1)  0.232
 387 Q   0.12757 0.12757 0.12757 0.12757 0.12757 0.12757 0.11757 0.11699 ( 1)  0.228
 388 L   0.12646 0.12646 0.12646 0.12646 0.12646 0.12646 0.12078 0.12044 ( 1)  0.234
 389 K   0.12801 0.12801 0.12801 0.12801 0.12801 0.12801 0.11630 0.11563 ( 3)  0.225
 390 L   0.12693 0.12693 0.12693 0.12693 0.12693 0.12693 0.11944 0.11900 ( 1)  0.232
 391 F   0.12701 0.12701 0.12701 0.12701 0.12701 0.12701 0.11920 0.11874 ( 3)  0.231
 392 D   0.12797 0.12797 0.12797 0.12797 0.12797 0.12797 0.11644 0.11577 ( 1)  0.225
 393 A   0.12708 0.12708 0.12708 0.12708 0.12708 0.12708 0.11900 0.11853 ( 1)  0.231
 394 R   0.12698 0.12698 0.12698 0.12698 0.12698 0.12698 0.11927 0.11882 ( 3)  0.231
 395 L   0.12690 0.12690 0.12690 0.12690 0.12690 0.12690 0.11953 0.11910 ( 3)  0.232
 396 R   0.12696 0.12696 0.12696 0.12696 0.12696 0.12696 0.11933 0.11888 ( 3)  0.231
 397 A   0.12710 0.12710 0.12710 0.12710 0.12710 0.12710 0.11894 0.11846 ( 1)  0.231
 398 L   0.12693 0.12693 0.12693 0.12693 0.12693 0.12693 0.11944 0.11900 ( 1)  0.232
 399 D   0.12794 0.12794 0.12794 0.12794 0.12794 0.12794 0.11650 0.11584 ( 1)  0.226
 400 S   0.12714 0.12714 0.12714 0.12714 0.12714 0.12714 0.11883 0.11834 ( 1)  0.230
 401 E   0.12830 0.12830 0.12830 0.12830 0.12830 0.12830 0.11547 0.11474 ( 3)  0.224
 402 E   0.12830 0.12830 0.12830 0.12830 0.12830 0.12830 0.11547 0.11474 ( 3)  0.224
 403 R   0.12696 0.12696 0.12696 0.12696 0.12696 0.12696 0.11933 0.11888 ( 3)  0.231
 404 L   0.12693 0.12693 0.12693 0.12693 0.12693 0.12693 0.11944 0.11900 ( 1)  0.232
 405 L   0.12693 0.12693 0.12693 0.12693 0.12693 0.12693 0.11944 0.11900 ( 1)  0.232
 406 N   0.12766 0.12766 0.12766 0.12766 0.12766 0.12766 0.11731 0.11671 ( 3)  0.227
 407 M   0.12805 0.12805 0.12805 0.12805 0.12805 0.12805 0.11620 0.11551 ( 3)  0.225
 408 E   0.12830 0.12830 0.12830 0.12830 0.12830 0.12830 0.11547 0.11474 ( 3)  0.224
 409 R   0.12696 0.12696 0.12696 0.12696 0.12696 0.12696 0.11933 0.11888 ( 3)  0.231
 410 R   0.12696 0.12696 0.12696 0.12696 0.12696 0.12696 0.11933 0.11888 ( 3)  0.231
 411 L   0.12690 0.12690 0.12690 0.12690 0.12690 0.12690 0.11953 0.11910 ( 3)  0.232
 412 E   0.12830 0.12830 0.12830 0.12830 0.12830 0.12830 0.11547 0.11474 ( 3)  0.224
 413 L   0.12691 0.12691 0.12691 0.12691 0.12691 0.12691 0.11949 0.11906 ( 3)  0.232
 414 D   0.12794 0.12794 0.12794 0.12794 0.12794 0.12794 0.11650 0.11584 ( 1)  0.226
 415 R   0.12696 0.12696 0.12696 0.12696 0.12696 0.12696 0.11933 0.11888 ( 3)  0.231
 416 C   0.12683 0.12683 0.12683 0.12683 0.12683 0.12683 0.11971 0.11929 ( 1)  0.232
 417 R   0.12608 0.12608 0.12608 0.12608 0.12608 0.12608 0.12188 0.12163 ( 3)  0.236
 418 T   0.12688 0.12688 0.12688 0.12688 0.12688 0.12688 0.11956 0.11913 ( 3)  0.232
 419 I   0.12711 0.12711 0.12711 0.12711 0.12711 0.12710 0.11893 0.11844 ( 3)  0.231
 420 D   0.12794 0.12794 0.12794 0.12794 0.12794 0.12794 0.11650 0.11584 ( 1)  0.226
 421 D   0.12794 0.12794 0.12794 0.12794 0.12794 0.12794 0.11650 0.11584 ( 1)  0.226
 422 E   0.12830 0.12830 0.12830 0.12830 0.12830 0.12830 0.11547 0.11474 ( 3)  0.224
 423 R   0.12608 0.12608 0.12608 0.12608 0.12608 0.12608 0.12188 0.12163 ( 3)  0.236
 424 D   0.12794 0.12794 0.12794 0.12794 0.12794 0.12794 0.11650 0.11584 ( 1)  0.226
 425 E   0.12719 0.12719 0.12719 0.12719 0.12719 0.12719 0.11867 0.11817 ( 3)  0.230
 426 F   0.12701 0.12701 0.12701 0.12701 0.12701 0.12701 0.11920 0.11874 ( 3)  0.231
 427 F   0.12701 0.12701 0.12701 0.12701 0.12701 0.12701 0.11920 0.11874 ( 3)  0.231
 428 D   0.12783 0.12783 0.12783 0.12783 0.12783 0.12783 0.11681 0.11620 ( 3)  0.226
 429 A   0.12710 0.12710 0.12710 0.12710 0.12710 0.12710 0.11894 0.11846 ( 1)  0.231
 430 V   0.12708 0.12708 0.12708 0.12708 0.12708 0.12708 0.11899 0.11852 ( 1)  0.231
 431 E   0.12830 0.12830 0.12830 0.12830 0.12830 0.12830 0.11547 0.11474 ( 3)  0.224
 432 D   0.12794 0.12794 0.12794 0.12794 0.12794 0.12794 0.11650 0.11584 ( 1)  0.226
 433 L   0.12690 0.12690 0.12690 0.12690 0.12690 0.12690 0.11953 0.11910 ( 3)  0.232
 434 R   0.12696 0.12696 0.12696 0.12696 0.12696 0.12696 0.11933 0.11888 ( 3)  0.231
 435 S   0.12691 0.12691 0.12691 0.12691 0.12691 0.12691 0.11948 0.11904 ( 3)  0.232
 436 L   0.12690 0.12690 0.12690 0.12690 0.12690 0.12690 0.11953 0.11910 ( 3)  0.232
 437 R   0.12696 0.12696 0.12696 0.12696 0.12696 0.12696 0.11933 0.11888 ( 3)  0.231
 438 Q   0.12757 0.12757 0.12757 0.12757 0.12757 0.12757 0.11757 0.11699 ( 1)  0.228
 439 M   0.12805 0.12805 0.12805 0.12805 0.12805 0.12805 0.11620 0.11551 ( 3)  0.225
 440 P   0.12690 0.12690 0.12690 0.12690 0.12690 0.12690 0.11953 0.11909 ( 1)  0.232
 441 D   0.12794 0.12794 0.12794 0.12794 0.12794 0.12794 0.11650 0.11584 ( 1)  0.226
 442 A   0.12764 0.12764 0.12764 0.12764 0.12764 0.12764 0.11739 0.11679 ( 1)  0.227
 443 P   0.12740 0.12740 0.12740 0.12740 0.12740 0.12740 0.11808 0.11754 ( 3)  0.229
 444 C   0.12683 0.12683 0.12683 0.12683 0.12683 0.12683 0.11971 0.11929 ( 1)  0.232
 445 P   0.12740 0.12740 0.12740 0.12740 0.12740 0.12740 0.11808 0.11754 ( 3)  0.229
 446 V   0.12764 0.12764 0.12764 0.12764 0.12764 0.12764 0.11737 0.11678 ( 3)  0.227
 447 T   0.12688 0.12688 0.12688 0.12688 0.12688 0.12688 0.11956 0.11913 ( 3)  0.232
 448 G   0.12719 0.12719 0.12719 0.12719 0.12719 0.12719 0.11869 0.11819 ( 1)  0.230
 449 G   0.12719 0.12719 0.12719 0.12719 0.12719 0.12719 0.11869 0.11819 ( 1)  0.230
 450 A   0.12708 0.12708 0.12708 0.12708 0.12708 0.12708 0.11900 0.11853 ( 1)  0.231
 451 K   0.12801 0.12801 0.12801 0.12801 0.12801 0.12801 0.11630 0.11563 ( 3)  0.225
 452 S   0.12670 0.12670 0.12670 0.12670 0.12670 0.12670 0.12010 0.11970 ( 3)  0.233
 453 D   0.12794 0.12794 0.12794 0.12794 0.12794 0.12794 0.11650 0.11584 ( 1)  0.226
 454 R   0.12608 0.12608 0.12608 0.12608 0.12608 0.12608 0.12188 0.12163 ( 3)  0.236
 455 L   0.12693 0.12693 0.12693 0.12693 0.12693 0.12693 0.11944 0.11900 ( 1)  0.232
 456 R   0.12696 0.12696 0.12696 0.12696 0.12696 0.12696 0.11933 0.11888 ( 3)  0.231
 457 R   0.12698 0.12698 0.12698 0.12698 0.12698 0.12698 0.11927 0.11882 ( 3)  0.231
 458 L   0.12690 0.12690 0.12690 0.12690 0.12690 0.12690 0.11953 0.11910 ( 3)  0.232
 459 D   0.12794 0.12794 0.12794 0.12794 0.12794 0.12794 0.11650 0.11584 ( 1)  0.226
 460 A   0.12710 0.12710 0.12710 0.12710 0.12710 0.12710 0.11894 0.11846 ( 1)  0.231
 461 D   0.12797 0.12797 0.12797 0.12797 0.12797 0.12797 0.11644 0.11577 ( 1)  0.225
 462 L   0.12646 0.12646 0.12646 0.12646 0.12646 0.12646 0.12078 0.12044 ( 1)  0.234
 463 A   0.12708 0.12708 0.12708 0.12708 0.12708 0.12708 0.11900 0.11853 ( 1)  0.231
 464 A   0.12710 0.12710 0.12710 0.12710 0.12710 0.12710 0.11894 0.11846 ( 1)  0.231
 465 L   0.12646 0.12646 0.12646 0.12646 0.12646 0.12646 0.12078 0.12044 ( 1)  0.234
 466 R   0.12732 0.12732 0.12732 0.12732 0.12732 0.12732 0.11830 0.11777 ( 3)  0.229
 467 S   0.12672 0.12672 0.12672 0.12672 0.12672 0.12672 0.12004 0.11965 ( 3)  0.233
 468 R   0.12696 0.12696 0.12696 0.12696 0.12696 0.12696 0.11933 0.11888 ( 3)  0.231
 469 K   0.12691 0.12691 0.12691 0.12691 0.12691 0.12691 0.11949 0.11905 ( 3)  0.232
 470 A   0.12710 0.12710 0.12710 0.12710 0.12710 0.12710 0.11894 0.11846 ( 1)  0.231
 471 A   0.12708 0.12708 0.12708 0.12708 0.12708 0.12708 0.11900 0.11853 ( 1)  0.231
 472 I   0.12712 0.12712 0.12712 0.12712 0.12712 0.12712 0.11887 0.11838 ( 1)  0.230
 473 R   0.12696 0.12696 0.12696 0.12696 0.12696 0.12696 0.11933 0.11888 ( 3)  0.231
 474 G   0.12719 0.12719 0.12719 0.12719 0.12719 0.12719 0.11869 0.11819 ( 1)  0.230
 475 A   0.12708 0.12708 0.12708 0.12708 0.12708 0.12708 0.11900 0.11853 ( 1)  0.231
 476 A   0.12710 0.12710 0.12710 0.12710 0.12710 0.12710 0.11894 0.11846 ( 1)  0.231
 477 Q   0.12757 0.12757 0.12757 0.12757 0.12757 0.12757 0.11757 0.11699 ( 1)  0.228
 478 R   0.12608 0.12608 0.12608 0.12608 0.12608 0.12608 0.12188 0.12163 ( 3)  0.236
 479 L   0.12693 0.12693 0.12693 0.12693 0.12693 0.12693 0.11944 0.11900 ( 1)  0.232
 480 R   0.12696 0.12696 0.12696 0.12696 0.12696 0.12696 0.11933 0.11888 ( 3)  0.231
 481 D   0.12794 0.12794 0.12794 0.12794 0.12794 0.12794 0.11650 0.11584 ( 1)  0.226
 482 R   0.12741 0.12741 0.12741 0.12741 0.12741 0.12741 0.11804 0.11749 ( 3)  0.229
 483 R   0.12696 0.12696 0.12696 0.12696 0.12696 0.12696 0.11933 0.11888 ( 3)  0.231
 484 V   0.12710 0.12710 0.12710 0.12710 0.12710 0.12710 0.11893 0.11845 ( 1)  0.231
 485 A   0.12649 0.12649 0.12649 0.12649 0.12649 0.12649 0.12070 0.12036 ( 1)  0.234
 486 S   0.12691 0.12691 0.12691 0.12691 0.12691 0.12691 0.11948 0.11904 ( 3)  0.232
 487 A   0.12764 0.12764 0.12764 0.12764 0.12764 0.12764 0.11739 0.11679 ( 1)  0.227
 488 R   0.12696 0.12696 0.12696 0.12696 0.12696 0.12696 0.11933 0.11888 ( 3)  0.231
 489 D   0.12797 0.12797 0.12797 0.12797 0.12797 0.12797 0.11644 0.11577 ( 1)  0.225
 490 S   0.12599 0.12599 0.12599 0.12599 0.12599 0.12599 0.12214 0.12191 ( 1)  0.237
 491 E   0.12830 0.12830 0.12830 0.12830 0.12830 0.12830 0.11547 0.11474 ( 3)  0.224
 492 E   0.12830 0.12830 0.12830 0.12830 0.12830 0.12830 0.11547 0.11474 ( 3)  0.224
 493 A   0.12764 0.12764 0.12764 0.12764 0.12764 0.12764 0.11739 0.11679 ( 1)  0.227
 494 R   0.12696 0.12696 0.12696 0.12696 0.12696 0.12696 0.11933 0.11888 ( 3)  0.231
 495 E   0.12830 0.12830 0.12830 0.12830 0.12830 0.12830 0.11547 0.11474 ( 3)  0.224
 496 A   0.12708 0.12708 0.12708 0.12708 0.12708 0.12708 0.11900 0.11853 ( 1)  0.231
 497 S   0.00000 0.00000 0.00000 0.00000 0.00000 0.00000 0.47131 0.52869 ( 8)  0.973
 498 A   0.12708 0.12708 0.12708 0.12708 0.12708 0.12708 0.11900 0.11853 ( 1)  0.231
 499 R   0.12640 0.12640 0.12640 0.12640 0.12640 0.12640 0.12096 0.12064 ( 3)  0.235
 500 R   0.12698 0.12698 0.12698 0.12698 0.12698 0.12698 0.11927 0.11882 ( 3)  0.231
 501 E   0.12830 0.12830 0.12830 0.12830 0.12830 0.12830 0.11547 0.11474 ( 3)  0.224
 502 A   0.12764 0.12764 0.12764 0.12764 0.12764 0.12764 0.11739 0.11679 ( 1)  0.227
 503 A   0.12764 0.12764 0.12764 0.12764 0.12764 0.12764 0.11739 0.11679 ( 1)  0.227
 504 V   0.12710 0.12710 0.12710 0.12710 0.12710 0.12710 0.11893 0.11845 ( 1)  0.231
 505 S   0.12691 0.12691 0.12691 0.12691 0.12691 0.12691 0.11948 0.11904 ( 3)  0.232
 506 A   0.12708 0.12708 0.12708 0.12708 0.12708 0.12708 0.11900 0.11853 ( 1)  0.231
 507 E   0.12830 0.12830 0.12830 0.12830 0.12830 0.12830 0.11547 0.11474 ( 3)  0.224
 508 E   0.12830 0.12830 0.12830 0.12830 0.12830 0.12830 0.11547 0.11474 ( 3)  0.224
 509 R   0.12696 0.12696 0.12696 0.12696 0.12696 0.12696 0.11933 0.11888 ( 3)  0.231
 510 A   0.12764 0.12764 0.12764 0.12764 0.12764 0.12764 0.11739 0.11679 ( 1)  0.227
 511 R   0.12741 0.12741 0.12741 0.12741 0.12741 0.12741 0.11804 0.11749 ( 3)  0.229
 512 E   0.12830 0.12830 0.12830 0.12830 0.12830 0.12830 0.11547 0.11474 ( 3)  0.224
 513 R   0.12698 0.12698 0.12698 0.12698 0.12698 0.12698 0.11927 0.11882 ( 3)  0.231
 514 R   0.12608 0.12608 0.12608 0.12608 0.12608 0.12608 0.12188 0.12163 ( 3)  0.236
 515 E   0.12830 0.12830 0.12830 0.12830 0.12830 0.12830 0.11547 0.11474 ( 3)  0.224
 516 E   0.12830 0.12830 0.12830 0.12830 0.12830 0.12830 0.11547 0.11474 ( 3)  0.224
 517 E   0.12830 0.12830 0.12830 0.12830 0.12830 0.12830 0.11547 0.11474 ( 3)  0.224
 518 R   0.12732 0.12732 0.12732 0.12732 0.12732 0.12732 0.11830 0.11777 ( 3)  0.229
 519 R   0.12696 0.12696 0.12696 0.12696 0.12696 0.12696 0.11933 0.11888 ( 3)  0.231
 520 R   0.12640 0.12640 0.12640 0.12640 0.12640 0.12640 0.12096 0.12064 ( 3)  0.235
 521 T   0.12688 0.12688 0.12688 0.12688 0.12688 0.12688 0.11956 0.11913 ( 3)  0.232
 522 A   0.12708 0.12708 0.12708 0.12708 0.12708 0.12708 0.11900 0.11853 ( 1)  0.231
 523 E   0.12830 0.12830 0.12830 0.12830 0.12830 0.12830 0.11547 0.11474 ( 3)  0.224
 524 R   0.12732 0.12732 0.12732 0.12732 0.12732 0.12732 0.11830 0.11777 ( 3)  0.229
 525 L   0.12646 0.12646 0.12646 0.12646 0.12646 0.12646 0.12078 0.12044 ( 1)  0.234
 526 K   0.12801 0.12801 0.12801 0.12801 0.12801 0.12801 0.11630 0.11563 ( 3)  0.225
 527 Q   0.12757 0.12757 0.12757 0.12757 0.12757 0.12757 0.11757 0.11699 ( 1)  0.228
 528 Y   0.12707 0.12707 0.12707 0.12707 0.12707 0.12707 0.11903 0.11856 ( 1)  0.231
 529 R   0.12732 0.12732 0.12732 0.12732 0.12732 0.12732 0.11830 0.11777 ( 3)  0.229
 530 A   0.12764 0.12764 0.12764 0.12764 0.12764 0.12764 0.11739 0.11679 ( 1)  0.227
 531 K   0.12801 0.12801 0.12801 0.12801 0.12801 0.12801 0.11630 0.11563 ( 3)  0.225
 532 Q   0.12757 0.12757 0.12757 0.12757 0.12757 0.12757 0.11757 0.11699 ( 1)  0.228
 533 R   0.12696 0.12696 0.12696 0.12696 0.12696 0.12696 0.11933 0.11888 ( 3)  0.231
 534 E   0.12719 0.12719 0.12719 0.12719 0.12719 0.12719 0.11867 0.11817 ( 3)  0.230
 535 A   0.12708 0.12708 0.12708 0.12708 0.12708 0.12708 0.11900 0.11853 ( 1)  0.231
 536 A   0.12710 0.12710 0.12710 0.12710 0.12710 0.12710 0.11894 0.11846 ( 1)  0.231
 537 R   0.12608 0.12608 0.12608 0.12608 0.12608 0.12608 0.12188 0.12163 ( 3)  0.236
 538 E   0.12719 0.12719 0.12719 0.12719 0.12719 0.12719 0.11867 0.11817 ( 3)  0.230
 539 R   0.12608 0.12608 0.12608 0.12608 0.12608 0.12608 0.12188 0.12163 ( 3)  0.236
 540 R   0.12608 0.12608 0.12608 0.12608 0.12608 0.12608 0.12188 0.12163 ( 3)  0.236
 541 G   0.12719 0.12719 0.12719 0.12719 0.12719 0.12719 0.11869 0.11819 ( 1)  0.230
 542 L   0.12691 0.12691 0.12691 0.12691 0.12691 0.12691 0.11947 0.11904 ( 3)  0.232
 543 P   0.12691 0.12691 0.12691 0.12691 0.12691 0.12691 0.11950 0.11906 ( 3)  0.232
 544 P   0.12740 0.12740 0.12740 0.12740 0.12740 0.12740 0.11808 0.11754 ( 3)  0.229
 545 V   0.12649 0.12649 0.12649 0.12649 0.12649 0.12649 0.12069 0.12035 ( 3)  0.234
 546 A   0.12708 0.12708 0.12708 0.12708 0.12708 0.12708 0.11900 0.11853 ( 1)  0.231
 547 T   0.12688 0.12688 0.12688 0.12688 0.12688 0.12688 0.11956 0.11913 ( 3)  0.232
 548 S   0.12672 0.12672 0.12672 0.12672 0.12672 0.12672 0.12004 0.11965 ( 3)  0.233
 549 S   0.12714 0.12714 0.12714 0.12714 0.12714 0.12714 0.11883 0.11834 ( 1)  0.230
 550 S   0.12716 0.12716 0.12716 0.12716 0.12716 0.12716 0.11878 0.11829 ( 1)  0.230
 551 Q   0.12757 0.12757 0.12757 0.12757 0.12757 0.12757 0.11757 0.11699 ( 1)  0.228
 552 G   0.00000 0.00000 0.00000 0.00000 0.00000 0.00001 0.48615 0.51384 ( 8)  0.972
 553 S   0.12716 0.12716 0.12716 0.12716 0.12716 0.12716 0.11878 0.11829 ( 1)  0.230
 554 S   0.12691 0.12691 0.12691 0.12691 0.12691 0.12691 0.11948 0.11904 ( 3)  0.232
 555 S   0.12599 0.12599 0.12599 0.12599 0.12599 0.12599 0.12214 0.12191 ( 1)  0.237
 556 S   0.12599 0.12599 0.12599 0.12599 0.12599 0.12599 0.12214 0.12191 ( 1)  0.237
 557 K   0.12691 0.12691 0.12691 0.12691 0.12691 0.12691 0.11949 0.11905 ( 3)  0.232
 558 N   0.12768 0.12768 0.12768 0.12768 0.12768 0.12768 0.11725 0.11664 ( 3)  0.227
 559 Q   0.12757 0.12757 0.12757 0.12757 0.12757 0.12757 0.11757 0.11699 ( 1)  0.228
 560 Q   0.12757 0.12757 0.12757 0.12757 0.12757 0.12757 0.11757 0.11699 ( 1)  0.228
 561 Q   0.12673 0.12673 0.12673 0.12673 0.12673 0.12673 0.12001 0.11961 ( 1)  0.233
 562 K   0.12801 0.12801 0.12801 0.12801 0.12801 0.12801 0.11630 0.11563 ( 3)  0.225
 563 S   0.12672 0.12672 0.12672 0.12672 0.12672 0.12672 0.12004 0.11965 ( 3)  0.233
 564 Q   0.12673 0.12673 0.12673 0.12673 0.12673 0.12673 0.12001 0.11961 ( 1)  0.233
 565 T   0.12688 0.12688 0.12688 0.12688 0.12688 0.12688 0.11956 0.11913 ( 3)  0.232
 566 G   0.12648 0.12648 0.12648 0.12648 0.12648 0.12648 0.12072 0.12037 ( 1)  0.234
 567 D   0.12797 0.12797 0.12797 0.12797 0.12797 0.12797 0.11644 0.11577 ( 1)  0.225
 568 E   0.12830 0.12830 0.12830 0.12830 0.12830 0.12830 0.11547 0.11474 ( 3)  0.224
 569 E   0.12719 0.12719 0.12719 0.12719 0.12719 0.12719 0.11867 0.11817 ( 3)  0.230
 570 C   0.12685 0.12685 0.12685 0.12685 0.12685 0.12685 0.11967 0.11924 ( 1)  0.232
 571 R   0.12732 0.12732 0.12732 0.12732 0.12732 0.12732 0.11830 0.11777 ( 3)  0.229
 572 E   0.12719 0.12719 0.12719 0.12719 0.12719 0.12719 0.11867 0.11817 ( 3)  0.230
 573 A   0.12649 0.12649 0.12649 0.12649 0.12649 0.12649 0.12070 0.12036 ( 1)  0.234
 574 K   0.12801 0.12801 0.12801 0.12801 0.12801 0.12801 0.11630 0.11563 ( 3)  0.225
 575 I   0.12712 0.12712 0.12712 0.12712 0.12712 0.12712 0.11887 0.11838 ( 1)  0.230
 576 P   0.12635 0.12635 0.12635 0.12635 0.12635 0.12635 0.12110 0.12079 ( 3)  0.235


lnL = -2485.115589

