Supplemental results for CODEML (seqf: algn  treef: tree)


dN/dS (w) for site classes (K=2)

p:   0.48631  0.51369
w:   1.00000  1.00000

Naive Empirical Bayes (NEB) probabilities for 2 classes & postmean_w
(amino acids refer to 1st sequence: Tasi.12556)

   1 M   0.48631 0.51369 ( 2)  1.000
   2 S   0.48631 0.51369 ( 2)  1.000
   3 E   0.48631 0.51369 ( 2)  1.000
   4 G   0.48631 0.51369 ( 2)  1.000
   5 T   0.48631 0.51369 ( 2)  1.000
   6 W   0.48631 0.51369 ( 2)  1.000
   7 R   0.48631 0.51369 ( 2)  1.000
   8 V   0.48631 0.51369 ( 2)  1.000
   9 R   0.48631 0.51369 ( 2)  1.000
  10 L   0.48631 0.51369 ( 2)  1.000
  11 Q   0.48631 0.51369 ( 2)  1.000
  12 G   0.48631 0.51369 ( 2)  1.000
  13 L   0.48631 0.51369 ( 2)  1.000
  14 T   0.48631 0.51369 ( 2)  1.000
  15 I   0.48631 0.51369 ( 2)  1.000
  16 F   0.48631 0.51369 ( 2)  1.000
  17 P   0.48631 0.51369 ( 2)  1.000
  18 T   0.48631 0.51369 ( 2)  1.000
  19 P   0.48631 0.51369 ( 2)  1.000
  20 E   0.48631 0.51369 ( 2)  1.000
  21 E   0.48631 0.51369 ( 2)  1.000
  22 C   0.48631 0.51369 ( 2)  1.000
  23 A   0.48631 0.51369 ( 2)  1.000
  24 F   0.48631 0.51369 ( 2)  1.000
  25 K   0.48631 0.51369 ( 2)  1.000
  26 S   0.48631 0.51369 ( 2)  1.000
  27 L   0.48631 0.51369 ( 2)  1.000
  28 T   0.48631 0.51369 ( 2)  1.000
  29 L   0.48631 0.51369 ( 2)  1.000
  30 M   0.48631 0.51369 ( 2)  1.000
  31 V   0.48631 0.51369 ( 2)  1.000
  32 I   0.48631 0.51369 ( 2)  1.000
  33 W   0.48631 0.51369 ( 2)  1.000
  34 W   0.48631 0.51369 ( 2)  1.000
  35 R   0.48631 0.51369 ( 2)  1.000
  36 K   0.48631 0.51369 ( 2)  1.000
  37 R   0.48631 0.51369 ( 2)  1.000
  38 H   0.48631 0.51369 ( 2)  1.000
  39 Y   0.48631 0.51369 ( 2)  1.000
  40 I   0.48631 0.51369 ( 2)  1.000
  41 L   0.48631 0.51369 ( 2)  1.000
  42 A   0.48631 0.51369 ( 2)  1.000
  43 K   0.48631 0.51369 ( 2)  1.000
  44 S   0.48631 0.51369 ( 2)  1.000
  45 P   0.48631 0.51369 ( 2)  1.000
  46 A   0.48631 0.51369 ( 2)  1.000
  47 L   0.48631 0.51369 ( 2)  1.000
  48 P   0.48631 0.51369 ( 2)  1.000
  49 N   0.48631 0.51369 ( 2)  1.000
  50 T   0.48631 0.51369 ( 2)  1.000
  51 L   0.48631 0.51369 ( 2)  1.000
  52 K   0.48631 0.51369 ( 2)  1.000
  53 L   0.48631 0.51369 ( 2)  1.000
  54 F   0.48631 0.51369 ( 2)  1.000
  55 I   0.48631 0.51369 ( 2)  1.000
  56 S   0.48631 0.51369 ( 2)  1.000
  57 T   0.48631 0.51369 ( 2)  1.000
  58 S   0.48631 0.51369 ( 2)  1.000
  59 E   0.48631 0.51369 ( 2)  1.000
  60 P   0.48631 0.51369 ( 2)  1.000
  61 V   0.48631 0.51369 ( 2)  1.000
  62 S   0.48631 0.51369 ( 2)  1.000
  63 N   0.48631 0.51369 ( 2)  1.000
  64 T   0.48631 0.51369 ( 2)  1.000
  65 D   0.48631 0.51369 ( 2)  1.000
  66 P   0.48631 0.51369 ( 2)  1.000
  67 E   0.48631 0.51369 ( 2)  1.000
  68 Y   0.48631 0.51369 ( 2)  1.000
  69 V   0.48631 0.51369 ( 2)  1.000
  70 H   0.48631 0.51369 ( 2)  1.000
  71 P   0.48631 0.51369 ( 2)  1.000
  72 F   0.48631 0.51369 ( 2)  1.000
  73 D   0.48631 0.51369 ( 2)  1.000
  74 I   0.48631 0.51369 ( 2)  1.000
  75 G   0.48631 0.51369 ( 2)  1.000
  76 V   0.48631 0.51369 ( 2)  1.000
  77 H   0.48631 0.51369 ( 2)  1.000
  78 V   0.48631 0.51369 ( 2)  1.000
  79 F   0.48631 0.51369 ( 2)  1.000
  80 S   0.48631 0.51369 ( 2)  1.000
  81 R   0.48631 0.51369 ( 2)  1.000
  82 P   0.48631 0.51369 ( 2)  1.000
  83 P   0.48631 0.51369 ( 2)  1.000
  84 V   0.48631 0.51369 ( 2)  1.000
  85 L   0.48631 0.51369 ( 2)  1.000
  86 Q   0.48631 0.51369 ( 2)  1.000
  87 I   0.48631 0.51369 ( 2)  1.000
  88 C   0.48631 0.51369 ( 2)  1.000
  89 T   0.48631 0.51369 ( 2)  1.000
  90 H   0.48631 0.51369 ( 2)  1.000
  91 R   0.48631 0.51369 ( 2)  1.000
  92 E   0.48631 0.51369 ( 2)  1.000
  93 H   0.48631 0.51369 ( 2)  1.000
  94 C   0.48631 0.51369 ( 2)  1.000
  95 V   0.48631 0.51369 ( 2)  1.000
  96 T   0.48631 0.51369 ( 2)  1.000
  97 F   0.48631 0.51369 ( 2)  1.000
  98 E   0.48631 0.51369 ( 2)  1.000
  99 V   0.48631 0.51369 ( 2)  1.000
 100 F   0.48631 0.51369 ( 2)  1.000
 101 D   0.48631 0.51369 ( 2)  1.000
 102 D   0.48631 0.51369 ( 2)  1.000
 103 L   0.48631 0.51369 ( 2)  1.000
 104 Y   0.48631 0.51369 ( 2)  1.000
 105 L   0.48631 0.51369 ( 2)  1.000
 106 W   0.48631 0.51369 ( 2)  1.000
 107 A   0.48631 0.51369 ( 2)  1.000
 108 D   0.48631 0.51369 ( 2)  1.000
 109 A   0.48631 0.51369 ( 2)  1.000
 110 L   0.48631 0.51369 ( 2)  1.000
 111 Q   0.48631 0.51369 ( 2)  1.000
 112 D   0.48631 0.51369 ( 2)  1.000
 113 N   0.48631 0.51369 ( 2)  1.000
 114 L   0.48631 0.51369 ( 2)  1.000
 115 I   0.48631 0.51369 ( 2)  1.000
 116 R   0.48631 0.51369 ( 2)  1.000
 117 Q   0.48631 0.51369 ( 2)  1.000
 118 G   0.48631 0.51369 ( 2)  1.000
 119 H   0.48631 0.51369 ( 2)  1.000
 120 E   0.48631 0.51369 ( 2)  1.000
 121 H   0.48631 0.51369 ( 2)  1.000
 122 T   0.48631 0.51369 ( 2)  1.000
 123 S   0.48631 0.51369 ( 2)  1.000
 124 S   0.48631 0.51369 ( 2)  1.000
 125 T   0.48631 0.51369 ( 2)  1.000
 126 S   0.48631 0.51369 ( 2)  1.000
 127 A   0.48631 0.51369 ( 2)  1.000
 128 D   0.48631 0.51369 ( 2)  1.000
 129 A   0.48631 0.51369 ( 2)  1.000
 130 A   0.48631 0.51369 ( 2)  1.000
 131 S   0.48631 0.51369 ( 2)  1.000
 132 Q   0.48631 0.51369 ( 2)  1.000
 133 T   0.48631 0.51369 ( 2)  1.000
 134 P   0.48631 0.51369 ( 2)  1.000
 135 S   0.48631 0.51369 ( 2)  1.000
 136 R   0.48631 0.51369 ( 2)  1.000
 137 S   0.48631 0.51369 ( 2)  1.000
 138 F   0.48631 0.51369 ( 2)  1.000
 139 R   0.48631 0.51369 ( 2)  1.000
 140 P   0.48631 0.51369 ( 2)  1.000
 141 L   0.48631 0.51369 ( 2)  1.000
 142 A   0.48631 0.51369 ( 2)  1.000
 143 S   0.48631 0.51369 ( 2)  1.000
 144 S   0.48631 0.51369 ( 2)  1.000
 145 P   0.48631 0.51369 ( 2)  1.000
 146 P   0.48631 0.51369 ( 2)  1.000
 147 P   0.48631 0.51369 ( 2)  1.000
 148 P   0.48631 0.51369 ( 2)  1.000
 149 P   0.48631 0.51369 ( 2)  1.000
 150 A   0.48631 0.51369 ( 2)  1.000
 151 P   0.48631 0.51369 ( 2)  1.000
 152 P   0.48631 0.51369 ( 2)  1.000
 153 P   0.48631 0.51369 ( 2)  1.000
 154 S   0.48631 0.51369 ( 2)  1.000
 155 S   0.48631 0.51369 ( 2)  1.000
 156 R   0.48631 0.51369 ( 2)  1.000


lnL =  -688.432336

