Supplemental results for CODEML (seqf: algn  treef: tree)


dN/dS (w) for site classes (K=9)

p:   0.08254  0.08254  0.08254  0.08254  0.08254  0.08254  0.08254  0.08254  0.33971
w:   0.00000  0.00000  0.00000  0.00000  0.00000  0.00000  0.00000  0.00000  2.62680

Naive Empirical Bayes (NEB) probabilities for 9 classes & postmean_w & P(w>1)
(amino acids refer to 1st sequence: Mlig.7143)

   1 M   0.09800 0.09800 0.09800 0.09800 0.09800 0.09800 0.09800 0.09800 0.21597 ( 9)  0.567  0.216
   2 T   0.09316 0.09316 0.09316 0.09316 0.09316 0.09316 0.09316 0.09316 0.25475 ( 9)  0.669  0.255
   3 A   0.09442 0.09442 0.09442 0.09442 0.09442 0.09442 0.09442 0.09442 0.24463 ( 9)  0.643  0.245
   4 H   0.08905 0.08905 0.08905 0.08905 0.08905 0.08905 0.08905 0.08905 0.28757 ( 9)  0.755  0.288
   5 D   0.09667 0.09667 0.09667 0.09667 0.09667 0.09667 0.09667 0.09667 0.22667 ( 9)  0.595  0.227
   6 E   0.09659 0.09659 0.09659 0.09659 0.09659 0.09659 0.09659 0.09659 0.22729 ( 9)  0.597  0.227
   7 L   0.09027 0.09027 0.09027 0.09027 0.09027 0.09027 0.09027 0.09027 0.27783 ( 9)  0.730  0.278
   8 Q   0.09216 0.09216 0.09216 0.09216 0.09216 0.09216 0.09216 0.09216 0.26271 ( 9)  0.690  0.263
   9 K   0.09617 0.09617 0.09617 0.09617 0.09617 0.09617 0.09617 0.09617 0.23065 ( 9)  0.606  0.231
  10 I   0.09246 0.09246 0.09246 0.09246 0.09246 0.09246 0.09246 0.09246 0.26034 ( 9)  0.684  0.260
  11 V   0.09403 0.09403 0.09403 0.09403 0.09403 0.09403 0.09403 0.09403 0.24775 ( 9)  0.651  0.248
  12 V   0.08863 0.08863 0.08863 0.08863 0.08863 0.08863 0.08863 0.08863 0.29097 ( 9)  0.764  0.291
  13 E   0.09079 0.09079 0.09079 0.09079 0.09079 0.09079 0.09079 0.09079 0.27368 ( 9)  0.719  0.274
  14 F   0.09213 0.09213 0.09213 0.09213 0.09213 0.09213 0.09213 0.09213 0.26295 ( 9)  0.691  0.263
  15 V   0.09446 0.09446 0.09446 0.09446 0.09446 0.09446 0.09446 0.09446 0.24431 ( 9)  0.642  0.244
  16 V   0.08863 0.08863 0.08863 0.08863 0.08863 0.08863 0.08863 0.08863 0.29097 ( 9)  0.764  0.291
  17 V   0.09403 0.09403 0.09403 0.09403 0.09403 0.09403 0.09403 0.09403 0.24775 ( 9)  0.651  0.248
  18 E   0.09659 0.09659 0.09659 0.09659 0.09659 0.09659 0.09659 0.09659 0.22729 ( 9)  0.597  0.227
  19 R   0.08564 0.08564 0.08564 0.08564 0.08564 0.08564 0.08564 0.08564 0.31487 ( 9)  0.827  0.315
  20 P   0.08640 0.08640 0.08640 0.08640 0.08640 0.08640 0.08640 0.08640 0.30882 ( 9)  0.811  0.309
  21 L   0.09141 0.09141 0.09141 0.09141 0.09141 0.09141 0.09141 0.09141 0.26874 ( 9)  0.706  0.269
  22 N   0.09100 0.09100 0.09100 0.09100 0.09100 0.09100 0.09100 0.09100 0.27199 ( 9)  0.714  0.272
  23 T   0.09316 0.09316 0.09316 0.09316 0.09316 0.09316 0.09316 0.09316 0.25475 ( 9)  0.669  0.255
  24 K   0.09617 0.09617 0.09617 0.09617 0.09617 0.09617 0.09617 0.09617 0.23065 ( 9)  0.606  0.231
  25 R   0.08564 0.08564 0.08564 0.08564 0.08564 0.08564 0.08564 0.08564 0.31487 ( 9)  0.827  0.315
  26 P   0.09115 0.09115 0.09115 0.09115 0.09115 0.09115 0.09115 0.09115 0.27081 ( 9)  0.711  0.271
  27 D   0.09667 0.09667 0.09667 0.09667 0.09667 0.09667 0.09667 0.09667 0.22667 ( 9)  0.595  0.227
  28 Q   0.08798 0.08798 0.08798 0.08798 0.08798 0.08798 0.08798 0.08798 0.29619 ( 9)  0.778  0.296
  29 A   0.09442 0.09442 0.09442 0.09442 0.09442 0.09442 0.09442 0.09442 0.24463 ( 9)  0.643  0.245
  30 S   0.08897 0.08897 0.08897 0.08897 0.08897 0.08897 0.08897 0.08897 0.28821 ( 9)  0.757  0.288
  31 G   0.09419 0.09419 0.09419 0.09419 0.09419 0.09419 0.09419 0.09419 0.24649 ( 9)  0.647  0.246
  32 H   0.09326 0.09326 0.09326 0.09326 0.09326 0.09326 0.09326 0.09326 0.25393 ( 9)  0.667  0.254
  33 K   0.09026 0.09026 0.09026 0.09026 0.09026 0.09026 0.09026 0.09026 0.27789 ( 9)  0.730  0.278
  34 V   0.08863 0.08863 0.08863 0.08863 0.08863 0.08863 0.08863 0.08863 0.29097 ( 9)  0.764  0.291
  35 P   0.08676 0.08676 0.08676 0.08676 0.08676 0.08676 0.08676 0.08676 0.30588 ( 9)  0.803  0.306
  36 H   0.08905 0.08905 0.08905 0.08905 0.08905 0.08905 0.08905 0.08905 0.28757 ( 9)  0.755  0.288
  37 E   0.09659 0.09659 0.09659 0.09659 0.09659 0.09659 0.09659 0.09659 0.22729 ( 9)  0.597  0.227
  38 G   0.09463 0.09463 0.09463 0.09463 0.09463 0.09463 0.09463 0.09463 0.24297 ( 9)  0.638  0.243
  39 C   0.08969 0.08969 0.08969 0.08969 0.08969 0.08969 0.08969 0.08969 0.28245 ( 9)  0.742  0.282
  40 V   0.09446 0.09446 0.09446 0.09446 0.09446 0.09446 0.09446 0.09446 0.24431 ( 9)  0.642  0.244
  41 V   0.09403 0.09403 0.09403 0.09403 0.09403 0.09403 0.09403 0.09403 0.24775 ( 9)  0.651  0.248
  42 T   0.09316 0.09316 0.09316 0.09316 0.09316 0.09316 0.09316 0.09316 0.25475 ( 9)  0.669  0.255
  43 T   0.08757 0.08757 0.08757 0.08757 0.08757 0.08757 0.08757 0.08757 0.29942 ( 9)  0.787  0.299
  44 A   0.09398 0.09398 0.09398 0.09398 0.09398 0.09398 0.09398 0.09398 0.24812 ( 9)  0.652  0.248
  45 D   0.09152 0.09152 0.09152 0.09152 0.09152 0.09152 0.09152 0.09152 0.26784 ( 9)  0.704  0.268
  46 G   0.09419 0.09419 0.09419 0.09419 0.09419 0.09419 0.09419 0.09419 0.24649 ( 9)  0.647  0.246
  47 Q   0.08798 0.08798 0.08798 0.08798 0.08798 0.08798 0.08798 0.08798 0.29619 ( 9)  0.778  0.296
  48 K   0.09026 0.09026 0.09026 0.09026 0.09026 0.09026 0.09026 0.09026 0.27789 ( 9)  0.730  0.278
  49 Y   0.09144 0.09144 0.09144 0.09144 0.09144 0.09144 0.09144 0.09144 0.26846 ( 9)  0.705  0.268
  50 L   0.09027 0.09027 0.09027 0.09027 0.09027 0.09027 0.09027 0.09027 0.27783 ( 9)  0.730  0.278
  51 I   0.09547 0.09547 0.09547 0.09547 0.09547 0.09547 0.09547 0.09547 0.23624 ( 9)  0.621  0.236
  52 E   0.09079 0.09079 0.09079 0.09079 0.09079 0.09079 0.09079 0.09079 0.27368 ( 9)  0.719  0.274
  53 K   0.09617 0.09617 0.09617 0.09617 0.09617 0.09617 0.09617 0.09617 0.23065 ( 9)  0.606  0.231
  54 G   0.09419 0.09419 0.09419 0.09419 0.09419 0.09419 0.09419 0.09419 0.24649 ( 9)  0.647  0.246
  55 V   0.08812 0.08812 0.08812 0.08812 0.08812 0.08812 0.08812 0.08812 0.29505 ( 9)  0.775  0.295
  56 A   0.09442 0.09442 0.09442 0.09442 0.09442 0.09442 0.09442 0.09442 0.24463 ( 9)  0.643  0.245
  57 P   0.09115 0.09115 0.09115 0.09115 0.09115 0.09115 0.09115 0.09115 0.27081 ( 9)  0.711  0.271
  58 D   0.09152 0.09152 0.09152 0.09152 0.09152 0.09152 0.09152 0.09152 0.26784 ( 9)  0.704  0.268
  59 H   0.09326 0.09326 0.09326 0.09326 0.09326 0.09326 0.09326 0.09326 0.25393 ( 9)  0.667  0.254
  60 M   0.09800 0.09800 0.09800 0.09800 0.09800 0.09800 0.09800 0.09800 0.21597 ( 9)  0.567  0.216
  61 E   0.09659 0.09659 0.09659 0.09659 0.09659 0.09659 0.09659 0.09659 0.22729 ( 9)  0.597  0.227
  62 E   0.09659 0.09659 0.09659 0.09659 0.09659 0.09659 0.09659 0.09659 0.22729 ( 9)  0.597  0.227
  63 L   0.09027 0.09027 0.09027 0.09027 0.09027 0.09027 0.09027 0.09027 0.27783 ( 9)  0.730  0.278
  64 H   0.09326 0.09326 0.09326 0.09326 0.09326 0.09326 0.09326 0.09326 0.25393 ( 9)  0.667  0.254
  65 R   0.09103 0.09103 0.09103 0.09103 0.09103 0.09103 0.09103 0.09103 0.27176 ( 9)  0.714  0.272
  66 I   0.09547 0.09547 0.09547 0.09547 0.09547 0.09547 0.09547 0.09547 0.23624 ( 9)  0.621  0.236
  67 G   0.08864 0.08864 0.08864 0.08864 0.08864 0.08864 0.08864 0.08864 0.29086 ( 9)  0.764  0.291
  68 G   0.09419 0.09419 0.09419 0.09419 0.09419 0.09419 0.09419 0.09419 0.24649 ( 9)  0.647  0.246
  69 E   0.09079 0.09079 0.09079 0.09079 0.09079 0.09079 0.09079 0.09079 0.27368 ( 9)  0.719  0.274
  70 K   0.09560 0.09560 0.09560 0.09560 0.09560 0.09560 0.09560 0.09560 0.23519 ( 9)  0.618  0.235
  71 G   0.09419 0.09419 0.09419 0.09419 0.09419 0.09419 0.09419 0.09419 0.24649 ( 9)  0.647  0.246
  72 S   0.09469 0.09469 0.09469 0.09469 0.09469 0.09469 0.09469 0.09469 0.24250 ( 9)  0.637  0.242
  73 R   0.09103 0.09103 0.09103 0.09103 0.09103 0.09103 0.09103 0.09103 0.27176 ( 9)  0.714  0.272
  74 I   0.09022 0.09022 0.09022 0.09022 0.09022 0.09022 0.09022 0.09022 0.27827 ( 9)  0.731  0.278
  75 V   0.09413 0.09413 0.09413 0.09413 0.09413 0.09413 0.09413 0.09413 0.24696 ( 9)  0.649  0.247
  76 K   0.09617 0.09617 0.09617 0.09617 0.09617 0.09617 0.09617 0.09617 0.23065 ( 9)  0.606  0.231
  77 I   0.09547 0.09547 0.09547 0.09547 0.09547 0.09547 0.09547 0.09547 0.23624 ( 9)  0.621  0.236
  78 S   0.00000 0.00000 0.00000 0.00000 0.00000 0.00000 0.00000 0.00000 1.00000 ( 9)  2.627  1.000
  79 W   0.00000 0.00000 0.00000 0.00000 0.00000 0.00000 0.00000 0.00000 1.00000 ( 9)  2.627  1.000
  80 N   0.00000 0.00000 0.00000 0.00000 0.00000 0.00000 0.00000 0.00000 1.00000 ( 9)  2.627  1.000
  81 L   0.09027 0.09027 0.09027 0.09027 0.09027 0.09027 0.09027 0.09027 0.27783 ( 9)  0.730  0.278
  82 P   0.08676 0.08676 0.08676 0.08676 0.08676 0.08676 0.08676 0.08676 0.30588 ( 9)  0.803  0.306
  83 P   0.00000 0.00000 0.00000 0.00000 0.00000 0.00000 0.00000 0.00000 1.00000 ( 9)  2.627  1.000
  84 N   0.09624 0.09624 0.09624 0.09624 0.09624 0.09624 0.09624 0.09624 0.23004 ( 9)  0.604  0.230
  85 F   0.09213 0.09213 0.09213 0.09213 0.09213 0.09213 0.09213 0.09213 0.26295 ( 9)  0.691  0.263
  86 R   0.09043 0.09043 0.09043 0.09043 0.09043 0.09043 0.09043 0.09043 0.27654 ( 9)  0.726  0.277
  87 V   0.08863 0.08863 0.08863 0.08863 0.08863 0.08863 0.08863 0.08863 0.29097 ( 9)  0.764  0.291
  88 V   0.09403 0.09403 0.09403 0.09403 0.09403 0.09403 0.09403 0.09403 0.24775 ( 9)  0.651  0.248
  89 R   0.00000 0.00000 0.00000 0.00000 0.00000 0.00000 0.00000 0.00000 1.00000 ( 9)  2.627  1.000
  90 P   0.08640 0.08640 0.08640 0.08640 0.08640 0.08640 0.08640 0.08640 0.30882 ( 9)  0.811  0.309
  91 V   0.08812 0.08812 0.08812 0.08812 0.08812 0.08812 0.08812 0.08812 0.29505 ( 9)  0.775  0.295
  92 K   0.00000 0.00000 0.00000 0.00000 0.00000 0.00000 0.00000 0.00000 1.00000 ( 9)  2.627  1.000
  93 I   0.09547 0.09547 0.09547 0.09547 0.09547 0.09547 0.09547 0.09547 0.23624 ( 9)  0.621  0.236
  94 K   0.09026 0.09026 0.09026 0.09026 0.09026 0.09026 0.09026 0.09026 0.27789 ( 9)  0.730  0.278
  95 N   0.09624 0.09624 0.09624 0.09624 0.09624 0.09624 0.09624 0.09624 0.23004 ( 9)  0.604  0.230
  96 T   0.08804 0.08804 0.08804 0.08804 0.08804 0.08804 0.08804 0.08804 0.29566 ( 9)  0.777  0.296
  97 D   0.09667 0.09667 0.09667 0.09667 0.09667 0.09667 0.09667 0.09667 0.22667 ( 9)  0.595  0.227
  98 V   0.09403 0.09403 0.09403 0.09403 0.09403 0.09403 0.09403 0.09403 0.24775 ( 9)  0.651  0.248
  99 T   0.09357 0.09357 0.09357 0.09357 0.09357 0.09357 0.09357 0.09357 0.25144 ( 9)  0.660  0.251
 100 L   0.09027 0.09027 0.09027 0.09027 0.09027 0.09027 0.09027 0.09027 0.27783 ( 9)  0.730  0.278
 101 M   0.09800 0.09800 0.09800 0.09800 0.09800 0.09800 0.09800 0.09800 0.21597 ( 9)  0.567  0.216
 102 Q   0.09216 0.09216 0.09216 0.09216 0.09216 0.09216 0.09216 0.09216 0.26271 ( 9)  0.690  0.263
 103 L   0.09027 0.09027 0.09027 0.09027 0.09027 0.09027 0.09027 0.09027 0.27783 ( 9)  0.730  0.278
 104 L   0.09027 0.09027 0.09027 0.09027 0.09027 0.09027 0.09027 0.09027 0.27783 ( 9)  0.730  0.278
 105 E   0.09233 0.09233 0.09233 0.09233 0.09233 0.09233 0.09233 0.09233 0.26136 ( 9)  0.687  0.261
 106 A   0.09442 0.09442 0.09442 0.09442 0.09442 0.09442 0.09442 0.09442 0.24463 ( 9)  0.643  0.245
 107 S   0.08960 0.08960 0.08960 0.08960 0.08960 0.08960 0.08960 0.08960 0.28322 ( 9)  0.744  0.283
 108 G   0.08864 0.08864 0.08864 0.08864 0.08864 0.08864 0.08864 0.08864 0.29086 ( 9)  0.764  0.291
 109 K   0.09026 0.09026 0.09026 0.09026 0.09026 0.09026 0.09026 0.09026 0.27789 ( 9)  0.730  0.278
 110 D   0.09667 0.09667 0.09667 0.09667 0.09667 0.09667 0.09667 0.09667 0.22667 ( 9)  0.595  0.227
 111 Y   0.09144 0.09144 0.09144 0.09144 0.09144 0.09144 0.09144 0.09144 0.26846 ( 9)  0.705  0.268
 112 N   0.09624 0.09624 0.09624 0.09624 0.09624 0.09624 0.09624 0.09624 0.23004 ( 9)  0.604  0.230
 113 W   0.08851 0.08851 0.08851 0.08851 0.08851 0.08851 0.08851 0.08851 0.29192 ( 9)  0.767  0.292
 114 L   0.09141 0.09141 0.09141 0.09141 0.09141 0.09141 0.09141 0.09141 0.26874 ( 9)  0.706  0.269
 115 C   0.08969 0.08969 0.08969 0.08969 0.08969 0.08969 0.08969 0.08969 0.28245 ( 9)  0.742  0.282
 116 S   0.09469 0.09469 0.09469 0.09469 0.09469 0.09469 0.09469 0.09469 0.24250 ( 9)  0.637  0.242
 117 N   0.09624 0.09624 0.09624 0.09624 0.09624 0.09624 0.09624 0.09624 0.23004 ( 9)  0.604  0.230
 118 C   0.08969 0.08969 0.08969 0.08969 0.08969 0.08969 0.08969 0.08969 0.28245 ( 9)  0.742  0.282
 119 W   0.08851 0.08851 0.08851 0.08851 0.08851 0.08851 0.08851 0.08851 0.29192 ( 9)  0.767  0.292
 120 N   0.09100 0.09100 0.09100 0.09100 0.09100 0.09100 0.09100 0.09100 0.27199 ( 9)  0.714  0.272
 121 S   0.08578 0.08578 0.08578 0.08578 0.08578 0.08578 0.08578 0.08578 0.31376 ( 9)  0.824  0.314
 122 T   0.08804 0.08804 0.08804 0.08804 0.08804 0.08804 0.08804 0.08804 0.29566 ( 9)  0.777  0.296
 123 E   0.09659 0.09659 0.09659 0.09659 0.09659 0.09659 0.09659 0.09659 0.22729 ( 9)  0.597  0.227
 124 S   0.09469 0.09469 0.09469 0.09469 0.09469 0.09469 0.09469 0.09469 0.24250 ( 9)  0.637  0.242
 125 I   0.00000 0.00000 0.00000 0.00000 0.00000 0.00000 0.00000 0.00000 1.00000 ( 9)  2.627  1.000
 126 Q   0.09216 0.09216 0.09216 0.09216 0.09216 0.09216 0.09216 0.09216 0.26271 ( 9)  0.690  0.263
 127 R   0.00000 0.00000 0.00000 0.00000 0.00000 0.00000 0.00000 0.00000 1.00000 ( 9)  2.627  1.000
 128 V   0.08863 0.08863 0.08863 0.08863 0.08863 0.08863 0.08863 0.08863 0.29097 ( 9)  0.764  0.291
 129 L   0.08848 0.08848 0.08848 0.08848 0.08848 0.08848 0.08848 0.08848 0.29220 ( 9)  0.768  0.292
 130 T   0.08757 0.08757 0.08757 0.08757 0.08757 0.08757 0.08757 0.08757 0.29942 ( 9)  0.787  0.299
 131 E   0.00000 0.00000 0.00000 0.00000 0.00000 0.00000 0.00000 0.00000 1.00000 ( 9)  2.627  1.000
 132 K   0.00000 0.00000 0.00000 0.00000 0.00000 0.00000 0.00000 0.00000 1.00000 ( 9)  2.627  1.000
 133 A   0.00000 0.00000 0.00000 0.00000 0.00000 0.00000 0.00000 0.00000 1.00000 ( 9)  2.627  1.000
 134 Q   0.09216 0.09216 0.09216 0.09216 0.09216 0.09216 0.09216 0.09216 0.26271 ( 9)  0.690  0.263
 135 L   0.09027 0.09027 0.09027 0.09027 0.09027 0.09027 0.09027 0.09027 0.27783 ( 9)  0.730  0.278
 136 P   0.09115 0.09115 0.09115 0.09115 0.09115 0.09115 0.09115 0.09115 0.27081 ( 9)  0.711  0.271
 137 W   0.08851 0.08851 0.08851 0.08851 0.08851 0.08851 0.08851 0.08851 0.29192 ( 9)  0.767  0.292
 138 Q   0.09216 0.09216 0.09216 0.09216 0.09216 0.09216 0.09216 0.09216 0.26271 ( 9)  0.690  0.263
 139 F   0.09213 0.09213 0.09213 0.09213 0.09213 0.09213 0.09213 0.09213 0.26295 ( 9)  0.691  0.263
 140 K   0.00000 0.00000 0.00000 0.00000 0.00000 0.00000 0.00000 0.00000 1.00000 ( 9)  2.627  1.000
 141 A   0.09398 0.09398 0.09398 0.09398 0.09398 0.09398 0.09398 0.09398 0.24812 ( 9)  0.652  0.248
 142 G   0.08798 0.08798 0.08798 0.08798 0.08798 0.08798 0.08798 0.08798 0.29620 ( 9)  0.778  0.296
 143 L   0.00000 0.00000 0.00000 0.00000 0.00000 0.00000 0.00000 0.00000 1.00000 ( 9)  2.627  1.000
 144 D   0.00000 0.00000 0.00000 0.00000 0.00000 0.00000 0.00000 0.00000 1.00000 ( 9)  2.627  1.000
 145 A   0.08852 0.08852 0.08852 0.08852 0.08852 0.08852 0.08852 0.08852 0.29186 ( 9)  0.767  0.292
 146 G   0.08798 0.08798 0.08798 0.08798 0.08798 0.08798 0.08798 0.08798 0.29620 ( 9)  0.778  0.296
 147 I   0.08721 0.08721 0.08721 0.08721 0.08721 0.08721 0.08721 0.08721 0.30233 ( 9)  0.794  0.302
 148 M   0.00000 0.00000 0.00000 0.00000 0.00000 0.00000 0.00000 0.00000 1.00000 ( 9)  2.627  1.000
 149 G   0.09419 0.09419 0.09419 0.09419 0.09419 0.09419 0.09419 0.09419 0.24649 ( 9)  0.647  0.246
 150 V   0.09403 0.09403 0.09403 0.09403 0.09403 0.09403 0.09403 0.09403 0.24775 ( 9)  0.651  0.248
 151 I   0.00000 0.00000 0.00000 0.00000 0.00000 0.00000 0.00000 0.00000 1.00000 ( 9)  2.627  1.000
 152 A   0.09174 0.09174 0.09174 0.09174 0.09174 0.09174 0.09174 0.09174 0.26605 ( 9)  0.699  0.266
 153 M   0.09800 0.09800 0.09800 0.09800 0.09800 0.09800 0.09800 0.09800 0.21597 ( 9)  0.567  0.216
 154 V   0.09446 0.09446 0.09446 0.09446 0.09446 0.09446 0.09446 0.09446 0.24431 ( 9)  0.642  0.244
 155 L   0.09027 0.09027 0.09027 0.09027 0.09027 0.09027 0.09027 0.09027 0.27783 ( 9)  0.730  0.278
 156 F   0.09213 0.09213 0.09213 0.09213 0.09213 0.09213 0.09213 0.09213 0.26295 ( 9)  0.691  0.263
 157 V   0.09403 0.09403 0.09403 0.09403 0.09403 0.09403 0.09403 0.09403 0.24775 ( 9)  0.651  0.248
 158 L   0.06005 0.06005 0.06005 0.06005 0.06005 0.06005 0.06005 0.06005 0.51962 ( 9)  1.365  0.520

Positively selected sites

	Prob(w>1)  mean w

    78 S      1.000**       2.627
    79 W      1.000**       2.627
    80 N      1.000**       2.627
    83 P      1.000**       2.627
    89 R      1.000**       2.627
    92 K      1.000**       2.627
   125 I      1.000**       2.627
   127 R      1.000**       2.627
   131 E      1.000**       2.627
   132 K      1.000**       2.627
   133 A      1.000**       2.627
   140 K      1.000**       2.627
   143 L      1.000**       2.627
   144 D      1.000**       2.627
   148 M      1.000**       2.627
   151 I      1.000**       2.627
   158 L      0.520         1.365


lnL =  -761.135028

Bayes Empirical Bayes (BEB) probabilities for 11 classes (class) & postmean_w
(amino acids refer to 1st sequence: Mlig.7143)

   1 M   0.18149 0.08107 0.07579 0.07335 0.07143 0.06954 0.06763 0.06609 0.06652 0.12899 0.11810 ( 1)  0.698 +-  0.895
   2 T   0.17300 0.07770 0.07320 0.07141 0.07011 0.06880 0.06745 0.06640 0.06730 0.13076 0.13386 ( 1)  0.759 +-  1.020
   3 A   0.17519 0.07857 0.07387 0.07192 0.07047 0.06902 0.06752 0.06635 0.06713 0.13036 0.12959 ( 1)  0.742 +-  0.985
   4 H   0.16583 0.07486 0.07095 0.06964 0.06879 0.06792 0.06698 0.06632 0.06759 0.13159 0.14951 ( 1)  0.827 +-  1.162
   5 D   0.17912 0.08013 0.07506 0.07280 0.07106 0.06932 0.06757 0.06616 0.06673 0.12947 0.12258 ( 1)  0.716 +-  0.934
   6 E   0.17899 0.08008 0.07502 0.07276 0.07103 0.06930 0.06755 0.06615 0.06672 0.12947 0.12293 ( 1)  0.717 +-  0.938
   7 L   0.16794 0.07570 0.07162 0.07016 0.06918 0.06818 0.06711 0.06634 0.06750 0.13134 0.14492 ( 1)  0.807 +-  1.123
   8 Q   0.17125 0.07701 0.07266 0.07099 0.06980 0.06859 0.06734 0.06639 0.06739 0.13098 0.13760 ( 1)  0.775 +-  1.055
   9 K   0.17825 0.07978 0.07480 0.07262 0.07094 0.06927 0.06758 0.06622 0.06684 0.12970 0.12400 ( 1)  0.721 +-  0.942
  10 I   0.17178 0.07722 0.07283 0.07112 0.06990 0.06867 0.06738 0.06641 0.06737 0.13094 0.13637 ( 1)  0.770 +-  1.042
  11 V   0.17447 0.07828 0.07363 0.07171 0.07029 0.06886 0.06740 0.06625 0.06707 0.13028 0.13176 ( 1)  0.753 +-  1.016
  12 V   0.16504 0.07454 0.07069 0.06942 0.06861 0.06777 0.06687 0.06625 0.06756 0.13156 0.15168 ( 1)  0.838 +-  1.187
  13 E   0.16887 0.07606 0.07191 0.07040 0.06937 0.06831 0.06720 0.06638 0.06749 0.13128 0.14273 ( 1)  0.797 +-  1.101
  14 F   0.17123 0.07700 0.07266 0.07100 0.06982 0.06863 0.06738 0.06644 0.06744 0.13107 0.13735 ( 1)  0.773 +-  1.048
  15 V   0.17524 0.07859 0.07387 0.07189 0.07041 0.06893 0.06742 0.06624 0.06701 0.13015 0.13026 ( 1)  0.747 +-  1.003
  16 V   0.16504 0.07454 0.07069 0.06942 0.06861 0.06777 0.06687 0.06625 0.06756 0.13156 0.15168 ( 1)  0.838 +-  1.187
  17 V   0.17447 0.07828 0.07363 0.07171 0.07029 0.06886 0.06740 0.06625 0.06707 0.13028 0.13176 ( 1)  0.753 +-  1.016
  18 E   0.17899 0.08008 0.07502 0.07276 0.07103 0.06930 0.06755 0.06615 0.06672 0.12947 0.12293 ( 1)  0.717 +-  0.938
  19 R   0.15972 0.07244 0.06899 0.06804 0.06753 0.06699 0.06637 0.06602 0.06757 0.13182 0.16451 (11)  0.898 +-  1.304
  20 P   0.16110 0.07298 0.06943 0.06841 0.06783 0.06721 0.06652 0.06611 0.06760 0.13181 0.16099 ( 1)  0.881 +-  1.271
  21 L   0.16992 0.07648 0.07224 0.07065 0.06955 0.06842 0.06724 0.06637 0.06742 0.13111 0.14060 ( 1)  0.789 +-  1.085
  22 N   0.16924 0.07621 0.07203 0.07050 0.06944 0.06836 0.06723 0.06639 0.06749 0.13126 0.14185 ( 1)  0.793 +-  1.092
  23 T   0.17300 0.07770 0.07320 0.07141 0.07011 0.06880 0.06745 0.06640 0.06730 0.13076 0.13386 ( 1)  0.759 +-  1.020
  24 K   0.17825 0.07978 0.07480 0.07262 0.07094 0.06927 0.06758 0.06622 0.06684 0.12970 0.12400 ( 1)  0.721 +-  0.942
  25 R   0.15972 0.07244 0.06899 0.06804 0.06753 0.06699 0.06637 0.06602 0.06757 0.13182 0.16451 (11)  0.898 +-  1.304
  26 P   0.16950 0.07631 0.07211 0.07056 0.06949 0.06840 0.06725 0.06640 0.06748 0.13123 0.14126 ( 1)  0.791 +-  1.087
  27 D   0.17912 0.08013 0.07506 0.07280 0.07106 0.06932 0.06757 0.06616 0.06673 0.12947 0.12258 ( 1)  0.716 +-  0.934
  28 Q   0.16393 0.07411 0.07035 0.06915 0.06841 0.06765 0.06681 0.06626 0.06762 0.13171 0.15401 ( 1)  0.848 +-  1.204
  29 A   0.17519 0.07857 0.07387 0.07192 0.07047 0.06902 0.06752 0.06635 0.06713 0.13036 0.12959 ( 1)  0.742 +-  0.985
  30 S   0.16571 0.07481 0.07092 0.06962 0.06878 0.06791 0.06698 0.06634 0.06761 0.13163 0.14969 ( 1)  0.828 +-  1.162
  31 G   0.17479 0.07841 0.07375 0.07183 0.07040 0.06897 0.06750 0.06635 0.06716 0.13042 0.13044 ( 1)  0.746 +-  0.993
  32 H   0.17316 0.07776 0.07325 0.07145 0.07013 0.06881 0.06744 0.06638 0.06727 0.13070 0.13365 ( 1)  0.759 +-  1.021
  33 K   0.16795 0.07570 0.07163 0.07018 0.06920 0.06820 0.06714 0.06637 0.06753 0.13139 0.14471 ( 1)  0.806 +-  1.118
  34 V   0.16504 0.07454 0.07069 0.06942 0.06861 0.06777 0.06687 0.06625 0.06756 0.13156 0.15168 ( 1)  0.838 +-  1.187
  35 P   0.16176 0.07325 0.06965 0.06858 0.06797 0.06732 0.06659 0.06615 0.06761 0.13180 0.15934 ( 1)  0.873 +-  1.255
  36 H   0.16583 0.07486 0.07095 0.06964 0.06879 0.06792 0.06698 0.06632 0.06759 0.13159 0.14951 ( 1)  0.827 +-  1.162
  37 E   0.17899 0.08008 0.07502 0.07276 0.07103 0.06930 0.06755 0.06615 0.06672 0.12947 0.12293 ( 1)  0.717 +-  0.938
  38 G   0.17555 0.07871 0.07398 0.07200 0.07052 0.06904 0.06752 0.06633 0.06709 0.13028 0.12895 ( 1)  0.740 +-  0.981
  39 C   0.16698 0.07531 0.07132 0.06994 0.06903 0.06809 0.06709 0.06638 0.06759 0.13154 0.14673 ( 1)  0.814 +-  1.134
  40 V   0.17524 0.07859 0.07387 0.07189 0.07041 0.06893 0.06742 0.06624 0.06701 0.13015 0.13026 ( 1)  0.747 +-  1.003
  41 V   0.17447 0.07828 0.07363 0.07171 0.07029 0.06886 0.06740 0.06625 0.06707 0.13028 0.13176 ( 1)  0.753 +-  1.016
  42 T   0.17300 0.07770 0.07320 0.07141 0.07011 0.06880 0.06745 0.06640 0.06730 0.13076 0.13386 ( 1)  0.759 +-  1.020
  43 T   0.16320 0.07382 0.07011 0.06896 0.06827 0.06754 0.06674 0.06622 0.06761 0.13174 0.15578 ( 1)  0.856 +-  1.221
  44 A   0.17443 0.07826 0.07364 0.07175 0.07035 0.06894 0.06749 0.06636 0.06719 0.13050 0.13110 ( 1)  0.748 +-  0.998
  45 D   0.17014 0.07656 0.07231 0.07072 0.06960 0.06846 0.06728 0.06639 0.06744 0.13113 0.13998 ( 1)  0.786 +-  1.077
  46 G   0.17479 0.07841 0.07375 0.07183 0.07040 0.06897 0.06750 0.06635 0.06716 0.13042 0.13044 ( 1)  0.746 +-  0.993
  47 Q   0.16393 0.07411 0.07035 0.06915 0.06841 0.06765 0.06681 0.06626 0.06762 0.13171 0.15401 ( 1)  0.848 +-  1.204
  48 K   0.16795 0.07570 0.07163 0.07018 0.06920 0.06820 0.06714 0.06637 0.06753 0.13139 0.14471 ( 1)  0.806 +-  1.118
  49 Y   0.17003 0.07652 0.07228 0.07070 0.06960 0.06848 0.06730 0.06642 0.06748 0.13121 0.13997 ( 1)  0.785 +-  1.072
  50 L   0.16794 0.07570 0.07162 0.07016 0.06918 0.06818 0.06711 0.06634 0.06750 0.13134 0.14492 ( 1)  0.807 +-  1.123
  51 I   0.17701 0.07929 0.07442 0.07233 0.07074 0.06915 0.06754 0.06626 0.06694 0.12994 0.12638 ( 1)  0.730 +-  0.963
  52 E   0.16887 0.07606 0.07191 0.07040 0.06937 0.06831 0.06720 0.06638 0.06749 0.13128 0.14273 ( 1)  0.797 +-  1.101
  53 K   0.17825 0.07978 0.07480 0.07262 0.07094 0.06927 0.06758 0.06622 0.06684 0.12970 0.12400 ( 1)  0.721 +-  0.942
  54 G   0.17479 0.07841 0.07375 0.07183 0.07040 0.06897 0.06750 0.06635 0.06716 0.13042 0.13044 ( 1)  0.746 +-  0.993
  55 V   0.16414 0.07419 0.07041 0.06919 0.06844 0.06765 0.06680 0.06623 0.06757 0.13163 0.15375 ( 1)  0.848 +-  1.206
  56 A   0.17519 0.07857 0.07387 0.07192 0.07047 0.06902 0.06752 0.06635 0.06713 0.13036 0.12959 ( 1)  0.742 +-  0.985
  57 P   0.16950 0.07631 0.07211 0.07056 0.06949 0.06840 0.06725 0.06640 0.06748 0.13123 0.14126 ( 1)  0.791 +-  1.087
  58 D   0.17014 0.07656 0.07231 0.07072 0.06960 0.06846 0.06728 0.06639 0.06744 0.13113 0.13998 ( 1)  0.786 +-  1.077
  59 H   0.17316 0.07776 0.07325 0.07145 0.07013 0.06881 0.06744 0.06638 0.06727 0.13070 0.13365 ( 1)  0.759 +-  1.021
  60 M   0.18149 0.08107 0.07579 0.07335 0.07143 0.06954 0.06763 0.06609 0.06652 0.12899 0.11810 ( 1)  0.698 +-  0.895
  61 E   0.17899 0.08008 0.07502 0.07276 0.07103 0.06930 0.06755 0.06615 0.06672 0.12947 0.12293 ( 1)  0.717 +-  0.938
  62 E   0.17899 0.08008 0.07502 0.07276 0.07103 0.06930 0.06755 0.06615 0.06672 0.12947 0.12293 ( 1)  0.717 +-  0.938
  63 L   0.16794 0.07570 0.07162 0.07016 0.06918 0.06818 0.06711 0.06634 0.06750 0.13134 0.14492 ( 1)  0.807 +-  1.123
  64 H   0.17316 0.07776 0.07325 0.07145 0.07013 0.06881 0.06744 0.06638 0.06727 0.13070 0.13365 ( 1)  0.759 +-  1.021
  65 R   0.16930 0.07623 0.07205 0.07051 0.06945 0.06837 0.06723 0.06639 0.06749 0.13125 0.14172 ( 1)  0.793 +-  1.091
  66 I   0.17701 0.07929 0.07442 0.07233 0.07074 0.06915 0.06754 0.06626 0.06694 0.12994 0.12638 ( 1)  0.730 +-  0.963
  67 G   0.16510 0.07457 0.07072 0.06945 0.06864 0.06781 0.06690 0.06629 0.06759 0.13162 0.15132 ( 1)  0.836 +-  1.180
  68 G   0.17479 0.07841 0.07375 0.07183 0.07040 0.06897 0.06750 0.06635 0.06716 0.13042 0.13044 ( 1)  0.746 +-  0.993
  69 E   0.16887 0.07606 0.07191 0.07040 0.06937 0.06831 0.06720 0.06638 0.06749 0.13128 0.14273 ( 1)  0.797 +-  1.101
  70 K   0.17724 0.07938 0.07448 0.07235 0.07073 0.06912 0.06749 0.06619 0.06685 0.12977 0.12640 ( 1)  0.732 +-  0.971
  71 G   0.17479 0.07841 0.07375 0.07183 0.07040 0.06897 0.06750 0.06635 0.06716 0.13042 0.13044 ( 1)  0.746 +-  0.993
  72 S   0.17567 0.07876 0.07403 0.07205 0.07057 0.06909 0.06757 0.06637 0.06713 0.13034 0.12843 ( 1)  0.737 +-  0.971
  73 R   0.16930 0.07623 0.07205 0.07051 0.06945 0.06837 0.06723 0.06639 0.06749 0.13125 0.14172 ( 1)  0.793 +-  1.091
  74 I   0.16786 0.07566 0.07159 0.07015 0.06918 0.06818 0.06712 0.06636 0.06753 0.13138 0.14499 ( 1)  0.807 +-  1.122
  75 V   0.17427 0.07819 0.07353 0.07159 0.07014 0.06869 0.06721 0.06606 0.06685 0.12988 0.13359 ( 1)  0.768 +-  1.068
  76 K   0.17825 0.07978 0.07480 0.07262 0.07094 0.06927 0.06758 0.06622 0.06684 0.12970 0.12400 ( 1)  0.721 +-  0.942
  77 I   0.17701 0.07929 0.07442 0.07233 0.07074 0.06915 0.06754 0.06626 0.06694 0.12994 0.12638 ( 1)  0.730 +-  0.963
  78 S   0.01407 0.01797 0.02767 0.03720 0.04631 0.05478 0.06253 0.06978 0.07817 0.15482 0.43670 (11)  2.115 +-  2.341
  79 W   0.00033 0.00145 0.00385 0.00741 0.01204 0.01764 0.02410 0.03145 0.04064 0.09474 0.76634 (11)  3.881 +-  3.005
  80 N   0.00026 0.00115 0.00308 0.00598 0.00982 0.01454 0.02007 0.02648 0.03465 0.08281 0.80116 (11)  4.078 +-  3.020
  81 L   0.16794 0.07570 0.07162 0.07016 0.06918 0.06818 0.06711 0.06634 0.06750 0.13134 0.14492 ( 1)  0.807 +-  1.123
  82 P   0.16176 0.07325 0.06965 0.06858 0.06797 0.06732 0.06659 0.06615 0.06761 0.13180 0.15934 ( 1)  0.873 +-  1.255
  83 P   0.01011 0.01364 0.02149 0.02947 0.03734 0.04493 0.05216 0.05921 0.06757 0.13791 0.52617 (11)  2.649 +-  2.721
  84 N   0.17838 0.07984 0.07485 0.07265 0.07097 0.06929 0.06759 0.06623 0.06684 0.12970 0.12366 ( 1)  0.719 +-  0.938
  85 F   0.17123 0.07700 0.07266 0.07100 0.06982 0.06863 0.06738 0.06644 0.06744 0.13107 0.13735 ( 1)  0.773 +-  1.048
  86 R   0.16824 0.07581 0.07171 0.07024 0.06925 0.06823 0.06715 0.06637 0.06751 0.13134 0.14415 ( 1)  0.804 +-  1.115
  87 V   0.16504 0.07454 0.07069 0.06942 0.06861 0.06777 0.06687 0.06625 0.06756 0.13156 0.15168 ( 1)  0.838 +-  1.187
  88 V   0.17447 0.07828 0.07363 0.07171 0.07029 0.06886 0.06740 0.06625 0.06707 0.13028 0.13176 ( 1)  0.753 +-  1.016
  89 R   0.01260 0.01638 0.02537 0.03428 0.04285 0.05091 0.05835 0.06541 0.07366 0.14751 0.47269 (11)  2.348 +-  2.543
  90 P   0.16110 0.07298 0.06943 0.06841 0.06783 0.06721 0.06652 0.06611 0.06760 0.13181 0.16099 ( 1)  0.881 +-  1.271
  91 V   0.16414 0.07419 0.07041 0.06919 0.06844 0.06765 0.06680 0.06623 0.06757 0.13163 0.15375 ( 1)  0.848 +-  1.206
  92 K   0.01312 0.01699 0.02631 0.03554 0.04442 0.05276 0.06045 0.06772 0.07617 0.15176 0.45476 (11)  2.218 +-  2.423
  93 I   0.17701 0.07929 0.07442 0.07233 0.07074 0.06915 0.06754 0.06626 0.06694 0.12994 0.12638 ( 1)  0.730 +-  0.963
  94 K   0.16795 0.07570 0.07163 0.07018 0.06920 0.06820 0.06714 0.06637 0.06753 0.13139 0.14471 ( 1)  0.806 +-  1.118
  95 N   0.17838 0.07984 0.07485 0.07265 0.07097 0.06929 0.06759 0.06623 0.06684 0.12970 0.12366 ( 1)  0.719 +-  0.938
  96 T   0.16404 0.07415 0.07038 0.06918 0.06844 0.06766 0.06682 0.06626 0.06761 0.13170 0.15377 ( 1)  0.847 +-  1.202
  97 D   0.17912 0.08013 0.07506 0.07280 0.07106 0.06932 0.06757 0.06616 0.06673 0.12947 0.12258 ( 1)  0.716 +-  0.934
  98 V   0.17447 0.07828 0.07363 0.07171 0.07029 0.06886 0.06740 0.06625 0.06707 0.13028 0.13176 ( 1)  0.753 +-  1.016
  99 T   0.17373 0.07799 0.07343 0.07159 0.07024 0.06888 0.06748 0.06640 0.06726 0.13065 0.13235 ( 1)  0.753 +-  1.006
 100 L   0.16794 0.07570 0.07162 0.07016 0.06918 0.06818 0.06711 0.06634 0.06750 0.13134 0.14492 ( 1)  0.807 +-  1.123
 101 M   0.18149 0.08107 0.07579 0.07335 0.07143 0.06954 0.06763 0.06609 0.06652 0.12899 0.11810 ( 1)  0.698 +-  0.895
 102 Q   0.17125 0.07701 0.07266 0.07099 0.06980 0.06859 0.06734 0.06639 0.06739 0.13098 0.13760 ( 1)  0.775 +-  1.055
 103 L   0.16794 0.07570 0.07162 0.07016 0.06918 0.06818 0.06711 0.06634 0.06750 0.13134 0.14492 ( 1)  0.807 +-  1.123
 104 L   0.16794 0.07570 0.07162 0.07016 0.06918 0.06818 0.06711 0.06634 0.06750 0.13134 0.14492 ( 1)  0.807 +-  1.123
 105 E   0.17136 0.07704 0.07258 0.07081 0.06953 0.06825 0.06693 0.06593 0.06688 0.13008 0.14061 ( 1)  0.797 +-  1.127
 106 A   0.17519 0.07857 0.07387 0.07192 0.07047 0.06902 0.06752 0.06635 0.06713 0.13036 0.12959 ( 1)  0.742 +-  0.985
 107 S   0.16680 0.07524 0.07126 0.06989 0.06899 0.06806 0.06706 0.06636 0.06758 0.13152 0.14724 ( 1)  0.817 +-  1.140
 108 G   0.16510 0.07457 0.07072 0.06945 0.06864 0.06781 0.06690 0.06629 0.06759 0.13162 0.15132 ( 1)  0.836 +-  1.180
 109 K   0.16795 0.07570 0.07163 0.07018 0.06920 0.06820 0.06714 0.06637 0.06753 0.13139 0.14471 ( 1)  0.806 +-  1.118
 110 D   0.17912 0.08013 0.07506 0.07280 0.07106 0.06932 0.06757 0.06616 0.06673 0.12947 0.12258 ( 1)  0.716 +-  0.934
 111 Y   0.17003 0.07652 0.07228 0.07070 0.06960 0.06848 0.06730 0.06642 0.06748 0.13121 0.13997 ( 1)  0.785 +-  1.072
 112 N   0.17838 0.07984 0.07485 0.07265 0.07097 0.06929 0.06759 0.06623 0.06684 0.12970 0.12366 ( 1)  0.719 +-  0.938
 113 W   0.16489 0.07449 0.07066 0.06941 0.06861 0.06779 0.06691 0.06630 0.06762 0.13168 0.15164 ( 1)  0.837 +-  1.181
 114 L   0.16992 0.07648 0.07224 0.07065 0.06955 0.06842 0.06724 0.06637 0.06742 0.13111 0.14060 ( 1)  0.789 +-  1.085
 115 C   0.16698 0.07531 0.07132 0.06994 0.06903 0.06809 0.06709 0.06638 0.06759 0.13154 0.14673 ( 1)  0.814 +-  1.134
 116 S   0.17567 0.07876 0.07403 0.07205 0.07057 0.06909 0.06757 0.06637 0.06713 0.13034 0.12843 ( 1)  0.737 +-  0.971
 117 N   0.17838 0.07984 0.07485 0.07265 0.07097 0.06929 0.06759 0.06623 0.06684 0.12970 0.12366 ( 1)  0.719 +-  0.938
 118 C   0.16698 0.07531 0.07132 0.06994 0.06903 0.06809 0.06709 0.06638 0.06759 0.13154 0.14673 ( 1)  0.814 +-  1.134
 119 W   0.16489 0.07449 0.07066 0.06941 0.06861 0.06779 0.06691 0.06630 0.06762 0.13168 0.15164 ( 1)  0.837 +-  1.181
 120 N   0.16924 0.07621 0.07203 0.07050 0.06944 0.06836 0.06723 0.06639 0.06749 0.13126 0.14185 ( 1)  0.793 +-  1.092
 121 S   0.15998 0.07254 0.06907 0.06811 0.06759 0.06704 0.06641 0.06605 0.06759 0.13184 0.16378 (11)  0.894 +-  1.296
 122 T   0.16404 0.07415 0.07038 0.06918 0.06844 0.06766 0.06682 0.06626 0.06761 0.13170 0.15377 ( 1)  0.847 +-  1.202
 123 E   0.17899 0.08008 0.07502 0.07276 0.07103 0.06930 0.06755 0.06615 0.06672 0.12947 0.12293 ( 1)  0.717 +-  0.938
 124 S   0.17567 0.07876 0.07403 0.07205 0.07057 0.06909 0.06757 0.06637 0.06713 0.13034 0.12843 ( 1)  0.737 +-  0.971
 125 I   0.01464 0.01855 0.02847 0.03820 0.04746 0.05603 0.06383 0.07109 0.07947 0.15683 0.42542 (11)  2.047 +-  2.278
 126 Q   0.17125 0.07701 0.07266 0.07099 0.06980 0.06859 0.06734 0.06639 0.06739 0.13098 0.13760 ( 1)  0.775 +-  1.055
 127 R   0.01250 0.01633 0.02537 0.03438 0.04309 0.05130 0.05893 0.06618 0.07465 0.14938 0.46789 (11)  2.295 +-  2.482
 128 V   0.16504 0.07454 0.07069 0.06942 0.06861 0.06777 0.06687 0.06625 0.06756 0.13156 0.15168 ( 1)  0.838 +-  1.187
 129 L   0.16482 0.07446 0.07063 0.06939 0.06860 0.06778 0.06690 0.06630 0.06761 0.13167 0.15185 ( 1)  0.838 +-  1.183
 130 T   0.16320 0.07382 0.07011 0.06896 0.06827 0.06754 0.06674 0.06622 0.06761 0.13174 0.15578 ( 1)  0.856 +-  1.221
 131 E   0.01494 0.01884 0.02887 0.03868 0.04798 0.05658 0.06437 0.07160 0.07995 0.15753 0.42066 (11)  2.021 +-  2.258
 132 K   0.01322 0.01710 0.02646 0.03573 0.04465 0.05302 0.06074 0.06802 0.07648 0.15226 0.45232 (11)  2.202 +-  2.408
 133 A   0.01409 0.01799 0.02770 0.03725 0.04637 0.05486 0.06262 0.06988 0.07828 0.15502 0.43594 (11)  2.108 +-  2.333
 134 Q   0.17125 0.07701 0.07266 0.07099 0.06980 0.06859 0.06734 0.06639 0.06739 0.13098 0.13760 ( 1)  0.775 +-  1.055
 135 L   0.16794 0.07570 0.07162 0.07016 0.06918 0.06818 0.06711 0.06634 0.06750 0.13134 0.14492 ( 1)  0.807 +-  1.123
 136 P   0.16950 0.07631 0.07211 0.07056 0.06949 0.06840 0.06725 0.06640 0.06748 0.13123 0.14126 ( 1)  0.791 +-  1.087
 137 W   0.16489 0.07449 0.07066 0.06941 0.06861 0.06779 0.06691 0.06630 0.06762 0.13168 0.15164 ( 1)  0.837 +-  1.181
 138 Q   0.17125 0.07701 0.07266 0.07099 0.06980 0.06859 0.06734 0.06639 0.06739 0.13098 0.13760 ( 1)  0.775 +-  1.055
 139 F   0.17123 0.07700 0.07266 0.07100 0.06982 0.06863 0.06738 0.06644 0.06744 0.13107 0.13735 ( 1)  0.773 +-  1.048
 140 K   0.01526 0.01914 0.02927 0.03915 0.04849 0.05709 0.06486 0.07205 0.08033 0.15805 0.41630 (11)  2.001 +-  2.245
 141 A   0.17443 0.07826 0.07364 0.07175 0.07035 0.06894 0.06749 0.06636 0.06719 0.13050 0.13110 ( 1)  0.748 +-  0.998
 142 G   0.16391 0.07410 0.07034 0.06914 0.06840 0.06763 0.06680 0.06624 0.06760 0.13169 0.15414 ( 1)  0.849 +-  1.207
 143 L   0.01024 0.01380 0.02171 0.02975 0.03768 0.04531 0.05256 0.05963 0.06799 0.13861 0.52272 (11)  2.628 +-  2.709
 144 D   0.01486 0.01876 0.02876 0.03855 0.04784 0.05643 0.06423 0.07146 0.07982 0.15734 0.42194 (11)  2.028 +-  2.264
 145 A   0.16487 0.07448 0.07065 0.06939 0.06860 0.06778 0.06689 0.06628 0.06760 0.13164 0.15183 ( 1)  0.838 +-  1.185
 146 G   0.16391 0.07410 0.07034 0.06914 0.06840 0.06763 0.06680 0.06624 0.06760 0.13169 0.15414 ( 1)  0.849 +-  1.207
 147 I   0.16202 0.07330 0.06938 0.06801 0.06712 0.06624 0.06532 0.06473 0.06606 0.12907 0.16874 (11)  0.939 +-  1.425
 148 M   0.01456 0.01846 0.02835 0.03804 0.04727 0.05581 0.06359 0.07084 0.07921 0.15642 0.42745 (11)  2.060 +-  2.292
 149 G   0.17479 0.07841 0.07375 0.07183 0.07040 0.06897 0.06750 0.06635 0.06716 0.13042 0.13044 ( 1)  0.746 +-  0.993
 150 V   0.17447 0.07828 0.07363 0.07171 0.07029 0.06886 0.06740 0.06625 0.06707 0.13028 0.13176 ( 1)  0.753 +-  1.016
 151 I   0.01064 0.01426 0.02239 0.03062 0.03871 0.04646 0.05381 0.06093 0.06933 0.14083 0.51202 (11)  2.562 +-  2.667
 152 A   0.17051 0.07671 0.07242 0.07079 0.06965 0.06849 0.06727 0.06636 0.06739 0.13103 0.13937 ( 1)  0.784 +-  1.074
 153 M   0.18149 0.08107 0.07579 0.07335 0.07143 0.06954 0.06763 0.06609 0.06652 0.12899 0.11810 ( 1)  0.698 +-  0.895
 154 V   0.17524 0.07859 0.07387 0.07189 0.07041 0.06893 0.06742 0.06624 0.06701 0.13015 0.13026 ( 1)  0.747 +-  1.003
 155 L   0.16794 0.07570 0.07162 0.07016 0.06918 0.06818 0.06711 0.06634 0.06750 0.13134 0.14492 ( 1)  0.807 +-  1.123
 156 F   0.17123 0.07700 0.07266 0.07100 0.06982 0.06863 0.06738 0.06644 0.06744 0.13107 0.13735 ( 1)  0.773 +-  1.048
 157 V   0.17447 0.07828 0.07363 0.07171 0.07029 0.06886 0.06740 0.06625 0.06707 0.13028 0.13176 ( 1)  0.753 +-  1.016
 158 L   0.10826 0.05056 0.04872 0.04870 0.04915 0.04975 0.05048 0.05162 0.05452 0.11060 0.37764 (11)  2.108 +-  2.736

Positively selected sites

	Prob(w>1)  mean w

    79 W      0.766         3.881 +- 3.005
    80 N      0.801         4.078 +- 3.020
    83 P      0.526         2.649 +- 2.721
   143 L      0.523         2.628 +- 2.709
   151 I      0.512         2.562 +- 2.667

