Supplemental results for CODEML (seqf: algn  treef: tree)


dN/dS (w) for site classes (K=3)

p:   1.00000  0.00000  0.00000
w:   0.22146  1.00000  1.00000

Naive Empirical Bayes (NEB) probabilities for 3 classes & postmean_w
(amino acids refer to 1st sequence: Mlig.42142)

   1 A   1.00000 0.00000 0.00000 ( 1)  0.221
   2 G   1.00000 0.00000 0.00000 ( 1)  0.221
   3 C   1.00000 0.00000 0.00000 ( 1)  0.221
   4 A   1.00000 0.00000 0.00000 ( 1)  0.221
   5 D   1.00000 0.00000 0.00000 ( 1)  0.221
   6 G   1.00000 0.00000 0.00000 ( 1)  0.221
   7 A   1.00000 0.00000 0.00000 ( 1)  0.221
   8 D   1.00000 0.00000 0.00000 ( 1)  0.221
   9 A   1.00000 0.00000 0.00000 ( 1)  0.221
  10 V   1.00000 0.00000 0.00000 ( 1)  0.221
  11 A   1.00000 0.00000 0.00000 ( 1)  0.221
  12 A   1.00000 0.00000 0.00000 ( 1)  0.221
  13 S   1.00000 0.00000 0.00000 ( 1)  0.221
  14 I   1.00000 0.00000 0.00000 ( 1)  0.221
  15 D   1.00000 0.00000 0.00000 ( 1)  0.221
  16 S   1.00000 0.00000 0.00000 ( 1)  0.221
  17 L   1.00000 0.00000 0.00000 ( 1)  0.221
  18 S   1.00000 0.00000 0.00000 ( 1)  0.221
  19 L   1.00000 0.00000 0.00000 ( 1)  0.221
  20 S   1.00000 0.00000 0.00000 ( 1)  0.221
  21 E   1.00000 0.00000 0.00000 ( 1)  0.221
  22 G   1.00000 0.00000 0.00000 ( 1)  0.221
  23 H   1.00000 0.00000 0.00000 ( 1)  0.221
  24 Q   1.00000 0.00000 0.00000 ( 1)  0.221
  25 Q   1.00000 0.00000 0.00000 ( 1)  0.221
  26 A   1.00000 0.00000 0.00000 ( 1)  0.221
  27 Q   1.00000 0.00000 0.00000 ( 1)  0.221
  28 A   1.00000 0.00000 0.00000 ( 1)  0.221
  29 E   1.00000 0.00000 0.00000 ( 1)  0.221
  30 C   1.00000 0.00000 0.00000 ( 1)  0.221
  31 S   1.00000 0.00000 0.00000 ( 1)  0.221
  32 P   1.00000 0.00000 0.00000 ( 1)  0.221
  33 E   1.00000 0.00000 0.00000 ( 1)  0.221
  34 R   1.00000 0.00000 0.00000 ( 1)  0.221
  35 M   1.00000 0.00000 0.00000 ( 1)  0.221
  36 A   1.00000 0.00000 0.00000 ( 1)  0.221
  37 A   1.00000 0.00000 0.00000 ( 1)  0.221
  38 L   1.00000 0.00000 0.00000 ( 1)  0.221
  39 K   1.00000 0.00000 0.00000 ( 1)  0.221
  40 F   1.00000 0.00000 0.00000 ( 1)  0.221
  41 L   1.00000 0.00000 0.00000 ( 1)  0.221
  42 T   1.00000 0.00000 0.00000 ( 1)  0.221
  43 E   1.00000 0.00000 0.00000 ( 1)  0.221
  44 C   1.00000 0.00000 0.00000 ( 1)  0.221
  45 L   1.00000 0.00000 0.00000 ( 1)  0.221
  46 G   1.00000 0.00000 0.00000 ( 1)  0.221
  47 R   1.00000 0.00000 0.00000 ( 1)  0.221
  48 L   1.00000 0.00000 0.00000 ( 1)  0.221
  49 L   1.00000 0.00000 0.00000 ( 1)  0.221
  50 R   1.00000 0.00000 0.00000 ( 1)  0.221
  51 C   1.00000 0.00000 0.00000 ( 1)  0.221
  52 T   1.00000 0.00000 0.00000 ( 1)  0.221
  53 M   1.00000 0.00000 0.00000 ( 1)  0.221
  54 I   1.00000 0.00000 0.00000 ( 1)  0.221
  55 D   1.00000 0.00000 0.00000 ( 1)  0.221
  56 G   1.00000 0.00000 0.00000 ( 1)  0.221
  57 R   1.00000 0.00000 0.00000 ( 1)  0.221
  58 V   1.00000 0.00000 0.00000 ( 1)  0.221
  59 L   1.00000 0.00000 0.00000 ( 1)  0.221
  60 V   1.00000 0.00000 0.00000 ( 1)  0.221
  61 G   1.00000 0.00000 0.00000 ( 1)  0.221
  62 T   1.00000 0.00000 0.00000 ( 1)  0.221
  63 F   1.00000 0.00000 0.00000 ( 1)  0.221
  64 A   1.00000 0.00000 0.00000 ( 1)  0.221
  65 C   1.00000 0.00000 0.00000 ( 1)  0.221
  66 T   1.00000 0.00000 0.00000 ( 1)  0.221
  67 D   1.00000 0.00000 0.00000 ( 1)  0.221
  68 R   1.00000 0.00000 0.00000 ( 1)  0.221
  69 D   1.00000 0.00000 0.00000 ( 1)  0.221
  70 S   1.00000 0.00000 0.00000 ( 1)  0.221
  71 N   1.00000 0.00000 0.00000 ( 1)  0.221
  72 I   1.00000 0.00000 0.00000 ( 1)  0.221
  73 I   1.00000 0.00000 0.00000 ( 1)  0.221
  74 L   1.00000 0.00000 0.00000 ( 1)  0.221
  75 A   1.00000 0.00000 0.00000 ( 1)  0.221
  76 G   1.00000 0.00000 0.00000 ( 1)  0.221
  77 C   1.00000 0.00000 0.00000 ( 1)  0.221
  78 L   1.00000 0.00000 0.00000 ( 1)  0.221
  79 E   1.00000 0.00000 0.00000 ( 1)  0.221
  80 Y   1.00000 0.00000 0.00000 ( 1)  0.221
  81 Q   1.00000 0.00000 0.00000 ( 1)  0.221
  82 S   1.00000 0.00000 0.00000 ( 1)  0.221
  83 L   1.00000 0.00000 0.00000 ( 1)  0.221
  84 A   1.00000 0.00000 0.00000 ( 1)  0.221
  85 D   1.00000 0.00000 0.00000 ( 1)  0.221
  86 C   1.00000 0.00000 0.00000 ( 1)  0.221
  87 L   1.00000 0.00000 0.00000 ( 1)  0.221
  88 A   1.00000 0.00000 0.00000 ( 1)  0.221
  89 D   1.00000 0.00000 0.00000 ( 1)  0.221
  90 P   1.00000 0.00000 0.00000 ( 1)  0.221
  91 R   1.00000 0.00000 0.00000 ( 1)  0.221
  92 D   1.00000 0.00000 0.00000 ( 1)  0.221
  93 C   1.00000 0.00000 0.00000 ( 1)  0.221
  94 R   1.00000 0.00000 0.00000 ( 1)  0.221
  95 S   1.00000 0.00000 0.00000 ( 1)  0.221
  96 L   1.00000 0.00000 0.00000 ( 1)  0.221
  97 G   1.00000 0.00000 0.00000 ( 1)  0.221
  98 L   1.00000 0.00000 0.00000 ( 1)  0.221
  99 A   1.00000 0.00000 0.00000 ( 1)  0.221
 100 M   1.00000 0.00000 0.00000 ( 1)  0.221
 101 I   1.00000 0.00000 0.00000 ( 1)  0.221
 102 P   1.00000 0.00000 0.00000 ( 1)  0.221
 103 G   1.00000 0.00000 0.00000 ( 1)  0.221
 104 N   1.00000 0.00000 0.00000 ( 1)  0.221
 105 K   1.00000 0.00000 0.00000 ( 1)  0.221
 106 L   1.00000 0.00000 0.00000 ( 1)  0.221
 107 V   1.00000 0.00000 0.00000 ( 1)  0.221
 108 K   1.00000 0.00000 0.00000 ( 1)  0.221
 109 M   1.00000 0.00000 0.00000 ( 1)  0.221
 110 E   1.00000 0.00000 0.00000 ( 1)  0.221
 111 L   1.00000 0.00000 0.00000 ( 1)  0.221
 112 E   1.00000 0.00000 0.00000 ( 1)  0.221
 113 S   1.00000 0.00000 0.00000 ( 1)  0.221
 114 F   1.00000 0.00000 0.00000 ( 1)  0.221
 115 G   1.00000 0.00000 0.00000 ( 1)  0.221
 116 Q   1.00000 0.00000 0.00000 ( 1)  0.221
 117 Q   1.00000 0.00000 0.00000 ( 1)  0.221
 118 Q   1.00000 0.00000 0.00000 ( 1)  0.221
 119 N   1.00000 0.00000 0.00000 ( 1)  0.221
 120 D   1.00000 0.00000 0.00000 ( 1)  0.221
 121 V   1.00000 0.00000 0.00000 ( 1)  0.221
 122 S   1.00000 0.00000 0.00000 ( 1)  0.221
 123 D   1.00000 0.00000 0.00000 ( 1)  0.221
 124 G   1.00000 0.00000 0.00000 ( 1)  0.221
 125 L   1.00000 0.00000 0.00000 ( 1)  0.221
 126 R   1.00000 0.00000 0.00000 ( 1)  0.221
 127 S   1.00000 0.00000 0.00000 ( 1)  0.221
 128 D   1.00000 0.00000 0.00000 ( 1)  0.221
 129 G   1.00000 0.00000 0.00000 ( 1)  0.221
 130 S   1.00000 0.00000 0.00000 ( 1)  0.221
 131 P   1.00000 0.00000 0.00000 ( 1)  0.221
 132 E   1.00000 0.00000 0.00000 ( 1)  0.221
 133 T   1.00000 0.00000 0.00000 ( 1)  0.221
 134 P   1.00000 0.00000 0.00000 ( 1)  0.221
 135 A   1.00000 0.00000 0.00000 ( 1)  0.221
 136 S   1.00000 0.00000 0.00000 ( 1)  0.221

Positively selected sites

	Prob(w>1)  mean w



lnL =  -596.085014

Bayes Empirical Bayes (BEB) probabilities for 3 classes (class) & postmean_w
(amino acids refer to 1st sequence: Mlig.42142)

   1 A   0.76537 0.17221 0.06243 ( 1)  0.487 +-  0.817
   2 G   0.77735 0.16720 0.05545 ( 1)  0.456 +-  0.732
   3 C   0.76730 0.17158 0.06113 ( 1)  0.481 +-  0.797
   4 A   0.76537 0.17221 0.06243 ( 1)  0.487 +-  0.817
   5 D   0.77478 0.16846 0.05676 ( 1)  0.462 +-  0.745
   6 G   0.77735 0.16720 0.05545 ( 1)  0.456 +-  0.732
   7 A   0.76537 0.17221 0.06243 ( 1)  0.487 +-  0.817
   8 D   0.78042 0.16590 0.05368 ( 1)  0.449 +-  0.710
   9 A   0.77102 0.16998 0.05900 ( 1)  0.472 +-  0.774
  10 V   0.77638 0.16763 0.05600 ( 1)  0.459 +-  0.739
  11 A   0.76537 0.17221 0.06243 ( 1)  0.487 +-  0.817
  12 A   0.32860 0.34871 0.32269 ( 2)  1.687 +-  2.133
  13 S   0.77786 0.16728 0.05486 ( 1)  0.453 +-  0.717
  14 I   0.77098 0.17014 0.05888 ( 1)  0.470 +-  0.768
  15 D   0.77686 0.16723 0.05592 ( 1)  0.459 +-  0.744
  16 S   0.77003 0.17052 0.05945 ( 1)  0.473 +-  0.775
  17 L   0.76302 0.17308 0.06390 ( 1)  0.494 +-  0.836
  18 S   0.77786 0.16728 0.05486 ( 1)  0.453 +-  0.717
  19 L   0.76302 0.17308 0.06390 ( 1)  0.494 +-  0.836
  20 S   0.75994 0.17417 0.06589 ( 1)  0.503 +-  0.862
  21 E   0.76968 0.17061 0.05971 ( 1)  0.474 +-  0.780
  22 G   0.77735 0.16720 0.05545 ( 1)  0.456 +-  0.732
  23 H   0.77363 0.16902 0.05735 ( 1)  0.464 +-  0.750
  24 Q   0.76202 0.17347 0.06451 ( 1)  0.496 +-  0.843
  25 Q   0.76202 0.17347 0.06451 ( 1)  0.496 +-  0.843
  26 A   0.77102 0.16998 0.05900 ( 1)  0.472 +-  0.774
  27 Q   0.76639 0.17189 0.06172 ( 1)  0.483 +-  0.805
  28 A   0.76537 0.17221 0.06243 ( 1)  0.487 +-  0.817
  29 E   0.76968 0.17061 0.05971 ( 1)  0.474 +-  0.780
  30 C   0.77196 0.16976 0.05828 ( 1)  0.468 +-  0.760
  31 S   0.75994 0.17417 0.06589 ( 1)  0.503 +-  0.862
  32 P   0.76174 0.17355 0.06471 ( 1)  0.497 +-  0.846
  33 E   0.76968 0.17061 0.05971 ( 1)  0.474 +-  0.780
  34 R   0.77314 0.16927 0.05759 ( 1)  0.465 +-  0.751
  35 M   0.77705 0.16767 0.05528 ( 1)  0.455 +-  0.721
  36 A   0.32663 0.34777 0.32560 ( 2)  1.703 +-  2.148
  37 A   0.77396 0.16875 0.05730 ( 1)  0.464 +-  0.753
  38 L   0.76174 0.17356 0.06470 ( 1)  0.497 +-  0.845
  39 K   0.77349 0.16914 0.05737 ( 1)  0.464 +-  0.748
  40 F   0.76742 0.17154 0.06104 ( 1)  0.480 +-  0.796
  41 L   0.75869 0.17457 0.06675 ( 1)  0.507 +-  0.874
  42 T   0.77486 0.16855 0.05659 ( 1)  0.460 +-  0.739
  43 E   0.33221 0.35011 0.31767 ( 2)  1.662 +-  2.109
  44 C   0.76730 0.17158 0.06113 ( 1)  0.481 +-  0.797
  45 L   0.76302 0.17308 0.06390 ( 1)  0.494 +-  0.836
  46 G   0.77454 0.16847 0.05699 ( 1)  0.463 +-  0.750
  47 R   0.76702 0.17159 0.06139 ( 1)  0.482 +-  0.803
  48 L   0.76302 0.17308 0.06390 ( 1)  0.494 +-  0.836
  49 L   0.76630 0.17189 0.06181 ( 1)  0.484 +-  0.808
  50 R   0.77163 0.16980 0.05857 ( 1)  0.469 +-  0.766
  51 C   0.77196 0.16976 0.05828 ( 1)  0.468 +-  0.760
  52 T   0.76408 0.17275 0.06317 ( 1)  0.490 +-  0.824
  53 M   0.77705 0.16767 0.05528 ( 1)  0.455 +-  0.721
  54 I   0.77336 0.16902 0.05763 ( 1)  0.465 +-  0.756
  55 D   0.78042 0.16590 0.05368 ( 1)  0.449 +-  0.710
  56 G   0.77152 0.16975 0.05873 ( 1)  0.470 +-  0.771
  57 R   0.77163 0.16980 0.05857 ( 1)  0.469 +-  0.766
  58 V   0.76518 0.17226 0.06256 ( 1)  0.487 +-  0.819
  59 L   0.76302 0.17308 0.06390 ( 1)  0.494 +-  0.836
  60 V   0.77074 0.17006 0.05920 ( 1)  0.472 +-  0.777
  61 G   0.77735 0.16720 0.05545 ( 1)  0.456 +-  0.732
  62 T   0.77093 0.17016 0.05891 ( 1)  0.471 +-  0.768
  63 F   0.76742 0.17154 0.06104 ( 1)  0.480 +-  0.796
  64 A   0.77102 0.16998 0.05900 ( 1)  0.472 +-  0.774
  65 C   0.77196 0.16976 0.05828 ( 1)  0.468 +-  0.760
  66 T   0.76408 0.17275 0.06317 ( 1)  0.490 +-  0.824
  67 D   0.78042 0.16590 0.05368 ( 1)  0.449 +-  0.710
  68 R   0.76928 0.17075 0.05997 ( 1)  0.476 +-  0.784
  69 D   0.78042 0.16590 0.05368 ( 1)  0.449 +-  0.710
  70 S   0.77003 0.17052 0.05945 ( 1)  0.473 +-  0.775
  71 N   0.77787 0.16728 0.05485 ( 1)  0.453 +-  0.717
  72 I   0.77650 0.16785 0.05565 ( 1)  0.456 +-  0.727
  73 I   0.77650 0.16785 0.05565 ( 1)  0.456 +-  0.727
  74 L   0.76302 0.17308 0.06390 ( 1)  0.494 +-  0.836
  75 A   0.77102 0.16998 0.05900 ( 1)  0.472 +-  0.774
  76 G   0.77735 0.16720 0.05545 ( 1)  0.456 +-  0.732
  77 C   0.76730 0.17158 0.06113 ( 1)  0.481 +-  0.797
  78 L   0.76174 0.17356 0.06470 ( 1)  0.497 +-  0.845
  79 E   0.77649 0.16772 0.05580 ( 1)  0.457 +-  0.733
  80 Y   0.77107 0.17010 0.05883 ( 1)  0.470 +-  0.767
  81 Q   0.76639 0.17189 0.06172 ( 1)  0.483 +-  0.805
  82 S   0.77786 0.16728 0.05486 ( 1)  0.453 +-  0.717
  83 L   0.76174 0.17356 0.06470 ( 1)  0.497 +-  0.845
  84 A   0.77262 0.16931 0.05807 ( 1)  0.467 +-  0.762
  85 D   0.77478 0.16846 0.05676 ( 1)  0.462 +-  0.745
  86 C   0.77196 0.16976 0.05828 ( 1)  0.468 +-  0.760
  87 L   0.76174 0.17356 0.06470 ( 1)  0.497 +-  0.845
  88 A   0.77102 0.16998 0.05900 ( 1)  0.472 +-  0.774
  89 D   0.77478 0.16846 0.05676 ( 1)  0.462 +-  0.745
  90 P   0.76750 0.17144 0.06105 ( 1)  0.480 +-  0.798
  91 R   0.76632 0.17151 0.06218 ( 1)  0.488 +-  0.829
  92 D   0.77478 0.16846 0.05676 ( 1)  0.462 +-  0.745
  93 C   0.77196 0.16976 0.05828 ( 1)  0.468 +-  0.760
  94 R   0.77163 0.16980 0.05857 ( 1)  0.469 +-  0.766
  95 S   0.77003 0.17052 0.05945 ( 1)  0.473 +-  0.775
  96 L   0.77094 0.17008 0.05898 ( 1)  0.471 +-  0.771
  97 G   0.77152 0.16975 0.05873 ( 1)  0.470 +-  0.771
  98 L   0.76174 0.17356 0.06470 ( 1)  0.497 +-  0.845
  99 A   0.77675 0.16751 0.05574 ( 1)  0.457 +-  0.735
 100 M   0.77705 0.16767 0.05528 ( 1)  0.455 +-  0.721
 101 I   0.77650 0.16785 0.05565 ( 1)  0.456 +-  0.727
 102 P   0.76750 0.17144 0.06105 ( 1)  0.480 +-  0.798
 103 G   0.76517 0.17226 0.06258 ( 1)  0.488 +-  0.819
 104 N   0.77225 0.16965 0.05810 ( 1)  0.467 +-  0.757
 105 K   0.77349 0.16914 0.05737 ( 1)  0.464 +-  0.748
 106 L   0.76302 0.17308 0.06390 ( 1)  0.494 +-  0.836
 107 V   0.77074 0.17006 0.05920 ( 1)  0.472 +-  0.777
 108 K   0.76676 0.17179 0.06145 ( 1)  0.482 +-  0.801
 109 M   0.77705 0.16767 0.05528 ( 1)  0.455 +-  0.721
 110 E   0.76968 0.17061 0.05971 ( 1)  0.474 +-  0.780
 111 L   0.76302 0.17308 0.06390 ( 1)  0.494 +-  0.836
 112 E   0.76968 0.17061 0.05971 ( 1)  0.474 +-  0.780
 113 S   0.76584 0.17210 0.06206 ( 1)  0.485 +-  0.810
 114 F   0.76742 0.17154 0.06104 ( 1)  0.480 +-  0.796
 115 G   0.77152 0.16975 0.05873 ( 1)  0.470 +-  0.771
 116 Q   0.76639 0.17189 0.06172 ( 1)  0.483 +-  0.805
 117 Q   0.76202 0.17347 0.06451 ( 1)  0.496 +-  0.843
 118 Q   0.76639 0.17189 0.06172 ( 1)  0.483 +-  0.805
 119 N   0.77225 0.16965 0.05810 ( 1)  0.467 +-  0.757
 120 D   0.77478 0.16846 0.05676 ( 1)  0.462 +-  0.745
 121 V   0.77638 0.16763 0.05600 ( 1)  0.459 +-  0.739
 122 S   0.77786 0.16728 0.05486 ( 1)  0.453 +-  0.717
 123 D   0.77478 0.16846 0.05676 ( 1)  0.462 +-  0.745
 124 G   0.76517 0.17226 0.06258 ( 1)  0.488 +-  0.819
 125 L   0.76302 0.17308 0.06390 ( 1)  0.494 +-  0.836
 126 R   0.76702 0.17159 0.06139 ( 1)  0.482 +-  0.803
 127 S   0.77224 0.16965 0.05811 ( 1)  0.467 +-  0.757
 128 D   0.78042 0.16590 0.05368 ( 1)  0.449 +-  0.710
 129 G   0.77735 0.16720 0.05545 ( 1)  0.456 +-  0.732
 130 S   0.77786 0.16728 0.05486 ( 1)  0.453 +-  0.717
 131 P   0.77086 0.17013 0.05901 ( 1)  0.471 +-  0.771
 132 E   0.77649 0.16772 0.05580 ( 1)  0.457 +-  0.733
 133 T   0.77093 0.17016 0.05891 ( 1)  0.471 +-  0.768
 134 P   0.76622 0.17193 0.06184 ( 1)  0.484 +-  0.808
 135 A   0.77102 0.16998 0.05900 ( 1)  0.472 +-  0.774
 136 S   0.77224 0.16965 0.05811 ( 1)  0.467 +-  0.757

Positively selected sites

	Prob(w>1)  mean w


