Supplemental results for CODEML (seqf: algn  treef: tree)


dN/dS (w) for site classes (K=9)

p:   0.12500  0.12500  0.12500  0.12500  0.12500  0.12500  0.12500  0.12500  0.00001
w:   0.42205  0.44530  0.45970  0.47172  0.48315  0.49521  0.50970  0.53319  1.00000

Naive Empirical Bayes (NEB) probabilities for 9 classes & postmean_w
(amino acids refer to 1st sequence: Smed.10879)

   1 D   0.12564 0.12537 0.12521 0.12507 0.12493 0.12479 0.12462 0.12435 0.00001 ( 1)  0.477
   2 F   0.12572 0.12541 0.12523 0.12507 0.12493 0.12477 0.12458 0.12428 0.00001 ( 1)  0.477
   3 T   0.12530 0.12517 0.12509 0.12503 0.12497 0.12490 0.12482 0.12470 0.00001 ( 1)  0.477
   4 Y   0.12550 0.12529 0.12516 0.12505 0.12495 0.12484 0.12471 0.12450 0.00001 ( 1)  0.477
   5 Y   0.12568 0.12540 0.12522 0.12507 0.12493 0.12478 0.12460 0.12431 0.00001 ( 1)  0.477
   6 L   0.12553 0.12531 0.12517 0.12505 0.12494 0.12483 0.12469 0.12446 0.00001 ( 1)  0.477
   7 T   0.12563 0.12537 0.12520 0.12506 0.12493 0.12480 0.12463 0.12437 0.00001 ( 1)  0.477
   8 L   0.12554 0.12531 0.12517 0.12505 0.12494 0.12483 0.12468 0.12446 0.00001 ( 1)  0.477
   9 S   0.12583 0.12548 0.12526 0.12508 0.12491 0.12473 0.12452 0.12417 0.00001 ( 1)  0.477
  10 S   0.12552 0.12530 0.12517 0.12505 0.12495 0.12483 0.12470 0.12448 0.00001 ( 1)  0.477
  11 K   0.12533 0.12519 0.12510 0.12503 0.12497 0.12489 0.12481 0.12467 0.00001 ( 1)  0.477
  12 F   0.12572 0.12541 0.12523 0.12507 0.12493 0.12477 0.12458 0.12428 0.00001 ( 1)  0.477
  13 F   0.12595 0.12555 0.12530 0.12510 0.12490 0.12469 0.12445 0.12405 0.00001 ( 1)  0.477
  14 S   0.12552 0.12530 0.12517 0.12505 0.12495 0.12483 0.12470 0.12448 0.00001 ( 1)  0.477
  15 T   0.12563 0.12537 0.12520 0.12506 0.12493 0.12480 0.12463 0.12437 0.00001 ( 1)  0.477
  16 F   0.12572 0.12541 0.12523 0.12507 0.12493 0.12477 0.12458 0.12428 0.00001 ( 1)  0.477
  17 P   0.12582 0.12547 0.12526 0.12508 0.12491 0.12474 0.12452 0.12418 0.00001 ( 1)  0.477
  18 H   0.12563 0.12536 0.12520 0.12506 0.12493 0.12480 0.12464 0.12437 0.00001 ( 1)  0.477
  19 G   0.12539 0.12522 0.12512 0.12504 0.12496 0.12487 0.12477 0.12461 0.00001 ( 1)  0.477
  20 T   0.12563 0.12537 0.12520 0.12506 0.12493 0.12480 0.12463 0.12437 0.00001 ( 1)  0.477
  21 C   0.12580 0.12546 0.12525 0.12508 0.12492 0.12474 0.12454 0.12420 0.00001 ( 1)  0.477
  22 L   0.12540 0.12523 0.12513 0.12504 0.12496 0.12487 0.12477 0.12460 0.00001 ( 1)  0.477
  23 L   0.12529 0.12517 0.12509 0.12503 0.12497 0.12490 0.12483 0.12470 0.00001 ( 1)  0.477
  24 S   0.12545 0.12526 0.12514 0.12505 0.12495 0.12485 0.12474 0.12454 0.00001 ( 1)  0.477
  25 D   0.12548 0.12528 0.12515 0.12505 0.12495 0.12485 0.12472 0.12452 0.00001 ( 1)  0.477
  26 S   0.12552 0.12530 0.12517 0.12505 0.12495 0.12483 0.12470 0.12448 0.00001 ( 1)  0.477
  27 H   0.12563 0.12536 0.12520 0.12506 0.12493 0.12480 0.12464 0.12437 0.00001 ( 1)  0.477
  28 K   0.12534 0.12520 0.12511 0.12503 0.12496 0.12489 0.12480 0.12466 0.00001 ( 1)  0.477
  29 Y   0.12568 0.12540 0.12522 0.12507 0.12493 0.12478 0.12460 0.12431 0.00001 ( 1)  0.477
  30 L   0.12553 0.12531 0.12517 0.12505 0.12494 0.12483 0.12469 0.12446 0.00001 ( 1)  0.477
  31 A   0.12545 0.12526 0.12514 0.12505 0.12495 0.12485 0.12474 0.12455 0.00001 ( 1)  0.477
  32 L   0.12553 0.12531 0.12517 0.12505 0.12494 0.12483 0.12469 0.12446 0.00001 ( 1)  0.477
  33 D   0.12564 0.12537 0.12521 0.12507 0.12493 0.12479 0.12462 0.12435 0.00001 ( 1)  0.477
  34 G   0.12527 0.12515 0.12508 0.12503 0.12497 0.12491 0.12484 0.12473 0.00001 ( 1)  0.477
  35 V   0.12542 0.12524 0.12513 0.12504 0.12496 0.12486 0.12475 0.12457 0.00001 ( 1)  0.477
  36 Y   0.12550 0.12529 0.12516 0.12505 0.12495 0.12484 0.12471 0.12450 0.00001 ( 1)  0.477
  37 H   0.12563 0.12536 0.12520 0.12506 0.12493 0.12480 0.12464 0.12437 0.00001 ( 1)  0.477
  38 P   0.12561 0.12536 0.12520 0.12506 0.12494 0.12480 0.12464 0.12438 0.00001 ( 1)  0.477
  39 I   0.12565 0.12538 0.12521 0.12507 0.12493 0.12479 0.12462 0.12435 0.00001 ( 1)  0.477
  40 W   0.12519 0.12511 0.12506 0.12502 0.12498 0.12494 0.12489 0.12481 0.00001 ( 1)  0.477
  41 T   0.11083 0.11679 0.12047 0.12354 0.12645 0.12952 0.13321 0.13916 0.00002 ( 8)  0.480
  42 A   0.11091 0.11684 0.12050 0.12355 0.12645 0.12950 0.13316 0.13908 0.00002 ( 8)  0.480
  43 F   0.12572 0.12541 0.12523 0.12507 0.12493 0.12477 0.12458 0.12428 0.00001 ( 1)  0.477
  44 S   0.12552 0.12530 0.12517 0.12505 0.12495 0.12483 0.12470 0.12448 0.00001 ( 1)  0.477
  45 N   0.12548 0.12528 0.12515 0.12505 0.12495 0.12485 0.12472 0.12452 0.00001 ( 1)  0.477
  46 N   0.12563 0.12537 0.12520 0.12506 0.12493 0.12480 0.12463 0.12437 0.00001 ( 1)  0.477
  47 P   0.12539 0.12522 0.12512 0.12504 0.12496 0.12487 0.12477 0.12461 0.00001 ( 1)  0.477
  48 T   0.12563 0.12537 0.12520 0.12506 0.12493 0.12480 0.12463 0.12437 0.00001 ( 1)  0.477
  49 H   0.12584 0.12549 0.12527 0.12509 0.12491 0.12473 0.12451 0.12416 0.00001 ( 1)  0.477
  50 R   0.12528 0.12516 0.12509 0.12503 0.12497 0.12491 0.12484 0.12472 0.00001 ( 1)  0.477
  51 K   0.12533 0.12519 0.12510 0.12503 0.12497 0.12489 0.12481 0.12467 0.00001 ( 1)  0.477
  52 H   0.12584 0.12549 0.12527 0.12509 0.12491 0.12473 0.12451 0.12416 0.00001 ( 1)  0.477
  53 Q   0.12530 0.12518 0.12510 0.12503 0.12497 0.12490 0.12482 0.12469 0.00001 ( 1)  0.477

Positively selected sites

	Prob(w>1)  mean w



lnL =  -230.757224

Bayes Empirical Bayes (BEB) probabilities for 11 classes (class) & postmean_w
(amino acids refer to 1st sequence: Smed.10879)

   1 D   0.20588 0.07461 0.06717 0.06381 0.06156 0.05966 0.05794 0.05666 0.05721 0.11767 0.17782 ( 1)  0.820 +-  1.158
   2 F   0.20701 0.07501 0.06748 0.06405 0.06173 0.05977 0.05800 0.05667 0.05718 0.11762 0.17548 ( 1)  0.810 +-  1.139
   3 T   0.19971 0.07244 0.06547 0.06245 0.06050 0.05888 0.05743 0.05639 0.05715 0.11754 0.19201 ( 1)  0.885 +-  1.293
   4 Y   0.20316 0.07365 0.06642 0.06321 0.06108 0.05931 0.05771 0.05653 0.05717 0.11758 0.18418 ( 1)  0.849 +-  1.222
   5 Y   0.20628 0.07475 0.06727 0.06388 0.06159 0.05966 0.05792 0.05661 0.05714 0.11754 0.17736 ( 1)  0.819 +-  1.162
   6 L   0.20388 0.07391 0.06662 0.06337 0.06121 0.05940 0.05778 0.05657 0.05719 0.11762 0.18245 ( 1)  0.841 +-  1.204
   7 T   0.20557 0.07450 0.06708 0.06374 0.06149 0.05960 0.05790 0.05662 0.05719 0.11762 0.17869 ( 1)  0.824 +-  1.169
   8 L   0.20410 0.07398 0.06668 0.06343 0.06126 0.05945 0.05781 0.05660 0.05721 0.11766 0.18182 ( 1)  0.838 +-  1.196
   9 S   0.20863 0.07558 0.06791 0.06437 0.06196 0.05991 0.05806 0.05666 0.05710 0.11748 0.17234 ( 1)  0.798 +-  1.117
  10 S   0.20349 0.07377 0.06651 0.06328 0.06113 0.05934 0.05772 0.05653 0.05716 0.11756 0.18352 ( 1)  0.847 +-  1.218
  11 K   0.20023 0.07263 0.06562 0.06257 0.06060 0.05896 0.05748 0.05642 0.05717 0.11757 0.19076 ( 1)  0.879 +-  1.280
  12 F   0.20701 0.07501 0.06748 0.06405 0.06173 0.05977 0.05800 0.05667 0.05718 0.11762 0.17548 ( 1)  0.810 +-  1.139
  13 F   0.21073 0.07633 0.06849 0.06483 0.06231 0.06015 0.05821 0.05672 0.05709 0.11746 0.16768 ( 1)  0.777 +-  1.071
  14 S   0.20349 0.07377 0.06651 0.06328 0.06113 0.05934 0.05772 0.05653 0.05716 0.11756 0.18352 ( 1)  0.847 +-  1.218
  15 T   0.20557 0.07450 0.06708 0.06374 0.06149 0.05960 0.05790 0.05662 0.05719 0.11762 0.17869 ( 1)  0.824 +-  1.169
  16 F   0.20701 0.07501 0.06748 0.06405 0.06173 0.05977 0.05800 0.05667 0.05718 0.11762 0.17548 ( 1)  0.810 +-  1.139
  17 P   0.20866 0.07559 0.06793 0.06440 0.06200 0.05995 0.05811 0.05671 0.05716 0.11758 0.17190 ( 1)  0.794 +-  1.106
  18 H   0.20555 0.07449 0.06708 0.06374 0.06150 0.05961 0.05791 0.05664 0.05721 0.11766 0.17861 ( 1)  0.824 +-  1.166
  19 G   0.20142 0.07304 0.06595 0.06284 0.06081 0.05912 0.05760 0.05649 0.05720 0.11763 0.18791 ( 1)  0.866 +-  1.252
  20 T   0.20557 0.07450 0.06708 0.06374 0.06149 0.05960 0.05790 0.05662 0.05719 0.11762 0.17869 ( 1)  0.824 +-  1.169
  21 C   0.20846 0.07552 0.06788 0.06437 0.06198 0.05995 0.05812 0.05673 0.05720 0.11764 0.17214 ( 1)  0.795 +-  1.105
  22 L   0.20160 0.07310 0.06600 0.06288 0.06083 0.05913 0.05760 0.05649 0.05719 0.11761 0.18758 ( 1)  0.864 +-  1.250
  23 L   0.19959 0.07240 0.06544 0.06243 0.06048 0.05887 0.05742 0.05638 0.05715 0.11753 0.19230 ( 1)  0.887 +-  1.295
  24 S   0.20243 0.07339 0.06622 0.06305 0.06096 0.05922 0.05765 0.05650 0.05717 0.11758 0.18584 ( 1)  0.857 +-  1.237
  25 D   0.20303 0.07360 0.06639 0.06319 0.06108 0.05932 0.05773 0.05656 0.05721 0.11766 0.18424 ( 1)  0.849 +-  1.218
  26 S   0.20349 0.07377 0.06651 0.06328 0.06113 0.05934 0.05772 0.05653 0.05716 0.11756 0.18352 ( 1)  0.847 +-  1.218
  27 H   0.20555 0.07449 0.06708 0.06374 0.06150 0.05961 0.05791 0.05664 0.05721 0.11766 0.17861 ( 1)  0.824 +-  1.166
  28 K   0.20030 0.07265 0.06563 0.06257 0.06059 0.05894 0.05746 0.05639 0.05713 0.11750 0.19084 ( 1)  0.881 +-  1.285
  29 Y   0.20628 0.07475 0.06727 0.06388 0.06159 0.05966 0.05792 0.05661 0.05714 0.11754 0.17736 ( 1)  0.819 +-  1.162
  30 L   0.20388 0.07391 0.06662 0.06337 0.06121 0.05940 0.05778 0.05657 0.05719 0.11762 0.18245 ( 1)  0.841 +-  1.204
  31 A   0.20252 0.07343 0.06625 0.06308 0.06099 0.05925 0.05768 0.05653 0.05720 0.11764 0.18541 ( 1)  0.854 +-  1.229
  32 L   0.20388 0.07391 0.06662 0.06337 0.06121 0.05940 0.05778 0.05657 0.05719 0.11762 0.18245 ( 1)  0.841 +-  1.204
  33 D   0.20588 0.07461 0.06717 0.06381 0.06156 0.05966 0.05794 0.05666 0.05721 0.11767 0.17782 ( 1)  0.820 +-  1.158
  34 G   0.19914 0.07225 0.06532 0.06233 0.06041 0.05881 0.05739 0.05637 0.05715 0.11753 0.19331 ( 1)  0.891 +-  1.304
  35 V   0.20203 0.07326 0.06612 0.06297 0.06091 0.05919 0.05765 0.05651 0.05720 0.11763 0.18652 ( 1)  0.859 +-  1.239
  36 Y   0.20316 0.07365 0.06642 0.06321 0.06108 0.05931 0.05771 0.05653 0.05717 0.11758 0.18418 ( 1)  0.849 +-  1.222
  37 H   0.20555 0.07449 0.06708 0.06374 0.06150 0.05961 0.05791 0.05664 0.05721 0.11766 0.17861 ( 1)  0.824 +-  1.166
  38 P   0.20531 0.07441 0.06702 0.06369 0.06146 0.05958 0.05789 0.05663 0.05720 0.11765 0.17917 ( 1)  0.826 +-  1.172
  39 I   0.20593 0.07463 0.06719 0.06382 0.06156 0.05965 0.05794 0.05665 0.05720 0.11764 0.17779 ( 1)  0.820 +-  1.160
  40 W   0.19765 0.07172 0.06490 0.06199 0.06014 0.05861 0.05724 0.05627 0.05710 0.11744 0.19694 ( 1)  0.909 +-  1.339
  41 T   0.01815 0.01671 0.02408 0.03116 0.03783 0.04396 0.04951 0.05463 0.06059 0.12307 0.54031 (11)  2.532 +-  2.674
  42 A   0.01874 0.01715 0.02466 0.03185 0.03860 0.04479 0.05036 0.05548 0.06144 0.12449 0.53244 (11)  2.486 +-  2.645
  43 F   0.20701 0.07501 0.06748 0.06405 0.06173 0.05977 0.05800 0.05667 0.05718 0.11762 0.17548 ( 1)  0.810 +-  1.139
  44 S   0.20349 0.07377 0.06651 0.06328 0.06113 0.05934 0.05772 0.05653 0.05716 0.11756 0.18352 ( 1)  0.847 +-  1.218
  45 N   0.20300 0.07360 0.06638 0.06318 0.06107 0.05931 0.05772 0.05655 0.05720 0.11764 0.18435 ( 1)  0.850 +-  1.220
  46 N   0.20559 0.07451 0.06709 0.06375 0.06150 0.05961 0.05791 0.05663 0.05720 0.11764 0.17858 ( 1)  0.824 +-  1.167
  47 P   0.20134 0.07301 0.06592 0.06282 0.06079 0.05910 0.05758 0.05648 0.05719 0.11760 0.18817 ( 1)  0.867 +-  1.256
  48 T   0.20557 0.07450 0.06708 0.06374 0.06149 0.05960 0.05790 0.05662 0.05719 0.11762 0.17869 ( 1)  0.824 +-  1.169
  49 H   0.20903 0.07572 0.06803 0.06448 0.06205 0.05999 0.05813 0.05672 0.05716 0.11757 0.17111 ( 1)  0.791 +-  1.099
  50 R   0.19934 0.07231 0.06537 0.06237 0.06044 0.05884 0.05741 0.05638 0.05715 0.11754 0.19284 ( 1)  0.889 +-  1.299
  51 K   0.20023 0.07263 0.06562 0.06257 0.06060 0.05896 0.05748 0.05642 0.05717 0.11757 0.19076 ( 1)  0.879 +-  1.280
  52 H   0.20903 0.07572 0.06803 0.06448 0.06205 0.05999 0.05813 0.05672 0.05716 0.11757 0.17111 ( 1)  0.791 +-  1.099
  53 Q   0.19983 0.07248 0.06551 0.06248 0.06052 0.05890 0.05745 0.05640 0.05716 0.11755 0.19172 ( 1)  0.884 +-  1.289

Positively selected sites

	Prob(w>1)  mean w

    41 T      0.540         2.532 +- 2.674
    42 A      0.532         2.486 +- 2.645

