Supplemental results for CODEML (seqf: algn  treef: tree)


dN/dS (w) for site classes (K=3)

p:   1.00000  0.00000  0.00000
w:   0.00000  1.00000  1.00000

Naive Empirical Bayes (NEB) probabilities for 3 classes & postmean_w
(amino acids refer to 1st sequence: Mlig.18658)

   1 T   1.00000 0.00000 0.00000 ( 1)  0.000
   2 S   1.00000 0.00000 0.00000 ( 1)  0.000
   3 S   1.00000 0.00000 0.00000 ( 1)  0.000
   4 M   1.00000 0.00000 0.00000 ( 1)  0.000
   5 A   1.00000 0.00000 0.00000 ( 1)  0.000
   6 S   1.00000 0.00000 0.00000 ( 1)  0.000
   7 T   1.00000 0.00000 0.00000 ( 1)  0.000
   8 R   1.00000 0.00000 0.00000 ( 1)  0.000
   9 H   1.00000 0.00000 0.00000 ( 1)  0.000
  10 R   1.00000 0.00000 0.00000 ( 1)  0.000
  11 G   1.00000 0.00000 0.00000 ( 1)  0.000
  12 G   1.00000 0.00000 0.00000 ( 1)  0.000
  13 G   1.00000 0.00000 0.00000 ( 1)  0.000
  14 A   1.00000 0.00000 0.00000 ( 1)  0.000
  15 N   1.00000 0.00000 0.00000 ( 1)  0.000
  16 A   1.00000 0.00000 0.00000 ( 1)  0.000
  17 S   1.00000 0.00000 0.00000 ( 1)  0.000
  18 F   1.00000 0.00000 0.00000 ( 1)  0.000
  19 N   1.00000 0.00000 0.00000 ( 1)  0.000
  20 D   1.00000 0.00000 0.00000 ( 1)  0.000
  21 S   1.00000 0.00000 0.00000 ( 1)  0.000
  22 G   1.00000 0.00000 0.00000 ( 1)  0.000
  23 T   1.00000 0.00000 0.00000 ( 1)  0.000
  24 T   1.00000 0.00000 0.00000 ( 1)  0.000
  25 S   1.00000 0.00000 0.00000 ( 1)  0.000
  26 P   1.00000 0.00000 0.00000 ( 1)  0.000
  27 D   1.00000 0.00000 0.00000 ( 1)  0.000
  28 S   1.00000 0.00000 0.00000 ( 1)  0.000
  29 A   1.00000 0.00000 0.00000 ( 1)  0.000
  30 A   1.00000 0.00000 0.00000 ( 1)  0.000
  31 K   1.00000 0.00000 0.00000 ( 1)  0.000
  32 K   1.00000 0.00000 0.00000 ( 1)  0.000
  33 P   1.00000 0.00000 0.00000 ( 1)  0.000
  34 S   1.00000 0.00000 0.00000 ( 1)  0.000
  35 L   1.00000 0.00000 0.00000 ( 1)  0.000
  36 S   1.00000 0.00000 0.00000 ( 1)  0.000
  37 E   1.00000 0.00000 0.00000 ( 1)  0.000
  38 T   1.00000 0.00000 0.00000 ( 1)  0.000
  39 F   1.00000 0.00000 0.00000 ( 1)  0.000
  40 A   1.00000 0.00000 0.00000 ( 1)  0.000
  41 R   1.00000 0.00000 0.00000 ( 1)  0.000
  42 S   1.00000 0.00000 0.00000 ( 1)  0.000
  43 L   1.00000 0.00000 0.00000 ( 1)  0.000
  44 R   1.00000 0.00000 0.00000 ( 1)  0.000
  45 P   1.00000 0.00000 0.00000 ( 1)  0.000
  46 K   1.00000 0.00000 0.00000 ( 1)  0.000
  47 A   1.00000 0.00000 0.00000 ( 1)  0.000
  48 D   1.00000 0.00000 0.00000 ( 1)  0.000
  49 W   1.00000 0.00000 0.00000 ( 1)  0.000
  50 S   1.00000 0.00000 0.00000 ( 1)  0.000
  51 S   1.00000 0.00000 0.00000 ( 1)  0.000
  52 K   1.00000 0.00000 0.00000 ( 1)  0.000
  53 D   1.00000 0.00000 0.00000 ( 1)  0.000
  54 E   1.00000 0.00000 0.00000 ( 1)  0.000
  55 L   1.00000 0.00000 0.00000 ( 1)  0.000
  56 L   1.00000 0.00000 0.00000 ( 1)  0.000
  57 D   1.00000 0.00000 0.00000 ( 1)  0.000
  58 V   1.00000 0.00000 0.00000 ( 1)  0.000
  59 V   1.00000 0.00000 0.00000 ( 1)  0.000
  60 Y   1.00000 0.00000 0.00000 ( 1)  0.000
  61 W   1.00000 0.00000 0.00000 ( 1)  0.000
  62 Q   1.00000 0.00000 0.00000 ( 1)  0.000
  63 R   1.00000 0.00000 0.00000 ( 1)  0.000
  64 Q   1.00000 0.00000 0.00000 ( 1)  0.000
  65 L   1.00000 0.00000 0.00000 ( 1)  0.000
  66 L   1.00000 0.00000 0.00000 ( 1)  0.000
  67 S   1.00000 0.00000 0.00000 ( 1)  0.000
  68 A   1.00000 0.00000 0.00000 ( 1)  0.000
  69 V   1.00000 0.00000 0.00000 ( 1)  0.000
  70 L   1.00000 0.00000 0.00000 ( 1)  0.000
  71 G   1.00000 0.00000 0.00000 ( 1)  0.000
  72 L   1.00000 0.00000 0.00000 ( 1)  0.000
  73 V   1.00000 0.00000 0.00000 ( 1)  0.000
  74 W   1.00000 0.00000 0.00000 ( 1)  0.000
  75 G   1.00000 0.00000 0.00000 ( 1)  0.000
  76 L   1.00000 0.00000 0.00000 ( 1)  0.000
  77 L   1.00000 0.00000 0.00000 ( 1)  0.000
  78 P   1.00000 0.00000 0.00000 ( 1)  0.000
  79 L   1.00000 0.00000 0.00000 ( 1)  0.000
  80 K   1.00000 0.00000 0.00000 ( 1)  0.000
  81 G   1.00000 0.00000 0.00000 ( 1)  0.000
  82 I   1.00000 0.00000 0.00000 ( 1)  0.000
  83 V   1.00000 0.00000 0.00000 ( 1)  0.000
  84 G   1.00000 0.00000 0.00000 ( 1)  0.000
  85 L   1.00000 0.00000 0.00000 ( 1)  0.000
  86 G   1.00000 0.00000 0.00000 ( 1)  0.000
  87 L   1.00000 0.00000 0.00000 ( 1)  0.000
  88 F   1.00000 0.00000 0.00000 ( 1)  0.000
  89 F   1.00000 0.00000 0.00000 ( 1)  0.000
  90 L   1.00000 0.00000 0.00000 ( 1)  0.000
  91 I   1.00000 0.00000 0.00000 ( 1)  0.000
  92 N   1.00000 0.00000 0.00000 ( 1)  0.000
  93 C   1.00000 0.00000 0.00000 ( 1)  0.000
  94 A   1.00000 0.00000 0.00000 ( 1)  0.000
  95 A   1.00000 0.00000 0.00000 ( 1)  0.000
  96 V   1.00000 0.00000 0.00000 ( 1)  0.000
  97 Y   1.00000 0.00000 0.00000 ( 1)  0.000
  98 A   1.00000 0.00000 0.00000 ( 1)  0.000
  99 Y   1.00000 0.00000 0.00000 ( 1)  0.000
 100 T   1.00000 0.00000 0.00000 ( 1)  0.000
 101 C   1.00000 0.00000 0.00000 ( 1)  0.000
 102 L   1.00000 0.00000 0.00000 ( 1)  0.000
 103 F   1.00000 0.00000 0.00000 ( 1)  0.000
 104 Q   1.00000 0.00000 0.00000 ( 1)  0.000
 105 G   1.00000 0.00000 0.00000 ( 1)  0.000
 106 V   1.00000 0.00000 0.00000 ( 1)  0.000
 107 D   1.00000 0.00000 0.00000 ( 1)  0.000
 108 E   1.00000 0.00000 0.00000 ( 1)  0.000
 109 E   1.00000 0.00000 0.00000 ( 1)  0.000
 110 E   1.00000 0.00000 0.00000 ( 1)  0.000
 111 Y   1.00000 0.00000 0.00000 ( 1)  0.000
 112 G   1.00000 0.00000 0.00000 ( 1)  0.000
 113 G   1.00000 0.00000 0.00000 ( 1)  0.000
 114 M   1.00000 0.00000 0.00000 ( 1)  0.000
 115 G   1.00000 0.00000 0.00000 ( 1)  0.000
 116 E   1.00000 0.00000 0.00000 ( 1)  0.000
 117 I   1.00000 0.00000 0.00000 ( 1)  0.000
 118 L   1.00000 0.00000 0.00000 ( 1)  0.000
 119 K   1.00000 0.00000 0.00000 ( 1)  0.000
 120 E   1.00000 0.00000 0.00000 ( 1)  0.000
 121 G   1.00000 0.00000 0.00000 ( 1)  0.000
 122 L   1.00000 0.00000 0.00000 ( 1)  0.000
 123 M   1.00000 0.00000 0.00000 ( 1)  0.000
 124 T   1.00000 0.00000 0.00000 ( 1)  0.000
 125 S   1.00000 0.00000 0.00000 ( 1)  0.000
 126 F   1.00000 0.00000 0.00000 ( 1)  0.000
 127 A   1.00000 0.00000 0.00000 ( 1)  0.000
 128 S   1.00000 0.00000 0.00000 ( 1)  0.000
 129 F   1.00000 0.00000 0.00000 ( 1)  0.000
 130 L   1.00000 0.00000 0.00000 ( 1)  0.000
 131 V   1.00000 0.00000 0.00000 ( 1)  0.000
 132 L   1.00000 0.00000 0.00000 ( 1)  0.000
 133 W   1.00000 0.00000 0.00000 ( 1)  0.000
 134 I   1.00000 0.00000 0.00000 ( 1)  0.000
 135 I   1.00000 0.00000 0.00000 ( 1)  0.000
 136 V   1.00000 0.00000 0.00000 ( 1)  0.000
 137 Y   1.00000 0.00000 0.00000 ( 1)  0.000
 138 D   1.00000 0.00000 0.00000 ( 1)  0.000
 139 H   1.00000 0.00000 0.00000 ( 1)  0.000
 140 C   1.00000 0.00000 0.00000 ( 1)  0.000
 141 H   1.00000 0.00000 0.00000 ( 1)  0.000
 142 A   1.00000 0.00000 0.00000 ( 1)  0.000
 143 G   1.00000 0.00000 0.00000 ( 1)  0.000
 144 D   1.00000 0.00000 0.00000 ( 1)  0.000
 145 G   1.00000 0.00000 0.00000 ( 1)  0.000
 146 S   1.00000 0.00000 0.00000 ( 1)  0.000
 147 G   1.00000 0.00000 0.00000 ( 1)  0.000
 148 L   1.00000 0.00000 0.00000 ( 1)  0.000
 149 S   1.00000 0.00000 0.00000 ( 1)  0.000
 150 G   1.00000 0.00000 0.00000 ( 1)  0.000
 151 V   1.00000 0.00000 0.00000 ( 1)  0.000
 152 E   1.00000 0.00000 0.00000 ( 1)  0.000
 153 S   1.00000 0.00000 0.00000 ( 1)  0.000
 154 G   1.00000 0.00000 0.00000 ( 1)  0.000
 155 I   1.00000 0.00000 0.00000 ( 1)  0.000

Positively selected sites

	Prob(w>1)  mean w



lnL =  -624.251242

Bayes Empirical Bayes (BEB) probabilities for 3 classes (class) & postmean_w
(amino acids refer to 1st sequence: Mlig.18658)

   1 T   0.33454 0.33423 0.33123 ( 1)  2.479 +-  2.973
   2 S   0.33455 0.33424 0.33121 ( 1)  2.479 +-  2.973
   3 S   0.33455 0.33424 0.33121 ( 1)  2.479 +-  2.973
   4 M   0.33454 0.33424 0.33122 ( 1)  2.479 +-  2.973
   5 A   0.33453 0.33423 0.33124 ( 1)  2.479 +-  2.973
   6 S   0.33453 0.33422 0.33125 ( 1)  2.479 +-  2.973
   7 T   0.33454 0.33423 0.33123 ( 1)  2.479 +-  2.973
   8 R   0.33453 0.33423 0.33124 ( 1)  2.479 +-  2.973
   9 H   0.33455 0.33424 0.33122 ( 1)  2.479 +-  2.973
  10 R   0.33453 0.33423 0.33125 ( 1)  2.479 +-  2.973
  11 G   0.33455 0.33424 0.33121 ( 1)  2.479 +-  2.973
  12 G   0.33453 0.33423 0.33124 ( 1)  2.479 +-  2.973
  13 G   0.33455 0.33424 0.33121 ( 1)  2.479 +-  2.973
  14 A   0.33455 0.33424 0.33121 ( 1)  2.479 +-  2.973
  15 N   0.33455 0.33424 0.33121 ( 1)  2.479 +-  2.973
  16 A   0.33454 0.33423 0.33123 ( 1)  2.479 +-  2.973
  17 S   0.33453 0.33423 0.33124 ( 1)  2.479 +-  2.973
  18 F   0.33454 0.33424 0.33122 ( 1)  2.479 +-  2.973
  19 N   0.33455 0.33424 0.33121 ( 1)  2.479 +-  2.973
  20 D   0.33456 0.33425 0.33119 ( 1)  2.479 +-  2.973
  21 S   0.33453 0.33423 0.33124 ( 1)  2.479 +-  2.973
  22 G   0.33455 0.33424 0.33121 ( 1)  2.479 +-  2.973
  23 T   0.33454 0.33423 0.33123 ( 1)  2.479 +-  2.973
  24 T   0.33454 0.33423 0.33123 ( 1)  2.479 +-  2.973
  25 S   0.33454 0.33423 0.33123 ( 1)  2.479 +-  2.973
  26 P   0.33453 0.33423 0.33124 ( 1)  2.479 +-  2.973
  27 D   0.33456 0.33425 0.33119 ( 1)  2.479 +-  2.973
  28 S   0.33453 0.33423 0.33124 ( 1)  2.479 +-  2.973
  29 A   0.33455 0.33424 0.33121 ( 1)  2.479 +-  2.973
  30 A   0.33453 0.33423 0.33124 ( 1)  2.479 +-  2.973
  31 K   0.33454 0.33423 0.33123 ( 1)  2.479 +-  2.973
  32 K   0.33454 0.33423 0.33123 ( 1)  2.479 +-  2.973
  33 P   0.33454 0.33423 0.33123 ( 1)  2.479 +-  2.973
  34 S   0.33455 0.33424 0.33121 ( 1)  2.479 +-  2.973
  35 L   0.33454 0.33423 0.33123 ( 1)  2.479 +-  2.973
  36 S   0.33453 0.33423 0.33124 ( 1)  2.479 +-  2.973
  37 E   0.33455 0.33424 0.33121 ( 1)  2.479 +-  2.973
  38 T   0.33454 0.33423 0.33123 ( 1)  2.479 +-  2.973
  39 F   0.33454 0.33424 0.33122 ( 1)  2.479 +-  2.973
  40 A   0.33453 0.33423 0.33124 ( 1)  2.479 +-  2.973
  41 R   0.33454 0.33424 0.33122 ( 1)  2.479 +-  2.973
  42 S   0.33454 0.33424 0.33122 ( 1)  2.479 +-  2.973
  43 L   0.33454 0.33424 0.33122 ( 1)  2.479 +-  2.973
  44 R   0.33453 0.33423 0.33124 ( 1)  2.479 +-  2.973
  45 P   0.33454 0.33423 0.33123 ( 1)  2.479 +-  2.973
  46 K   0.33453 0.33423 0.33123 ( 1)  2.479 +-  2.973
  47 A   0.33455 0.33424 0.33121 ( 1)  2.479 +-  2.973
  48 D   0.33455 0.33424 0.33122 ( 1)  2.479 +-  2.973
  49 W   0.33455 0.33424 0.33121 ( 1)  2.479 +-  2.973
  50 S   0.33454 0.33423 0.33123 ( 1)  2.479 +-  2.973
  51 S   0.33455 0.33424 0.33121 ( 1)  2.479 +-  2.973
  52 K   0.33454 0.33423 0.33123 ( 1)  2.479 +-  2.973
  53 D   0.33456 0.33425 0.33119 ( 1)  2.479 +-  2.973
  54 E   0.33455 0.33424 0.33121 ( 1)  2.479 +-  2.973
  55 L   0.33454 0.33423 0.33123 ( 1)  2.479 +-  2.973
  56 L   0.33454 0.33423 0.33123 ( 1)  2.479 +-  2.973
  57 D   0.33455 0.33424 0.33122 ( 1)  2.479 +-  2.973
  58 V   0.33454 0.33423 0.33123 ( 1)  2.479 +-  2.973
  59 V   0.33455 0.33424 0.33121 ( 1)  2.479 +-  2.973
  60 Y   0.33453 0.33423 0.33124 ( 1)  2.479 +-  2.973
  61 W   0.33455 0.33424 0.33121 ( 1)  2.479 +-  2.973
  62 Q   0.33454 0.33423 0.33123 ( 1)  2.479 +-  2.973
  63 R   0.33453 0.33423 0.33124 ( 1)  2.479 +-  2.973
  64 Q   0.33454 0.33423 0.33123 ( 1)  2.479 +-  2.973
  65 L   0.33455 0.33424 0.33121 ( 1)  2.479 +-  2.973
  66 L   0.33454 0.33423 0.33123 ( 1)  2.479 +-  2.973
  67 S   0.33453 0.33422 0.33125 ( 1)  2.479 +-  2.973
  68 A   0.33453 0.33423 0.33124 ( 1)  2.479 +-  2.973
  69 V   0.33454 0.33423 0.33123 ( 1)  2.479 +-  2.973
  70 L   0.33453 0.33423 0.33124 ( 1)  2.479 +-  2.973
  71 G   0.33455 0.33424 0.33121 ( 1)  2.479 +-  2.973
  72 L   0.33453 0.33423 0.33124 ( 1)  2.479 +-  2.973
  73 V   0.33455 0.33424 0.33121 ( 1)  2.479 +-  2.973
  74 W   0.33455 0.33424 0.33121 ( 1)  2.479 +-  2.973
  75 G   0.33453 0.33423 0.33123 ( 1)  2.479 +-  2.973
  76 L   0.33454 0.33423 0.33123 ( 1)  2.479 +-  2.973
  77 L   0.33453 0.33423 0.33124 ( 1)  2.479 +-  2.973
  78 P   0.33453 0.33423 0.33124 ( 1)  2.479 +-  2.973
  79 L   0.33455 0.33424 0.33121 ( 1)  2.479 +-  2.973
  80 K   0.33453 0.33423 0.33123 ( 1)  2.479 +-  2.973
  81 G   0.33453 0.33423 0.33123 ( 1)  2.479 +-  2.973
  82 I   0.33455 0.33424 0.33121 ( 1)  2.479 +-  2.973
  83 V   0.33453 0.33423 0.33124 ( 1)  2.479 +-  2.973
  84 G   0.33453 0.33423 0.33124 ( 1)  2.479 +-  2.973
  85 L   0.33455 0.33424 0.33121 ( 1)  2.479 +-  2.973
  86 G   0.33455 0.33424 0.33121 ( 1)  2.479 +-  2.973
  87 L   0.33454 0.33423 0.33123 ( 1)  2.479 +-  2.973
  88 F   0.33456 0.33425 0.33119 ( 1)  2.479 +-  2.973
  89 F   0.33456 0.33425 0.33119 ( 1)  2.479 +-  2.973
  90 L   0.33455 0.33424 0.33121 ( 1)  2.479 +-  2.973
  91 I   0.33455 0.33424 0.33121 ( 1)  2.479 +-  2.973
  92 N   0.33455 0.33424 0.33121 ( 1)  2.479 +-  2.973
  93 C   0.33455 0.33424 0.33120 ( 1)  2.479 +-  2.973
  94 A   0.33455 0.33424 0.33121 ( 1)  2.479 +-  2.973
  95 A   0.33453 0.33423 0.33124 ( 1)  2.479 +-  2.973
  96 V   0.33454 0.33423 0.33123 ( 1)  2.479 +-  2.973
  97 Y   0.33455 0.33424 0.33121 ( 1)  2.479 +-  2.973
  98 A   0.33455 0.33424 0.33121 ( 1)  2.479 +-  2.973
  99 Y   0.33455 0.33424 0.33121 ( 1)  2.479 +-  2.973
 100 T   0.33454 0.33423 0.33123 ( 1)  2.479 +-  2.973
 101 C   0.33455 0.33424 0.33120 ( 1)  2.479 +-  2.973
 102 L   0.33454 0.33423 0.33123 ( 1)  2.479 +-  2.973
 103 F   0.33456 0.33425 0.33119 ( 1)  2.479 +-  2.973
 104 Q   0.33454 0.33423 0.33123 ( 1)  2.479 +-  2.973
 105 G   0.33455 0.33424 0.33121 ( 1)  2.479 +-  2.973
 106 V   0.33454 0.33423 0.33123 ( 1)  2.479 +-  2.973
 107 D   0.33456 0.33425 0.33119 ( 1)  2.479 +-  2.973
 108 E   0.33455 0.33424 0.33121 ( 1)  2.479 +-  2.973
 109 E   0.33454 0.33424 0.33122 ( 1)  2.479 +-  2.973
 110 E   0.33455 0.33424 0.33121 ( 1)  2.479 +-  2.973
 111 Y   0.33453 0.33423 0.33124 ( 1)  2.479 +-  2.973
 112 G   0.33455 0.33424 0.33121 ( 1)  2.479 +-  2.973
 113 G   0.33453 0.33423 0.33124 ( 1)  2.479 +-  2.973
 114 M   0.33454 0.33424 0.33122 ( 1)  2.479 +-  2.973
 115 G   0.33453 0.33423 0.33124 ( 1)  2.479 +-  2.973
 116 E   0.33454 0.33424 0.33122 ( 1)  2.479 +-  2.973
 117 I   0.33453 0.33423 0.33124 ( 1)  2.479 +-  2.973
 118 L   0.33454 0.33424 0.33122 ( 1)  2.479 +-  2.973
 119 K   0.33454 0.33423 0.33123 ( 1)  2.479 +-  2.973
 120 E   0.33454 0.33424 0.33122 ( 1)  2.479 +-  2.973
 121 G   0.33455 0.33424 0.33121 ( 1)  2.479 +-  2.973
 122 L   0.33455 0.33424 0.33121 ( 1)  2.479 +-  2.973
 123 M   0.33454 0.33424 0.33122 ( 1)  2.479 +-  2.973
 124 T   0.33453 0.33423 0.33124 ( 1)  2.479 +-  2.973
 125 S   0.33453 0.33423 0.33124 ( 1)  2.479 +-  2.973
 126 F   0.33454 0.33424 0.33122 ( 1)  2.479 +-  2.973
 127 A   0.33453 0.33423 0.33124 ( 1)  2.479 +-  2.973
 128 S   0.33453 0.33422 0.33125 ( 1)  2.479 +-  2.973
 129 F   0.33456 0.33425 0.33119 ( 1)  2.479 +-  2.973
 130 L   0.33454 0.33423 0.33123 ( 1)  2.479 +-  2.973
 131 V   0.33454 0.33423 0.33123 ( 1)  2.479 +-  2.973
 132 L   0.33454 0.33423 0.33123 ( 1)  2.479 +-  2.973
 133 W   0.33455 0.33424 0.33121 ( 1)  2.479 +-  2.973
 134 I   0.33454 0.33423 0.33123 ( 1)  2.479 +-  2.973
 135 I   0.33455 0.33424 0.33121 ( 1)  2.479 +-  2.973
 136 V   0.33454 0.33423 0.33123 ( 1)  2.479 +-  2.973
 137 Y   0.33455 0.33424 0.33121 ( 1)  2.479 +-  2.973
 138 D   0.33455 0.33424 0.33122 ( 1)  2.479 +-  2.973
 139 H   0.33455 0.33424 0.33122 ( 1)  2.479 +-  2.973
 140 C   0.33454 0.33423 0.33123 ( 1)  2.479 +-  2.973
 141 H   0.33455 0.33424 0.33122 ( 1)  2.479 +-  2.973
 142 A   0.33455 0.33424 0.33121 ( 1)  2.479 +-  2.973
 143 G   0.33453 0.33423 0.33124 ( 1)  2.479 +-  2.973
 144 D   0.33456 0.33425 0.33119 ( 1)  2.479 +-  2.973
 145 G   0.33455 0.33424 0.33121 ( 1)  2.479 +-  2.973
 146 S   0.33453 0.33423 0.33124 ( 1)  2.479 +-  2.973
 147 G   0.33453 0.33423 0.33123 ( 1)  2.479 +-  2.973
 148 L   0.33455 0.33424 0.33121 ( 1)  2.479 +-  2.973
 149 S   0.33454 0.33423 0.33123 ( 1)  2.479 +-  2.973
 150 G   0.33455 0.33424 0.33121 ( 1)  2.479 +-  2.973
 151 V   0.33454 0.33423 0.33123 ( 1)  2.479 +-  2.973
 152 E   0.33454 0.33424 0.33122 ( 1)  2.479 +-  2.973
 153 S   0.33453 0.33423 0.33124 ( 1)  2.479 +-  2.973
 154 G   0.33453 0.33423 0.33124 ( 1)  2.479 +-  2.973
 155 I   0.33454 0.33423 0.33123 ( 1)  2.479 +-  2.973

Positively selected sites

	Prob(w>1)  mean w


