Supplemental results for CODEML (seqf: algn  treef: tree)


dN/dS (w) for site classes (K=2)

p:   0.90135  0.09865
w:   0.00000  1.00000

Naive Empirical Bayes (NEB) probabilities for 2 classes & postmean_w
(amino acids refer to 1st sequence: Mlig.29314)

   1 M   0.90764 0.09236 ( 1)  0.092
   2 S   0.90385 0.09615 ( 1)  0.096
   3 G   0.90496 0.09504 ( 1)  0.095
   4 I   0.90392 0.09608 ( 1)  0.096
   5 G   0.90385 0.09615 ( 1)  0.096
   6 S   0.90505 0.09495 ( 1)  0.095
   7 T   0.90429 0.09571 ( 1)  0.096
   8 L   0.90340 0.09660 ( 1)  0.097
   9 L   0.90333 0.09667 ( 1)  0.097
  10 K   0.90505 0.09495 ( 1)  0.095
  11 K   0.90667 0.09333 ( 1)  0.093
  12 M   0.90764 0.09236 ( 1)  0.092
  13 G   0.90496 0.09504 ( 1)  0.095
  14 W   0.90367 0.09633 ( 1)  0.096
  15 K   0.90505 0.09495 ( 1)  0.095
  16 E   0.90541 0.09459 ( 1)  0.095
  17 G   0.90496 0.09504 ( 1)  0.095
  18 T   0.90429 0.09571 ( 1)  0.096
  19 A   0.90522 0.09478 ( 1)  0.095
  20 I   0.90392 0.09608 ( 1)  0.096
  21 G   0.90648 0.09352 ( 1)  0.094
  22 K   0.90667 0.09333 ( 1)  0.093
  23 S   0.90314 0.09686 ( 1)  0.097
  24 G   0.90496 0.09504 ( 1)  0.095
  25 N   0.90404 0.09596 ( 1)  0.096
  26 G   0.90496 0.09504 ( 1)  0.095
  27 I   0.90650 0.09350 ( 1)  0.094
  28 V   0.90776 0.09224 ( 1)  0.092
  29 E   0.90711 0.09289 ( 1)  0.093
  30 P   0.90378 0.09622 ( 1)  0.096
  31 I   0.90392 0.09608 ( 1)  0.096
  32 K   0.90667 0.09333 ( 1)  0.093
  33 P   0.90428 0.09572 ( 1)  0.096
  34 K   0.90505 0.09495 ( 1)  0.095
  35 L   0.90428 0.09572 ( 1)  0.096
  36 K   0.90571 0.09429 ( 1)  0.094
  37 I   0.90392 0.09608 ( 1)  0.096
  38 G   0.90496 0.09504 ( 1)  0.095
  39 T   0.90429 0.09571 ( 1)  0.096
  40 E   0.90541 0.09459 ( 1)  0.095
  41 G   0.90385 0.09615 ( 1)  0.096
  42 M   0.90764 0.09236 ( 1)  0.092
  43 G   0.90648 0.09352 ( 1)  0.094
  44 F   0.90438 0.09562 ( 1)  0.096
  45 K   0.90505 0.09495 ( 1)  0.095
  46 E   0.90711 0.09289 ( 1)  0.093
  47 S   0.90314 0.09686 ( 1)  0.097
  48 E   0.90711 0.09289 ( 1)  0.093
  49 R   0.90438 0.09562 ( 1)  0.096
  50 L   0.90474 0.09526 ( 1)  0.095
  51 C   0.90437 0.09563 ( 1)  0.096
  52 S   0.90515 0.09485 ( 1)  0.095
  53 G   0.90648 0.09352 ( 1)  0.094
  54 W   0.90367 0.09633 ( 1)  0.096
  55 W   0.90367 0.09633 ( 1)  0.096
  56 M   0.90764 0.09236 ( 1)  0.092
  57 D   0.90701 0.09299 ( 1)  0.093
  58 A   0.90674 0.09326 ( 1)  0.093
  59 F   0.90438 0.09562 ( 1)  0.096
  60 N   0.90655 0.09345 ( 1)  0.093
  61 R   0.90276 0.09724 ( 1)  0.097
  62 A   0.90704 0.09296 ( 1)  0.093
  63 A   0.90674 0.09326 ( 1)  0.093
  64 G   0.90648 0.09352 ( 1)  0.094
  65 A   0.90674 0.09326 ( 1)  0.093
  66 S   0.90505 0.09495 ( 1)  0.095
  67 A   0.90674 0.09326 ( 1)  0.093
  68 S   0.90515 0.09485 ( 1)  0.095
  69 P   0.90476 0.09524 ( 1)  0.095
  70 A   0.90522 0.09478 ( 1)  0.095
  71 T   0.90568 0.09432 ( 1)  0.094
  72 A   0.90674 0.09326 ( 1)  0.093
  73 T   0.90429 0.09571 ( 1)  0.096
  74 A   0.90674 0.09326 ( 1)  0.093
  75 A   0.90522 0.09478 ( 1)  0.095
  76 Q   0.00001 0.99999 ( 2)  1.000
  77 A   0.90522 0.09478 ( 1)  0.095
  78 T   0.90739 0.09261 ( 1)  0.093
  79 A   0.90704 0.09296 ( 1)  0.093
  80 A   0.90704 0.09296 ( 1)  0.093
  81 P   0.90476 0.09524 ( 1)  0.095
  82 V   0.90431 0.09569 ( 1)  0.096
  83 L   0.90428 0.09572 ( 1)  0.096
  84 G   0.90648 0.09352 ( 1)  0.094
  85 R   0.90436 0.09564 ( 1)  0.096
  86 P   0.90476 0.09524 ( 1)  0.095
  87 Y   0.90426 0.09574 ( 1)  0.096
  88 G   0.90648 0.09352 ( 1)  0.094
  89 T   0.90772 0.09228 ( 1)  0.092
  90 A   0.90674 0.09326 ( 1)  0.093
  91 F   0.90438 0.09562 ( 1)  0.096
  92 S   0.90505 0.09495 ( 1)  0.095
  93 A   0.90704 0.09296 ( 1)  0.093
  94 A   0.90674 0.09326 ( 1)  0.093
  95 S   0.90656 0.09344 ( 1)  0.093
  96 A   0.90674 0.09326 ( 1)  0.093
  97 V   0.90742 0.09258 ( 1)  0.093
  98 L   0.90299 0.09701 ( 1)  0.097
  99 C   0.90437 0.09563 ( 1)  0.096
 100 D   0.90701 0.09299 ( 1)  0.093
 101 G   0.90648 0.09352 ( 1)  0.094
 102 R   0.90438 0.09562 ( 1)  0.096
 103 E   0.90711 0.09289 ( 1)  0.093
 104 Q   0.90387 0.09613 ( 1)  0.096
 105 P   0.90495 0.09505 ( 1)  0.095
 106 S   0.90515 0.09485 ( 1)  0.095
 107 G   0.90385 0.09615 ( 1)  0.096
 108 A   0.90522 0.09478 ( 1)  0.095
 109 A   0.90674 0.09326 ( 1)  0.093
 110 P   0.90495 0.09505 ( 1)  0.095
 111 S   0.90515 0.09485 ( 1)  0.095
 112 P   0.90495 0.09505 ( 1)  0.095
 113 A   0.90522 0.09478 ( 1)  0.095
 114 E   0.90711 0.09289 ( 1)  0.093
 115 L   0.90474 0.09526 ( 1)  0.095
 116 P   0.90495 0.09505 ( 1)  0.095
 117 V   0.90776 0.09224 ( 1)  0.092
 118 P   0.90378 0.09622 ( 1)  0.096
 119 A   0.90398 0.09602 ( 1)  0.096
 120 H   0.90308 0.09692 ( 1)  0.097
 121 L   0.90428 0.09572 ( 1)  0.096
 122 P   0.90495 0.09505 ( 1)  0.095
 123 R   0.90436 0.09564 ( 1)  0.096
 124 T   0.90568 0.09432 ( 1)  0.094
 125 P   0.90495 0.09505 ( 1)  0.095
 126 S   0.90515 0.09485 ( 1)  0.095
 127 D   0.90701 0.09299 ( 1)  0.093
 128 A   0.90704 0.09296 ( 1)  0.093
 129 D   0.90438 0.09562 ( 1)  0.096
 130 L   0.90428 0.09572 ( 1)  0.096
 131 L   0.90428 0.09572 ( 1)  0.096
 132 A   0.90704 0.09296 ( 1)  0.093
 133 A   0.90674 0.09326 ( 1)  0.093
 134 C   0.90424 0.09576 ( 1)  0.096
 135 G   0.90648 0.09352 ( 1)  0.094
 136 G   0.90385 0.09615 ( 1)  0.096
 137 R   0.90438 0.09562 ( 1)  0.096
 138 T   0.90772 0.09228 ( 1)  0.092
 139 A   0.90398 0.09602 ( 1)  0.096
 140 H   0.90464 0.09536 ( 1)  0.095
 141 C   0.90437 0.09563 ( 1)  0.096
 142 A   0.90674 0.09326 ( 1)  0.093
 143 A   0.90674 0.09326 ( 1)  0.093
 144 R   0.90495 0.09505 ( 1)  0.095
 145 F   0.90438 0.09562 ( 1)  0.096
 146 G   0.90648 0.09352 ( 1)  0.094
 147 L   0.90340 0.09660 ( 1)  0.097
 148 S   0.90405 0.09595 ( 1)  0.096
 149 L   0.90428 0.09572 ( 1)  0.096
 150 S   0.90515 0.09485 ( 1)  0.095
 151 G   0.90648 0.09352 ( 1)  0.094
 152 K   0.90505 0.09495 ( 1)  0.095
 153 L   0.90474 0.09526 ( 1)  0.095
 154 A   0.90674 0.09326 ( 1)  0.093
 155 R   0.90436 0.09564 ( 1)  0.096
 156 V   0.90431 0.09569 ( 1)  0.096
 157 R   0.90276 0.09724 ( 1)  0.097
 158 A   0.90398 0.09602 ( 1)  0.096
 159 Q   0.90387 0.09613 ( 1)  0.096
 160 D   0.90701 0.09299 ( 1)  0.093
 161 L   0.90474 0.09526 ( 1)  0.095
 162 Q   0.90387 0.09613 ( 1)  0.096
 163 T   0.90568 0.09432 ( 1)  0.094
 164 G   0.90648 0.09352 ( 1)  0.094
 165 G   0.90648 0.09352 ( 1)  0.094
 166 S   0.90656 0.09344 ( 1)  0.093
 167 D   0.90701 0.09299 ( 1)  0.093
 168 S   0.90515 0.09485 ( 1)  0.095
 169 T   0.90772 0.09228 ( 1)  0.092
 170 T   0.90739 0.09261 ( 1)  0.093
 171 E   0.90541 0.09459 ( 1)  0.095
 172 S   0.90385 0.09615 ( 1)  0.096
 173 A   0.90704 0.09296 ( 1)  0.093
 174 G   0.90496 0.09504 ( 1)  0.095
 175 A   0.90522 0.09478 ( 1)  0.095
 176 A   0.90398 0.09602 ( 1)  0.096
 177 V   0.90742 0.09258 ( 1)  0.093
 178 E   0.90541 0.09459 ( 1)  0.095
 179 S   0.90385 0.09615 ( 1)  0.096
 180 T   0.90772 0.09228 ( 1)  0.092
 181 K   0.90505 0.09495 ( 1)  0.095
 182 K   0.90667 0.09333 ( 1)  0.093
 183 S   0.90405 0.09595 ( 1)  0.096
 184 K   0.90505 0.09495 ( 1)  0.095
 185 K   0.90667 0.09333 ( 1)  0.093
 186 A   0.90704 0.09296 ( 1)  0.093
 187 K   0.90505 0.09495 ( 1)  0.095
 188 K   0.90667 0.09333 ( 1)  0.093
 189 R   0.90276 0.09724 ( 1)  0.097
 190 R   0.90663 0.09337 ( 1)  0.093
 191 R   0.90438 0.09562 ( 1)  0.096
 192 E   0.90711 0.09289 ( 1)  0.093
 193 K   0.90505 0.09495 ( 1)  0.095
 194 E   0.90711 0.09289 ( 1)  0.093
 195 A   0.90704 0.09296 ( 1)  0.093
 196 E   0.90610 0.09390 ( 1)  0.094
 197 L   0.90428 0.09572 ( 1)  0.096
 198 E   0.90711 0.09289 ( 1)  0.093
 199 T   0.90739 0.09261 ( 1)  0.093
 200 P   0.90476 0.09524 ( 1)  0.095
 201 S   0.90656 0.09344 ( 1)  0.093
 202 G   0.90648 0.09352 ( 1)  0.094
 203 S   0.90385 0.09615 ( 1)  0.096
 204 V   0.90431 0.09569 ( 1)  0.096
 205 V   0.90742 0.09258 ( 1)  0.093
 206 K   0.90505 0.09495 ( 1)  0.095
 207 A   0.90704 0.09296 ( 1)  0.093
 208 V   0.90431 0.09569 ( 1)  0.096
 209 K   0.90667 0.09333 ( 1)  0.093
 210 M   0.90764 0.09236 ( 1)  0.092
 211 K   0.90667 0.09333 ( 1)  0.093
 212 R   0.90436 0.09564 ( 1)  0.096
 213 K   0.90505 0.09495 ( 1)  0.095
 214 R   0.90276 0.09724 ( 1)  0.097
 215 T   0.90429 0.09571 ( 1)  0.096
 216 R   0.90276 0.09724 ( 1)  0.097
 217 T   0.90429 0.09571 ( 1)  0.096
 218 P   0.90300 0.09700 ( 1)  0.097
 219 D   0.90701 0.09299 ( 1)  0.093
 220 R   0.90495 0.09505 ( 1)  0.095
 221 E   0.90541 0.09459 ( 1)  0.095
 222 E   0.90541 0.09459 ( 1)  0.095
 223 A   0.90398 0.09602 ( 1)  0.096
 224 E   0.90711 0.09289 ( 1)  0.093


lnL =  -926.964667

