Supplemental results for CODEML (seqf: algn  treef: tree)


dN/dS (w) for site classes (K=3)

p:   0.89393  0.00000  0.10607
w:   0.00000  1.00000 103.30814

Naive Empirical Bayes (NEB) probabilities for 3 classes & postmean_w & P(w>1)
(amino acids refer to 1st sequence: Smed.23884)

   1 K   0.98575 0.00000 0.01425 ( 1)  1.473  0.014
   2 D   0.00000 0.00000 1.00000 ( 3) 103.308  1.000
   3 S   0.00000 0.00000 1.00000 ( 3) 103.308  1.000
   4 N   0.00000 0.00000 1.00000 ( 3) 103.308  1.000
   5 K   0.00000 0.00000 1.00000 ( 3) 103.308  1.000
   6 S   0.00000 0.00000 1.00000 ( 3) 103.308  1.000
   7 L   0.99108 0.00000 0.00892 ( 1)  0.921  0.009
   8 E   0.98610 0.00000 0.01390 ( 1)  1.436  0.014
   9 L   0.97568 0.00000 0.02432 ( 1)  2.512  0.024
  10 N   0.98835 0.00000 0.01165 ( 1)  1.204  0.012
  11 P   0.97834 0.00000 0.02166 ( 1)  2.237  0.022
  12 D   0.98877 0.00000 0.01123 ( 1)  1.161  0.011
  13 S   0.97715 0.00000 0.02285 ( 1)  2.360  0.023
  14 V   0.00000 0.00000 1.00000 ( 3) 103.308  1.000
  15 L   0.99108 0.00000 0.00892 ( 1)  0.921  0.009
  16 V   0.98400 0.00000 0.01600 ( 1)  1.653  0.016
  17 Y   0.98130 0.00000 0.01870 ( 1)  1.932  0.019
  18 K   0.98526 0.00000 0.01474 ( 1)  1.523  0.015
  19 F   0.98250 0.00000 0.01750 ( 1)  1.808  0.018
  20 R   0.99142 0.00000 0.00858 ( 1)  0.886  0.009
  21 G   0.99455 0.00000 0.00545 ( 1)  0.563  0.005
  22 I   0.98916 0.00000 0.01084 ( 1)  1.120  0.011
  23 A   0.99015 0.00000 0.00985 ( 1)  1.017  0.010
  24 N   0.98718 0.00000 0.01282 ( 1)  1.324  0.013
  25 K   0.98575 0.00000 0.01425 ( 1)  1.473  0.014
  26 L   0.97568 0.00000 0.02432 ( 1)  2.512  0.024
  27 L   0.97568 0.00000 0.02432 ( 1)  2.512  0.024
  28 G   0.98414 0.00000 0.01586 ( 1)  1.639  0.016
  29 K   0.98575 0.00000 0.01425 ( 1)  1.473  0.014
  30 W   0.95364 0.00000 0.04636 ( 1)  4.790  0.046
  31 I   0.98024 0.00000 0.01976 ( 1)  2.042  0.020
  32 Q   0.98137 0.00000 0.01863 ( 1)  1.925  0.019
  33 S   0.97715 0.00000 0.02285 ( 1)  2.360  0.023
  34 Y   0.96953 0.00000 0.03047 ( 1)  3.148  0.030
  35 Y   0.98130 0.00000 0.01870 ( 1)  1.932  0.019
  36 D   0.98877 0.00000 0.01123 ( 1)  1.161  0.011
  37 S   0.94975 0.00000 0.05025 ( 1)  5.191  0.050
  38 N   0.98835 0.00000 0.01165 ( 1)  1.204  0.012
  39 L   0.99108 0.00000 0.00892 ( 1)  0.921  0.009
  40 S   0.98942 0.00000 0.01058 ( 1)  1.093  0.011
  41 L   0.97568 0.00000 0.02432 ( 1)  2.512  0.024
  42 K   0.98575 0.00000 0.01425 ( 1)  1.473  0.014
  43 L   0.97794 0.00000 0.02206 ( 1)  2.279  0.022
  44 D   0.98877 0.00000 0.01123 ( 1)  1.161  0.011
  45 Y   0.96953 0.00000 0.03047 ( 1)  3.148  0.030
  46 S   0.98942 0.00000 0.01058 ( 1)  1.093  0.011
  47 D   0.98877 0.00000 0.01123 ( 1)  1.161  0.011
  48 D   0.98738 0.00000 0.01262 ( 1)  1.303  0.013
  49 A   0.99015 0.00000 0.00985 ( 1)  1.017  0.010
  50 Y   0.98130 0.00000 0.01870 ( 1)  1.932  0.019
  51 E   0.98610 0.00000 0.01390 ( 1)  1.436  0.014
  52 Q   0.97446 0.00000 0.02554 ( 1)  2.638  0.026
  53 M   0.99281 0.00000 0.00719 ( 1)  0.743  0.007
  54 L   0.97855 0.00000 0.02145 ( 1)  2.216  0.021
  55 N   0.98835 0.00000 0.01165 ( 1)  1.204  0.012
  56 K   0.98575 0.00000 0.01425 ( 1)  1.473  0.014
  57 V   0.98641 0.00000 0.01359 ( 1)  1.404  0.014
  58 K   0.98575 0.00000 0.01425 ( 1)  1.473  0.014
  59 L   0.97794 0.00000 0.02206 ( 1)  2.279  0.022
  60 L   0.97283 0.00000 0.02717 ( 1)  2.807  0.027
  61 V   0.98641 0.00000 0.01359 ( 1)  1.404  0.014
  62 M   0.99281 0.00000 0.00719 ( 1)  0.743  0.007
  63 S   0.98942 0.00000 0.01058 ( 1)  1.093  0.011
  64 A   0.99015 0.00000 0.00985 ( 1)  1.017  0.010
  65 E   0.98610 0.00000 0.01390 ( 1)  1.436  0.014
  66 K   0.98526 0.00000 0.01474 ( 1)  1.523  0.015

Positively selected sites

	Prob(w>1)  mean w

     2 D      1.000**       103.308
     3 S      1.000**       103.308
     4 N      1.000**       103.308
     5 K      1.000**       103.308
     6 S      1.000**       103.308
    14 V      1.000**       103.308


lnL =  -297.997843

Bayes Empirical Bayes (BEB) probabilities for 3 classes (class) & postmean_w
(amino acids refer to 1st sequence: Smed.23884)

   1 K   0.39670 0.33072 0.27257 ( 1)  2.910 +-  3.730
   2 D   0.06957 0.12821 0.80222 ( 3)  7.477 +-  3.550
   3 S   0.00527 0.01594 0.97879 ( 3)  8.958 +-  1.887
   4 N   0.00641 0.01922 0.97437 ( 3)  8.922 +-  1.958
   5 K   0.00074 0.00285 0.99641 ( 3)  9.099 +-  1.565
   6 S   0.05675 0.10633 0.83692 ( 3)  7.775 +-  3.343
   7 L   0.38811 0.32522 0.28667 ( 1)  3.031 +-  3.797
   8 E   0.39707 0.33098 0.27194 ( 1)  2.905 +-  3.727
   9 L   0.37343 0.31507 0.31150 ( 1)  3.246 +-  3.905
  10 N   0.40430 0.33577 0.25994 ( 1)  2.801 +-  3.665
  11 P   0.37156 0.31381 0.31463 ( 1)  3.273 +-  3.917
  12 D   0.40468 0.33604 0.25927 ( 1)  2.796 +-  3.662
  13 S   0.37219 0.31423 0.31358 ( 1)  3.264 +-  3.913
  14 V   0.00628 0.01886 0.97486 ( 3)  8.926 +-  1.950
  15 L   0.38811 0.32522 0.28667 ( 1)  3.031 +-  3.797
  16 V   0.38090 0.32022 0.29888 ( 1)  3.137 +-  3.852
  17 Y   0.38643 0.32387 0.28970 ( 1)  3.058 +-  3.811
  18 K   0.38781 0.32489 0.28730 ( 1)  3.037 +-  3.800
  19 F   0.37861 0.31869 0.30270 ( 1)  3.170 +-  3.868
  20 R   0.38114 0.32050 0.29836 ( 1)  3.132 +-  3.849
  21 G   0.38848 0.32554 0.28598 ( 1)  3.025 +-  3.793
  22 I   0.40207 0.33439 0.26354 ( 1)  2.832 +-  3.684
  23 A   0.38961 0.32621 0.28418 ( 1)  3.010 +-  3.785
  24 N   0.38680 0.32427 0.28893 ( 1)  3.051 +-  3.807
  25 K   0.39670 0.33072 0.27257 ( 1)  2.910 +-  3.730
  26 L   0.37343 0.31507 0.31150 ( 1)  3.246 +-  3.905
  27 L   0.37343 0.31507 0.31150 ( 1)  3.246 +-  3.905
  28 G   0.37360 0.31524 0.31116 ( 1)  3.243 +-  3.903
  29 K   0.39670 0.33072 0.27257 ( 1)  2.910 +-  3.730
  30 W   0.36201 0.30708 0.33091 ( 1)  3.414 +-  3.980
  31 I   0.37814 0.31834 0.30352 ( 1)  3.177 +-  3.872
  32 Q   0.37412 0.31559 0.31028 ( 1)  3.235 +-  3.900
  33 S   0.37219 0.31423 0.31358 ( 1)  3.264 +-  3.913
  34 Y   0.37158 0.31376 0.31466 ( 1)  3.273 +-  3.918
  35 Y   0.38643 0.32387 0.28970 ( 1)  3.058 +-  3.811
  36 D   0.40468 0.33604 0.25927 ( 1)  2.796 +-  3.662
  37 S   0.37620 0.31697 0.30683 ( 1)  3.205 +-  3.886
  38 N   0.40430 0.33577 0.25994 ( 1)  2.801 +-  3.665
  39 L   0.38811 0.32522 0.28667 ( 1)  3.031 +-  3.797
  40 S   0.38815 0.32521 0.28664 ( 1)  3.031 +-  3.797
  41 L   0.37343 0.31507 0.31150 ( 1)  3.246 +-  3.905
  42 K   0.39670 0.33072 0.27257 ( 1)  2.910 +-  3.730
  43 L   0.37775 0.31803 0.30422 ( 1)  3.183 +-  3.875
  44 D   0.40468 0.33604 0.25927 ( 1)  2.796 +-  3.662
  45 Y   0.37158 0.31376 0.31466 ( 1)  3.273 +-  3.918
  46 S   0.38815 0.32521 0.28664 ( 1)  3.031 +-  3.797
  47 D   0.40468 0.33604 0.25927 ( 1)  2.796 +-  3.662
  48 D   0.38675 0.32425 0.28900 ( 1)  3.051 +-  3.808
  49 A   0.38961 0.32621 0.28418 ( 1)  3.010 +-  3.785
  50 Y   0.38643 0.32387 0.28970 ( 1)  3.058 +-  3.811
  51 E   0.39707 0.33098 0.27194 ( 1)  2.905 +-  3.727
  52 Q   0.36928 0.31220 0.31852 ( 1)  3.306 +-  3.933
  53 M   0.40330 0.33538 0.26132 ( 1)  2.813 +-  3.671
  54 L   0.37209 0.31417 0.31375 ( 1)  3.265 +-  3.914
  55 N   0.40430 0.33577 0.25994 ( 1)  2.801 +-  3.665
  56 K   0.39670 0.33072 0.27257 ( 1)  2.910 +-  3.730
  57 V   0.39310 0.32843 0.27848 ( 1)  2.961 +-  3.759
  58 K   0.39670 0.33072 0.27257 ( 1)  2.910 +-  3.730
  59 L   0.37775 0.31803 0.30422 ( 1)  3.183 +-  3.875
  60 L   0.36915 0.31210 0.31875 ( 1)  3.308 +-  3.934
  61 V   0.39310 0.32843 0.27848 ( 1)  2.961 +-  3.759
  62 M   0.40330 0.33538 0.26132 ( 1)  2.813 +-  3.671
  63 S   0.38815 0.32521 0.28664 ( 1)  3.031 +-  3.797
  64 A   0.38961 0.32621 0.28418 ( 1)  3.010 +-  3.785
  65 E   0.39707 0.33098 0.27194 ( 1)  2.905 +-  3.727
  66 K   0.38781 0.32489 0.28730 ( 1)  3.037 +-  3.800

Positively selected sites

	Prob(w>1)  mean w

     2 D      0.802         7.477 +- 3.550
     3 S      0.979*        8.958 +- 1.887
     4 N      0.974*        8.922 +- 1.958
     5 K      0.996**       9.099 +- 1.565
     6 S      0.837         7.775 +- 3.343
    14 V      0.975*        8.926 +- 1.950

