Supplemental results for CODEML (seqf: algn  treef: tree)


dN/dS (w) for site classes (K=9)

p:   0.12500  0.12500  0.12500  0.12500  0.12500  0.12500  0.12500  0.12500  0.00001
w:   0.00000  0.00000  0.00000  0.00000  0.00000  0.00000  0.00000  0.00000  1.00000

Naive Empirical Bayes (NEB) probabilities for 9 classes & postmean_w
(amino acids refer to 1st sequence: Mlig.22929)

   1 M   0.12500 0.12500 0.12500 0.12500 0.12500 0.12500 0.12500 0.12500 0.00001 ( 1)  0.000
   2 T   0.12500 0.12500 0.12500 0.12500 0.12500 0.12500 0.12500 0.12500 0.00001 ( 2)  0.000
   3 T   0.12500 0.12500 0.12500 0.12500 0.12500 0.12500 0.12500 0.12500 0.00001 ( 1)  0.000
   4 L   0.12500 0.12500 0.12500 0.12500 0.12500 0.12500 0.12500 0.12500 0.00001 ( 5)  0.000
   5 L   0.12500 0.12500 0.12500 0.12500 0.12500 0.12500 0.12500 0.12500 0.00001 ( 1)  0.000
   6 L   0.12500 0.12500 0.12500 0.12500 0.12500 0.12500 0.12500 0.12500 0.00001 ( 3)  0.000
   7 H   0.12500 0.12500 0.12500 0.12500 0.12500 0.12500 0.12500 0.12500 0.00001 ( 2)  0.000
   8 V   0.12500 0.12500 0.12500 0.12500 0.12500 0.12500 0.12500 0.12500 0.00001 ( 1)  0.000
   9 S   0.12500 0.12500 0.12500 0.12500 0.12500 0.12500 0.12500 0.12500 0.00001 ( 6)  0.000
  10 K   0.12500 0.12500 0.12500 0.12500 0.12500 0.12500 0.12500 0.12500 0.00001 ( 3)  0.000
  11 Q   0.12500 0.12500 0.12500 0.12500 0.12500 0.12500 0.12500 0.12500 0.00001 ( 3)  0.000
  12 R   0.12500 0.12500 0.12500 0.12500 0.12500 0.12500 0.12500 0.12500 0.00001 ( 6)  0.000
  13 R   0.12500 0.12500 0.12500 0.12500 0.12500 0.12500 0.12500 0.12500 0.00001 ( 2)  0.000
  14 S   0.12500 0.12500 0.12500 0.12500 0.12500 0.12500 0.12500 0.12500 0.00001 ( 5)  0.000
  15 T   0.12500 0.12500 0.12500 0.12500 0.12500 0.12500 0.12500 0.12500 0.00001 ( 2)  0.000
  16 K   0.12500 0.12500 0.12500 0.12500 0.12500 0.12500 0.12500 0.12500 0.00001 ( 3)  0.000
  17 Q   0.12500 0.12500 0.12500 0.12500 0.12500 0.12500 0.12500 0.12500 0.00001 ( 3)  0.000
  18 Q   0.12500 0.12500 0.12500 0.12500 0.12500 0.12500 0.12500 0.12500 0.00001 ( 3)  0.000
  19 Q   0.12500 0.12500 0.12500 0.12500 0.12500 0.12500 0.12500 0.12500 0.00001 ( 3)  0.000
  20 S   0.12500 0.12500 0.12500 0.12500 0.12500 0.12500 0.12500 0.12500 0.00001 ( 6)  0.000
  21 Q   0.12500 0.12500 0.12500 0.12500 0.12500 0.12500 0.12500 0.12500 0.00001 ( 3)  0.000
  22 Q   0.12500 0.12500 0.12500 0.12500 0.12500 0.12500 0.12500 0.12500 0.00001 ( 3)  0.000
  23 Q   0.12500 0.12500 0.12500 0.12500 0.12500 0.12500 0.12500 0.12500 0.00001 ( 3)  0.000
  24 S   0.12500 0.12500 0.12500 0.12500 0.12500 0.12500 0.12500 0.12500 0.00001 ( 3)  0.000
  25 K   0.12500 0.12500 0.12500 0.12500 0.12500 0.12500 0.12500 0.12500 0.00001 ( 3)  0.000
  26 G   0.12500 0.12500 0.12500 0.12500 0.12500 0.12500 0.12500 0.12500 0.00001 ( 3)  0.000
  27 N   0.12500 0.12500 0.12500 0.12500 0.12500 0.12500 0.12500 0.12500 0.00001 ( 3)  0.000
  28 R   0.12500 0.12500 0.12500 0.12500 0.12500 0.12500 0.12500 0.12500 0.00001 ( 2)  0.000
  29 R   0.12500 0.12500 0.12500 0.12500 0.12500 0.12500 0.12500 0.12500 0.00001 ( 3)  0.000
  30 P   0.12500 0.12500 0.12500 0.12500 0.12500 0.12500 0.12500 0.12500 0.00001 ( 5)  0.000
  31 Y   0.12500 0.12500 0.12500 0.12500 0.12500 0.12500 0.12500 0.12500 0.00001 ( 3)  0.000
  32 S   0.12500 0.12500 0.12500 0.12500 0.12500 0.12500 0.12500 0.12500 0.00001 ( 3)  0.000
  33 S   0.12500 0.12500 0.12500 0.12500 0.12500 0.12500 0.12500 0.12500 0.00001 ( 6)  0.000
  34 T   0.12500 0.12500 0.12500 0.12500 0.12500 0.12500 0.12500 0.12500 0.00001 ( 1)  0.000
  35 T   0.12500 0.12500 0.12500 0.12500 0.12500 0.12500 0.12500 0.12500 0.00001 ( 1)  0.000
  36 P   0.12500 0.12500 0.12500 0.12500 0.12500 0.12500 0.12500 0.12500 0.00001 ( 5)  0.000
  37 I   0.12500 0.12500 0.12500 0.12500 0.12500 0.12500 0.12500 0.12500 0.00001 ( 3)  0.000
  38 G   0.12500 0.12500 0.12500 0.12500 0.12500 0.12500 0.12500 0.12500 0.00001 ( 2)  0.000
  39 R   0.12500 0.12500 0.12500 0.12500 0.12500 0.12500 0.12500 0.12500 0.00001 ( 3)  0.000
  40 I   0.12500 0.12500 0.12500 0.12500 0.12500 0.12500 0.12500 0.12500 0.00001 ( 1)  0.000
  41 R   0.12500 0.12500 0.12500 0.12500 0.12500 0.12500 0.12500 0.12500 0.00001 ( 3)  0.000
  42 Q   0.12500 0.12500 0.12500 0.12500 0.12500 0.12500 0.12500 0.12500 0.00001 ( 3)  0.000
  43 P   0.12500 0.12500 0.12500 0.12500 0.12500 0.12500 0.12500 0.12500 0.00001 ( 5)  0.000
  44 G   0.12500 0.12500 0.12500 0.12500 0.12500 0.12500 0.12500 0.12500 0.00001 ( 3)  0.000
  45 L   0.12500 0.12500 0.12500 0.12500 0.12500 0.12500 0.12500 0.12500 0.00001 ( 3)  0.000
  46 A   0.12500 0.12500 0.12500 0.12500 0.12500 0.12500 0.12500 0.12500 0.00001 ( 3)  0.000
  47 A   0.12500 0.12500 0.12500 0.12500 0.12500 0.12500 0.12500 0.12500 0.00001 ( 3)  0.000
  48 F   0.12500 0.12500 0.12500 0.12500 0.12500 0.12500 0.12500 0.12500 0.00001 ( 2)  0.000
  49 A   0.12500 0.12500 0.12500 0.12500 0.12500 0.12500 0.12500 0.12500 0.00001 ( 3)  0.000
  50 H   0.12500 0.12500 0.12500 0.12500 0.12500 0.12500 0.12500 0.12500 0.00001 ( 2)  0.000
  51 Y   0.12500 0.12500 0.12500 0.12500 0.12500 0.12500 0.12500 0.12500 0.00001 ( 3)  0.000
  52 F   0.12500 0.12500 0.12500 0.12500 0.12500 0.12500 0.12500 0.12500 0.00001 ( 2)  0.000
  53 A   0.12500 0.12500 0.12500 0.12500 0.12500 0.12500 0.12500 0.12500 0.00001 ( 3)  0.000
  54 F   0.12500 0.12500 0.12500 0.12500 0.12500 0.12500 0.12500 0.12500 0.00001 ( 2)  0.000
  55 S   0.12500 0.12500 0.12500 0.12500 0.12500 0.12500 0.12500 0.12500 0.00001 ( 6)  0.000
  56 R   0.12500 0.12500 0.12500 0.12500 0.12500 0.12500 0.12500 0.12500 0.00001 ( 2)  0.000
  57 V   0.12500 0.12500 0.12500 0.12500 0.12500 0.12500 0.12500 0.12500 0.00001 ( 1)  0.000
  58 A   0.12500 0.12500 0.12500 0.12500 0.12500 0.12500 0.12500 0.12500 0.00001 ( 3)  0.000
  59 L   0.12500 0.12500 0.12500 0.12500 0.12500 0.12500 0.12500 0.12500 0.00001 ( 5)  0.000
  60 G   0.12500 0.12500 0.12500 0.12500 0.12500 0.12500 0.12500 0.12500 0.00001 ( 2)  0.000
  61 R   0.12500 0.12500 0.12500 0.12500 0.12500 0.12500 0.12500 0.12500 0.00001 ( 6)  0.000
  62 Y   0.12500 0.12500 0.12500 0.12500 0.12500 0.12500 0.12500 0.12500 0.00001 ( 3)  0.000
  63 T   0.12500 0.12500 0.12500 0.12500 0.12500 0.12500 0.12500 0.12500 0.00001 ( 1)  0.000
  64 P   0.12500 0.12500 0.12500 0.12500 0.12500 0.12500 0.12500 0.12500 0.00001 ( 1)  0.000
  65 A   0.12500 0.12500 0.12500 0.12500 0.12500 0.12500 0.12500 0.12500 0.00001 ( 3)  0.000
  66 L   0.12500 0.12500 0.12500 0.12500 0.12500 0.12500 0.12500 0.12500 0.00001 ( 3)  0.000
  67 A   0.12500 0.12500 0.12500 0.12500 0.12500 0.12500 0.12500 0.12500 0.00001 ( 3)  0.000
  68 A   0.12500 0.12500 0.12500 0.12500 0.12500 0.12500 0.12500 0.12500 0.00001 ( 3)  0.000
  69 D   0.12500 0.12500 0.12500 0.12500 0.12500 0.12500 0.12500 0.12500 0.00001 ( 1)  0.000
  70 L   0.12500 0.12500 0.12500 0.12500 0.12500 0.12500 0.12500 0.12500 0.00001 ( 5)  0.000
  71 P   0.12500 0.12500 0.12500 0.12500 0.12500 0.12500 0.12500 0.12500 0.00001 ( 5)  0.000
  72 S   0.12500 0.12500 0.12500 0.12500 0.12500 0.12500 0.12500 0.12500 0.00001 ( 6)  0.000
  73 Q   0.12500 0.12500 0.12500 0.12500 0.12500 0.12500 0.12500 0.12500 0.00001 ( 3)  0.000
  74 T   0.12500 0.12500 0.12500 0.12500 0.12500 0.12500 0.12500 0.12500 0.00001 ( 1)  0.000
  75 T   0.12500 0.12500 0.12500 0.12500 0.12500 0.12500 0.12500 0.12500 0.00001 ( 1)  0.000
  76 M   0.12500 0.12500 0.12500 0.12500 0.12500 0.12500 0.12500 0.12500 0.00001 ( 1)  0.000
  77 S   0.12500 0.12500 0.12500 0.12500 0.12500 0.12500 0.12500 0.12500 0.00001 ( 5)  0.000
  78 A   0.12500 0.12500 0.12500 0.12500 0.12500 0.12500 0.12500 0.12500 0.00001 ( 3)  0.000
  79 V   0.12500 0.12500 0.12500 0.12500 0.12500 0.12500 0.12500 0.12500 0.00001 ( 1)  0.000
  80 D   0.12500 0.12500 0.12500 0.12500 0.12500 0.12500 0.12500 0.12500 0.00001 ( 1)  0.000
  81 T   0.12500 0.12500 0.12500 0.12500 0.12500 0.12500 0.12500 0.12500 0.00001 ( 1)  0.000
  82 Q   0.12500 0.12500 0.12500 0.12500 0.12500 0.12500 0.12500 0.12500 0.00001 ( 3)  0.000
  83 A   0.12500 0.12500 0.12500 0.12500 0.12500 0.12500 0.12500 0.12500 0.00001 ( 3)  0.000
  84 A   0.12500 0.12500 0.12500 0.12500 0.12500 0.12500 0.12500 0.12500 0.00001 ( 3)  0.000
  85 P   0.12500 0.12500 0.12500 0.12500 0.12500 0.12500 0.12500 0.12500 0.00001 ( 5)  0.000
  86 A   0.12500 0.12500 0.12500 0.12500 0.12500 0.12500 0.12500 0.12500 0.00001 ( 3)  0.000
  87 L   0.12500 0.12500 0.12500 0.12500 0.12500 0.12500 0.12500 0.12500 0.00001 ( 5)  0.000
  88 N   0.12500 0.12500 0.12500 0.12500 0.12500 0.12500 0.12500 0.12500 0.00001 ( 3)  0.000
  89 C   0.12500 0.12500 0.12500 0.12500 0.12500 0.12500 0.12500 0.12500 0.00001 ( 3)  0.000
  90 F   0.12500 0.12500 0.12500 0.12500 0.12500 0.12500 0.12500 0.12500 0.00001 ( 2)  0.000
  91 R   0.12500 0.12500 0.12500 0.12500 0.12500 0.12500 0.12500 0.12500 0.00001 ( 3)  0.000
  92 Q   0.12500 0.12500 0.12500 0.12500 0.12500 0.12500 0.12500 0.12500 0.00001 ( 3)  0.000
  93 L   0.12500 0.12500 0.12500 0.12500 0.12500 0.12500 0.12500 0.12500 0.00001 ( 2)  0.000
  94 P   0.12500 0.12500 0.12500 0.12500 0.12500 0.12500 0.12500 0.12500 0.00001 ( 5)  0.000
  95 H   0.12500 0.12500 0.12500 0.12500 0.12500 0.12500 0.12500 0.12500 0.00001 ( 5)  0.000
  96 Q   0.12500 0.12500 0.12500 0.12500 0.12500 0.12500 0.12500 0.12500 0.00001 ( 3)  0.000
  97 Q   0.12500 0.12500 0.12500 0.12500 0.12500 0.12500 0.12500 0.12500 0.00001 ( 3)  0.000
  98 Q   0.12500 0.12500 0.12500 0.12500 0.12500 0.12500 0.12500 0.12500 0.00001 ( 3)  0.000
  99 C   0.12500 0.12500 0.12500 0.12500 0.12500 0.12500 0.12500 0.12500 0.00001 ( 3)  0.000
 100 K   0.12500 0.12500 0.12500 0.12500 0.12500 0.12500 0.12500 0.12500 0.00001 ( 3)  0.000
 101 T   0.12500 0.12500 0.12500 0.12500 0.12500 0.12500 0.12500 0.12500 0.00001 ( 6)  0.000
 102 K   0.12500 0.12500 0.12500 0.12500 0.12500 0.12500 0.12500 0.12500 0.00001 ( 3)  0.000
 103 S   0.12500 0.12500 0.12500 0.12500 0.12500 0.12500 0.12500 0.12500 0.00001 ( 3)  0.000
 104 Q   0.12500 0.12500 0.12500 0.12500 0.12500 0.12500 0.12500 0.12500 0.00001 ( 3)  0.000
 105 S   0.12500 0.12500 0.12500 0.12500 0.12500 0.12500 0.12500 0.12500 0.00001 ( 3)  0.000
 106 Y   0.12500 0.12500 0.12500 0.12500 0.12500 0.12500 0.12500 0.12500 0.00001 ( 3)  0.000
 107 F   0.12500 0.12500 0.12500 0.12500 0.12500 0.12500 0.12500 0.12500 0.00001 ( 2)  0.000
 108 N   0.12500 0.12500 0.12500 0.12500 0.12500 0.12500 0.12500 0.12500 0.00001 ( 3)  0.000
 109 C   0.12500 0.12500 0.12500 0.12500 0.12500 0.12500 0.12500 0.12500 0.00001 ( 3)  0.000
 110 Q   0.12500 0.12500 0.12500 0.12500 0.12500 0.12500 0.12500 0.12500 0.00001 ( 3)  0.000
 111 K   0.12500 0.12500 0.12500 0.12500 0.12500 0.12500 0.12500 0.12500 0.00001 ( 3)  0.000
 112 Q   0.12500 0.12500 0.12500 0.12500 0.12500 0.12500 0.12500 0.12500 0.00001 ( 3)  0.000
 113 Q   0.12500 0.12500 0.12500 0.12500 0.12500 0.12500 0.12500 0.12500 0.00001 ( 3)  0.000
 114 K   0.12500 0.12500 0.12500 0.12500 0.12500 0.12500 0.12500 0.12500 0.00001 ( 3)  0.000
 115 Q   0.12500 0.12500 0.12500 0.12500 0.12500 0.12500 0.12500 0.12500 0.00001 ( 3)  0.000
 116 Q   0.12500 0.12500 0.12500 0.12500 0.12500 0.12500 0.12500 0.12500 0.00001 ( 3)  0.000
 117 Q   0.12500 0.12500 0.12500 0.12500 0.12500 0.12500 0.12500 0.12500 0.00001 ( 3)  0.000
 118 Q   0.12500 0.12500 0.12500 0.12500 0.12500 0.12500 0.12500 0.12500 0.00001 ( 3)  0.000
 119 L   0.12500 0.12500 0.12500 0.12500 0.12500 0.12500 0.12500 0.12500 0.00001 ( 5)  0.000
 120 Q   0.12500 0.12500 0.12500 0.12500 0.12500 0.12500 0.12500 0.12500 0.00001 ( 3)  0.000
 121 K   0.12500 0.12500 0.12500 0.12500 0.12500 0.12500 0.12500 0.12500 0.00001 ( 3)  0.000
 122 K   0.12500 0.12500 0.12500 0.12500 0.12500 0.12500 0.12500 0.12500 0.00001 ( 3)  0.000
 123 L   0.12500 0.12500 0.12500 0.12500 0.12500 0.12500 0.12500 0.12500 0.00001 ( 1)  0.000
 124 G   0.12500 0.12500 0.12500 0.12500 0.12500 0.12500 0.12500 0.12500 0.00001 ( 5)  0.000
 125 S   0.12500 0.12500 0.12500 0.12500 0.12500 0.12500 0.12500 0.12500 0.00001 ( 6)  0.000
 126 I   0.12500 0.12500 0.12500 0.12500 0.12500 0.12500 0.12500 0.12500 0.00001 ( 3)  0.000
 127 A   0.12500 0.12500 0.12500 0.12500 0.12500 0.12500 0.12500 0.12500 0.00001 ( 3)  0.000
 128 R   0.12500 0.12500 0.12500 0.12500 0.12500 0.12500 0.12500 0.12500 0.00001 ( 6)  0.000
 129 S   0.12500 0.12500 0.12500 0.12500 0.12500 0.12500 0.12500 0.12500 0.00001 ( 3)  0.000
 130 Y   0.12500 0.12500 0.12500 0.12500 0.12500 0.12500 0.12500 0.12500 0.00001 ( 3)  0.000
 131 S   0.12500 0.12500 0.12500 0.12500 0.12500 0.12500 0.12500 0.12500 0.00001 ( 5)  0.000
 132 D   0.12500 0.12500 0.12500 0.12500 0.12500 0.12500 0.12500 0.12500 0.00001 ( 2)  0.000
 133 P   0.12500 0.12500 0.12500 0.12500 0.12500 0.12500 0.12500 0.12500 0.00001 ( 3)  0.000
 134 D   0.12500 0.12500 0.12500 0.12500 0.12500 0.12500 0.12500 0.12500 0.00001 ( 2)  0.000
 135 L   0.12500 0.12500 0.12500 0.12500 0.12500 0.12500 0.12500 0.12500 0.00001 ( 1)  0.000
 136 P   0.12500 0.12500 0.12500 0.12500 0.12500 0.12500 0.12500 0.12500 0.00001 ( 1)  0.000
 137 S   0.12500 0.12500 0.12500 0.12500 0.12500 0.12500 0.12500 0.12500 0.00001 ( 3)  0.000
 138 S   0.12500 0.12500 0.12500 0.12500 0.12500 0.12500 0.12500 0.12500 0.00001 ( 3)  0.000
 139 N   0.12500 0.12500 0.12500 0.12500 0.12500 0.12500 0.12500 0.12500 0.00001 ( 3)  0.000
 140 S   0.12500 0.12500 0.12500 0.12500 0.12500 0.12500 0.12500 0.12500 0.00001 ( 6)  0.000
 141 A   0.12500 0.12500 0.12500 0.12500 0.12500 0.12500 0.12500 0.12500 0.00001 ( 3)  0.000
 142 A   0.12500 0.12500 0.12500 0.12500 0.12500 0.12500 0.12500 0.12500 0.00001 ( 3)  0.000
 143 Q   0.12500 0.12500 0.12500 0.12500 0.12500 0.12500 0.12500 0.12500 0.00001 ( 3)  0.000
 144 F   0.12500 0.12500 0.12500 0.12500 0.12500 0.12500 0.12500 0.12500 0.00001 ( 2)  0.000
 145 N   0.12500 0.12500 0.12500 0.12500 0.12500 0.12500 0.12500 0.12500 0.00001 ( 3)  0.000
 146 Y   0.12500 0.12500 0.12500 0.12500 0.12500 0.12500 0.12500 0.12500 0.00001 ( 3)  0.000
 147 K   0.12500 0.12500 0.12500 0.12500 0.12500 0.12500 0.12500 0.12500 0.00001 ( 3)  0.000
 148 D   0.12500 0.12500 0.12500 0.12500 0.12500 0.12500 0.12500 0.12500 0.00001 ( 1)  0.000
 149 S   0.12500 0.12500 0.12500 0.12500 0.12500 0.12500 0.12500 0.12500 0.00001 ( 6)  0.000
 150 P   0.12500 0.12500 0.12500 0.12500 0.12500 0.12500 0.12500 0.12500 0.00001 ( 1)  0.000
 151 L   0.12500 0.12500 0.12500 0.12500 0.12500 0.12500 0.12500 0.12500 0.00001 ( 5)  0.000
 152 S   0.12500 0.12500 0.12500 0.12500 0.12500 0.12500 0.12500 0.12500 0.00001 ( 5)  0.000
 153 S   0.12500 0.12500 0.12500 0.12500 0.12500 0.12500 0.12500 0.12500 0.00001 ( 5)  0.000
 154 S   0.12500 0.12500 0.12500 0.12500 0.12500 0.12500 0.12500 0.12500 0.00001 ( 3)  0.000
 155 L   0.12500 0.12500 0.12500 0.12500 0.12500 0.12500 0.12500 0.12500 0.00001 ( 5)  0.000
 156 K   0.12500 0.12500 0.12500 0.12500 0.12500 0.12500 0.12500 0.12500 0.00001 ( 3)  0.000

Positively selected sites

	Prob(w>1)  mean w



lnL =  -643.742062

Bayes Empirical Bayes (BEB) probabilities for 11 classes (class) & postmean_w
(amino acids refer to 1st sequence: Mlig.22929)

   1 M   0.35701 0.08645 0.07040 0.06239 0.05695 0.05256 0.04867 0.04511 0.04237 0.06650 0.11159 ( 1)  0.581 +-  1.000
   2 T   0.35363 0.08561 0.06983 0.06200 0.05671 0.05244 0.04865 0.04518 0.04252 0.06672 0.11669 ( 1)  0.604 +-  1.059
   3 T   0.35325 0.08552 0.06977 0.06196 0.05668 0.05243 0.04865 0.04519 0.04254 0.06675 0.11726 ( 1)  0.606 +-  1.065
   4 L   0.35374 0.08564 0.06985 0.06202 0.05672 0.05245 0.04866 0.04519 0.04252 0.06672 0.11650 ( 1)  0.603 +-  1.056
   5 L   0.35399 0.08570 0.06989 0.06205 0.05674 0.05246 0.04866 0.04518 0.04251 0.06670 0.11612 ( 1)  0.601 +-  1.052
   6 L   0.35275 0.08539 0.06969 0.06190 0.05665 0.05242 0.04865 0.04521 0.04256 0.06678 0.11800 ( 1)  0.610 +-  1.073
   7 H   0.35434 0.08579 0.06995 0.06208 0.05676 0.05247 0.04865 0.04517 0.04249 0.06667 0.11564 ( 1)  0.599 +-  1.047
   8 V   0.35371 0.08563 0.06985 0.06202 0.05672 0.05246 0.04866 0.04519 0.04252 0.06673 0.11650 ( 1)  0.603 +-  1.055
   9 S   0.35459 0.08585 0.07000 0.06212 0.05678 0.05248 0.04866 0.04517 0.04248 0.06666 0.11521 ( 1)  0.597 +-  1.041
  10 K   0.35453 0.08583 0.06998 0.06210 0.05677 0.05247 0.04865 0.04516 0.04247 0.06665 0.11538 ( 1)  0.598 +-  1.045
  11 Q   0.35214 0.08524 0.06958 0.06183 0.05659 0.05238 0.04864 0.04521 0.04257 0.06680 0.11901 ( 1)  0.615 +-  1.086
  12 R   0.35544 0.08606 0.07014 0.06221 0.05684 0.05251 0.04867 0.04515 0.04245 0.06661 0.11392 ( 1)  0.591 +-  1.026
  13 R   0.35509 0.08597 0.07008 0.06217 0.05682 0.05250 0.04867 0.04516 0.04246 0.06664 0.11443 ( 1)  0.593 +-  1.032
  14 S   0.35524 0.08601 0.07010 0.06219 0.05682 0.05250 0.04866 0.04515 0.04245 0.06662 0.11426 ( 1)  0.593 +-  1.031
  15 T   0.35363 0.08561 0.06983 0.06200 0.05671 0.05244 0.04865 0.04518 0.04252 0.06672 0.11669 ( 1)  0.604 +-  1.059
  16 K   0.35453 0.08583 0.06998 0.06210 0.05677 0.05247 0.04865 0.04516 0.04247 0.06665 0.11538 ( 1)  0.598 +-  1.045
  17 Q   0.35214 0.08524 0.06958 0.06183 0.05659 0.05238 0.04864 0.04521 0.04257 0.06680 0.11901 ( 1)  0.615 +-  1.086
  18 Q   0.35214 0.08524 0.06958 0.06183 0.05659 0.05238 0.04864 0.04521 0.04257 0.06680 0.11901 ( 1)  0.615 +-  1.086
  19 Q   0.35214 0.08524 0.06958 0.06183 0.05659 0.05238 0.04864 0.04521 0.04257 0.06680 0.11901 ( 1)  0.615 +-  1.086
  20 S   0.35559 0.08610 0.07016 0.06223 0.05685 0.05251 0.04866 0.04514 0.04243 0.06659 0.11374 ( 1)  0.590 +-  1.025
  21 Q   0.35214 0.08524 0.06958 0.06183 0.05659 0.05238 0.04864 0.04521 0.04257 0.06680 0.11901 ( 1)  0.615 +-  1.086
  22 Q   0.35214 0.08524 0.06958 0.06183 0.05659 0.05238 0.04864 0.04521 0.04257 0.06680 0.11901 ( 1)  0.615 +-  1.086
  23 Q   0.35214 0.08524 0.06958 0.06183 0.05659 0.05238 0.04864 0.04521 0.04257 0.06680 0.11901 ( 1)  0.615 +-  1.086
  24 S   0.35446 0.08582 0.06997 0.06210 0.05677 0.05248 0.04866 0.04517 0.04249 0.06668 0.11538 ( 1)  0.598 +-  1.043
  25 K   0.35425 0.08576 0.06994 0.06207 0.05675 0.05246 0.04865 0.04517 0.04249 0.06667 0.11579 ( 1)  0.600 +-  1.049
  26 G   0.35438 0.08580 0.06996 0.06209 0.05677 0.05248 0.04867 0.04518 0.04250 0.06669 0.11549 ( 1)  0.598 +-  1.043
  27 N   0.35373 0.08564 0.06985 0.06201 0.05671 0.05245 0.04865 0.04518 0.04251 0.06671 0.11655 ( 1)  0.603 +-  1.057
  28 R   0.35509 0.08597 0.07008 0.06217 0.05682 0.05250 0.04867 0.04516 0.04246 0.06664 0.11443 ( 1)  0.593 +-  1.032
  29 R   0.35419 0.08575 0.06993 0.06207 0.05675 0.05247 0.04866 0.04518 0.04250 0.06669 0.11580 ( 1)  0.600 +-  1.048
  30 P   0.35478 0.08590 0.07003 0.06213 0.05679 0.05248 0.04865 0.04515 0.04246 0.06664 0.11498 ( 1)  0.596 +-  1.040
  31 Y   0.35487 0.08592 0.07004 0.06215 0.05680 0.05249 0.04866 0.04516 0.04247 0.06664 0.11480 ( 1)  0.595 +-  1.037
  32 S   0.35399 0.08570 0.06990 0.06205 0.05674 0.05246 0.04866 0.04519 0.04251 0.06671 0.11609 ( 1)  0.601 +-  1.051
  33 S   0.35411 0.08573 0.06992 0.06206 0.05675 0.05247 0.04866 0.04518 0.04250 0.06670 0.11593 ( 1)  0.600 +-  1.049
  34 T   0.35325 0.08552 0.06977 0.06196 0.05668 0.05243 0.04865 0.04519 0.04254 0.06675 0.11726 ( 1)  0.606 +-  1.065
  35 T   0.35443 0.08581 0.06997 0.06209 0.05676 0.05247 0.04865 0.04516 0.04248 0.06666 0.11551 ( 1)  0.598 +-  1.046
  36 P   0.35478 0.08590 0.07003 0.06213 0.05679 0.05248 0.04865 0.04515 0.04246 0.06664 0.11498 ( 1)  0.596 +-  1.040
  37 I   0.35372 0.08563 0.06985 0.06202 0.05672 0.05245 0.04866 0.04519 0.04252 0.06673 0.11651 ( 1)  0.603 +-  1.056
  38 G   0.35383 0.08566 0.06987 0.06203 0.05673 0.05246 0.04866 0.04519 0.04252 0.06672 0.11633 ( 1)  0.602 +-  1.053
  39 R   0.35419 0.08575 0.06993 0.06207 0.05675 0.05247 0.04866 0.04518 0.04250 0.06669 0.11580 ( 1)  0.600 +-  1.048
  40 I   0.35683 0.08641 0.07037 0.06237 0.05694 0.05256 0.04867 0.04512 0.04238 0.06651 0.11184 ( 1)  0.582 +-  1.002
  41 R   0.35419 0.08575 0.06993 0.06207 0.05675 0.05247 0.04866 0.04518 0.04250 0.06669 0.11580 ( 1)  0.600 +-  1.048
  42 Q   0.35200 0.08521 0.06956 0.06181 0.05658 0.05238 0.04864 0.04521 0.04258 0.06681 0.11922 ( 1)  0.615 +-  1.088
  43 P   0.35510 0.08597 0.07008 0.06217 0.05681 0.05249 0.04865 0.04515 0.04245 0.06661 0.11452 ( 1)  0.594 +-  1.035
  44 G   0.35438 0.08580 0.06996 0.06209 0.05677 0.05248 0.04867 0.04518 0.04250 0.06669 0.11549 ( 1)  0.598 +-  1.043
  45 L   0.35275 0.08539 0.06969 0.06190 0.05665 0.05242 0.04865 0.04521 0.04256 0.06678 0.11800 ( 1)  0.610 +-  1.073
  46 A   0.35506 0.08597 0.07007 0.06217 0.05681 0.05250 0.04866 0.04516 0.04246 0.06663 0.11450 ( 1)  0.594 +-  1.033
  47 A   0.35474 0.08589 0.07002 0.06213 0.05679 0.05249 0.04866 0.04517 0.04248 0.06666 0.11497 ( 1)  0.596 +-  1.038
  48 F   0.35383 0.08566 0.06987 0.06203 0.05673 0.05246 0.04866 0.04519 0.04252 0.06672 0.11632 ( 1)  0.602 +-  1.053
  49 A   0.35506 0.08597 0.07007 0.06217 0.05681 0.05250 0.04866 0.04516 0.04246 0.06663 0.11450 ( 1)  0.594 +-  1.033
  50 H   0.35434 0.08579 0.06995 0.06208 0.05676 0.05247 0.04865 0.04517 0.04249 0.06667 0.11564 ( 1)  0.599 +-  1.047
  51 Y   0.35487 0.08592 0.07004 0.06215 0.05680 0.05249 0.04866 0.04516 0.04247 0.06664 0.11480 ( 1)  0.595 +-  1.037
  52 F   0.35383 0.08566 0.06987 0.06203 0.05673 0.05246 0.04866 0.04519 0.04252 0.06672 0.11632 ( 1)  0.602 +-  1.053
  53 A   0.35371 0.08563 0.06985 0.06202 0.05672 0.05245 0.04866 0.04519 0.04252 0.06673 0.11652 ( 1)  0.603 +-  1.056
  54 F   0.35429 0.08577 0.06995 0.06208 0.05676 0.05248 0.04867 0.04518 0.04250 0.06669 0.11563 ( 1)  0.599 +-  1.045
  55 S   0.35411 0.08573 0.06992 0.06206 0.05675 0.05247 0.04866 0.04518 0.04250 0.06670 0.11593 ( 1)  0.600 +-  1.049
  56 R   0.35509 0.08597 0.07008 0.06217 0.05682 0.05250 0.04867 0.04516 0.04246 0.06664 0.11443 ( 1)  0.593 +-  1.032
  57 V   0.35425 0.08577 0.06994 0.06208 0.05676 0.05248 0.04867 0.04518 0.04250 0.06670 0.11568 ( 1)  0.599 +-  1.046
  58 A   0.35415 0.08574 0.06992 0.06207 0.05675 0.05247 0.04866 0.04518 0.04250 0.06670 0.11586 ( 1)  0.600 +-  1.048
  59 L   0.35374 0.08564 0.06985 0.06202 0.05672 0.05245 0.04866 0.04519 0.04252 0.06672 0.11650 ( 1)  0.603 +-  1.056
  60 G   0.35383 0.08566 0.06987 0.06203 0.05673 0.05246 0.04866 0.04519 0.04252 0.06672 0.11633 ( 1)  0.602 +-  1.053
  61 R   0.35544 0.08606 0.07014 0.06221 0.05684 0.05251 0.04867 0.04515 0.04245 0.06661 0.11392 ( 1)  0.591 +-  1.026
  62 Y   0.35487 0.08592 0.07004 0.06215 0.05680 0.05249 0.04866 0.04516 0.04247 0.06664 0.11480 ( 1)  0.595 +-  1.037
  63 T   0.35443 0.08581 0.06997 0.06209 0.05676 0.05247 0.04865 0.04516 0.04248 0.06666 0.11551 ( 1)  0.598 +-  1.046
  64 P   0.35376 0.08564 0.06986 0.06202 0.05672 0.05245 0.04865 0.04518 0.04251 0.06671 0.11649 ( 1)  0.603 +-  1.056
  65 A   0.35392 0.08568 0.06988 0.06204 0.05673 0.05246 0.04866 0.04518 0.04251 0.06671 0.11621 ( 1)  0.601 +-  1.052
  66 L   0.35275 0.08539 0.06969 0.06190 0.05665 0.05242 0.04865 0.04521 0.04256 0.06678 0.11800 ( 1)  0.610 +-  1.073
  67 A   0.35415 0.08574 0.06992 0.06207 0.05675 0.05247 0.04866 0.04518 0.04250 0.06670 0.11586 ( 1)  0.600 +-  1.048
  68 A   0.35474 0.08589 0.07002 0.06213 0.05679 0.05249 0.04866 0.04517 0.04248 0.06666 0.11497 ( 1)  0.596 +-  1.038
  69 D   0.35444 0.08581 0.06997 0.06210 0.05677 0.05248 0.04866 0.04517 0.04249 0.06668 0.11544 ( 1)  0.598 +-  1.044
  70 L   0.35295 0.08544 0.06972 0.06193 0.05666 0.05242 0.04865 0.04520 0.04255 0.06677 0.11770 ( 1)  0.608 +-  1.069
  71 P   0.35510 0.08597 0.07008 0.06217 0.05681 0.05249 0.04865 0.04515 0.04245 0.06661 0.11452 ( 1)  0.594 +-  1.035
  72 S   0.35559 0.08610 0.07016 0.06223 0.05685 0.05251 0.04866 0.04514 0.04243 0.06659 0.11374 ( 1)  0.590 +-  1.025
  73 Q   0.35214 0.08524 0.06958 0.06183 0.05659 0.05238 0.04864 0.04521 0.04257 0.06680 0.11901 ( 1)  0.615 +-  1.086
  74 T   0.35443 0.08581 0.06997 0.06209 0.05676 0.05247 0.04865 0.04516 0.04248 0.06666 0.11551 ( 1)  0.598 +-  1.046
  75 T   0.35346 0.08557 0.06981 0.06198 0.05670 0.05244 0.04865 0.04519 0.04253 0.06673 0.11694 ( 1)  0.605 +-  1.061
  76 M   0.35701 0.08645 0.07040 0.06239 0.05695 0.05256 0.04867 0.04511 0.04237 0.06650 0.11159 ( 1)  0.581 +-  1.000
  77 S   0.35524 0.08601 0.07010 0.06219 0.05682 0.05250 0.04866 0.04515 0.04245 0.06662 0.11426 ( 1)  0.593 +-  1.031
  78 A   0.35474 0.08589 0.07002 0.06213 0.05679 0.05249 0.04866 0.04517 0.04248 0.06666 0.11497 ( 1)  0.596 +-  1.038
  79 V   0.35332 0.08553 0.06978 0.06197 0.05669 0.05244 0.04866 0.04520 0.04254 0.06675 0.11711 ( 1)  0.605 +-  1.062
  80 D   0.35444 0.08581 0.06997 0.06210 0.05677 0.05248 0.04866 0.04517 0.04249 0.06668 0.11544 ( 1)  0.598 +-  1.044
  81 T   0.35443 0.08581 0.06997 0.06209 0.05676 0.05247 0.04865 0.04516 0.04248 0.06666 0.11551 ( 1)  0.598 +-  1.046
  82 Q   0.35200 0.08521 0.06956 0.06181 0.05658 0.05238 0.04864 0.04521 0.04258 0.06681 0.11922 ( 1)  0.615 +-  1.088
  83 A   0.35371 0.08563 0.06985 0.06202 0.05672 0.05245 0.04866 0.04519 0.04252 0.06673 0.11652 ( 1)  0.603 +-  1.056
  84 A   0.35371 0.08563 0.06985 0.06202 0.05672 0.05245 0.04866 0.04519 0.04252 0.06673 0.11652 ( 1)  0.603 +-  1.056
  85 P   0.35478 0.08590 0.07003 0.06213 0.05679 0.05248 0.04865 0.04515 0.04246 0.06664 0.11498 ( 1)  0.596 +-  1.040
  86 A   0.35415 0.08574 0.06992 0.06207 0.05675 0.05247 0.04866 0.04518 0.04250 0.06670 0.11586 ( 1)  0.600 +-  1.048
  87 L   0.35295 0.08544 0.06972 0.06193 0.05666 0.05242 0.04865 0.04520 0.04255 0.06677 0.11770 ( 1)  0.608 +-  1.069
  88 N   0.35373 0.08564 0.06985 0.06201 0.05671 0.05245 0.04865 0.04518 0.04251 0.06671 0.11655 ( 1)  0.603 +-  1.057
  89 C   0.35398 0.08570 0.06989 0.06205 0.05674 0.05247 0.04866 0.04519 0.04251 0.06671 0.11610 ( 1)  0.601 +-  1.050
  90 F   0.35429 0.08577 0.06995 0.06208 0.05676 0.05248 0.04867 0.04518 0.04250 0.06669 0.11563 ( 1)  0.599 +-  1.045
  91 R   0.35464 0.08586 0.07000 0.06212 0.05678 0.05249 0.04866 0.04517 0.04248 0.06666 0.11512 ( 1)  0.596 +-  1.040
  92 Q   0.35214 0.08524 0.06958 0.06183 0.05659 0.05238 0.04864 0.04521 0.04257 0.06680 0.11901 ( 1)  0.615 +-  1.086
  93 L   0.35413 0.08574 0.06992 0.06206 0.05675 0.05247 0.04866 0.04518 0.04251 0.06670 0.11588 ( 1)  0.600 +-  1.048
  94 P   0.35478 0.08590 0.07003 0.06213 0.05679 0.05248 0.04865 0.04515 0.04246 0.06664 0.11498 ( 1)  0.596 +-  1.040
  95 H   0.35389 0.08568 0.06988 0.06203 0.05672 0.05245 0.04865 0.04518 0.04251 0.06670 0.11631 ( 1)  0.602 +-  1.054
  96 Q   0.35214 0.08524 0.06958 0.06183 0.05659 0.05238 0.04864 0.04521 0.04257 0.06680 0.11901 ( 1)  0.615 +-  1.086
  97 Q   0.35214 0.08524 0.06958 0.06183 0.05659 0.05238 0.04864 0.04521 0.04257 0.06680 0.11901 ( 1)  0.615 +-  1.086
  98 Q   0.35200 0.08521 0.06956 0.06181 0.05658 0.05238 0.04864 0.04521 0.04258 0.06681 0.11922 ( 1)  0.615 +-  1.088
  99 C   0.35398 0.08570 0.06989 0.06205 0.05674 0.05247 0.04866 0.04519 0.04251 0.06671 0.11610 ( 1)  0.601 +-  1.050
 100 K   0.35425 0.08576 0.06994 0.06207 0.05675 0.05246 0.04865 0.04517 0.04249 0.06667 0.11579 ( 1)  0.600 +-  1.049
 101 T   0.35415 0.08574 0.06992 0.06206 0.05674 0.05246 0.04865 0.04517 0.04249 0.06668 0.11592 ( 1)  0.600 +-  1.050
 102 K   0.35425 0.08576 0.06994 0.06207 0.05675 0.05246 0.04865 0.04517 0.04249 0.06667 0.11579 ( 1)  0.600 +-  1.049
 103 S   0.35446 0.08582 0.06997 0.06210 0.05677 0.05248 0.04866 0.04517 0.04249 0.06668 0.11538 ( 1)  0.598 +-  1.043
 104 Q   0.35200 0.08521 0.06956 0.06181 0.05658 0.05238 0.04864 0.04521 0.04258 0.06681 0.11922 ( 1)  0.615 +-  1.088
 105 S   0.35446 0.08582 0.06997 0.06210 0.05677 0.05248 0.04866 0.04517 0.04249 0.06668 0.11538 ( 1)  0.598 +-  1.043
 106 Y   0.35437 0.08579 0.06996 0.06209 0.05676 0.05247 0.04866 0.04517 0.04249 0.06668 0.11556 ( 1)  0.598 +-  1.045
 107 F   0.35383 0.08566 0.06987 0.06203 0.05673 0.05246 0.04866 0.04519 0.04252 0.06672 0.11632 ( 1)  0.602 +-  1.053
 108 N   0.35373 0.08564 0.06985 0.06201 0.05671 0.05245 0.04865 0.04518 0.04251 0.06671 0.11655 ( 1)  0.603 +-  1.057
 109 C   0.35398 0.08570 0.06989 0.06205 0.05674 0.05247 0.04866 0.04519 0.04251 0.06671 0.11610 ( 1)  0.601 +-  1.050
 110 Q   0.35214 0.08524 0.06958 0.06183 0.05659 0.05238 0.04864 0.04521 0.04257 0.06680 0.11901 ( 1)  0.615 +-  1.086
 111 K   0.35453 0.08583 0.06998 0.06210 0.05677 0.05247 0.04865 0.04516 0.04247 0.06665 0.11538 ( 1)  0.598 +-  1.045
 112 Q   0.35214 0.08524 0.06958 0.06183 0.05659 0.05238 0.04864 0.04521 0.04257 0.06680 0.11901 ( 1)  0.615 +-  1.086
 113 Q   0.35214 0.08524 0.06958 0.06183 0.05659 0.05238 0.04864 0.04521 0.04257 0.06680 0.11901 ( 1)  0.615 +-  1.086
 114 K   0.35453 0.08583 0.06998 0.06210 0.05677 0.05247 0.04865 0.04516 0.04247 0.06665 0.11538 ( 1)  0.598 +-  1.045
 115 Q   0.35214 0.08524 0.06958 0.06183 0.05659 0.05238 0.04864 0.04521 0.04257 0.06680 0.11901 ( 1)  0.615 +-  1.086
 116 Q   0.35214 0.08524 0.06958 0.06183 0.05659 0.05238 0.04864 0.04521 0.04257 0.06680 0.11901 ( 1)  0.615 +-  1.086
 117 Q   0.35200 0.08521 0.06956 0.06181 0.05658 0.05238 0.04864 0.04521 0.04258 0.06681 0.11922 ( 1)  0.615 +-  1.088
 118 Q   0.35214 0.08524 0.06958 0.06183 0.05659 0.05238 0.04864 0.04521 0.04257 0.06680 0.11901 ( 1)  0.615 +-  1.086
 119 L   0.35374 0.08564 0.06985 0.06202 0.05672 0.05245 0.04866 0.04519 0.04252 0.06672 0.11650 ( 1)  0.603 +-  1.056
 120 Q   0.35214 0.08524 0.06958 0.06183 0.05659 0.05238 0.04864 0.04521 0.04257 0.06680 0.11901 ( 1)  0.615 +-  1.086
 121 K   0.35425 0.08576 0.06994 0.06207 0.05675 0.05246 0.04865 0.04517 0.04249 0.06667 0.11579 ( 1)  0.600 +-  1.049
 122 K   0.35425 0.08576 0.06994 0.06207 0.05675 0.05246 0.04865 0.04517 0.04249 0.06667 0.11579 ( 1)  0.600 +-  1.049
 123 L   0.35399 0.08570 0.06989 0.06205 0.05674 0.05246 0.04866 0.04518 0.04251 0.06670 0.11612 ( 1)  0.601 +-  1.052
 124 G   0.35342 0.08556 0.06980 0.06198 0.05670 0.05244 0.04866 0.04520 0.04254 0.06675 0.11695 ( 1)  0.605 +-  1.060
 125 S   0.35459 0.08585 0.07000 0.06212 0.05678 0.05248 0.04866 0.04517 0.04248 0.06666 0.11521 ( 1)  0.597 +-  1.041
 126 I   0.35372 0.08563 0.06985 0.06202 0.05672 0.05245 0.04866 0.04519 0.04252 0.06673 0.11651 ( 1)  0.603 +-  1.056
 127 A   0.35415 0.08574 0.06992 0.06207 0.05675 0.05247 0.04866 0.04518 0.04250 0.06670 0.11586 ( 1)  0.600 +-  1.048
 128 R   0.35544 0.08606 0.07014 0.06221 0.05684 0.05251 0.04867 0.04515 0.04245 0.06661 0.11392 ( 1)  0.591 +-  1.026
 129 S   0.35446 0.08582 0.06997 0.06210 0.05677 0.05248 0.04866 0.04517 0.04249 0.06668 0.11538 ( 1)  0.598 +-  1.043
 130 Y   0.35487 0.08592 0.07004 0.06215 0.05680 0.05249 0.04866 0.04516 0.04247 0.06664 0.11480 ( 1)  0.595 +-  1.037
 131 S   0.35524 0.08601 0.07010 0.06219 0.05682 0.05250 0.04866 0.04515 0.04245 0.06662 0.11426 ( 1)  0.593 +-  1.031
 132 D   0.35397 0.08570 0.06989 0.06205 0.05674 0.05246 0.04866 0.04518 0.04251 0.06671 0.11613 ( 1)  0.601 +-  1.051
 133 P   0.35420 0.08575 0.06993 0.06207 0.05675 0.05246 0.04866 0.04517 0.04249 0.06668 0.11585 ( 1)  0.600 +-  1.049
 134 D   0.35397 0.08570 0.06989 0.06205 0.05674 0.05246 0.04866 0.04518 0.04251 0.06671 0.11613 ( 1)  0.601 +-  1.051
 135 L   0.35399 0.08570 0.06989 0.06205 0.05674 0.05246 0.04866 0.04518 0.04251 0.06670 0.11612 ( 1)  0.601 +-  1.052
 136 P   0.35376 0.08564 0.06986 0.06202 0.05672 0.05245 0.04865 0.04518 0.04251 0.06671 0.11649 ( 1)  0.603 +-  1.056
 137 S   0.35446 0.08582 0.06997 0.06210 0.05677 0.05248 0.04866 0.04517 0.04249 0.06668 0.11538 ( 1)  0.598 +-  1.043
 138 S   0.35446 0.08582 0.06997 0.06210 0.05677 0.05248 0.04866 0.04517 0.04249 0.06668 0.11538 ( 1)  0.598 +-  1.043
 139 N   0.35334 0.08554 0.06979 0.06197 0.05669 0.05243 0.04865 0.04519 0.04253 0.06674 0.11713 ( 1)  0.606 +-  1.064
 140 S   0.35411 0.08573 0.06992 0.06206 0.05675 0.05247 0.04866 0.04518 0.04250 0.06670 0.11593 ( 1)  0.600 +-  1.049
 141 A   0.35371 0.08563 0.06985 0.06202 0.05672 0.05245 0.04866 0.04519 0.04252 0.06673 0.11652 ( 1)  0.603 +-  1.056
 142 A   0.35474 0.08589 0.07002 0.06213 0.05679 0.05249 0.04866 0.04517 0.04248 0.06666 0.11497 ( 1)  0.596 +-  1.038
 143 Q   0.35200 0.08521 0.06956 0.06181 0.05658 0.05238 0.04864 0.04521 0.04258 0.06681 0.11922 ( 1)  0.615 +-  1.088
 144 F   0.35429 0.08577 0.06995 0.06208 0.05676 0.05248 0.04867 0.04518 0.04250 0.06669 0.11563 ( 1)  0.599 +-  1.045
 145 N   0.35373 0.08564 0.06985 0.06201 0.05671 0.05245 0.04865 0.04518 0.04251 0.06671 0.11655 ( 1)  0.603 +-  1.057
 146 Y   0.35487 0.08592 0.07004 0.06215 0.05680 0.05249 0.04866 0.04516 0.04247 0.06664 0.11480 ( 1)  0.595 +-  1.037
 147 K   0.35425 0.08576 0.06994 0.06207 0.05675 0.05246 0.04865 0.04517 0.04249 0.06667 0.11579 ( 1)  0.600 +-  1.049
 148 D   0.35444 0.08581 0.06997 0.06210 0.05677 0.05248 0.04866 0.04517 0.04249 0.06668 0.11544 ( 1)  0.598 +-  1.044
 149 S   0.35411 0.08573 0.06992 0.06206 0.05675 0.05247 0.04866 0.04518 0.04250 0.06670 0.11593 ( 1)  0.600 +-  1.049
 150 P   0.35376 0.08564 0.06986 0.06202 0.05672 0.05245 0.04865 0.04518 0.04251 0.06671 0.11649 ( 1)  0.603 +-  1.056
 151 L   0.35295 0.08544 0.06972 0.06193 0.05666 0.05242 0.04865 0.04520 0.04255 0.06677 0.11770 ( 1)  0.608 +-  1.069
 152 S   0.35524 0.08601 0.07010 0.06219 0.05682 0.05250 0.04866 0.04515 0.04245 0.06662 0.11426 ( 1)  0.593 +-  1.031
 153 S   0.35524 0.08601 0.07010 0.06219 0.05682 0.05250 0.04866 0.04515 0.04245 0.06662 0.11426 ( 1)  0.593 +-  1.031
 154 S   0.35399 0.08570 0.06990 0.06205 0.05674 0.05246 0.04866 0.04519 0.04251 0.06671 0.11609 ( 1)  0.601 +-  1.051
 155 L   0.35295 0.08544 0.06972 0.06193 0.05666 0.05242 0.04865 0.04520 0.04255 0.06677 0.11770 ( 1)  0.608 +-  1.069
 156 K   0.35453 0.08583 0.06998 0.06210 0.05677 0.05247 0.04865 0.04516 0.04247 0.06665 0.11538 ( 1)  0.598 +-  1.045

Positively selected sites

	Prob(w>1)  mean w


