Supplemental results for CODEML (seqf: algn  treef: tree)


dN/dS (w) for site classes (K=3)

p:   0.91412  0.00000  0.08588
w:   0.00000  1.00000 566.12536

Naive Empirical Bayes (NEB) probabilities for 3 classes & postmean_w & P(w>1)
(amino acids refer to 1st sequence: Mlig.32166)

   1 R   0.99681 0.00000 0.00319 ( 1)  1.807  0.003
   2 S   0.99827 0.00000 0.00173 ( 1)  0.979  0.002
   3 L   0.99593 0.00000 0.00407 ( 1)  2.302  0.004
   4 I   0.99822 0.00000 0.00178 ( 1)  1.008  0.002
   5 T   0.99733 0.00000 0.00267 ( 1)  1.510  0.003
   6 S   0.99806 0.00000 0.00194 ( 1)  1.100  0.002
   7 V   0.99841 0.00000 0.00159 ( 1)  0.903  0.002
   8 M   0.99870 0.00000 0.00130 ( 1)  0.737  0.001
   9 Q   0.99725 0.00000 0.00275 ( 1)  1.559  0.003
  10 H   0.99796 0.00000 0.00204 ( 1)  1.155  0.002
  11 L   0.99593 0.00000 0.00407 ( 1)  2.302  0.004
  12 T   0.99790 0.00000 0.00210 ( 1)  1.189  0.002
  13 R   0.99600 0.00000 0.00400 ( 1)  2.266  0.004
  14 I   0.99888 0.00000 0.00112 ( 1)  0.632  0.001
  15 S   0.99847 0.00000 0.00153 ( 1)  0.865  0.002
  16 R   0.99600 0.00000 0.00400 ( 1)  2.266  0.004
  17 A   0.99771 0.00000 0.00229 ( 1)  1.297  0.002
  18 L   0.99593 0.00000 0.00407 ( 1)  2.302  0.004
  19 L   0.99675 0.00000 0.00325 ( 1)  1.838  0.003
  20 P   0.99524 0.00000 0.00476 ( 1)  2.694  0.005
  21 R   0.99600 0.00000 0.00400 ( 1)  2.266  0.004
  22 L   0.99593 0.00000 0.00407 ( 1)  2.302  0.004
  23 S   0.99806 0.00000 0.00194 ( 1)  1.100  0.002
  24 T   0.99733 0.00000 0.00267 ( 1)  1.510  0.003
  25 I   0.99888 0.00000 0.00112 ( 1)  0.632  0.001
  26 G   0.99843 0.00000 0.00157 ( 1)  0.889  0.002
  27 A   0.99771 0.00000 0.00229 ( 1)  1.297  0.002
  28 H   0.99643 0.00000 0.00357 ( 1)  2.023  0.004
  29 R   0.99600 0.00000 0.00400 ( 1)  2.266  0.004
  30 R   0.99600 0.00000 0.00400 ( 1)  2.266  0.004
  31 C   0.99871 0.00000 0.00129 ( 1)  0.728  0.001
  32 P   0.99504 0.00000 0.00496 ( 1)  2.805  0.005
  33 T   0.99793 0.00000 0.00207 ( 1)  1.175  0.002
  34 L   0.99693 0.00000 0.00307 ( 1)  1.740  0.003
  35 Q   0.99725 0.00000 0.00275 ( 1)  1.559  0.003
  36 Q   0.99725 0.00000 0.00275 ( 1)  1.559  0.003
  37 L   0.99675 0.00000 0.00325 ( 1)  1.838  0.003
  38 S   0.99840 0.00000 0.00160 ( 1)  0.907  0.002
  39 R   0.99678 0.00000 0.00322 ( 1)  1.825  0.003
  40 P   0.99524 0.00000 0.00476 ( 1)  2.694  0.005
  41 A   0.99820 0.00000 0.00180 ( 1)  1.019  0.002
  42 A   0.99807 0.00000 0.00193 ( 1)  1.093  0.002
  43 P   0.99524 0.00000 0.00476 ( 1)  2.694  0.005
  44 P   0.99524 0.00000 0.00476 ( 1)  2.694  0.005
  45 L   0.99675 0.00000 0.00325 ( 1)  1.838  0.003
  46 L   0.99898 0.00000 0.00102 ( 1)  0.578  0.001
  47 P   0.99504 0.00000 0.00496 ( 1)  2.805  0.005
  48 V   0.99841 0.00000 0.00159 ( 1)  0.903  0.002
  49 S   0.99807 0.00000 0.00193 ( 1)  1.092  0.002
  50 A   0.99820 0.00000 0.00180 ( 1)  1.019  0.002
  51 I   0.99822 0.00000 0.00178 ( 1)  1.008  0.002
  52 A   0.99807 0.00000 0.00193 ( 1)  1.093  0.002
  53 S   0.99806 0.00000 0.00194 ( 1)  1.100  0.002
  54 S   0.99840 0.00000 0.00160 ( 1)  0.907  0.002
  55 P   0.99524 0.00000 0.00476 ( 1)  2.694  0.005
  56 I   0.99888 0.00000 0.00112 ( 1)  0.632  0.001
  57 S   0.99896 0.00000 0.00104 ( 1)  0.588  0.001
  58 R   0.99699 0.00000 0.00301 ( 1)  1.704  0.003
  59 C   0.99871 0.00000 0.00129 ( 1)  0.728  0.001
  60 L   0.99693 0.00000 0.00307 ( 1)  1.740  0.003
  61 A   0.99784 0.00000 0.00216 ( 1)  1.225  0.002
  62 T   0.99733 0.00000 0.00267 ( 1)  1.510  0.003
  63 S   0.99827 0.00000 0.00173 ( 1)  0.979  0.002
  64 S   0.99827 0.00000 0.00173 ( 1)  0.979  0.002
  65 S   0.99827 0.00000 0.00173 ( 1)  0.979  0.002
  66 H   0.99643 0.00000 0.00357 ( 1)  2.023  0.004
  67 D   0.99855 0.00000 0.00145 ( 1)  0.823  0.001
  68 A   0.89189 0.00000 0.10811 ( 1) 61.204  0.108
  69 K   0.99943 0.00000 0.00057 ( 1)  0.322  0.001
  70 L   0.99675 0.00000 0.00325 ( 1)  1.838  0.003
  71 S   0.99827 0.00000 0.00173 ( 1)  0.979  0.002
  72 S   0.99840 0.00000 0.00160 ( 1)  0.907  0.002
  73 L   0.99675 0.00000 0.00325 ( 1)  1.838  0.003
  74 L   0.99898 0.00000 0.00102 ( 1)  0.578  0.001
  75 D   0.99855 0.00000 0.00145 ( 1)  0.823  0.001
  76 S   0.99827 0.00000 0.00173 ( 1)  0.979  0.002
  77 E   0.99889 0.00000 0.00111 ( 1)  0.631  0.001
  78 L   0.99675 0.00000 0.00325 ( 1)  1.838  0.003
  79 Q   0.99725 0.00000 0.00275 ( 1)  1.559  0.003
  80 Y   0.99873 0.00000 0.00127 ( 1)  0.721  0.001
  81 E   0.99889 0.00000 0.00111 ( 1)  0.631  0.001
  82 R   0.99600 0.00000 0.00400 ( 1)  2.266  0.004
  83 A   0.99807 0.00000 0.00193 ( 1)  1.093  0.002
  84 S   0.99807 0.00000 0.00193 ( 1)  1.092  0.002
  85 D   0.99855 0.00000 0.00145 ( 1)  0.823  0.001
  86 Q   0.99725 0.00000 0.00275 ( 1)  1.559  0.003
  87 Q   0.99725 0.00000 0.00275 ( 1)  1.559  0.003
  88 Q   0.99725 0.00000 0.00275 ( 1)  1.559  0.003
  89 Q   0.99725 0.00000 0.00275 ( 1)  1.559  0.003
  90 Q   0.00000 0.00000 1.00000 ( 3) 566.123  1.000
  91 Q   0.00000 0.00000 1.00000 ( 3) 566.125  1.000
  92 S   0.00000 0.00000 1.00000 ( 3) 566.125  1.000
  93 R   0.00000 0.00000 1.00000 ( 3) 566.125  1.000
  94 Q   0.00000 0.00000 1.00000 ( 3) 566.125  1.000
  95 Q   0.00000 0.00000 1.00000 ( 3) 566.125  1.000
  96 P   0.00000 0.00000 1.00000 ( 3) 566.125  1.000
  97 S   0.00000 0.00000 1.00000 ( 3) 566.125  1.000

Positively selected sites

	Prob(w>1)  mean w

    90 Q      1.000**       566.123
    91 Q      1.000**       566.125
    92 S      1.000**       566.125
    93 R      1.000**       566.125
    94 Q      1.000**       566.125
    95 Q      1.000**       566.125
    96 P      1.000**       566.125
    97 S      1.000**       566.125


lnL =  -451.366390

Bayes Empirical Bayes (BEB) probabilities for 3 classes (class) & postmean_w
(amino acids refer to 1st sequence: Mlig.32166)

   1 R   0.50199 0.32209 0.17592 ( 1)  2.027 +-  3.172
   2 S   0.53656 0.33570 0.12774 ( 1)  1.614 +-  2.737
   3 L   0.54450 0.33785 0.11765 ( 1)  1.529 +-  2.634
   4 I   0.53546 0.33530 0.12924 ( 1)  1.627 +-  2.752
   5 T   0.53733 0.33580 0.12686 ( 1)  1.607 +-  2.729
   6 S   0.49858 0.32065 0.18077 ( 1)  2.069 +-  3.211
   7 V   0.52956 0.33317 0.13726 ( 1)  1.695 +-  2.832
   8 M   0.53180 0.33403 0.13417 ( 1)  1.669 +-  2.801
   9 Q   0.54651 0.33879 0.11469 ( 1)  1.504 +-  2.600
  10 H   0.52771 0.33244 0.13985 ( 1)  1.718 +-  2.857
  11 L   0.54450 0.33785 0.11765 ( 1)  1.529 +-  2.634
  12 T   0.50954 0.32527 0.16519 ( 1)  1.935 +-  3.084
  13 R   0.54444 0.33784 0.11772 ( 1)  1.530 +-  2.634
  14 I   0.51123 0.32600 0.16277 ( 1)  1.914 +-  3.064
  15 S   0.52307 0.33069 0.14624 ( 1)  1.772 +-  2.917
  16 R   0.54444 0.33784 0.11772 ( 1)  1.530 +-  2.634
  17 A   0.53657 0.33561 0.12782 ( 1)  1.615 +-  2.738
  18 L   0.54450 0.33785 0.11765 ( 1)  1.529 +-  2.634
  19 L   0.53093 0.33337 0.13570 ( 1)  1.683 +-  2.818
  20 P   0.53283 0.33375 0.13341 ( 1)  1.664 +-  2.797
  21 R   0.54444 0.33784 0.11772 ( 1)  1.530 +-  2.634
  22 L   0.54450 0.33785 0.11765 ( 1)  1.529 +-  2.634
  23 S   0.49858 0.32065 0.18077 ( 1)  2.069 +-  3.211
  24 T   0.53733 0.33580 0.12686 ( 1)  1.607 +-  2.729
  25 I   0.51123 0.32600 0.16277 ( 1)  1.914 +-  3.064
  26 G   0.52925 0.33306 0.13768 ( 1)  1.699 +-  2.836
  27 A   0.53657 0.33561 0.12782 ( 1)  1.615 +-  2.738
  28 H   0.55464 0.34101 0.10435 ( 1)  1.417 +-  2.484
  29 R   0.54444 0.33784 0.11772 ( 1)  1.530 +-  2.634
  30 R   0.54444 0.33784 0.11772 ( 1)  1.530 +-  2.634
  31 C   0.53083 0.33369 0.13548 ( 1)  1.680 +-  2.814
  32 P   0.50520 0.32341 0.17139 ( 1)  1.988 +-  3.136
  33 T   0.52734 0.33225 0.14041 ( 1)  1.722 +-  2.863
  34 L   0.50387 0.32289 0.17324 ( 1)  2.004 +-  3.151
  35 Q   0.54651 0.33879 0.11469 ( 1)  1.504 +-  2.600
  36 Q   0.54651 0.33879 0.11469 ( 1)  1.504 +-  2.600
  37 L   0.53093 0.33337 0.13570 ( 1)  1.683 +-  2.818
  38 S   0.50867 0.32493 0.16640 ( 1)  1.945 +-  3.094
  39 R   0.52981 0.33297 0.13722 ( 1)  1.695 +-  2.833
  40 P   0.51381 0.32688 0.15932 ( 1)  1.884 +-  3.035
  41 A   0.52662 0.33202 0.14136 ( 1)  1.730 +-  2.871
  42 A   0.50902 0.32507 0.16592 ( 1)  1.941 +-  3.090
  43 P   0.51381 0.32688 0.15932 ( 1)  1.884 +-  3.035
  44 P   0.51381 0.32688 0.15932 ( 1)  1.884 +-  3.035
  45 L   0.53093 0.33337 0.13570 ( 1)  1.683 +-  2.818
  46 L   0.51112 0.32594 0.16294 ( 1)  1.915 +-  3.065
  47 P   0.50520 0.32341 0.17139 ( 1)  1.988 +-  3.136
  48 V   0.52956 0.33317 0.13726 ( 1)  1.695 +-  2.832
  49 S   0.53610 0.33551 0.12839 ( 1)  1.620 +-  2.743
  50 A   0.52662 0.33202 0.14136 ( 1)  1.730 +-  2.871
  51 I   0.53546 0.33530 0.12924 ( 1)  1.627 +-  2.752
  52 A   0.50902 0.32507 0.16592 ( 1)  1.941 +-  3.090
  53 S   0.49858 0.32065 0.18077 ( 1)  2.069 +-  3.211
  54 S   0.50867 0.32493 0.16640 ( 1)  1.945 +-  3.094
  55 P   0.53283 0.33375 0.13341 ( 1)  1.664 +-  2.797
  56 I   0.51123 0.32600 0.16277 ( 1)  1.914 +-  3.064
  57 S   0.51277 0.32664 0.16059 ( 1)  1.895 +-  3.045
  58 R   0.51394 0.32702 0.15904 ( 1)  1.882 +-  3.032
  59 C   0.53083 0.33369 0.13548 ( 1)  1.680 +-  2.814
  60 L   0.50387 0.32289 0.17324 ( 1)  2.004 +-  3.151
  61 A   0.50155 0.32193 0.17652 ( 1)  2.032 +-  3.177
  62 T   0.53733 0.33580 0.12686 ( 1)  1.607 +-  2.729
  63 S   0.53656 0.33570 0.12774 ( 1)  1.614 +-  2.737
  64 S   0.53656 0.33570 0.12774 ( 1)  1.614 +-  2.737
  65 S   0.53656 0.33570 0.12774 ( 1)  1.614 +-  2.737
  66 H   0.55464 0.34101 0.10435 ( 1)  1.417 +-  2.484
  67 D   0.53376 0.33475 0.13149 ( 1)  1.646 +-  2.774
  68 A   0.52308 0.33056 0.14636 ( 1)  1.773 +-  2.919
  69 K   0.50736 0.32441 0.16824 ( 1)  1.961 +-  3.110
  70 L   0.53093 0.33337 0.13570 ( 1)  1.683 +-  2.818
  71 S   0.53656 0.33570 0.12774 ( 1)  1.614 +-  2.737
  72 S   0.50867 0.32493 0.16640 ( 1)  1.945 +-  3.094
  73 L   0.53093 0.33337 0.13570 ( 1)  1.683 +-  2.818
  74 L   0.51112 0.32594 0.16294 ( 1)  1.915 +-  3.065
  75 D   0.53376 0.33475 0.13149 ( 1)  1.646 +-  2.774
  76 S   0.53656 0.33570 0.12774 ( 1)  1.614 +-  2.737
  77 E   0.52392 0.33107 0.14501 ( 1)  1.762 +-  2.905
  78 L   0.53093 0.33337 0.13570 ( 1)  1.683 +-  2.818
  79 Q   0.54651 0.33879 0.11469 ( 1)  1.504 +-  2.600
  80 Y   0.52753 0.33245 0.14002 ( 1)  1.719 +-  2.858
  81 E   0.52392 0.33107 0.14501 ( 1)  1.762 +-  2.905
  82 R   0.54444 0.33784 0.11772 ( 1)  1.530 +-  2.634
  83 A   0.50902 0.32507 0.16592 ( 1)  1.941 +-  3.090
  84 S   0.53610 0.33551 0.12839 ( 1)  1.620 +-  2.743
  85 D   0.53376 0.33475 0.13149 ( 1)  1.646 +-  2.774
  86 Q   0.54651 0.33879 0.11469 ( 1)  1.504 +-  2.600
  87 Q   0.54651 0.33879 0.11469 ( 1)  1.504 +-  2.600
  88 Q   0.54651 0.33879 0.11469 ( 1)  1.504 +-  2.600
  89 Q   0.54651 0.33879 0.11469 ( 1)  1.504 +-  2.600
  90 Q   0.12355 0.20551 0.67094 ( 3)  6.290 +-  4.059
  91 Q   0.02977 0.06740 0.90284 ( 3)  8.222 +-  2.856
  92 S   0.00299 0.01058 0.98644 ( 3)  8.893 +-  1.859
  93 R   0.02977 0.06740 0.90284 ( 3)  8.222 +-  2.856
  94 Q   0.10265 0.17398 0.72337 ( 3)  6.739 +-  3.909
  95 Q   0.00219 0.00825 0.98956 ( 3)  8.917 +-  1.808
  96 P   0.10278 0.17418 0.72304 ( 3)  6.736 +-  3.911
  97 S   0.11439 0.19103 0.69458 ( 3)  6.497 +-  4.001

Positively selected sites

	Prob(w>1)  mean w

    90 Q      0.671         6.290 +- 4.059
    91 Q      0.903         8.222 +- 2.856
    92 S      0.986*        8.893 +- 1.859
    93 R      0.903         8.222 +- 2.856
    94 Q      0.723         6.739 +- 3.909
    95 Q      0.990*        8.917 +- 1.808
    96 P      0.723         6.736 +- 3.911
    97 S      0.695         6.497 +- 4.001

