Supplemental results for CODEML (seqf: algn  treef: tree)


dN/dS (w) for site classes (K=9)

p:   0.12180  0.12180  0.12180  0.12180  0.12180  0.12180  0.12180  0.12180  0.02559
w:   0.00000  0.00000  0.00000  0.00000  0.00000  0.00000  0.00000  0.00000 999.00000

Naive Empirical Bayes (NEB) probabilities for 9 classes & postmean_w & P(w>1)
(amino acids refer to 1st sequence: Mlig.2893)

   1 T   0.12363 0.12363 0.12363 0.12363 0.12363 0.12363 0.12363 0.12363 0.01092 ( 1) 10.913  0.011
   2 D   0.12424 0.12424 0.12424 0.12424 0.12424 0.12424 0.12424 0.12424 0.00604 ( 3)  6.035  0.006
   3 Y   0.12449 0.12449 0.12449 0.12449 0.12449 0.12449 0.12449 0.12449 0.00412 ( 5)  4.113  0.004
   4 A   0.12422 0.12422 0.12422 0.12422 0.12422 0.12422 0.12422 0.12422 0.00621 ( 2)  6.206  0.006
   5 R   0.12406 0.12406 0.12406 0.12406 0.12406 0.12406 0.12406 0.12406 0.00756 ( 6)  7.551  0.008
   6 R   0.12330 0.12330 0.12330 0.12330 0.12330 0.12330 0.12330 0.12330 0.01356 ( 2) 13.549  0.014
   7 S   0.12443 0.12443 0.12443 0.12443 0.12443 0.12443 0.12443 0.12443 0.00458 ( 1)  4.580  0.005
   8 E   0.12424 0.12424 0.12424 0.12424 0.12424 0.12424 0.12424 0.12424 0.00606 ( 5)  6.057  0.006
   9 C   0.12422 0.12422 0.12422 0.12422 0.12422 0.12422 0.12422 0.12422 0.00627 ( 6)  6.261  0.006
  10 I   0.00000 0.00000 0.00000 0.00000 0.00000 0.00000 0.00000 0.00000 1.00000 ( 9) 999.000  1.000
  11 C   0.12422 0.12422 0.12422 0.12422 0.12422 0.12422 0.12422 0.12422 0.00627 ( 6)  6.261  0.006
  12 N   0.12419 0.12419 0.12419 0.12419 0.12419 0.12419 0.12419 0.12419 0.00647 ( 3)  6.460  0.006
  13 L   0.12345 0.12345 0.12345 0.12345 0.12345 0.12345 0.12345 0.12345 0.01243 ( 3) 12.417  0.012
  14 D   0.12424 0.12424 0.12424 0.12424 0.12424 0.12424 0.12424 0.12424 0.00604 ( 3)  6.035  0.006
  15 N   0.12419 0.12419 0.12419 0.12419 0.12419 0.12419 0.12419 0.12419 0.00647 ( 3)  6.460  0.006
  16 W   0.12434 0.12434 0.12434 0.12434 0.12434 0.12434 0.12434 0.12434 0.00531 ( 1)  5.302  0.005
  17 E   0.12424 0.12424 0.12424 0.12424 0.12424 0.12424 0.12424 0.12424 0.00606 ( 5)  6.057  0.006
  18 Q   0.12374 0.12374 0.12374 0.12374 0.12374 0.12374 0.12374 0.12374 0.01006 ( 3) 10.047  0.010
  19 Q   0.12374 0.12374 0.12374 0.12374 0.12374 0.12374 0.12374 0.12374 0.01006 ( 3) 10.047  0.010
  20 P   0.12391 0.12391 0.12391 0.12391 0.12391 0.12391 0.12391 0.12391 0.00870 ( 6)  8.688  0.009
  21 G   0.12404 0.12404 0.12404 0.12404 0.12404 0.12404 0.12404 0.12404 0.00771 ( 6)  7.699  0.008
  22 Q   0.12374 0.12374 0.12374 0.12374 0.12374 0.12374 0.12374 0.12374 0.01006 ( 3) 10.047  0.010
  23 M   0.12427 0.12427 0.12427 0.12427 0.12427 0.12427 0.12427 0.12427 0.00583 ( 2)  5.826  0.006
  24 Q   0.12374 0.12374 0.12374 0.12374 0.12374 0.12374 0.12374 0.12374 0.01006 ( 3) 10.047  0.010
  25 V   0.12423 0.12423 0.12423 0.12423 0.12423 0.12423 0.12423 0.12423 0.00613 ( 2)  6.120  0.006
  26 Q   0.12374 0.12374 0.12374 0.12374 0.12374 0.12374 0.12374 0.12374 0.01006 ( 3) 10.047  0.010
  27 S   0.12399 0.12399 0.12399 0.12399 0.12399 0.12399 0.12399 0.12399 0.00806 ( 2)  8.054  0.008
  28 R   0.12389 0.12389 0.12389 0.12389 0.12389 0.12389 0.12389 0.12389 0.00887 ( 3)  8.861  0.009
  29 S   0.12415 0.12415 0.12415 0.12415 0.12415 0.12415 0.12415 0.12415 0.00682 ( 6)  6.818  0.007
  30 T   0.12363 0.12363 0.12363 0.12363 0.12363 0.12363 0.12363 0.12363 0.01092 ( 1) 10.913  0.011
  31 R   0.12368 0.12368 0.12368 0.12368 0.12368 0.12368 0.12368 0.12368 0.01055 ( 3) 10.539  0.011
  32 D   0.12424 0.12424 0.12424 0.12424 0.12424 0.12424 0.12424 0.12424 0.00604 ( 3)  6.035  0.006
  33 D   0.12424 0.12424 0.12424 0.12424 0.12424 0.12424 0.12424 0.12424 0.00604 ( 3)  6.035  0.006
  34 F   0.12441 0.12441 0.12441 0.12441 0.12441 0.12441 0.12441 0.12441 0.00470 ( 2)  4.696  0.005
  35 S   0.12415 0.12415 0.12415 0.12415 0.12415 0.12415 0.12415 0.12415 0.00682 ( 6)  6.818  0.007
  36 V   0.12423 0.12423 0.12423 0.12423 0.12423 0.12423 0.12423 0.12423 0.00613 ( 2)  6.120  0.006
  37 A   0.12422 0.12422 0.12422 0.12422 0.12422 0.12422 0.12422 0.12422 0.00621 ( 2)  6.206  0.006
  38 A   0.12420 0.12420 0.12420 0.12420 0.12420 0.12420 0.12420 0.12420 0.00636 ( 5)  6.356  0.006
  39 M   0.12427 0.12427 0.12427 0.12427 0.12427 0.12427 0.12427 0.12427 0.00583 ( 2)  5.826  0.006
  40 S   0.12415 0.12415 0.12415 0.12415 0.12415 0.12415 0.12415 0.12415 0.00682 ( 6)  6.818  0.007
  41 L   0.12361 0.12361 0.12361 0.12361 0.12361 0.12361 0.12361 0.12361 0.01114 ( 5) 11.134  0.011
  42 A   0.12420 0.12420 0.12420 0.12420 0.12420 0.12420 0.12420 0.12420 0.00636 ( 5)  6.356  0.006
  43 L   0.12361 0.12361 0.12361 0.12361 0.12361 0.12361 0.12361 0.12361 0.01114 ( 5) 11.134  0.011
  44 L   0.12388 0.12388 0.12388 0.12388 0.12388 0.12388 0.12388 0.12388 0.00900 ( 5)  8.987  0.009
  45 R   0.12368 0.12368 0.12368 0.12368 0.12368 0.12368 0.12368 0.12368 0.01055 ( 3) 10.539  0.011
  46 L   0.12361 0.12361 0.12361 0.12361 0.12361 0.12361 0.12361 0.12361 0.01114 ( 5) 11.134  0.011
  47 Q   0.12374 0.12374 0.12374 0.12374 0.12374 0.12374 0.12374 0.12374 0.01006 ( 3) 10.047  0.010
  48 G   0.12411 0.12411 0.12411 0.12411 0.12411 0.12411 0.12411 0.12411 0.00716 ( 2)  7.152  0.007
  49 A   0.12420 0.12420 0.12420 0.12420 0.12420 0.12420 0.12420 0.12420 0.00636 ( 5)  6.356  0.006
  50 S   0.12399 0.12399 0.12399 0.12399 0.12399 0.12399 0.12399 0.12399 0.00806 ( 2)  8.054  0.008
  51 R   0.12330 0.12330 0.12330 0.12330 0.12330 0.12330 0.12330 0.12330 0.01356 ( 2) 13.549  0.014
  52 D   0.12424 0.12424 0.12424 0.12424 0.12424 0.12424 0.12424 0.12424 0.00604 ( 3)  6.035  0.006
  53 W   0.12434 0.12434 0.12434 0.12434 0.12434 0.12434 0.12434 0.12434 0.00531 ( 1)  5.302  0.005
  54 R   0.12389 0.12389 0.12389 0.12389 0.12389 0.12389 0.12389 0.12389 0.00887 ( 3)  8.861  0.009
  55 T   0.12388 0.12388 0.12388 0.12388 0.12388 0.12388 0.12388 0.12388 0.00892 ( 3)  8.914  0.009
  56 F   0.12441 0.12441 0.12441 0.12441 0.12441 0.12441 0.12441 0.12441 0.00470 ( 2)  4.696  0.005
  57 S   0.12415 0.12415 0.12415 0.12415 0.12415 0.12415 0.12415 0.12415 0.00682 ( 6)  6.818  0.007
  58 D   0.12424 0.12424 0.12424 0.12424 0.12424 0.12424 0.12424 0.12424 0.00604 ( 3)  6.035  0.006
  59 S   0.12415 0.12415 0.12415 0.12415 0.12415 0.12415 0.12415 0.12415 0.00682 ( 6)  6.818  0.007
  60 E   0.12414 0.12414 0.12414 0.12414 0.12414 0.12414 0.12414 0.12414 0.00685 ( 5)  6.838  0.007
  61 D   0.12424 0.12424 0.12424 0.12424 0.12424 0.12424 0.12424 0.12424 0.00604 ( 3)  6.035  0.006
  62 S   0.12443 0.12443 0.12443 0.12443 0.12443 0.12443 0.12443 0.12443 0.00458 ( 1)  4.580  0.005
  63 N   0.12419 0.12419 0.12419 0.12419 0.12419 0.12419 0.12419 0.12419 0.00647 ( 3)  6.460  0.006
  64 W   0.12434 0.12434 0.12434 0.12434 0.12434 0.12434 0.12434 0.12434 0.00531 ( 1)  5.302  0.005
  65 S   0.12415 0.12415 0.12415 0.12415 0.12415 0.12415 0.12415 0.12415 0.00682 ( 6)  6.818  0.007
  66 R   0.12375 0.12375 0.12375 0.12375 0.12375 0.12375 0.12375 0.12375 0.00997 ( 6)  9.957  0.010
  67 R   0.12375 0.12375 0.12375 0.12375 0.12375 0.12375 0.12375 0.12375 0.00997 ( 6)  9.957  0.010
  68 R   0.12368 0.12368 0.12368 0.12368 0.12368 0.12368 0.12368 0.12368 0.01055 ( 3) 10.539  0.011
  69 R   0.12368 0.12368 0.12368 0.12368 0.12368 0.12368 0.12368 0.12368 0.01055 ( 3) 10.539  0.011
  70 Q   0.12374 0.12374 0.12374 0.12374 0.12374 0.12374 0.12374 0.12374 0.01006 ( 3) 10.047  0.010
  71 L   0.12350 0.12350 0.12350 0.12350 0.12350 0.12350 0.12350 0.12350 0.01197 ( 5) 11.961  0.012
  72 S   0.12437 0.12437 0.12437 0.12437 0.12437 0.12437 0.12437 0.12437 0.00504 ( 2)  5.037  0.005
  73 R   0.12389 0.12389 0.12389 0.12389 0.12389 0.12389 0.12389 0.12389 0.00887 ( 3)  8.861  0.009
  74 C   0.12446 0.12446 0.12446 0.12446 0.12446 0.12446 0.12446 0.12446 0.00434 ( 2)  4.337  0.004
  75 R   0.12414 0.12414 0.12414 0.12414 0.12414 0.12414 0.12414 0.12414 0.00685 ( 5)  6.845  0.007
  76 H   0.12395 0.12395 0.12395 0.12395 0.12395 0.12395 0.12395 0.12395 0.00840 ( 5)  8.390  0.008
  77 R   0.12389 0.12389 0.12389 0.12389 0.12389 0.12389 0.12389 0.12389 0.00887 ( 3)  8.861  0.009
  78 R   0.12389 0.12389 0.12389 0.12389 0.12389 0.12389 0.12389 0.12389 0.00887 ( 3)  8.861  0.009
  79 R   0.12368 0.12368 0.12368 0.12368 0.12368 0.12368 0.12368 0.12368 0.01055 ( 3) 10.539  0.011
  80 K   0.12419 0.12419 0.12419 0.12419 0.12419 0.12419 0.12419 0.12419 0.00649 ( 2)  6.484  0.006
  81 Q   0.12339 0.12339 0.12339 0.12339 0.12339 0.12339 0.12339 0.12339 0.01284 ( 3) 12.828  0.013
  82 I   0.12413 0.12413 0.12413 0.12413 0.12413 0.12413 0.12413 0.12413 0.00700 ( 1)  6.989  0.007
  83 Q   0.12374 0.12374 0.12374 0.12374 0.12374 0.12374 0.12374 0.12374 0.01006 ( 3) 10.047  0.010
  84 F   0.12441 0.12441 0.12441 0.12441 0.12441 0.12441 0.12441 0.12441 0.00470 ( 2)  4.696  0.005
  85 G   0.12420 0.12420 0.12420 0.12420 0.12420 0.12420 0.12420 0.12420 0.00638 ( 3)  6.373  0.006
  86 R   0.12406 0.12406 0.12406 0.12406 0.12406 0.12406 0.12406 0.12406 0.00756 ( 6)  7.551  0.008
  87 F   0.12441 0.12441 0.12441 0.12441 0.12441 0.12441 0.12441 0.12441 0.00470 ( 2)  4.696  0.005
  88 D   0.12424 0.12424 0.12424 0.12424 0.12424 0.12424 0.12424 0.12424 0.00604 ( 3)  6.035  0.006
  89 K   0.12419 0.12419 0.12419 0.12419 0.12419 0.12419 0.12419 0.12419 0.00649 ( 2)  6.484  0.006
  90 K   0.12419 0.12419 0.12419 0.12419 0.12419 0.12419 0.12419 0.12419 0.00649 ( 2)  6.484  0.006
  91 I   0.12362 0.12362 0.12362 0.12362 0.12362 0.12362 0.12362 0.12362 0.01103 ( 1) 11.018  0.011
  92 R   0.12406 0.12406 0.12406 0.12406 0.12406 0.12406 0.12406 0.12406 0.00756 ( 6)  7.551  0.008
  93 E   0.12424 0.12424 0.12424 0.12424 0.12424 0.12424 0.12424 0.12424 0.00606 ( 5)  6.057  0.006
  94 P   0.12356 0.12356 0.12356 0.12356 0.12356 0.12356 0.12356 0.12356 0.01154 ( 2) 11.527  0.012
  95 P   0.00000 0.00000 0.00000 0.00000 0.00000 0.00000 0.00000 0.00000 1.00000 ( 9) 999.000  1.000
  96 E   0.12424 0.12424 0.12424 0.12424 0.12424 0.12424 0.12424 0.12424 0.00606 ( 5)  6.057  0.006
  97 P   0.12383 0.12383 0.12383 0.12383 0.12383 0.12383 0.12383 0.12383 0.00940 ( 2)  9.389  0.009
  98 L   0.12350 0.12350 0.12350 0.12350 0.12350 0.12350 0.12350 0.12350 0.01197 ( 5) 11.961  0.012
  99 Q   0.12339 0.12339 0.12339 0.12339 0.12339 0.12339 0.12339 0.12339 0.01284 ( 3) 12.828  0.013
 100 G   0.12420 0.12420 0.12420 0.12420 0.12420 0.12420 0.12420 0.12420 0.00638 ( 3)  6.373  0.006
 101 E   0.12414 0.12414 0.12414 0.12414 0.12414 0.12414 0.12414 0.12414 0.00685 ( 5)  6.838  0.007
 102 P   0.12347 0.12347 0.12347 0.12347 0.12347 0.12347 0.12347 0.12347 0.01221 ( 3) 12.197  0.012
 103 F   0.12441 0.12441 0.12441 0.12441 0.12441 0.12441 0.12441 0.12441 0.00470 ( 2)  4.696  0.005
 104 R   0.12368 0.12368 0.12368 0.12368 0.12368 0.12368 0.12368 0.12368 0.01055 ( 3) 10.539  0.011
 105 L   0.12361 0.12361 0.12361 0.12361 0.12361 0.12361 0.12361 0.12361 0.01114 ( 5) 11.134  0.011
 106 K   0.12410 0.12410 0.12410 0.12410 0.12410 0.12410 0.12410 0.12410 0.00722 ( 2)  7.215  0.007
 107 E   0.12414 0.12414 0.12414 0.12414 0.12414 0.12414 0.12414 0.12414 0.00685 ( 5)  6.838  0.007
 108 T   0.12421 0.12421 0.12421 0.12421 0.12421 0.12421 0.12421 0.12421 0.00631 ( 3)  6.307  0.006
 109 N   0.12419 0.12419 0.12419 0.12419 0.12419 0.12419 0.12419 0.12419 0.00647 ( 3)  6.460  0.006
 110 G   0.12420 0.12420 0.12420 0.12420 0.12420 0.12420 0.12420 0.12420 0.00638 ( 3)  6.373  0.006
 111 K   0.12410 0.12410 0.12410 0.12410 0.12410 0.12410 0.12410 0.12410 0.00722 ( 2)  7.215  0.007
 112 A   0.12420 0.12420 0.12420 0.12420 0.12420 0.12420 0.12420 0.12420 0.00636 ( 5)  6.356  0.006

Positively selected sites

	Prob(w>1)  mean w

    10 I      1.000**       999.000
    95 P      1.000**       999.000


lnL =  -451.339128

Bayes Empirical Bayes (BEB) probabilities for 11 classes (class) & postmean_w
(amino acids refer to 1st sequence: Mlig.2893)

   1 T   0.08356 0.03465 0.03286 0.03255 0.03263 0.03285 0.03324 0.03412 0.03684 0.09714 0.54954 (11)  3.586 +-  3.393
   2 D   0.08515 0.03528 0.03344 0.03310 0.03316 0.03336 0.03373 0.03461 0.03734 0.09840 0.54243 (11)  3.536 +-  3.381
   3 Y   0.08501 0.03523 0.03339 0.03306 0.03311 0.03331 0.03369 0.03457 0.03730 0.09829 0.54304 (11)  3.540 +-  3.382
   4 A   0.08417 0.03489 0.03308 0.03277 0.03283 0.03304 0.03343 0.03431 0.03704 0.09763 0.54680 (11)  3.567 +-  3.389
   5 R   0.08397 0.03481 0.03301 0.03270 0.03276 0.03298 0.03337 0.03425 0.03697 0.09747 0.54770 (11)  3.573 +-  3.390
   6 R   0.08370 0.03470 0.03291 0.03260 0.03267 0.03289 0.03328 0.03417 0.03689 0.09725 0.54894 (11)  3.582 +-  3.392
   7 S   0.08417 0.03489 0.03308 0.03276 0.03283 0.03304 0.03343 0.03431 0.03704 0.09763 0.54681 (11)  3.567 +-  3.389
   8 E   0.08502 0.03523 0.03339 0.03306 0.03311 0.03332 0.03369 0.03457 0.03730 0.09830 0.54301 (11)  3.540 +-  3.382
   9 C   0.08381 0.03475 0.03295 0.03264 0.03271 0.03293 0.03332 0.03420 0.03692 0.09734 0.54844 (11)  3.578 +-  3.392
  10 I   0.00208 0.00254 0.00400 0.00552 0.00709 0.00870 0.01036 0.01222 0.01485 0.04263 0.89002 (11)  5.816 +-  3.039
  11 C   0.08381 0.03475 0.03295 0.03264 0.03271 0.03293 0.03332 0.03420 0.03692 0.09734 0.54844 (11)  3.578 +-  3.392
  12 N   0.08515 0.03528 0.03344 0.03310 0.03316 0.03336 0.03373 0.03461 0.03734 0.09840 0.54242 (11)  3.535 +-  3.381
  13 L   0.08354 0.03464 0.03285 0.03255 0.03262 0.03284 0.03323 0.03412 0.03684 0.09713 0.54964 (11)  3.587 +-  3.394
  14 D   0.08515 0.03528 0.03344 0.03310 0.03316 0.03336 0.03373 0.03461 0.03734 0.09840 0.54243 (11)  3.536 +-  3.381
  15 N   0.08515 0.03528 0.03344 0.03310 0.03316 0.03336 0.03373 0.03461 0.03734 0.09840 0.54242 (11)  3.535 +-  3.381
  16 W   0.08440 0.03498 0.03317 0.03284 0.03291 0.03312 0.03350 0.03438 0.03711 0.09781 0.54578 (11)  3.559 +-  3.387
  17 E   0.08502 0.03523 0.03339 0.03306 0.03311 0.03332 0.03369 0.03457 0.03730 0.09830 0.54301 (11)  3.540 +-  3.382
  18 Q   0.08439 0.03498 0.03316 0.03284 0.03290 0.03311 0.03350 0.03438 0.03711 0.09780 0.54582 (11)  3.560 +-  3.387
  19 Q   0.08439 0.03498 0.03316 0.03284 0.03290 0.03311 0.03350 0.03438 0.03711 0.09780 0.54582 (11)  3.560 +-  3.387
  20 P   0.08418 0.03490 0.03308 0.03277 0.03283 0.03305 0.03343 0.03431 0.03704 0.09763 0.54678 (11)  3.567 +-  3.389
  21 G   0.08384 0.03476 0.03296 0.03265 0.03272 0.03294 0.03333 0.03421 0.03693 0.09737 0.54829 (11)  3.577 +-  3.391
  22 Q   0.08439 0.03498 0.03316 0.03284 0.03290 0.03311 0.03350 0.03438 0.03711 0.09780 0.54582 (11)  3.560 +-  3.387
  23 M   0.08436 0.03497 0.03315 0.03283 0.03289 0.03310 0.03349 0.03437 0.03710 0.09778 0.54595 (11)  3.561 +-  3.387
  24 Q   0.08439 0.03498 0.03316 0.03284 0.03290 0.03311 0.03350 0.03438 0.03711 0.09780 0.54582 (11)  3.560 +-  3.387
  25 V   0.08418 0.03489 0.03308 0.03277 0.03283 0.03304 0.03343 0.03431 0.03704 0.09763 0.54680 (11)  3.567 +-  3.389
  26 Q   0.08439 0.03498 0.03316 0.03284 0.03290 0.03311 0.03350 0.03438 0.03711 0.09780 0.54582 (11)  3.560 +-  3.387
  27 S   0.08384 0.03476 0.03296 0.03265 0.03272 0.03294 0.03333 0.03421 0.03693 0.09737 0.54829 (11)  3.577 +-  3.391
  28 R   0.08500 0.03522 0.03338 0.03305 0.03310 0.03331 0.03369 0.03456 0.03729 0.09828 0.54312 (11)  3.540 +-  3.382
  29 S   0.08515 0.03528 0.03344 0.03310 0.03316 0.03336 0.03373 0.03461 0.03734 0.09840 0.54245 (11)  3.536 +-  3.381
  30 T   0.08356 0.03465 0.03286 0.03255 0.03263 0.03285 0.03324 0.03412 0.03684 0.09714 0.54954 (11)  3.586 +-  3.393
  31 R   0.08488 0.03517 0.03334 0.03301 0.03307 0.03327 0.03365 0.03452 0.03726 0.09818 0.54366 (11)  3.544 +-  3.383
  32 D   0.08515 0.03528 0.03344 0.03310 0.03316 0.03336 0.03373 0.03461 0.03734 0.09840 0.54243 (11)  3.536 +-  3.381
  33 D   0.08515 0.03528 0.03344 0.03310 0.03316 0.03336 0.03373 0.03461 0.03734 0.09840 0.54243 (11)  3.536 +-  3.381
  34 F   0.08418 0.03490 0.03309 0.03277 0.03283 0.03305 0.03343 0.03431 0.03704 0.09764 0.54676 (11)  3.566 +-  3.389
  35 S   0.08515 0.03528 0.03344 0.03310 0.03316 0.03336 0.03373 0.03461 0.03734 0.09840 0.54245 (11)  3.536 +-  3.381
  36 V   0.08418 0.03489 0.03308 0.03277 0.03283 0.03304 0.03343 0.03431 0.03704 0.09763 0.54680 (11)  3.567 +-  3.389
  37 A   0.08417 0.03489 0.03308 0.03277 0.03283 0.03304 0.03343 0.03431 0.03704 0.09763 0.54680 (11)  3.567 +-  3.389
  38 A   0.08424 0.03492 0.03311 0.03279 0.03285 0.03307 0.03345 0.03433 0.03706 0.09768 0.54650 (11)  3.565 +-  3.388
  39 M   0.08436 0.03497 0.03315 0.03283 0.03289 0.03310 0.03349 0.03437 0.03710 0.09778 0.54595 (11)  3.561 +-  3.387
  40 S   0.08515 0.03528 0.03344 0.03310 0.03316 0.03336 0.03373 0.03461 0.03734 0.09840 0.54245 (11)  3.536 +-  3.381
  41 L   0.08383 0.03475 0.03296 0.03264 0.03272 0.03293 0.03332 0.03420 0.03693 0.09735 0.54837 (11)  3.578 +-  3.391
  42 A   0.08424 0.03492 0.03311 0.03279 0.03285 0.03307 0.03345 0.03433 0.03706 0.09768 0.54650 (11)  3.565 +-  3.388
  43 L   0.08383 0.03475 0.03296 0.03264 0.03272 0.03293 0.03332 0.03420 0.03693 0.09735 0.54837 (11)  3.578 +-  3.391
  44 L   0.08417 0.03489 0.03308 0.03276 0.03283 0.03304 0.03343 0.03431 0.03703 0.09762 0.54683 (11)  3.567 +-  3.389
  45 R   0.08488 0.03517 0.03334 0.03301 0.03307 0.03327 0.03365 0.03452 0.03726 0.09818 0.54366 (11)  3.544 +-  3.383
  46 L   0.08383 0.03475 0.03296 0.03264 0.03272 0.03293 0.03332 0.03420 0.03693 0.09735 0.54837 (11)  3.578 +-  3.391
  47 Q   0.08439 0.03498 0.03316 0.03284 0.03290 0.03311 0.03350 0.03438 0.03711 0.09780 0.54582 (11)  3.560 +-  3.387
  48 G   0.08397 0.03481 0.03301 0.03270 0.03276 0.03298 0.03337 0.03425 0.03697 0.09747 0.54770 (11)  3.573 +-  3.390
  49 A   0.08424 0.03492 0.03311 0.03279 0.03285 0.03307 0.03345 0.03433 0.03706 0.09768 0.54650 (11)  3.565 +-  3.388
  50 S   0.08384 0.03476 0.03296 0.03265 0.03272 0.03294 0.03333 0.03421 0.03693 0.09737 0.54829 (11)  3.577 +-  3.391
  51 R   0.08370 0.03470 0.03291 0.03260 0.03267 0.03289 0.03328 0.03417 0.03689 0.09725 0.54894 (11)  3.582 +-  3.392
  52 D   0.08515 0.03528 0.03344 0.03310 0.03316 0.03336 0.03373 0.03461 0.03734 0.09840 0.54243 (11)  3.536 +-  3.381
  53 W   0.08440 0.03498 0.03317 0.03284 0.03291 0.03312 0.03350 0.03438 0.03711 0.09781 0.54578 (11)  3.559 +-  3.387
  54 R   0.08500 0.03522 0.03338 0.03305 0.03310 0.03331 0.03369 0.03456 0.03729 0.09828 0.54312 (11)  3.540 +-  3.382
  55 T   0.08363 0.03468 0.03289 0.03258 0.03265 0.03287 0.03326 0.03415 0.03687 0.09720 0.54924 (11)  3.584 +-  3.393
  56 F   0.08418 0.03490 0.03309 0.03277 0.03283 0.03305 0.03343 0.03431 0.03704 0.09764 0.54676 (11)  3.566 +-  3.389
  57 S   0.08515 0.03528 0.03344 0.03310 0.03316 0.03336 0.03373 0.03461 0.03734 0.09840 0.54245 (11)  3.536 +-  3.381
  58 D   0.08515 0.03528 0.03344 0.03310 0.03316 0.03336 0.03373 0.03461 0.03734 0.09840 0.54243 (11)  3.536 +-  3.381
  59 S   0.08515 0.03528 0.03344 0.03310 0.03316 0.03336 0.03373 0.03461 0.03734 0.09840 0.54245 (11)  3.536 +-  3.381
  60 E   0.08397 0.03481 0.03301 0.03270 0.03276 0.03298 0.03337 0.03425 0.03697 0.09747 0.54770 (11)  3.573 +-  3.390
  61 D   0.08515 0.03528 0.03344 0.03310 0.03316 0.03336 0.03373 0.03461 0.03734 0.09840 0.54243 (11)  3.536 +-  3.381
  62 S   0.08417 0.03489 0.03308 0.03276 0.03283 0.03304 0.03343 0.03431 0.03704 0.09763 0.54681 (11)  3.567 +-  3.389
  63 N   0.08515 0.03528 0.03344 0.03310 0.03316 0.03336 0.03373 0.03461 0.03734 0.09840 0.54242 (11)  3.535 +-  3.381
  64 W   0.08440 0.03498 0.03317 0.03284 0.03291 0.03312 0.03350 0.03438 0.03711 0.09781 0.54578 (11)  3.559 +-  3.387
  65 S   0.08515 0.03528 0.03344 0.03310 0.03316 0.03336 0.03373 0.03461 0.03734 0.09840 0.54245 (11)  3.536 +-  3.381
  66 R   0.08380 0.03474 0.03295 0.03263 0.03271 0.03292 0.03331 0.03420 0.03692 0.09733 0.54850 (11)  3.579 +-  3.392
  67 R   0.08380 0.03474 0.03295 0.03263 0.03271 0.03292 0.03331 0.03420 0.03692 0.09733 0.54850 (11)  3.579 +-  3.392
  68 R   0.08488 0.03517 0.03334 0.03301 0.03307 0.03327 0.03365 0.03452 0.03726 0.09818 0.54366 (11)  3.544 +-  3.383
  69 R   0.08488 0.03517 0.03334 0.03301 0.03307 0.03327 0.03365 0.03452 0.03726 0.09818 0.54366 (11)  3.544 +-  3.383
  70 Q   0.08439 0.03498 0.03316 0.03284 0.03290 0.03311 0.03350 0.03438 0.03711 0.09780 0.54582 (11)  3.560 +-  3.387
  71 L   0.08354 0.03464 0.03285 0.03255 0.03262 0.03284 0.03323 0.03412 0.03684 0.09713 0.54965 (11)  3.587 +-  3.394
  72 S   0.08411 0.03487 0.03306 0.03274 0.03281 0.03302 0.03341 0.03429 0.03702 0.09758 0.54710 (11)  3.569 +-  3.389
  73 R   0.08500 0.03522 0.03338 0.03305 0.03310 0.03331 0.03369 0.03456 0.03729 0.09828 0.54312 (11)  3.540 +-  3.382
  74 C   0.08505 0.03524 0.03340 0.03307 0.03312 0.03332 0.03370 0.03458 0.03731 0.09832 0.54289 (11)  3.539 +-  3.382
  75 R   0.08502 0.03523 0.03339 0.03306 0.03311 0.03331 0.03369 0.03457 0.03730 0.09829 0.54303 (11)  3.540 +-  3.382
  76 H   0.08503 0.03524 0.03339 0.03306 0.03312 0.03332 0.03370 0.03457 0.03731 0.09830 0.54296 (11)  3.539 +-  3.382
  77 R   0.08500 0.03522 0.03338 0.03305 0.03310 0.03331 0.03369 0.03456 0.03729 0.09828 0.54312 (11)  3.540 +-  3.382
  78 R   0.08500 0.03522 0.03338 0.03305 0.03310 0.03331 0.03369 0.03456 0.03729 0.09828 0.54312 (11)  3.540 +-  3.382
  79 R   0.08488 0.03517 0.03334 0.03301 0.03307 0.03327 0.03365 0.03452 0.03726 0.09818 0.54366 (11)  3.544 +-  3.383
  80 K   0.08502 0.03523 0.03339 0.03306 0.03311 0.03332 0.03369 0.03457 0.03730 0.09830 0.54301 (11)  3.540 +-  3.382
  81 Q   0.08372 0.03471 0.03292 0.03261 0.03268 0.03290 0.03329 0.03417 0.03689 0.09727 0.54883 (11)  3.581 +-  3.392
  82 I   0.08424 0.03492 0.03311 0.03279 0.03285 0.03307 0.03345 0.03433 0.03706 0.09768 0.54650 (11)  3.565 +-  3.388
  83 Q   0.08439 0.03498 0.03316 0.03284 0.03290 0.03311 0.03350 0.03438 0.03711 0.09780 0.54582 (11)  3.560 +-  3.387
  84 F   0.08418 0.03490 0.03309 0.03277 0.03283 0.03305 0.03343 0.03431 0.03704 0.09764 0.54676 (11)  3.566 +-  3.389
  85 G   0.08515 0.03528 0.03344 0.03310 0.03316 0.03336 0.03373 0.03461 0.03734 0.09840 0.54243 (11)  3.535 +-  3.381
  86 R   0.08397 0.03481 0.03301 0.03270 0.03276 0.03298 0.03337 0.03425 0.03697 0.09747 0.54770 (11)  3.573 +-  3.390
  87 F   0.08418 0.03490 0.03309 0.03277 0.03283 0.03305 0.03343 0.03431 0.03704 0.09764 0.54676 (11)  3.566 +-  3.389
  88 D   0.08515 0.03528 0.03344 0.03310 0.03316 0.03336 0.03373 0.03461 0.03734 0.09840 0.54243 (11)  3.536 +-  3.381
  89 K   0.08502 0.03523 0.03339 0.03306 0.03311 0.03332 0.03369 0.03457 0.03730 0.09830 0.54301 (11)  3.540 +-  3.382
  90 K   0.08502 0.03523 0.03339 0.03306 0.03311 0.03332 0.03369 0.03457 0.03730 0.09830 0.54301 (11)  3.540 +-  3.382
  91 I   0.08356 0.03465 0.03286 0.03255 0.03263 0.03285 0.03324 0.03412 0.03684 0.09714 0.54954 (11)  3.586 +-  3.393
  92 R   0.08397 0.03481 0.03301 0.03270 0.03276 0.03298 0.03337 0.03425 0.03697 0.09747 0.54770 (11)  3.573 +-  3.390
  93 E   0.08502 0.03523 0.03339 0.03306 0.03311 0.03332 0.03369 0.03457 0.03730 0.09830 0.54301 (11)  3.540 +-  3.382
  94 P   0.08361 0.03467 0.03288 0.03257 0.03264 0.03286 0.03325 0.03414 0.03686 0.09718 0.54934 (11)  3.585 +-  3.393
  95 P   0.00208 0.00254 0.00400 0.00553 0.00710 0.00870 0.01037 0.01223 0.01486 0.04265 0.88995 (11)  5.816 +-  3.039
  96 E   0.08502 0.03523 0.03339 0.03306 0.03311 0.03332 0.03369 0.03457 0.03730 0.09830 0.54301 (11)  3.540 +-  3.382
  97 P   0.08412 0.03487 0.03306 0.03275 0.03281 0.03302 0.03341 0.03429 0.03702 0.09758 0.54706 (11)  3.569 +-  3.389
  98 L   0.08354 0.03464 0.03285 0.03255 0.03262 0.03284 0.03323 0.03412 0.03684 0.09713 0.54965 (11)  3.587 +-  3.394
  99 Q   0.08372 0.03471 0.03292 0.03261 0.03268 0.03290 0.03329 0.03417 0.03689 0.09727 0.54883 (11)  3.581 +-  3.392
 100 G   0.08515 0.03528 0.03344 0.03310 0.03316 0.03336 0.03373 0.03461 0.03734 0.09840 0.54243 (11)  3.535 +-  3.381
 101 E   0.08397 0.03481 0.03301 0.03270 0.03276 0.03298 0.03337 0.03425 0.03697 0.09747 0.54770 (11)  3.573 +-  3.390
 102 P   0.08355 0.03464 0.03285 0.03255 0.03262 0.03284 0.03323 0.03412 0.03684 0.09713 0.54963 (11)  3.587 +-  3.394
 103 F   0.08418 0.03490 0.03309 0.03277 0.03283 0.03305 0.03343 0.03431 0.03704 0.09764 0.54676 (11)  3.566 +-  3.389
 104 R   0.08488 0.03517 0.03334 0.03301 0.03307 0.03327 0.03365 0.03452 0.03726 0.09818 0.54366 (11)  3.544 +-  3.383
 105 L   0.08383 0.03475 0.03296 0.03264 0.03272 0.03293 0.03332 0.03420 0.03693 0.09735 0.54837 (11)  3.578 +-  3.391
 106 K   0.08398 0.03481 0.03301 0.03270 0.03277 0.03298 0.03337 0.03425 0.03697 0.09747 0.54769 (11)  3.573 +-  3.390
 107 E   0.08397 0.03481 0.03301 0.03270 0.03276 0.03298 0.03337 0.03425 0.03697 0.09747 0.54770 (11)  3.573 +-  3.390
 108 T   0.08417 0.03489 0.03308 0.03277 0.03283 0.03304 0.03343 0.03431 0.03704 0.09763 0.54680 (11)  3.567 +-  3.389
 109 N   0.08515 0.03528 0.03344 0.03310 0.03316 0.03336 0.03373 0.03461 0.03734 0.09840 0.54242 (11)  3.535 +-  3.381
 110 G   0.08515 0.03528 0.03344 0.03310 0.03316 0.03336 0.03373 0.03461 0.03734 0.09840 0.54243 (11)  3.535 +-  3.381
 111 K   0.08398 0.03481 0.03301 0.03270 0.03277 0.03298 0.03337 0.03425 0.03697 0.09747 0.54769 (11)  3.573 +-  3.390
 112 A   0.08424 0.03492 0.03311 0.03279 0.03285 0.03307 0.03345 0.03433 0.03706 0.09768 0.54650 (11)  3.565 +-  3.388

Positively selected sites

	Prob(w>1)  mean w

     1 T      0.550         3.586 +- 3.393
     2 D      0.542         3.536 +- 3.381
     3 Y      0.543         3.540 +- 3.382
     4 A      0.547         3.567 +- 3.389
     5 R      0.548         3.573 +- 3.390
     6 R      0.549         3.582 +- 3.392
     7 S      0.547         3.567 +- 3.389
     8 E      0.543         3.540 +- 3.382
     9 C      0.548         3.578 +- 3.392
    10 I      0.890         5.816 +- 3.039
    11 C      0.548         3.578 +- 3.392
    12 N      0.542         3.535 +- 3.381
    13 L      0.550         3.587 +- 3.394
    14 D      0.542         3.536 +- 3.381
    15 N      0.542         3.535 +- 3.381
    16 W      0.546         3.559 +- 3.387
    17 E      0.543         3.540 +- 3.382
    18 Q      0.546         3.560 +- 3.387
    19 Q      0.546         3.560 +- 3.387
    20 P      0.547         3.567 +- 3.389
    21 G      0.548         3.577 +- 3.391
    22 Q      0.546         3.560 +- 3.387
    23 M      0.546         3.561 +- 3.387
    24 Q      0.546         3.560 +- 3.387
    25 V      0.547         3.567 +- 3.389
    26 Q      0.546         3.560 +- 3.387
    27 S      0.548         3.577 +- 3.391
    28 R      0.543         3.540 +- 3.382
    29 S      0.542         3.536 +- 3.381
    30 T      0.550         3.586 +- 3.393
    31 R      0.544         3.544 +- 3.383
    32 D      0.542         3.536 +- 3.381
    33 D      0.542         3.536 +- 3.381
    34 F      0.547         3.566 +- 3.389
    35 S      0.542         3.536 +- 3.381
    36 V      0.547         3.567 +- 3.389
    37 A      0.547         3.567 +- 3.389
    38 A      0.547         3.565 +- 3.388
    39 M      0.546         3.561 +- 3.387
    40 S      0.542         3.536 +- 3.381
    41 L      0.548         3.578 +- 3.391
    42 A      0.547         3.565 +- 3.388
    43 L      0.548         3.578 +- 3.391
    44 L      0.547         3.567 +- 3.389
    45 R      0.544         3.544 +- 3.383
    46 L      0.548         3.578 +- 3.391
    47 Q      0.546         3.560 +- 3.387
    48 G      0.548         3.573 +- 3.390
    49 A      0.547         3.565 +- 3.388
    50 S      0.548         3.577 +- 3.391
    51 R      0.549         3.582 +- 3.392
    52 D      0.542         3.536 +- 3.381
    53 W      0.546         3.559 +- 3.387
    54 R      0.543         3.540 +- 3.382
    55 T      0.549         3.584 +- 3.393
    56 F      0.547         3.566 +- 3.389
    57 S      0.542         3.536 +- 3.381
    58 D      0.542         3.536 +- 3.381
    59 S      0.542         3.536 +- 3.381
    60 E      0.548         3.573 +- 3.390
    61 D      0.542         3.536 +- 3.381
    62 S      0.547         3.567 +- 3.389
    63 N      0.542         3.535 +- 3.381
    64 W      0.546         3.559 +- 3.387
    65 S      0.542         3.536 +- 3.381
    66 R      0.548         3.579 +- 3.392
    67 R      0.548         3.579 +- 3.392
    68 R      0.544         3.544 +- 3.383
    69 R      0.544         3.544 +- 3.383
    70 Q      0.546         3.560 +- 3.387
    71 L      0.550         3.587 +- 3.394
    72 S      0.547         3.569 +- 3.389
    73 R      0.543         3.540 +- 3.382
    74 C      0.543         3.539 +- 3.382
    75 R      0.543         3.540 +- 3.382
    76 H      0.543         3.539 +- 3.382
    77 R      0.543         3.540 +- 3.382
    78 R      0.543         3.540 +- 3.382
    79 R      0.544         3.544 +- 3.383
    80 K      0.543         3.540 +- 3.382
    81 Q      0.549         3.581 +- 3.392
    82 I      0.547         3.565 +- 3.388
    83 Q      0.546         3.560 +- 3.387
    84 F      0.547         3.566 +- 3.389
    85 G      0.542         3.535 +- 3.381
    86 R      0.548         3.573 +- 3.390
    87 F      0.547         3.566 +- 3.389
    88 D      0.542         3.536 +- 3.381
    89 K      0.543         3.540 +- 3.382
    90 K      0.543         3.540 +- 3.382
    91 I      0.550         3.586 +- 3.393
    92 R      0.548         3.573 +- 3.390
    93 E      0.543         3.540 +- 3.382
    94 P      0.549         3.585 +- 3.393
    95 P      0.890         5.816 +- 3.039
    96 E      0.543         3.540 +- 3.382
    97 P      0.547         3.569 +- 3.389
    98 L      0.550         3.587 +- 3.394
    99 Q      0.549         3.581 +- 3.392
   100 G      0.542         3.535 +- 3.381
   101 E      0.548         3.573 +- 3.390
   102 P      0.550         3.587 +- 3.394
   103 F      0.547         3.566 +- 3.389
   104 R      0.544         3.544 +- 3.383
   105 L      0.548         3.578 +- 3.391
   106 K      0.548         3.573 +- 3.390
   107 E      0.548         3.573 +- 3.390
   108 T      0.547         3.567 +- 3.389
   109 N      0.542         3.535 +- 3.381
   110 G      0.542         3.535 +- 3.381
   111 K      0.548         3.573 +- 3.390
   112 A      0.547         3.565 +- 3.388

