Supplemental results for CODEML (seqf: algn  treef: tree)


dN/dS (w) for site classes (K=2)

p:   0.46247  0.53753
w:   0.06051  1.00000

Naive Empirical Bayes (NEB) probabilities for 2 classes & postmean_w
(amino acids refer to 1st sequence: Mlig.14356)

   1 M   0.73881 0.26119 ( 1)  0.306
   2 P   0.59752 0.40248 ( 1)  0.439
   3 V   0.81573 0.18427 ( 1)  0.234
   4 D   0.78901 0.21099 ( 1)  0.259
   5 F   0.66723 0.33277 ( 1)  0.373
   6 D   0.85617 0.14383 ( 1)  0.196
   7 I   0.83544 0.16456 ( 1)  0.215
   8 G   0.71094 0.28906 ( 1)  0.332
   9 A   0.76471 0.23529 ( 1)  0.282
  10 F   0.68814 0.31186 ( 1)  0.353
  11 I   0.66980 0.33020 ( 1)  0.371
  12 E   0.79969 0.20031 ( 1)  0.249
  13 N   0.76009 0.23991 ( 1)  0.286
  14 C   0.66730 0.33270 ( 1)  0.373
  15 R   0.74823 0.25177 ( 1)  0.297
  16 G   0.74992 0.25008 ( 1)  0.295
  17 T   0.73079 0.26921 ( 1)  0.313
  18 K   0.76769 0.23231 ( 1)  0.279
  19 P   0.79435 0.20565 ( 1)  0.254
  20 P   0.71253 0.28747 ( 1)  0.331
  21 Y   0.69444 0.30556 ( 1)  0.348
  22 P   0.62839 0.37161 ( 1)  0.410
  23 C   0.60551 0.39449 ( 1)  0.431
  24 P   0.64858 0.35142 ( 1)  0.391
  25 V   0.67838 0.32162 ( 1)  0.363
  26 Q   0.79999 0.20001 ( 1)  0.248
  27 E   0.83955 0.16045 ( 1)  0.211
  28 C   0.66809 0.33191 ( 1)  0.372
  29 G   0.62508 0.37492 ( 1)  0.413
  30 A   0.68043 0.31957 ( 1)  0.361
  31 V   0.72230 0.27770 ( 1)  0.321
  32 Y   0.87409 0.12591 ( 1)  0.179
  33 K   0.82637 0.17363 ( 1)  0.224
  34 T   0.68370 0.31630 ( 1)  0.358
  35 F   0.83136 0.16864 ( 1)  0.219
  36 Q   0.84900 0.15100 ( 1)  0.202
  37 G   0.86480 0.13520 ( 1)  0.188
  38 I   0.61135 0.38865 ( 1)  0.426
  39 R   0.63559 0.36441 ( 1)  0.403
  40 G   0.81455 0.18545 ( 1)  0.235
  41 H   0.86933 0.13067 ( 1)  0.183
  42 M   0.72407 0.27593 ( 1)  0.320
  43 E   0.85709 0.14291 ( 1)  0.195
  44 K   0.76723 0.23277 ( 1)  0.279
  45 S   0.69554 0.30446 ( 1)  0.347
  46 H   0.83920 0.16080 ( 1)  0.212
  47 G   0.71149 0.28851 ( 1)  0.332
  48 G   0.78373 0.21627 ( 1)  0.264
  49 P   0.81055 0.18945 ( 1)  0.239
  50 S   0.80333 0.19667 ( 1)  0.245
  51 A   0.71684 0.28316 ( 1)  0.327
  52 S   0.68337 0.31663 ( 1)  0.358
  53 T   0.72344 0.27656 ( 1)  0.320
  54 T   0.68370 0.31630 ( 1)  0.358
  55 S   0.76881 0.23119 ( 1)  0.278
  56 D   0.81603 0.18397 ( 1)  0.233
  57 G   0.86557 0.13443 ( 1)  0.187
  58 P   0.80197 0.19803 ( 1)  0.247
  59 A   0.77520 0.22480 ( 1)  0.272
  60 G   0.68483 0.31517 ( 1)  0.357
  61 A   0.82099 0.17901 ( 1)  0.229
  62 S   0.74864 0.25136 ( 1)  0.297
  63 F   0.84924 0.15076 ( 1)  0.202
  64 A   0.79696 0.20304 ( 1)  0.251
  65 D   0.85752 0.14248 ( 1)  0.194
  66 C   0.67097 0.32903 ( 1)  0.370
  67 S   0.78167 0.21833 ( 1)  0.266
  68 G   0.81585 0.18415 ( 1)  0.234
  69 V   0.78395 0.21605 ( 1)  0.263
  70 A   0.73742 0.26258 ( 1)  0.307
  71 A   0.76169 0.23831 ( 1)  0.284
  72 A   0.73860 0.26140 ( 1)  0.306
  73 S   0.81893 0.18107 ( 1)  0.231
  74 A   0.81664 0.18336 ( 1)  0.233
  75 S   0.88048 0.11952 ( 1)  0.173
  76 A   0.78292 0.21708 ( 1)  0.264
  77 A   0.77625 0.22375 ( 1)  0.271
  78 S   0.78591 0.21409 ( 1)  0.262
  79 G   0.81110 0.18890 ( 1)  0.238
  80 S   0.67149 0.32851 ( 1)  0.369
  81 P   0.81916 0.18084 ( 1)  0.230
  82 D   0.84800 0.15200 ( 1)  0.203
  83 R   0.69113 0.30887 ( 1)  0.351
  84 T   0.79780 0.20220 ( 1)  0.250
  85 G   0.72721 0.27279 ( 1)  0.317
  86 A   0.70019 0.29981 ( 1)  0.342
  87 S   0.80013 0.19987 ( 1)  0.248
  88 L   0.60781 0.39219 ( 1)  0.429
  89 S   0.73560 0.26440 ( 1)  0.309
  90 T   0.71515 0.28485 ( 1)  0.328
  91 S   0.69834 0.30166 ( 1)  0.344
  92 E   0.78866 0.21134 ( 1)  0.259
  93 Q   0.80442 0.19558 ( 1)  0.244
  94 Q   0.78845 0.21155 ( 1)  0.259
  95 L   0.61505 0.38495 ( 1)  0.422
  96 T   0.68880 0.31120 ( 1)  0.353
  97 Y   0.82980 0.17020 ( 1)  0.220
  98 E   0.84845 0.15155 ( 1)  0.203
  99 E   0.79734 0.20266 ( 1)  0.251
 100 S   0.78231 0.21769 ( 1)  0.265
 101 Q   0.74892 0.25108 ( 1)  0.296
 102 R   0.59989 0.40011 ( 1)  0.436
 103 Y   0.84259 0.15741 ( 1)  0.208
 104 V   0.82996 0.17004 ( 1)  0.220
 105 T   0.70516 0.29484 ( 1)  0.338
 106 F   0.70153 0.29847 ( 1)  0.341
 107 E   0.84128 0.15872 ( 1)  0.210
 108 L   0.70747 0.29253 ( 1)  0.335
 109 E   0.80594 0.19406 ( 1)  0.243
 110 G   0.82556 0.17444 ( 1)  0.224
 111 R   0.80015 0.19985 ( 1)  0.248
 112 T   0.66651 0.33349 ( 1)  0.374
 113 V   0.70599 0.29401 ( 1)  0.337
 114 R   0.68500 0.31500 ( 1)  0.356
 115 W   0.65640 0.34360 ( 1)  0.383
 116 P   0.73884 0.26116 ( 1)  0.306
 117 I   0.65511 0.34489 ( 1)  0.385
 118 E   0.76954 0.23046 ( 1)  0.277
 119 E   0.85709 0.14291 ( 1)  0.195
 120 P   0.72065 0.27935 ( 1)  0.323
 121 L   0.66687 0.33313 ( 1)  0.373
 122 H   0.78027 0.21973 ( 1)  0.267
 123 V   0.85194 0.14806 ( 1)  0.200
 124 C   0.67095 0.32905 ( 1)  0.370
 125 I   0.66314 0.33686 ( 1)  0.377
 126 V   0.82951 0.17049 ( 1)  0.221
 127 T   0.69083 0.30917 ( 1)  0.351
 128 Q   0.81124 0.18876 ( 1)  0.238
 129 E   0.86146 0.13854 ( 1)  0.191
 130 D   0.79655 0.20345 ( 1)  0.252
 131 A   0.77826 0.22174 ( 1)  0.269
 132 A   0.79696 0.20304 ( 1)  0.251
 133 S   0.74694 0.25306 ( 1)  0.298
 134 V   0.82074 0.17926 ( 1)  0.229
 135 S   0.78581 0.21419 ( 1)  0.262
 136 G   0.81481 0.18519 ( 1)  0.234
 137 E   0.83986 0.16014 ( 1)  0.211
 138 P   0.81165 0.18835 ( 1)  0.237
 139 E   0.82917 0.17083 ( 1)  0.221
 140 A   0.64333 0.35667 ( 1)  0.396
 141 S   0.79819 0.20181 ( 1)  0.250
 142 N   0.77208 0.22792 ( 1)  0.275
 143 N   0.86076 0.13924 ( 1)  0.191
 144 T   0.72772 0.27228 ( 1)  0.316
 145 A   0.77625 0.22375 ( 1)  0.271
 146 T   0.73113 0.26887 ( 1)  0.313
 147 G   0.62962 0.37038 ( 1)  0.408
 148 S   0.78510 0.21490 ( 1)  0.262
 149 P   0.70339 0.29661 ( 1)  0.339
 150 S   0.69420 0.30580 ( 1)  0.348
 151 P   0.62839 0.37161 ( 1)  0.410
 152 N   0.80849 0.19151 ( 1)  0.240
 153 D   0.79550 0.20450 ( 1)  0.253
 154 V   0.61874 0.38126 ( 1)  0.419
 155 D   0.80844 0.19156 ( 1)  0.240
 156 S   0.65307 0.34693 ( 1)  0.386
 157 T   0.79780 0.20220 ( 1)  0.250
 158 S   0.79977 0.20023 ( 1)  0.249
 159 Q   0.74498 0.25502 ( 1)  0.300
 160 S   0.11376 0.88624 ( 2)  0.893
 161 T   0.81167 0.18833 ( 1)  0.237
 162 T   0.78357 0.21643 ( 1)  0.264
 163 G   0.83284 0.16716 ( 1)  0.218
 164 K   0.92440 0.07560 ( 1)  0.132
 165 P   0.79435 0.20565 ( 1)  0.254
 166 G   0.84018 0.15982 ( 1)  0.211
 167 K   0.89872 0.10128 ( 1)  0.156
 168 P   0.79435 0.20565 ( 1)  0.254
 169 G   0.84108 0.15892 ( 1)  0.210
 170 K   0.92714 0.07286 ( 1)  0.129
 171 P   0.73931 0.26069 ( 1)  0.305
 172 G   0.86557 0.13443 ( 1)  0.187
 173 K   0.92714 0.07286 ( 1)  0.129
 174 P   0.71699 0.28301 ( 1)  0.326
 175 G   0.84018 0.15982 ( 1)  0.211
 176 K   0.89872 0.10128 ( 1)  0.156
 177 T   0.76031 0.23969 ( 1)  0.286
 178 G   0.84018 0.15982 ( 1)  0.211
 179 K   0.87117 0.12883 ( 1)  0.182
 180 A   0.69952 0.30048 ( 1)  0.343
 181 G   0.74400 0.25600 ( 1)  0.301
 182 R   0.74593 0.25407 ( 1)  0.299
 183 H   0.88796 0.11204 ( 1)  0.166
 184 Q   0.85605 0.14395 ( 1)  0.196
 185 Q   0.89406 0.10594 ( 1)  0.160
 186 Q   0.78761 0.21239 ( 1)  0.260
 187 Q   0.76415 0.23585 ( 1)  0.282
 188 Q   0.17606 0.82394 ( 2)  0.835
 189 P   0.16129 0.83871 ( 2)  0.848
 190 H   0.01675 0.98325 ( 2)  0.984
 191 K   0.01080 0.98920 ( 2)  0.990
 192 P   0.06070 0.93930 ( 2)  0.943
 193 R   0.00662 0.99338 ( 2)  0.994
 194 A   0.16330 0.83670 ( 2)  0.847
 195 P   0.12154 0.87846 ( 2)  0.886
 196 R   0.01183 0.98817 ( 2)  0.989
 197 A   0.00964 0.99036 ( 2)  0.991
 198 S   0.00655 0.99345 ( 2)  0.994
 199 S   0.00904 0.99096 ( 2)  0.992
 200 V   0.80908 0.19092 ( 1)  0.240
 201 V   0.00563 0.99437 ( 2)  0.995
 202 P   0.01165 0.98835 ( 2)  0.989
 203 G   0.00442 0.99558 ( 2)  0.996
 204 Q   0.08455 0.91545 ( 2)  0.921
 205 P   0.13251 0.86749 ( 2)  0.876
 206 A   0.00778 0.99222 ( 2)  0.993
 207 S   0.00791 0.99209 ( 2)  0.993
 208 P   0.81165 0.18835 ( 1)  0.237
 209 P   0.01230 0.98770 ( 2)  0.988
 210 G   0.00768 0.99232 ( 2)  0.993
 211 K   0.04194 0.95806 ( 2)  0.961
 212 I   0.00511 0.99489 ( 2)  0.995
 213 P   0.11071 0.88929 ( 2)  0.896
 214 S   0.09065 0.90935 ( 2)  0.915
 215 P   0.08954 0.91046 ( 2)  0.916
 216 R   0.00424 0.99576 ( 2)  0.996
 217 Y   0.01739 0.98261 ( 2)  0.984
 218 E   0.00834 0.99166 ( 2)  0.992
 219 L   0.15890 0.84110 ( 2)  0.851
 220 V   0.10132 0.89868 ( 2)  0.905
 221 D   0.01609 0.98391 ( 2)  0.985
 222 P   0.13489 0.86511 ( 2)  0.873
 223 A   0.00767 0.99233 ( 2)  0.993
 224 Y   0.01033 0.98967 ( 2)  0.990
 225 Q   0.13590 0.86410 ( 2)  0.872
 226 L   0.11757 0.88243 ( 2)  0.890
 227 P   0.00812 0.99188 ( 2)  0.992
 228 K   0.05145 0.94855 ( 2)  0.952
 229 R   0.14369 0.85631 ( 2)  0.865
 230 P   0.13431 0.86569 ( 2)  0.874
 231 A   0.12997 0.87003 ( 2)  0.878
 232 T   0.12553 0.87447 ( 2)  0.882
 233 P   0.00842 0.99158 ( 2)  0.992
 234 E   0.00197 0.99803 ( 2)  0.998
 235 C   0.13042 0.86958 ( 2)  0.877
 236 Y   0.01257 0.98743 ( 2)  0.988
 237 I   0.01606 0.98394 ( 2)  0.985
 238 R   0.00692 0.99308 ( 2)  0.993
 239 Y   0.00364 0.99636 ( 2)  0.997
 240 I   0.00643 0.99357 ( 2)  0.994
 241 E   0.17366 0.82634 ( 2)  0.837
 242 K   0.01320 0.98680 ( 2)  0.988
 243 S   0.00641 0.99359 ( 2)  0.994
 244 A   0.14574 0.85426 ( 2)  0.863
 245 E   0.86883 0.13117 ( 1)  0.184
 246 E   0.00381 0.99619 ( 2)  0.996
 247 L   0.01058 0.98942 ( 2)  0.990
 248 D   0.37542 0.62458 ( 2)  0.647
 249 E   0.01096 0.98904 ( 2)  0.990
 250 L   0.12245 0.87755 ( 2)  0.885
 251 V   0.08498 0.91502 ( 2)  0.920
 252 E   0.02332 0.97668 ( 2)  0.978
 253 Y   0.22758 0.77242 ( 2)  0.786
 254 D   0.00472 0.99528 ( 2)  0.996
 255 L   0.00475 0.99525 ( 2)  0.996
 256 D   0.19140 0.80860 ( 2)  0.820
 257 E   0.72324 0.27676 ( 1)  0.321
 258 E   0.30260 0.69740 ( 2)  0.716
 259 D   0.85609 0.14391 ( 1)  0.196
 260 D   0.00900 0.99100 ( 2)  0.992
 261 R   0.06071 0.93929 ( 2)  0.943
 262 W   0.03231 0.96769 ( 2)  0.970
 263 L   0.00758 0.99242 ( 2)  0.993
 264 A   0.71497 0.28503 ( 1)  0.328
 265 A   0.00653 0.99347 ( 2)  0.994
 266 I   0.12932 0.87068 ( 2)  0.879
 267 N   0.13121 0.86879 ( 2)  0.877
 268 D   0.00909 0.99091 ( 2)  0.991
 269 T   0.01316 0.98684 ( 2)  0.988
 270 R   0.65865 0.34135 ( 1)  0.381
 271 R   0.01112 0.98888 ( 2)  0.990
 272 E   0.00421 0.99579 ( 2)  0.996
 273 R   0.19942 0.80058 ( 2)  0.813
 274 L   0.00736 0.99264 ( 2)  0.993
 275 T   0.00799 0.99201 ( 2)  0.992
 276 V   0.00986 0.99014 ( 2)  0.991
 277 N   0.74348 0.25652 ( 1)  0.302
 278 N   0.00628 0.99372 ( 2)  0.994
 279 R   0.12990 0.87010 ( 2)  0.878
 280 Q   0.19826 0.80174 ( 2)  0.814
 281 P   0.14807 0.85193 ( 2)  0.861
 282 A   0.18866 0.81134 ( 2)  0.823
 283 P   0.00688 0.99312 ( 2)  0.994
 284 V   0.00789 0.99211 ( 2)  0.993
 285 R   0.00442 0.99558 ( 2)  0.996
 286 E   0.24037 0.75963 ( 2)  0.774
 287 D   0.14496 0.85504 ( 2)  0.864
 288 A   0.00674 0.99326 ( 2)  0.994
 289 M   0.00717 0.99283 ( 2)  0.993
 290 E   0.00774 0.99226 ( 2)  0.993
 291 L   0.67822 0.32178 ( 1)  0.363
 292 L   0.18314 0.81686 ( 2)  0.828
 293 M   0.00288 0.99712 ( 2)  0.997
 294 D   0.00258 0.99742 ( 2)  0.998
 295 R   0.00137 0.99863 ( 2)  0.999
 296 F   0.00481 0.99519 ( 2)  0.995
 297 E   0.12341 0.87659 ( 2)  0.884
 298 K   0.15977 0.84023 ( 2)  0.850
 299 E   0.17349 0.82651 ( 2)  0.837
 300 A   0.00691 0.99309 ( 2)  0.994
 301 H   0.00827 0.99173 ( 2)  0.992
 302 F   0.00522 0.99478 ( 2)  0.995
 303 R   0.00964 0.99036 ( 2)  0.991
 304 S   0.11095 0.88905 ( 2)  0.896
 305 T   0.00842 0.99158 ( 2)  0.992
 306 G   0.17976 0.82024 ( 2)  0.831
 307 D   0.26068 0.73932 ( 2)  0.755
 308 H   0.06167 0.93833 ( 2)  0.942
 309 R   0.02850 0.97150 ( 2)  0.973
 310 M   0.00962 0.99038 ( 2)  0.991
 311 E   0.19827 0.80173 ( 2)  0.814
 312 D   0.75458 0.24542 ( 1)  0.291
 313 D   0.79139 0.20861 ( 1)  0.256
 314 D   0.13445 0.86555 ( 2)  0.874
 315 A   0.11988 0.88012 ( 2)  0.887
 316 V   0.00940 0.99060 ( 2)  0.991
 317 C   0.19064 0.80936 ( 2)  0.821
 318 T   0.10839 0.89161 ( 2)  0.898
 319 I   0.01361 0.98639 ( 2)  0.987
 320 C   0.00576 0.99424 ( 2)  0.995
 321 L   0.00471 0.99529 ( 2)  0.996
 322 D   0.07168 0.92832 ( 2)  0.933
 323 G   0.15775 0.84225 ( 2)  0.852
 324 E   0.00270 0.99730 ( 2)  0.997
 325 C   0.11740 0.88260 ( 2)  0.890
 326 Y   0.11113 0.88887 ( 2)  0.896
 327 N   0.12528 0.87472 ( 2)  0.882
 328 T   0.12549 0.87451 ( 2)  0.882
 329 N   0.01217 0.98783 ( 2)  0.989
 330 A   0.00785 0.99215 ( 2)  0.993
 331 I   0.04432 0.95568 ( 2)  0.958
 332 L   0.09265 0.90735 ( 2)  0.913
 333 F   0.22805 0.77195 ( 2)  0.786
 334 C   0.01067 0.98933 ( 2)  0.990
 335 D   0.00373 0.99627 ( 2)  0.997
 336 M   0.00056 0.99944 ( 2)  0.999
 337 C   0.00810 0.99190 ( 2)  0.992
 338 N   0.00072 0.99928 ( 2)  0.999
 339 L   0.00778 0.99222 ( 2)  0.993
 340 A   0.11534 0.88466 ( 2)  0.892
 341 V   0.00595 0.99405 ( 2)  0.994
 342 H   0.20697 0.79303 ( 2)  0.806
 343 Q   0.24901 0.75099 ( 2)  0.766
 344 E   0.00297 0.99703 ( 2)  0.997
 345 C   0.12382 0.87618 ( 2)  0.884
 346 Y   0.00875 0.99125 ( 2)  0.992
 347 G   0.00603 0.99397 ( 2)  0.994
 348 I   0.00424 0.99576 ( 2)  0.996
 349 P   0.00455 0.99545 ( 2)  0.996
 350 Y   0.00398 0.99602 ( 2)  0.996
 351 V   0.01034 0.98966 ( 2)  0.990
 352 P   0.00527 0.99473 ( 2)  0.995
 353 E   0.08903 0.91097 ( 2)  0.916


lnL = -3854.540831

