Supplemental results for CODEML (seqf: algn  treef: tree)


dN/dS (w) for site classes (K=3)

p:   1.00000  0.00000  0.00000
w:   0.73046  1.00000  1.00000

Naive Empirical Bayes (NEB) probabilities for 3 classes & postmean_w
(amino acids refer to 1st sequence: Smed.15733)

   1 M   1.00000 0.00000 0.00000 ( 1)  0.730
   2 E   1.00000 0.00000 0.00000 ( 1)  0.730
   3 I   1.00000 0.00000 0.00000 ( 1)  0.730
   4 I   1.00000 0.00000 0.00000 ( 1)  0.730
   5 N   1.00000 0.00000 0.00000 ( 1)  0.730
   6 D   1.00000 0.00000 0.00000 ( 1)  0.730
   7 A   1.00000 0.00000 0.00000 ( 1)  0.730
   8 E   1.00000 0.00000 0.00000 ( 1)  0.730
   9 T   1.00000 0.00000 0.00000 ( 1)  0.730
  10 F   1.00000 0.00000 0.00000 ( 1)  0.730
  11 D   1.00000 0.00000 0.00000 ( 1)  0.730
  12 F   1.00000 0.00000 0.00000 ( 1)  0.730
  13 Q   1.00000 0.00000 0.00000 ( 1)  0.730
  14 A   1.00000 0.00000 0.00000 ( 1)  0.730
  15 E   1.00000 0.00000 0.00000 ( 1)  0.730
  16 I   1.00000 0.00000 0.00000 ( 1)  0.730
  17 T   1.00000 0.00000 0.00000 ( 1)  0.730
  18 Q   1.00000 0.00000 0.00000 ( 1)  0.730
  19 I   1.00000 0.00000 0.00000 ( 1)  0.730
  20 D   1.00000 0.00000 0.00000 ( 1)  0.730
  21 S   1.00000 0.00000 0.00000 ( 1)  0.730
  22 L   1.00000 0.00000 0.00000 ( 1)  0.730
  23 D   1.00000 0.00000 0.00000 ( 1)  0.730
  24 K   1.00000 0.00000 0.00000 ( 1)  0.730
  25 I   1.00000 0.00000 0.00000 ( 1)  0.730
  26 R   1.00000 0.00000 0.00000 ( 1)  0.730
  27 Y   1.00000 0.00000 0.00000 ( 1)  0.730
  28 K   1.00000 0.00000 0.00000 ( 1)  0.730
  29 S   1.00000 0.00000 0.00000 ( 1)  0.730
  30 L   1.00000 0.00000 0.00000 ( 1)  0.730
  31 N   1.00000 0.00000 0.00000 ( 1)  0.730
  32 D   1.00000 0.00000 0.00000 ( 1)  0.730
  33 L   1.00000 0.00000 0.00000 ( 1)  0.730
  34 S   1.00000 0.00000 0.00000 ( 1)  0.730
  35 V   1.00000 0.00000 0.00000 ( 1)  0.730
  36 L   1.00000 0.00000 0.00000 ( 1)  0.730
  37 G   1.00000 0.00000 0.00000 ( 1)  0.730
  38 S   1.00000 0.00000 0.00000 ( 1)  0.730
  39 S   1.00000 0.00000 0.00000 ( 1)  0.730
  40 K   1.00000 0.00000 0.00000 ( 1)  0.730
  41 E   1.00000 0.00000 0.00000 ( 1)  0.730
  42 L   1.00000 0.00000 0.00000 ( 1)  0.730
  43 L   1.00000 0.00000 0.00000 ( 1)  0.730
  44 I   1.00000 0.00000 0.00000 ( 1)  0.730
  45 R   1.00000 0.00000 0.00000 ( 1)  0.730
  46 I   1.00000 0.00000 0.00000 ( 1)  0.730
  47 H   1.00000 0.00000 0.00000 ( 1)  0.730
  48 P   1.00000 0.00000 0.00000 ( 1)  0.730
  49 D   1.00000 0.00000 0.00000 ( 1)  0.730
  50 K   1.00000 0.00000 0.00000 ( 1)  0.730
  51 N   1.00000 0.00000 0.00000 ( 1)  0.730
  52 A   1.00000 0.00000 0.00000 ( 1)  0.730
  53 R   1.00000 0.00000 0.00000 ( 1)  0.730
  54 T   1.00000 0.00000 0.00000 ( 1)  0.730
  55 L   1.00000 0.00000 0.00000 ( 1)  0.730
  56 T   1.00000 0.00000 0.00000 ( 1)  0.730
  57 M   1.00000 0.00000 0.00000 ( 1)  0.730
  58 A   1.00000 0.00000 0.00000 ( 1)  0.730
  59 D   1.00000 0.00000 0.00000 ( 1)  0.730
  60 T   1.00000 0.00000 0.00000 ( 1)  0.730
  61 A   1.00000 0.00000 0.00000 ( 1)  0.730
  62 L   1.00000 0.00000 0.00000 ( 1)  0.730
  63 G   1.00000 0.00000 0.00000 ( 1)  0.730
  64 L   1.00000 0.00000 0.00000 ( 1)  0.730
  65 K   1.00000 0.00000 0.00000 ( 1)  0.730
  66 E   1.00000 0.00000 0.00000 ( 1)  0.730
  67 I   1.00000 0.00000 0.00000 ( 1)  0.730
  68 N   1.00000 0.00000 0.00000 ( 1)  0.730
  69 N   1.00000 0.00000 0.00000 ( 1)  0.730
  70 L   1.00000 0.00000 0.00000 ( 1)  0.730
  71 I   1.00000 0.00000 0.00000 ( 1)  0.730
  72 I   1.00000 0.00000 0.00000 ( 1)  0.730
  73 G   1.00000 0.00000 0.00000 ( 1)  0.730
  74 P   1.00000 0.00000 0.00000 ( 1)  0.730
  75 I   1.00000 0.00000 0.00000 ( 1)  0.730
  76 G   1.00000 0.00000 0.00000 ( 1)  0.730
  77 I   1.00000 0.00000 0.00000 ( 1)  0.730
  78 G   1.00000 0.00000 0.00000 ( 1)  0.730
  79 F   1.00000 0.00000 0.00000 ( 1)  0.730
  80 Y   1.00000 0.00000 0.00000 ( 1)  0.730
  81 S   1.00000 0.00000 0.00000 ( 1)  0.730
  82 L   1.00000 0.00000 0.00000 ( 1)  0.730
  83 Y   1.00000 0.00000 0.00000 ( 1)  0.730
  84 H   1.00000 0.00000 0.00000 ( 1)  0.730
  85 Q   1.00000 0.00000 0.00000 ( 1)  0.730
  86 W   1.00000 0.00000 0.00000 ( 1)  0.730
  87 A   1.00000 0.00000 0.00000 ( 1)  0.730
  88 F   1.00000 0.00000 0.00000 ( 1)  0.730

Positively selected sites

	Prob(w>1)  mean w



lnL =  -374.062328

Bayes Empirical Bayes (BEB) probabilities for 3 classes (class) & postmean_w
(amino acids refer to 1st sequence: Smed.15733)

   1 M   0.46939 0.39136 0.13925 ( 1)  1.011 +-  1.120
   2 E   0.46637 0.39081 0.14283 ( 1)  1.029 +-  1.164
   3 I   0.46961 0.39067 0.13972 ( 1)  1.016 +-  1.139
   4 I   0.46961 0.39067 0.13972 ( 1)  1.016 +-  1.139
   5 N   0.46722 0.39057 0.14221 ( 1)  1.027 +-  1.163
   6 D   0.45890 0.39013 0.15096 ( 1)  1.068 +-  1.245
   7 A   0.46844 0.39117 0.14039 ( 1)  1.017 +-  1.135
   8 E   0.46637 0.39081 0.14283 ( 1)  1.029 +-  1.164
   9 T   0.45881 0.39012 0.15107 ( 1)  1.068 +-  1.246
  10 F   0.46175 0.39041 0.14785 ( 1)  1.053 +-  1.214
  11 D   0.21879 0.38211 0.39910 ( 3)  2.297 +-  2.520
  12 F   0.46175 0.39041 0.14785 ( 1)  1.053 +-  1.214
  13 Q   0.45252 0.38909 0.15840 ( 1)  1.105 +-  1.322
  14 A   0.45402 0.38938 0.15660 ( 1)  1.096 +-  1.303
  15 E   0.46637 0.39081 0.14283 ( 1)  1.029 +-  1.164
  16 I   0.46853 0.39053 0.14094 ( 1)  1.022 +-  1.152
  17 T   0.46768 0.39098 0.14134 ( 1)  1.022 +-  1.147
  18 Q   0.45252 0.38909 0.15840 ( 1)  1.105 +-  1.322
  19 I   0.45834 0.38995 0.15171 ( 1)  1.072 +-  1.255
  20 D   0.46919 0.39094 0.13987 ( 1)  1.016 +-  1.135
  21 S   0.45870 0.39009 0.15120 ( 1)  1.069 +-  1.248
  22 L   0.45263 0.38910 0.15827 ( 1)  1.105 +-  1.321
  23 D   0.45890 0.39013 0.15096 ( 1)  1.068 +-  1.245
  24 K   0.46487 0.39049 0.14464 ( 1)  1.038 +-  1.186
  25 I   0.46961 0.39067 0.13972 ( 1)  1.016 +-  1.139
  26 R   0.46656 0.39108 0.14236 ( 1)  1.026 +-  1.154
  27 Y   0.45286 0.38912 0.15802 ( 1)  1.103 +-  1.319
  28 K   0.46487 0.39049 0.14464 ( 1)  1.038 +-  1.186
  29 S   0.46939 0.39129 0.13933 ( 1)  1.012 +-  1.123
  30 L   0.45536 0.38954 0.15510 ( 1)  1.089 +-  1.289
  31 N   0.45831 0.38999 0.15170 ( 1)  1.072 +-  1.254
  32 D   0.46919 0.39094 0.13987 ( 1)  1.016 +-  1.135
  33 L   0.45263 0.38910 0.15827 ( 1)  1.105 +-  1.321
  34 S   0.45870 0.39009 0.15120 ( 1)  1.069 +-  1.248
  35 V   0.46999 0.39093 0.13908 ( 1)  1.012 +-  1.128
  36 L   0.46216 0.39060 0.14724 ( 1)  1.049 +-  1.205
  37 G   0.46552 0.39104 0.14344 ( 1)  1.031 +-  1.164
  38 S   0.45851 0.39015 0.15135 ( 1)  1.069 +-  1.248
  39 S   0.45784 0.38996 0.15220 ( 1)  1.074 +-  1.258
  40 K   0.46487 0.39049 0.14464 ( 1)  1.038 +-  1.186
  41 E   0.46637 0.39081 0.14283 ( 1)  1.029 +-  1.164
  42 L   0.45536 0.38954 0.15510 ( 1)  1.089 +-  1.289
  43 L   0.45103 0.38878 0.16018 ( 1)  1.115 +-  1.341
  44 I   0.46853 0.39053 0.14094 ( 1)  1.022 +-  1.152
  45 R   0.46656 0.39108 0.14236 ( 1)  1.026 +-  1.154
  46 I   0.46853 0.39053 0.14094 ( 1)  1.022 +-  1.152
  47 H   0.46166 0.39054 0.14780 ( 1)  1.052 +-  1.211
  48 P   0.45962 0.39032 0.15006 ( 1)  1.063 +-  1.234
  49 D   0.46919 0.39094 0.13987 ( 1)  1.016 +-  1.135
  50 K   0.46487 0.39049 0.14464 ( 1)  1.038 +-  1.186
  51 N   0.46722 0.39057 0.14221 ( 1)  1.027 +-  1.163
  52 A   0.45766 0.38999 0.15234 ( 1)  1.075 +-  1.259
  53 R   0.46656 0.39108 0.14236 ( 1)  1.026 +-  1.154
  54 T   0.47036 0.39108 0.13857 ( 1)  1.009 +-  1.120
  55 L   0.45536 0.38954 0.15510 ( 1)  1.089 +-  1.289
  56 T   0.47036 0.39108 0.13857 ( 1)  1.009 +-  1.120
  57 M   0.46939 0.39136 0.13925 ( 1)  1.011 +-  1.120
  58 A   0.45766 0.38999 0.15234 ( 1)  1.075 +-  1.259
  59 D   0.21489 0.37778 0.40733 ( 3)  2.342 +-  2.553
  60 T   0.45881 0.39012 0.15107 ( 1)  1.068 +-  1.246
  61 A   0.22878 0.39411 0.37711 ( 2)  2.165 +-  2.407
  62 L   0.44976 0.38842 0.16181 ( 1)  1.124 +-  1.360
  63 G   0.46552 0.39104 0.14344 ( 1)  1.031 +-  1.164
  64 L   0.45103 0.38878 0.16018 ( 1)  1.115 +-  1.341
  65 K   0.45541 0.38959 0.15499 ( 1)  1.088 +-  1.287
  66 E   0.46637 0.39081 0.14283 ( 1)  1.029 +-  1.164
  67 I   0.46853 0.39053 0.14094 ( 1)  1.022 +-  1.152
  68 N   0.46722 0.39057 0.14221 ( 1)  1.027 +-  1.163
  69 N   0.46722 0.39057 0.14221 ( 1)  1.027 +-  1.163
  70 L   0.45536 0.38954 0.15510 ( 1)  1.089 +-  1.289
  71 I   0.45834 0.38995 0.15171 ( 1)  1.072 +-  1.255
  72 I   0.46853 0.39053 0.14094 ( 1)  1.022 +-  1.152
  73 G   0.45292 0.38918 0.15790 ( 1)  1.103 +-  1.317
  74 P   0.45802 0.39007 0.15191 ( 1)  1.072 +-  1.253
  75 I   0.46853 0.39053 0.14094 ( 1)  1.022 +-  1.152
  76 G   0.46552 0.39104 0.14344 ( 1)  1.031 +-  1.164
  77 I   0.46853 0.39053 0.14094 ( 1)  1.022 +-  1.152
  78 G   0.45605 0.38976 0.15419 ( 1)  1.084 +-  1.278
  79 F   0.45483 0.38950 0.15567 ( 1)  1.091 +-  1.294
  80 Y   0.45904 0.39005 0.15091 ( 1)  1.068 +-  1.246
  81 S   0.45870 0.39009 0.15120 ( 1)  1.069 +-  1.248
  82 L   0.20520 0.36552 0.42929 ( 3)  2.474 +-  2.652
  83 Y   0.45904 0.39005 0.15091 ( 1)  1.068 +-  1.246
  84 H   0.46166 0.39054 0.14780 ( 1)  1.052 +-  1.211
  85 Q   0.45252 0.38909 0.15840 ( 1)  1.105 +-  1.322
  86 W   0.44883 0.38831 0.16285 ( 1)  1.129 +-  1.369
  87 A   0.45766 0.38999 0.15234 ( 1)  1.075 +-  1.259
  88 F   0.46175 0.39041 0.14785 ( 1)  1.053 +-  1.214

Positively selected sites

	Prob(w>1)  mean w


