Supplemental results for CODEML (seqf: algn  treef: tree)


dN/dS (w) for site classes (K=3)

p:   1.00000  0.00000  0.00000
w:   0.07950  1.00000 68.03689
(note that p[2] is zero)


Naive Empirical Bayes (NEB) probabilities for 3 classes & postmean_w & P(w>1)
(amino acids refer to 1st sequence: Smed.15577)

   1 M   1.00000 0.00000 0.00000 ( 1)  0.080  0.000
   2 S   1.00000 0.00000 0.00000 ( 1)  0.080  0.000
   3 R   1.00000 0.00000 0.00000 ( 1)  0.080  0.000
   4 A   1.00000 0.00000 0.00000 ( 1)  0.080  0.000
   5 G   1.00000 0.00000 0.00000 ( 1)  0.080  0.000
   6 S   1.00000 0.00000 0.00000 ( 1)  0.080  0.000
   7 G   1.00000 0.00000 0.00000 ( 1)  0.080  0.000
   8 R   1.00000 0.00000 0.00000 ( 1)  0.080  0.000
   9 Q   1.00000 0.00000 0.00000 ( 1)  0.080  0.000
  10 A   1.00000 0.00000 0.00000 ( 1)  0.080  0.000
  11 S   1.00000 0.00000 0.00000 ( 1)  0.080  0.000
  12 L   1.00000 0.00000 0.00000 ( 1)  0.080  0.000
  13 S   1.00000 0.00000 0.00000 ( 1)  0.080  0.000
  14 W   1.00000 0.00000 0.00000 ( 1)  0.080  0.000
  15 Q   1.00000 0.00000 0.00000 ( 1)  0.080  0.000
  16 P   1.00000 0.00000 0.00000 ( 1)  0.080  0.000
  17 G   1.00000 0.00000 0.00000 ( 1)  0.080  0.000
  18 Q   1.00000 0.00000 0.00000 ( 1)  0.080  0.000
  19 Y   1.00000 0.00000 0.00000 ( 1)  0.080  0.000
  20 G   1.00000 0.00000 0.00000 ( 1)  0.080  0.000
  21 Q   1.00000 0.00000 0.00000 ( 1)  0.080  0.000
  22 V   1.00000 0.00000 0.00000 ( 1)  0.080  0.000
  23 P   1.00000 0.00000 0.00000 ( 1)  0.080  0.000
  24 Y   1.00000 0.00000 0.00000 ( 1)  0.080  0.000
  25 N   1.00000 0.00000 0.00000 ( 1)  0.080  0.000
  26 A   1.00000 0.00000 0.00000 ( 1)  0.080  0.000
  27 I   1.00000 0.00000 0.00000 ( 1)  0.080  0.000
  28 Q   1.00000 0.00000 0.00000 ( 1)  0.080  0.000
  29 A   1.00000 0.00000 0.00000 ( 1)  0.080  0.000
  30 D   1.00000 0.00000 0.00000 ( 1)  0.080  0.000
  31 A   1.00000 0.00000 0.00000 ( 1)  0.080  0.000
  32 G   1.00000 0.00000 0.00000 ( 1)  0.080  0.000
  33 L   1.00000 0.00000 0.00000 ( 1)  0.080  0.000
  34 Y   1.00000 0.00000 0.00000 ( 1)  0.080  0.000
  35 I   1.00000 0.00000 0.00000 ( 1)  0.080  0.000
  36 V   1.00000 0.00000 0.00000 ( 1)  0.080  0.000
  37 R   1.00000 0.00000 0.00000 ( 1)  0.080  0.000
  38 T   1.00000 0.00000 0.00000 ( 1)  0.080  0.000
  39 R   1.00000 0.00000 0.00000 ( 1)  0.080  0.000
  40 T   1.00000 0.00000 0.00000 ( 1)  0.080  0.000
  41 G   1.00000 0.00000 0.00000 ( 1)  0.080  0.000
  42 G   1.00000 0.00000 0.00000 ( 1)  0.080  0.000
  43 D   1.00000 0.00000 0.00000 ( 1)  0.080  0.000
  44 F   1.00000 0.00000 0.00000 ( 1)  0.080  0.000
  45 T   1.00000 0.00000 0.00000 ( 1)  0.080  0.000
  46 I   1.00000 0.00000 0.00000 ( 1)  0.080  0.000
  47 G   1.00000 0.00000 0.00000 ( 1)  0.080  0.000
  48 K   1.00000 0.00000 0.00000 ( 1)  0.080  0.000
  49 T   1.00000 0.00000 0.00000 ( 1)  0.080  0.000
  50 K   1.00000 0.00000 0.00000 ( 1)  0.080  0.000
  51 V   1.00000 0.00000 0.00000 ( 1)  0.080  0.000

Positively selected sites

	Prob(w>1)  mean w



lnL =  -545.405344

Bayes Empirical Bayes (BEB) probabilities for 3 classes (class) & postmean_w
(amino acids refer to 1st sequence: Smed.15577)

   1 M   0.99998 0.00002 0.00000 ( 1)  0.050 +-  0.004
   2 S   0.99255 0.00606 0.00139 ( 1)  0.063 +-  0.227
   3 R   0.99734 0.00206 0.00060 ( 1)  0.055 +-  0.145
   4 A   0.99139 0.00605 0.00257 ( 1)  0.069 +-  0.306
   5 G   0.99946 0.00040 0.00014 ( 1)  0.051 +-  0.074
   6 S   0.84920 0.11423 0.03657 ( 1)  0.330 +-  1.067
   7 G   0.99942 0.00045 0.00013 ( 1)  0.051 +-  0.071
   8 R   0.99952 0.00036 0.00013 ( 1)  0.051 +-  0.067
   9 Q   0.99998 0.00002 0.00000 ( 1)  0.050 +-  0.006
  10 A   0.93492 0.04473 0.02035 ( 1)  0.195 +-  0.841
  11 S   0.99673 0.00287 0.00040 ( 1)  0.055 +-  0.122
  12 L   0.99705 0.00280 0.00015 ( 1)  0.053 +-  0.074
  13 S   0.99989 0.00011 0.00001 ( 1)  0.050 +-  0.015
  14 W   0.99932 0.00067 0.00001 ( 1)  0.051 +-  0.025
  15 Q   0.92244 0.06544 0.01212 ( 1)  0.169 +-  0.647
  16 P   0.99963 0.00035 0.00002 ( 1)  0.050 +-  0.031
  17 G   0.99950 0.00039 0.00011 ( 1)  0.051 +-  0.060
  18 Q   0.57630 0.28762 0.13608 ( 1)  1.028 +-  2.033
  19 Y   0.99821 0.00167 0.00012 ( 1)  0.052 +-  0.067
  20 G   0.99956 0.00033 0.00011 ( 1)  0.051 +-  0.062
  21 Q   0.99995 0.00004 0.00000 ( 1)  0.050 +-  0.008
  22 V   0.99776 0.00171 0.00052 ( 1)  0.054 +-  0.133
  23 P   0.99981 0.00018 0.00001 ( 1)  0.050 +-  0.022
  24 Y   0.53292 0.43693 0.03015 ( 1)  0.525 +-  0.588
  25 N   0.99996 0.00003 0.00000 ( 1)  0.050 +-  0.012
  26 A   0.99962 0.00030 0.00009 ( 1)  0.051 +-  0.055
  27 I   0.99819 0.00144 0.00037 ( 1)  0.053 +-  0.114
  28 Q   0.92141 0.07197 0.00662 ( 1)  0.145 +-  0.467
  29 A   0.99955 0.00035 0.00010 ( 1)  0.051 +-  0.063
  30 D   0.99878 0.00096 0.00026 ( 1)  0.052 +-  0.092
  31 A   0.46351 0.34856 0.18793 ( 1)  1.352 +-  2.290
  32 G   0.99947 0.00043 0.00010 ( 1)  0.051 +-  0.059
  33 L   0.98636 0.01307 0.00057 ( 1)  0.064 +-  0.124
  34 Y   0.99572 0.00388 0.00041 ( 1)  0.055 +-  0.124
  35 I   0.99994 0.00005 0.00001 ( 1)  0.050 +-  0.021
  36 V   0.93999 0.04264 0.01738 ( 1)  0.177 +-  0.774
  37 R   0.99942 0.00049 0.00009 ( 1)  0.051 +-  0.057
  38 T   0.97815 0.01495 0.00690 ( 1)  0.100 +-  0.505
  39 R   0.99752 0.00197 0.00051 ( 1)  0.054 +-  0.129
  40 T   0.99986 0.00012 0.00002 ( 1)  0.050 +-  0.029
  41 G   0.99176 0.00654 0.00171 ( 1)  0.065 +-  0.247
  42 G   0.99487 0.00384 0.00130 ( 1)  0.060 +-  0.214
  43 D   0.99996 0.00003 0.00001 ( 1)  0.050 +-  0.017
  44 F   0.45785 0.20551 0.33664 ( 1)  2.392 +-  3.340
  45 T   0.99985 0.00011 0.00004 ( 1)  0.050 +-  0.038
  46 I   0.28026 0.47272 0.24702 ( 2)  1.787 +-  2.502
  47 G   0.99958 0.00030 0.00012 ( 1)  0.051 +-  0.065
  48 K   0.99803 0.00175 0.00022 ( 1)  0.053 +-  0.088
  49 T   0.41542 0.44298 0.14160 ( 2)  1.145 +-  1.905
  50 K   0.99890 0.00092 0.00018 ( 1)  0.052 +-  0.077
  51 V   0.99768 0.00170 0.00062 ( 1)  0.055 +-  0.148

Positively selected sites

	Prob(w>1)  mean w


