Supplemental results for CODEML (seqf: algn  treef: tree)


dN/dS (w) for site classes (K=8)

p:   0.12500  0.12500  0.12500  0.12500  0.12500  0.12500  0.12500  0.12500
w:   0.49872  0.52302  0.53795  0.55035  0.56208  0.57439  0.58910  0.61274

Naive Empirical Bayes (NEB) probabilities for 8 classes & postmean_w
(amino acids refer to 1st sequence: Mlig.27319)

   1 L   0.12503 0.12502 0.12501 0.12500 0.12500 0.12499 0.12498 0.12497 ( 1)  0.556
   2 L   0.12510 0.12506 0.12503 0.12501 0.12499 0.12497 0.12494 0.12490 ( 1)  0.556
   3 N   0.12508 0.12505 0.12503 0.12501 0.12499 0.12497 0.12495 0.12492 ( 1)  0.556
   4 F   0.12509 0.12505 0.12503 0.12501 0.12499 0.12497 0.12495 0.12491 ( 1)  0.556
   5 S   0.12509 0.12505 0.12503 0.12501 0.12499 0.12497 0.12495 0.12491 ( 1)  0.556
   6 D   0.12509 0.12505 0.12503 0.12501 0.12499 0.12497 0.12495 0.12491 ( 1)  0.556
   7 Y   0.12507 0.12504 0.12502 0.12501 0.12499 0.12498 0.12496 0.12493 ( 1)  0.556
   8 L   0.12509 0.12505 0.12503 0.12501 0.12499 0.12497 0.12495 0.12491 ( 1)  0.556
   9 R   0.12507 0.12504 0.12502 0.12501 0.12499 0.12498 0.12496 0.12493 ( 1)  0.556
  10 G   0.12509 0.12505 0.12503 0.12501 0.12499 0.12497 0.12495 0.12491 ( 1)  0.556
  11 W   0.12503 0.12502 0.12501 0.12500 0.12500 0.12499 0.12498 0.12497 ( 1)  0.556
  12 I   0.12512 0.12507 0.12504 0.12501 0.12499 0.12496 0.12493 0.12488 ( 1)  0.556
  13 G   0.12506 0.12503 0.12502 0.12501 0.12499 0.12498 0.12497 0.12494 ( 1)  0.556
  14 A   0.12508 0.12505 0.12503 0.12501 0.12499 0.12497 0.12495 0.12492 ( 1)  0.556
  15 I   0.12511 0.12506 0.12504 0.12501 0.12499 0.12496 0.12494 0.12489 ( 1)  0.556
  16 G   0.12508 0.12505 0.12503 0.12501 0.12499 0.12497 0.12495 0.12492 ( 1)  0.556
  17 L   0.12503 0.12502 0.12501 0.12500 0.12500 0.12499 0.12498 0.12497 ( 1)  0.556
  18 I   0.12512 0.12507 0.12504 0.12501 0.12499 0.12496 0.12493 0.12488 ( 1)  0.556
  19 S   0.12510 0.12506 0.12503 0.12501 0.12499 0.12497 0.12494 0.12490 ( 1)  0.556
  20 V   0.12511 0.12506 0.12503 0.12501 0.12499 0.12497 0.12494 0.12489 ( 1)  0.556
  21 I   0.12511 0.12506 0.12504 0.12501 0.12499 0.12496 0.12494 0.12489 ( 1)  0.556
  22 N   0.12509 0.12505 0.12503 0.12501 0.12499 0.12497 0.12495 0.12491 ( 1)  0.556
  23 G   0.12506 0.12503 0.12502 0.12501 0.12499 0.12498 0.12497 0.12494 ( 1)  0.556
  24 A   0.12512 0.12507 0.12504 0.12501 0.12499 0.12496 0.12493 0.12488 ( 1)  0.556
  25 Q   0.12503 0.12502 0.12501 0.12500 0.12500 0.12499 0.12498 0.12497 ( 1)  0.556
  26 A   0.12511 0.12506 0.12504 0.12501 0.12499 0.12496 0.12494 0.12489 ( 1)  0.556
  27 V   0.12512 0.12507 0.12504 0.12501 0.12499 0.12496 0.12493 0.12489 ( 1)  0.556
  28 W   0.12503 0.12502 0.12501 0.12500 0.12500 0.12499 0.12498 0.12497 ( 1)  0.556
  29 N   0.12508 0.12505 0.12503 0.12501 0.12499 0.12497 0.12495 0.12492 ( 1)  0.556
  30 P   0.12506 0.12504 0.12502 0.12501 0.12499 0.12498 0.12496 0.12494 ( 1)  0.556
  31 D   0.12509 0.12505 0.12503 0.12501 0.12499 0.12497 0.12495 0.12491 ( 1)  0.556
  32 L   0.12503 0.12502 0.12501 0.12500 0.12500 0.12499 0.12498 0.12497 ( 1)  0.556
  33 L   0.12503 0.12502 0.12501 0.12500 0.12500 0.12499 0.12498 0.12497 ( 1)  0.556
  34 A   0.12508 0.12505 0.12503 0.12501 0.12499 0.12497 0.12495 0.12492 ( 1)  0.556
  35 R   0.12506 0.12503 0.12502 0.12501 0.12499 0.12498 0.12497 0.12494 ( 1)  0.556
  36 N   0.12508 0.12505 0.12503 0.12501 0.12499 0.12497 0.12495 0.12492 ( 1)  0.556
  37 V   0.12509 0.12505 0.12503 0.12501 0.12499 0.12497 0.12495 0.12491 ( 1)  0.556
  38 Y   0.12507 0.12504 0.12502 0.12501 0.12499 0.12498 0.12496 0.12493 ( 1)  0.556
  39 T   0.12511 0.12506 0.12503 0.12501 0.12499 0.12497 0.12494 0.12489 ( 1)  0.556
  40 G   0.12507 0.12504 0.12502 0.12501 0.12499 0.12498 0.12496 0.12493 ( 1)  0.556
  41 N   0.12508 0.12505 0.12503 0.12501 0.12499 0.12497 0.12495 0.12492 ( 1)  0.556
  42 P   0.12507 0.12504 0.12502 0.12501 0.12499 0.12498 0.12496 0.12493 ( 1)  0.556
  43 Q   0.12503 0.12502 0.12501 0.12500 0.12500 0.12499 0.12498 0.12497 ( 1)  0.556
  44 S   0.12510 0.12506 0.12503 0.12501 0.12499 0.12497 0.12494 0.12490 ( 1)  0.556
  45 V   0.12511 0.12506 0.12503 0.12501 0.12499 0.12497 0.12494 0.12489 ( 1)  0.556
  46 T   0.12508 0.12505 0.12502 0.12501 0.12499 0.12497 0.12495 0.12492 ( 1)  0.556
  47 R   0.12507 0.12504 0.12502 0.12501 0.12499 0.12498 0.12496 0.12493 ( 1)  0.556
  48 L   0.12502 0.12501 0.12501 0.12500 0.12500 0.12499 0.12499 0.12498 ( 1)  0.556
  49 A   0.12508 0.12505 0.12503 0.12501 0.12499 0.12497 0.12495 0.12492 ( 1)  0.556
  50 S   0.12510 0.12506 0.12503 0.12501 0.12499 0.12497 0.12494 0.12490 ( 1)  0.556
  51 R   0.12506 0.12503 0.12502 0.12501 0.12499 0.12498 0.12497 0.12494 ( 1)  0.556
  52 Q   0.12503 0.12502 0.12501 0.12500 0.12500 0.12499 0.12498 0.12497 ( 1)  0.556
  53 F   0.12509 0.12505 0.12503 0.12501 0.12499 0.12497 0.12495 0.12492 ( 1)  0.556
  54 A   0.12512 0.12507 0.12504 0.12501 0.12499 0.12496 0.12493 0.12488 ( 1)  0.556
  55 L   0.12503 0.12502 0.12501 0.12500 0.12500 0.12499 0.12498 0.12497 ( 1)  0.556
  56 W   0.12503 0.12502 0.12501 0.12500 0.12500 0.12499 0.12498 0.12497 ( 1)  0.556
  57 T   0.12508 0.12505 0.12502 0.12501 0.12499 0.12497 0.12495 0.12492 ( 1)  0.556
  58 M   0.12513 0.12508 0.12504 0.12501 0.12499 0.12496 0.12492 0.12487 ( 1)  0.556
  59 F   0.12509 0.12505 0.12503 0.12501 0.12499 0.12497 0.12495 0.12491 ( 1)  0.556
  60 C   0.12507 0.12504 0.12502 0.12501 0.12499 0.12498 0.12496 0.12493 ( 1)  0.556
  61 G   0.12506 0.12503 0.12502 0.12501 0.12499 0.12498 0.12497 0.12494 ( 1)  0.556
  62 L   0.12503 0.12502 0.12501 0.12500 0.12500 0.12499 0.12498 0.12497 ( 1)  0.556
  63 V   0.12509 0.12505 0.12503 0.12501 0.12499 0.12497 0.12495 0.12491 ( 1)  0.556
  64 R   0.12502 0.12501 0.12501 0.12500 0.12500 0.12499 0.12499 0.12498 ( 1)  0.556
  65 L   0.12502 0.12501 0.12501 0.12500 0.12500 0.12499 0.12499 0.12498 ( 1)  0.556
  66 V   0.12509 0.12505 0.12503 0.12501 0.12499 0.12497 0.12495 0.12491 ( 1)  0.556
  67 F   0.12509 0.12505 0.12503 0.12501 0.12499 0.12497 0.12495 0.12491 ( 1)  0.556
  68 C   0.12506 0.12504 0.12502 0.12501 0.12499 0.12498 0.12496 0.12494 ( 1)  0.556
  69 A   0.12511 0.12506 0.12504 0.12501 0.12499 0.12496 0.12494 0.12489 ( 1)  0.556
  70 N   0.12508 0.12505 0.12503 0.12501 0.12499 0.12497 0.12495 0.12492 ( 1)  0.556
  71 P   0.12509 0.12505 0.12503 0.12501 0.12499 0.12497 0.12495 0.12491 ( 1)  0.556
  72 D   0.12509 0.12505 0.12503 0.12501 0.12499 0.12497 0.12495 0.12491 ( 1)  0.556
  73 D   0.12508 0.12505 0.12503 0.12501 0.12499 0.12497 0.12495 0.12492 ( 1)  0.556
  74 S   0.12510 0.12506 0.12503 0.12501 0.12499 0.12497 0.12494 0.12490 ( 1)  0.556
  75 C   0.12507 0.12504 0.12502 0.12501 0.12499 0.12498 0.12496 0.12493 ( 1)  0.556
  76 I   0.12511 0.12506 0.12504 0.12501 0.12499 0.12496 0.12494 0.12489 ( 1)  0.556
  77 R   0.12507 0.12504 0.12502 0.12501 0.12499 0.12498 0.12496 0.12493 ( 1)  0.556
  78 L   0.12502 0.12501 0.12501 0.12500 0.12500 0.12499 0.12499 0.12498 ( 1)  0.556
  79 L   0.12503 0.12502 0.12501 0.12500 0.12500 0.12499 0.12498 0.12497 ( 1)  0.556
  80 T   0.12511 0.12506 0.12503 0.12501 0.12499 0.12497 0.12494 0.12489 ( 1)  0.556
  81 V   0.12511 0.12506 0.12503 0.12501 0.12499 0.12497 0.12494 0.12489 ( 1)  0.556
  82 T   0.12508 0.12505 0.12502 0.12501 0.12499 0.12497 0.12495 0.12492 ( 1)  0.556
  83 T   0.12511 0.12506 0.12503 0.12501 0.12499 0.12497 0.12494 0.12489 ( 1)  0.556
  84 F   0.12509 0.12505 0.12503 0.12501 0.12499 0.12497 0.12495 0.12492 ( 1)  0.556
  85 L   0.12502 0.12501 0.12501 0.12500 0.12500 0.12499 0.12499 0.12498 ( 1)  0.556
  86 M   0.12513 0.12508 0.12504 0.12501 0.12499 0.12496 0.12492 0.12487 ( 1)  0.556
  87 T   0.12511 0.12506 0.12503 0.12501 0.12499 0.12497 0.12494 0.12489 ( 1)  0.556
  88 L   0.12503 0.12502 0.12501 0.12500 0.12500 0.12499 0.12498 0.12497 ( 1)  0.556
  89 L   0.12502 0.12501 0.12501 0.12500 0.12500 0.12499 0.12499 0.12498 ( 1)  0.556
  90 H   0.12506 0.12504 0.12502 0.12501 0.12499 0.12498 0.12496 0.12494 ( 1)  0.556
  91 F   0.12509 0.12505 0.12503 0.12501 0.12499 0.12497 0.12495 0.12492 ( 1)  0.556
  92 L   0.12510 0.12506 0.12503 0.12501 0.12499 0.12497 0.12494 0.12490 ( 1)  0.556
  93 G   0.12509 0.12505 0.12503 0.12501 0.12499 0.12497 0.12495 0.12491 ( 1)  0.556
  94 E   0.12507 0.12504 0.12502 0.12501 0.12499 0.12498 0.12496 0.12493 ( 1)  0.556
  95 I   0.12513 0.12507 0.12504 0.12501 0.12499 0.12496 0.12493 0.12487 ( 1)  0.556
  96 Y   0.12507 0.12504 0.12502 0.12501 0.12499 0.12498 0.12496 0.12493 ( 1)  0.556
  97 V   0.12511 0.12506 0.12503 0.12501 0.12499 0.12497 0.12494 0.12489 ( 1)  0.556
  98 W   0.12503 0.12502 0.12501 0.12500 0.12500 0.12499 0.12498 0.12497 ( 1)  0.556
  99 G   0.12509 0.12505 0.12503 0.12501 0.12499 0.12497 0.12495 0.12491 ( 1)  0.556
 100 T   0.12512 0.12507 0.12504 0.12501 0.12499 0.12496 0.12493 0.12489 ( 1)  0.556
 101 S   0.12508 0.12505 0.12503 0.12501 0.12499 0.12497 0.12495 0.12492 ( 1)  0.556
 102 V   0.12509 0.12505 0.12503 0.12501 0.12499 0.12497 0.12495 0.12491 ( 1)  0.556
 103 W   0.12503 0.12502 0.12501 0.12500 0.12500 0.12499 0.12498 0.12497 ( 1)  0.556
 104 T   0.12511 0.12506 0.12503 0.12501 0.12499 0.12497 0.12494 0.12489 ( 1)  0.556
 105 F   0.12509 0.12505 0.12503 0.12501 0.12499 0.12497 0.12495 0.12492 ( 1)  0.556
 106 G   0.12506 0.12503 0.12502 0.12501 0.12499 0.12498 0.12497 0.12494 ( 1)  0.556
 107 V   0.12512 0.12507 0.12504 0.12501 0.12499 0.12496 0.12493 0.12489 ( 1)  0.556
 108 I   0.12513 0.12507 0.12504 0.12501 0.12499 0.12496 0.12493 0.12487 ( 1)  0.556
 109 S   0.12507 0.12504 0.12502 0.12501 0.12499 0.12498 0.12496 0.12493 ( 1)  0.556
 110 P   0.12509 0.12505 0.12503 0.12501 0.12499 0.12497 0.12495 0.12492 ( 1)  0.556
 111 C   0.12507 0.12504 0.12502 0.12501 0.12499 0.12498 0.12496 0.12493 ( 1)  0.556
 112 C   0.12506 0.12504 0.12502 0.12501 0.12499 0.12498 0.12496 0.12494 ( 1)  0.556
 113 I   0.12511 0.12506 0.12504 0.12501 0.12499 0.12496 0.12494 0.12489 ( 1)  0.556
 114 A   0.12508 0.12505 0.12503 0.12501 0.12499 0.12497 0.12495 0.12492 ( 1)  0.556
 115 G   0.12509 0.12505 0.12503 0.12501 0.12499 0.12497 0.12495 0.12491 ( 1)  0.556
 116 I   0.12512 0.12507 0.12504 0.12501 0.12499 0.12496 0.12493 0.12488 ( 1)  0.556
 117 S   0.12509 0.12505 0.12503 0.12501 0.12499 0.12497 0.12495 0.12491 ( 1)  0.556
 118 L   0.12510 0.12506 0.12503 0.12501 0.12499 0.12497 0.12494 0.12490 ( 1)  0.556
 119 L   0.12503 0.12502 0.12501 0.12500 0.12500 0.12499 0.12498 0.12497 ( 1)  0.556
 120 L   0.12502 0.12501 0.12501 0.12500 0.12500 0.12499 0.12499 0.12498 ( 1)  0.556
 121 F   0.12509 0.12505 0.12503 0.12501 0.12499 0.12497 0.12495 0.12491 ( 1)  0.556
 122 A   0.12512 0.12507 0.12504 0.12501 0.12499 0.12496 0.12493 0.12488 ( 1)  0.556
 123 F   0.12509 0.12505 0.12503 0.12501 0.12499 0.12497 0.12495 0.12492 ( 1)  0.556
 124 E   0.12506 0.12503 0.12502 0.12501 0.12499 0.12498 0.12497 0.12494 ( 1)  0.556
 125 S   0.12510 0.12506 0.12503 0.12501 0.12499 0.12497 0.12494 0.12490 ( 1)  0.556
 126 L   0.12502 0.12501 0.12501 0.12500 0.12500 0.12499 0.12499 0.12498 ( 1)  0.556
 127 T   0.12511 0.12506 0.12503 0.12501 0.12499 0.12497 0.12494 0.12489 ( 1)  0.556
 128 K   0.12507 0.12504 0.12502 0.12501 0.12499 0.12498 0.12496 0.12493 ( 1)  0.556
 129 G   0.12509 0.12505 0.12503 0.12501 0.12499 0.12497 0.12495 0.12491 ( 1)  0.556
 130 S   0.12509 0.12505 0.12503 0.12501 0.12499 0.12497 0.12495 0.12491 ( 1)  0.556
 131 R   0.12507 0.12504 0.12502 0.12501 0.12499 0.12498 0.12496 0.12493 ( 1)  0.556
 132 G   0.12506 0.12503 0.12502 0.12501 0.12499 0.12498 0.12497 0.12494 ( 1)  0.556
 133 S   0.12507 0.12504 0.12502 0.12501 0.12499 0.12498 0.12496 0.12493 ( 1)  0.556
 134 A   0.12508 0.12505 0.12503 0.12501 0.12499 0.12497 0.12495 0.12492 ( 1)  0.556
 135 D   0.12509 0.12505 0.12503 0.12501 0.12499 0.12497 0.12495 0.12491 ( 1)  0.556
 136 D   0.12509 0.12505 0.12503 0.12501 0.12499 0.12497 0.12495 0.12491 ( 1)  0.556
 137 S   0.12509 0.12505 0.12503 0.12501 0.12499 0.12497 0.12495 0.12491 ( 1)  0.556
 138 L   0.12510 0.12506 0.12503 0.12501 0.12499 0.12497 0.12494 0.12490 ( 1)  0.556
 139 N   0.12509 0.12505 0.12503 0.12501 0.12499 0.12497 0.12495 0.12491 ( 1)  0.556
 140 D   0.12508 0.12505 0.12503 0.12501 0.12499 0.12497 0.12495 0.12492 ( 1)  0.556
 141 G   0.12509 0.12505 0.12503 0.12501 0.12499 0.12497 0.12495 0.12491 ( 1)  0.556
 142 E   0.12506 0.12503 0.12502 0.12501 0.12499 0.12498 0.12497 0.12494 ( 1)  0.556
 143 G   0.12509 0.12505 0.12503 0.12501 0.12499 0.12497 0.12495 0.12491 ( 1)  0.556
 144 G   0.12509 0.12505 0.12503 0.12501 0.12499 0.12497 0.12495 0.12491 ( 1)  0.556
 145 S   0.12508 0.12505 0.12503 0.12501 0.12499 0.12497 0.12495 0.12492 ( 1)  0.556
 146 R   0.12502 0.12501 0.12501 0.12500 0.12500 0.12499 0.12499 0.12498 ( 1)  0.556
 147 K   0.12507 0.12504 0.12502 0.12501 0.12499 0.12498 0.12496 0.12493 ( 1)  0.556
 148 M   0.12513 0.12508 0.12504 0.12501 0.12499 0.12496 0.12492 0.12487 ( 1)  0.556
 149 R   0.12507 0.12504 0.12502 0.12501 0.12499 0.12498 0.12496 0.12493 ( 1)  0.556
 150 L   0.12502 0.12501 0.12501 0.12500 0.12500 0.12499 0.12499 0.12498 ( 1)  0.556
 151 E   0.12507 0.12504 0.12502 0.12501 0.12499 0.12498 0.12496 0.12493 ( 1)  0.556
 152 R   0.12506 0.12503 0.12502 0.12501 0.12499 0.12498 0.12497 0.12494 ( 1)  0.556
 153 M   0.12513 0.12508 0.12504 0.12501 0.12499 0.12496 0.12492 0.12487 ( 1)  0.556
 154 M   0.12513 0.12508 0.12504 0.12501 0.12499 0.12496 0.12492 0.12487 ( 1)  0.556
 155 M   0.12513 0.12508 0.12504 0.12501 0.12499 0.12496 0.12492 0.12487 ( 1)  0.556
 156 Q   0.12503 0.12502 0.12501 0.12500 0.12500 0.12499 0.12498 0.12497 ( 1)  0.556
 157 S   0.12509 0.12505 0.12503 0.12501 0.12499 0.12497 0.12495 0.12491 ( 1)  0.556
 158 G   0.12507 0.12504 0.12502 0.12501 0.12499 0.12498 0.12496 0.12493 ( 1)  0.556
 159 A   0.12511 0.12506 0.12504 0.12501 0.12499 0.12496 0.12494 0.12489 ( 1)  0.556
 160 A   0.12511 0.12506 0.12504 0.12501 0.12499 0.12496 0.12494 0.12489 ( 1)  0.556
 161 P   0.12506 0.12504 0.12502 0.12501 0.12499 0.12498 0.12496 0.12494 ( 1)  0.556
 162 N   0.12508 0.12505 0.12503 0.12501 0.12499 0.12497 0.12495 0.12492 ( 1)  0.556
 163 R   0.12505 0.12503 0.12502 0.12501 0.12499 0.12498 0.12497 0.12495 ( 1)  0.556
 164 D   0.11219 0.11762 0.12096 0.12373 0.12635 0.12910 0.13238 0.13766 ( 8)  0.558


lnL =  -680.759222

