Supplemental results for CODEML (seqf: algn  treef: tree)


dN/dS (w) for site classes (K=2)

p:   0.89032  0.10968
w:   0.00000  1.00000

Naive Empirical Bayes (NEB) probabilities for 2 classes & postmean_w
(amino acids refer to 1st sequence: Smed.23315)

   1 M   0.89940 0.10060 ( 1)  0.101
   2 K   0.90354 0.09646 ( 1)  0.096
   3 P   0.90008 0.09992 ( 1)  0.100
   4 A   0.90349 0.09651 ( 1)  0.097
   5 K   0.90354 0.09646 ( 1)  0.096
   6 L   0.89625 0.10375 ( 1)  0.104
   7 H   0.89742 0.10258 ( 1)  0.103
   8 R   0.89600 0.10400 ( 1)  0.104
   9 N   0.90019 0.09981 ( 1)  0.100
  10 L   0.89693 0.10307 ( 1)  0.103
  11 K   0.90354 0.09646 ( 1)  0.096
  12 L   0.89179 0.10821 ( 1)  0.108
  13 K   0.90354 0.09646 ( 1)  0.096
  14 E   0.90366 0.09634 ( 1)  0.096
  15 L   0.89693 0.10307 ( 1)  0.103
  16 C   0.89485 0.10515 ( 1)  0.105
  17 K   0.90354 0.09646 ( 1)  0.096
  18 Q   0.89755 0.10245 ( 1)  0.102
  19 T   0.89479 0.10521 ( 1)  0.105
  20 H   0.89742 0.10258 ( 1)  0.103
  21 R   0.89600 0.10400 ( 1)  0.104
  22 I   0.90475 0.09525 ( 1)  0.095
  23 F   0.89441 0.10559 ( 1)  0.106
  24 L   0.89693 0.10307 ( 1)  0.103
  25 N   0.90019 0.09981 ( 1)  0.100
  26 E   0.90366 0.09634 ( 1)  0.096
  27 I   0.89893 0.10107 ( 1)  0.101
  28 T   0.90418 0.09582 ( 1)  0.096
  29 G   0.90039 0.09961 ( 1)  0.100
  30 T   0.89876 0.10124 ( 1)  0.101
  31 T   0.90418 0.09582 ( 1)  0.096
  32 Y   0.89627 0.10373 ( 1)  0.104
  33 K   0.89361 0.10639 ( 1)  0.106
  34 P   0.90008 0.09992 ( 1)  0.100
  35 T   0.90418 0.09582 ( 1)  0.096
  36 N   0.90019 0.09981 ( 1)  0.100
  37 D   0.89990 0.10010 ( 1)  0.100
  38 S   0.89883 0.10117 ( 1)  0.101
  39 K   0.90354 0.09646 ( 1)  0.096
  40 L   0.00001 0.99999 ( 2)  1.000
  41 A   0.89453 0.10547 ( 1)  0.105
  42 T   0.90418 0.09582 ( 1)  0.096
  43 G   0.90039 0.09961 ( 1)  0.100
  44 S   0.89865 0.10135 ( 1)  0.101
  45 K   0.90354 0.09646 ( 1)  0.096
  46 N   0.90019 0.09981 ( 1)  0.100
  47 E   0.90366 0.09634 ( 1)  0.096
  48 Q   0.89755 0.10245 ( 1)  0.102
  49 A   0.89453 0.10547 ( 1)  0.105
  50 V   0.90359 0.09641 ( 1)  0.096
  51 Y   0.89627 0.10373 ( 1)  0.104
  52 E   0.90366 0.09634 ( 1)  0.096
  53 S   0.89883 0.10117 ( 1)  0.101
  54 F   0.89722 0.10278 ( 1)  0.103
  55 Q   0.89755 0.10245 ( 1)  0.102
  56 V   0.90359 0.09641 ( 1)  0.096
  57 S   0.89623 0.10377 ( 1)  0.104
  58 L   0.89343 0.10657 ( 1)  0.107
  59 L   0.89732 0.10268 ( 1)  0.103
  60 V   0.90359 0.09641 ( 1)  0.096
  61 V   0.89457 0.10543 ( 1)  0.105
  62 K   0.90354 0.09646 ( 1)  0.096
  63 S   0.89623 0.10377 ( 1)  0.104
  64 G   0.90039 0.09961 ( 1)  0.100
  65 N   0.90019 0.09981 ( 1)  0.100
  66 P   0.89339 0.10661 ( 1)  0.107
  67 Y   0.89344 0.10656 ( 1)  0.107
  68 T   0.89876 0.10124 ( 1)  0.101
  69 I   0.89497 0.10503 ( 1)  0.105
  70 A   0.89908 0.10092 ( 1)  0.101
  71 E   0.90366 0.09634 ( 1)  0.096
  72 N   0.90019 0.09981 ( 1)  0.100
  73 I   0.89893 0.10107 ( 1)  0.101
  74 V   0.89837 0.10163 ( 1)  0.102
  75 L   0.89625 0.10375 ( 1)  0.104
  76 S   0.89883 0.10117 ( 1)  0.101
  77 A   0.89830 0.10170 ( 1)  0.102
  78 A   0.89830 0.10170 ( 1)  0.102
  79 K   0.90354 0.09646 ( 1)  0.096
  80 A   0.90349 0.09651 ( 1)  0.097
  81 K   0.90354 0.09646 ( 1)  0.096
  82 V   0.89837 0.10163 ( 1)  0.102
  83 S   0.89883 0.10117 ( 1)  0.101
  84 T   0.90418 0.09582 ( 1)  0.096
  85 M   0.89940 0.10060 ( 1)  0.101
  86 I   0.90475 0.09525 ( 1)  0.095
  87 G   0.90039 0.09961 ( 1)  0.100
  88 S   0.89503 0.10497 ( 1)  0.105
  89 K   0.90354 0.09646 ( 1)  0.096
  90 A   0.89453 0.10547 ( 1)  0.105
  91 V   0.89457 0.10543 ( 1)  0.105
  92 R   0.90300 0.09700 ( 1)  0.097
  93 D   0.89990 0.10010 ( 1)  0.100
  94 L   0.89424 0.10576 ( 1)  0.106
  95 K   0.89361 0.10639 ( 1)  0.106
  96 L   0.89693 0.10307 ( 1)  0.103
  97 L   0.89625 0.10375 ( 1)  0.104
  98 P   0.89618 0.10382 ( 1)  0.104
  99 F   0.89722 0.10278 ( 1)  0.103
 100 S   0.89883 0.10117 ( 1)  0.101
 101 N   0.89670 0.10330 ( 1)  0.103
 102 D   0.89621 0.10379 ( 1)  0.104


lnL =  -401.826227

