Supplemental results for CODEML (seqf: algn  treef: tree)


dN/dS (w) for site classes (K=2)

p:   0.69679  0.30321
w:   0.00171  1.00000

Naive Empirical Bayes (NEB) probabilities for 2 classes & postmean_w
(amino acids refer to 1st sequence: Smed.13748)

   1 F   0.95983 0.04017 ( 1)  0.042
   2 E   0.78549 0.21451 ( 1)  0.216
   3 G   0.98325 0.01675 ( 1)  0.018
   4 I   0.67652 0.32348 ( 1)  0.325
   5 F   0.95990 0.04010 ( 1)  0.042
   6 W   0.99753 0.00247 ( 1)  0.004
   7 H   0.97489 0.02511 ( 1)  0.027
   8 I   0.67655 0.32345 ( 1)  0.325
   9 S   0.51206 0.48794 ( 1)  0.489
  10 D   0.96797 0.03203 ( 1)  0.034
  11 I   0.67652 0.32348 ( 1)  0.325
  12 H   0.97496 0.02504 ( 1)  0.027
  13 L   0.94784 0.05216 ( 1)  0.054
  14 N   0.95231 0.04769 ( 1)  0.049
  15 V   0.44388 0.55612 ( 2)  0.557
  16 S   0.97380 0.02620 ( 1)  0.028
  17 F   0.59797 0.40203 ( 1)  0.403
  18 N   0.69779 0.30221 ( 1)  0.303
  19 L   0.41514 0.58486 ( 2)  0.586
  20 G   0.02952 0.97048 ( 2)  0.971
  21 N   0.15587 0.84413 ( 2)  0.844
  22 N   0.11146 0.88854 ( 2)  0.889
  23 R   0.60388 0.39612 ( 1)  0.397
  24 W   0.01217 0.98783 ( 2)  0.988
  25 Y   0.59997 0.40003 ( 1)  0.401
  26 G   0.98333 0.01667 ( 1)  0.018
  27 D   0.96789 0.03211 ( 1)  0.034
  28 Y   0.95700 0.04300 ( 1)  0.045
  29 K   0.97204 0.02796 ( 1)  0.030
  30 N   0.77673 0.22327 ( 1)  0.225
  31 D   0.96789 0.03211 ( 1)  0.034
  32 A   0.46317 0.53683 ( 2)  0.538
  33 S   0.02225 0.97775 ( 2)  0.978
  34 F   0.95983 0.04017 ( 1)  0.042
  35 P   0.02337 0.97663 ( 2)  0.977
  36 L   0.94814 0.05186 ( 1)  0.053
  37 V   0.95866 0.04134 ( 1)  0.043
  38 H   0.11431 0.88569 ( 2)  0.886
  39 S   0.97369 0.02631 ( 1)  0.028
  40 A   0.98224 0.01776 ( 1)  0.019
  41 I   0.51307 0.48693 ( 1)  0.488
  42 K   0.61477 0.38523 ( 1)  0.386
  43 A   0.01332 0.98668 ( 2)  0.987
  44 M   0.99252 0.00748 ( 1)  0.009
  45 K   0.97204 0.02796 ( 1)  0.030
  46 T   0.39508 0.60492 ( 2)  0.606
  47 I   0.94343 0.05657 ( 1)  0.058
  48 Y   0.95694 0.04306 ( 1)  0.045
  49 H   0.48147 0.51853 ( 2)  0.519
  50 N   0.95223 0.04777 ( 1)  0.049
  51 P   0.98617 0.01383 ( 1)  0.016
  52 L   0.02683 0.97317 ( 2)  0.973
  53 F   0.95983 0.04017 ( 1)  0.042
  54 I   0.94352 0.05648 ( 1)  0.058
  55 I   0.94343 0.05657 ( 1)  0.058
  56 W   0.26306 0.73694 ( 2)  0.737
  57 N   0.95223 0.04777 ( 1)  0.049


lnL =  -382.958060

