Supplemental results for CODEML (seqf: algn  treef: tree)


dN/dS (w) for site classes (K=9)

p:   0.12500  0.12500  0.12500  0.12500  0.12500  0.12500  0.12500  0.12500  0.00001
w:   0.51324  0.53787  0.55299  0.56552  0.57736  0.58977  0.60458  0.62835  1.93346
(note that p[8] is zero)


Naive Empirical Bayes (NEB) probabilities for 9 classes & postmean_w & P(w>1)
(amino acids refer to 1st sequence: Hdim.14434)

   1 T   0.13128 0.12835 0.12668 0.12536 0.12417 0.12297 0.12161 0.11958 0.00001 ( 1)  0.570  0.000
   2 H   0.13569 0.13070 0.12785 0.12561 0.12358 0.12155 0.11924 0.11578 0.00001 ( 1)  0.570  0.000
   3 T   0.12976 0.12753 0.12626 0.12526 0.12436 0.12346 0.12244 0.12093 0.00001 ( 1)  0.570  0.000
   4 H   0.12477 0.12491 0.12498 0.12502 0.12505 0.12507 0.12509 0.12510 0.00001 ( 8)  0.571  0.000
   5 T   0.12947 0.12736 0.12617 0.12523 0.12439 0.12356 0.12261 0.12120 0.00001 ( 1)  0.571  0.000
   6 E   0.12969 0.12759 0.12635 0.12535 0.12442 0.12348 0.12239 0.12071 0.00001 ( 1)  0.570  0.000
   7 D   0.13516 0.13038 0.12767 0.12554 0.12363 0.12172 0.11956 0.11635 0.00001 ( 1)  0.570  0.000
   8 P   0.12291 0.12394 0.12450 0.12493 0.12530 0.12567 0.12608 0.12667 0.00001 ( 8)  0.572  0.000
   9 T   0.12331 0.12412 0.12457 0.12492 0.12523 0.12554 0.12589 0.12640 0.00001 ( 8)  0.571  0.000
  10 S   0.12028 0.12243 0.12368 0.12468 0.12559 0.12652 0.12759 0.12921 0.00001 ( 8)  0.572  0.000
  11 S   0.11571 0.11993 0.12239 0.12436 0.12616 0.12800 0.13011 0.13333 0.00001 ( 8)  0.573  0.000
  12 N   0.12165 0.12329 0.12419 0.12488 0.12549 0.12608 0.12673 0.12766 0.00001 ( 8)  0.572  0.000
  13 A   0.12415 0.12458 0.12481 0.12498 0.12513 0.12527 0.12542 0.12563 0.00001 ( 8)  0.571  0.000
  14 S   0.13046 0.12789 0.12644 0.12530 0.12427 0.12324 0.12207 0.12033 0.00001 ( 1)  0.570  0.000
  15 P   0.12348 0.12424 0.12465 0.12496 0.12523 0.12549 0.12577 0.12616 0.00001 ( 8)  0.571  0.000
  16 V   0.12077 0.12277 0.12389 0.12478 0.12557 0.12636 0.12726 0.12859 0.00001 ( 8)  0.572  0.000
  17 A   0.11735 0.12086 0.12290 0.12451 0.12599 0.12747 0.12917 0.13174 0.00001 ( 8)  0.572  0.000
  18 Q   0.11731 0.12084 0.12289 0.12451 0.12599 0.12748 0.12919 0.13177 0.00001 ( 8)  0.572  0.000
  19 S   0.12358 0.12428 0.12466 0.12495 0.12520 0.12545 0.12573 0.12613 0.00001 ( 8)  0.571  0.000
  20 F   0.12304 0.12401 0.12453 0.12493 0.12528 0.12563 0.12601 0.12655 0.00001 ( 8)  0.572  0.000

Positively selected sites

	Prob(w>1)  mean w



lnL =  -153.825481

Bayes Empirical Bayes (BEB) probabilities for 11 classes (class) & postmean_w
(amino acids refer to 1st sequence: Hdim.14434)

   1 T   0.04061 0.04979 0.04994 0.04677 0.04390 0.04199 0.04107 0.04144 0.04469 0.12255 0.47725 (11)  3.142 +-  3.364
   2 H   0.07886 0.07075 0.06142 0.05283 0.04645 0.04201 0.03922 0.03816 0.04021 0.11287 0.41722 (11)  2.779 +-  3.290
   3 T   0.02338 0.04200 0.04510 0.04355 0.04184 0.04081 0.04058 0.04149 0.04517 0.12318 0.51291 (11)  3.358 +-  3.401
   4 H   0.01908 0.02535 0.03119 0.03516 0.03796 0.04008 0.04198 0.04430 0.04899 0.13059 0.54532 (11)  3.551 +-  3.411
   5 T   0.09610 0.04752 0.04101 0.03826 0.03691 0.03640 0.03660 0.03780 0.04157 0.11609 0.47175 (11)  3.093 +-  3.382
   6 E   0.02738 0.03789 0.04351 0.04472 0.04432 0.04358 0.04313 0.04362 0.04687 0.12612 0.49887 (11)  3.279 +-  3.381
   7 D   0.03127 0.05978 0.06198 0.05523 0.04866 0.04400 0.04122 0.04033 0.04267 0.11819 0.45666 (11)  3.025 +-  3.340
   8 P   0.00474 0.01584 0.02555 0.03220 0.03674 0.04001 0.04265 0.04544 0.05045 0.13279 0.57358 (11)  3.724 +-  3.417
   9 T   0.00715 0.01892 0.02752 0.03307 0.03694 0.03988 0.04240 0.04519 0.05027 0.13295 0.56571 (11)  3.674 +-  3.414
  10 S   0.01044 0.01463 0.02095 0.02682 0.03184 0.03607 0.03980 0.04363 0.04953 0.13141 0.59488 (11)  3.841 +-  3.427
  11 S   0.00103 0.00589 0.01340 0.02139 0.02884 0.03536 0.04098 0.04625 0.05322 0.13881 0.61482 (11)  3.961 +-  3.412
  12 N   0.00327 0.01263 0.02270 0.03065 0.03647 0.04064 0.04382 0.04688 0.05200 0.13560 0.57534 (11)  3.737 +-  3.412
  13 A   0.01539 0.02272 0.02929 0.03385 0.03712 0.03960 0.04174 0.04421 0.04900 0.13027 0.55681 (11)  3.621 +-  3.418
  14 S   0.13410 0.05246 0.04192 0.03814 0.03628 0.03539 0.03530 0.03626 0.03979 0.11258 0.43778 (11)  2.881 +-  3.341
  15 P   0.00649 0.01838 0.02765 0.03373 0.03786 0.04083 0.04325 0.04587 0.05076 0.13370 0.56148 (11)  3.652 +-  3.411
  16 V   0.00230 0.01090 0.02072 0.02854 0.03437 0.03876 0.04232 0.04583 0.05139 0.13463 0.59023 (11)  3.821 +-  3.417
  17 A   0.00155 0.00749 0.01569 0.02380 0.03096 0.03695 0.04196 0.04664 0.05310 0.13831 0.60355 (11)  3.897 +-  3.413
  18 Q   0.00159 0.00754 0.01573 0.02382 0.03098 0.03699 0.04203 0.04673 0.05321 0.13858 0.60279 (11)  3.893 +-  3.412
  19 S   0.00731 0.01940 0.02814 0.03371 0.03752 0.04034 0.04274 0.04541 0.05036 0.13310 0.56197 (11)  3.653 +-  3.412
  20 F   0.00486 0.01606 0.02582 0.03241 0.03688 0.04007 0.04265 0.04540 0.05039 0.13268 0.57278 (11)  3.719 +-  3.416

Positively selected sites

	Prob(w>1)  mean w

     3 T      0.513         3.358 +- 3.401
     4 H      0.545         3.551 +- 3.411
     8 P      0.574         3.724 +- 3.417
     9 T      0.566         3.674 +- 3.414
    10 S      0.595         3.841 +- 3.427
    11 S      0.615         3.961 +- 3.412
    12 N      0.575         3.737 +- 3.412
    13 A      0.557         3.621 +- 3.418
    15 P      0.561         3.652 +- 3.411
    16 V      0.590         3.821 +- 3.417
    17 A      0.604         3.897 +- 3.413
    18 Q      0.603         3.893 +- 3.412
    19 S      0.562         3.653 +- 3.412
    20 F      0.573         3.719 +- 3.416

