Supplemental results for CODEML (seqf: algn  treef: tree)


dN/dS (w) for site classes (K=9)

p:   0.12500  0.12500  0.12500  0.12500  0.12500  0.12500  0.12500  0.12500  0.00001
w:   0.31174  0.33565  0.35068  0.36333  0.37546  0.38836  0.40399  0.42963  1.00000

Naive Empirical Bayes (NEB) probabilities for 9 classes & postmean_w
(amino acids refer to 1st sequence: Mlig.46158)

   1 T   0.12533 0.12520 0.12511 0.12504 0.12497 0.12489 0.12480 0.12465 0.00001 ( 1)  0.370
   2 P   0.12529 0.12517 0.12509 0.12503 0.12497 0.12491 0.12483 0.12470 0.00001 ( 1)  0.370
   3 T   0.12515 0.12509 0.12505 0.12502 0.12498 0.12495 0.12491 0.12484 0.00001 ( 1)  0.370
   4 A   0.12521 0.12512 0.12507 0.12502 0.12498 0.12493 0.12488 0.12478 0.00001 ( 1)  0.370
   5 S   0.12513 0.12508 0.12504 0.12501 0.12499 0.12496 0.12492 0.12486 0.00001 ( 1)  0.370
   6 L   0.12516 0.12509 0.12505 0.12502 0.12498 0.12495 0.12490 0.12483 0.00001 ( 1)  0.370
   7 S   0.12519 0.12511 0.12506 0.12502 0.12498 0.12494 0.12489 0.12480 0.00001 ( 1)  0.370
   8 S   0.12519 0.12511 0.12506 0.12502 0.12498 0.12494 0.12489 0.12480 0.00001 ( 1)  0.370
   9 G   0.12524 0.12514 0.12508 0.12503 0.12498 0.12492 0.12486 0.12475 0.00001 ( 1)  0.370
  10 D   0.12519 0.12511 0.12506 0.12502 0.12498 0.12494 0.12489 0.12480 0.00001 ( 1)  0.370
  11 C   0.12521 0.12512 0.12507 0.12502 0.12498 0.12493 0.12487 0.12478 0.00001 ( 1)  0.370
  12 P   0.12529 0.12517 0.12509 0.12503 0.12497 0.12491 0.12483 0.12470 0.00001 ( 1)  0.370
  13 D   0.12509 0.12505 0.12503 0.12501 0.12499 0.12497 0.12494 0.12490 0.00001 ( 1)  0.370
  14 V   0.12533 0.12520 0.12511 0.12504 0.12497 0.12489 0.12480 0.12466 0.00001 ( 1)  0.370
  15 A   0.12511 0.12507 0.12504 0.12501 0.12499 0.12496 0.12493 0.12488 0.00001 ( 1)  0.370
  16 Q   0.12507 0.12504 0.12502 0.12501 0.12499 0.12498 0.12496 0.12493 0.00001 ( 1)  0.370
  17 Q   0.12507 0.12504 0.12502 0.12501 0.12499 0.12498 0.12496 0.12493 0.00001 ( 1)  0.370
  18 P   0.12514 0.12508 0.12504 0.12501 0.12499 0.12495 0.12492 0.12486 0.00001 ( 1)  0.370
  19 A   0.12512 0.12507 0.12504 0.12501 0.12499 0.12496 0.12493 0.12487 0.00001 ( 1)  0.370
  20 S   0.12514 0.12508 0.12505 0.12501 0.12498 0.12495 0.12491 0.12485 0.00001 ( 1)  0.370
  21 A   0.12512 0.12507 0.12504 0.12501 0.12499 0.12496 0.12493 0.12487 0.00001 ( 1)  0.370
  22 A   0.12512 0.12507 0.12504 0.12501 0.12499 0.12496 0.12493 0.12487 0.00001 ( 1)  0.370
  23 A   0.12526 0.12515 0.12508 0.12503 0.12497 0.12492 0.12485 0.12474 0.00001 ( 1)  0.370
  24 A   0.12526 0.12515 0.12508 0.12503 0.12497 0.12492 0.12485 0.12474 0.00001 ( 1)  0.370
  25 P   0.12523 0.12514 0.12508 0.12502 0.12498 0.12492 0.12486 0.12476 0.00001 ( 1)  0.370
  26 S   0.12514 0.12508 0.12505 0.12501 0.12498 0.12495 0.12491 0.12485 0.00001 ( 1)  0.370
  27 A   0.12526 0.12515 0.12508 0.12503 0.12497 0.12492 0.12485 0.12474 0.00001 ( 1)  0.370
  28 E   0.12509 0.12505 0.12503 0.12501 0.12499 0.12497 0.12495 0.12491 0.00001 ( 1)  0.370
  29 A   0.12521 0.12512 0.12507 0.12502 0.12498 0.12493 0.12488 0.12478 0.00001 ( 1)  0.370
  30 S   0.12524 0.12514 0.12508 0.12503 0.12498 0.12492 0.12486 0.12475 0.00001 ( 1)  0.370
  31 A   0.12526 0.12515 0.12508 0.12503 0.12497 0.12492 0.12485 0.12474 0.00001 ( 1)  0.370
  32 V   0.12527 0.12516 0.12509 0.12503 0.12497 0.12491 0.12484 0.12472 0.00001 ( 1)  0.370
  33 A   0.12521 0.12512 0.12507 0.12502 0.12498 0.12493 0.12488 0.12478 0.00001 ( 1)  0.370
  34 S   0.12519 0.12511 0.12506 0.12502 0.12498 0.12494 0.12489 0.12481 0.00001 ( 1)  0.370
  35 V   0.12516 0.12509 0.12505 0.12502 0.12498 0.12495 0.12490 0.12483 0.00001 ( 1)  0.370
  36 S   0.12513 0.12508 0.12504 0.12501 0.12499 0.12496 0.12492 0.12486 0.00001 ( 1)  0.370
  37 T   0.12516 0.12509 0.12505 0.12502 0.12498 0.12495 0.12490 0.12483 0.00001 ( 1)  0.370
  38 V   0.12516 0.12509 0.12505 0.12502 0.12498 0.12495 0.12490 0.12483 0.00001 ( 1)  0.370
  39 S   0.12513 0.12508 0.12504 0.12501 0.12499 0.12496 0.12492 0.12486 0.00001 ( 1)  0.370
  40 N   0.12524 0.12514 0.12508 0.12503 0.12498 0.12492 0.12486 0.12475 0.00001 ( 1)  0.370
  41 Q   0.12507 0.12504 0.12502 0.12501 0.12499 0.12498 0.12496 0.12493 0.00001 ( 1)  0.370
  42 L   0.12516 0.12509 0.12505 0.12502 0.12498 0.12495 0.12490 0.12483 0.00001 ( 1)  0.370
  43 V   0.12516 0.12509 0.12505 0.12502 0.12498 0.12495 0.12490 0.12483 0.00001 ( 1)  0.370
  44 D   0.10545 0.11350 0.11855 0.12281 0.12689 0.13122 0.13647 0.14508 0.00003 ( 8)  0.373
  45 P   0.12514 0.12508 0.12504 0.12501 0.12499 0.12495 0.12492 0.12486 0.00001 ( 1)  0.370
  46 S   0.12513 0.12508 0.12504 0.12501 0.12499 0.12496 0.12492 0.12486 0.00001 ( 1)  0.370
  47 S   0.12513 0.12508 0.12504 0.12501 0.12499 0.12496 0.12492 0.12486 0.00001 ( 1)  0.370
  48 T   0.12516 0.12509 0.12505 0.12502 0.12498 0.12495 0.12490 0.12483 0.00001 ( 1)  0.370
  49 Q   0.12507 0.12504 0.12502 0.12501 0.12499 0.12498 0.12496 0.12493 0.00001 ( 1)  0.370
  50 Q   0.12504 0.12502 0.12501 0.12500 0.12499 0.12499 0.12498 0.12496 0.00001 ( 1)  0.370
  51 Q   0.12507 0.12504 0.12502 0.12501 0.12499 0.12498 0.12496 0.12493 0.00001 ( 1)  0.370
  52 E   0.12516 0.12509 0.12505 0.12502 0.12498 0.12495 0.12491 0.12484 0.00001 ( 1)  0.370
  53 Q   0.12504 0.12502 0.12501 0.12500 0.12499 0.12499 0.12498 0.12496 0.00001 ( 1)  0.370
  54 Q   0.12507 0.12504 0.12502 0.12501 0.12499 0.12498 0.12496 0.12493 0.00001 ( 1)  0.370
  55 Q   0.12507 0.12504 0.12502 0.12501 0.12499 0.12498 0.12496 0.12493 0.00001 ( 1)  0.370
  56 Y   0.12522 0.12513 0.12507 0.12502 0.12498 0.12493 0.12487 0.12477 0.00001 ( 1)  0.370
  57 L   0.12514 0.12508 0.12505 0.12501 0.12498 0.12495 0.12491 0.12485 0.00001 ( 1)  0.370
  58 I   0.12512 0.12507 0.12504 0.12501 0.12499 0.12496 0.12493 0.12487 0.00001 ( 1)  0.370
  59 E   0.12516 0.12509 0.12505 0.12502 0.12498 0.12495 0.12491 0.12484 0.00001 ( 1)  0.370
  60 S   0.12524 0.12514 0.12508 0.12503 0.12498 0.12492 0.12486 0.12475 0.00001 ( 1)  0.370
  61 E   0.12516 0.12509 0.12505 0.12502 0.12498 0.12495 0.12491 0.12484 0.00001 ( 1)  0.370
  62 A   0.12511 0.12507 0.12504 0.12501 0.12499 0.12496 0.12493 0.12488 0.00001 ( 1)  0.370
  63 A   0.12512 0.12507 0.12504 0.12501 0.12499 0.12496 0.12493 0.12487 0.00001 ( 1)  0.370
  64 S   0.12514 0.12508 0.12505 0.12501 0.12498 0.12495 0.12491 0.12485 0.00001 ( 1)  0.370
  65 V   0.12533 0.12520 0.12511 0.12504 0.12497 0.12489 0.12480 0.12466 0.00001 ( 1)  0.370
  66 G   0.12524 0.12514 0.12508 0.12503 0.12498 0.12492 0.12486 0.12475 0.00001 ( 1)  0.370
  67 Q   0.12507 0.12504 0.12502 0.12501 0.12499 0.12498 0.12496 0.12493 0.00001 ( 1)  0.370
  68 F   0.12529 0.12517 0.12509 0.12503 0.12497 0.12491 0.12483 0.12470 0.00001 ( 1)  0.370
  69 D   0.12519 0.12511 0.12506 0.12502 0.12498 0.12494 0.12489 0.12480 0.00001 ( 1)  0.370
  70 N   0.12524 0.12514 0.12508 0.12503 0.12498 0.12492 0.12486 0.12475 0.00001 ( 1)  0.370
  71 A   0.12511 0.12507 0.12504 0.12501 0.12499 0.12496 0.12493 0.12488 0.00001 ( 1)  0.370
  72 P   0.12523 0.12514 0.12508 0.12502 0.12498 0.12492 0.12486 0.12476 0.00001 ( 1)  0.370
  73 D   0.12519 0.12511 0.12506 0.12502 0.12498 0.12494 0.12489 0.12480 0.00001 ( 1)  0.370
  74 D   0.12519 0.12511 0.12506 0.12502 0.12498 0.12494 0.12489 0.12480 0.00001 ( 1)  0.370
  75 N   0.12512 0.12507 0.12504 0.12501 0.12499 0.12496 0.12493 0.12488 0.00001 ( 1)  0.370
  76 S   0.12524 0.12514 0.12508 0.12503 0.12498 0.12492 0.12486 0.12475 0.00001 ( 1)  0.370
  77 S   0.12513 0.12508 0.12504 0.12501 0.12499 0.12496 0.12492 0.12486 0.00001 ( 1)  0.370
  78 A   0.12512 0.12507 0.12504 0.12501 0.12499 0.12496 0.12493 0.12487 0.00001 ( 1)  0.370
  79 A   0.12512 0.12507 0.12504 0.12501 0.12499 0.12496 0.12493 0.12487 0.00001 ( 1)  0.370
  80 A   0.12521 0.12512 0.12507 0.12502 0.12498 0.12493 0.12488 0.12478 0.00001 ( 1)  0.370
  81 S   0.12514 0.12508 0.12505 0.12501 0.12498 0.12495 0.12491 0.12485 0.00001 ( 1)  0.370
  82 A   0.12521 0.12512 0.12507 0.12502 0.12498 0.12493 0.12488 0.12478 0.00001 ( 1)  0.370
  83 N   0.12512 0.12507 0.12504 0.12501 0.12499 0.12496 0.12493 0.12488 0.00001 ( 1)  0.370
  84 S   0.12513 0.12508 0.12504 0.12501 0.12499 0.12496 0.12492 0.12486 0.00001 ( 1)  0.370
  85 A   0.12526 0.12515 0.12508 0.12503 0.12497 0.12492 0.12485 0.12474 0.00001 ( 1)  0.370
  86 A   0.12526 0.12515 0.12508 0.12503 0.12497 0.12492 0.12485 0.12474 0.00001 ( 1)  0.370
  87 N   0.12512 0.12507 0.12504 0.12501 0.12499 0.12496 0.12493 0.12488 0.00001 ( 1)  0.370
  88 S   0.12530 0.12517 0.12510 0.12503 0.12497 0.12490 0.12482 0.12469 0.00001 ( 1)  0.370
  89 T   0.12533 0.12520 0.12511 0.12504 0.12497 0.12489 0.12480 0.12465 0.00001 ( 1)  0.370
  90 A   0.12511 0.12507 0.12504 0.12501 0.12499 0.12496 0.12493 0.12488 0.00001 ( 1)  0.370
  91 F   0.12529 0.12517 0.12509 0.12503 0.12497 0.12491 0.12483 0.12470 0.00001 ( 1)  0.370
  92 Y   0.12522 0.12513 0.12507 0.12502 0.12498 0.12493 0.12487 0.12477 0.00001 ( 1)  0.370
  93 R   0.12518 0.12510 0.12506 0.12502 0.12498 0.12494 0.12489 0.12481 0.00001 ( 1)  0.370
  94 S   0.12530 0.12517 0.12510 0.12503 0.12497 0.12490 0.12482 0.12469 0.00001 ( 1)  0.370
  95 Y   0.12522 0.12513 0.12507 0.12502 0.12498 0.12493 0.12487 0.12477 0.00001 ( 1)  0.370
  96 S   0.12519 0.12511 0.12506 0.12502 0.12498 0.12494 0.12489 0.12480 0.00001 ( 1)  0.370
  97 R   0.12518 0.12510 0.12506 0.12502 0.12498 0.12494 0.12489 0.12481 0.00001 ( 1)  0.370
  98 P   0.12513 0.12507 0.12504 0.12501 0.12499 0.12496 0.12492 0.12487 0.00001 ( 1)  0.370
  99 A   0.12526 0.12515 0.12508 0.12503 0.12497 0.12492 0.12485 0.12474 0.00001 ( 1)  0.370
 100 W   0.12507 0.12504 0.12502 0.12501 0.12499 0.12498 0.12496 0.12493 0.00001 ( 1)  0.370
 101 Y   0.12522 0.12513 0.12507 0.12502 0.12498 0.12493 0.12487 0.12477 0.00001 ( 1)  0.370
 102 E   0.12516 0.12509 0.12505 0.12502 0.12498 0.12495 0.12491 0.12484 0.00001 ( 1)  0.370
 103 S   0.12530 0.12517 0.12510 0.12503 0.12497 0.12490 0.12482 0.12469 0.00001 ( 1)  0.370
 104 I   0.12526 0.12515 0.12508 0.12503 0.12497 0.12492 0.12485 0.12473 0.00001 ( 1)  0.370
 105 E   0.12509 0.12505 0.12503 0.12501 0.12499 0.12497 0.12495 0.12491 0.00001 ( 1)  0.370
 106 A   0.12511 0.12507 0.12504 0.12501 0.12499 0.12496 0.12493 0.12488 0.00001 ( 1)  0.370
 107 S   0.12519 0.12511 0.12506 0.12502 0.12498 0.12494 0.12489 0.12480 0.00001 ( 1)  0.370
 108 E   0.12509 0.12505 0.12503 0.12501 0.12499 0.12497 0.12495 0.12491 0.00001 ( 1)  0.370
 109 A   0.12526 0.12515 0.12508 0.12503 0.12497 0.12492 0.12485 0.12474 0.00001 ( 1)  0.370
 110 S   0.12514 0.12508 0.12505 0.12501 0.12498 0.12495 0.12491 0.12485 0.00001 ( 1)  0.370
 111 Q   0.12504 0.12502 0.12501 0.12500 0.12499 0.12499 0.12498 0.12496 0.00001 ( 1)  0.370
 112 W   0.12507 0.12504 0.12502 0.12501 0.12499 0.12498 0.12496 0.12493 0.00001 ( 1)  0.370
 113 P   0.12514 0.12508 0.12504 0.12501 0.12499 0.12495 0.12492 0.12486 0.00001 ( 1)  0.370
 114 P   0.12523 0.12514 0.12508 0.12502 0.12498 0.12492 0.12486 0.12476 0.00001 ( 1)  0.370
 115 W   0.12507 0.12504 0.12502 0.12501 0.12499 0.12498 0.12496 0.12493 0.00001 ( 1)  0.370
 116 Q   0.12507 0.12504 0.12502 0.12501 0.12499 0.12498 0.12496 0.12493 0.00001 ( 1)  0.370
 117 L   0.12516 0.12509 0.12505 0.12502 0.12498 0.12495 0.12490 0.12483 0.00001 ( 1)  0.370
 118 L   0.12530 0.12517 0.12510 0.12503 0.12497 0.12490 0.12482 0.12469 0.00001 ( 1)  0.370
 119 G   0.12518 0.12510 0.12506 0.12502 0.12498 0.12494 0.12489 0.12481 0.00001 ( 1)  0.370
 120 L   0.12516 0.12509 0.12505 0.12502 0.12498 0.12495 0.12490 0.12483 0.00001 ( 1)  0.370
 121 A   0.12526 0.12515 0.12508 0.12503 0.12497 0.12492 0.12485 0.12474 0.00001 ( 1)  0.370
 122 A   0.12511 0.12507 0.12504 0.12501 0.12499 0.12496 0.12493 0.12488 0.00001 ( 1)  0.370
 123 Q   0.12507 0.12504 0.12502 0.12501 0.12499 0.12498 0.12496 0.12493 0.00001 ( 1)  0.370
 124 R   0.12522 0.12513 0.12507 0.12502 0.12498 0.12493 0.12487 0.12477 0.00001 ( 1)  0.370
 125 V   0.12533 0.12520 0.12511 0.12504 0.12497 0.12489 0.12480 0.12466 0.00001 ( 1)  0.370
 126 V   0.12515 0.12509 0.12505 0.12502 0.12498 0.12495 0.12491 0.12484 0.00001 ( 1)  0.370
 127 F   0.12514 0.12508 0.12504 0.12501 0.12499 0.12495 0.12492 0.12486 0.00001 ( 1)  0.370
 128 P   0.12529 0.12517 0.12509 0.12503 0.12497 0.12491 0.12483 0.12470 0.00001 ( 1)  0.370
 129 R   0.12510 0.12506 0.12503 0.12501 0.12499 0.12497 0.12494 0.12489 0.00001 ( 1)  0.370
 130 R   0.12518 0.12510 0.12506 0.12502 0.12498 0.12494 0.12489 0.12481 0.00001 ( 1)  0.370
 131 P   0.12529 0.12517 0.12509 0.12503 0.12497 0.12491 0.12483 0.12470 0.00001 ( 1)  0.370
 132 C   0.12521 0.12512 0.12507 0.12502 0.12498 0.12493 0.12487 0.12478 0.00001 ( 1)  0.370
 133 F   0.12529 0.12517 0.12509 0.12503 0.12497 0.12491 0.12483 0.12470 0.00001 ( 1)  0.370
 134 Q   0.12507 0.12504 0.12502 0.12501 0.12499 0.12498 0.12496 0.12493 0.00001 ( 1)  0.370
 135 P   0.12513 0.12507 0.12504 0.12501 0.12499 0.12496 0.12492 0.12487 0.00001 ( 1)  0.370
 136 V   0.10562 0.11361 0.11862 0.12284 0.12688 0.13117 0.13636 0.14486 0.00003 ( 8)  0.373
 137 G   0.12511 0.12506 0.12503 0.12501 0.12499 0.12496 0.12494 0.12489 0.00001 ( 1)  0.370
 138 G   0.12524 0.12514 0.12508 0.12503 0.12498 0.12492 0.12486 0.12475 0.00001 ( 1)  0.370
 139 G   0.12524 0.12514 0.12508 0.12503 0.12498 0.12492 0.12486 0.12475 0.00001 ( 1)  0.370
 140 D   0.12509 0.12505 0.12503 0.12501 0.12499 0.12497 0.12494 0.12490 0.00001 ( 1)  0.370
 141 D   0.12509 0.12505 0.12503 0.12501 0.12499 0.12497 0.12494 0.12490 0.00001 ( 1)  0.370
 142 R   0.12522 0.12513 0.12507 0.12502 0.12498 0.12493 0.12487 0.12477 0.00001 ( 1)  0.370
 143 D   0.12519 0.12511 0.12506 0.12502 0.12498 0.12494 0.12489 0.12480 0.00001 ( 1)  0.370
 144 R   0.12506 0.12504 0.12502 0.12501 0.12499 0.12498 0.12496 0.12493 0.00001 ( 1)  0.370
 145 V   0.12533 0.12520 0.12511 0.12504 0.12497 0.12489 0.12480 0.12466 0.00001 ( 1)  0.370
 146 E   0.12509 0.12505 0.12503 0.12501 0.12499 0.12497 0.12495 0.12491 0.00001 ( 1)  0.370
 147 S   0.12519 0.12511 0.12506 0.12502 0.12498 0.12494 0.12489 0.12481 0.00001 ( 1)  0.370
 148 S   0.12524 0.12514 0.12508 0.12503 0.12498 0.12492 0.12486 0.12475 0.00001 ( 1)  0.370
 149 T   0.12527 0.12516 0.12509 0.12503 0.12497 0.12491 0.12484 0.12472 0.00001 ( 1)  0.370
 150 S   0.12524 0.12514 0.12508 0.12503 0.12498 0.12492 0.12486 0.12475 0.00001 ( 1)  0.370
 151 L   0.12509 0.12505 0.12503 0.12501 0.12499 0.12497 0.12495 0.12491 0.00001 ( 1)  0.370
 152 T   0.12516 0.12509 0.12505 0.12502 0.12498 0.12495 0.12490 0.12483 0.00001 ( 1)  0.370
 153 V   0.12515 0.12509 0.12505 0.12502 0.12498 0.12495 0.12491 0.12484 0.00001 ( 1)  0.370
 154 S   0.12519 0.12511 0.12506 0.12502 0.12498 0.12494 0.12489 0.12480 0.00001 ( 1)  0.370
 155 F   0.12529 0.12517 0.12509 0.12503 0.12497 0.12491 0.12483 0.12470 0.00001 ( 1)  0.370
 156 S   0.12524 0.12514 0.12508 0.12503 0.12498 0.12492 0.12486 0.12475 0.00001 ( 1)  0.370
 157 P   0.12523 0.12514 0.12508 0.12502 0.12498 0.12492 0.12486 0.12476 0.00001 ( 1)  0.370
 158 P   0.12523 0.12514 0.12508 0.12502 0.12498 0.12492 0.12486 0.12476 0.00001 ( 1)  0.370
 159 L   0.12516 0.12509 0.12505 0.12502 0.12498 0.12495 0.12490 0.12483 0.00001 ( 1)  0.370
 160 Y   0.12522 0.12513 0.12507 0.12502 0.12498 0.12493 0.12487 0.12477 0.00001 ( 1)  0.370
 161 K   0.12520 0.12512 0.12506 0.12502 0.12498 0.12494 0.12488 0.12480 0.00001 ( 1)  0.370
 162 Q   0.12507 0.12504 0.12502 0.12501 0.12499 0.12498 0.12496 0.12493 0.00001 ( 1)  0.370
 163 R   0.12506 0.12504 0.12502 0.12501 0.12499 0.12498 0.12496 0.12493 0.00001 ( 1)  0.370
 164 Y   0.12522 0.12513 0.12507 0.12502 0.12498 0.12493 0.12487 0.12477 0.00001 ( 1)  0.370
 165 T   0.12527 0.12516 0.12509 0.12503 0.12497 0.12491 0.12484 0.12472 0.00001 ( 1)  0.370
 166 A   0.12526 0.12515 0.12508 0.12503 0.12497 0.12492 0.12485 0.12474 0.00001 ( 1)  0.370
 167 A   0.12521 0.12512 0.12507 0.12502 0.12498 0.12493 0.12488 0.12478 0.00001 ( 1)  0.370
 168 F   0.12529 0.12517 0.12509 0.12503 0.12497 0.12491 0.12483 0.12470 0.00001 ( 1)  0.370
 169 D   0.12519 0.12511 0.12506 0.12502 0.12498 0.12494 0.12489 0.12480 0.00001 ( 1)  0.370
 170 L   0.12516 0.12509 0.12505 0.12502 0.12498 0.12495 0.12490 0.12483 0.00001 ( 1)  0.370
 171 L   0.12509 0.12505 0.12503 0.12501 0.12499 0.12497 0.12495 0.12491 0.00001 ( 1)  0.370
 172 V   0.12527 0.12516 0.12509 0.12503 0.12497 0.12491 0.12484 0.12472 0.00001 ( 1)  0.370
 173 E   0.12516 0.12509 0.12505 0.12502 0.12498 0.12495 0.12491 0.12484 0.00001 ( 1)  0.370
 174 R   0.12518 0.12510 0.12506 0.12502 0.12498 0.12494 0.12489 0.12481 0.00001 ( 1)  0.370
 175 F   0.12529 0.12517 0.12509 0.12503 0.12497 0.12491 0.12483 0.12470 0.00001 ( 1)  0.370
 176 G   0.12524 0.12514 0.12508 0.12503 0.12498 0.12492 0.12486 0.12475 0.00001 ( 1)  0.370
 177 N   0.12524 0.12514 0.12508 0.12503 0.12498 0.12492 0.12486 0.12475 0.00001 ( 1)  0.370
 178 D   0.12519 0.12511 0.12506 0.12502 0.12498 0.12494 0.12489 0.12480 0.00001 ( 1)  0.370
 179 S   0.12519 0.12511 0.12506 0.12502 0.12498 0.12494 0.12489 0.12480 0.00001 ( 1)  0.370
 180 R   0.12516 0.12509 0.12505 0.12502 0.12498 0.12495 0.12491 0.12484 0.00001 ( 1)  0.370
 181 R   0.12518 0.12510 0.12506 0.12502 0.12498 0.12494 0.12489 0.12481 0.00001 ( 1)  0.370
 182 P   0.12529 0.12517 0.12509 0.12503 0.12497 0.12491 0.12483 0.12470 0.00001 ( 1)  0.370
 183 G   0.12524 0.12514 0.12508 0.12503 0.12498 0.12492 0.12486 0.12475 0.00001 ( 1)  0.370
 184 V   0.12527 0.12516 0.12509 0.12503 0.12497 0.12491 0.12484 0.12472 0.00001 ( 1)  0.370
 185 I   0.12526 0.12515 0.12508 0.12503 0.12497 0.12492 0.12485 0.12473 0.00001 ( 1)  0.370
 186 K   0.12511 0.12506 0.12503 0.12501 0.12499 0.12496 0.12493 0.12489 0.00001 ( 1)  0.370
 187 L   0.12516 0.12509 0.12505 0.12502 0.12498 0.12495 0.12490 0.12483 0.00001 ( 1)  0.370
 188 I   0.12526 0.12515 0.12508 0.12503 0.12497 0.12492 0.12485 0.12473 0.00001 ( 1)  0.370
 189 D   0.12519 0.12511 0.12506 0.12502 0.12498 0.12494 0.12489 0.12480 0.00001 ( 1)  0.370
 190 L   0.12514 0.12508 0.12505 0.12501 0.12498 0.12495 0.12491 0.12485 0.00001 ( 1)  0.370
 191 G   0.12524 0.12514 0.12508 0.12503 0.12498 0.12492 0.12486 0.12475 0.00001 ( 1)  0.370
 192 A   0.12526 0.12515 0.12508 0.12503 0.12497 0.12492 0.12485 0.12474 0.00001 ( 1)  0.370
 193 A   0.12526 0.12515 0.12508 0.12503 0.12497 0.12492 0.12485 0.12474 0.00001 ( 1)  0.370
 194 E   0.12516 0.12509 0.12505 0.12502 0.12498 0.12495 0.12491 0.12484 0.00001 ( 1)  0.370
 195 C   0.12521 0.12512 0.12507 0.12502 0.12498 0.12493 0.12487 0.12478 0.00001 ( 1)  0.370
 196 R   0.12522 0.12513 0.12507 0.12502 0.12498 0.12493 0.12487 0.12477 0.00001 ( 1)  0.370
 197 L   0.12516 0.12509 0.12505 0.12502 0.12498 0.12495 0.12490 0.12483 0.00001 ( 1)  0.370
 198 F   0.12514 0.12508 0.12504 0.12501 0.12499 0.12495 0.12492 0.12486 0.00001 ( 1)  0.370
 199 S   0.12514 0.12508 0.12505 0.12501 0.12498 0.12495 0.12491 0.12485 0.00001 ( 1)  0.370
 200 Q   0.12504 0.12502 0.12501 0.12500 0.12499 0.12499 0.12498 0.12496 0.00001 ( 1)  0.370
 201 S   0.12524 0.12514 0.12508 0.12503 0.12498 0.12492 0.12486 0.12475 0.00001 ( 1)  0.370
 202 L   0.12514 0.12508 0.12505 0.12501 0.12498 0.12495 0.12491 0.12485 0.00001 ( 1)  0.370
 203 K   0.12520 0.12512 0.12506 0.12502 0.12498 0.12494 0.12488 0.12480 0.00001 ( 1)  0.370
 204 F   0.12514 0.12508 0.12504 0.12501 0.12499 0.12495 0.12492 0.12486 0.00001 ( 1)  0.370
 205 L   0.12530 0.12517 0.12510 0.12503 0.12497 0.12490 0.12482 0.12469 0.00001 ( 1)  0.370
 206 R   0.12506 0.12504 0.12502 0.12501 0.12499 0.12498 0.12496 0.12493 0.00001 ( 1)  0.370
 207 F   0.12529 0.12517 0.12509 0.12503 0.12497 0.12491 0.12483 0.12470 0.00001 ( 1)  0.370
 208 D   0.12509 0.12505 0.12503 0.12501 0.12499 0.12497 0.12494 0.12490 0.00001 ( 1)  0.370
 209 V   0.12533 0.12520 0.12511 0.12504 0.12497 0.12489 0.12480 0.12466 0.00001 ( 1)  0.370
 210 D   0.12509 0.12505 0.12503 0.12501 0.12499 0.12497 0.12494 0.12490 0.00001 ( 1)  0.370
 211 Y   0.12510 0.12506 0.12503 0.12501 0.12499 0.12497 0.12494 0.12489 0.00001 ( 1)  0.370
 212 L   0.12516 0.12509 0.12505 0.12502 0.12498 0.12495 0.12490 0.12483 0.00001 ( 1)  0.370
 213 A   0.12511 0.12507 0.12504 0.12501 0.12499 0.12496 0.12493 0.12488 0.00001 ( 1)  0.370
 214 V   0.12533 0.12520 0.12511 0.12504 0.12497 0.12489 0.12480 0.12466 0.00001 ( 1)  0.370
 215 D   0.12519 0.12511 0.12506 0.12502 0.12498 0.12494 0.12489 0.12480 0.00001 ( 1)  0.370

Positively selected sites

	Prob(w>1)  mean w



lnL =  -880.420905

Bayes Empirical Bayes (BEB) probabilities for 11 classes (class) & postmean_w
(amino acids refer to 1st sequence: Mlig.46158)

   1 T   0.24779 0.08028 0.07025 0.06545 0.06217 0.05941 0.05685 0.05459 0.05363 0.09777 0.15182 ( 1)  0.732 +-  1.106
   2 P   0.24685 0.07998 0.07002 0.06528 0.06204 0.05931 0.05680 0.05457 0.05364 0.09778 0.15373 ( 1)  0.741 +-  1.128
   3 T   0.24451 0.07924 0.06947 0.06486 0.06174 0.05912 0.05670 0.05456 0.05371 0.09790 0.15818 ( 1)  0.761 +-  1.171
   4 A   0.24547 0.07954 0.06970 0.06503 0.06186 0.05919 0.05673 0.05455 0.05367 0.09783 0.15643 ( 1)  0.754 +-  1.156
   5 S   0.24419 0.07914 0.06939 0.06480 0.06170 0.05909 0.05668 0.05455 0.05371 0.09791 0.15884 ( 1)  0.764 +-  1.178
   6 L   0.24472 0.07931 0.06952 0.06490 0.06177 0.05914 0.05671 0.05456 0.05370 0.09789 0.15779 ( 1)  0.760 +-  1.168
   7 S   0.24531 0.07949 0.06966 0.06501 0.06185 0.05920 0.05674 0.05457 0.05369 0.09788 0.15658 ( 1)  0.754 +-  1.154
   8 S   0.24531 0.07949 0.06966 0.06501 0.06185 0.05920 0.05674 0.05457 0.05369 0.09788 0.15658 ( 1)  0.754 +-  1.154
   9 G   0.24614 0.07975 0.06986 0.06515 0.06195 0.05926 0.05677 0.05457 0.05367 0.09783 0.15504 ( 1)  0.747 +-  1.140
  10 D   0.24519 0.07946 0.06963 0.06498 0.06182 0.05917 0.05672 0.05455 0.05368 0.09785 0.15695 ( 1)  0.756 +-  1.161
  11 C   0.24564 0.07960 0.06974 0.06507 0.06189 0.05922 0.05676 0.05457 0.05368 0.09786 0.15596 ( 1)  0.751 +-  1.148
  12 P   0.24685 0.07998 0.07002 0.06528 0.06204 0.05931 0.05680 0.05457 0.05364 0.09778 0.15373 ( 1)  0.741 +-  1.128
  13 D   0.24342 0.07890 0.06921 0.06466 0.06159 0.05902 0.05664 0.05454 0.05371 0.09792 0.16038 ( 1)  0.772 +-  1.194
  14 V   0.24770 0.08025 0.07023 0.06543 0.06215 0.05939 0.05684 0.05458 0.05362 0.09775 0.15206 ( 1)  0.734 +-  1.110
  15 A   0.24383 0.07903 0.06931 0.06474 0.06165 0.05906 0.05666 0.05454 0.05371 0.09791 0.15958 ( 1)  0.768 +-  1.186
  16 Q   0.24303 0.07877 0.06912 0.06459 0.06154 0.05898 0.05662 0.05453 0.05372 0.09793 0.16118 ( 1)  0.776 +-  1.203
  17 Q   0.24303 0.07877 0.06912 0.06459 0.06154 0.05898 0.05662 0.05453 0.05372 0.09793 0.16118 ( 1)  0.776 +-  1.203
  18 P   0.24426 0.07916 0.06941 0.06482 0.06171 0.05910 0.05669 0.05455 0.05370 0.09790 0.15870 ( 1)  0.764 +-  1.177
  19 A   0.24398 0.07907 0.06934 0.06476 0.06167 0.05907 0.05667 0.05454 0.05370 0.09790 0.15929 ( 1)  0.767 +-  1.184
  20 S   0.24436 0.07919 0.06944 0.06484 0.06172 0.05911 0.05669 0.05455 0.05370 0.09790 0.15849 ( 1)  0.763 +-  1.175
  21 A   0.24398 0.07907 0.06934 0.06476 0.06167 0.05907 0.05667 0.05454 0.05370 0.09790 0.15929 ( 1)  0.767 +-  1.184
  22 A   0.24398 0.07907 0.06934 0.06476 0.06167 0.05907 0.05667 0.05454 0.05370 0.09790 0.15929 ( 1)  0.767 +-  1.184
  23 A   0.24624 0.07979 0.06988 0.06516 0.06195 0.05925 0.05676 0.05455 0.05364 0.09779 0.15498 ( 1)  0.747 +-  1.142
  24 A   0.24624 0.07979 0.06988 0.06516 0.06195 0.05925 0.05676 0.05455 0.05364 0.09779 0.15498 ( 1)  0.747 +-  1.142
  25 P   0.24596 0.07970 0.06981 0.06512 0.06193 0.05924 0.05676 0.05457 0.05366 0.09783 0.15541 ( 1)  0.749 +-  1.144
  26 S   0.24436 0.07919 0.06944 0.06484 0.06172 0.05911 0.05669 0.05455 0.05370 0.09790 0.15849 ( 1)  0.763 +-  1.175
  27 A   0.24624 0.07979 0.06988 0.06516 0.06195 0.05925 0.05676 0.05455 0.05364 0.09779 0.15498 ( 1)  0.747 +-  1.142
  28 E   0.24331 0.07886 0.06919 0.06464 0.06158 0.05901 0.05664 0.05454 0.05372 0.09792 0.16060 ( 1)  0.773 +-  1.197
  29 A   0.24547 0.07954 0.06970 0.06503 0.06186 0.05919 0.05673 0.05455 0.05367 0.09783 0.15643 ( 1)  0.754 +-  1.156
  30 S   0.24613 0.07975 0.06985 0.06515 0.06195 0.05926 0.05677 0.05457 0.05366 0.09783 0.15506 ( 1)  0.747 +-  1.140
  31 A   0.24624 0.07979 0.06988 0.06516 0.06195 0.05925 0.05676 0.05455 0.05364 0.09779 0.15498 ( 1)  0.747 +-  1.142
  32 V   0.24666 0.07992 0.06998 0.06525 0.06202 0.05931 0.05680 0.05458 0.05365 0.09781 0.15402 ( 1)  0.742 +-  1.130
  33 A   0.24547 0.07954 0.06970 0.06503 0.06186 0.05919 0.05673 0.05455 0.05367 0.09783 0.15643 ( 1)  0.754 +-  1.156
  34 S   0.24517 0.07945 0.06963 0.06498 0.06183 0.05918 0.05673 0.05456 0.05369 0.09787 0.15692 ( 1)  0.756 +-  1.159
  35 V   0.24468 0.07930 0.06951 0.06489 0.06176 0.05914 0.05671 0.05456 0.05370 0.09789 0.15785 ( 1)  0.760 +-  1.168
  36 S   0.24419 0.07914 0.06939 0.06480 0.06170 0.05909 0.05668 0.05455 0.05371 0.09791 0.15884 ( 1)  0.764 +-  1.178
  37 T   0.24470 0.07930 0.06952 0.06490 0.06177 0.05914 0.05671 0.05456 0.05370 0.09790 0.15779 ( 1)  0.759 +-  1.167
  38 V   0.24468 0.07930 0.06951 0.06489 0.06176 0.05914 0.05671 0.05456 0.05370 0.09789 0.15785 ( 1)  0.760 +-  1.168
  39 S   0.24419 0.07914 0.06939 0.06480 0.06170 0.05909 0.05668 0.05455 0.05371 0.09791 0.15884 ( 1)  0.764 +-  1.178
  40 N   0.24619 0.07977 0.06987 0.06517 0.06196 0.05927 0.05678 0.05458 0.05367 0.09784 0.15488 ( 1)  0.746 +-  1.137
  41 Q   0.24303 0.07877 0.06912 0.06459 0.06154 0.05898 0.05662 0.05453 0.05372 0.09793 0.16118 ( 1)  0.776 +-  1.203
  42 L   0.24472 0.07931 0.06952 0.06490 0.06177 0.05914 0.05671 0.05456 0.05370 0.09789 0.15779 ( 1)  0.760 +-  1.168
  43 V   0.24468 0.07930 0.06951 0.06489 0.06176 0.05914 0.05671 0.05456 0.05370 0.09789 0.15785 ( 1)  0.760 +-  1.168
  44 D   0.02392 0.01950 0.02722 0.03446 0.04109 0.04700 0.05208 0.05639 0.06085 0.10976 0.52773 (11)  2.492 +-  2.692
  45 P   0.24426 0.07916 0.06941 0.06482 0.06171 0.05910 0.05669 0.05455 0.05370 0.09790 0.15870 ( 1)  0.764 +-  1.177
  46 S   0.24419 0.07914 0.06939 0.06480 0.06170 0.05909 0.05668 0.05455 0.05371 0.09791 0.15884 ( 1)  0.764 +-  1.178
  47 S   0.24419 0.07914 0.06939 0.06480 0.06170 0.05909 0.05668 0.05455 0.05371 0.09791 0.15884 ( 1)  0.764 +-  1.178
  48 T   0.24470 0.07930 0.06952 0.06490 0.06177 0.05914 0.05671 0.05456 0.05370 0.09790 0.15779 ( 1)  0.759 +-  1.167
  49 Q   0.24303 0.07877 0.06912 0.06459 0.06154 0.05898 0.05662 0.05453 0.05372 0.09793 0.16118 ( 1)  0.776 +-  1.203
  50 Q   0.24243 0.07858 0.06898 0.06448 0.06146 0.05893 0.05659 0.05452 0.05372 0.09794 0.16238 ( 1)  0.781 +-  1.215
  51 Q   0.24303 0.07877 0.06912 0.06459 0.06154 0.05898 0.05662 0.05453 0.05372 0.09793 0.16118 ( 1)  0.776 +-  1.203
  52 E   0.24458 0.07926 0.06949 0.06487 0.06174 0.05912 0.05670 0.05455 0.05369 0.09788 0.15812 ( 1)  0.761 +-  1.172
  53 Q   0.24243 0.07858 0.06898 0.06448 0.06146 0.05893 0.05659 0.05452 0.05372 0.09794 0.16238 ( 1)  0.781 +-  1.215
  54 Q   0.24303 0.07877 0.06912 0.06459 0.06154 0.05898 0.05662 0.05453 0.05372 0.09793 0.16118 ( 1)  0.776 +-  1.203
  55 Q   0.24303 0.07877 0.06912 0.06459 0.06154 0.05898 0.05662 0.05453 0.05372 0.09793 0.16118 ( 1)  0.776 +-  1.203
  56 Y   0.24571 0.07962 0.06976 0.06508 0.06190 0.05923 0.05675 0.05457 0.05368 0.09785 0.15586 ( 1)  0.751 +-  1.148
  57 L   0.24436 0.07919 0.06944 0.06484 0.06172 0.05911 0.05669 0.05455 0.05370 0.09790 0.15849 ( 1)  0.763 +-  1.175
  58 I   0.24404 0.07909 0.06936 0.06478 0.06168 0.05908 0.05668 0.05455 0.05371 0.09792 0.15912 ( 1)  0.766 +-  1.181
  59 E   0.24458 0.07926 0.06949 0.06487 0.06174 0.05912 0.05670 0.05455 0.05369 0.09788 0.15812 ( 1)  0.761 +-  1.172
  60 S   0.24613 0.07975 0.06985 0.06515 0.06195 0.05926 0.05677 0.05457 0.05366 0.09783 0.15506 ( 1)  0.747 +-  1.140
  61 E   0.24458 0.07926 0.06949 0.06487 0.06174 0.05912 0.05670 0.05455 0.05369 0.09788 0.15812 ( 1)  0.761 +-  1.172
  62 A   0.24383 0.07903 0.06931 0.06474 0.06165 0.05906 0.05666 0.05454 0.05371 0.09791 0.15958 ( 1)  0.768 +-  1.186
  63 A   0.24398 0.07907 0.06934 0.06476 0.06167 0.05907 0.05667 0.05454 0.05370 0.09790 0.15929 ( 1)  0.767 +-  1.184
  64 S   0.24436 0.07919 0.06944 0.06484 0.06172 0.05911 0.05669 0.05455 0.05370 0.09790 0.15849 ( 1)  0.763 +-  1.175
  65 V   0.24770 0.08025 0.07023 0.06543 0.06215 0.05939 0.05684 0.05458 0.05362 0.09775 0.15206 ( 1)  0.734 +-  1.110
  66 G   0.24614 0.07975 0.06986 0.06515 0.06195 0.05926 0.05677 0.05457 0.05367 0.09783 0.15504 ( 1)  0.747 +-  1.140
  67 Q   0.24303 0.07877 0.06912 0.06459 0.06154 0.05898 0.05662 0.05453 0.05372 0.09793 0.16118 ( 1)  0.776 +-  1.203
  68 F   0.24698 0.08002 0.07006 0.06531 0.06207 0.05934 0.05682 0.05458 0.05365 0.09781 0.15338 ( 1)  0.739 +-  1.122
  69 D   0.24519 0.07946 0.06963 0.06498 0.06182 0.05917 0.05672 0.05455 0.05368 0.09785 0.15695 ( 1)  0.756 +-  1.161
  70 N   0.24619 0.07977 0.06987 0.06517 0.06196 0.05927 0.05678 0.05458 0.05367 0.09784 0.15488 ( 1)  0.746 +-  1.137
  71 A   0.24383 0.07903 0.06931 0.06474 0.06165 0.05906 0.05666 0.05454 0.05371 0.09791 0.15958 ( 1)  0.768 +-  1.186
  72 P   0.24596 0.07970 0.06981 0.06512 0.06193 0.05924 0.05676 0.05457 0.05366 0.09783 0.15541 ( 1)  0.749 +-  1.144
  73 D   0.24519 0.07946 0.06963 0.06498 0.06182 0.05917 0.05672 0.05455 0.05368 0.09785 0.15695 ( 1)  0.756 +-  1.161
  74 D   0.24519 0.07946 0.06963 0.06498 0.06182 0.05917 0.05672 0.05455 0.05368 0.09785 0.15695 ( 1)  0.756 +-  1.161
  75 N   0.24389 0.07905 0.06932 0.06475 0.06166 0.05907 0.05667 0.05455 0.05371 0.09792 0.15941 ( 1)  0.767 +-  1.184
  76 S   0.24613 0.07975 0.06985 0.06515 0.06195 0.05926 0.05677 0.05457 0.05366 0.09783 0.15506 ( 1)  0.747 +-  1.140
  77 S   0.24419 0.07914 0.06939 0.06480 0.06170 0.05909 0.05668 0.05455 0.05371 0.09791 0.15884 ( 1)  0.764 +-  1.178
  78 A   0.24398 0.07907 0.06934 0.06476 0.06167 0.05907 0.05667 0.05454 0.05370 0.09790 0.15929 ( 1)  0.767 +-  1.184
  79 A   0.24398 0.07907 0.06934 0.06476 0.06167 0.05907 0.05667 0.05454 0.05370 0.09790 0.15929 ( 1)  0.767 +-  1.184
  80 A   0.24547 0.07954 0.06970 0.06503 0.06186 0.05919 0.05673 0.05455 0.05367 0.09783 0.15643 ( 1)  0.754 +-  1.156
  81 S   0.24436 0.07919 0.06944 0.06484 0.06172 0.05911 0.05669 0.05455 0.05370 0.09790 0.15849 ( 1)  0.763 +-  1.175
  82 A   0.24547 0.07954 0.06970 0.06503 0.06186 0.05919 0.05673 0.05455 0.05367 0.09783 0.15643 ( 1)  0.754 +-  1.156
  83 N   0.24389 0.07905 0.06932 0.06475 0.06166 0.05907 0.05667 0.05455 0.05371 0.09792 0.15941 ( 1)  0.767 +-  1.184
  84 S   0.24419 0.07914 0.06939 0.06480 0.06170 0.05909 0.05668 0.05455 0.05371 0.09791 0.15884 ( 1)  0.764 +-  1.178
  85 A   0.24624 0.07979 0.06988 0.06516 0.06195 0.05925 0.05676 0.05455 0.05364 0.09779 0.15498 ( 1)  0.747 +-  1.142
  86 A   0.24624 0.07979 0.06988 0.06516 0.06195 0.05925 0.05676 0.05455 0.05364 0.09779 0.15498 ( 1)  0.747 +-  1.142
  87 N   0.24389 0.07905 0.06932 0.06475 0.06166 0.05907 0.05667 0.05455 0.05371 0.09792 0.15941 ( 1)  0.767 +-  1.184
  88 S   0.24707 0.08005 0.07007 0.06532 0.06207 0.05933 0.05681 0.05457 0.05364 0.09778 0.15330 ( 1)  0.739 +-  1.123
  89 T   0.24779 0.08028 0.07025 0.06545 0.06217 0.05941 0.05685 0.05459 0.05363 0.09777 0.15182 ( 1)  0.732 +-  1.106
  90 A   0.24383 0.07903 0.06931 0.06474 0.06165 0.05906 0.05666 0.05454 0.05371 0.09791 0.15958 ( 1)  0.768 +-  1.186
  91 F   0.24698 0.08002 0.07006 0.06531 0.06207 0.05934 0.05682 0.05458 0.05365 0.09781 0.15338 ( 1)  0.739 +-  1.122
  92 Y   0.24571 0.07962 0.06976 0.06508 0.06190 0.05923 0.05675 0.05457 0.05368 0.09785 0.15586 ( 1)  0.751 +-  1.148
  93 R   0.24503 0.07940 0.06959 0.06496 0.06181 0.05917 0.05673 0.05457 0.05369 0.09788 0.15717 ( 1)  0.757 +-  1.161
  94 S   0.24707 0.08005 0.07007 0.06532 0.06207 0.05933 0.05681 0.05457 0.05364 0.09778 0.15330 ( 1)  0.739 +-  1.123
  95 Y   0.24571 0.07962 0.06976 0.06508 0.06190 0.05923 0.05675 0.05457 0.05368 0.09785 0.15586 ( 1)  0.751 +-  1.148
  96 S   0.24531 0.07949 0.06966 0.06501 0.06185 0.05920 0.05674 0.05457 0.05369 0.09788 0.15658 ( 1)  0.754 +-  1.154
  97 R   0.24503 0.07940 0.06959 0.06496 0.06181 0.05917 0.05673 0.05457 0.05369 0.09788 0.15717 ( 1)  0.757 +-  1.161
  98 P   0.24410 0.07911 0.06937 0.06479 0.06168 0.05908 0.05668 0.05455 0.05371 0.09791 0.15903 ( 1)  0.765 +-  1.180
  99 A   0.24624 0.07979 0.06988 0.06516 0.06195 0.05925 0.05676 0.05455 0.05364 0.09779 0.15498 ( 1)  0.747 +-  1.142
 100 W   0.24304 0.07878 0.06912 0.06459 0.06154 0.05899 0.05662 0.05453 0.05372 0.09793 0.16114 ( 1)  0.775 +-  1.202
 101 Y   0.24571 0.07962 0.06976 0.06508 0.06190 0.05923 0.05675 0.05457 0.05368 0.09785 0.15586 ( 1)  0.751 +-  1.148
 102 E   0.24458 0.07926 0.06949 0.06487 0.06174 0.05912 0.05670 0.05455 0.05369 0.09788 0.15812 ( 1)  0.761 +-  1.172
 103 S   0.24707 0.08005 0.07007 0.06532 0.06207 0.05933 0.05681 0.05457 0.05364 0.09778 0.15330 ( 1)  0.739 +-  1.123
 104 I   0.24648 0.07987 0.06994 0.06522 0.06201 0.05930 0.05680 0.05459 0.05367 0.09784 0.15428 ( 1)  0.743 +-  1.130
 105 E   0.24331 0.07886 0.06919 0.06464 0.06158 0.05901 0.05664 0.05454 0.05372 0.09792 0.16060 ( 1)  0.773 +-  1.197
 106 A   0.24383 0.07903 0.06931 0.06474 0.06165 0.05906 0.05666 0.05454 0.05371 0.09791 0.15958 ( 1)  0.768 +-  1.186
 107 S   0.24531 0.07949 0.06966 0.06501 0.06185 0.05920 0.05674 0.05457 0.05369 0.09788 0.15658 ( 1)  0.754 +-  1.154
 108 E   0.24331 0.07886 0.06919 0.06464 0.06158 0.05901 0.05664 0.05454 0.05372 0.09792 0.16060 ( 1)  0.773 +-  1.197
 109 A   0.24624 0.07979 0.06988 0.06516 0.06195 0.05925 0.05676 0.05455 0.05364 0.09779 0.15498 ( 1)  0.747 +-  1.142
 110 S   0.24436 0.07919 0.06944 0.06484 0.06172 0.05911 0.05669 0.05455 0.05370 0.09790 0.15849 ( 1)  0.763 +-  1.175
 111 Q   0.24243 0.07858 0.06898 0.06448 0.06146 0.05893 0.05659 0.05452 0.05372 0.09794 0.16238 ( 1)  0.781 +-  1.215
 112 W   0.24304 0.07878 0.06912 0.06459 0.06154 0.05899 0.05662 0.05453 0.05372 0.09793 0.16114 ( 1)  0.775 +-  1.202
 113 P   0.24426 0.07916 0.06941 0.06482 0.06171 0.05910 0.05669 0.05455 0.05370 0.09790 0.15870 ( 1)  0.764 +-  1.177
 114 P   0.24596 0.07970 0.06981 0.06512 0.06193 0.05924 0.05676 0.05457 0.05366 0.09783 0.15541 ( 1)  0.749 +-  1.144
 115 W   0.24304 0.07878 0.06912 0.06459 0.06154 0.05899 0.05662 0.05453 0.05372 0.09793 0.16114 ( 1)  0.775 +-  1.202
 116 Q   0.24303 0.07877 0.06912 0.06459 0.06154 0.05898 0.05662 0.05453 0.05372 0.09793 0.16118 ( 1)  0.776 +-  1.203
 117 L   0.24472 0.07931 0.06952 0.06490 0.06177 0.05914 0.05671 0.05456 0.05370 0.09789 0.15779 ( 1)  0.760 +-  1.168
 118 L   0.24714 0.08007 0.07009 0.06534 0.06208 0.05935 0.05682 0.05458 0.05365 0.09779 0.15308 ( 1)  0.738 +-  1.119
 119 G   0.24501 0.07940 0.06959 0.06495 0.06180 0.05916 0.05672 0.05456 0.05369 0.09788 0.15723 ( 1)  0.757 +-  1.162
 120 L   0.24472 0.07931 0.06952 0.06490 0.06177 0.05914 0.05671 0.05456 0.05370 0.09789 0.15779 ( 1)  0.760 +-  1.168
 121 A   0.24624 0.07979 0.06988 0.06516 0.06195 0.05925 0.05676 0.05455 0.05364 0.09779 0.15498 ( 1)  0.747 +-  1.142
 122 A   0.24383 0.07903 0.06931 0.06474 0.06165 0.05906 0.05666 0.05454 0.05371 0.09791 0.15958 ( 1)  0.768 +-  1.186
 123 Q   0.24303 0.07877 0.06912 0.06459 0.06154 0.05898 0.05662 0.05453 0.05372 0.09793 0.16118 ( 1)  0.776 +-  1.203
 124 R   0.24575 0.07963 0.06977 0.06509 0.06191 0.05923 0.05676 0.05457 0.05368 0.09786 0.15575 ( 1)  0.750 +-  1.146
 125 V   0.24770 0.08025 0.07023 0.06543 0.06215 0.05939 0.05684 0.05458 0.05362 0.09775 0.15206 ( 1)  0.734 +-  1.110
 126 V   0.24449 0.07923 0.06947 0.06486 0.06174 0.05912 0.05670 0.05456 0.05370 0.09790 0.15823 ( 1)  0.762 +-  1.172
 127 F   0.24430 0.07917 0.06942 0.06482 0.06171 0.05910 0.05669 0.05456 0.05371 0.09791 0.15861 ( 1)  0.763 +-  1.176
 128 P   0.24685 0.07998 0.07002 0.06528 0.06204 0.05931 0.05680 0.05457 0.05364 0.09778 0.15373 ( 1)  0.741 +-  1.128
 129 R   0.24368 0.07898 0.06927 0.06471 0.06163 0.05905 0.05666 0.05455 0.05372 0.09792 0.15985 ( 1)  0.769 +-  1.188
 130 R   0.24503 0.07940 0.06959 0.06496 0.06181 0.05917 0.05673 0.05457 0.05369 0.09788 0.15717 ( 1)  0.757 +-  1.161
 131 P   0.24685 0.07998 0.07002 0.06528 0.06204 0.05931 0.05680 0.05457 0.05364 0.09778 0.15373 ( 1)  0.741 +-  1.128
 132 C   0.24564 0.07960 0.06974 0.06507 0.06189 0.05922 0.05676 0.05457 0.05368 0.09786 0.15596 ( 1)  0.751 +-  1.148
 133 F   0.24698 0.08002 0.07006 0.06531 0.06207 0.05934 0.05682 0.05458 0.05365 0.09781 0.15338 ( 1)  0.739 +-  1.122
 134 Q   0.24303 0.07877 0.06912 0.06459 0.06154 0.05898 0.05662 0.05453 0.05372 0.09793 0.16118 ( 1)  0.776 +-  1.203
 135 P   0.24410 0.07911 0.06937 0.06479 0.06168 0.05908 0.05668 0.05455 0.05371 0.09791 0.15903 ( 1)  0.765 +-  1.180
 136 V   0.02567 0.02064 0.02867 0.03614 0.04294 0.04894 0.05404 0.05831 0.06269 0.11249 0.50946 (11)  2.387 +-  2.627
 137 G   0.24374 0.07900 0.06929 0.06472 0.06164 0.05905 0.05666 0.05455 0.05371 0.09792 0.15973 ( 1)  0.769 +-  1.187
 138 G   0.24614 0.07975 0.06986 0.06515 0.06195 0.05926 0.05677 0.05457 0.05367 0.09783 0.15504 ( 1)  0.747 +-  1.140
 139 G   0.24614 0.07975 0.06986 0.06515 0.06195 0.05926 0.05677 0.05457 0.05367 0.09783 0.15504 ( 1)  0.747 +-  1.140
 140 D   0.24342 0.07890 0.06921 0.06466 0.06159 0.05902 0.05664 0.05454 0.05371 0.09792 0.16038 ( 1)  0.772 +-  1.194
 141 D   0.24342 0.07890 0.06921 0.06466 0.06159 0.05902 0.05664 0.05454 0.05371 0.09792 0.16038 ( 1)  0.772 +-  1.194
 142 R   0.24575 0.07963 0.06977 0.06509 0.06191 0.05923 0.05676 0.05457 0.05368 0.09786 0.15575 ( 1)  0.750 +-  1.146
 143 D   0.24519 0.07946 0.06963 0.06498 0.06182 0.05917 0.05672 0.05455 0.05368 0.09785 0.15695 ( 1)  0.756 +-  1.161
 144 R   0.24290 0.07873 0.06909 0.06457 0.06152 0.05897 0.05662 0.05453 0.05372 0.09794 0.16141 ( 1)  0.777 +-  1.205
 145 V   0.24770 0.08025 0.07023 0.06543 0.06215 0.05939 0.05684 0.05458 0.05362 0.09775 0.15206 ( 1)  0.734 +-  1.110
 146 E   0.24331 0.07886 0.06919 0.06464 0.06158 0.05901 0.05664 0.05454 0.05372 0.09792 0.16060 ( 1)  0.773 +-  1.197
 147 S   0.24517 0.07945 0.06963 0.06498 0.06183 0.05918 0.05673 0.05456 0.05369 0.09787 0.15692 ( 1)  0.756 +-  1.159
 148 S   0.24613 0.07975 0.06985 0.06515 0.06195 0.05926 0.05677 0.05457 0.05366 0.09783 0.15506 ( 1)  0.747 +-  1.140
 149 T   0.24672 0.07994 0.07000 0.06526 0.06203 0.05932 0.05681 0.05458 0.05366 0.09782 0.15385 ( 1)  0.741 +-  1.127
 150 S   0.24613 0.07975 0.06985 0.06515 0.06195 0.05926 0.05677 0.05457 0.05366 0.09783 0.15506 ( 1)  0.747 +-  1.140
 151 L   0.24338 0.07888 0.06920 0.06466 0.06159 0.05902 0.05664 0.05454 0.05372 0.09793 0.16045 ( 1)  0.772 +-  1.195
 152 T   0.24470 0.07930 0.06952 0.06490 0.06177 0.05914 0.05671 0.05456 0.05370 0.09790 0.15779 ( 1)  0.759 +-  1.167
 153 V   0.24449 0.07923 0.06947 0.06486 0.06174 0.05912 0.05670 0.05456 0.05370 0.09790 0.15823 ( 1)  0.762 +-  1.172
 154 S   0.24531 0.07949 0.06966 0.06501 0.06185 0.05920 0.05674 0.05457 0.05369 0.09788 0.15658 ( 1)  0.754 +-  1.154
 155 F   0.24698 0.08002 0.07006 0.06531 0.06207 0.05934 0.05682 0.05458 0.05365 0.09781 0.15338 ( 1)  0.739 +-  1.122
 156 S   0.24613 0.07975 0.06985 0.06515 0.06195 0.05926 0.05677 0.05457 0.05366 0.09783 0.15506 ( 1)  0.747 +-  1.140
 157 P   0.24596 0.07970 0.06981 0.06512 0.06193 0.05924 0.05676 0.05457 0.05366 0.09783 0.15541 ( 1)  0.749 +-  1.144
 158 P   0.24596 0.07970 0.06981 0.06512 0.06193 0.05924 0.05676 0.05457 0.05366 0.09783 0.15541 ( 1)  0.749 +-  1.144
 159 L   0.24472 0.07931 0.06952 0.06490 0.06177 0.05914 0.05671 0.05456 0.05370 0.09789 0.15779 ( 1)  0.760 +-  1.168
 160 Y   0.24571 0.07962 0.06976 0.06508 0.06190 0.05923 0.05675 0.05457 0.05368 0.09785 0.15586 ( 1)  0.751 +-  1.148
 161 K   0.24539 0.07952 0.06968 0.06502 0.06186 0.05920 0.05675 0.05457 0.05369 0.09787 0.15644 ( 1)  0.753 +-  1.153
 162 Q   0.24303 0.07877 0.06912 0.06459 0.06154 0.05898 0.05662 0.05453 0.05372 0.09793 0.16118 ( 1)  0.776 +-  1.203
 163 R   0.24290 0.07873 0.06909 0.06457 0.06152 0.05897 0.05662 0.05453 0.05372 0.09794 0.16141 ( 1)  0.777 +-  1.205
 164 Y   0.24571 0.07962 0.06976 0.06508 0.06190 0.05923 0.05675 0.05457 0.05368 0.09785 0.15586 ( 1)  0.751 +-  1.148
 165 T   0.24672 0.07994 0.07000 0.06526 0.06203 0.05932 0.05681 0.05458 0.05366 0.09782 0.15385 ( 1)  0.741 +-  1.127
 166 A   0.24624 0.07979 0.06988 0.06516 0.06195 0.05925 0.05676 0.05455 0.05364 0.09779 0.15498 ( 1)  0.747 +-  1.142
 167 A   0.24547 0.07954 0.06970 0.06503 0.06186 0.05919 0.05673 0.05455 0.05367 0.09783 0.15643 ( 1)  0.754 +-  1.156
 168 F   0.24698 0.08002 0.07006 0.06531 0.06207 0.05934 0.05682 0.05458 0.05365 0.09781 0.15338 ( 1)  0.739 +-  1.122
 169 D   0.24519 0.07946 0.06963 0.06498 0.06182 0.05917 0.05672 0.05455 0.05368 0.09785 0.15695 ( 1)  0.756 +-  1.161
 170 L   0.24472 0.07931 0.06952 0.06490 0.06177 0.05914 0.05671 0.05456 0.05370 0.09789 0.15779 ( 1)  0.760 +-  1.168
 171 L   0.24338 0.07888 0.06920 0.06466 0.06159 0.05902 0.05664 0.05454 0.05372 0.09793 0.16045 ( 1)  0.772 +-  1.195
 172 V   0.24666 0.07992 0.06998 0.06525 0.06202 0.05931 0.05680 0.05458 0.05365 0.09781 0.15402 ( 1)  0.742 +-  1.130
 173 E   0.24458 0.07926 0.06949 0.06487 0.06174 0.05912 0.05670 0.05455 0.05369 0.09788 0.15812 ( 1)  0.761 +-  1.172
 174 R   0.24503 0.07940 0.06959 0.06496 0.06181 0.05917 0.05673 0.05457 0.05369 0.09788 0.15717 ( 1)  0.757 +-  1.161
 175 F   0.24698 0.08002 0.07006 0.06531 0.06207 0.05934 0.05682 0.05458 0.05365 0.09781 0.15338 ( 1)  0.739 +-  1.122
 176 G   0.24614 0.07975 0.06986 0.06515 0.06195 0.05926 0.05677 0.05457 0.05367 0.09783 0.15504 ( 1)  0.747 +-  1.140
 177 N   0.24619 0.07977 0.06987 0.06517 0.06196 0.05927 0.05678 0.05458 0.05367 0.09784 0.15488 ( 1)  0.746 +-  1.137
 178 D   0.24519 0.07946 0.06963 0.06498 0.06182 0.05917 0.05672 0.05455 0.05368 0.09785 0.15695 ( 1)  0.756 +-  1.161
 179 S   0.24531 0.07949 0.06966 0.06501 0.06185 0.05920 0.05674 0.05457 0.05369 0.09788 0.15658 ( 1)  0.754 +-  1.154
 180 R   0.24466 0.07929 0.06951 0.06489 0.06176 0.05914 0.05671 0.05456 0.05370 0.09790 0.15787 ( 1)  0.760 +-  1.168
 181 R   0.24503 0.07940 0.06959 0.06496 0.06181 0.05917 0.05673 0.05457 0.05369 0.09788 0.15717 ( 1)  0.757 +-  1.161
 182 P   0.24685 0.07998 0.07002 0.06528 0.06204 0.05931 0.05680 0.05457 0.05364 0.09778 0.15373 ( 1)  0.741 +-  1.128
 183 G   0.24614 0.07975 0.06986 0.06515 0.06195 0.05926 0.05677 0.05457 0.05367 0.09783 0.15504 ( 1)  0.747 +-  1.140
 184 V   0.24666 0.07992 0.06998 0.06525 0.06202 0.05931 0.05680 0.05458 0.05365 0.09781 0.15402 ( 1)  0.742 +-  1.130
 185 I   0.24648 0.07987 0.06994 0.06522 0.06201 0.05930 0.05680 0.05459 0.05367 0.09784 0.15428 ( 1)  0.743 +-  1.130
 186 K   0.24375 0.07900 0.06929 0.06472 0.06164 0.05905 0.05666 0.05455 0.05372 0.09792 0.15970 ( 1)  0.768 +-  1.187
 187 L   0.24472 0.07931 0.06952 0.06490 0.06177 0.05914 0.05671 0.05456 0.05370 0.09789 0.15779 ( 1)  0.760 +-  1.168
 188 I   0.24648 0.07987 0.06994 0.06522 0.06201 0.05930 0.05680 0.05459 0.05367 0.09784 0.15428 ( 1)  0.743 +-  1.130
 189 D   0.24519 0.07946 0.06963 0.06498 0.06182 0.05917 0.05672 0.05455 0.05368 0.09785 0.15695 ( 1)  0.756 +-  1.161
 190 L   0.24438 0.07920 0.06944 0.06484 0.06172 0.05911 0.05670 0.05456 0.05371 0.09790 0.15844 ( 1)  0.762 +-  1.174
 191 G   0.24614 0.07975 0.06986 0.06515 0.06195 0.05926 0.05677 0.05457 0.05367 0.09783 0.15504 ( 1)  0.747 +-  1.140
 192 A   0.24624 0.07979 0.06988 0.06516 0.06195 0.05925 0.05676 0.05455 0.05364 0.09779 0.15498 ( 1)  0.747 +-  1.142
 193 A   0.24624 0.07979 0.06988 0.06516 0.06195 0.05925 0.05676 0.05455 0.05364 0.09779 0.15498 ( 1)  0.747 +-  1.142
 194 E   0.24458 0.07926 0.06949 0.06487 0.06174 0.05912 0.05670 0.05455 0.05369 0.09788 0.15812 ( 1)  0.761 +-  1.172
 195 C   0.24564 0.07960 0.06974 0.06507 0.06189 0.05922 0.05676 0.05457 0.05368 0.09786 0.15596 ( 1)  0.751 +-  1.148
 196 R   0.24575 0.07963 0.06977 0.06509 0.06191 0.05923 0.05676 0.05457 0.05368 0.09786 0.15575 ( 1)  0.750 +-  1.146
 197 L   0.24472 0.07931 0.06952 0.06490 0.06177 0.05914 0.05671 0.05456 0.05370 0.09789 0.15779 ( 1)  0.760 +-  1.168
 198 F   0.24430 0.07917 0.06942 0.06482 0.06171 0.05910 0.05669 0.05456 0.05371 0.09791 0.15861 ( 1)  0.763 +-  1.176
 199 S   0.24436 0.07919 0.06944 0.06484 0.06172 0.05911 0.05669 0.05455 0.05370 0.09790 0.15849 ( 1)  0.763 +-  1.175
 200 Q   0.24243 0.07858 0.06898 0.06448 0.06146 0.05893 0.05659 0.05452 0.05372 0.09794 0.16238 ( 1)  0.781 +-  1.215
 201 S   0.24613 0.07975 0.06985 0.06515 0.06195 0.05926 0.05677 0.05457 0.05366 0.09783 0.15506 ( 1)  0.747 +-  1.140
 202 L   0.24436 0.07919 0.06944 0.06484 0.06172 0.05911 0.05669 0.05455 0.05370 0.09790 0.15849 ( 1)  0.763 +-  1.175
 203 K   0.24539 0.07952 0.06968 0.06502 0.06186 0.05920 0.05675 0.05457 0.05369 0.09787 0.15644 ( 1)  0.753 +-  1.153
 204 F   0.24430 0.07917 0.06942 0.06482 0.06171 0.05910 0.05669 0.05456 0.05371 0.09791 0.15861 ( 1)  0.763 +-  1.176
 205 L   0.24714 0.08007 0.07009 0.06534 0.06208 0.05935 0.05682 0.05458 0.05365 0.09779 0.15308 ( 1)  0.738 +-  1.119
 206 R   0.24290 0.07873 0.06909 0.06457 0.06152 0.05897 0.05662 0.05453 0.05372 0.09794 0.16141 ( 1)  0.777 +-  1.205
 207 F   0.24698 0.08002 0.07006 0.06531 0.06207 0.05934 0.05682 0.05458 0.05365 0.09781 0.15338 ( 1)  0.739 +-  1.122
 208 D   0.24342 0.07890 0.06921 0.06466 0.06159 0.05902 0.05664 0.05454 0.05371 0.09792 0.16038 ( 1)  0.772 +-  1.194
 209 V   0.24770 0.08025 0.07023 0.06543 0.06215 0.05939 0.05684 0.05458 0.05362 0.09775 0.15206 ( 1)  0.734 +-  1.110
 210 D   0.24342 0.07890 0.06921 0.06466 0.06159 0.05902 0.05664 0.05454 0.05371 0.09792 0.16038 ( 1)  0.772 +-  1.194
 211 Y   0.24367 0.07897 0.06927 0.06471 0.06163 0.05905 0.05666 0.05454 0.05371 0.09792 0.15987 ( 1)  0.769 +-  1.189
 212 L   0.24472 0.07931 0.06952 0.06490 0.06177 0.05914 0.05671 0.05456 0.05370 0.09789 0.15779 ( 1)  0.760 +-  1.168
 213 A   0.24383 0.07903 0.06931 0.06474 0.06165 0.05906 0.05666 0.05454 0.05371 0.09791 0.15958 ( 1)  0.768 +-  1.186
 214 V   0.24770 0.08025 0.07023 0.06543 0.06215 0.05939 0.05684 0.05458 0.05362 0.09775 0.15206 ( 1)  0.734 +-  1.110
 215 D   0.24519 0.07946 0.06963 0.06498 0.06182 0.05917 0.05672 0.05455 0.05368 0.09785 0.15695 ( 1)  0.756 +-  1.161

Positively selected sites

	Prob(w>1)  mean w

    44 D      0.528         2.492 +- 2.692
   136 V      0.509         2.387 +- 2.627

