Supplemental results for CODEML (seqf: algn  treef: tree)


dN/dS (w) for site classes (K=8)

p:   0.12500  0.12500  0.12500  0.12500  0.12500  0.12500  0.12500  0.12500
w:   0.03320  0.04428  0.05218  0.05941  0.06684  0.07525  0.08616  0.10576

Naive Empirical Bayes (NEB) probabilities for 8 classes & postmean_w
(amino acids refer to 1st sequence: Mlig.25214)

   1 M   0.12534 0.12523 0.12514 0.12506 0.12498 0.12489 0.12478 0.12457 ( 1)  0.065
   2 A   0.12547 0.12531 0.12519 0.12509 0.12498 0.12486 0.12470 0.12442 ( 1)  0.065
   3 A   0.12547 0.12531 0.12519 0.12509 0.12498 0.12486 0.12470 0.12442 ( 1)  0.065
   4 A   0.12547 0.12531 0.12519 0.12509 0.12498 0.12486 0.12470 0.12442 ( 1)  0.065
   5 P   0.12526 0.12517 0.12511 0.12505 0.12499 0.12492 0.12483 0.12467 ( 1)  0.065
   6 P   0.12533 0.12522 0.12514 0.12506 0.12498 0.12490 0.12479 0.12458 ( 1)  0.065
   7 A   0.12511 0.12508 0.12505 0.12502 0.12499 0.12496 0.12493 0.12486 ( 1)  0.065
   8 G   0.12545 0.12529 0.12518 0.12508 0.12498 0.12486 0.12471 0.12444 ( 1)  0.065
   9 K   0.12532 0.12521 0.12513 0.12506 0.12499 0.12490 0.12479 0.12459 ( 1)  0.065
  10 T   0.12548 0.12531 0.12520 0.12509 0.12498 0.12485 0.12469 0.12440 ( 1)  0.065
  11 P   0.12503 0.12502 0.12501 0.12501 0.12500 0.12499 0.12498 0.12496 ( 1)  0.065
  12 I   0.12542 0.12528 0.12517 0.12508 0.12498 0.12487 0.12473 0.12447 ( 1)  0.065
  13 S   0.12540 0.12526 0.12516 0.12507 0.12498 0.12488 0.12475 0.12451 ( 1)  0.065
  14 L   0.12502 0.12501 0.12501 0.12500 0.12500 0.12499 0.12499 0.12497 ( 1)  0.065
  15 L   0.12517 0.12511 0.12507 0.12503 0.12499 0.12495 0.12489 0.12479 ( 1)  0.065
  16 Q   0.12519 0.12512 0.12508 0.12503 0.12499 0.12494 0.12488 0.12477 ( 1)  0.065
  17 E   0.12537 0.12524 0.12515 0.12507 0.12498 0.12489 0.12476 0.12454 ( 1)  0.065
  18 F   0.12529 0.12519 0.12512 0.12505 0.12499 0.12491 0.12481 0.12463 ( 1)  0.065
  19 S   0.12540 0.12526 0.12516 0.12507 0.12498 0.12488 0.12475 0.12451 ( 1)  0.065
  20 V   0.12531 0.12520 0.12513 0.12506 0.12499 0.12490 0.12480 0.12461 ( 1)  0.065
  21 K   0.12532 0.12521 0.12513 0.12506 0.12499 0.12490 0.12479 0.12459 ( 1)  0.065
  22 R   0.12529 0.12519 0.12512 0.12505 0.12499 0.12491 0.12481 0.12464 ( 1)  0.065
  23 S   0.12540 0.12526 0.12516 0.12507 0.12498 0.12488 0.12474 0.12450 ( 1)  0.065
  24 I   0.12542 0.12528 0.12517 0.12508 0.12498 0.12487 0.12473 0.12447 ( 1)  0.065
  25 T   0.12561 0.12540 0.12525 0.12511 0.12497 0.12481 0.12461 0.12424 ( 1)  0.065
  26 P   0.12526 0.12517 0.12511 0.12505 0.12499 0.12492 0.12483 0.12467 ( 1)  0.065
  27 V   0.12549 0.12532 0.12520 0.12509 0.12498 0.12485 0.12468 0.12439 ( 1)  0.065
  28 Y   0.12527 0.12518 0.12511 0.12505 0.12499 0.12492 0.12482 0.12466 ( 1)  0.065
  29 D   0.12513 0.12508 0.12505 0.12502 0.12499 0.12496 0.12492 0.12484 ( 1)  0.065
  30 L   0.12538 0.12525 0.12516 0.12507 0.12498 0.12488 0.12475 0.12452 ( 1)  0.065
  31 I   0.12542 0.12528 0.12517 0.12508 0.12498 0.12487 0.12473 0.12447 ( 1)  0.065
  32 A   0.12547 0.12531 0.12519 0.12509 0.12498 0.12486 0.12470 0.12442 ( 1)  0.065
  33 N   0.12541 0.12527 0.12517 0.12508 0.12498 0.12487 0.12473 0.12448 ( 1)  0.065
  34 E   0.12537 0.12524 0.12515 0.12507 0.12498 0.12489 0.12476 0.12454 ( 1)  0.065
  35 G   0.12545 0.12529 0.12518 0.12508 0.12498 0.12486 0.12471 0.12444 ( 1)  0.065
  36 P   0.12526 0.12517 0.12511 0.12505 0.12499 0.12492 0.12483 0.12467 ( 1)  0.065
  37 V   0.12549 0.12532 0.12520 0.12509 0.12498 0.12485 0.12468 0.12439 ( 1)  0.065
  38 H   0.12530 0.12519 0.12512 0.12505 0.12499 0.12491 0.12481 0.12463 ( 1)  0.065
  39 E   0.12537 0.12524 0.12515 0.12507 0.12498 0.12489 0.12476 0.12454 ( 1)  0.065
  40 P   0.12526 0.12517 0.12511 0.12505 0.12499 0.12492 0.12483 0.12467 ( 1)  0.065
  41 L   0.12526 0.12517 0.12511 0.12505 0.12499 0.12492 0.12483 0.12468 ( 1)  0.065
  42 F   0.12529 0.12519 0.12512 0.12505 0.12499 0.12491 0.12481 0.12463 ( 1)  0.065
  43 V   0.12549 0.12532 0.12520 0.12509 0.12498 0.12485 0.12468 0.12439 ( 1)  0.065
  44 F   0.12529 0.12519 0.12512 0.12505 0.12499 0.12491 0.12481 0.12463 ( 1)  0.065
  45 Q   0.12519 0.12512 0.12508 0.12503 0.12499 0.12494 0.12488 0.12477 ( 1)  0.065
  46 C   0.12527 0.12517 0.12511 0.12505 0.12499 0.12492 0.12483 0.12467 ( 1)  0.065
  47 R   0.12529 0.12519 0.12512 0.12505 0.12499 0.12491 0.12481 0.12464 ( 1)  0.065
  48 A   0.12511 0.12508 0.12505 0.12502 0.12499 0.12496 0.12493 0.12486 ( 1)  0.065
  49 G   0.12545 0.12529 0.12518 0.12508 0.12498 0.12486 0.12471 0.12444 ( 1)  0.065
  50 A   0.12547 0.12531 0.12519 0.12509 0.12498 0.12486 0.12470 0.12442 ( 1)  0.065
  51 F   0.12529 0.12519 0.12512 0.12505 0.12499 0.12491 0.12481 0.12463 ( 1)  0.065
  52 S   0.12540 0.12526 0.12516 0.12507 0.12498 0.12488 0.12474 0.12450 ( 1)  0.065
  53 G   0.12545 0.12529 0.12518 0.12508 0.12498 0.12486 0.12471 0.12444 ( 1)  0.065
  54 I   0.12542 0.12528 0.12517 0.12508 0.12498 0.12487 0.12473 0.12447 ( 1)  0.065
  55 G   0.12545 0.12529 0.12518 0.12508 0.12498 0.12486 0.12471 0.12444 ( 1)  0.065
  56 R   0.12522 0.12515 0.12509 0.12504 0.12499 0.12493 0.12486 0.12472 ( 1)  0.065
  57 G   0.12511 0.12507 0.12504 0.12502 0.12500 0.12497 0.12493 0.12486 ( 1)  0.065
  58 V   0.12562 0.12541 0.12525 0.12511 0.12497 0.12481 0.12460 0.12422 ( 1)  0.065
  59 S   0.12540 0.12526 0.12516 0.12507 0.12498 0.12488 0.12475 0.12451 ( 1)  0.065
  60 K   0.12532 0.12521 0.12513 0.12506 0.12499 0.12490 0.12479 0.12459 ( 1)  0.065
  61 K   0.12532 0.12521 0.12513 0.12506 0.12499 0.12490 0.12479 0.12459 ( 1)  0.065
  62 R   0.12522 0.12515 0.12509 0.12504 0.12499 0.12493 0.12486 0.12472 ( 1)  0.065
  63 A   0.12547 0.12531 0.12519 0.12509 0.12498 0.12486 0.12470 0.12442 ( 1)  0.065
  64 K   0.12532 0.12521 0.12513 0.12506 0.12499 0.12490 0.12479 0.12459 ( 1)  0.065
  65 H   0.06365 0.08481 0.09991 0.11369 0.12783 0.14383 0.16457 0.20172 ( 8)  0.073
  66 N   0.12511 0.12507 0.12504 0.12502 0.12500 0.12497 0.12493 0.12487 ( 1)  0.065
  67 A   0.12547 0.12531 0.12519 0.12509 0.12498 0.12486 0.12470 0.12442 ( 1)  0.065
  68 A   0.12535 0.12523 0.12514 0.12506 0.12498 0.12489 0.12477 0.12456 ( 1)  0.065
  69 H   0.12530 0.12519 0.12512 0.12505 0.12499 0.12491 0.12481 0.12463 ( 1)  0.065
  70 A   0.12547 0.12531 0.12519 0.12509 0.12498 0.12486 0.12470 0.12442 ( 1)  0.065
  71 T   0.12561 0.12540 0.12525 0.12511 0.12497 0.12481 0.12461 0.12424 ( 1)  0.065
  72 L   0.12526 0.12517 0.12511 0.12505 0.12499 0.12492 0.12483 0.12468 ( 1)  0.065
  73 R   0.12522 0.12515 0.12509 0.12504 0.12499 0.12493 0.12486 0.12472 ( 1)  0.065
  74 K   0.12532 0.12521 0.12513 0.12506 0.12499 0.12490 0.12479 0.12459 ( 1)  0.065
  75 M   0.12534 0.12523 0.12514 0.12506 0.12498 0.12489 0.12478 0.12457 ( 1)  0.065
  76 L   0.12526 0.12517 0.12511 0.12505 0.12499 0.12492 0.12483 0.12468 ( 1)  0.065
  77 N   0.12541 0.12527 0.12517 0.12508 0.12498 0.12487 0.12473 0.12448 ( 1)  0.065
  78 D   0.12513 0.12508 0.12505 0.12502 0.12499 0.12496 0.12492 0.12484 ( 1)  0.065
  79 G   0.12545 0.12529 0.12518 0.12508 0.12498 0.12486 0.12471 0.12444 ( 1)  0.065
  80 A   0.12511 0.12508 0.12505 0.12502 0.12499 0.12496 0.12493 0.12486 ( 1)  0.065
  81 A   0.12547 0.12531 0.12519 0.12509 0.12498 0.12486 0.12470 0.12442 ( 1)  0.065
  82 L   0.12538 0.12525 0.12516 0.12507 0.12498 0.12488 0.12475 0.12452 ( 1)  0.065
  83 T   0.12561 0.12540 0.12525 0.12511 0.12497 0.12481 0.12461 0.12424 ( 1)  0.065
  84 E   0.12537 0.12524 0.12515 0.12507 0.12498 0.12489 0.12476 0.12454 ( 1)  0.065
  85 P   0.12508 0.12505 0.12503 0.12502 0.12500 0.12497 0.12495 0.12490 ( 1)  0.065
  86 E   0.12537 0.12524 0.12515 0.12507 0.12498 0.12489 0.12476 0.12454 ( 1)  0.065
  87 C   0.12527 0.12517 0.12511 0.12505 0.12499 0.12492 0.12483 0.12467 ( 1)  0.065
  88 A   0.12547 0.12531 0.12519 0.12509 0.12498 0.12486 0.12470 0.12442 ( 1)  0.065
  89 T   0.12561 0.12540 0.12525 0.12511 0.12497 0.12481 0.12461 0.12424 ( 1)  0.065
  90 I   0.12542 0.12528 0.12517 0.12508 0.12498 0.12487 0.12473 0.12447 ( 1)  0.065
  91 N   0.12541 0.12527 0.12517 0.12508 0.12498 0.12487 0.12473 0.12448 ( 1)  0.065
  92 Q   0.12519 0.12512 0.12508 0.12503 0.12499 0.12494 0.12488 0.12477 ( 1)  0.065
  93 L   0.12526 0.12517 0.12511 0.12505 0.12499 0.12492 0.12483 0.12468 ( 1)  0.065
  94 C   0.12527 0.12517 0.12511 0.12505 0.12499 0.12492 0.12483 0.12467 ( 1)  0.065
  95 Q   0.12519 0.12512 0.12508 0.12503 0.12499 0.12494 0.12488 0.12477 ( 1)  0.065
  96 A   0.12547 0.12531 0.12519 0.12509 0.12498 0.12486 0.12470 0.12442 ( 1)  0.065
  97 D   0.12545 0.12530 0.12519 0.12508 0.12498 0.12486 0.12471 0.12443 ( 1)  0.065
  98 S   0.12510 0.12506 0.12504 0.12502 0.12500 0.12497 0.12494 0.12488 ( 1)  0.065
  99 V   0.12515 0.12510 0.12506 0.12503 0.12499 0.12495 0.12490 0.12481 ( 1)  0.065
 100 A   0.12505 0.12503 0.12502 0.12501 0.12500 0.12499 0.12497 0.12494 ( 1)  0.065
 101 P   0.12508 0.12505 0.12503 0.12502 0.12500 0.12497 0.12495 0.12490 ( 1)  0.065
 102 S   0.12531 0.12520 0.12513 0.12506 0.12499 0.12490 0.12480 0.12461 ( 1)  0.065
 103 G   0.12545 0.12529 0.12518 0.12508 0.12498 0.12486 0.12471 0.12444 ( 1)  0.065
 104 S   0.12540 0.12526 0.12516 0.12507 0.12498 0.12488 0.12475 0.12451 ( 1)  0.065
 105 S   0.12540 0.12526 0.12516 0.12507 0.12498 0.12488 0.12474 0.12450 ( 1)  0.065
 106 A   0.12537 0.12524 0.12515 0.12507 0.12498 0.12489 0.12476 0.12454 ( 1)  0.065
 107 A   0.12511 0.12508 0.12505 0.12502 0.12499 0.12496 0.12493 0.12486 ( 1)  0.065
 108 A   0.12537 0.12524 0.12515 0.12507 0.12498 0.12489 0.12476 0.12454 ( 1)  0.065
 109 A   0.12547 0.12531 0.12519 0.12509 0.12498 0.12486 0.12470 0.12442 ( 1)  0.065
 110 A   0.12511 0.12508 0.12505 0.12502 0.12499 0.12496 0.12493 0.12486 ( 1)  0.065
 111 A   0.12511 0.12508 0.12505 0.12502 0.12499 0.12496 0.12493 0.12486 ( 1)  0.065
 112 A   0.12511 0.12508 0.12505 0.12502 0.12499 0.12496 0.12493 0.12486 ( 1)  0.065
 113 A   0.12547 0.12531 0.12519 0.12509 0.12498 0.12486 0.12470 0.12442 ( 1)  0.065
 114 S   0.12540 0.12526 0.12516 0.12507 0.12498 0.12488 0.12475 0.12451 ( 1)  0.065
 115 A   0.12511 0.12508 0.12505 0.12502 0.12499 0.12496 0.12493 0.12486 ( 1)  0.065
 116 A   0.12547 0.12531 0.12519 0.12509 0.12498 0.12486 0.12470 0.12442 ( 1)  0.065
 117 A   0.12511 0.12508 0.12505 0.12502 0.12499 0.12496 0.12493 0.12486 ( 1)  0.065
 118 A   0.12511 0.12508 0.12505 0.12502 0.12499 0.12496 0.12493 0.12486 ( 1)  0.065
 119 A   0.12547 0.12531 0.12519 0.12509 0.12498 0.12486 0.12470 0.12442 ( 1)  0.065
 120 A   0.12511 0.12508 0.12505 0.12502 0.12499 0.12496 0.12493 0.12486 ( 1)  0.065
 121 A   0.12547 0.12531 0.12519 0.12509 0.12498 0.12486 0.12470 0.12442 ( 1)  0.065
 122 A   0.12547 0.12531 0.12519 0.12509 0.12498 0.12486 0.12470 0.12442 ( 1)  0.065
 123 A   0.12547 0.12531 0.12519 0.12509 0.12498 0.12486 0.12470 0.12442 ( 1)  0.065
 124 A   0.12511 0.12508 0.12505 0.12502 0.12499 0.12496 0.12493 0.12486 ( 1)  0.065
 125 A   0.12547 0.12531 0.12519 0.12509 0.12498 0.12486 0.12470 0.12442 ( 1)  0.065
 126 A   0.12511 0.12508 0.12505 0.12502 0.12499 0.12496 0.12493 0.12486 ( 1)  0.065
 127 A   0.12511 0.12508 0.12505 0.12502 0.12499 0.12496 0.12493 0.12486 ( 1)  0.065
 128 S   0.12504 0.12503 0.12502 0.12501 0.12500 0.12499 0.12497 0.12495 ( 1)  0.065
 129 A   0.12511 0.12508 0.12505 0.12502 0.12499 0.12496 0.12493 0.12486 ( 1)  0.065
 130 D   0.12545 0.12530 0.12519 0.12508 0.12498 0.12486 0.12471 0.12443 ( 1)  0.065
 131 G   0.12545 0.12529 0.12518 0.12508 0.12498 0.12486 0.12471 0.12444 ( 1)  0.065
 132 G   0.12545 0.12529 0.12518 0.12508 0.12498 0.12486 0.12471 0.12444 ( 1)  0.065
 133 D   0.12545 0.12530 0.12519 0.12508 0.12498 0.12486 0.12471 0.12443 ( 1)  0.065
 134 Y   0.12527 0.12518 0.12511 0.12505 0.12499 0.12492 0.12482 0.12466 ( 1)  0.065
 135 E   0.12507 0.12505 0.12503 0.12501 0.12500 0.12498 0.12495 0.12491 ( 1)  0.065
 136 N   0.12541 0.12527 0.12517 0.12508 0.12498 0.12487 0.12473 0.12448 ( 1)  0.065
 137 S   0.12504 0.12503 0.12502 0.12501 0.12500 0.12499 0.12497 0.12495 ( 1)  0.065
 138 A   0.12511 0.12508 0.12505 0.12502 0.12499 0.12496 0.12493 0.12486 ( 1)  0.065
 139 A   0.12511 0.12508 0.12505 0.12502 0.12499 0.12496 0.12493 0.12486 ( 1)  0.065
 140 A   0.12547 0.12531 0.12519 0.12509 0.12498 0.12486 0.12470 0.12442 ( 1)  0.065
 141 A   0.12537 0.12524 0.12515 0.12507 0.12498 0.12489 0.12476 0.12454 ( 1)  0.065
 142 A   0.12511 0.12508 0.12505 0.12502 0.12499 0.12496 0.12493 0.12486 ( 1)  0.065
 143 A   0.12547 0.12531 0.12519 0.12509 0.12498 0.12486 0.12470 0.12442 ( 1)  0.065
 144 T   0.12561 0.12540 0.12525 0.12511 0.12497 0.12481 0.12461 0.12424 ( 1)  0.065
 145 D   0.12545 0.12530 0.12519 0.12508 0.12498 0.12486 0.12471 0.12443 ( 1)  0.065
 146 A   0.12537 0.12524 0.12515 0.12507 0.12498 0.12489 0.12476 0.12454 ( 1)  0.065
 147 A   0.12535 0.12523 0.12514 0.12506 0.12498 0.12489 0.12477 0.12456 ( 1)  0.065
 148 A   0.12547 0.12531 0.12519 0.12509 0.12498 0.12486 0.12470 0.12442 ( 1)  0.065
 149 A   0.12547 0.12531 0.12519 0.12509 0.12498 0.12486 0.12470 0.12442 ( 1)  0.065
 150 A   0.12535 0.12523 0.12514 0.12506 0.12498 0.12489 0.12477 0.12456 ( 1)  0.065
 151 A   0.12547 0.12531 0.12519 0.12509 0.12498 0.12486 0.12470 0.12442 ( 1)  0.065
 152 Y   0.12527 0.12518 0.12511 0.12505 0.12499 0.12492 0.12482 0.12466 ( 1)  0.065
 153 L   0.12526 0.12517 0.12511 0.12505 0.12499 0.12492 0.12483 0.12468 ( 1)  0.065
 154 A   0.12547 0.12531 0.12519 0.12509 0.12498 0.12486 0.12470 0.12442 ( 1)  0.065
 155 N   0.12511 0.12507 0.12504 0.12502 0.12500 0.12497 0.12493 0.12487 ( 1)  0.065
 156 L   0.12526 0.12517 0.12511 0.12505 0.12499 0.12492 0.12483 0.12468 ( 1)  0.065
 157 E   0.12537 0.12524 0.12515 0.12507 0.12498 0.12489 0.12476 0.12454 ( 1)  0.065
 158 E   0.12537 0.12524 0.12515 0.12507 0.12498 0.12489 0.12476 0.12454 ( 1)  0.065
 159 D   0.12545 0.12530 0.12519 0.12508 0.12498 0.12486 0.12471 0.12443 ( 1)  0.065
 160 D   0.12545 0.12530 0.12519 0.12508 0.12498 0.12486 0.12471 0.12443 ( 1)  0.065
 161 E   0.12537 0.12524 0.12515 0.12507 0.12498 0.12489 0.12476 0.12454 ( 1)  0.065
 162 E   0.12537 0.12524 0.12515 0.12507 0.12498 0.12489 0.12476 0.12454 ( 1)  0.065
 163 A   0.12537 0.12524 0.12515 0.12507 0.12498 0.12489 0.12476 0.12454 ( 1)  0.065
 164 A   0.12547 0.12531 0.12519 0.12509 0.12498 0.12486 0.12470 0.12442 ( 1)  0.065
 165 G   0.12525 0.12516 0.12510 0.12505 0.12499 0.12492 0.12484 0.12469 ( 1)  0.065
 166 N   0.12511 0.12507 0.12504 0.12502 0.12500 0.12497 0.12493 0.12487 ( 1)  0.065
 167 P   0.12533 0.12522 0.12514 0.12506 0.12498 0.12490 0.12479 0.12458 ( 1)  0.065
 168 V   0.12562 0.12541 0.12525 0.12511 0.12497 0.12481 0.12460 0.12422 ( 1)  0.065
 169 G   0.12545 0.12529 0.12518 0.12508 0.12498 0.12486 0.12471 0.12444 ( 1)  0.065
 170 E   0.12537 0.12524 0.12515 0.12507 0.12498 0.12489 0.12476 0.12454 ( 1)  0.065
 171 L   0.12526 0.12517 0.12511 0.12505 0.12499 0.12492 0.12483 0.12468 ( 1)  0.065
 172 Q   0.12519 0.12512 0.12508 0.12503 0.12499 0.12494 0.12488 0.12477 ( 1)  0.065
 173 E   0.12537 0.12524 0.12515 0.12507 0.12498 0.12489 0.12476 0.12454 ( 1)  0.065
 174 L   0.12526 0.12517 0.12511 0.12505 0.12499 0.12492 0.12483 0.12468 ( 1)  0.065
 175 C   0.12527 0.12517 0.12511 0.12505 0.12499 0.12492 0.12483 0.12467 ( 1)  0.065
 176 Q   0.12519 0.12512 0.12508 0.12503 0.12499 0.12494 0.12488 0.12477 ( 1)  0.065
 177 R   0.12529 0.12519 0.12512 0.12505 0.12499 0.12491 0.12481 0.12464 ( 1)  0.065
 178 R   0.12522 0.12515 0.12509 0.12504 0.12499 0.12493 0.12486 0.12472 ( 1)  0.065
 179 L   0.12526 0.12517 0.12511 0.12505 0.12499 0.12492 0.12483 0.12468 ( 1)  0.065
 180 W   0.12516 0.12510 0.12506 0.12503 0.12499 0.12495 0.12490 0.12480 ( 1)  0.065
 181 P   0.12526 0.12517 0.12511 0.12505 0.12499 0.12492 0.12483 0.12467 ( 1)  0.065
 182 Q   0.12519 0.12512 0.12508 0.12503 0.12499 0.12494 0.12488 0.12477 ( 1)  0.065
 183 A   0.12547 0.12531 0.12519 0.12509 0.12498 0.12486 0.12470 0.12442 ( 1)  0.065
 184 A   0.12547 0.12531 0.12519 0.12509 0.12498 0.12486 0.12470 0.12442 ( 1)  0.065
 185 F   0.12508 0.12505 0.12503 0.12501 0.12500 0.12498 0.12495 0.12491 ( 1)  0.065
 186 H   0.12530 0.12519 0.12512 0.12505 0.12499 0.12491 0.12481 0.12463 ( 1)  0.065
 187 F   0.12529 0.12519 0.12512 0.12505 0.12499 0.12491 0.12481 0.12463 ( 1)  0.065
 188 A   0.12547 0.12531 0.12519 0.12509 0.12498 0.12486 0.12470 0.12442 ( 1)  0.065
 189 C   0.12527 0.12517 0.12511 0.12505 0.12499 0.12492 0.12483 0.12467 ( 1)  0.065
 190 S   0.12531 0.12520 0.12513 0.12506 0.12499 0.12490 0.12480 0.12461 ( 1)  0.065
 191 P   0.12526 0.12517 0.12511 0.12505 0.12499 0.12492 0.12483 0.12467 ( 1)  0.065
 192 G   0.12545 0.12529 0.12518 0.12508 0.12498 0.12486 0.12471 0.12444 ( 1)  0.065
 193 P   0.12526 0.12517 0.12511 0.12505 0.12499 0.12492 0.12483 0.12467 ( 1)  0.065
 194 A   0.12537 0.12524 0.12515 0.12507 0.12498 0.12489 0.12476 0.12454 ( 1)  0.065
 195 Q   0.12519 0.12512 0.12508 0.12503 0.12499 0.12494 0.12488 0.12477 ( 1)  0.065
 196 T   0.12561 0.12540 0.12525 0.12511 0.12497 0.12481 0.12461 0.12424 ( 1)  0.065
 197 R   0.12529 0.12519 0.12512 0.12505 0.12499 0.12491 0.12481 0.12464 ( 1)  0.065
 198 Q   0.12519 0.12512 0.12508 0.12503 0.12499 0.12494 0.12488 0.12477 ( 1)  0.065
 199 F   0.12529 0.12519 0.12512 0.12505 0.12499 0.12491 0.12481 0.12463 ( 1)  0.065
 200 V   0.12562 0.12541 0.12525 0.12511 0.12497 0.12481 0.12460 0.12422 ( 1)  0.065
 201 C   0.12527 0.12517 0.12511 0.12505 0.12499 0.12492 0.12483 0.12467 ( 1)  0.065
 202 T   0.12515 0.12510 0.12506 0.12503 0.12499 0.12495 0.12490 0.12481 ( 1)  0.065
 203 A   0.12547 0.12531 0.12519 0.12509 0.12498 0.12486 0.12470 0.12442 ( 1)  0.065
 204 S   0.12540 0.12526 0.12516 0.12507 0.12498 0.12488 0.12475 0.12451 ( 1)  0.065
 205 L   0.12526 0.12517 0.12511 0.12505 0.12499 0.12492 0.12483 0.12468 ( 1)  0.065
 206 W   0.12516 0.12510 0.12506 0.12503 0.12499 0.12495 0.12490 0.12480 ( 1)  0.065
 207 R   0.12529 0.12519 0.12512 0.12505 0.12499 0.12491 0.12481 0.12464 ( 1)  0.065
 208 W   0.12516 0.12510 0.12506 0.12503 0.12499 0.12495 0.12490 0.12480 ( 1)  0.065
 209 E   0.12537 0.12524 0.12515 0.12507 0.12498 0.12489 0.12476 0.12454 ( 1)  0.065
 210 Q   0.12519 0.12512 0.12508 0.12503 0.12499 0.12494 0.12488 0.12477 ( 1)  0.065
 211 Q   0.12519 0.12512 0.12508 0.12503 0.12499 0.12494 0.12488 0.12477 ( 1)  0.065
 212 A   0.12547 0.12531 0.12519 0.12509 0.12498 0.12486 0.12470 0.12442 ( 1)  0.065
 213 C   0.12527 0.12517 0.12511 0.12505 0.12499 0.12492 0.12483 0.12467 ( 1)  0.065
 214 A   0.12547 0.12531 0.12519 0.12509 0.12498 0.12486 0.12470 0.12442 ( 1)  0.065
 215 R   0.12531 0.12520 0.12513 0.12506 0.12499 0.12491 0.12480 0.12462 ( 1)  0.065
 216 S   0.12540 0.12526 0.12516 0.12507 0.12498 0.12488 0.12474 0.12450 ( 1)  0.065
 217 K   0.12532 0.12521 0.12513 0.12506 0.12499 0.12490 0.12479 0.12459 ( 1)  0.065
 218 R   0.12529 0.12519 0.12512 0.12505 0.12499 0.12491 0.12481 0.12464 ( 1)  0.065
 219 L   0.12526 0.12517 0.12511 0.12505 0.12499 0.12492 0.12483 0.12468 ( 1)  0.065
 220 A   0.12511 0.12508 0.12505 0.12502 0.12499 0.12496 0.12493 0.12486 ( 1)  0.065
 221 K   0.12505 0.12503 0.12502 0.12501 0.12500 0.12498 0.12497 0.12494 ( 1)  0.065
 222 R   0.12522 0.12515 0.12509 0.12504 0.12499 0.12493 0.12486 0.12472 ( 1)  0.065
 223 R   0.12522 0.12515 0.12509 0.12504 0.12499 0.12493 0.12486 0.12472 ( 1)  0.065
 224 A   0.12511 0.12508 0.12505 0.12502 0.12499 0.12496 0.12493 0.12486 ( 1)  0.065
 225 A   0.12511 0.12508 0.12505 0.12502 0.12499 0.12496 0.12493 0.12486 ( 1)  0.065
 226 Q   0.12519 0.12512 0.12508 0.12503 0.12499 0.12494 0.12488 0.12477 ( 1)  0.065
 227 A   0.12547 0.12531 0.12519 0.12509 0.12498 0.12486 0.12470 0.12442 ( 1)  0.065
 228 L   0.12538 0.12525 0.12516 0.12507 0.12498 0.12488 0.12475 0.12452 ( 1)  0.065
 229 L   0.12503 0.12502 0.12501 0.12501 0.12500 0.12499 0.12498 0.12496 ( 1)  0.065
 230 D   0.12545 0.12530 0.12519 0.12508 0.12498 0.12486 0.12471 0.12443 ( 1)  0.065
 231 R   0.12502 0.12501 0.12501 0.12500 0.12500 0.12499 0.12499 0.12497 ( 1)  0.065
 232 I   0.12542 0.12528 0.12517 0.12508 0.12498 0.12487 0.12473 0.12447 ( 1)  0.065
 233 R   0.12529 0.12519 0.12512 0.12505 0.12499 0.12491 0.12481 0.12464 ( 1)  0.065
 234 A   0.12523 0.12515 0.12510 0.12504 0.12499 0.12493 0.12485 0.12471 ( 1)  0.065
 235 E   0.12537 0.12524 0.12515 0.12507 0.12498 0.12489 0.12476 0.12454 ( 1)  0.065
 236 K   0.12532 0.12521 0.12513 0.12506 0.12499 0.12490 0.12479 0.12459 ( 1)  0.065
 237 L   0.12526 0.12517 0.12511 0.12505 0.12499 0.12492 0.12483 0.12468 ( 1)  0.065
 238 T   0.12548 0.12531 0.12520 0.12509 0.12498 0.12485 0.12469 0.12440 ( 1)  0.065
 239 I   0.12542 0.12528 0.12517 0.12508 0.12498 0.12487 0.12473 0.12447 ( 1)  0.065
 240 P   0.12526 0.12517 0.12511 0.12505 0.12499 0.12492 0.12483 0.12467 ( 1)  0.065
 241 Q   0.12519 0.12512 0.12508 0.12503 0.12499 0.12494 0.12488 0.12477 ( 1)  0.065
 242 E   0.12537 0.12524 0.12515 0.12507 0.12498 0.12489 0.12476 0.12454 ( 1)  0.065
 243 E   0.12537 0.12524 0.12515 0.12507 0.12498 0.12489 0.12476 0.12454 ( 1)  0.065
 244 L   0.12526 0.12517 0.12511 0.12505 0.12499 0.12492 0.12483 0.12468 ( 1)  0.065
 245 D   0.12545 0.12530 0.12519 0.12508 0.12498 0.12486 0.12471 0.12443 ( 1)  0.065
 246 L   0.12503 0.12502 0.12501 0.12501 0.12500 0.12499 0.12498 0.12496 ( 1)  0.065
 247 L   0.12538 0.12525 0.12516 0.12507 0.12498 0.12488 0.12475 0.12452 ( 1)  0.065
 248 E   0.12507 0.12505 0.12503 0.12501 0.12500 0.12498 0.12495 0.12491 ( 1)  0.065
 249 E   0.12537 0.12524 0.12515 0.12507 0.12498 0.12489 0.12476 0.12454 ( 1)  0.065
 250 A   0.12547 0.12531 0.12519 0.12509 0.12498 0.12486 0.12470 0.12442 ( 1)  0.065
 251 E   0.12507 0.12505 0.12503 0.12501 0.12500 0.12498 0.12495 0.12491 ( 1)  0.065
 252 I   0.12542 0.12528 0.12517 0.12508 0.12498 0.12487 0.12473 0.12447 ( 1)  0.065
 253 P   0.12533 0.12522 0.12514 0.12506 0.12498 0.12490 0.12479 0.12458 ( 1)  0.065
 254 V   0.12562 0.12541 0.12525 0.12511 0.12497 0.12481 0.12460 0.12422 ( 1)  0.065
 255 G   0.12545 0.12529 0.12518 0.12508 0.12498 0.12486 0.12471 0.12444 ( 1)  0.065
 256 R   0.12522 0.12515 0.12509 0.12504 0.12499 0.12493 0.12486 0.12472 ( 1)  0.065
 257 G   0.12545 0.12529 0.12518 0.12508 0.12498 0.12486 0.12471 0.12444 ( 1)  0.065
 258 A   0.12547 0.12531 0.12519 0.12509 0.12498 0.12486 0.12470 0.12442 ( 1)  0.065
 259 G   0.12545 0.12529 0.12518 0.12508 0.12498 0.12486 0.12471 0.12444 ( 1)  0.065
 260 E   0.12537 0.12524 0.12515 0.12507 0.12498 0.12489 0.12476 0.12454 ( 1)  0.065
 261 A   0.12547 0.12531 0.12519 0.12509 0.12498 0.12486 0.12470 0.12442 ( 1)  0.065
 262 G   0.12545 0.12529 0.12518 0.12508 0.12498 0.12486 0.12471 0.12444 ( 1)  0.065
 263 R   0.12529 0.12519 0.12512 0.12505 0.12499 0.12491 0.12481 0.12464 ( 1)  0.065
 264 S   0.12531 0.12520 0.12513 0.12506 0.12499 0.12490 0.12480 0.12461 ( 1)  0.065
 265 S   0.12540 0.12526 0.12516 0.12507 0.12498 0.12488 0.12474 0.12450 ( 1)  0.065
 266 S   0.12510 0.12507 0.12504 0.12502 0.12500 0.12497 0.12493 0.12487 ( 1)  0.065
 267 P   0.12526 0.12517 0.12511 0.12505 0.12499 0.12492 0.12483 0.12467 ( 1)  0.065
 268 A   0.12547 0.12531 0.12519 0.12509 0.12498 0.12486 0.12470 0.12442 ( 1)  0.065
 269 R   0.12531 0.12520 0.12513 0.12506 0.12499 0.12491 0.12480 0.12462 ( 1)  0.065
 270 L   0.12526 0.12517 0.12511 0.12505 0.12499 0.12492 0.12483 0.12468 ( 1)  0.065
 271 S   0.12540 0.12526 0.12516 0.12507 0.12498 0.12488 0.12474 0.12450 ( 1)  0.065
 272 A   0.12547 0.12531 0.12519 0.12509 0.12498 0.12486 0.12470 0.12442 ( 1)  0.065
 273 T   0.12548 0.12531 0.12520 0.12509 0.12498 0.12485 0.12469 0.12440 ( 1)  0.065
 274 A   0.12547 0.12531 0.12519 0.12509 0.12498 0.12486 0.12470 0.12442 ( 1)  0.065
 275 G   0.12545 0.12529 0.12518 0.12508 0.12498 0.12486 0.12471 0.12444 ( 1)  0.065
 276 T   0.12561 0.12540 0.12525 0.12511 0.12497 0.12481 0.12461 0.12424 ( 1)  0.065
 277 E   0.12537 0.12524 0.12515 0.12507 0.12498 0.12489 0.12476 0.12454 ( 1)  0.065
 278 I   0.12542 0.12528 0.12517 0.12508 0.12498 0.12487 0.12473 0.12447 ( 1)  0.065
 279 N   0.12541 0.12527 0.12517 0.12508 0.12498 0.12487 0.12473 0.12448 ( 1)  0.065
 280 R   0.12522 0.12515 0.12509 0.12504 0.12499 0.12493 0.12486 0.12472 ( 1)  0.065
 281 L   0.12526 0.12517 0.12511 0.12505 0.12499 0.12492 0.12483 0.12468 ( 1)  0.065
 282 F   0.12529 0.12519 0.12512 0.12505 0.12499 0.12491 0.12481 0.12463 ( 1)  0.065
 283 A   0.12547 0.12531 0.12519 0.12509 0.12498 0.12486 0.12470 0.12442 ( 1)  0.065
 284 G   0.12545 0.12529 0.12518 0.12508 0.12498 0.12486 0.12471 0.12444 ( 1)  0.065
 285 L   0.12509 0.12506 0.12504 0.12502 0.12500 0.12497 0.12494 0.12488 ( 1)  0.065
 286 R   0.12529 0.12519 0.12512 0.12505 0.12499 0.12491 0.12481 0.12464 ( 1)  0.065
 287 A   0.12511 0.12508 0.12505 0.12502 0.12499 0.12496 0.12493 0.12486 ( 1)  0.065
 288 R   0.12529 0.12519 0.12512 0.12505 0.12499 0.12491 0.12481 0.12464 ( 1)  0.065
 289 K   0.12505 0.12503 0.12502 0.12501 0.12500 0.12498 0.12497 0.12494 ( 1)  0.065
 290 G   0.12545 0.12529 0.12518 0.12508 0.12498 0.12486 0.12471 0.12444 ( 1)  0.065
 291 G   0.12545 0.12529 0.12518 0.12508 0.12498 0.12486 0.12471 0.12444 ( 1)  0.065
 292 P   0.12526 0.12517 0.12511 0.12505 0.12499 0.12492 0.12483 0.12467 ( 1)  0.065
 293 T   0.12548 0.12531 0.12520 0.12509 0.12498 0.12485 0.12469 0.12440 ( 1)  0.065
 294 L   0.12538 0.12525 0.12516 0.12507 0.12498 0.12488 0.12475 0.12452 ( 1)  0.065
 295 G   0.12545 0.12529 0.12518 0.12508 0.12498 0.12486 0.12471 0.12444 ( 1)  0.065
 296 Q   0.12519 0.12512 0.12508 0.12503 0.12499 0.12494 0.12488 0.12477 ( 1)  0.065
 297 L   0.12513 0.12508 0.12505 0.12502 0.12499 0.12496 0.12492 0.12484 ( 1)  0.065
 298 A   0.12547 0.12531 0.12519 0.12509 0.12498 0.12486 0.12470 0.12442 ( 1)  0.065
 299 E   0.12537 0.12524 0.12515 0.12507 0.12498 0.12489 0.12476 0.12454 ( 1)  0.065
 300 S   0.12531 0.12520 0.12513 0.12506 0.12499 0.12490 0.12480 0.12461 ( 1)  0.065
 301 A   0.12505 0.12503 0.12502 0.12501 0.12500 0.12499 0.12497 0.12494 ( 1)  0.065
 302 G   0.12511 0.12507 0.12504 0.12502 0.12500 0.12497 0.12493 0.12486 ( 1)  0.065
 303 G   0.12545 0.12529 0.12518 0.12508 0.12498 0.12486 0.12471 0.12444 ( 1)  0.065
 304 D   0.12513 0.12508 0.12505 0.12502 0.12499 0.12496 0.12492 0.12484 ( 1)  0.065
 305 A   0.12547 0.12531 0.12519 0.12509 0.12498 0.12486 0.12470 0.12442 ( 1)  0.065
 306 D   0.12545 0.12530 0.12519 0.12508 0.12498 0.12486 0.12471 0.12443 ( 1)  0.065
 307 C   0.12507 0.12505 0.12503 0.12501 0.12500 0.12498 0.12496 0.12491 ( 1)  0.065
 308 P   0.12526 0.12517 0.12511 0.12505 0.12499 0.12492 0.12483 0.12467 ( 1)  0.065
 309 K   0.12532 0.12521 0.12513 0.12506 0.12499 0.12490 0.12479 0.12459 ( 1)  0.065
 310 A   0.12537 0.12524 0.12515 0.12507 0.12498 0.12489 0.12476 0.12454 ( 1)  0.065
 311 R   0.12531 0.12520 0.12513 0.12506 0.12499 0.12491 0.12480 0.12462 ( 1)  0.065
 312 L   0.12526 0.12517 0.12511 0.12505 0.12499 0.12492 0.12483 0.12468 ( 1)  0.065
 313 E   0.12537 0.12524 0.12515 0.12507 0.12498 0.12489 0.12476 0.12454 ( 1)  0.065
 314 A   0.12537 0.12524 0.12515 0.12507 0.12498 0.12489 0.12476 0.12454 ( 1)  0.065
 315 L   0.12526 0.12517 0.12511 0.12505 0.12499 0.12492 0.12483 0.12468 ( 1)  0.065
 316 A   0.12537 0.12524 0.12515 0.12507 0.12498 0.12489 0.12476 0.12454 ( 1)  0.065
 317 A   0.12547 0.12531 0.12519 0.12509 0.12498 0.12486 0.12470 0.12442 ( 1)  0.065
 318 A   0.12537 0.12524 0.12515 0.12507 0.12498 0.12489 0.12476 0.12454 ( 1)  0.065
 319 H   0.12530 0.12519 0.12512 0.12505 0.12499 0.12491 0.12481 0.12463 ( 1)  0.065
 320 R   0.12522 0.12515 0.12509 0.12504 0.12499 0.12493 0.12486 0.12472 ( 1)  0.065
 321 F   0.12529 0.12519 0.12512 0.12505 0.12499 0.12491 0.12481 0.12463 ( 1)  0.065
 322 A   0.12537 0.12524 0.12515 0.12507 0.12498 0.12489 0.12476 0.12454 ( 1)  0.065
 323 L   0.12526 0.12517 0.12511 0.12505 0.12499 0.12492 0.12483 0.12468 ( 1)  0.065
 324 N   0.12541 0.12527 0.12517 0.12508 0.12498 0.12487 0.12473 0.12448 ( 1)  0.065
 325 F   0.12508 0.12505 0.12503 0.12501 0.12500 0.12498 0.12495 0.12491 ( 1)  0.065
 326 H   0.12527 0.12518 0.12511 0.12505 0.12499 0.12492 0.12482 0.12466 ( 1)  0.065
 327 D   0.12545 0.12530 0.12519 0.12508 0.12498 0.12486 0.12471 0.12443 ( 1)  0.065
 328 L   0.12513 0.12508 0.12505 0.12502 0.12499 0.12496 0.12492 0.12484 ( 1)  0.065
 329 A   0.12547 0.12531 0.12519 0.12509 0.12498 0.12486 0.12470 0.12442 ( 1)  0.065
 330 A   0.12537 0.12524 0.12515 0.12507 0.12498 0.12489 0.12476 0.12454 ( 1)  0.065
 331 G   0.12535 0.12523 0.12514 0.12506 0.12498 0.12489 0.12477 0.12456 ( 1)  0.065
 332 R   0.12529 0.12519 0.12512 0.12505 0.12499 0.12491 0.12481 0.12464 ( 1)  0.065
 333 S   0.12540 0.12526 0.12516 0.12507 0.12498 0.12488 0.12475 0.12451 ( 1)  0.065
 334 G   0.12545 0.12529 0.12518 0.12508 0.12498 0.12486 0.12471 0.12444 ( 1)  0.065
 335 K   0.12532 0.12521 0.12513 0.12506 0.12499 0.12490 0.12479 0.12459 ( 1)  0.065
 336 A   0.12537 0.12524 0.12515 0.12507 0.12498 0.12489 0.12476 0.12454 ( 1)  0.065
 337 P   0.12533 0.12522 0.12514 0.12506 0.12498 0.12490 0.12479 0.12458 ( 1)  0.065
 338 C   0.12527 0.12517 0.12511 0.12505 0.12499 0.12492 0.12483 0.12467 ( 1)  0.065
 339 L   0.12538 0.12525 0.12516 0.12507 0.12498 0.12488 0.12475 0.12452 ( 1)  0.065
 340 L   0.12526 0.12517 0.12511 0.12505 0.12499 0.12492 0.12483 0.12468 ( 1)  0.065
 341 R   0.12529 0.12519 0.12512 0.12505 0.12499 0.12491 0.12481 0.12464 ( 1)  0.065
 342 L   0.12526 0.12517 0.12511 0.12505 0.12499 0.12492 0.12483 0.12468 ( 1)  0.065
 343 G   0.12545 0.12529 0.12518 0.12508 0.12498 0.12486 0.12471 0.12444 ( 1)  0.065
 344 T   0.12561 0.12540 0.12525 0.12511 0.12497 0.12481 0.12461 0.12424 ( 1)  0.065
 345 A   0.12537 0.12524 0.12515 0.12507 0.12498 0.12489 0.12476 0.12454 ( 1)  0.065
 346 P   0.12526 0.12517 0.12511 0.12505 0.12499 0.12492 0.12483 0.12467 ( 1)  0.065
 347 P   0.12526 0.12517 0.12511 0.12505 0.12499 0.12492 0.12483 0.12467 ( 1)  0.065
 348 L   0.12526 0.12517 0.12511 0.12505 0.12499 0.12492 0.12483 0.12467 ( 1)  0.065
 349 A   0.12505 0.12503 0.12502 0.12501 0.12500 0.12499 0.12497 0.12494 ( 1)  0.065
 350 A   0.12547 0.12531 0.12519 0.12509 0.12498 0.12486 0.12470 0.12442 ( 1)  0.065
 351 A   0.12505 0.12503 0.12502 0.12501 0.12500 0.12499 0.12497 0.12494 ( 1)  0.065
 352 G   0.12535 0.12523 0.12514 0.12506 0.12498 0.12489 0.12477 0.12456 ( 1)  0.065
 353 S   0.12540 0.12526 0.12516 0.12507 0.12498 0.12488 0.12474 0.12450 ( 1)  0.065
 354 G   0.12545 0.12529 0.12518 0.12508 0.12498 0.12486 0.12471 0.12444 ( 1)  0.065
 355 A   0.12547 0.12531 0.12519 0.12509 0.12498 0.12486 0.12470 0.12442 ( 1)  0.065
 356 T   0.12548 0.12531 0.12520 0.12509 0.12498 0.12485 0.12469 0.12440 ( 1)  0.065
 357 P   0.12526 0.12517 0.12511 0.12505 0.12499 0.12492 0.12483 0.12467 ( 1)  0.065
 358 E   0.12537 0.12524 0.12515 0.12507 0.12498 0.12489 0.12476 0.12454 ( 1)  0.065
 359 E   0.12537 0.12524 0.12515 0.12507 0.12498 0.12489 0.12476 0.12454 ( 1)  0.065
 360 A   0.12537 0.12524 0.12515 0.12507 0.12498 0.12489 0.12476 0.12454 ( 1)  0.065
 361 R   0.12529 0.12519 0.12512 0.12505 0.12499 0.12491 0.12481 0.12464 ( 1)  0.065
 362 V   0.12562 0.12541 0.12525 0.12511 0.12497 0.12481 0.12460 0.12422 ( 1)  0.065
 363 E   0.12507 0.12505 0.12503 0.12501 0.12500 0.12498 0.12495 0.12491 ( 1)  0.065
 364 A   0.12547 0.12531 0.12519 0.12509 0.12498 0.12486 0.12470 0.12442 ( 1)  0.065
 365 C   0.12527 0.12517 0.12511 0.12505 0.12499 0.12492 0.12483 0.12467 ( 1)  0.065
 366 R   0.12529 0.12519 0.12512 0.12505 0.12499 0.12491 0.12481 0.12464 ( 1)  0.065
 367 A   0.12547 0.12531 0.12519 0.12509 0.12498 0.12486 0.12470 0.12442 ( 1)  0.065
 368 A   0.12511 0.12508 0.12505 0.12502 0.12499 0.12496 0.12493 0.12486 ( 1)  0.065
 369 L   0.12513 0.12508 0.12505 0.12502 0.12499 0.12496 0.12492 0.12484 ( 1)  0.065
 370 E   0.12537 0.12524 0.12515 0.12507 0.12498 0.12489 0.12476 0.12454 ( 1)  0.065
 371 A   0.12537 0.12524 0.12515 0.12507 0.12498 0.12489 0.12476 0.12454 ( 1)  0.065
 372 L   0.12526 0.12517 0.12511 0.12505 0.12499 0.12492 0.12483 0.12468 ( 1)  0.065
 373 A   0.12537 0.12524 0.12515 0.12507 0.12498 0.12489 0.12476 0.12454 ( 1)  0.065
 374 V   0.06363 0.08480 0.09989 0.11368 0.12782 0.14383 0.16458 0.20177 ( 8)  0.073
 375 L   0.12526 0.12517 0.12511 0.12505 0.12499 0.12492 0.12483 0.12468 ( 1)  0.065
 376 T   0.12548 0.12531 0.12520 0.12509 0.12498 0.12485 0.12469 0.12440 ( 1)  0.065
 377 D   0.12545 0.12530 0.12519 0.12508 0.12498 0.12486 0.12471 0.12443 ( 1)  0.065
 378 P   0.12526 0.12517 0.12511 0.12505 0.12499 0.12492 0.12483 0.12467 ( 1)  0.065
 379 H   0.12530 0.12519 0.12512 0.12505 0.12499 0.12491 0.12481 0.12463 ( 1)  0.065
 380 G   0.12535 0.12523 0.12514 0.12506 0.12498 0.12489 0.12477 0.12456 ( 1)  0.065
 381 R   0.12522 0.12515 0.12509 0.12504 0.12499 0.12493 0.12486 0.12472 ( 1)  0.065
 382 P   0.12503 0.12502 0.12501 0.12501 0.12500 0.12499 0.12498 0.12496 ( 1)  0.065
 383 V   0.12562 0.12541 0.12525 0.12511 0.12497 0.12481 0.12460 0.12422 ( 1)  0.065


lnL = -1485.678010

