Supplemental results for CODEML (seqf: algn  treef: tree)


dN/dS (w) for site classes (K=8)

p:   0.12500  0.12500  0.12500  0.12500  0.12500  0.12500  0.12500  0.12500
w:   0.04497  1.00000  1.00000  1.00000  1.00000  1.00000  1.00000  1.00000

Naive Empirical Bayes (NEB) probabilities for 8 classes & postmean_w
(amino acids refer to 1st sequence: Mlig.22195)

   1 L   0.14717 0.12183 0.12183 0.12183 0.12183 0.12183 0.12183 0.12183 ( 1)  0.859
   2 L   0.14692 0.12187 0.12187 0.12187 0.12187 0.12187 0.12187 0.12187 ( 1)  0.860
   3 E   0.08772 0.13033 0.13033 0.13033 0.13033 0.13033 0.13033 0.13033 ( 3)  0.916
   4 A   0.07146 0.13265 0.13265 0.13265 0.13265 0.13265 0.13265 0.13265 ( 3)  0.932
   5 V   0.15374 0.12089 0.12089 0.12089 0.12089 0.12089 0.12089 0.12089 ( 1)  0.853
   6 A   0.14889 0.12159 0.12159 0.12159 0.12159 0.12159 0.12159 0.12159 ( 1)  0.858
   7 L   0.14346 0.12236 0.12236 0.12236 0.12236 0.12236 0.12236 0.12236 ( 1)  0.863
   8 W   0.04180 0.13689 0.13689 0.13689 0.13689 0.13689 0.13689 0.13689 ( 3)  0.960
   9 Q   0.14717 0.12183 0.12183 0.12183 0.12183 0.12183 0.12183 0.12183 ( 1)  0.859
  10 Q   0.08656 0.13049 0.13049 0.13049 0.13049 0.13049 0.13049 0.13049 ( 3)  0.917
  11 P   0.14583 0.12202 0.12202 0.12202 0.12202 0.12202 0.12202 0.12202 ( 1)  0.861
  12 H   0.07293 0.13244 0.13244 0.13244 0.13244 0.13244 0.13244 0.13244 ( 3)  0.930
  13 L   0.07990 0.13144 0.13144 0.13144 0.13144 0.13144 0.13144 0.13144 ( 3)  0.924
  14 P   0.10184 0.12831 0.12831 0.12831 0.12831 0.12831 0.12831 0.12831 ( 3)  0.903
  15 R   0.14346 0.12236 0.12236 0.12236 0.12236 0.12236 0.12236 0.12236 ( 1)  0.863
  16 Q   0.08560 0.13063 0.13063 0.13063 0.13063 0.13063 0.13063 0.13063 ( 3)  0.918
  17 L   0.04405 0.13656 0.13656 0.13656 0.13656 0.13656 0.13656 0.13656 ( 3)  0.958
  18 A   0.07870 0.13161 0.13161 0.13161 0.13161 0.13161 0.13161 0.13161 ( 3)  0.925
  19 R   0.14014 0.12284 0.12284 0.12284 0.12284 0.12284 0.12284 0.12284 ( 1)  0.866
  20 A   0.26251 0.10536 0.10536 0.10536 0.10536 0.10536 0.10536 0.10536 ( 1)  0.749
  21 G   0.31092 0.09844 0.09844 0.09844 0.09844 0.09844 0.09844 0.09844 ( 1)  0.703
  22 L   0.05645 0.13479 0.13479 0.13479 0.13479 0.13479 0.13479 0.13479 ( 3)  0.946
  23 L   0.05528 0.13496 0.13496 0.13496 0.13496 0.13496 0.13496 0.13496 ( 3)  0.947
  24 A   0.26915 0.10441 0.10441 0.10441 0.10441 0.10441 0.10441 0.10441 ( 1)  0.743
  25 S   0.04429 0.13653 0.13653 0.13653 0.13653 0.13653 0.13653 0.13653 ( 3)  0.958
  26 H   0.14033 0.12281 0.12281 0.12281 0.12281 0.12281 0.12281 0.12281 ( 1)  0.866
  27 L   0.14313 0.12241 0.12241 0.12241 0.12241 0.12241 0.12241 0.12241 ( 1)  0.863
  28 A   0.05645 0.13479 0.13479 0.13479 0.13479 0.13479 0.13479 0.13479 ( 3)  0.946
  29 G   0.08121 0.13126 0.13126 0.13126 0.13126 0.13126 0.13126 0.13126 ( 3)  0.922
  30 A   0.07575 0.13204 0.13204 0.13204 0.13204 0.13204 0.13204 0.13204 ( 3)  0.928
  31 A   0.05528 0.13496 0.13496 0.13496 0.13496 0.13496 0.13496 0.13496 ( 3)  0.947
  32 A   0.26251 0.10536 0.10536 0.10536 0.10536 0.10536 0.10536 0.10536 ( 1)  0.749
  33 L   0.05583 0.13488 0.13488 0.13488 0.13488 0.13488 0.13488 0.13488 ( 3)  0.947
  34 L   0.08799 0.13029 0.13029 0.13029 0.13029 0.13029 0.13029 0.13029 ( 3)  0.916
  35 R   0.14914 0.12155 0.12155 0.12155 0.12155 0.12155 0.12155 0.12155 ( 1)  0.858
  36 L   0.22389 0.11087 0.11087 0.11087 0.11087 0.11087 0.11087 0.11087 ( 1)  0.786
  37 L   0.10140 0.12837 0.12837 0.12837 0.12837 0.12837 0.12837 0.12837 ( 3)  0.903
  38 Q   0.03497 0.13786 0.13786 0.13786 0.13786 0.13786 0.13786 0.13786 ( 3)  0.967
  39 L   0.08253 0.13107 0.13107 0.13107 0.13107 0.13107 0.13107 0.13107 ( 3)  0.921
  40 A   0.05645 0.13479 0.13479 0.13479 0.13479 0.13479 0.13479 0.13479 ( 3)  0.946
  41 A   0.07853 0.13164 0.13164 0.13164 0.13164 0.13164 0.13164 0.13164 ( 3)  0.925
  42 E   0.02090 0.13987 0.13987 0.13987 0.13987 0.13987 0.13987 0.13987 ( 3)  0.980
  43 P   0.03521 0.13783 0.13783 0.13783 0.13783 0.13783 0.13783 0.13783 ( 3)  0.966
  44 L   0.22389 0.11087 0.11087 0.11087 0.11087 0.11087 0.11087 0.11087 ( 1)  0.786
  45 P   0.14876 0.12161 0.12161 0.12161 0.12161 0.12161 0.12161 0.12161 ( 1)  0.858
  46 S   0.10781 0.12746 0.12746 0.12746 0.12746 0.12746 0.12746 0.12746 ( 3)  0.897
  47 W   0.07551 0.13207 0.13207 0.13207 0.13207 0.13207 0.13207 0.13207 ( 3)  0.928
  48 L   0.22877 0.11018 0.11018 0.11018 0.11018 0.11018 0.11018 0.11018 ( 1)  0.782
  49 H   0.04872 0.13590 0.13590 0.13590 0.13590 0.13590 0.13590 0.13590 ( 3)  0.953
  50 S   0.24660 0.10763 0.10763 0.10763 0.10763 0.10763 0.10763 0.10763 ( 1)  0.764
  51 C   0.00935 0.14152 0.14152 0.14152 0.14152 0.14152 0.14152 0.14152 ( 3)  0.991
  52 L   0.22455 0.11078 0.11078 0.11078 0.11078 0.11078 0.11078 0.11078 ( 1)  0.786
  53 A   0.05576 0.13489 0.13489 0.13489 0.13489 0.13489 0.13489 0.13489 ( 3)  0.947
  54 P   0.14914 0.12155 0.12155 0.12155 0.12155 0.12155 0.12155 0.12155 ( 1)  0.858
  55 A   0.07870 0.13161 0.13161 0.13161 0.13161 0.13161 0.13161 0.13161 ( 3)  0.925
  56 L   0.22877 0.11018 0.11018 0.11018 0.11018 0.11018 0.11018 0.11018 ( 1)  0.782
  57 I   0.33372 0.09518 0.09518 0.09518 0.09518 0.09518 0.09518 0.09518 ( 1)  0.681
  58 C   0.07689 0.13187 0.13187 0.13187 0.13187 0.13187 0.13187 0.13187 ( 3)  0.927
  59 K   0.04464 0.13648 0.13648 0.13648 0.13648 0.13648 0.13648 0.13648 ( 3)  0.957
  60 L   0.22455 0.11078 0.11078 0.11078 0.11078 0.11078 0.11078 0.11078 ( 1)  0.786
  61 R   0.02849 0.13879 0.13879 0.13879 0.13879 0.13879 0.13879 0.13879 ( 3)  0.973
  62 R   0.14240 0.12251 0.12251 0.12251 0.12251 0.12251 0.12251 0.12251 ( 1)  0.864
  63 R   0.12692 0.12473 0.12473 0.12473 0.12473 0.12473 0.12473 0.12473 ( 1)  0.879
  64 L   0.05731 0.13467 0.13467 0.13467 0.13467 0.13467 0.13467 0.13467 ( 3)  0.945
  65 F   0.02430 0.13939 0.13939 0.13939 0.13939 0.13939 0.13939 0.13939 ( 3)  0.977
  66 R   0.08050 0.13136 0.13136 0.13136 0.13136 0.13136 0.13136 0.13136 ( 3)  0.923
  67 A   0.06008 0.13427 0.13427 0.13427 0.13427 0.13427 0.13427 0.13427 ( 3)  0.943
  68 L   0.14346 0.12236 0.12236 0.12236 0.12236 0.12236 0.12236 0.12236 ( 1)  0.863
  69 S   0.21757 0.11178 0.11178 0.11178 0.11178 0.11178 0.11178 0.11178 ( 1)  0.792
  70 G   0.06952 0.13293 0.13293 0.13293 0.13293 0.13293 0.13293 0.13293 ( 3)  0.934
  71 L   0.06926 0.13296 0.13296 0.13296 0.13296 0.13296 0.13296 0.13296 ( 3)  0.934
  72 A   0.18448 0.11650 0.11650 0.11650 0.11650 0.11650 0.11650 0.11650 ( 1)  0.824
  73 P   0.14881 0.12160 0.12160 0.12160 0.12160 0.12160 0.12160 0.12160 ( 1)  0.858
  74 V   0.15658 0.12049 0.12049 0.12049 0.12049 0.12049 0.12049 0.12049 ( 1)  0.850
  75 C   0.08933 0.13010 0.13010 0.13010 0.13010 0.13010 0.13010 0.13010 ( 3)  0.915
  76 R   0.14346 0.12236 0.12236 0.12236 0.12236 0.12236 0.12236 0.12236 ( 1)  0.863
  77 T   0.07194 0.13258 0.13258 0.13258 0.13258 0.13258 0.13258 0.13258 ( 3)  0.931
  78 S   0.03333 0.13810 0.13810 0.13810 0.13810 0.13810 0.13810 0.13810 ( 3)  0.968
  79 E   0.04424 0.13654 0.13654 0.13654 0.13654 0.13654 0.13654 0.13654 ( 3)  0.958
  80 S   0.10540 0.12780 0.12780 0.12780 0.12780 0.12780 0.12780 0.12780 ( 3)  0.899
  81 A   0.26402 0.10514 0.10514 0.10514 0.10514 0.10514 0.10514 0.10514 ( 1)  0.748
  82 G   0.07990 0.13144 0.13144 0.13144 0.13144 0.13144 0.13144 0.13144 ( 3)  0.924
  83 R   0.14346 0.12236 0.12236 0.12236 0.12236 0.12236 0.12236 0.12236 ( 1)  0.863
  84 L   0.14717 0.12183 0.12183 0.12183 0.12183 0.12183 0.12183 0.12183 ( 1)  0.859
  85 R   0.14907 0.12156 0.12156 0.12156 0.12156 0.12156 0.12156 0.12156 ( 1)  0.858
  86 L   0.10175 0.12832 0.12832 0.12832 0.12832 0.12832 0.12832 0.12832 ( 3)  0.903
  87 M   0.05580 0.13489 0.13489 0.13489 0.13489 0.13489 0.13489 0.13489 ( 3)  0.947
  88 P   0.06985 0.13288 0.13288 0.13288 0.13288 0.13288 0.13288 0.13288 ( 3)  0.933
  89 A   0.15807 0.12028 0.12028 0.12028 0.12028 0.12028 0.12028 0.12028 ( 1)  0.849
  90 L   0.05645 0.13479 0.13479 0.13479 0.13479 0.13479 0.13479 0.13479 ( 3)  0.946
  91 L   0.15374 0.12089 0.12089 0.12089 0.12089 0.12089 0.12089 0.12089 ( 1)  0.853
  92 Q   0.02214 0.13969 0.13969 0.13969 0.13969 0.13969 0.13969 0.13969 ( 3)  0.979
  93 P   0.06776 0.13318 0.13318 0.13318 0.13318 0.13318 0.13318 0.13318 ( 3)  0.935
  94 P   0.08942 0.13008 0.13008 0.13008 0.13008 0.13008 0.13008 0.13008 ( 3)  0.915
  95 P   0.10002 0.12857 0.12857 0.12857 0.12857 0.12857 0.12857 0.12857 ( 3)  0.904
  96 D   0.26488 0.10502 0.10502 0.10502 0.10502 0.10502 0.10502 0.10502 ( 1)  0.747
  97 E   0.11637 0.12623 0.12623 0.12623 0.12623 0.12623 0.12623 0.12623 ( 3)  0.889
  98 A   0.15055 0.12135 0.12135 0.12135 0.12135 0.12135 0.12135 0.12135 ( 1)  0.856
  99 V   0.03418 0.13797 0.13797 0.13797 0.13797 0.13797 0.13797 0.13797 ( 3)  0.967
 100 C   0.82422 0.02511 0.02511 0.02511 0.02511 0.02511 0.02511 0.02511 ( 1)  0.213
 101 D   0.15055 0.12135 0.12135 0.12135 0.12135 0.12135 0.12135 0.12135 ( 1)  0.856
 102 E   0.16150 0.11979 0.11979 0.11979 0.11979 0.11979 0.11979 0.11979 ( 1)  0.846
 103 L   0.08622 0.13054 0.13054 0.13054 0.13054 0.13054 0.13054 0.13054 ( 3)  0.918
 104 E   0.15904 0.12014 0.12014 0.12014 0.12014 0.12014 0.12014 0.12014 ( 1)  0.848
 105 H   0.21818 0.11169 0.11169 0.11169 0.11169 0.11169 0.11169 0.11169 ( 1)  0.792
 106 D   0.40562 0.08491 0.08491 0.08491 0.08491 0.08491 0.08491 0.08491 ( 1)  0.613
 107 S   0.06317 0.13383 0.13383 0.13383 0.13383 0.13383 0.13383 0.13383 ( 3)  0.940
 108 C   0.03345 0.13808 0.13808 0.13808 0.13808 0.13808 0.13808 0.13808 ( 3)  0.968
 109 A   0.09962 0.12863 0.12863 0.12863 0.12863 0.12863 0.12863 0.12863 ( 3)  0.905
 110 A   0.09964 0.12862 0.12862 0.12862 0.12862 0.12862 0.12862 0.12862 ( 3)  0.905
 111 E   0.08622 0.13054 0.13054 0.13054 0.13054 0.13054 0.13054 0.13054 ( 3)  0.918
 112 Q   0.04347 0.13665 0.13665 0.13665 0.13665 0.13665 0.13665 0.13665 ( 3)  0.958
 113 Q   0.11729 0.12610 0.12610 0.12610 0.12610 0.12610 0.12610 0.12610 ( 3)  0.888
 114 D   0.24870 0.10733 0.10733 0.10733 0.10733 0.10733 0.10733 0.10733 ( 1)  0.762
 115 P   0.08942 0.13008 0.13008 0.13008 0.13008 0.13008 0.13008 0.13008 ( 3)  0.915
 116 P   0.07779 0.13174 0.13174 0.13174 0.13174 0.13174 0.13174 0.13174 ( 3)  0.926
 117 V   0.07628 0.13196 0.13196 0.13196 0.13196 0.13196 0.13196 0.13196 ( 3)  0.927
 118 V   0.15374 0.12089 0.12089 0.12089 0.12089 0.12089 0.12089 0.12089 ( 1)  0.853
 119 L   0.12792 0.12458 0.12458 0.12458 0.12458 0.12458 0.12458 0.12458 ( 1)  0.878
 120 F   0.02924 0.13868 0.13868 0.13868 0.13868 0.13868 0.13868 0.13868 ( 3)  0.972
 121 D   0.24870 0.10733 0.10733 0.10733 0.10733 0.10733 0.10733 0.10733 ( 1)  0.762
 122 E   0.24870 0.10733 0.10733 0.10733 0.10733 0.10733 0.10733 0.10733 ( 1)  0.762
 123 E   0.24870 0.10733 0.10733 0.10733 0.10733 0.10733 0.10733 0.10733 ( 1)  0.762
 124 G   0.10909 0.12727 0.12727 0.12727 0.12727 0.12727 0.12727 0.12727 ( 3)  0.896
 125 R   0.04787 0.13602 0.13602 0.13602 0.13602 0.13602 0.13602 0.13602 ( 3)  0.954
 126 L   0.07990 0.13144 0.13144 0.13144 0.13144 0.13144 0.13144 0.13144 ( 3)  0.924
 127 F   0.12722 0.12468 0.12468 0.12468 0.12468 0.12468 0.12468 0.12468 ( 1)  0.879
 128 P   0.07963 0.13148 0.13148 0.13148 0.13148 0.13148 0.13148 0.13148 ( 3)  0.924
 129 E   0.16171 0.11976 0.11976 0.11976 0.11976 0.11976 0.11976 0.11976 ( 1)  0.846
 130 D   0.06483 0.13360 0.13360 0.13360 0.13360 0.13360 0.13360 0.13360 ( 3)  0.938


lnL =  -976.208886

