Supplemental results for CODEML (seqf: algn  treef: tree)


dN/dS (w) for site classes (K=3)

p:   0.22853  0.00000  0.77147
w:   0.29612  1.00000  8.02072

Naive Empirical Bayes (NEB) probabilities for 3 classes & postmean_w & P(w>1)
(amino acids refer to 1st sequence: Mlig.13318)

   1 M   0.41075 0.00000 0.58925 ( 3)  4.848  0.589
   2 N   0.34611 0.00000 0.65389 ( 3)  5.347  0.654
   3 S   0.18584 0.00000 0.81416 ( 3)  6.585  0.814
   4 G   0.21284 0.00000 0.78716 ( 3)  6.377  0.787
   5 G   0.16659 0.00000 0.83341 ( 3)  6.734  0.833
   6 G   0.27636 0.00000 0.72364 ( 3)  5.886  0.724
   7 G   0.28691 0.00000 0.71309 ( 3)  5.804  0.713
   8 S   0.11124 0.00000 0.88876 ( 3)  7.161  0.889
   9 P   0.25607 0.00000 0.74393 ( 3)  6.043  0.744
  10 F   0.19584 0.00000 0.80416 ( 3)  6.508  0.804
  11 Y   0.23468 0.00000 0.76532 ( 3)  6.208  0.765
  12 H   0.28813 0.00000 0.71187 ( 3)  5.795  0.712
  13 C   0.41420 0.00000 0.58580 ( 3)  4.821  0.586
  14 Q   0.24685 0.00000 0.75315 ( 3)  6.114  0.753
  15 L   0.22172 0.00000 0.77828 ( 3)  6.308  0.778
  16 C   0.41420 0.00000 0.58580 ( 3)  4.821  0.586
  17 T   0.23017 0.00000 0.76983 ( 3)  6.243  0.770
  18 K   0.32466 0.00000 0.67534 ( 3)  5.513  0.675
  19 A   0.19769 0.00000 0.80231 ( 3)  6.494  0.802
  20 Y   0.17225 0.00000 0.82775 ( 3)  6.690  0.828
  21 S   0.16875 0.00000 0.83125 ( 3)  6.717  0.831
  22 S   0.13557 0.00000 0.86443 ( 3)  6.974  0.864
  23 E   0.22520 0.00000 0.77480 ( 3)  6.281  0.775
  24 K   0.20195 0.00000 0.79805 ( 3)  6.461  0.798
  25 S   0.13380 0.00000 0.86620 ( 3)  6.987  0.866
  26 L   0.22190 0.00000 0.77810 ( 3)  6.307  0.778
  27 N   0.16664 0.00000 0.83336 ( 3)  6.734  0.833
  28 K   0.19836 0.00000 0.80164 ( 3)  6.488  0.802
  29 H   0.21171 0.00000 0.78829 ( 3)  6.385  0.788
  30 M   0.37518 0.00000 0.62482 ( 3)  5.123  0.625
  31 K   0.19927 0.00000 0.80073 ( 3)  6.481  0.801
  32 H   0.21171 0.00000 0.78829 ( 3)  6.385  0.788
  33 G   0.23920 0.00000 0.76080 ( 3)  6.173  0.761
  34 I   0.28371 0.00000 0.71629 ( 3)  5.829  0.716
  35 G   0.13407 0.00000 0.86593 ( 3)  6.985  0.866
  36 R   0.17927 0.00000 0.82073 ( 3)  6.636  0.821
  37 Q   0.22763 0.00000 0.77237 ( 3)  6.262  0.772
  38 Q   0.16577 0.00000 0.83423 ( 3)  6.740  0.834
  39 I   0.17716 0.00000 0.82284 ( 3)  6.652  0.823
  40 H   0.24008 0.00000 0.75992 ( 3)  6.166  0.760
  41 R   0.25389 0.00000 0.74611 ( 3)  6.059  0.746
  42 S   0.30211 0.00000 0.69789 ( 3)  5.687  0.698
  43 P   0.25143 0.00000 0.74857 ( 3)  6.078  0.749
  44 S   0.34036 0.00000 0.65964 ( 3)  5.392  0.660
  45 A   0.18703 0.00000 0.81297 ( 3)  6.576  0.813
  46 K   0.19643 0.00000 0.80357 ( 3)  6.503  0.804
  47 P   0.25741 0.00000 0.74259 ( 3)  6.032  0.743
  48 S   0.22476 0.00000 0.77524 ( 3)  6.285  0.775
  49 K   0.15142 0.00000 0.84858 ( 3)  6.851  0.849
  50 A   0.14260 0.00000 0.85740 ( 3)  6.919  0.857
  51 S   0.53730 0.00000 0.46270 ( 1)  3.870  0.463
  52 T   0.18660 0.00000 0.81340 ( 3)  6.579  0.813
  53 E   0.13810 0.00000 0.86190 ( 3)  6.954  0.862
  54 E   0.19963 0.00000 0.80037 ( 3)  6.479  0.800
  55 T   0.30548 0.00000 0.69452 ( 3)  5.661  0.695
  56 V   0.29409 0.00000 0.70591 ( 3)  5.749  0.706
  57 Q   0.18036 0.00000 0.81964 ( 3)  6.628  0.820
  58 S   0.22785 0.00000 0.77215 ( 3)  6.261  0.772
  59 P   0.21620 0.00000 0.78380 ( 3)  6.351  0.784
  60 S   0.34238 0.00000 0.65762 ( 3)  5.376  0.658
  61 K   0.21387 0.00000 0.78613 ( 3)  6.369  0.786
  62 I   0.33927 0.00000 0.66073 ( 3)  5.400  0.661
  63 Q   0.23468 0.00000 0.76532 ( 3)  6.208  0.765
  64 V   0.22308 0.00000 0.77692 ( 3)  6.297  0.777
  65 S   0.40519 0.00000 0.59481 ( 3)  4.891  0.595
  66 R   0.19204 0.00000 0.80796 ( 3)  6.537  0.808
  67 P   0.21347 0.00000 0.78653 ( 3)  6.372  0.787
  68 P   0.16733 0.00000 0.83267 ( 3)  6.728  0.833
  69 K   0.29351 0.00000 0.70649 ( 3)  5.753  0.706
  70 A   0.15142 0.00000 0.84858 ( 3)  6.851  0.849
  71 A   0.32439 0.00000 0.67561 ( 3)  5.515  0.676
  72 P   0.21249 0.00000 0.78751 ( 3)  6.379  0.788
  73 K   0.20332 0.00000 0.79668 ( 3)  6.450  0.797
  74 Q   0.18132 0.00000 0.81868 ( 3)  6.620  0.819
  75 S   0.20111 0.00000 0.79889 ( 3)  6.467  0.799
  76 Q   0.24730 0.00000 0.75270 ( 3)  6.110  0.753
  77 A   0.14260 0.00000 0.85740 ( 3)  6.919  0.857
  78 D   0.20955 0.00000 0.79045 ( 3)  6.402  0.790
  79 E   0.19810 0.00000 0.80190 ( 3)  6.490  0.802
  80 D   0.19363 0.00000 0.80637 ( 3)  6.525  0.806
  81 M   0.22092 0.00000 0.77908 ( 3)  6.314  0.779
  82 A   0.13376 0.00000 0.86624 ( 3)  6.987  0.866
  83 I   0.23725 0.00000 0.76275 ( 3)  6.188  0.763
  84 V   0.16095 0.00000 0.83905 ( 3)  6.777  0.839
  85 C   0.12095 0.00000 0.87905 ( 3)  7.086  0.879
  86 P   0.24965 0.00000 0.75035 ( 3)  6.092  0.750
  87 E   0.23920 0.00000 0.76080 ( 3)  6.173  0.761
  88 C   0.25798 0.00000 0.74202 ( 3)  6.028  0.742
  89 G   0.37358 0.00000 0.62642 ( 3)  5.135  0.626
  90 G   0.23051 0.00000 0.76949 ( 3)  6.240  0.769
  91 T   0.14788 0.00000 0.85212 ( 3)  6.878  0.852
  92 I   0.21231 0.00000 0.78769 ( 3)  6.381  0.788
  93 K   0.24644 0.00000 0.75356 ( 3)  6.117  0.754
  94 S   0.17378 0.00000 0.82622 ( 3)  6.678  0.826
  95 K   0.31373 0.00000 0.68627 ( 3)  5.597  0.686
  96 K   0.26908 0.00000 0.73092 ( 3)  5.942  0.731
  97 G   0.27636 0.00000 0.72364 ( 3)  5.886  0.724
  98 V   0.15588 0.00000 0.84412 ( 3)  6.817  0.844
  99 A   0.25860 0.00000 0.74140 ( 3)  6.023  0.741
 100 K   0.23316 0.00000 0.76684 ( 3)  6.220  0.767
 101 H   0.22381 0.00000 0.77619 ( 3)  6.292  0.776
 102 Y   0.25055 0.00000 0.74945 ( 3)  6.085  0.749
 103 M   0.19503 0.00000 0.80497 ( 3)  6.514  0.805
 104 C   0.40519 0.00000 0.59481 ( 3)  4.891  0.595
 105 F   0.18853 0.00000 0.81147 ( 3)  6.564  0.811
 106 H   0.21737 0.00000 0.78263 ( 3)  6.342  0.783
 107 N   0.18784 0.00000 0.81216 ( 3)  6.570  0.812
 108 I   0.25969 0.00000 0.74031 ( 3)  6.015  0.740
 109 V   0.29887 0.00000 0.70113 ( 3)  5.712  0.701
 110 Y   0.25185 0.00000 0.74815 ( 3)  6.075  0.748
 111 S   0.30178 0.00000 0.69822 ( 3)  5.690  0.698
 112 A   0.24548 0.00000 0.75452 ( 3)  6.124  0.755
 113 W   0.13965 0.00000 0.86035 ( 3)  6.942  0.860
 114 K   0.20245 0.00000 0.79755 ( 3)  6.457  0.798
 115 D   0.22297 0.00000 0.77703 ( 3)  6.298  0.777
 116 G   0.18297 0.00000 0.81703 ( 3)  6.607  0.817
 117 W   0.10861 0.00000 0.89139 ( 3)  7.182  0.891
 118 F   0.33927 0.00000 0.66073 ( 3)  5.400  0.661
 119 G   0.18036 0.00000 0.81964 ( 3)  6.628  0.820
 120 R   0.20959 0.00000 0.79041 ( 3)  6.402  0.790
 121 S   0.45983 0.00000 0.54017 ( 3)  4.469  0.540
 122 V   0.20024 0.00000 0.79976 ( 3)  6.474  0.800
 123 R   0.25491 0.00000 0.74509 ( 3)  6.052  0.745
 124 L   0.20324 0.00000 0.79676 ( 3)  6.451  0.797
 125 M   0.32462 0.00000 0.67538 ( 3)  5.513  0.675
 126 D   0.22845 0.00000 0.77155 ( 3)  6.256  0.772
 127 L   0.17698 0.00000 0.82302 ( 3)  6.654  0.823
 128 T   0.26675 0.00000 0.73325 ( 3)  5.960  0.733
 129 Q   0.27963 0.00000 0.72037 ( 3)  5.861  0.720
 130 A   0.22763 0.00000 0.77237 ( 3)  6.262  0.772
 131 M   0.14151 0.00000 0.85849 ( 3)  6.928  0.858
 132 I   0.21923 0.00000 0.78077 ( 3)  6.327  0.781
 133 G   0.28559 0.00000 0.71441 ( 3)  5.815  0.714
 134 R   0.12233 0.00000 0.87767 ( 3)  7.076  0.878
 135 F   0.19042 0.00000 0.80958 ( 3)  6.550  0.810
 136 Y   0.21716 0.00000 0.78284 ( 3)  6.343  0.783
 137 A   0.13053 0.00000 0.86947 ( 3)  7.012  0.869
 138 S   0.15482 0.00000 0.84518 ( 3)  6.825  0.845
 139 G   0.15428 0.00000 0.84572 ( 3)  6.829  0.846
 140 G   0.28979 0.00000 0.71021 ( 3)  5.782  0.710
 141 G   0.28047 0.00000 0.71953 ( 3)  5.854  0.720
 142 A   0.25872 0.00000 0.74128 ( 3)  6.022  0.741
 143 L   0.22353 0.00000 0.77647 ( 3)  6.294  0.776
 144 R   0.27755 0.00000 0.72245 ( 3)  5.877  0.722
 145 E   0.23920 0.00000 0.76080 ( 3)  6.173  0.761
 146 S   0.20672 0.00000 0.79328 ( 3)  6.424  0.793
 147 L   0.17130 0.00000 0.82870 ( 3)  6.698  0.829
 148 A   0.10820 0.00000 0.89180 ( 3)  7.185  0.892
 149 K   0.32466 0.00000 0.67534 ( 3)  5.513  0.675
 150 C   0.40519 0.00000 0.59481 ( 3)  4.891  0.595
 151 P   0.21387 0.00000 0.78613 ( 3)  6.369  0.786
 152 D   0.19363 0.00000 0.80637 ( 3)  6.525  0.806
 153 A   0.28499 0.00000 0.71501 ( 3)  5.819  0.715
 154 E   0.28415 0.00000 0.71585 ( 3)  5.826  0.716
 155 P   0.26438 0.00000 0.73562 ( 3)  5.979  0.736
 156 G   0.11060 0.00000 0.88940 ( 3)  7.166  0.889
 157 S   0.16378 0.00000 0.83622 ( 3)  6.756  0.836
 158 V   0.22465 0.00000 0.77535 ( 3)  6.285  0.775
 159 P   0.19503 0.00000 0.80497 ( 3)  6.514  0.805
 160 V   0.21248 0.00000 0.78752 ( 3)  6.379  0.788
 161 E   0.19242 0.00000 0.80758 ( 3)  6.534  0.808
 162 M   0.22092 0.00000 0.77908 ( 3)  6.314  0.779
 163 E   0.19963 0.00000 0.80037 ( 3)  6.479  0.800
 164 D   0.13789 0.00000 0.86211 ( 3)  6.956  0.862
 165 E   0.27789 0.00000 0.72211 ( 3)  5.874  0.722
 166 E   0.25185 0.00000 0.74815 ( 3)  6.075  0.748
 167 R   0.16683 0.00000 0.83317 ( 3)  6.732  0.833
 168 S   0.16066 0.00000 0.83934 ( 3)  6.780  0.839
 169 Q   0.13965 0.00000 0.86035 ( 3)  6.942  0.860
 170 R   0.24210 0.00000 0.75790 ( 3)  6.151  0.758
 171 P   0.21563 0.00000 0.78437 ( 3)  6.355  0.784
 172 E   0.23920 0.00000 0.76080 ( 3)  6.173  0.761
 173 S   0.28660 0.00000 0.71340 ( 3)  5.807  0.713
 174 D   0.17853 0.00000 0.82147 ( 3)  6.642  0.821
 175 E   0.23326 0.00000 0.76674 ( 3)  6.219  0.767
 176 D   0.17711 0.00000 0.82289 ( 3)  6.653  0.823
 177 K   0.23469 0.00000 0.76531 ( 3)  6.208  0.765
 178 E   0.28376 0.00000 0.71624 ( 3)  5.829  0.716
 179 T   0.22211 0.00000 0.77789 ( 3)  6.305  0.778
 180 D   0.21773 0.00000 0.78227 ( 3)  6.339  0.782
 181 E   0.13810 0.00000 0.86190 ( 3)  6.954  0.862
 182 A   0.26815 0.00000 0.73185 ( 3)  5.949  0.732
 183 V   0.26537 0.00000 0.73463 ( 3)  5.971  0.735
 184 E   0.14391 0.00000 0.85609 ( 3)  6.909  0.856
 185 A   0.15394 0.00000 0.84606 ( 3)  6.832  0.846
 186 D   0.27193 0.00000 0.72807 ( 3)  5.920  0.728
 187 A   0.12196 0.00000 0.87804 ( 3)  7.079  0.878
 188 V   0.17073 0.00000 0.82927 ( 3)  6.702  0.829
 189 Q   0.16659 0.00000 0.83341 ( 3)  6.734  0.833
 190 L   0.24636 0.00000 0.75364 ( 3)  6.118  0.754
 191 V   0.28925 0.00000 0.71075 ( 3)  5.786  0.711
 192 V   0.20838 0.00000 0.79162 ( 3)  6.411  0.792
 193 D   0.27646 0.00000 0.72354 ( 3)  5.885  0.724
 194 E   0.11124 0.00000 0.88876 ( 3)  7.161  0.889
 195 G   0.37358 0.00000 0.62642 ( 3)  5.135  0.626
 196 H   0.18345 0.00000 0.81655 ( 3)  6.604  0.817
 197 S   0.22455 0.00000 0.77545 ( 3)  6.286  0.775
 198 A   0.32102 0.00000 0.67898 ( 3)  5.541  0.679
 199 E   0.21922 0.00000 0.78078 ( 3)  6.327  0.781
 200 E   0.16421 0.00000 0.83579 ( 3)  6.752  0.836
 201 D   0.31094 0.00000 0.68906 ( 3)  5.619  0.689
 202 D   0.23229 0.00000 0.76771 ( 3)  6.226  0.768
 203 E   0.21423 0.00000 0.78577 ( 3)  6.366  0.786
 204 E   0.27567 0.00000 0.72433 ( 3)  5.891  0.724
 205 G   0.34366 0.00000 0.65634 ( 3)  5.366  0.656
 206 P   0.30224 0.00000 0.69776 ( 3)  5.686  0.698
 207 L   0.21773 0.00000 0.78227 ( 3)  6.339  0.782
 208 V   0.24224 0.00000 0.75776 ( 3)  6.150  0.758
 209 L   0.20798 0.00000 0.79202 ( 3)  6.414  0.792
 210 D   0.22679 0.00000 0.77321 ( 3)  6.269  0.773
 211 G   0.41357 0.00000 0.58643 ( 3)  4.826  0.586
 212 A   0.30211 0.00000 0.69789 ( 3)  5.687  0.698
 213 D   0.28349 0.00000 0.71651 ( 3)  5.831  0.717
 214 E   0.22969 0.00000 0.77031 ( 3)  6.246  0.770
 215 D   0.27914 0.00000 0.72086 ( 3)  5.864  0.721
 216 Q   0.26676 0.00000 0.73324 ( 3)  5.960  0.733
 217 Q   0.24192 0.00000 0.75808 ( 3)  6.152  0.758
 218 Q   0.24715 0.00000 0.75285 ( 3)  6.112  0.753
 219 T   0.15487 0.00000 0.84513 ( 3)  6.824  0.845
 220 S   0.19569 0.00000 0.80431 ( 3)  6.509  0.804
 221 G   0.23920 0.00000 0.76080 ( 3)  6.173  0.761
 222 L   0.25389 0.00000 0.74611 ( 3)  6.059  0.746
 223 S   0.22049 0.00000 0.77951 ( 3)  6.318  0.780
 224 L   0.25733 0.00000 0.74267 ( 3)  6.033  0.743
 225 D   0.13703 0.00000 0.86297 ( 3)  6.962  0.863
 226 S   0.21436 0.00000 0.78564 ( 3)  6.365  0.786
 227 R   0.10758 0.00000 0.89242 ( 3)  7.190  0.892
 228 S   0.49440 0.00000 0.50560 ( 3)  4.202  0.506
 229 V   0.27810 0.00000 0.72190 ( 3)  5.873  0.722
 230 K   0.17607 0.00000 0.82393 ( 3)  6.661  0.824
 231 P   0.21563 0.00000 0.78437 ( 3)  6.355  0.784
 232 A   0.14937 0.00000 0.85063 ( 3)  6.867  0.851
 233 A   0.28005 0.00000 0.71995 ( 3)  5.857  0.720
 234 A   0.18660 0.00000 0.81340 ( 3)  6.579  0.813
 235 V   0.28349 0.00000 0.71651 ( 3)  5.831  0.717
 236 P   0.22223 0.00000 0.77777 ( 3)  6.304  0.778
 237 E   0.28005 0.00000 0.71995 ( 3)  5.857  0.720
 238 A   0.24637 0.00000 0.75363 ( 3)  6.118  0.754
 239 A   0.28480 0.00000 0.71520 ( 3)  5.821  0.715
 240 P   0.25941 0.00000 0.74059 ( 3)  6.017  0.741
 241 I   0.15636 0.00000 0.84364 ( 3)  6.813  0.844
 242 V   0.24266 0.00000 0.75734 ( 3)  6.146  0.757
 243 S   0.15082 0.00000 0.84918 ( 3)  6.856  0.849
 244 I   0.23497 0.00000 0.76503 ( 3)  6.206  0.765
 245 S   0.12108 0.00000 0.87892 ( 3)  7.085  0.879
 246 R   0.20959 0.00000 0.79041 ( 3)  6.402  0.790
 247 R   0.19693 0.00000 0.80307 ( 3)  6.500  0.803
 248 R   0.15944 0.00000 0.84056 ( 3)  6.789  0.841
 249 R   0.15347 0.00000 0.84653 ( 3)  6.835  0.847
 250 S   0.21115 0.00000 0.78885 ( 3)  6.390  0.789
 251 K   0.19836 0.00000 0.80164 ( 3)  6.488  0.802
 252 L   0.12108 0.00000 0.87892 ( 3)  7.085  0.879
 253 K   0.15855 0.00000 0.84145 ( 3)  6.796  0.841
 254 T   0.14391 0.00000 0.85609 ( 3)  6.909  0.856
 255 R   0.16421 0.00000 0.83579 ( 3)  6.752  0.836
 256 L   0.19147 0.00000 0.80853 ( 3)  6.542  0.809
 257 A   0.28851 0.00000 0.71149 ( 3)  5.792  0.711
 258 V   0.29887 0.00000 0.70113 ( 3)  5.712  0.701
 259 T   0.14391 0.00000 0.85609 ( 3)  6.909  0.856
 260 S   0.22785 0.00000 0.77215 ( 3)  6.261  0.772
 261 P   0.31477 0.00000 0.68523 ( 3)  5.589  0.685
 262 F   0.21461 0.00000 0.78539 ( 3)  6.363  0.785
 263 F   0.29633 0.00000 0.70367 ( 3)  5.732  0.704
 264 H   0.15712 0.00000 0.84288 ( 3)  6.807  0.843
 265 G   0.22390 0.00000 0.77610 ( 3)  6.291  0.776
 266 K   0.11060 0.00000 0.88940 ( 3)  7.166  0.889
 267 D   0.28851 0.00000 0.71149 ( 3)  5.792  0.711
 268 G   0.22390 0.00000 0.77610 ( 3)  6.291  0.776
 269 K   0.17365 0.00000 0.82635 ( 3)  6.679  0.826
 270 L   0.22172 0.00000 0.77828 ( 3)  6.308  0.778
 271 E   0.26676 0.00000 0.73324 ( 3)  5.960  0.733
 272 F   0.18125 0.00000 0.81875 ( 3)  6.621  0.819
 273 N   0.21703 0.00000 0.78297 ( 3)  6.344  0.783
 274 T   0.38327 0.00000 0.61673 ( 3)  5.060  0.617
 275 N   0.23646 0.00000 0.76354 ( 3)  6.194  0.764
 276 E   0.23326 0.00000 0.76674 ( 3)  6.219  0.767
 277 D   0.22172 0.00000 0.77828 ( 3)  6.308  0.778
 278 P   0.18452 0.00000 0.81548 ( 3)  6.595  0.815
 279 L   0.33866 0.00000 0.66134 ( 3)  5.405  0.661
 280 D   0.30786 0.00000 0.69214 ( 3)  5.643  0.692
 281 I   0.31008 0.00000 0.68992 ( 3)  5.625  0.690
 282 N   0.21819 0.00000 0.78181 ( 3)  6.335  0.782
 283 C   0.32315 0.00000 0.67685 ( 3)  5.524  0.677
 284 P   0.17618 0.00000 0.82382 ( 3)  6.660  0.824
 285 F   0.19927 0.00000 0.80073 ( 3)  6.481  0.801
 286 C   0.15889 0.00000 0.84111 ( 3)  6.793  0.841
 287 I   0.12092 0.00000 0.87908 ( 3)  7.087  0.879
 288 V   0.24548 0.00000 0.75452 ( 3)  6.124  0.755
 289 H   0.22879 0.00000 0.77121 ( 3)  6.253  0.771
 290 K   0.14670 0.00000 0.85330 ( 3)  6.888  0.853
 291 T   0.27045 0.00000 0.72955 ( 3)  5.932  0.730
 292 T   0.14391 0.00000 0.85609 ( 3)  6.909  0.856
 293 I   0.11550 0.00000 0.88450 ( 3)  7.129  0.884
 294 K   0.15855 0.00000 0.84145 ( 3)  6.796  0.841
 295 G   0.21728 0.00000 0.78272 ( 3)  6.342  0.783
 296 L   0.26855 0.00000 0.73145 ( 3)  5.946  0.731
 297 A   0.24398 0.00000 0.75602 ( 3)  6.136  0.756
 298 K   0.18835 0.00000 0.81165 ( 3)  6.566  0.812
 299 H   0.22048 0.00000 0.77952 ( 3)  6.318  0.780
 300 C   0.44535 0.00000 0.55465 ( 3)  4.581  0.555
 301 V   0.20542 0.00000 0.79458 ( 3)  6.434  0.795
 302 N   0.21111 0.00000 0.78889 ( 3)  6.390  0.789
 303 H   0.19129 0.00000 0.80871 ( 3)  6.543  0.809
 304 H   0.18440 0.00000 0.81560 ( 3)  6.596  0.816
 305 P   0.23269 0.00000 0.76731 ( 3)  6.223  0.767
 306 E   0.20219 0.00000 0.79781 ( 3)  6.459  0.798
 307 E   0.21423 0.00000 0.78577 ( 3)  6.366  0.786
 308 Y   0.25401 0.00000 0.74599 ( 3)  6.059  0.746
 309 S   0.28890 0.00000 0.71110 ( 3)  5.789  0.711
 310 N   0.18523 0.00000 0.81477 ( 3)  6.590  0.815
 311 W   0.45223 0.00000 0.54777 ( 3)  4.527  0.548
 312 K   0.15855 0.00000 0.84145 ( 3)  6.796  0.841
 313 D   0.28349 0.00000 0.71651 ( 3)  5.831  0.717
 314 G   0.14051 0.00000 0.85949 ( 3)  6.935  0.859
 315 S   0.22049 0.00000 0.77951 ( 3)  6.318  0.780
 316 F   0.10163 0.00000 0.89837 ( 3)  7.236  0.898
 317 G   0.18238 0.00000 0.81762 ( 3)  6.612  0.818
 318 N   0.16122 0.00000 0.83878 ( 3)  6.775  0.839
 319 V   0.22880 0.00000 0.77120 ( 3)  6.253  0.771
 320 Q   0.16659 0.00000 0.83341 ( 3)  6.734  0.833
 321 L   0.23909 0.00000 0.76091 ( 3)  6.174  0.761
 322 R   0.15701 0.00000 0.84299 ( 3)  6.808  0.843
 323 Y   0.18721 0.00000 0.81279 ( 3)  6.575  0.813
 324 I   0.32644 0.00000 0.67356 ( 3)  5.499  0.674
 325 R   0.26125 0.00000 0.73875 ( 3)  6.003  0.739
 326 P   0.21992 0.00000 0.78008 ( 3)  6.322  0.780
 327 S   0.26370 0.00000 0.73630 ( 3)  5.984  0.736
 328 E   0.19210 0.00000 0.80790 ( 3)  6.537  0.808
 329 Q   0.21484 0.00000 0.78516 ( 3)  6.361  0.785
 330 Q   0.27442 0.00000 0.72558 ( 3)  5.901  0.726
 331 L   0.22190 0.00000 0.77810 ( 3)  6.307  0.778
 332 S   0.13836 0.00000 0.86164 ( 3)  6.952  0.862
 333 D   0.21851 0.00000 0.78149 ( 3)  6.333  0.781
 334 S   0.10319 0.00000 0.89681 ( 3)  7.224  0.897
 335 I   0.18000 0.00000 0.82000 ( 3)  6.630  0.820
 336 S   0.33517 0.00000 0.66483 ( 3)  5.432  0.665
 337 C   0.09901 0.00000 0.90099 ( 3)  7.256  0.901
 338 F   0.41420 0.00000 0.58580 ( 3)  4.821  0.586
 339 N   0.21703 0.00000 0.78297 ( 3)  6.344  0.783
 340 S   0.14718 0.00000 0.85282 ( 3)  6.884  0.853
 341 T   0.21465 0.00000 0.78535 ( 3)  6.363  0.785
 342 Q   0.22336 0.00000 0.77664 ( 3)  6.295  0.777
 343 V   0.33920 0.00000 0.66080 ( 3)  5.401  0.661
 344 K   0.26057 0.00000 0.73943 ( 3)  6.008  0.739
 345 R   0.17109 0.00000 0.82891 ( 3)  6.699  0.829
 346 N   0.27790 0.00000 0.72210 ( 3)  5.874  0.722
 347 A   0.18553 0.00000 0.81447 ( 3)  6.588  0.814
 348 K   0.28789 0.00000 0.71211 ( 3)  5.797  0.712
 349 K   0.32466 0.00000 0.67534 ( 3)  5.513  0.675
 350 Q   0.18036 0.00000 0.81964 ( 3)  6.628  0.820
 351 N   0.22304 0.00000 0.77696 ( 3)  6.298  0.777
 352 Q   0.22390 0.00000 0.77610 ( 3)  6.291  0.776
 353 I   0.29572 0.00000 0.70428 ( 3)  5.736  0.704
 354 S   0.16180 0.00000 0.83820 ( 3)  6.771  0.838
 355 E   0.13618 0.00000 0.86382 ( 3)  6.969  0.864
 356 T   0.10765 0.00000 0.89235 ( 3)  7.189  0.892
 357 K   0.37141 0.00000 0.62859 ( 3)  5.152  0.629
 358 T   0.21817 0.00000 0.78183 ( 3)  6.335  0.782
 359 Q   0.28813 0.00000 0.71187 ( 3)  5.795  0.712
 360 Q   0.25268 0.00000 0.74732 ( 3)  6.069  0.747
 361 K   0.20219 0.00000 0.79781 ( 3)  6.459  0.798
 362 Q   0.29676 0.00000 0.70324 ( 3)  5.728  0.703
 363 L   0.25223 0.00000 0.74777 ( 3)  6.072  0.748
 364 E   0.20837 0.00000 0.79163 ( 3)  6.411  0.792
 365 K   0.32249 0.00000 0.67751 ( 3)  5.530  0.678
 366 P   0.16046 0.00000 0.83954 ( 3)  6.781  0.840
 367 K   0.35682 0.00000 0.64318 ( 3)  5.264  0.643
 368 Q   0.26645 0.00000 0.73355 ( 3)  5.963  0.734
 369 L   0.21373 0.00000 0.78627 ( 3)  6.370  0.786
 370 D   0.10296 0.00000 0.89704 ( 3)  7.225  0.897
 371 S   0.29377 0.00000 0.70623 ( 3)  5.751  0.706
 372 Q   0.16659 0.00000 0.83341 ( 3)  6.734  0.833
 373 Q   0.27442 0.00000 0.72558 ( 3)  5.901  0.726
 374 R   0.15831 0.00000 0.84169 ( 3)  6.798  0.842
 375 A   0.21327 0.00000 0.78673 ( 3)  6.373  0.787
 376 E   0.21423 0.00000 0.78577 ( 3)  6.366  0.786
 377 T   0.22211 0.00000 0.77789 ( 3)  6.305  0.778
 378 L   0.19385 0.00000 0.80615 ( 3)  6.523  0.806
 379 P   0.17152 0.00000 0.82848 ( 3)  6.696  0.828
 380 F   0.15232 0.00000 0.84768 ( 3)  6.844  0.848
 381 S   0.23864 0.00000 0.76136 ( 3)  6.177  0.761
 382 P   0.21436 0.00000 0.78564 ( 3)  6.365  0.786
 383 G   0.23817 0.00000 0.76183 ( 3)  6.181  0.762
 384 L   0.18475 0.00000 0.81525 ( 3)  6.594  0.815
 385 N   0.27442 0.00000 0.72558 ( 3)  5.901  0.726
 386 L   0.32574 0.00000 0.67426 ( 3)  5.504  0.674
 387 I   0.31475 0.00000 0.68525 ( 3)  5.589  0.685
 388 N   0.23951 0.00000 0.76049 ( 3)  6.171  0.760
 389 L   0.10319 0.00000 0.89681 ( 3)  7.224  0.897
 390 V   0.17716 0.00000 0.82284 ( 3)  6.652  0.823
 391 P   0.22457 0.00000 0.77543 ( 3)  6.286  0.775
 392 C   0.81922 0.00000 0.18078 ( 1)  1.693  0.181
 393 S   0.17568 0.00000 0.82432 ( 3)  6.664  0.824
 394 V   0.16166 0.00000 0.83834 ( 3)  6.772  0.838
 395 C   0.44535 0.00000 0.55465 ( 3)  4.581  0.555
 396 H   0.22305 0.00000 0.77695 ( 3)  6.298  0.777
 397 K   0.24730 0.00000 0.75270 ( 3)  6.110  0.753
 398 M   0.17929 0.00000 0.82071 ( 3)  6.636  0.821
 399 V   0.16526 0.00000 0.83474 ( 3)  6.744  0.835
 400 R   0.36270 0.00000 0.63730 ( 3)  5.219  0.637
 401 R   0.17019 0.00000 0.82981 ( 3)  6.706  0.830
 402 Q   0.21907 0.00000 0.78093 ( 3)  6.328  0.781
 403 C   0.12095 0.00000 0.87905 ( 3)  7.086  0.879
 404 L   0.20964 0.00000 0.79036 ( 3)  6.401  0.790
 405 A   0.22390 0.00000 0.77610 ( 3)  6.291  0.776
 406 G   0.10137 0.00000 0.89863 ( 3)  7.238  0.899
 407 H   0.27377 0.00000 0.72623 ( 3)  5.906  0.726
 408 C   0.16116 0.00000 0.83884 ( 3)  6.776  0.839
 409 A   0.28066 0.00000 0.71934 ( 3)  5.853  0.719
 410 T   0.16672 0.00000 0.83328 ( 3)  6.733  0.833
 411 Q   0.21484 0.00000 0.78516 ( 3)  6.361  0.785
 412 H   0.26868 0.00000 0.73132 ( 3)  5.945  0.731
 413 P   0.26981 0.00000 0.73019 ( 3)  5.937  0.730
 414 E   0.24715 0.00000 0.75285 ( 3)  6.112  0.753
 415 Q   0.29037 0.00000 0.70963 ( 3)  5.778  0.710
 416 S   0.20245 0.00000 0.79755 ( 3)  6.457  0.798
 417 D   0.26645 0.00000 0.73355 ( 3)  5.963  0.734
 418 V   0.31026 0.00000 0.68974 ( 3)  5.624  0.690
 419 P   0.22969 0.00000 0.77031 ( 3)  6.246  0.770
 420 P   0.24390 0.00000 0.75610 ( 3)  6.137  0.756
 421 A   0.26139 0.00000 0.73861 ( 3)  6.002  0.739
 422 G   0.11432 0.00000 0.88568 ( 3)  7.138  0.886
 423 P   0.26656 0.00000 0.73344 ( 3)  5.962  0.733
 424 A   0.17656 0.00000 0.82344 ( 3)  6.657  0.823
 425 I   0.13904 0.00000 0.86096 ( 3)  6.947  0.861
 426 S   0.34238 0.00000 0.65762 ( 3)  5.376  0.658
 427 V   0.21711 0.00000 0.78289 ( 3)  6.344  0.783
 428 S   0.16435 0.00000 0.83565 ( 3)  6.751  0.836
 429 K   0.19704 0.00000 0.80296 ( 3)  6.499  0.803
 430 V   0.24224 0.00000 0.75776 ( 3)  6.150  0.758
 431 E   0.35690 0.00000 0.64310 ( 3)  5.264  0.643
 432 S   0.28890 0.00000 0.71110 ( 3)  5.789  0.711
 433 S   0.13557 0.00000 0.86443 ( 3)  6.974  0.864
 434 P   0.31067 0.00000 0.68933 ( 3)  5.621  0.689
 435 S   0.14112 0.00000 0.85888 ( 3)  6.931  0.859
 436 S   0.20962 0.00000 0.79038 ( 3)  6.401  0.790
 437 R   0.23443 0.00000 0.76557 ( 3)  6.210  0.766
 438 R   0.22211 0.00000 0.77789 ( 3)  6.305  0.778
 439 K   0.15025 0.00000 0.84975 ( 3)  6.860  0.850
 440 S   0.23646 0.00000 0.76354 ( 3)  6.194  0.764
 441 E   0.22520 0.00000 0.77480 ( 3)  6.281  0.775
 442 L   0.26855 0.00000 0.73145 ( 3)  5.946  0.731
 443 M   0.29277 0.00000 0.70723 ( 3)  5.759  0.707
 444 S   0.20889 0.00000 0.79111 ( 3)  6.407  0.791
 445 A   0.24081 0.00000 0.75919 ( 3)  6.161  0.759
 446 F   0.14121 0.00000 0.85879 ( 3)  6.930  0.859
 447 D   0.12037 0.00000 0.87963 ( 3)  7.091  0.880
 448 D   0.20985 0.00000 0.79015 ( 3)  6.400  0.790
 449 D   0.27084 0.00000 0.72916 ( 3)  5.929  0.729
 450 K   0.12095 0.00000 0.87905 ( 3)  7.086  0.879
 451 Q   0.27377 0.00000 0.72623 ( 3)  5.906  0.726
 452 A   0.16468 0.00000 0.83532 ( 3)  6.749  0.835
 453 N   0.29277 0.00000 0.70723 ( 3)  5.759  0.707
 454 P   0.18773 0.00000 0.81227 ( 3)  6.571  0.812
 455 C   0.26081 0.00000 0.73919 ( 3)  6.006  0.739
 456 P   0.25143 0.00000 0.74857 ( 3)  6.078  0.749
 457 F   0.18125 0.00000 0.81875 ( 3)  6.621  0.819
 458 C   0.26982 0.00000 0.73018 ( 3)  5.936  0.730
 459 G   0.21373 0.00000 0.78627 ( 3)  6.370  0.786
 460 E   0.27645 0.00000 0.72355 ( 3)  5.885  0.724
 461 L   0.21560 0.00000 0.78440 ( 3)  6.355  0.784
 462 I   0.23613 0.00000 0.76387 ( 3)  6.197  0.764
 463 F   0.14673 0.00000 0.85327 ( 3)  6.887  0.853
 464 S   0.28670 0.00000 0.71330 ( 3)  5.806  0.713
 465 K   0.30332 0.00000 0.69668 ( 3)  5.678  0.697
 466 G   0.18036 0.00000 0.81964 ( 3)  6.628  0.820
 467 M   0.22092 0.00000 0.77908 ( 3)  6.314  0.779

Positively selected sites

	Prob(w>1)  mean w

     1 M      0.589         4.848
     2 N      0.654         5.347
     3 S      0.814         6.585
     4 G      0.787         6.377
     5 G      0.833         6.734
     6 G      0.724         5.886
     7 G      0.713         5.804
     8 S      0.889         7.161
     9 P      0.744         6.043
    10 F      0.804         6.508
    11 Y      0.765         6.208
    12 H      0.712         5.795
    13 C      0.586         4.821
    14 Q      0.753         6.114
    15 L      0.778         6.308
    16 C      0.586         4.821
    17 T      0.770         6.243
    18 K      0.675         5.513
    19 A      0.802         6.494
    20 Y      0.828         6.690
    21 S      0.831         6.717
    22 S      0.864         6.974
    23 E      0.775         6.281
    24 K      0.798         6.461
    25 S      0.866         6.987
    26 L      0.778         6.307
    27 N      0.833         6.734
    28 K      0.802         6.488
    29 H      0.788         6.385
    30 M      0.625         5.123
    31 K      0.801         6.481
    32 H      0.788         6.385
    33 G      0.761         6.173
    34 I      0.716         5.829
    35 G      0.866         6.985
    36 R      0.821         6.636
    37 Q      0.772         6.262
    38 Q      0.834         6.740
    39 I      0.823         6.652
    40 H      0.760         6.166
    41 R      0.746         6.059
    42 S      0.698         5.687
    43 P      0.749         6.078
    44 S      0.660         5.392
    45 A      0.813         6.576
    46 K      0.804         6.503
    47 P      0.743         6.032
    48 S      0.775         6.285
    49 K      0.849         6.851
    50 A      0.857         6.919
    52 T      0.813         6.579
    53 E      0.862         6.954
    54 E      0.800         6.479
    55 T      0.695         5.661
    56 V      0.706         5.749
    57 Q      0.820         6.628
    58 S      0.772         6.261
    59 P      0.784         6.351
    60 S      0.658         5.376
    61 K      0.786         6.369
    62 I      0.661         5.400
    63 Q      0.765         6.208
    64 V      0.777         6.297
    65 S      0.595         4.891
    66 R      0.808         6.537
    67 P      0.787         6.372
    68 P      0.833         6.728
    69 K      0.706         5.753
    70 A      0.849         6.851
    71 A      0.676         5.515
    72 P      0.788         6.379
    73 K      0.797         6.450
    74 Q      0.819         6.620
    75 S      0.799         6.467
    76 Q      0.753         6.110
    77 A      0.857         6.919
    78 D      0.790         6.402
    79 E      0.802         6.490
    80 D      0.806         6.525
    81 M      0.779         6.314
    82 A      0.866         6.987
    83 I      0.763         6.188
    84 V      0.839         6.777
    85 C      0.879         7.086
    86 P      0.750         6.092
    87 E      0.761         6.173
    88 C      0.742         6.028
    89 G      0.626         5.135
    90 G      0.769         6.240
    91 T      0.852         6.878
    92 I      0.788         6.381
    93 K      0.754         6.117
    94 S      0.826         6.678
    95 K      0.686         5.597
    96 K      0.731         5.942
    97 G      0.724         5.886
    98 V      0.844         6.817
    99 A      0.741         6.023
   100 K      0.767         6.220
   101 H      0.776         6.292
   102 Y      0.749         6.085
   103 M      0.805         6.514
   104 C      0.595         4.891
   105 F      0.811         6.564
   106 H      0.783         6.342
   107 N      0.812         6.570
   108 I      0.740         6.015
   109 V      0.701         5.712
   110 Y      0.748         6.075
   111 S      0.698         5.690
   112 A      0.755         6.124
   113 W      0.860         6.942
   114 K      0.798         6.457
   115 D      0.777         6.298
   116 G      0.817         6.607
   117 W      0.891         7.182
   118 F      0.661         5.400
   119 G      0.820         6.628
   120 R      0.790         6.402
   121 S      0.540         4.469
   122 V      0.800         6.474
   123 R      0.745         6.052
   124 L      0.797         6.451
   125 M      0.675         5.513
   126 D      0.772         6.256
   127 L      0.823         6.654
   128 T      0.733         5.960
   129 Q      0.720         5.861
   130 A      0.772         6.262
   131 M      0.858         6.928
   132 I      0.781         6.327
   133 G      0.714         5.815
   134 R      0.878         7.076
   135 F      0.810         6.550
   136 Y      0.783         6.343
   137 A      0.869         7.012
   138 S      0.845         6.825
   139 G      0.846         6.829
   140 G      0.710         5.782
   141 G      0.720         5.854
   142 A      0.741         6.022
   143 L      0.776         6.294
   144 R      0.722         5.877
   145 E      0.761         6.173
   146 S      0.793         6.424
   147 L      0.829         6.698
   148 A      0.892         7.185
   149 K      0.675         5.513
   150 C      0.595         4.891
   151 P      0.786         6.369
   152 D      0.806         6.525
   153 A      0.715         5.819
   154 E      0.716         5.826
   155 P      0.736         5.979
   156 G      0.889         7.166
   157 S      0.836         6.756
   158 V      0.775         6.285
   159 P      0.805         6.514
   160 V      0.788         6.379
   161 E      0.808         6.534
   162 M      0.779         6.314
   163 E      0.800         6.479
   164 D      0.862         6.956
   165 E      0.722         5.874
   166 E      0.748         6.075
   167 R      0.833         6.732
   168 S      0.839         6.780
   169 Q      0.860         6.942
   170 R      0.758         6.151
   171 P      0.784         6.355
   172 E      0.761         6.173
   173 S      0.713         5.807
   174 D      0.821         6.642
   175 E      0.767         6.219
   176 D      0.823         6.653
   177 K      0.765         6.208
   178 E      0.716         5.829
   179 T      0.778         6.305
   180 D      0.782         6.339
   181 E      0.862         6.954
   182 A      0.732         5.949
   183 V      0.735         5.971
   184 E      0.856         6.909
   185 A      0.846         6.832
   186 D      0.728         5.920
   187 A      0.878         7.079
   188 V      0.829         6.702
   189 Q      0.833         6.734
   190 L      0.754         6.118
   191 V      0.711         5.786
   192 V      0.792         6.411
   193 D      0.724         5.885
   194 E      0.889         7.161
   195 G      0.626         5.135
   196 H      0.817         6.604
   197 S      0.775         6.286
   198 A      0.679         5.541
   199 E      0.781         6.327
   200 E      0.836         6.752
   201 D      0.689         5.619
   202 D      0.768         6.226
   203 E      0.786         6.366
   204 E      0.724         5.891
   205 G      0.656         5.366
   206 P      0.698         5.686
   207 L      0.782         6.339
   208 V      0.758         6.150
   209 L      0.792         6.414
   210 D      0.773         6.269
   211 G      0.586         4.826
   212 A      0.698         5.687
   213 D      0.717         5.831
   214 E      0.770         6.246
   215 D      0.721         5.864
   216 Q      0.733         5.960
   217 Q      0.758         6.152
   218 Q      0.753         6.112
   219 T      0.845         6.824
   220 S      0.804         6.509
   221 G      0.761         6.173
   222 L      0.746         6.059
   223 S      0.780         6.318
   224 L      0.743         6.033
   225 D      0.863         6.962
   226 S      0.786         6.365
   227 R      0.892         7.190
   228 S      0.506         4.202
   229 V      0.722         5.873
   230 K      0.824         6.661
   231 P      0.784         6.355
   232 A      0.851         6.867
   233 A      0.720         5.857
   234 A      0.813         6.579
   235 V      0.717         5.831
   236 P      0.778         6.304
   237 E      0.720         5.857
   238 A      0.754         6.118
   239 A      0.715         5.821
   240 P      0.741         6.017
   241 I      0.844         6.813
   242 V      0.757         6.146
   243 S      0.849         6.856
   244 I      0.765         6.206
   245 S      0.879         7.085
   246 R      0.790         6.402
   247 R      0.803         6.500
   248 R      0.841         6.789
   249 R      0.847         6.835
   250 S      0.789         6.390
   251 K      0.802         6.488
   252 L      0.879         7.085
   253 K      0.841         6.796
   254 T      0.856         6.909
   255 R      0.836         6.752
   256 L      0.809         6.542
   257 A      0.711         5.792
   258 V      0.701         5.712
   259 T      0.856         6.909
   260 S      0.772         6.261
   261 P      0.685         5.589
   262 F      0.785         6.363
   263 F      0.704         5.732
   264 H      0.843         6.807
   265 G      0.776         6.291
   266 K      0.889         7.166
   267 D      0.711         5.792
   268 G      0.776         6.291
   269 K      0.826         6.679
   270 L      0.778         6.308
   271 E      0.733         5.960
   272 F      0.819         6.621
   273 N      0.783         6.344
   274 T      0.617         5.060
   275 N      0.764         6.194
   276 E      0.767         6.219
   277 D      0.778         6.308
   278 P      0.815         6.595
   279 L      0.661         5.405
   280 D      0.692         5.643
   281 I      0.690         5.625
   282 N      0.782         6.335
   283 C      0.677         5.524
   284 P      0.824         6.660
   285 F      0.801         6.481
   286 C      0.841         6.793
   287 I      0.879         7.087
   288 V      0.755         6.124
   289 H      0.771         6.253
   290 K      0.853         6.888
   291 T      0.730         5.932
   292 T      0.856         6.909
   293 I      0.884         7.129
   294 K      0.841         6.796
   295 G      0.783         6.342
   296 L      0.731         5.946
   297 A      0.756         6.136
   298 K      0.812         6.566
   299 H      0.780         6.318
   300 C      0.555         4.581
   301 V      0.795         6.434
   302 N      0.789         6.390
   303 H      0.809         6.543
   304 H      0.816         6.596
   305 P      0.767         6.223
   306 E      0.798         6.459
   307 E      0.786         6.366
   308 Y      0.746         6.059
   309 S      0.711         5.789
   310 N      0.815         6.590
   311 W      0.548         4.527
   312 K      0.841         6.796
   313 D      0.717         5.831
   314 G      0.859         6.935
   315 S      0.780         6.318
   316 F      0.898         7.236
   317 G      0.818         6.612
   318 N      0.839         6.775
   319 V      0.771         6.253
   320 Q      0.833         6.734
   321 L      0.761         6.174
   322 R      0.843         6.808
   323 Y      0.813         6.575
   324 I      0.674         5.499
   325 R      0.739         6.003
   326 P      0.780         6.322
   327 S      0.736         5.984
   328 E      0.808         6.537
   329 Q      0.785         6.361
   330 Q      0.726         5.901
   331 L      0.778         6.307
   332 S      0.862         6.952
   333 D      0.781         6.333
   334 S      0.897         7.224
   335 I      0.820         6.630
   336 S      0.665         5.432
   337 C      0.901         7.256
   338 F      0.586         4.821
   339 N      0.783         6.344
   340 S      0.853         6.884
   341 T      0.785         6.363
   342 Q      0.777         6.295
   343 V      0.661         5.401
   344 K      0.739         6.008
   345 R      0.829         6.699
   346 N      0.722         5.874
   347 A      0.814         6.588
   348 K      0.712         5.797
   349 K      0.675         5.513
   350 Q      0.820         6.628
   351 N      0.777         6.298
   352 Q      0.776         6.291
   353 I      0.704         5.736
   354 S      0.838         6.771
   355 E      0.864         6.969
   356 T      0.892         7.189
   357 K      0.629         5.152
   358 T      0.782         6.335
   359 Q      0.712         5.795
   360 Q      0.747         6.069
   361 K      0.798         6.459
   362 Q      0.703         5.728
   363 L      0.748         6.072
   364 E      0.792         6.411
   365 K      0.678         5.530
   366 P      0.840         6.781
   367 K      0.643         5.264
   368 Q      0.734         5.963
   369 L      0.786         6.370
   370 D      0.897         7.225
   371 S      0.706         5.751
   372 Q      0.833         6.734
   373 Q      0.726         5.901
   374 R      0.842         6.798
   375 A      0.787         6.373
   376 E      0.786         6.366
   377 T      0.778         6.305
   378 L      0.806         6.523
   379 P      0.828         6.696
   380 F      0.848         6.844
   381 S      0.761         6.177
   382 P      0.786         6.365
   383 G      0.762         6.181
   384 L      0.815         6.594
   385 N      0.726         5.901
   386 L      0.674         5.504
   387 I      0.685         5.589
   388 N      0.760         6.171
   389 L      0.897         7.224
   390 V      0.823         6.652
   391 P      0.775         6.286
   393 S      0.824         6.664
   394 V      0.838         6.772
   395 C      0.555         4.581
   396 H      0.777         6.298
   397 K      0.753         6.110
   398 M      0.821         6.636
   399 V      0.835         6.744
   400 R      0.637         5.219
   401 R      0.830         6.706
   402 Q      0.781         6.328
   403 C      0.879         7.086
   404 L      0.790         6.401
   405 A      0.776         6.291
   406 G      0.899         7.238
   407 H      0.726         5.906
   408 C      0.839         6.776
   409 A      0.719         5.853
   410 T      0.833         6.733
   411 Q      0.785         6.361
   412 H      0.731         5.945
   413 P      0.730         5.937
   414 E      0.753         6.112
   415 Q      0.710         5.778
   416 S      0.798         6.457
   417 D      0.734         5.963
   418 V      0.690         5.624
   419 P      0.770         6.246
   420 P      0.756         6.137
   421 A      0.739         6.002
   422 G      0.886         7.138
   423 P      0.733         5.962
   424 A      0.823         6.657
   425 I      0.861         6.947
   426 S      0.658         5.376
   427 V      0.783         6.344
   428 S      0.836         6.751
   429 K      0.803         6.499
   430 V      0.758         6.150
   431 E      0.643         5.264
   432 S      0.711         5.789
   433 S      0.864         6.974
   434 P      0.689         5.621
   435 S      0.859         6.931
   436 S      0.790         6.401
   437 R      0.766         6.210
   438 R      0.778         6.305
   439 K      0.850         6.860
   440 S      0.764         6.194
   441 E      0.775         6.281
   442 L      0.731         5.946
   443 M      0.707         5.759
   444 S      0.791         6.407
   445 A      0.759         6.161
   446 F      0.859         6.930
   447 D      0.880         7.091
   448 D      0.790         6.400
   449 D      0.729         5.929
   450 K      0.879         7.086
   451 Q      0.726         5.906
   452 A      0.835         6.749
   453 N      0.707         5.759
   454 P      0.812         6.571
   455 C      0.739         6.006
   456 P      0.749         6.078
   457 F      0.819         6.621
   458 C      0.730         5.936
   459 G      0.786         6.370
   460 E      0.724         5.885
   461 L      0.784         6.355
   462 I      0.764         6.197
   463 F      0.853         6.887
   464 S      0.713         5.806
   465 K      0.697         5.678
   466 G      0.820         6.628
   467 M      0.779         6.314


lnL = -3776.585007

Bayes Empirical Bayes (BEB) probabilities for 3 classes (class) & postmean_w
(amino acids refer to 1st sequence: Mlig.13318)

   1 M   0.42821 0.29467 0.27713 ( 1)  2.164 +-  2.827
   2 N   0.39181 0.31229 0.29590 ( 1)  2.284 +-  2.881
   3 S   0.31483 0.34986 0.33530 ( 2)  2.533 +-  2.979
   4 G   0.32583 0.34267 0.33150 ( 2)  2.506 +-  2.973
   5 G   0.30330 0.35317 0.34352 ( 2)  2.581 +-  2.999
   6 G   0.35649 0.32832 0.31519 ( 1)  2.405 +-  2.933
   7 G   0.36268 0.32620 0.31112 ( 1)  2.380 +-  2.922
   8 S   0.27196 0.36610 0.36194 ( 2)  2.692 +-  3.039
   9 P   0.34595 0.33300 0.32105 ( 1)  2.440 +-  2.948
  10 F   0.31867 0.34615 0.33518 ( 2)  2.530 +-  2.981
  11 Y   0.33612 0.33797 0.32591 ( 2)  2.472 +-  2.959
  12 H   0.36263 0.32510 0.31227 ( 1)  2.385 +-  2.927
  13 C   0.42150 0.29762 0.28088 ( 1)  2.189 +-  2.837
  14 Q   0.34164 0.33502 0.32334 ( 1)  2.454 +-  2.954
  15 L   0.32963 0.34084 0.32953 ( 2)  2.494 +-  2.968
  16 C   0.42150 0.29762 0.28088 ( 1)  2.189 +-  2.837
  17 T   0.33388 0.33912 0.32700 ( 2)  2.478 +-  2.962
  18 K   0.38055 0.31786 0.30159 ( 1)  2.322 +-  2.896
  19 A   0.31672 0.34647 0.33680 ( 2)  2.538 +-  2.985
  20 Y   0.30580 0.35112 0.34308 ( 2)  2.577 +-  2.999
  21 S   0.30342 0.35268 0.34390 ( 2)  2.582 +-  3.001
  22 S   0.28871 0.36050 0.35080 ( 2)  2.626 +-  3.014
  23 E   0.33118 0.34011 0.32871 ( 2)  2.489 +-  2.966
  24 K   0.32460 0.34518 0.33022 ( 2)  2.502 +-  2.967
  25 S   0.28206 0.36037 0.35756 ( 2)  2.664 +-  3.032
  26 L   0.32988 0.34083 0.32929 ( 2)  2.493 +-  2.967
  27 N   0.30140 0.35304 0.34556 ( 2)  2.592 +-  3.005
  28 K   0.31709 0.34603 0.33688 ( 2)  2.538 +-  2.986
  29 H   0.32500 0.34344 0.33156 ( 2)  2.507 +-  2.972
  30 M   0.40641 0.30608 0.28752 ( 1)  2.234 +-  2.855
  31 K   0.31878 0.34591 0.33531 ( 2)  2.530 +-  2.981
  32 H   0.32500 0.34344 0.33156 ( 2)  2.507 +-  2.972
  33 G   0.33950 0.33701 0.32349 ( 1)  2.458 +-  2.953
  34 I   0.35923 0.32709 0.31368 ( 1)  2.395 +-  2.929
  35 G   0.28573 0.36092 0.35335 ( 2)  2.641 +-  3.021
  36 R   0.30831 0.35038 0.34130 ( 2)  2.566 +-  2.995
  37 Q   0.33236 0.33964 0.32800 ( 2)  2.484 +-  2.965
  38 Q   0.30271 0.35293 0.34436 ( 2)  2.585 +-  3.002
  39 I   0.30488 0.35034 0.34478 ( 2)  2.585 +-  3.005
  40 H   0.33778 0.33640 0.32582 ( 1)  2.470 +-  2.960
  41 R   0.34417 0.33310 0.32273 ( 1)  2.450 +-  2.953
  42 S   0.37014 0.32356 0.30630 ( 1)  2.351 +-  2.908
  43 P   0.34301 0.33374 0.32325 ( 1)  2.453 +-  2.954
  44 S   0.38694 0.31407 0.29899 ( 1)  2.303 +-  2.890
  45 A   0.31375 0.34860 0.33765 ( 2)  2.545 +-  2.986
  46 K   0.31759 0.34634 0.33606 ( 2)  2.534 +-  2.983
  47 P   0.34661 0.33245 0.32094 ( 1)  2.439 +-  2.948
  48 S   0.33107 0.34007 0.32885 ( 2)  2.490 +-  2.967
  49 K   0.29385 0.35652 0.34963 ( 2)  2.617 +-  3.014
  50 A   0.28724 0.35820 0.35457 ( 2)  2.646 +-  3.025
  51 S   0.49214 0.26560 0.24226 ( 1)  1.951 +-  2.702
  52 T   0.30971 0.34812 0.34217 ( 2)  2.569 +-  2.999
  53 E   0.28717 0.35925 0.35358 ( 2)  2.641 +-  3.022
  54 E   0.31773 0.34576 0.33650 ( 2)  2.536 +-  2.985
  55 T   0.37084 0.32116 0.30800 ( 1)  2.360 +-  2.915
  56 V   0.36645 0.32439 0.30916 ( 1)  2.368 +-  2.917
  57 Q   0.30993 0.35012 0.33995 ( 2)  2.559 +-  2.992
  58 S   0.33366 0.33908 0.32725 ( 2)  2.480 +-  2.962
  59 P   0.32727 0.34223 0.33050 ( 2)  2.500 +-  2.970
  60 S   0.39226 0.31348 0.29426 ( 1)  2.279 +-  2.873
  61 K   0.32615 0.34218 0.33166 ( 2)  2.507 +-  2.973
  62 I   0.38657 0.31437 0.29906 ( 1)  2.304 +-  2.890
  63 Q   0.33612 0.33797 0.32591 ( 2)  2.472 +-  2.959
  64 V   0.33007 0.34057 0.32936 ( 2)  2.493 +-  2.968
  65 S   0.41829 0.29950 0.28221 ( 1)  2.198 +-  2.841
  66 R   0.31437 0.34748 0.33815 ( 2)  2.547 +-  2.988
  67 P   0.32575 0.34281 0.33144 ( 2)  2.506 +-  2.972
  68 P   0.30389 0.35269 0.34342 ( 2)  2.580 +-  2.999
  69 K   0.36560 0.32464 0.30975 ( 1)  2.371 +-  2.918
  70 A   0.29385 0.35652 0.34963 ( 2)  2.617 +-  3.014
  71 A   0.38274 0.31645 0.30081 ( 1)  2.314 +-  2.895
  72 P   0.32666 0.34304 0.33030 ( 2)  2.500 +-  2.969
  73 K   0.32094 0.34492 0.33414 ( 2)  2.523 +-  2.979
  74 Q   0.31083 0.34988 0.33929 ( 2)  2.555 +-  2.990
  75 S   0.31979 0.34522 0.33499 ( 2)  2.528 +-  2.981
  76 Q   0.34208 0.33493 0.32299 ( 1)  2.453 +-  2.952
  77 A   0.28724 0.35820 0.35457 ( 2)  2.646 +-  3.025
  78 D   0.32352 0.34329 0.33319 ( 2)  2.516 +-  2.977
  79 E   0.31686 0.34605 0.33709 ( 2)  2.540 +-  2.986
  80 D   0.31477 0.34694 0.33830 ( 2)  2.547 +-  2.989
  81 M   0.32874 0.34106 0.33020 ( 2)  2.498 +-  2.970
  82 A   0.28527 0.36078 0.35395 ( 2)  2.644 +-  3.022
  83 I   0.33720 0.33770 0.32509 ( 2)  2.467 +-  2.957
  84 V   0.29867 0.35449 0.34685 ( 2)  2.600 +-  3.008
  85 C   0.27792 0.36436 0.35772 ( 2)  2.667 +-  3.030
  86 P   0.34307 0.33434 0.32259 ( 1)  2.450 +-  2.952
  87 E   0.33950 0.33701 0.32349 ( 1)  2.458 +-  2.953
  88 C   0.34711 0.33338 0.31951 ( 1)  2.432 +-  2.943
  89 G   0.40663 0.30537 0.28801 ( 1)  2.234 +-  2.858
  90 G   0.33153 0.33840 0.33007 ( 2)  2.494 +-  2.971
  91 T   0.29148 0.35709 0.35144 ( 2)  2.627 +-  3.018
  92 I   0.32494 0.34277 0.33228 ( 2)  2.511 +-  2.975
  93 K   0.34161 0.33511 0.32329 ( 1)  2.455 +-  2.953
  94 S   0.30637 0.35157 0.34206 ( 2)  2.572 +-  2.997
  95 K   0.37580 0.32028 0.30392 ( 1)  2.336 +-  2.902
  96 K   0.35225 0.33008 0.31767 ( 1)  2.420 +-  2.940
  97 G   0.35649 0.32832 0.31519 ( 1)  2.405 +-  2.933
  98 V   0.29685 0.35505 0.34810 ( 2)  2.608 +-  3.011
  99 A   0.34715 0.33241 0.32044 ( 1)  2.436 +-  2.947
 100 K   0.33734 0.33844 0.32422 ( 2)  2.463 +-  2.954
 101 H   0.33052 0.34038 0.32909 ( 2)  2.491 +-  2.967
 102 Y   0.34322 0.33440 0.32238 ( 1)  2.449 +-  2.951
 103 M   0.31710 0.34686 0.33605 ( 2)  2.535 +-  2.983
 104 C   0.41829 0.29950 0.28221 ( 1)  2.198 +-  2.841
 105 F   0.31393 0.34800 0.33807 ( 2)  2.547 +-  2.988
 106 H   0.32721 0.34146 0.33133 ( 2)  2.504 +-  2.973
 107 N   0.31175 0.34789 0.34036 ( 2)  2.559 +-  2.994
 108 I   0.35284 0.33328 0.31388 ( 1)  2.402 +-  2.926
 109 V   0.36879 0.32380 0.30740 ( 1)  2.358 +-  2.911
 110 Y   0.34429 0.33388 0.32183 ( 1)  2.446 +-  2.950
 111 S   0.36828 0.32288 0.30884 ( 1)  2.365 +-  2.917
 112 A   0.34242 0.33554 0.32204 ( 1)  2.449 +-  2.949
 113 W   0.28942 0.35962 0.35096 ( 2)  2.627 +-  3.015
 114 K   0.32044 0.34527 0.33429 ( 2)  2.524 +-  2.979
 115 D   0.33029 0.34055 0.32917 ( 2)  2.492 +-  2.967
 116 G   0.30721 0.34837 0.34442 ( 2)  2.582 +-  3.005
 117 W   0.27060 0.36724 0.36216 ( 2)  2.694 +-  3.039
 118 F   0.38657 0.31437 0.29906 ( 1)  2.304 +-  2.890
 119 G   0.30993 0.35012 0.33995 ( 2)  2.559 +-  2.992
 120 R   0.32404 0.34346 0.33250 ( 2)  2.512 +-  2.975
 121 S   0.45342 0.28353 0.26305 ( 1)  2.077 +-  2.779
 122 V   0.31870 0.34495 0.33634 ( 2)  2.535 +-  2.985
 123 R   0.34485 0.33335 0.32180 ( 1)  2.445 +-  2.950
 124 L   0.32033 0.34462 0.33505 ( 2)  2.527 +-  2.982
 125 M   0.38133 0.31720 0.30147 ( 1)  2.319 +-  2.897
 126 D   0.33322 0.33952 0.32726 ( 2)  2.480 +-  2.962
 127 L   0.30840 0.35041 0.34119 ( 2)  2.566 +-  2.995
 128 T   0.35042 0.33002 0.31956 ( 1)  2.430 +-  2.946
 129 Q   0.35850 0.32702 0.31448 ( 1)  2.399 +-  2.932
 130 A   0.33236 0.33964 0.32800 ( 2)  2.484 +-  2.965
 131 M   0.29018 0.35914 0.35069 ( 2)  2.625 +-  3.015
 132 I   0.32839 0.34117 0.33044 ( 2)  2.499 +-  2.970
 133 G   0.36183 0.32594 0.31223 ( 1)  2.386 +-  2.925
 134 R   0.27717 0.36363 0.35920 ( 2)  2.675 +-  3.034
 135 F   0.31464 0.34752 0.33783 ( 2)  2.545 +-  2.987
 136 Y   0.32769 0.34140 0.33091 ( 2)  2.502 +-  2.972
 137 A   0.28345 0.36138 0.35517 ( 2)  2.651 +-  3.025
 138 S   0.29520 0.35574 0.34906 ( 2)  2.613 +-  3.013
 139 G   0.29552 0.35627 0.34822 ( 2)  2.609 +-  3.010
 140 G   0.36403 0.32578 0.31019 ( 1)  2.375 +-  2.919
 141 G   0.35863 0.32557 0.31581 ( 1)  2.407 +-  2.936
 142 A   0.34726 0.33244 0.32030 ( 1)  2.436 +-  2.946
 143 L   0.33026 0.34037 0.32937 ( 2)  2.493 +-  2.968
 144 R   0.35846 0.32854 0.31300 ( 1)  2.393 +-  2.926
 145 E   0.33950 0.33701 0.32349 ( 1)  2.458 +-  2.953
 146 S   0.32179 0.34304 0.33517 ( 2)  2.527 +-  2.983
 147 L   0.30522 0.35159 0.34318 ( 2)  2.578 +-  3.000
 148 A   0.26997 0.36702 0.36301 ( 2)  2.699 +-  3.041
 149 K   0.38055 0.31786 0.30159 ( 1)  2.322 +-  2.896
 150 C   0.41829 0.29950 0.28221 ( 1)  2.198 +-  2.841
 151 P   0.32615 0.34218 0.33166 ( 2)  2.507 +-  2.973
 152 D   0.31477 0.34694 0.33830 ( 2)  2.547 +-  2.989
 153 A   0.36157 0.32649 0.31194 ( 1)  2.385 +-  2.924
 154 E   0.36116 0.32669 0.31215 ( 1)  2.386 +-  2.925
 155 P   0.35030 0.33177 0.31793 ( 1)  2.422 +-  2.940
 156 G   0.27034 0.36617 0.36350 ( 2)  2.701 +-  3.043
 157 S   0.30082 0.35318 0.34600 ( 2)  2.595 +-  3.006
 158 V   0.33120 0.34014 0.32865 ( 2)  2.489 +-  2.966
 159 P   0.31710 0.34686 0.33605 ( 2)  2.535 +-  2.983
 160 V   0.32523 0.34261 0.33215 ( 2)  2.510 +-  2.974
 161 E   0.31527 0.34723 0.33750 ( 2)  2.543 +-  2.987
 162 M   0.32874 0.34106 0.33020 ( 2)  2.498 +-  2.970
 163 E   0.31773 0.34576 0.33650 ( 2)  2.536 +-  2.985
 164 D   0.28560 0.35942 0.35498 ( 2)  2.649 +-  3.026
 165 E   0.35786 0.32814 0.31399 ( 1)  2.398 +-  2.929
 166 E   0.34429 0.33388 0.32183 ( 1)  2.446 +-  2.950
 167 R   0.30343 0.35240 0.34417 ( 2)  2.584 +-  3.002
 168 S   0.29881 0.35461 0.34658 ( 2)  2.599 +-  3.007
 169 Q   0.28942 0.35962 0.35096 ( 2)  2.627 +-  3.015
 170 R   0.34145 0.33662 0.32193 ( 1)  2.449 +-  2.948
 171 P   0.32651 0.34178 0.33171 ( 2)  2.507 +-  2.974
 172 E   0.33950 0.33701 0.32349 ( 1)  2.458 +-  2.953
 173 S   0.36074 0.32462 0.31463 ( 1)  2.399 +-  2.933
 174 D   0.30871 0.35008 0.34121 ( 2)  2.566 +-  2.995
 175 E   0.33716 0.33833 0.32451 ( 2)  2.464 +-  2.955
 176 D   0.30911 0.35095 0.33994 ( 2)  2.559 +-  2.991
 177 K   0.33872 0.33820 0.32308 ( 1)  2.457 +-  2.951
 178 E   0.36086 0.32695 0.31219 ( 1)  2.387 +-  2.925
 179 T   0.32892 0.34006 0.33101 ( 2)  2.502 +-  2.973
 180 D   0.32770 0.34173 0.33056 ( 2)  2.500 +-  2.971
 181 E   0.28717 0.35925 0.35358 ( 2)  2.641 +-  3.022
 182 A   0.35290 0.33016 0.31694 ( 1)  2.416 +-  2.937
 183 V   0.35019 0.33093 0.31888 ( 1)  2.427 +-  2.943
 184 E   0.28931 0.35800 0.35269 ( 2)  2.635 +-  3.021
 185 A   0.29470 0.35573 0.34957 ( 2)  2.616 +-  3.014
 186 D   0.35498 0.32938 0.31564 ( 1)  2.408 +-  2.934
 187 A   0.27794 0.36349 0.35857 ( 2)  2.672 +-  3.032
 188 V   0.30117 0.35185 0.34698 ( 2)  2.599 +-  3.010
 189 Q   0.30330 0.35317 0.34352 ( 2)  2.581 +-  2.999
 190 L   0.34108 0.33543 0.32348 ( 1)  2.456 +-  2.954
 191 V   0.36294 0.32524 0.31182 ( 1)  2.384 +-  2.924
 192 V   0.32406 0.34353 0.33240 ( 2)  2.512 +-  2.975
 193 D   0.35748 0.32853 0.31399 ( 1)  2.398 +-  2.929
 194 E   0.27196 0.36610 0.36194 ( 2)  2.692 +-  3.039
 195 G   0.40663 0.30537 0.28801 ( 1)  2.234 +-  2.858
 196 H   0.31188 0.34959 0.33853 ( 2)  2.550 +-  2.988
 197 S   0.33381 0.34143 0.32476 ( 2)  2.468 +-  2.954
 198 A   0.38076 0.31671 0.30254 ( 1)  2.324 +-  2.901
 199 E   0.32856 0.34126 0.33017 ( 2)  2.498 +-  2.970
 200 E   0.30255 0.35364 0.34381 ( 2)  2.583 +-  3.000
 201 D   0.37470 0.32006 0.30524 ( 1)  2.342 +-  2.907
 202 D   0.33611 0.33884 0.32506 ( 2)  2.468 +-  2.956
 203 E   0.32612 0.34233 0.33155 ( 2)  2.506 +-  2.973
 204 E   0.35681 0.32861 0.31458 ( 1)  2.402 +-  2.931
 205 G   0.38905 0.31349 0.29746 ( 1)  2.294 +-  2.885
 206 P   0.36997 0.32115 0.30888 ( 1)  2.362 +-  2.919
 207 L   0.32770 0.34173 0.33056 ( 2)  2.500 +-  2.971
 208 V   0.34096 0.33607 0.32297 ( 1)  2.454 +-  2.952
 209 L   0.32291 0.34400 0.33309 ( 2)  2.516 +-  2.976
 210 D   0.33245 0.34002 0.32753 ( 2)  2.482 +-  2.963
 211 G   0.42767 0.29738 0.27495 ( 1)  2.156 +-  2.816
 212 A   0.37014 0.32356 0.30630 ( 1)  2.351 +-  2.908
 213 D   0.36106 0.32706 0.31188 ( 1)  2.385 +-  2.924
 214 E   0.33335 0.33919 0.32746 ( 2)  2.481 +-  2.963
 215 D   0.35881 0.32789 0.31331 ( 1)  2.394 +-  2.928
 216 Q   0.35254 0.32995 0.31751 ( 1)  2.418 +-  2.940
 217 Q   0.33860 0.33646 0.32493 ( 1)  2.465 +-  2.958
 218 Q   0.34153 0.33516 0.32330 ( 1)  2.455 +-  2.953
 219 T   0.29463 0.35536 0.35001 ( 2)  2.618 +-  3.015
 220 S   0.31735 0.34633 0.33632 ( 2)  2.536 +-  2.984
 221 G   0.33950 0.33701 0.32349 ( 1)  2.458 +-  2.953
 222 L   0.34417 0.33310 0.32273 ( 1)  2.450 +-  2.953
 223 S   0.33009 0.34083 0.32909 ( 2)  2.492 +-  2.967
 224 L   0.34665 0.33269 0.32066 ( 1)  2.438 +-  2.947
 225 D   0.28567 0.35995 0.35438 ( 2)  2.646 +-  3.024
 226 S   0.32515 0.34201 0.33285 ( 2)  2.513 +-  2.977
 227 R   0.26637 0.36719 0.36644 ( 2)  2.717 +-  3.049
 228 S   0.46728 0.27495 0.25777 ( 1)  2.043 +-  2.762
 229 V   0.35800 0.32814 0.31386 ( 1)  2.397 +-  2.929
 230 K   0.30656 0.35064 0.34280 ( 2)  2.575 +-  2.999
 231 P   0.32651 0.34178 0.33171 ( 2)  2.507 +-  2.974
 232 A   0.29222 0.35712 0.35066 ( 2)  2.623 +-  3.016
 233 A   0.35902 0.32777 0.31320 ( 1)  2.393 +-  2.927
 234 A   0.30971 0.34812 0.34217 ( 2)  2.569 +-  2.999
 235 V   0.36106 0.32706 0.31188 ( 1)  2.385 +-  2.924
 236 P   0.32997 0.34078 0.32924 ( 2)  2.492 +-  2.967
 237 E   0.35902 0.32777 0.31320 ( 1)  2.393 +-  2.927
 238 A   0.34388 0.33610 0.32002 ( 1)  2.438 +-  2.943
 239 A   0.36160 0.32669 0.31171 ( 1)  2.384 +-  2.923
 240 P   0.34778 0.33228 0.31994 ( 1)  2.434 +-  2.945
 241 I   0.29525 0.35539 0.34937 ( 2)  2.615 +-  3.014
 242 V   0.34165 0.33630 0.32205 ( 1)  2.449 +-  2.949
 243 S   0.29383 0.35676 0.34941 ( 2)  2.616 +-  3.013
 244 I   0.33622 0.33810 0.32568 ( 2)  2.470 +-  2.959
 245 S   0.27958 0.36396 0.35646 ( 2)  2.660 +-  3.027
 246 R   0.32404 0.34346 0.33250 ( 2)  2.512 +-  2.975
 247 R   0.31809 0.34722 0.33469 ( 2)  2.527 +-  2.979
 248 R   0.29867 0.35436 0.34697 ( 2)  2.601 +-  3.008
 249 R   0.29638 0.35607 0.34756 ( 2)  2.605 +-  3.009
 250 S   0.32507 0.34283 0.33210 ( 2)  2.510 +-  2.974
 251 K   0.31709 0.34603 0.33688 ( 2)  2.538 +-  2.986
 252 L   0.27958 0.36396 0.35646 ( 2)  2.660 +-  3.027
 253 K   0.29717 0.35485 0.34798 ( 2)  2.607 +-  3.010
 254 T   0.28931 0.35800 0.35269 ( 2)  2.635 +-  3.021
 255 R   0.30255 0.35364 0.34381 ( 2)  2.583 +-  3.000
 256 L   0.31530 0.34749 0.33722 ( 2)  2.542 +-  2.986
 257 A   0.36384 0.32609 0.31007 ( 1)  2.374 +-  2.919
 258 V   0.36879 0.32380 0.30740 ( 1)  2.358 +-  2.911
 259 T   0.28931 0.35800 0.35269 ( 2)  2.635 +-  3.021
 260 S   0.33366 0.33908 0.32725 ( 2)  2.480 +-  2.962
 261 P   0.37603 0.31840 0.30558 ( 1)  2.341 +-  2.910
 262 F   0.32761 0.34203 0.33035 ( 2)  2.500 +-  2.970
 263 F   0.36708 0.32363 0.30929 ( 1)  2.368 +-  2.917
 264 H   0.29860 0.35527 0.34613 ( 2)  2.597 +-  3.005
 265 G   0.33187 0.34014 0.32798 ( 2)  2.485 +-  2.964
 266 K   0.27034 0.36617 0.36350 ( 2)  2.701 +-  3.043
 267 D   0.36384 0.32609 0.31007 ( 1)  2.374 +-  2.919
 268 G   0.33187 0.34014 0.32798 ( 2)  2.485 +-  2.964
 269 K   0.30520 0.35115 0.34365 ( 2)  2.580 +-  3.001
 270 L   0.32963 0.34084 0.32953 ( 2)  2.494 +-  2.968
 271 E   0.35254 0.32995 0.31751 ( 1)  2.418 +-  2.940
 272 F   0.31076 0.34977 0.33946 ( 2)  2.556 +-  2.990
 273 N   0.32783 0.34167 0.33050 ( 2)  2.500 +-  2.970
 274 T   0.41315 0.30339 0.28346 ( 1)  2.208 +-  2.843
 275 N   0.33867 0.33801 0.32333 ( 1)  2.457 +-  2.952
 276 E   0.33716 0.33833 0.32451 ( 2)  2.464 +-  2.955
 277 D   0.32963 0.34084 0.32953 ( 2)  2.494 +-  2.968
 278 P   0.31283 0.34925 0.33792 ( 2)  2.547 +-  2.987
 279 L   0.38720 0.31278 0.30002 ( 1)  2.306 +-  2.895
 280 D   0.37508 0.31987 0.30505 ( 1)  2.340 +-  2.907
 281 I   0.37621 0.32145 0.30234 ( 1)  2.329 +-  2.896
 282 N   0.33166 0.34180 0.32654 ( 2)  2.479 +-  2.959
 283 C   0.37888 0.31767 0.30346 ( 1)  2.331 +-  2.902
 284 P   0.30782 0.35056 0.34162 ( 2)  2.569 +-  2.996
 285 F   0.31878 0.34591 0.33531 ( 2)  2.530 +-  2.981
 286 C   0.29836 0.35424 0.34740 ( 2)  2.603 +-  3.009
 287 I   0.27757 0.36361 0.35882 ( 2)  2.673 +-  3.033
 288 V   0.34242 0.33554 0.32204 ( 1)  2.449 +-  2.949
 289 H   0.33325 0.33948 0.32727 ( 2)  2.480 +-  2.963
 290 K   0.29060 0.35746 0.35194 ( 2)  2.631 +-  3.019
 291 T   0.35294 0.33007 0.31699 ( 1)  2.415 +-  2.938
 292 T   0.28931 0.35800 0.35269 ( 2)  2.635 +-  3.021
 293 I   0.27404 0.36464 0.36131 ( 2)  2.688 +-  3.038
 294 K   0.29717 0.35485 0.34798 ( 2)  2.607 +-  3.010
 295 G   0.32799 0.34212 0.32989 ( 2)  2.497 +-  2.968
 296 L   0.35153 0.32982 0.31864 ( 1)  2.425 +-  2.943
 297 A   0.34196 0.33595 0.32209 ( 1)  2.449 +-  2.949
 298 K   0.31328 0.34794 0.33879 ( 2)  2.551 +-  2.990
 299 H   0.32876 0.34101 0.33023 ( 2)  2.498 +-  2.970
 300 C   0.44508 0.29175 0.26317 ( 1)  2.089 +-  2.772
 301 V   0.32194 0.34447 0.33359 ( 2)  2.519 +-  2.977
 302 N   0.32929 0.34363 0.32708 ( 2)  2.483 +-  2.959
 303 H   0.31451 0.34824 0.33725 ( 2)  2.542 +-  2.986
 304 H   0.31011 0.34884 0.34105 ( 2)  2.564 +-  2.996
 305 P   0.33619 0.33759 0.32622 ( 2)  2.474 +-  2.960
 306 E   0.31885 0.34513 0.33602 ( 2)  2.533 +-  2.984
 307 E   0.32612 0.34233 0.33155 ( 2)  2.506 +-  2.973
 308 Y   0.34568 0.33333 0.32099 ( 1)  2.441 +-  2.947
 309 S   0.36105 0.32484 0.31411 ( 1)  2.396 +-  2.932
 310 N   0.31270 0.34920 0.33811 ( 2)  2.548 +-  2.987
 311 W   0.44160 0.28831 0.27009 ( 1)  2.123 +-  2.802
 312 K   0.29717 0.35485 0.34798 ( 2)  2.607 +-  3.010
 313 D   0.36106 0.32706 0.31188 ( 1)  2.385 +-  2.924
 314 G   0.28609 0.35869 0.35522 ( 2)  2.650 +-  3.027
 315 S   0.33009 0.34083 0.32909 ( 2)  2.492 +-  2.967
 316 F   0.26633 0.36910 0.36456 ( 2)  2.709 +-  3.044
 317 G   0.30929 0.34878 0.34193 ( 2)  2.569 +-  2.998
 318 N   0.30016 0.35395 0.34589 ( 2)  2.595 +-  3.005
 319 V   0.33339 0.33954 0.32707 ( 2)  2.479 +-  2.962
 320 Q   0.30330 0.35317 0.34352 ( 2)  2.581 +-  2.999
 321 L   0.33773 0.33704 0.32523 ( 1)  2.467 +-  2.958
 322 R   0.29800 0.35508 0.34692 ( 2)  2.601 +-  3.007
 323 Y   0.31450 0.34876 0.33674 ( 2)  2.540 +-  2.984
 324 I   0.38277 0.31748 0.29975 ( 1)  2.311 +-  2.890
 325 R   0.34805 0.33213 0.31982 ( 1)  2.433 +-  2.945
 326 P   0.32860 0.34104 0.33037 ( 2)  2.499 +-  2.970
 327 S   0.34971 0.33203 0.31826 ( 1)  2.424 +-  2.940
 328 E   0.31381 0.34729 0.33890 ( 2)  2.551 +-  2.991
 329 Q   0.32602 0.34208 0.33190 ( 2)  2.508 +-  2.974
 330 Q   0.35485 0.32890 0.31625 ( 1)  2.411 +-  2.936
 331 L   0.32988 0.34083 0.32929 ( 2)  2.493 +-  2.967
 332 S   0.28758 0.35974 0.35269 ( 2)  2.636 +-  3.020
 333 D   0.32805 0.34157 0.33038 ( 2)  2.499 +-  2.970
 334 S   0.26676 0.36878 0.36447 ( 2)  2.708 +-  3.044
 335 I   0.30820 0.35038 0.34142 ( 2)  2.567 +-  2.996
 336 S   0.38677 0.31550 0.29773 ( 1)  2.297 +-  2.885
 337 C   0.26236 0.36951 0.36813 ( 2)  2.729 +-  3.052
 338 F   0.42150 0.29762 0.28088 ( 1)  2.189 +-  2.837
 339 N   0.32783 0.34167 0.33050 ( 2)  2.500 +-  2.970
 340 S   0.28854 0.35736 0.35410 ( 2)  2.642 +-  3.025
 341 T   0.32685 0.34237 0.33079 ( 2)  2.502 +-  2.971
 342 Q   0.33045 0.34044 0.32910 ( 2)  2.491 +-  2.967
 343 V   0.39006 0.31270 0.29724 ( 1)  2.292 +-  2.886
 344 K   0.34823 0.33197 0.31980 ( 1)  2.433 +-  2.945
 345 R   0.30487 0.35171 0.34342 ( 2)  2.579 +-  3.000
 346 N   0.35789 0.32796 0.31415 ( 1)  2.399 +-  2.930
 347 A   0.30957 0.34865 0.34178 ( 2)  2.567 +-  2.998
 348 K   0.36271 0.32620 0.31109 ( 1)  2.381 +-  2.921
 349 K   0.38055 0.31786 0.30159 ( 1)  2.322 +-  2.896
 350 Q   0.30993 0.35012 0.33995 ( 2)  2.559 +-  2.992
 351 N   0.33036 0.34045 0.32919 ( 2)  2.492 +-  2.967
 352 Q   0.33060 0.34042 0.32898 ( 2)  2.490 +-  2.967
 353 I   0.36726 0.32444 0.30830 ( 1)  2.364 +-  2.914
 354 S   0.30125 0.35370 0.34505 ( 2)  2.590 +-  3.003
 355 E   0.28593 0.36045 0.35361 ( 2)  2.642 +-  3.022
 356 T   0.26847 0.36730 0.36423 ( 2)  2.705 +-  3.044
 357 K   0.40443 0.30659 0.28898 ( 1)  2.242 +-  2.860
 358 T   0.32789 0.34155 0.33056 ( 2)  2.500 +-  2.971
 359 Q   0.36263 0.32510 0.31227 ( 1)  2.385 +-  2.927
 360 Q   0.34459 0.33370 0.32171 ( 1)  2.444 +-  2.950
 361 K   0.31885 0.34513 0.33602 ( 2)  2.533 +-  2.984
 362 Q   0.36656 0.32331 0.31013 ( 1)  2.371 +-  2.921
 363 L   0.34883 0.33297 0.31820 ( 1)  2.426 +-  2.939
 364 E   0.32352 0.34378 0.33269 ( 2)  2.514 +-  2.975
 365 K   0.38032 0.31747 0.30221 ( 1)  2.323 +-  2.899
 366 P   0.29857 0.35418 0.34726 ( 2)  2.602 +-  3.009
 367 K   0.40025 0.30785 0.29190 ( 1)  2.257 +-  2.871
 368 Q   0.35089 0.33075 0.31836 ( 1)  2.424 +-  2.941
 369 L   0.32593 0.34258 0.33148 ( 2)  2.506 +-  2.973
 370 D   0.26665 0.36806 0.36530 ( 2)  2.712 +-  3.046
 371 S   0.36852 0.32574 0.30573 ( 1)  2.351 +-  2.904
 372 Q   0.30330 0.35317 0.34352 ( 2)  2.581 +-  2.999
 373 Q   0.35485 0.32890 0.31625 ( 1)  2.411 +-  2.936
 374 R   0.29504 0.35516 0.34981 ( 2)  2.617 +-  3.015
 375 A   0.32545 0.34255 0.33200 ( 2)  2.509 +-  2.974
 376 E   0.32612 0.34233 0.33155 ( 2)  2.506 +-  2.973
 377 T   0.32892 0.34006 0.33101 ( 2)  2.502 +-  2.973
 378 L   0.31729 0.34682 0.33589 ( 2)  2.534 +-  2.982
 379 P   0.30673 0.35246 0.34081 ( 2)  2.565 +-  2.993
 380 F   0.29607 0.35661 0.34732 ( 2)  2.604 +-  3.008
 381 S   0.34106 0.33799 0.32095 ( 1)  2.444 +-  2.944
 382 P   0.32515 0.34201 0.33285 ( 2)  2.513 +-  2.977
 383 G   0.34046 0.33768 0.32185 ( 1)  2.449 +-  2.947
 384 L   0.31176 0.34928 0.33896 ( 2)  2.553 +-  2.990
 385 N   0.35485 0.32890 0.31625 ( 1)  2.411 +-  2.936
 386 L   0.38131 0.31612 0.30257 ( 1)  2.322 +-  2.902
 387 I   0.37785 0.32024 0.30191 ( 1)  2.325 +-  2.896
 388 N   0.33635 0.33696 0.32669 ( 2)  2.475 +-  2.962
 389 L   0.26676 0.36878 0.36447 ( 2)  2.708 +-  3.044
 390 V   0.30488 0.35034 0.34478 ( 2)  2.585 +-  3.005
 391 P   0.33064 0.34019 0.32917 ( 2)  2.491 +-  2.967
 392 C   0.66903 0.18393 0.14704 ( 1)  1.362 +-  2.231
 393 S   0.30301 0.35128 0.34571 ( 2)  2.591 +-  3.007
 394 V   0.29920 0.35443 0.34637 ( 2)  2.597 +-  3.006
 395 C   0.44508 0.29175 0.26317 ( 1)  2.089 +-  2.772
 396 H   0.33000 0.34050 0.32951 ( 2)  2.493 +-  2.968
 397 K   0.34208 0.33493 0.32299 ( 1)  2.453 +-  2.952
 398 M   0.30614 0.34997 0.34389 ( 2)  2.580 +-  3.003
 399 V   0.30067 0.35362 0.34571 ( 2)  2.593 +-  3.005
 400 R   0.39971 0.30681 0.29349 ( 1)  2.266 +-  2.876
 401 R   0.30444 0.35234 0.34322 ( 2)  2.579 +-  2.999
 402 Q   0.32823 0.34127 0.33050 ( 2)  2.500 +-  2.971
 403 C   0.27792 0.36436 0.35772 ( 2)  2.667 +-  3.030
 404 L   0.32437 0.34306 0.33258 ( 2)  2.513 +-  2.975
 405 A   0.33060 0.34042 0.32898 ( 2)  2.490 +-  2.967
 406 G   0.26570 0.36865 0.36565 ( 2)  2.714 +-  3.047
 407 H   0.35573 0.32837 0.31590 ( 1)  2.408 +-  2.936
 408 C   0.30106 0.35556 0.34338 ( 2)  2.581 +-  2.998
 409 A   0.35721 0.32650 0.31630 ( 1)  2.409 +-  2.938
 410 T   0.30166 0.35318 0.34516 ( 2)  2.590 +-  3.004
 411 Q   0.32602 0.34208 0.33190 ( 2)  2.508 +-  2.974
 412 H   0.35200 0.33023 0.31776 ( 1)  2.420 +-  2.940
 413 P   0.35228 0.32955 0.31816 ( 1)  2.422 +-  2.942
 414 E   0.34153 0.33516 0.32330 ( 1)  2.455 +-  2.953
 415 Q   0.36665 0.32303 0.31032 ( 1)  2.371 +-  2.922
 416 S   0.32044 0.34527 0.33429 ( 2)  2.524 +-  2.979
 417 D   0.35089 0.33075 0.31836 ( 1)  2.424 +-  2.941
 418 V   0.37299 0.32063 0.30638 ( 1)  2.350 +-  2.910
 419 P   0.33335 0.33919 0.32746 ( 2)  2.481 +-  2.963
 420 P   0.34006 0.33548 0.32446 ( 1)  2.461 +-  2.957
 421 A   0.34857 0.33182 0.31961 ( 1)  2.431 +-  2.945
 422 G   0.27279 0.36552 0.36169 ( 2)  2.690 +-  3.039
 423 P   0.35113 0.33087 0.31800 ( 1)  2.421 +-  2.940
 424 A   0.30828 0.35079 0.34093 ( 2)  2.565 +-  2.994
 425 I   0.28745 0.35907 0.35348 ( 2)  2.640 +-  3.022
 426 S   0.39226 0.31348 0.29426 ( 1)  2.279 +-  2.873
 427 V   0.32732 0.34177 0.33091 ( 2)  2.502 +-  2.971
 428 S   0.30179 0.35371 0.34450 ( 2)  2.587 +-  3.002
 429 K   0.32117 0.34617 0.33266 ( 2)  2.516 +-  2.974
 430 V   0.34096 0.33607 0.32297 ( 1)  2.454 +-  2.952
 431 E   0.40135 0.30747 0.29117 ( 1)  2.252 +-  2.869
 432 S   0.36105 0.32484 0.31411 ( 1)  2.396 +-  2.932
 433 S   0.28871 0.36050 0.35080 ( 2)  2.626 +-  3.014
 434 P   0.37371 0.31880 0.30749 ( 1)  2.352 +-  2.916
 435 S   0.28892 0.35853 0.35255 ( 2)  2.635 +-  3.020
 436 S   0.32422 0.34336 0.33242 ( 2)  2.512 +-  2.975
 437 R   0.33590 0.33781 0.32628 ( 2)  2.473 +-  2.961
 438 R   0.32584 0.33989 0.33427 ( 2)  2.519 +-  2.982
 439 K   0.29470 0.35663 0.34867 ( 2)  2.612 +-  3.011
 440 S   0.33867 0.33801 0.32333 ( 1)  2.457 +-  2.952
 441 E   0.33118 0.34011 0.32871 ( 2)  2.489 +-  2.966
 442 L   0.35153 0.32982 0.31864 ( 1)  2.425 +-  2.943
 443 M   0.36531 0.32516 0.30953 ( 1)  2.371 +-  2.917
 444 S   0.32235 0.34324 0.33441 ( 2)  2.523 +-  2.981
 445 A   0.34011 0.33619 0.32371 ( 1)  2.458 +-  2.954
 446 F   0.29133 0.35875 0.34992 ( 2)  2.620 +-  3.013
 447 D   0.27481 0.36387 0.36132 ( 2)  2.687 +-  3.039
 448 D   0.32389 0.34333 0.33278 ( 2)  2.514 +-  2.976
 449 D   0.35433 0.32941 0.31626 ( 1)  2.411 +-  2.936
 450 K   0.27792 0.36436 0.35772 ( 2)  2.667 +-  3.030
 451 Q   0.35573 0.32837 0.31590 ( 1)  2.408 +-  2.936
 452 A   0.30072 0.35360 0.34569 ( 2)  2.593 +-  3.005
 453 N   0.36531 0.32516 0.30953 ( 1)  2.371 +-  2.917
 454 P   0.31404 0.34845 0.33750 ( 2)  2.544 +-  2.986
 455 C   0.35002 0.33175 0.31823 ( 1)  2.425 +-  2.940
 456 P   0.34301 0.33374 0.32325 ( 1)  2.453 +-  2.954
 457 F   0.31076 0.34977 0.33946 ( 2)  2.556 +-  2.990
 458 C   0.35074 0.32848 0.32078 ( 1)  2.436 +-  2.950
 459 G   0.32593 0.34258 0.33148 ( 2)  2.506 +-  2.973
 460 E   0.35722 0.32842 0.31436 ( 1)  2.400 +-  2.931
 461 L   0.32707 0.34233 0.33060 ( 2)  2.501 +-  2.970
 462 I   0.33663 0.33776 0.32561 ( 2)  2.470 +-  2.959
 463 F   0.29267 0.35695 0.35038 ( 2)  2.622 +-  3.015
 464 S   0.36111 0.32642 0.31247 ( 1)  2.388 +-  2.926
 465 K   0.37042 0.32248 0.30710 ( 1)  2.355 +-  2.911
 466 G   0.30993 0.35012 0.33995 ( 2)  2.559 +-  2.992
 467 M   0.32874 0.34106 0.33020 ( 2)  2.498 +-  2.970

Positively selected sites

	Prob(w>1)  mean w


