Supplemental results for CODEML (seqf: algn  treef: tree)


dN/dS (w) for site classes (K=9)

p:   0.09152  0.09152  0.09152  0.09152  0.09152  0.09152  0.09152  0.09152  0.26785
w:   0.16634  0.18765  0.20145  0.21331  0.22488  0.23737  0.25279  0.27871  3.76859

Naive Empirical Bayes (NEB) probabilities for 9 classes & postmean_w & P(w>1)
(amino acids refer to 1st sequence: Mlig.12571)

   1 M   0.06739 0.07763 0.08385 0.08893 0.09366 0.09854 0.10425 0.11311 0.27263 ( 9)  1.191  0.273
   2 A   0.10000 0.11198 0.11784 0.12184 0.12491 0.12745 0.12963 0.13144 0.03491 ( 8)  0.347  0.035
   3 I   0.00120 0.00163 0.00195 0.00224 0.00254 0.00288 0.00332 0.00413 0.98012 ( 9)  3.698  0.980
   4 P   0.00012 0.00018 0.00023 0.00028 0.00034 0.00040 0.00049 0.00067 0.99729 ( 9)  3.759  0.997
   5 Q   0.11650 0.11971 0.12054 0.12072 0.12055 0.12010 0.11928 0.11751 0.04510 ( 4)  0.380  0.045
   6 A   0.11201 0.11743 0.11963 0.12089 0.12167 0.12213 0.12225 0.12165 0.04233 ( 7)  0.371  0.042
   7 E   0.11232 0.11847 0.12101 0.12249 0.12343 0.12398 0.12413 0.12339 0.03078 ( 7)  0.330  0.031
   8 A   0.05658 0.06366 0.06800 0.07160 0.07500 0.07858 0.08285 0.08973 0.41400 ( 9)  1.692  0.414
   9 Q   0.14333 0.13257 0.12681 0.12251 0.11881 0.11530 0.11153 0.10627 0.02287 ( 1)  0.298  0.023
  10 P   0.13262 0.12640 0.12296 0.12036 0.11811 0.11596 0.11363 0.11034 0.03962 ( 1)  0.359  0.040
  11 I   0.06179 0.07255 0.07888 0.08396 0.08862 0.09335 0.09880 0.10716 0.31489 ( 9)  1.341  0.315
  12 G   0.12457 0.12453 0.12387 0.12305 0.12209 0.12093 0.11939 0.11663 0.02493 ( 1)  0.308  0.025
  13 F   0.10663 0.11324 0.11607 0.11779 0.11897 0.11979 0.12031 0.12028 0.06693 ( 7)  0.459  0.067
  14 L   0.11303 0.11720 0.11889 0.11985 0.12046 0.12081 0.12089 0.12041 0.04845 ( 7)  0.393  0.048
  15 D   0.10240 0.11354 0.11887 0.12243 0.12510 0.12722 0.12891 0.12995 0.03159 ( 8)  0.335  0.032
  16 E   0.07624 0.08061 0.08341 0.08582 0.08816 0.09068 0.09377 0.09889 0.30242 ( 9)  1.295  0.302
  17 E   0.11724 0.12115 0.12237 0.12281 0.12282 0.12247 0.12164 0.11959 0.02992 ( 5)  0.327  0.030
  18 I   0.05917 0.06903 0.07495 0.07977 0.08426 0.08887 0.09425 0.10261 0.34710 ( 9)  1.455  0.347
  19 A   0.11947 0.12259 0.12328 0.12330 0.12296 0.12228 0.12115 0.11878 0.02619 ( 4)  0.313  0.026
  20 E   0.13913 0.12799 0.12238 0.11831 0.11487 0.11163 0.10817 0.10338 0.05415 ( 1)  0.410  0.054
  21 F   0.12441 0.12515 0.12461 0.12373 0.12263 0.12125 0.11938 0.11606 0.02277 ( 2)  0.300  0.023
  22 R   0.10659 0.11002 0.11096 0.11123 0.11116 0.11081 0.11014 0.10871 0.12038 ( 9)  0.648  0.120
  23 S   0.10346 0.11510 0.12041 0.12380 0.12622 0.12803 0.12932 0.12977 0.02389 ( 8)  0.307  0.024
  24 N   0.14708 0.13467 0.12812 0.12326 0.11908 0.11509 0.11076 0.10464 0.01730 ( 1)  0.278  0.017
  25 R   0.10060 0.11045 0.11514 0.11830 0.12073 0.12273 0.12449 0.12607 0.06149 ( 8)  0.440  0.061
  26 D   0.12398 0.12495 0.12461 0.12390 0.12292 0.12163 0.11981 0.11638 0.02183 ( 2)  0.297  0.022
  27 L   0.16912 0.14203 0.12904 0.12001 0.11270 0.10614 0.09956 0.09125 0.03015 ( 1)  0.321  0.030
  28 I   0.10894 0.11670 0.12020 0.12243 0.12404 0.12523 0.12606 0.12623 0.03017 ( 8)  0.329  0.030
  29 K   0.11321 0.11783 0.11968 0.12072 0.12135 0.12167 0.12168 0.12100 0.04285 ( 7)  0.373  0.043
  30 E   0.10547 0.11538 0.11993 0.12285 0.12495 0.12652 0.12764 0.12798 0.02929 ( 8)  0.326  0.029
  31 H   0.12703 0.12633 0.12516 0.12390 0.12254 0.12097 0.11898 0.11557 0.01952 ( 1)  0.289  0.020
  32 L   0.10801 0.11490 0.11789 0.11975 0.12104 0.12196 0.12256 0.12261 0.05128 ( 8)  0.403  0.051
  33 D   0.17974 0.14579 0.13078 0.12074 0.11280 0.10578 0.09877 0.08987 0.01574 ( 1)  0.269  0.016
  34 T   0.12386 0.11769 0.11463 0.11248 0.11073 0.10916 0.10759 0.10558 0.09827 ( 1)  0.568  0.098
  35 A   0.12659 0.12121 0.11785 0.11515 0.11269 0.11026 0.10755 0.10369 0.08501 ( 1)  0.520  0.085
  36 L   0.15305 0.13666 0.12775 0.12110 0.11542 0.11007 0.10443 0.09691 0.03461 ( 1)  0.339  0.035
  37 S   0.07619 0.09046 0.09839 0.10437 0.10951 0.11433 0.11932 0.12571 0.16173 ( 9)  0.798  0.162
  38 P   0.10869 0.11536 0.11845 0.12049 0.12201 0.12322 0.12419 0.12482 0.04276 ( 8)  0.373  0.043
  39 E   0.15589 0.13607 0.12689 0.12058 0.11550 0.11093 0.10629 0.10026 0.02760 ( 1)  0.314  0.028
  40 F   0.11291 0.11982 0.12254 0.12403 0.12490 0.12532 0.12527 0.12418 0.02102 ( 6)  0.296  0.021
  41 S   0.11867 0.11770 0.11644 0.11516 0.11382 0.11234 0.11053 0.10763 0.08770 ( 1)  0.531  0.088
  42 A   0.03661 0.04208 0.04543 0.04819 0.05081 0.05356 0.05686 0.06222 0.60424 ( 9)  2.366  0.604
  43 K   0.14398 0.13186 0.12561 0.12105 0.11719 0.11358 0.10976 0.10456 0.03242 ( 1)  0.332  0.032
  44 L   0.16357 0.13860 0.12693 0.11893 0.11255 0.10688 0.10126 0.09425 0.03703 ( 1)  0.346  0.037
  45 K   0.00381 0.00508 0.00598 0.00680 0.00764 0.00858 0.00979 0.01195 0.94038 ( 9)  3.558  0.940
  46 E   0.10701 0.11513 0.11898 0.12157 0.12354 0.12513 0.12645 0.12739 0.03482 ( 8)  0.345  0.035
  47 S   0.10611 0.11379 0.11683 0.11853 0.11954 0.12008 0.12017 0.11938 0.06557 ( 7)  0.454  0.066
  48 L   0.12967 0.12160 0.11738 0.11432 0.11177 0.10943 0.10704 0.10394 0.08486 ( 1)  0.519  0.085
  49 K   0.11232 0.11716 0.11920 0.12044 0.12127 0.12184 0.12217 0.12202 0.04357 ( 7)  0.376  0.044
  50 F   0.11439 0.11691 0.11748 0.11755 0.11735 0.11694 0.11624 0.11481 0.06834 ( 4)  0.463  0.068
  51 E   0.09720 0.10896 0.11512 0.11960 0.12331 0.12667 0.13001 0.13393 0.04521 ( 8)  0.384  0.045
  52 P   0.00449 0.00654 0.00803 0.00939 0.01078 0.01235 0.01436 0.01789 0.91617 ( 9)  3.472  0.916
  53 V   0.13293 0.12812 0.12483 0.12200 0.11931 0.11649 0.11319 0.10812 0.03500 ( 1)  0.342  0.035
  54 R   0.13652 0.12810 0.12301 0.11901 0.11547 0.11202 0.10829 0.10314 0.05443 ( 1)  0.411  0.054
  55 Q   0.12068 0.12121 0.12100 0.12060 0.12007 0.11938 0.11842 0.11664 0.04198 ( 2)  0.369  0.042
  56 K   0.13156 0.12813 0.12557 0.12332 0.12114 0.11885 0.11613 0.11188 0.02343 ( 1)  0.302  0.023
  57 V   0.13716 0.12922 0.12448 0.12073 0.11737 0.11404 0.11035 0.10504 0.04160 ( 1)  0.365  0.042
  58 N   0.11235 0.11948 0.12227 0.12376 0.12456 0.12485 0.12457 0.12295 0.02521 ( 6)  0.311  0.025
  59 Q   0.11571 0.11952 0.12111 0.12205 0.12264 0.12298 0.12304 0.12244 0.03051 ( 7)  0.329  0.031
  60 L   0.14251 0.13045 0.12434 0.11994 0.11625 0.11283 0.10926 0.10448 0.03994 ( 1)  0.359  0.040
  61 Y   0.11377 0.11947 0.12170 0.12291 0.12360 0.12390 0.12378 0.12271 0.02817 ( 6)  0.321  0.028
  62 R   0.14369 0.13327 0.12734 0.12280 0.11885 0.11505 0.11095 0.10528 0.02279 ( 1)  0.298  0.023
  63 G   0.12621 0.12511 0.12382 0.12254 0.12120 0.11971 0.11785 0.11478 0.02877 ( 1)  0.321  0.029
  64 N   0.12982 0.12777 0.12582 0.12395 0.12204 0.11992 0.11730 0.11298 0.02040 ( 1)  0.291  0.020
  65 Q   0.14510 0.13276 0.12654 0.12204 0.11825 0.11470 0.11093 0.10574 0.02393 ( 1)  0.302  0.024
  66 T   0.10041 0.11119 0.11644 0.12004 0.12284 0.12519 0.12728 0.12923 0.04738 ( 8)  0.391  0.047
  67 G   0.10076 0.10749 0.11091 0.11336 0.11536 0.11714 0.11888 0.12087 0.09523 ( 8)  0.560  0.095
  68 S   0.09788 0.11065 0.11690 0.12116 0.12447 0.12724 0.12970 0.13197 0.04002 ( 8)  0.365  0.040
  69 S   0.08589 0.10138 0.10957 0.11551 0.12040 0.12478 0.12905 0.13394 0.07947 ( 8)  0.506  0.079
  70 D   0.12536 0.12467 0.12387 0.12304 0.12213 0.12104 0.11959 0.11692 0.02338 ( 1)  0.303  0.023
  71 S   0.15144 0.13683 0.12907 0.12332 0.11843 0.11382 0.10894 0.10229 0.01585 ( 1)  0.273  0.016
  72 S   0.17021 0.14285 0.13030 0.12174 0.11491 0.10882 0.10271 0.09492 0.01354 ( 1)  0.262  0.014
  73 K   0.13404 0.12870 0.12549 0.12292 0.12056 0.11817 0.11541 0.11121 0.02350 ( 1)  0.302  0.024
  74 P   0.11519 0.11789 0.11896 0.11957 0.11993 0.12012 0.12010 0.11959 0.04865 ( 6)  0.393  0.049
  75 C   0.12306 0.12371 0.12331 0.12265 0.12183 0.12080 0.11943 0.11698 0.02824 ( 2)  0.320  0.028
  76 I   0.16380 0.14077 0.12973 0.12202 0.11574 0.11004 0.10424 0.09668 0.01699 ( 1)  0.275  0.017
  77 I   0.14425 0.13313 0.12722 0.12282 0.11903 0.11542 0.11151 0.10599 0.02063 ( 1)  0.290  0.021
  78 I   0.10796 0.11382 0.11630 0.11781 0.11883 0.11954 0.11998 0.11993 0.06585 ( 7)  0.455  0.066
  79 V   0.10983 0.11197 0.11273 0.11312 0.11336 0.11350 0.11353 0.11337 0.09859 ( 7)  0.570  0.099
  80 G   0.09991 0.10701 0.11045 0.11283 0.11473 0.11640 0.11801 0.11985 0.10081 ( 8)  0.580  0.101
  81 Q   0.11824 0.12181 0.12271 0.12289 0.12267 0.12211 0.12110 0.11891 0.02955 ( 4)  0.325  0.030
  82 T   0.14451 0.13236 0.12628 0.12190 0.11824 0.11482 0.11121 0.10628 0.02439 ( 1)  0.304  0.024
  83 K   0.12026 0.12305 0.12367 0.12366 0.12330 0.12261 0.12145 0.11899 0.02300 ( 3)  0.302  0.023
  84 S   0.08889 0.10159 0.10852 0.11372 0.11815 0.12229 0.12655 0.13193 0.08837 ( 8)  0.537  0.088
  85 G   0.06645 0.07467 0.07949 0.08341 0.08706 0.09084 0.09532 0.10246 0.32030 ( 9)  1.360  0.320
  86 K   0.13131 0.12799 0.12551 0.12334 0.12123 0.11900 0.11635 0.11217 0.02311 ( 1)  0.301  0.023
  87 S   0.14043 0.13155 0.12679 0.12319 0.12007 0.11703 0.11371 0.10890 0.01833 ( 1)  0.283  0.018
  88 S   0.17791 0.14655 0.13142 0.12087 0.11233 0.10467 0.09698 0.08732 0.02195 ( 1)  0.291  0.022
  89 F   0.12885 0.12751 0.12577 0.12401 0.12217 0.12014 0.11766 0.11365 0.02023 ( 1)  0.291  0.020
  90 I   0.15131 0.13547 0.12765 0.12207 0.11744 0.11314 0.10864 0.10255 0.02172 ( 1)  0.294  0.022
  91 N   0.10525 0.11339 0.11726 0.11987 0.12186 0.12349 0.12487 0.12601 0.04800 ( 8)  0.392  0.048
  92 E   0.12992 0.12598 0.12346 0.12139 0.11948 0.11753 0.11529 0.11190 0.03506 ( 1)  0.343  0.035
  93 L   0.14613 0.12822 0.11973 0.11389 0.10920 0.10502 0.10087 0.09571 0.08123 ( 1)  0.505  0.081
  94 L   0.12442 0.12252 0.12090 0.11945 0.11806 0.11662 0.11496 0.11243 0.05065 ( 1)  0.399  0.051
  95 G   0.10088 0.11283 0.11858 0.12244 0.12536 0.12772 0.12968 0.13115 0.03137 ( 8)  0.334  0.031
  96 G   0.14456 0.13260 0.12655 0.12217 0.11849 0.11503 0.11136 0.10628 0.02296 ( 1)  0.299  0.023
  97 T   0.13775 0.13038 0.12614 0.12283 0.11990 0.11703 0.11386 0.10927 0.02283 ( 1)  0.299  0.023
  98 A   0.11023 0.11730 0.12043 0.12240 0.12377 0.12474 0.12536 0.12528 0.03048 ( 7)  0.330  0.030
  99 Q   0.10221 0.11386 0.11929 0.12284 0.12544 0.12746 0.12902 0.12990 0.02997 ( 8)  0.329  0.030
 100 S   0.12373 0.12151 0.11987 0.11843 0.11706 0.11564 0.11397 0.11144 0.05835 ( 1)  0.426  0.058
 101 Q   0.11756 0.12070 0.12175 0.12222 0.12237 0.12228 0.12187 0.12065 0.03059 ( 5)  0.329  0.031
 102 S   0.24703 0.17461 0.14097 0.11834 0.10068 0.08549 0.07104 0.05429 0.00755 ( 1)  0.232  0.008
 103 P   0.09825 0.11015 0.11602 0.12005 0.12322 0.12590 0.12833 0.13069 0.04738 ( 8)  0.391  0.047
 104 C   0.08690 0.10432 0.11366 0.12047 0.12608 0.13109 0.13594 0.14135 0.04019 ( 8)  0.367  0.040
 105 T   0.10422 0.11418 0.11888 0.12200 0.12434 0.12620 0.12769 0.12869 0.03381 ( 8)  0.342  0.034
 106 A   0.10926 0.11666 0.11993 0.12198 0.12340 0.12442 0.12505 0.12496 0.03433 ( 7)  0.343  0.034
 107 V   0.10094 0.11215 0.11759 0.12126 0.12406 0.12634 0.12826 0.12972 0.03968 ( 8)  0.363  0.040
 108 T   0.13388 0.12859 0.12534 0.12273 0.12035 0.11796 0.11525 0.11122 0.02468 ( 1)  0.306  0.025
 109 R   0.09520 0.10667 0.11253 0.11668 0.12003 0.12297 0.12576 0.12881 0.07136 ( 8)  0.476  0.071
 110 L   0.12251 0.12304 0.12267 0.12207 0.12131 0.12035 0.11903 0.11662 0.03240 ( 2)  0.335  0.032
 111 T   0.10718 0.11587 0.11990 0.12254 0.12448 0.12598 0.12713 0.12771 0.02921 ( 8)  0.326  0.029
 112 Y   0.13292 0.12843 0.12550 0.12308 0.12082 0.11851 0.11584 0.11178 0.02313 ( 1)  0.301  0.023
 113 S   0.15188 0.13998 0.13182 0.12495 0.11856 0.11210 0.10484 0.09448 0.02139 ( 1)  0.291  0.021
 114 D   0.10113 0.11319 0.11896 0.12278 0.12563 0.12788 0.12963 0.13063 0.03018 ( 8)  0.330  0.030
 115 R   0.09828 0.10486 0.10790 0.10991 0.11142 0.11266 0.11373 0.11470 0.12654 ( 9)  0.671  0.127
 116 I   0.11297 0.11954 0.12207 0.12344 0.12418 0.12448 0.12428 0.12293 0.02611 ( 6)  0.314  0.026
 117 Y   0.14942 0.13531 0.12795 0.12256 0.11803 0.11380 0.10937 0.10342 0.02014 ( 1)  0.288  0.020
 118 V   0.10665 0.11436 0.11786 0.12011 0.12174 0.12298 0.12390 0.12430 0.04809 ( 8)  0.392  0.048
 119 L   0.12603 0.12421 0.12299 0.12194 0.12093 0.11982 0.11846 0.11616 0.02946 ( 1)  0.324  0.029
 120 V   0.10359 0.11302 0.11737 0.12022 0.12232 0.12397 0.12527 0.12608 0.04816 ( 8)  0.393  0.048
 121 R   0.09925 0.10538 0.10820 0.11006 0.11147 0.11263 0.11365 0.11458 0.12478 ( 9)  0.664  0.125
 122 S   0.12968 0.12656 0.12416 0.12203 0.11998 0.11782 0.11528 0.11138 0.03311 ( 1)  0.336  0.033
 123 K   0.09601 0.10935 0.11625 0.12117 0.12515 0.12864 0.13191 0.13532 0.03619 ( 8)  0.352  0.036
 124 T   0.15746 0.13714 0.12764 0.12109 0.11583 0.11111 0.10635 0.10021 0.02318 ( 1)  0.298  0.023
 125 G   0.13248 0.12792 0.12503 0.12269 0.12055 0.11839 0.11593 0.11222 0.02479 ( 1)  0.307  0.025
 126 E   0.11984 0.12308 0.12371 0.12362 0.12313 0.12227 0.12087 0.11805 0.02544 ( 3)  0.310  0.025
 127 Q   0.10006 0.11239 0.11827 0.12219 0.12514 0.12750 0.12944 0.13086 0.03416 ( 8)  0.344  0.034
 128 I   0.12394 0.12475 0.12440 0.12375 0.12287 0.12174 0.12015 0.11720 0.02121 ( 2)  0.295  0.021
 129 G   0.11180 0.11357 0.11406 0.11421 0.11418 0.11403 0.11370 0.11293 0.09153 ( 4)  0.545  0.092
 130 D   0.15892 0.13816 0.12855 0.12190 0.11648 0.11155 0.10646 0.09962 0.01836 ( 1)  0.281  0.018
 131 S   0.00414 0.00472 0.00513 0.00550 0.00588 0.00632 0.00689 0.00794 0.95347 ( 9)  3.604  0.953
 132 Q   0.10090 0.11290 0.11855 0.12228 0.12505 0.12723 0.12897 0.13011 0.03402 ( 8)  0.343  0.034
 133 S   0.06011 0.06771 0.07232 0.07612 0.07969 0.08343 0.08790 0.09506 0.37765 ( 9)  1.563  0.378
 134 P   0.07610 0.07284 0.07158 0.07097 0.07074 0.07083 0.07135 0.07303 0.42255 ( 9)  1.719  0.423
 135 C   0.00071 0.00094 0.00111 0.00127 0.00144 0.00163 0.00189 0.00238 0.98862 ( 9)  3.728  0.989
 136 T   0.02550 0.03014 0.03305 0.03550 0.03785 0.04036 0.04344 0.04856 0.70560 ( 9)  2.726  0.706
 137 A   0.06149 0.06364 0.06520 0.06666 0.06817 0.06989 0.07213 0.07611 0.45670 ( 9)  1.842  0.457
 138 R   0.00984 0.01081 0.01142 0.01195 0.01247 0.01305 0.01378 0.01506 0.90163 ( 9)  3.420  0.902
 139 V   0.07763 0.08201 0.08489 0.08741 0.08989 0.09260 0.09596 0.10160 0.28801 ( 9)  1.244  0.288
 140 T   0.00176 0.00227 0.00262 0.00295 0.00329 0.00368 0.00419 0.00513 0.97411 ( 9)  3.677  0.974
 141 R   0.00538 0.00694 0.00805 0.00904 0.01006 0.01121 0.01269 0.01533 0.92130 ( 9)  3.490  0.921
 142 L   0.00548 0.00782 0.00951 0.01105 0.01262 0.01439 0.01665 0.02064 0.90184 ( 9)  3.422  0.902
 143 T   0.00355 0.00521 0.00641 0.00751 0.00864 0.00990 0.01153 0.01440 0.93285 ( 9)  3.531  0.933
 144 Y   0.00677 0.00874 0.01011 0.01134 0.01258 0.01397 0.01575 0.01888 0.90186 ( 9)  3.421  0.902
 145 S   0.00101 0.00123 0.00138 0.00152 0.00167 0.00184 0.00208 0.00251 0.98676 ( 9)  3.722  0.987
 146 D   0.00194 0.00246 0.00283 0.00316 0.00351 0.00390 0.00441 0.00534 0.97247 ( 9)  3.671  0.972
 147 R   0.00998 0.01176 0.01289 0.01386 0.01479 0.01580 0.01705 0.01916 0.88471 ( 9)  3.360  0.885
 148 I   0.00936 0.01224 0.01425 0.01605 0.01787 0.01991 0.02251 0.02709 0.86071 ( 9)  3.276  0.861
 149 Y   0.00051 0.00072 0.00088 0.00104 0.00120 0.00139 0.00165 0.00215 0.99046 ( 9)  3.735  0.990
 150 V   0.05835 0.05858 0.05925 0.06008 0.06110 0.06239 0.06422 0.06774 0.50829 ( 9)  2.025  0.508
 151 L   0.06688 0.07115 0.07389 0.07625 0.07857 0.08109 0.08422 0.08952 0.37844 ( 9)  1.565  0.378
 152 V   0.09050 0.08728 0.08647 0.08637 0.08668 0.08737 0.08862 0.09143 0.29528 ( 9)  1.268  0.295
 153 R   0.00063 0.00087 0.00105 0.00121 0.00138 0.00157 0.00181 0.00226 0.98923 ( 9)  3.730  0.989
 154 S   0.00001 0.00001 0.00002 0.00002 0.00003 0.00003 0.00004 0.00006 0.99977 ( 9)  3.768  1.000
 155 K   0.07254 0.07988 0.08449 0.08838 0.09209 0.09601 0.10074 0.10835 0.27752 ( 9)  1.208  0.278
 156 T   0.00461 0.00620 0.00731 0.00831 0.00932 0.01045 0.01190 0.01446 0.92744 ( 9)  3.512  0.927
 157 G   0.00037 0.00053 0.00065 0.00076 0.00088 0.00102 0.00121 0.00158 0.99300 ( 9)  3.744  0.993
 158 E   0.00117 0.00152 0.00178 0.00202 0.00228 0.00257 0.00297 0.00372 0.98197 ( 9)  3.705  0.982
 159 Q   0.01326 0.01263 0.01227 0.01201 0.01181 0.01166 0.01157 0.01165 0.90316 ( 9)  3.425  0.903
 160 I   0.03460 0.04107 0.04507 0.04840 0.05155 0.05485 0.05878 0.06505 0.60063 ( 9)  2.354  0.601
 161 G   0.02559 0.03427 0.03991 0.04470 0.04927 0.05406 0.05976 0.06873 0.62372 ( 9)  2.437  0.624
 162 D   0.09279 0.09670 0.09911 0.10115 0.10314 0.10528 0.10792 0.11236 0.18156 ( 9)  0.866  0.182
 163 V   0.06189 0.07115 0.07663 0.08106 0.08517 0.08940 0.09436 0.10215 0.33816 ( 9)  1.423  0.338
 164 Q   0.00080 0.00115 0.00141 0.00166 0.00192 0.00222 0.00263 0.00338 0.98484 ( 9)  3.715  0.985
 165 Y   0.00664 0.00852 0.00981 0.01097 0.01215 0.01346 0.01514 0.01811 0.90520 ( 9)  3.433  0.905
 166 L   0.00139 0.00173 0.00197 0.00220 0.00244 0.00272 0.00309 0.00378 0.98068 ( 9)  3.700  0.981
 167 E   0.00043 0.00064 0.00080 0.00095 0.00111 0.00130 0.00156 0.00204 0.99118 ( 9)  3.737  0.991
 168 K   0.05090 0.06358 0.07164 0.07841 0.08484 0.09157 0.09955 0.11209 0.34741 ( 9)  1.458  0.347
 169 P   0.00177 0.00245 0.00293 0.00337 0.00381 0.00431 0.00495 0.00610 0.97031 ( 9)  3.664  0.970
 170 T   0.00292 0.00333 0.00360 0.00385 0.00410 0.00439 0.00477 0.00546 0.96759 ( 9)  3.654  0.968
 171 I   0.00261 0.00332 0.00380 0.00423 0.00466 0.00513 0.00573 0.00679 0.96373 ( 9)  3.640  0.964
 172 E   0.01172 0.01539 0.01788 0.02010 0.02231 0.02476 0.02785 0.03323 0.82676 ( 9)  3.156  0.827
 173 E   0.03016 0.03339 0.03545 0.03723 0.03899 0.04091 0.04333 0.04753 0.69300 ( 9)  2.681  0.693
 174 D   0.00701 0.00954 0.01132 0.01292 0.01454 0.01635 0.01867 0.02275 0.88690 ( 9)  3.369  0.887
 175 L   0.00633 0.00860 0.01020 0.01164 0.01311 0.01474 0.01684 0.02052 0.89802 ( 9)  3.408  0.898
 176 V   0.05100 0.06432 0.07261 0.07944 0.08582 0.09238 0.10000 0.11168 0.34275 ( 9)  1.441  0.343
 177 K   0.01756 0.01981 0.02140 0.02286 0.02436 0.02606 0.02829 0.03232 0.80733 ( 9)  3.086  0.807
 178 L   0.00399 0.00432 0.00459 0.00486 0.00515 0.00549 0.00596 0.00686 0.95879 ( 9)  3.623  0.959
 179 K   0.00182 0.00261 0.00319 0.00372 0.00427 0.00490 0.00572 0.00720 0.96656 ( 9)  3.650  0.967
 180 D   0.00265 0.00298 0.00318 0.00336 0.00354 0.00374 0.00400 0.00450 0.97205 ( 9)  3.670  0.972
 181 E   0.04462 0.04913 0.05192 0.05427 0.05653 0.05894 0.06187 0.06672 0.55600 ( 9)  2.195  0.556
 182 D   0.00135 0.00191 0.00232 0.00269 0.00307 0.00351 0.00408 0.00510 0.97597 ( 9)  3.684  0.976
 183 R   0.00803 0.00994 0.01127 0.01248 0.01371 0.01510 0.01690 0.02013 0.89245 ( 9)  3.388  0.892
 184 E   0.10313 0.11406 0.11918 0.12255 0.12503 0.12695 0.12841 0.12916 0.03153 ( 8)  0.334  0.032
 185 N   0.12084 0.12085 0.12033 0.11968 0.11890 0.11794 0.11664 0.11426 0.05058 ( 2)  0.399  0.051
 186 D   0.00023 0.00037 0.00048 0.00059 0.00071 0.00085 0.00104 0.00140 0.99434 ( 9)  3.749  0.994
 187 E   0.00134 0.00154 0.00167 0.00180 0.00192 0.00207 0.00226 0.00262 0.98478 ( 9)  3.715  0.985
 188 L   0.11819 0.11930 0.11927 0.11895 0.11848 0.11784 0.11692 0.11521 0.05585 ( 2)  0.418  0.056
 189 I   0.00738 0.01043 0.01259 0.01454 0.01652 0.01873 0.02154 0.02644 0.87183 ( 9)  3.315  0.872

Positively selected sites

	Prob(w>1)  mean w

     3 I      0.980*        3.698
     4 P      0.997**       3.759
    42 A      0.604         2.366
    45 K      0.940         3.558
    52 P      0.916         3.472
   131 S      0.953*        3.604
   135 C      0.989*        3.728
   136 T      0.706         2.726
   138 R      0.902         3.420
   140 T      0.974*        3.677
   141 R      0.921         3.490
   142 L      0.902         3.422
   143 T      0.933         3.531
   144 Y      0.902         3.421
   145 S      0.987*        3.722
   146 D      0.972*        3.671
   147 R      0.885         3.360
   148 I      0.861         3.276
   149 Y      0.990**       3.735
   150 V      0.508         2.025
   153 R      0.989*        3.730
   154 S      1.000**       3.768
   156 T      0.927         3.512
   157 G      0.993**       3.744
   158 E      0.982*        3.705
   159 Q      0.903         3.425
   160 I      0.601         2.354
   161 G      0.624         2.437
   164 Q      0.985*        3.715
   165 Y      0.905         3.433
   166 L      0.981*        3.700
   167 E      0.991**       3.737
   169 P      0.970*        3.664
   170 T      0.968*        3.654
   171 I      0.964*        3.640
   172 E      0.827         3.156
   173 E      0.693         2.681
   174 D      0.887         3.369
   175 L      0.898         3.408
   177 K      0.807         3.086
   178 L      0.959*        3.623
   179 K      0.967*        3.650
   180 D      0.972*        3.670
   181 E      0.556         2.195
   182 D      0.976*        3.684
   183 R      0.892         3.388
   186 D      0.994**       3.749
   187 E      0.985*        3.715
   189 I      0.872         3.315


lnL = -4397.482678

Bayes Empirical Bayes (BEB) probabilities for 11 classes (class) & postmean_w
(amino acids refer to 1st sequence: Mlig.12571)

   1 M   0.00224 0.03759 0.07760 0.10764 0.12611 0.13317 0.12918 0.11438 0.08833 0.04653 0.13722 (11)  1.146 +-  1.530
   2 A   0.00241 0.08651 0.14989 0.16117 0.15178 0.13416 0.11241 0.08803 0.06128 0.02971 0.02265 ( 4)  0.574 +-  0.671
   3 I   0.00001 0.00063 0.00267 0.00598 0.01022 0.01482 0.01890 0.02132 0.02049 0.01325 0.89171 (11)  4.622 +-  1.694
   4 P   0.00000 0.00006 0.00044 0.00134 0.00283 0.00480 0.00695 0.00874 0.00924 0.00654 0.95906 (11)  4.910 +-  1.341
   5 Q   0.00897 0.11530 0.14593 0.14706 0.13924 0.12592 0.10836 0.08718 0.06230 0.03096 0.02877 ( 4)  0.588 +-  0.740
   6 A   0.00840 0.10711 0.14664 0.15132 0.14299 0.12808 0.10895 0.08664 0.06123 0.03011 0.02852 ( 4)  0.590 +-  0.748
   7 E   0.00736 0.11100 0.15489 0.15820 0.14631 0.12780 0.10596 0.08219 0.05673 0.02733 0.02224 ( 4)  0.556 +-  0.674
   8 A   0.00260 0.03370 0.06437 0.08999 0.10850 0.11844 0.11883 0.10877 0.08677 0.04716 0.22086 (11)  1.521 +-  1.855
   9 Q   0.08575 0.16455 0.14331 0.13240 0.12080 0.10620 0.08902 0.06983 0.04872 0.02370 0.01572 ( 2)  0.471 +-  0.588
  10 P   0.04824 0.14178 0.13902 0.13604 0.12846 0.11600 0.09961 0.07994 0.05698 0.02826 0.02567 ( 2)  0.546 +-  0.715
  11 I   0.00069 0.03410 0.07471 0.10335 0.12110 0.12828 0.12500 0.11127 0.08642 0.04580 0.16927 (11)  1.294 +-  1.683
  12 G   0.02732 0.13285 0.15279 0.14965 0.13774 0.12094 0.10105 0.07899 0.05491 0.02661 0.01717 ( 3)  0.516 +-  0.600
  13 F   0.00627 0.09678 0.13873 0.14556 0.14025 0.12855 0.11207 0.09134 0.06610 0.03323 0.04112 ( 4)  0.653 +-  0.868
  14 L   0.01172 0.10738 0.14216 0.14775 0.14110 0.12767 0.10966 0.08801 0.06273 0.03110 0.03073 ( 4)  0.600 +-  0.767
  15 D   0.00293 0.09474 0.15802 0.16622 0.15268 0.13131 0.10704 0.08169 0.05555 0.02641 0.02341 ( 4)  0.566 +-  0.691
  16 E   0.01092 0.05081 0.07690 0.09933 0.11467 0.12113 0.11808 0.10527 0.08194 0.04358 0.17737 (11)  1.315 +-  1.725
  17 E   0.01127 0.12229 0.15752 0.15590 0.14248 0.12390 0.10257 0.07952 0.05489 0.02646 0.02318 ( 3)  0.552 +-  0.693
  18 I   0.00103 0.03265 0.07052 0.09894 0.11697 0.12458 0.12187 0.10884 0.08480 0.04509 0.19472 (11)  1.414 +-  1.795
  19 A   0.00920 0.12499 0.15670 0.15451 0.14220 0.12474 0.10411 0.08130 0.05646 0.02734 0.01846 ( 3)  0.533 +-  0.616
  20 E   0.16684 0.14253 0.12297 0.11498 0.10598 0.09432 0.08024 0.06402 0.04551 0.02257 0.04005 ( 1)  0.553 +-  0.925
  21 F   0.01563 0.13588 0.15823 0.15226 0.13878 0.12134 0.10120 0.07904 0.05491 0.02660 0.01613 ( 3)  0.515 +-  0.582
  22 R   0.00730 0.10066 0.12926 0.13187 0.12814 0.11973 0.10668 0.08891 0.06580 0.03382 0.08781 ( 4)  0.860 +-  1.262
  23 S   0.00185 0.09389 0.15699 0.16363 0.15188 0.13292 0.11034 0.08560 0.05903 0.02836 0.01550 ( 4)  0.536 +-  0.565
  24 N   0.09225 0.18087 0.15120 0.13500 0.11885 0.10103 0.08208 0.06256 0.04251 0.02022 0.01345 ( 2)  0.444 +-  0.558
  25 R   0.00295 0.08532 0.13832 0.15003 0.14546 0.13293 0.11515 0.09316 0.06690 0.03338 0.03641 ( 4)  0.640 +-  0.819
  26 D   0.02304 0.14019 0.16443 0.15665 0.13926 0.11819 0.09567 0.07266 0.04922 0.02335 0.01733 ( 3)  0.508 +-  0.609
  27 L   0.27378 0.17791 0.10874 0.09186 0.08350 0.07486 0.06436 0.05182 0.03709 0.01848 0.01760 ( 1)  0.390 +-  0.634
  28 I   0.00567 0.10357 0.15338 0.15985 0.14880 0.13020 0.10798 0.08372 0.05773 0.02777 0.02133 ( 4)  0.557 +-  0.661
  29 K   0.01290 0.10820 0.14460 0.14920 0.14160 0.12752 0.10909 0.08721 0.06194 0.03060 0.02715 ( 4)  0.582 +-  0.725
  30 E   0.00338 0.09872 0.15653 0.16277 0.15039 0.13091 0.10817 0.08363 0.05755 0.02763 0.02033 ( 4)  0.554 +-  0.642
  31 H   0.01643 0.14343 0.16111 0.15465 0.13964 0.12016 0.09838 0.07542 0.05147 0.02455 0.01477 ( 3)  0.502 +-  0.566
  32 L   0.00599 0.09911 0.14305 0.14996 0.14325 0.12964 0.11142 0.08948 0.06384 0.03167 0.03258 ( 4)  0.614 +-  0.786
  33 D   0.70114 0.08514 0.04722 0.03901 0.03398 0.02898 0.02368 0.01816 0.01241 0.00591 0.00438 ( 1)  0.170 +-  0.366
  34 T   0.06470 0.12145 0.11964 0.12211 0.11998 0.11234 0.09982 0.08279 0.06093 0.03113 0.06511 ( 4)  0.726 +-  1.108
  35 A   0.03895 0.13486 0.13245 0.12721 0.12112 0.11188 0.09879 0.08167 0.05998 0.03063 0.06246 ( 2)  0.717 +-  1.087
  36 L   0.09394 0.18669 0.13974 0.12058 0.10963 0.09837 0.08475 0.06845 0.04915 0.02458 0.02412 ( 2)  0.496 +-  0.704
  37 S   0.00085 0.05133 0.11260 0.13712 0.14061 0.13343 0.11932 0.09944 0.07347 0.03762 0.09422 ( 5)  0.919 +-  1.286
  38 P   0.00827 0.09881 0.14263 0.15161 0.14525 0.13114 0.11220 0.08965 0.06361 0.03137 0.02546 ( 4)  0.582 +-  0.697
  39 E   0.33163 0.13772 0.09960 0.09080 0.08368 0.07471 0.06366 0.05076 0.03596 0.01771 0.01377 ( 1)  0.363 +-  0.577
  40 F   0.00493 0.11146 0.15779 0.15982 0.14761 0.12913 0.10726 0.08330 0.05750 0.02766 0.01355 ( 4)  0.519 +-  0.532
  41 S   0.01771 0.12256 0.13647 0.13381 0.12700 0.11664 0.10257 0.08457 0.06201 0.03162 0.06504 ( 3)  0.742 +-  1.103
  42 A   0.00121 0.02289 0.04746 0.06895 0.08619 0.09742 0.10108 0.09558 0.07871 0.04419 0.35631 (11)  2.132 +-  2.163
  43 K   0.09664 0.16163 0.13636 0.12648 0.11690 0.10449 0.08916 0.07120 0.05054 0.02498 0.02163 ( 2)  0.496 +-  0.675
  44 L   0.30695 0.15474 0.09960 0.08837 0.08226 0.07470 0.06480 0.05257 0.03788 0.01897 0.01917 ( 1)  0.393 +-  0.657
  45 K   0.00003 0.00242 0.00938 0.01965 0.03148 0.04295 0.05189 0.05577 0.05132 0.03188 0.70322 (11)  3.733 +-  2.172
  46 E   0.00651 0.09877 0.14951 0.15887 0.14942 0.13145 0.10935 0.08498 0.05872 0.02830 0.02413 ( 4)  0.572 +-  0.698
  47 S   0.00331 0.09744 0.14260 0.14647 0.13987 0.12783 0.11130 0.09064 0.06557 0.03296 0.04203 ( 4)  0.657 +-  0.879
  48 L   0.05758 0.13417 0.12479 0.12357 0.11992 0.11155 0.09866 0.08152 0.05979 0.03046 0.05799 ( 2)  0.691 +-  1.049
  49 K   0.01073 0.10533 0.14255 0.14936 0.14297 0.12920 0.11063 0.08845 0.06279 0.03099 0.02700 ( 4)  0.585 +-  0.721
  50 F   0.00913 0.11063 0.13801 0.14097 0.13584 0.12500 0.10937 0.08941 0.06489 0.03272 0.04403 ( 4)  0.659 +-  0.901
  51 E   0.00280 0.07711 0.13687 0.15587 0.15278 0.13853 0.11818 0.09389 0.06616 0.03240 0.02541 ( 4)  0.597 +-  0.697
  52 P   0.00001 0.00235 0.01235 0.02697 0.04281 0.05730 0.06780 0.07136 0.06429 0.03900 0.61577 (11)  3.343 +-  2.270
  53 V   0.04250 0.15317 0.15218 0.13986 0.12648 0.11138 0.09408 0.07458 0.05264 0.02592 0.02720 ( 2)  0.544 +-  0.747
  54 R   0.03935 0.15493 0.14024 0.13026 0.12219 0.11147 0.09720 0.07933 0.05752 0.02902 0.03848 ( 2)  0.600 +-  0.861
  55 Q   0.02512 0.12080 0.14241 0.14389 0.13650 0.12338 0.10601 0.08514 0.06072 0.03012 0.02592 ( 4)  0.566 +-  0.707
  56 K   0.02867 0.15085 0.15665 0.14755 0.13370 0.11636 0.09657 0.07507 0.05194 0.02509 0.01753 ( 3)  0.508 +-  0.610
  57 V   0.05102 0.16013 0.14725 0.13500 0.12271 0.10806 0.09098 0.07179 0.05042 0.02472 0.03792 ( 2)  0.588 +-  0.896
  58 N   0.00530 0.11576 0.16433 0.16302 0.14692 0.12571 0.10243 0.07824 0.05326 0.02536 0.01969 ( 3)  0.538 +-  0.642
  59 Q   0.01771 0.11331 0.14825 0.15293 0.14352 0.12709 0.10671 0.08373 0.05839 0.02837 0.01998 ( 4)  0.544 +-  0.637
  60 L   0.11939 0.15237 0.12909 0.12156 0.11376 0.10269 0.08836 0.07111 0.05084 0.02529 0.02555 ( 2)  0.508 +-  0.728
  61 Y   0.00710 0.11228 0.15382 0.15621 0.14520 0.12804 0.10731 0.08411 0.05860 0.02845 0.01888 ( 4)  0.543 +-  0.620
  62 R   0.05342 0.17090 0.14883 0.13590 0.12406 0.10962 0.09247 0.07302 0.05126 0.02508 0.01542 ( 2)  0.482 +-  0.574
  63 G   0.02105 0.13653 0.15208 0.14815 0.13686 0.12077 0.10141 0.07966 0.05564 0.02709 0.02077 ( 3)  0.535 +-  0.655
  64 N   0.02500 0.15232 0.16369 0.15290 0.13589 0.11578 0.09414 0.07178 0.04880 0.02322 0.01647 ( 3)  0.499 +-  0.598
  65 Q   0.16085 0.15373 0.12995 0.12050 0.11022 0.09713 0.08160 0.06416 0.04485 0.02184 0.01517 ( 1)  0.439 +-  0.589
  66 T   0.00279 0.08510 0.14239 0.15491 0.14884 0.13425 0.11469 0.09149 0.06482 0.03193 0.02880 ( 4)  0.605 +-  0.742
  67 G   0.00982 0.08502 0.12659 0.14032 0.13926 0.12974 0.11436 0.09405 0.06862 0.03475 0.05746 ( 4)  0.733 +-  1.021
  68 S   0.00143 0.08066 0.14448 0.15769 0.15124 0.13616 0.11609 0.09242 0.06532 0.03209 0.02243 ( 4)  0.579 +-  0.652
  69 S   0.00062 0.06198 0.13075 0.15120 0.14957 0.13804 0.12045 0.09807 0.07084 0.03550 0.04297 ( 4)  0.682 +-  0.878
  70 D   0.03804 0.13796 0.15669 0.15296 0.13790 0.11774 0.09556 0.07267 0.04927 0.02338 0.01783 ( 3)  0.506 +-  0.619
  71 S   0.07816 0.18878 0.14959 0.13236 0.11832 0.10263 0.08507 0.06603 0.04560 0.02199 0.01147 ( 2)  0.443 +-  0.517
  72 S   0.36730 0.15891 0.09886 0.08501 0.07594 0.06604 0.05486 0.04266 0.02949 0.01419 0.00674 ( 1)  0.304 +-  0.440
  73 K   0.05275 0.15201 0.15127 0.14285 0.12964 0.11289 0.09373 0.07290 0.05045 0.02438 0.01712 ( 2)  0.495 +-  0.608
  74 P   0.02285 0.10936 0.13889 0.14476 0.13889 0.12606 0.10850 0.08721 0.06224 0.03088 0.03037 ( 4)  0.593 +-  0.765
  75 C   0.01779 0.12772 0.14978 0.14848 0.13887 0.12393 0.10516 0.08341 0.05877 0.02882 0.01727 ( 3)  0.526 +-  0.587
  76 I   0.25009 0.17790 0.11927 0.10295 0.09158 0.07924 0.06553 0.05077 0.03500 0.01684 0.01081 ( 1)  0.367 +-  0.523
  77 I   0.09524 0.16861 0.14558 0.13295 0.11947 0.10348 0.08554 0.06624 0.04566 0.02198 0.01524 ( 2)  0.460 +-  0.587
  78 I   0.00748 0.09863 0.13812 0.14510 0.14002 0.12828 0.11164 0.09079 0.06555 0.03289 0.04150 ( 4)  0.654 +-  0.878
  79 V   0.01156 0.10153 0.12770 0.13538 0.13324 0.12415 0.10967 0.09044 0.06620 0.03364 0.06648 ( 4)  0.765 +-  1.107
  80 G   0.00526 0.08372 0.12593 0.13948 0.13907 0.13010 0.11498 0.09474 0.06922 0.03508 0.06242 ( 4)  0.758 +-  1.064
  81 Q   0.00899 0.12168 0.15469 0.15336 0.14193 0.12523 0.10513 0.08257 0.05766 0.02806 0.02071 ( 3)  0.546 +-  0.648
  82 T   0.14557 0.15417 0.13111 0.12261 0.11273 0.09964 0.08388 0.06606 0.04624 0.02255 0.01544 ( 2)  0.448 +-  0.591
  83 K   0.01247 0.12800 0.15906 0.15604 0.14229 0.12362 0.10225 0.07917 0.05456 0.02624 0.01630 ( 3)  0.519 +-  0.584
  84 S   0.00227 0.06500 0.12463 0.14735 0.14830 0.13800 0.12091 0.09868 0.07142 0.03585 0.04759 ( 5)  0.703 +-  0.925
  85 G   0.00175 0.03904 0.07342 0.10005 0.11845 0.12719 0.12558 0.11315 0.08887 0.04757 0.16493 (11)  1.269 +-  1.650
  86 K   0.02829 0.15043 0.15683 0.14796 0.13401 0.11653 0.09665 0.07509 0.05192 0.02507 0.01721 ( 3)  0.506 +-  0.605
  87 S   0.10685 0.15558 0.14231 0.13282 0.12056 0.10509 0.08728 0.06783 0.04688 0.02259 0.01221 ( 2)  0.448 +-  0.532
  88 S   0.24794 0.20722 0.11605 0.09295 0.08266 0.07338 0.06269 0.05023 0.03579 0.01776 0.01333 ( 1)  0.369 +-  0.560
  89 F   0.01380 0.14544 0.15925 0.15109 0.13756 0.12021 0.10011 0.07802 0.05408 0.02614 0.01430 ( 3)  0.503 +-  0.552
  90 I   0.19976 0.16215 0.12654 0.11413 0.10273 0.08928 0.07406 0.05753 0.03977 0.01918 0.01488 ( 1)  0.415 +-  0.596
  91 N   0.00553 0.09308 0.14160 0.15198 0.14604 0.13215 0.11336 0.09082 0.06461 0.03195 0.02888 ( 4)  0.601 +-  0.740
  92 E   0.03876 0.13996 0.14479 0.14058 0.13121 0.11734 0.09990 0.07954 0.05628 0.02773 0.02391 ( 3)  0.541 +-  0.696
  93 L   0.19756 0.14444 0.10607 0.09937 0.09538 0.08882 0.07889 0.06550 0.04828 0.02472 0.05097 ( 1)  0.591 +-  1.016
  94 L   0.01769 0.12908 0.14136 0.14088 0.13405 0.12171 0.10501 0.08467 0.06064 0.03022 0.03470 ( 3)  0.606 +-  0.819
  95 G   0.00219 0.08826 0.15176 0.16185 0.15184 0.13394 0.11206 0.08764 0.06093 0.02950 0.02003 ( 4)  0.561 +-  0.633
  96 G   0.13133 0.15835 0.13502 0.12548 0.11464 0.10078 0.08444 0.06622 0.04617 0.02244 0.01513 ( 2)  0.450 +-  0.586
  97 T   0.05557 0.15693 0.14827 0.13932 0.12759 0.11226 0.09411 0.07382 0.05148 0.02503 0.01563 ( 2)  0.487 +-  0.580
  98 A   0.00794 0.10489 0.15158 0.15739 0.14714 0.12974 0.10853 0.08487 0.05900 0.02858 0.02035 ( 4)  0.552 +-  0.641
  99 Q   0.00167 0.09103 0.15359 0.16175 0.15115 0.13320 0.11143 0.08716 0.06060 0.02935 0.01906 ( 4)  0.555 +-  0.617
 100 S   0.03003 0.12628 0.13708 0.13663 0.13076 0.11982 0.10444 0.08506 0.06151 0.03092 0.03745 ( 3)  0.613 +-  0.841
 101 Q   0.01196 0.11779 0.15003 0.15276 0.14307 0.12676 0.10655 0.08368 0.05841 0.02840 0.02059 ( 4)  0.547 +-  0.646
 102 S   0.44680 0.30580 0.08405 0.04160 0.03131 0.02653 0.02240 0.01792 0.01280 0.00639 0.00441 ( 1)  0.198 +-  0.353
 103 P   0.00186 0.08104 0.14156 0.15530 0.14984 0.13560 0.11615 0.09288 0.06593 0.03252 0.02732 ( 4)  0.601 +-  0.717
 104 C   0.00049 0.06292 0.14059 0.16194 0.15692 0.14125 0.12011 0.09529 0.06711 0.03283 0.02055 ( 4)  0.580 +-  0.622
 105 T   0.00395 0.09339 0.14963 0.15870 0.14954 0.13266 0.11162 0.08777 0.06133 0.02984 0.02156 ( 4)  0.566 +-  0.654
 106 A   0.00689 0.10341 0.15100 0.15667 0.14653 0.12950 0.10867 0.08528 0.05950 0.02892 0.02361 ( 4)  0.568 +-  0.689
 107 V   0.00324 0.08913 0.15016 0.16031 0.15040 0.13256 0.11082 0.08665 0.06028 0.02923 0.02721 ( 4)  0.591 +-  0.735
 108 T   0.04499 0.14960 0.14908 0.14205 0.13064 0.11518 0.09670 0.07595 0.05303 0.02581 0.01697 ( 2)  0.501 +-  0.600
 109 R   0.00293 0.07604 0.13364 0.14960 0.14672 0.13479 0.11717 0.09506 0.06845 0.03422 0.04137 ( 4)  0.667 +-  0.871
 110 L   0.01960 0.12839 0.15031 0.14872 0.13818 0.12243 0.10321 0.08139 0.05706 0.02788 0.02284 ( 3)  0.549 +-  0.681
 111 T   0.00565 0.09871 0.15101 0.15885 0.14913 0.13183 0.11050 0.08655 0.06025 0.02921 0.01832 ( 4)  0.548 +-  0.606
 112 Y   0.03496 0.14995 0.15223 0.14470 0.13256 0.11650 0.09752 0.07639 0.05321 0.02584 0.01614 ( 3)  0.501 +-  0.586
 113 S   0.04042 0.21552 0.17107 0.13172 0.11139 0.09646 0.08151 0.06498 0.04619 0.02294 0.01781 ( 2)  0.471 +-  0.612
 114 D   0.00217 0.09317 0.16007 0.16770 0.15328 0.13140 0.10689 0.08144 0.05531 0.02627 0.02229 ( 4)  0.561 +-  0.675
 115 R   0.00662 0.08447 0.12427 0.13460 0.13321 0.12498 0.11132 0.09262 0.06838 0.03504 0.08448 ( 4)  0.854 +-  1.232
 116 I   0.00520 0.11374 0.15923 0.15991 0.14645 0.12723 0.10511 0.08128 0.05594 0.02687 0.01905 ( 4)  0.540 +-  0.628
 117 Y   0.08704 0.17786 0.14329 0.13004 0.11830 0.10389 0.08698 0.06815 0.04748 0.02307 0.01388 ( 2)  0.457 +-  0.559
 118 V   0.00603 0.09775 0.14540 0.15309 0.14513 0.12985 0.11024 0.08749 0.06173 0.03032 0.03298 ( 4)  0.615 +-  0.802
 119 L   0.04356 0.13136 0.14531 0.14460 0.13475 0.11932 0.10038 0.07896 0.05521 0.02689 0.01967 ( 3)  0.523 +-  0.639
 120 V   0.00338 0.09259 0.14607 0.15483 0.14678 0.13122 0.11132 0.08830 0.06226 0.03056 0.03269 ( 4)  0.617 +-  0.797
 121 R   0.00630 0.08578 0.12423 0.13462 0.13337 0.12515 0.11144 0.09268 0.06840 0.03503 0.08300 ( 4)  0.847 +-  1.221
 122 S   0.02749 0.14202 0.14879 0.14230 0.13214 0.11825 0.10095 0.08064 0.05725 0.02830 0.02187 ( 3)  0.536 +-  0.660
 123 K   0.00208 0.07887 0.14657 0.16293 0.15497 0.13694 0.11428 0.08904 0.06166 0.02975 0.02292 ( 4)  0.579 +-  0.675
 124 T   0.26898 0.15428 0.11036 0.10023 0.09196 0.08146 0.06876 0.05429 0.03809 0.01860 0.01298 ( 1)  0.381 +-  0.562
 125 G   0.02924 0.14901 0.15167 0.14557 0.13383 0.11768 0.09849 0.07712 0.05370 0.02607 0.01762 ( 3)  0.511 +-  0.609
 126 E   0.00823 0.12889 0.16126 0.15661 0.14213 0.12317 0.10169 0.07865 0.05415 0.02605 0.01917 ( 3)  0.532 +-  0.631
 127 Q   0.00158 0.08679 0.15113 0.16107 0.15140 0.13397 0.11246 0.08826 0.06156 0.02990 0.02189 ( 4)  0.570 +-  0.658
 128 I   0.01741 0.13608 0.15965 0.15482 0.14037 0.12133 0.09984 0.07693 0.05276 0.02527 0.01553 ( 3)  0.509 +-  0.576
 129 G   0.01630 0.10534 0.12999 0.13550 0.13234 0.12294 0.10847 0.08939 0.06539 0.03322 0.06113 ( 4)  0.736 +-  1.062
 130 D   0.49351 0.11433 0.08150 0.07204 0.06369 0.05438 0.04435 0.03391 0.02311 0.01098 0.00818 ( 1)  0.269 +-  0.477
 131 S   0.00028 0.00301 0.00652 0.01184 0.01848 0.02533 0.03100 0.03385 0.03169 0.02010 0.81790 (11)  4.269 +-  1.946
 132 Q   0.00161 0.08850 0.15178 0.16080 0.15084 0.13341 0.11199 0.08791 0.06134 0.02980 0.02202 ( 4)  0.570 +-  0.661
 133 S   0.00249 0.03569 0.06825 0.09498 0.11430 0.12469 0.12505 0.11440 0.09118 0.04947 0.17949 (11)  1.326 +-  1.677
 134 P   0.02780 0.05947 0.06290 0.07661 0.09022 0.09871 0.09987 0.09234 0.07448 0.04101 0.27658 (11)  1.751 +-  2.051
 135 C   0.00001 0.00050 0.00196 0.00468 0.00864 0.01342 0.01816 0.02160 0.02178 0.01478 0.89447 (11)  4.612 +-  1.664
 136 T   0.00041 0.01562 0.03638 0.05705 0.07594 0.09053 0.09826 0.09651 0.08205 0.04727 0.39997 (11)  2.330 +-  2.200
 137 A   0.01205 0.04204 0.05946 0.07817 0.09349 0.10240 0.10334 0.09521 0.07649 0.04194 0.29542 (11)  1.860 +-  2.097
 138 R   0.00048 0.00692 0.01242 0.01857 0.02487 0.03033 0.03397 0.03465 0.03076 0.01871 0.78832 (11)  4.138 +-  2.047
 139 V   0.01061 0.05087 0.07716 0.10125 0.11856 0.12669 0.12473 0.11215 0.08794 0.04702 0.14302 (11)  1.154 +-  1.537
 140 T   0.00003 0.00131 0.00452 0.00986 0.01709 0.02528 0.03287 0.03773 0.03682 0.02419 0.81029 (11)  4.218 +-  1.943
 141 R   0.00008 0.00346 0.01192 0.02425 0.03826 0.05151 0.06145 0.06525 0.05933 0.03639 0.64810 (11)  3.475 +-  2.232
 142 L   0.00001 0.00304 0.01491 0.03210 0.05065 0.06746 0.07942 0.08317 0.07455 0.04497 0.54971 (11)  3.015 +-  2.260
 143 T   0.00000 0.00206 0.01111 0.02447 0.03927 0.05324 0.06385 0.06813 0.06223 0.03832 0.63731 (11)  3.417 +-  2.227
 144 Y   0.00009 0.00436 0.01481 0.02934 0.04554 0.06072 0.07194 0.07592 0.06860 0.04177 0.58692 (11)  3.184 +-  2.257
 145 S   0.00006 0.00076 0.00213 0.00458 0.00812 0.01236 0.01656 0.01958 0.01968 0.01334 0.90284 (11)  4.651 +-  1.631
 146 D   0.00003 0.00136 0.00446 0.00933 0.01560 0.02238 0.02843 0.03205 0.03087 0.02009 0.83540 (11)  4.342 +-  1.882
 147 R   0.00021 0.00669 0.01560 0.02511 0.03443 0.04237 0.04757 0.04845 0.04284 0.02585 0.71087 (11)  3.777 +-  2.192
 148 I   0.00008 0.00541 0.01924 0.03822 0.05855 0.07662 0.08894 0.09193 0.08137 0.04842 0.49122 (11)  2.749 +-  2.249
 149 Y   0.00000 0.00033 0.00166 0.00443 0.00868 0.01396 0.01932 0.02329 0.02366 0.01609 0.88856 (11)  4.589 +-  1.689
 150 V   0.03639 0.04157 0.05330 0.07111 0.08813 0.10018 0.10460 0.09935 0.08197 0.04595 0.27745 (11)  1.746 +-  2.008
 151 L   0.00753 0.04399 0.06853 0.09150 0.10949 0.11972 0.12056 0.11079 0.08871 0.04836 0.19081 (11)  1.370 +-  1.727
 152 V   0.08081 0.06518 0.07169 0.08858 0.10307 0.11085 0.11018 0.10008 0.07930 0.04284 0.14743 (11)  1.130 +-  1.581
 153 R   0.00000 0.00036 0.00165 0.00376 0.00654 0.00966 0.01261 0.01461 0.01446 0.00968 0.92666 (11)  4.766 +-  1.525
 154 S   0.00000 0.00000 0.00003 0.00011 0.00028 0.00057 0.00095 0.00136 0.00159 0.00123 0.99387 (11)  5.063 +-  1.097
 155 K   0.00650 0.04346 0.07681 0.10488 0.12370 0.13190 0.12920 0.11548 0.09000 0.04780 0.13027 ( 6)  1.105 +-  1.473
 156 T   0.00002 0.00294 0.01160 0.02386 0.03777 0.05111 0.06134 0.06553 0.05995 0.03699 0.64889 (11)  3.471 +-  2.222
 157 G   0.00000 0.00024 0.00124 0.00332 0.00658 0.01075 0.01512 0.01850 0.01909 0.01319 0.91196 (11)  4.693 +-  1.587
 158 E   0.00002 0.00089 0.00328 0.00778 0.01439 0.02231 0.03004 0.03541 0.03530 0.02360 0.82697 (11)  4.294 +-  1.891
 159 Q   0.00218 0.01191 0.01198 0.01466 0.01996 0.02628 0.03188 0.03482 0.03271 0.02084 0.79277 (11)  4.141 +-  2.025
 160 I   0.00063 0.01997 0.04662 0.06948 0.08662 0.09701 0.09965 0.09332 0.07616 0.04240 0.36813 (11)  2.202 +-  2.208
 161 G   0.00004 0.01230 0.04441 0.07289 0.09271 0.10400 0.10650 0.09933 0.08071 0.04472 0.34238 (11)  2.083 +-  2.146
 162 D   0.01279 0.06404 0.09086 0.11275 0.12728 0.13212 0.12671 0.11113 0.08508 0.04449 0.09276 ( 6)  0.923 +-  1.275
 163 V   0.00116 0.03529 0.07206 0.10003 0.11932 0.12898 0.12820 0.11626 0.09188 0.04944 0.15738 (11)  1.229 +-  1.588
 164 Q   0.00000 0.00052 0.00273 0.00686 0.01254 0.01903 0.02515 0.02925 0.02888 0.01920 0.85583 (11)  4.434 +-  1.809
 165 Y   0.00010 0.00430 0.01422 0.02804 0.04358 0.05824 0.06911 0.07304 0.06610 0.04031 0.60297 (11)  3.261 +-  2.256
 166 L   0.00006 0.00107 0.00332 0.00731 0.01294 0.01955 0.02591 0.03025 0.02999 0.02001 0.84959 (11)  4.402 +-  1.828
 167 E   0.00000 0.00026 0.00158 0.00420 0.00797 0.01246 0.01693 0.02018 0.02039 0.01386 0.90217 (11)  4.648 +-  1.632
 168 K   0.00048 0.02372 0.06660 0.10276 0.12592 0.13612 0.13411 0.12023 0.09387 0.04989 0.14631 (11)  1.192 +-  1.543
 169 P   0.00000 0.00105 0.00463 0.00993 0.01616 0.02241 0.02756 0.03019 0.02836 0.01806 0.84166 (11)  4.378 +-  1.870
 170 T   0.00013 0.00212 0.00455 0.00816 0.01290 0.01807 0.02265 0.02532 0.02426 0.01573 0.86609 (11)  4.489 +-  1.789
 171 I   0.00003 0.00156 0.00495 0.00949 0.01464 0.01970 0.02375 0.02566 0.02387 0.01507 0.86128 (11)  4.477 +-  1.814
 172 E   0.00006 0.00635 0.02252 0.04345 0.06553 0.08497 0.09794 0.10057 0.08840 0.05216 0.43806 (11)  2.510 +-  2.215
 173 E   0.00164 0.01985 0.03659 0.05489 0.07269 0.08679 0.09438 0.09283 0.07899 0.04555 0.41582 (11)  2.408 +-  2.236
 174 D   0.00002 0.00396 0.01624 0.03337 0.05179 0.06832 0.07981 0.08300 0.07392 0.04431 0.54527 (11)  3.002 +-  2.271
 175 L   0.00003 0.00373 0.01526 0.03149 0.04921 0.06543 0.07707 0.08080 0.07252 0.04382 0.56064 (11)  3.066 +-  2.262
 176 V   0.00023 0.02429 0.06954 0.10413 0.12541 0.13474 0.13267 0.11914 0.09326 0.04972 0.14686 (11)  1.191 +-  1.540
 177 K   0.00151 0.01164 0.02406 0.04174 0.06152 0.07934 0.09136 0.09386 0.08262 0.04889 0.46345 (11)  2.624 +-  2.247
 178 L   0.00168 0.00341 0.00626 0.01149 0.01853 0.02627 0.03315 0.03718 0.03563 0.02307 0.80334 (11)  4.188 +-  1.973
 179 K   0.00001 0.00111 0.00560 0.01278 0.02125 0.02969 0.03660 0.04010 0.03761 0.02387 0.79138 (11)  4.140 +-  2.003
 180 D   0.00007 0.00188 0.00374 0.00634 0.00994 0.01403 0.01780 0.02017 0.01956 0.01285 0.89362 (11)  4.617 +-  1.683
 181 E   0.00236 0.02918 0.05181 0.07219 0.08824 0.09808 0.10036 0.09376 0.07639 0.04249 0.34514 (11)  2.084 +-  2.165
 182 D   0.00000 0.00085 0.00411 0.00934 0.01590 0.02291 0.02912 0.03282 0.03158 0.02054 0.83283 (11)  4.330 +-  1.888
 183 R   0.00017 0.00532 0.01568 0.03062 0.04750 0.06324 0.07468 0.07852 0.07067 0.04283 0.57077 (11)  3.111 +-  2.263
 184 E   0.00318 0.09443 0.15561 0.16308 0.15096 0.13157 0.10887 0.08430 0.05810 0.02794 0.02197 ( 4)  0.563 +-  0.666
 185 N   0.02830 0.12685 0.14667 0.14497 0.13426 0.11863 0.09991 0.07889 0.05551 0.02728 0.03873 ( 3)  0.614 +-  0.877
 186 D   0.00000 0.00011 0.00095 0.00270 0.00514 0.00800 0.01082 0.01287 0.01303 0.00889 0.93747 (11)  4.813 +-  1.466
 187 E   0.00007 0.00090 0.00199 0.00372 0.00611 0.00886 0.01149 0.01327 0.01310 0.00875 0.93173 (11)  4.790 +-  1.503
 188 L   0.01629 0.11845 0.14183 0.14342 0.13579 0.12220 0.10446 0.08348 0.05929 0.02932 0.04546 ( 4)  0.661 +-  0.959
 189 I   0.00001 0.00390 0.01820 0.03790 0.05852 0.07668 0.08902 0.09202 0.08145 0.04847 0.49383 (11)  2.762 +-  2.249

Positively selected sites

	Prob(w>1)  mean w

     3 I      0.892         4.622 +- 1.694
     4 P      0.959*        4.910 +- 1.341
    45 K      0.703         3.733 +- 2.172
    52 P      0.616         3.343 +- 2.270
   131 S      0.818         4.269 +- 1.946
   135 C      0.894         4.612 +- 1.664
   138 R      0.788         4.138 +- 2.047
   140 T      0.810         4.218 +- 1.943
   141 R      0.648         3.475 +- 2.232
   142 L      0.550         3.015 +- 2.260
   143 T      0.637         3.417 +- 2.227
   144 Y      0.587         3.184 +- 2.257
   145 S      0.903         4.651 +- 1.631
   146 D      0.835         4.342 +- 1.882
   147 R      0.711         3.777 +- 2.192
   149 Y      0.889         4.589 +- 1.689
   153 R      0.927         4.766 +- 1.525
   154 S      0.994**       5.063 +- 1.097
   156 T      0.649         3.471 +- 2.222
   157 G      0.912         4.693 +- 1.587
   158 E      0.827         4.294 +- 1.891
   159 Q      0.793         4.141 +- 2.025
   164 Q      0.856         4.434 +- 1.809
   165 Y      0.603         3.261 +- 2.256
   166 L      0.850         4.402 +- 1.828
   167 E      0.902         4.648 +- 1.632
   169 P      0.842         4.378 +- 1.870
   170 T      0.866         4.489 +- 1.789
   171 I      0.861         4.477 +- 1.814
   174 D      0.545         3.002 +- 2.271
   175 L      0.561         3.066 +- 2.262
   178 L      0.803         4.188 +- 1.973
   179 K      0.791         4.140 +- 2.003
   180 D      0.894         4.617 +- 1.683
   182 D      0.833         4.330 +- 1.888
   183 R      0.571         3.111 +- 2.263
   186 D      0.937         4.813 +- 1.466
   187 E      0.932         4.790 +- 1.503

