Supplemental results for CODEML (seqf: algn  treef: tree)


dN/dS (w) for site classes (K=9)

p:   0.00273  0.00273  0.00273  0.00273  0.00273  0.00273  0.00273  0.00273  0.97813
w:   0.00000  0.00000  0.00000  0.00000  0.00000  0.00000  0.00000  0.00000  1.00000

Naive Empirical Bayes (NEB) probabilities for 9 classes & postmean_w
(amino acids refer to 1st sequence: Mlig.28128)

   1 T   0.00000 0.00000 0.00000 0.00000 0.00000 0.00000 0.00000 0.00000 1.00000 ( 9)  1.000
   2 G   0.00000 0.00000 0.00000 0.00000 0.00000 0.00000 0.00000 0.00000 1.00000 ( 9)  1.000
   3 M   0.00000 0.00000 0.00000 0.00000 0.00000 0.00000 0.00000 0.00000 1.00000 ( 9)  1.000
   4 S   0.00000 0.00000 0.00000 0.00000 0.00000 0.00000 0.00000 0.00000 1.00000 ( 9)  1.000
   5 N   0.00000 0.00000 0.00000 0.00000 0.00000 0.00000 0.00000 0.00000 1.00000 ( 9)  1.000
   6 S   0.00000 0.00000 0.00000 0.00000 0.00000 0.00000 0.00000 0.00000 1.00000 ( 9)  1.000
   7 Y   0.00000 0.00000 0.00000 0.00000 0.00000 0.00000 0.00000 0.00000 1.00000 ( 9)  1.000
   8 E   0.00000 0.00000 0.00000 0.00000 0.00000 0.00000 0.00000 0.00000 1.00000 ( 9)  1.000
   9 P   0.00000 0.00000 0.00000 0.00000 0.00000 0.00000 0.00000 0.00000 1.00000 ( 9)  1.000
  10 I   0.00000 0.00000 0.00000 0.00000 0.00000 0.00000 0.00000 0.00000 1.00000 ( 9)  1.000
  11 R   0.00000 0.00000 0.00000 0.00000 0.00000 0.00000 0.00000 0.00000 1.00000 ( 9)  1.000
  12 R   0.00000 0.00000 0.00000 0.00000 0.00000 0.00000 0.00000 0.00000 1.00000 ( 9)  1.000
  13 I   0.00000 0.00000 0.00000 0.00000 0.00000 0.00000 0.00000 0.00000 1.00000 ( 9)  1.000
  14 G   0.03284 0.03284 0.03284 0.03284 0.03284 0.03284 0.03284 0.03284 0.73729 ( 9)  0.737
  15 E   0.00000 0.00000 0.00000 0.00000 0.00000 0.00000 0.00000 0.00000 1.00000 ( 9)  1.000
  16 G   0.00000 0.00000 0.00000 0.00000 0.00000 0.00000 0.00000 0.00000 1.00000 ( 9)  1.000
  17 A   0.00000 0.00000 0.00000 0.00000 0.00000 0.00000 0.00000 0.00000 1.00000 ( 9)  1.000
  18 Y   0.00000 0.00000 0.00000 0.00000 0.00000 0.00000 0.00000 0.00000 1.00000 ( 9)  1.000
  19 G   0.00000 0.00000 0.00000 0.00000 0.00000 0.00000 0.00000 0.00000 1.00000 ( 9)  1.000
  20 K   0.00000 0.00000 0.00000 0.00000 0.00000 0.00000 0.00000 0.00000 1.00000 ( 9)  1.000
  21 A   0.00000 0.00000 0.00000 0.00000 0.00000 0.00000 0.00000 0.00000 1.00000 ( 9)  1.000
  22 I   0.00000 0.00000 0.00000 0.00000 0.00000 0.00000 0.00000 0.00000 1.00000 ( 9)  1.000
  23 L   0.00000 0.00000 0.00000 0.00000 0.00000 0.00000 0.00000 0.00000 1.00000 ( 9)  1.000
  24 V   0.00000 0.00000 0.00000 0.00000 0.00000 0.00000 0.00000 0.00000 1.00000 ( 9)  1.000
  25 R   0.00000 0.00000 0.00000 0.00000 0.00000 0.00000 0.00000 0.00000 1.00000 ( 9)  1.000
  26 K   0.00000 0.00000 0.00000 0.00000 0.00000 0.00000 0.00000 0.00000 1.00000 ( 9)  1.000
  27 K   0.00000 0.00000 0.00000 0.00000 0.00000 0.00000 0.00000 0.00000 1.00000 ( 9)  1.000
  28 S   0.00000 0.00000 0.00000 0.00000 0.00000 0.00000 0.00000 0.00000 1.00000 ( 9)  1.000
  29 N   0.00000 0.00000 0.00000 0.00000 0.00000 0.00000 0.00000 0.00000 1.00000 ( 9)  1.000
  30 N   0.00000 0.00000 0.00000 0.00000 0.00000 0.00000 0.00000 0.00000 1.00000 ( 9)  1.000
  31 Q   0.00000 0.00000 0.00000 0.00000 0.00000 0.00000 0.00000 0.00000 1.00000 ( 9)  1.000
  32 R   0.00000 0.00000 0.00000 0.00000 0.00000 0.00000 0.00000 0.00000 1.00000 ( 9)  1.000
  33 C   0.00000 0.00000 0.00000 0.00000 0.00000 0.00000 0.00000 0.00000 1.00000 ( 9)  1.000
  34 V   0.00000 0.00000 0.00000 0.00000 0.00000 0.00000 0.00000 0.00000 1.00000 ( 9)  1.000
  35 I   0.00000 0.00000 0.00000 0.00000 0.00000 0.00000 0.00000 0.00000 1.00000 ( 9)  1.000
  36 K   0.00000 0.00000 0.00000 0.00000 0.00000 0.00000 0.00000 0.00000 1.00000 ( 9)  1.000
  37 E   0.00000 0.00000 0.00000 0.00000 0.00000 0.00000 0.00000 0.00000 1.00000 ( 9)  1.000
  38 V   0.00000 0.00000 0.00000 0.00000 0.00000 0.00000 0.00000 0.00000 1.00000 ( 9)  1.000
  39 M   0.00000 0.00000 0.00000 0.00000 0.00000 0.00000 0.00000 0.00000 1.00000 ( 9)  1.000
  40 L   0.00000 0.00000 0.00000 0.00000 0.00000 0.00000 0.00000 0.00000 1.00000 ( 9)  1.000
  41 S   0.00000 0.00000 0.00000 0.00000 0.00000 0.00000 0.00000 0.00000 1.00000 ( 9)  1.000
  42 R   0.04460 0.04460 0.04460 0.04460 0.04460 0.04460 0.04460 0.04460 0.64321 ( 9)  0.643
  43 M   0.00000 0.00000 0.00000 0.00000 0.00000 0.00000 0.00000 0.00000 1.00000 ( 9)  1.000
  44 R   0.03204 0.03204 0.03204 0.03204 0.03204 0.03204 0.03204 0.03203 0.74372 ( 9)  0.744
  45 S   0.00000 0.00000 0.00000 0.00000 0.00000 0.00000 0.00000 0.00000 1.00000 ( 9)  1.000
  46 Q   0.00000 0.00000 0.00000 0.00000 0.00000 0.00000 0.00000 0.00000 1.00000 ( 9)  1.000
  47 R   0.00000 0.00000 0.00000 0.00000 0.00000 0.00000 0.00000 0.00000 1.00000 ( 9)  1.000
  48 E   0.00000 0.00000 0.00000 0.00000 0.00000 0.00000 0.00000 0.00000 1.00000 ( 9)  1.000
  49 R   0.00000 0.00000 0.00000 0.00000 0.00000 0.00000 0.00000 0.00000 1.00000 ( 9)  1.000
  50 E   0.03821 0.03821 0.03821 0.03821 0.03821 0.03821 0.03821 0.03821 0.69432 ( 9)  0.694
  51 S   0.00000 0.00000 0.00000 0.00000 0.00000 0.00000 0.00000 0.00000 1.00000 ( 9)  1.000
  52 A   0.00000 0.00000 0.00000 0.00000 0.00000 0.00000 0.00000 0.00000 1.00000 ( 9)  1.000
  53 K   0.00000 0.00000 0.00000 0.00000 0.00000 0.00000 0.00000 0.00000 1.00000 ( 9)  1.000
  54 Q   0.00000 0.00000 0.00000 0.00000 0.00000 0.00000 0.00000 0.00000 1.00000 ( 9)  1.000
  55 E   0.00000 0.00000 0.00000 0.00000 0.00000 0.00000 0.00000 0.00000 1.00000 ( 9)  1.000
  56 V   0.00000 0.00000 0.00000 0.00000 0.00000 0.00000 0.00000 0.00000 1.00000 ( 9)  1.000
  57 E   0.00000 0.00000 0.00000 0.00000 0.00000 0.00000 0.00000 0.00000 1.00000 ( 9)  1.000
  58 L   0.00000 0.00000 0.00000 0.00000 0.00000 0.00000 0.00000 0.00000 1.00000 ( 9)  1.000
  59 L   0.00000 0.00000 0.00000 0.00000 0.00000 0.00000 0.00000 0.00000 1.00000 ( 9)  1.000
  60 K   0.00000 0.00000 0.00000 0.00000 0.00000 0.00000 0.00000 0.00000 1.00000 ( 9)  1.000
  61 Q   0.00000 0.00000 0.00000 0.00000 0.00000 0.00000 0.00000 0.00000 1.00000 ( 9)  1.000
  62 F   0.00000 0.00000 0.00000 0.00000 0.00000 0.00000 0.00000 0.00000 1.00000 ( 9)  1.000
  63 D   0.00000 0.00000 0.00000 0.00000 0.00000 0.00000 0.00000 0.00000 1.00000 ( 9)  1.000
  64 H   0.04223 0.04223 0.04223 0.04223 0.04223 0.04223 0.04223 0.04223 0.66214 ( 9)  0.662
  65 P   0.00000 0.00000 0.00000 0.00000 0.00000 0.00000 0.00000 0.00000 1.00000 ( 9)  1.000
  66 S   0.00000 0.00000 0.00000 0.00000 0.00000 0.00000 0.00000 0.00000 1.00000 ( 9)  1.000
  67 I   0.00000 0.00000 0.00000 0.00000 0.00000 0.00000 0.00000 0.00000 1.00000 ( 9)  1.000
  68 V   0.00000 0.00000 0.00000 0.00000 0.00000 0.00000 0.00000 0.00000 1.00000 ( 9)  1.000
  69 H   0.00000 0.00000 0.00000 0.00000 0.00000 0.00000 0.00000 0.00000 1.00000 ( 9)  1.000
  70 Y   0.00000 0.00000 0.00000 0.00000 0.00000 0.00000 0.00000 0.00000 1.00000 ( 9)  1.000
  71 L   0.00000 0.00000 0.00000 0.00000 0.00000 0.00000 0.00000 0.00000 1.00000 ( 9)  1.000
  72 D   0.00000 0.00000 0.00000 0.00000 0.00000 0.00000 0.00000 0.00000 1.00000 ( 9)  1.000
  73 S   0.00000 0.00000 0.00000 0.00000 0.00000 0.00000 0.00000 0.00000 1.00000 ( 9)  1.000
  74 F   0.00000 0.00000 0.00000 0.00000 0.00000 0.00000 0.00000 0.00000 1.00000 ( 9)  1.000
  75 I   0.00000 0.00000 0.00000 0.00000 0.00000 0.00000 0.00000 0.00000 1.00000 ( 9)  1.000
  76 E   0.00000 0.00000 0.00000 0.00000 0.00000 0.00000 0.00000 0.00000 1.00000 ( 9)  1.000
  77 A   0.00000 0.00000 0.00000 0.00000 0.00000 0.00000 0.00000 0.00000 1.00000 ( 9)  1.000
  78 G   0.00000 0.00000 0.00000 0.00000 0.00000 0.00000 0.00000 0.00000 1.00000 ( 9)  1.000
  79 S   0.00000 0.00000 0.00000 0.00000 0.00000 0.00000 0.00000 0.00000 1.00000 ( 9)  1.000
  80 L   0.00000 0.00000 0.00000 0.00000 0.00000 0.00000 0.00000 0.00000 1.00000 ( 9)  1.000
  81 H   0.00000 0.00000 0.00000 0.00000 0.00000 0.00000 0.00000 0.00000 1.00000 ( 9)  1.000
  82 I   0.00000 0.00000 0.00000 0.00000 0.00000 0.00000 0.00000 0.00000 1.00000 ( 9)  1.000
  83 V   0.00000 0.00000 0.00000 0.00000 0.00000 0.00000 0.00000 0.00000 1.00000 ( 9)  1.000
  84 M   0.00000 0.00000 0.00000 0.00000 0.00000 0.00000 0.00000 0.00000 1.00000 ( 9)  1.000
  85 E   0.00000 0.00000 0.00000 0.00000 0.00000 0.00000 0.00000 0.00000 1.00000 ( 9)  1.000
  86 F   0.00000 0.00000 0.00000 0.00000 0.00000 0.00000 0.00000 0.00000 1.00000 ( 9)  1.000
  87 C   0.00000 0.00000 0.00000 0.00000 0.00000 0.00000 0.00000 0.00000 1.00000 ( 9)  1.000
  88 D   0.00000 0.00000 0.00000 0.00000 0.00000 0.00000 0.00000 0.00000 1.00000 ( 9)  1.000
  89 G   0.00000 0.00000 0.00000 0.00000 0.00000 0.00000 0.00000 0.00000 1.00000 ( 9)  1.000
  90 G   0.00000 0.00000 0.00000 0.00000 0.00000 0.00000 0.00000 0.00000 1.00000 ( 9)  1.000
  91 D   0.00000 0.00000 0.00000 0.00000 0.00000 0.00000 0.00000 0.00000 1.00000 ( 9)  1.000
  92 L   0.00000 0.00000 0.00000 0.00000 0.00000 0.00000 0.00000 0.00000 1.00000 ( 9)  1.000
  93 S   0.00000 0.00000 0.00000 0.00000 0.00000 0.00000 0.00000 0.00000 1.00000 ( 9)  1.000
  94 S   0.00000 0.00000 0.00000 0.00000 0.00000 0.00000 0.00000 0.00000 1.00000 ( 9)  1.000
  95 K   0.00000 0.00000 0.00000 0.00000 0.00000 0.00000 0.00000 0.00000 1.00000 ( 9)  1.000
  96 I   0.00000 0.00000 0.00000 0.00000 0.00000 0.00000 0.00000 0.00000 1.00000 ( 9)  1.000
  97 S   0.00000 0.00000 0.00000 0.00000 0.00000 0.00000 0.00000 0.00000 1.00000 ( 9)  1.000
  98 A   0.00000 0.00000 0.00000 0.00000 0.00000 0.00000 0.00000 0.00000 1.00000 ( 9)  1.000
  99 Q   0.00000 0.00000 0.00000 0.00000 0.00000 0.00000 0.00000 0.00000 1.00000 ( 9)  1.000
 100 R   0.00000 0.00000 0.00000 0.00000 0.00000 0.00000 0.00000 0.00000 1.00000 ( 9)  1.000
 101 S   0.00000 0.00000 0.00000 0.00000 0.00000 0.00000 0.00000 0.00000 1.00000 ( 9)  1.000
 102 P   0.00000 0.00000 0.00000 0.00000 0.00000 0.00000 0.00000 0.00000 1.00000 ( 9)  1.000
 103 F   0.00000 0.00000 0.00000 0.00000 0.00000 0.00000 0.00000 0.00000 1.00000 ( 9)  1.000
 104 P   0.00000 0.00000 0.00000 0.00000 0.00000 0.00000 0.00000 0.00000 1.00000 ( 9)  1.000
 105 E   0.00000 0.00000 0.00000 0.00000 0.00000 0.00000 0.00000 0.00000 1.00000 ( 9)  1.000
 106 E   0.00000 0.00000 0.00000 0.00000 0.00000 0.00000 0.00000 0.00000 1.00000 ( 9)  1.000
 107 Q   0.00000 0.00000 0.00000 0.00000 0.00000 0.00000 0.00000 0.00000 1.00000 ( 9)  1.000
 108 V   0.00000 0.00000 0.00000 0.00000 0.00000 0.00000 0.00000 0.00000 1.00000 ( 9)  1.000
 109 V   0.00000 0.00000 0.00000 0.00000 0.00000 0.00000 0.00000 0.00000 1.00000 ( 9)  1.000
 110 D   0.00000 0.00000 0.00000 0.00000 0.00000 0.00000 0.00000 0.00000 1.00000 ( 9)  1.000
 111 W   0.00000 0.00000 0.00000 0.00000 0.00000 0.00000 0.00000 0.00000 1.00000 ( 9)  1.000
 112 F   0.00000 0.00000 0.00000 0.00000 0.00000 0.00000 0.00000 0.00000 1.00000 ( 9)  1.000
 113 A   0.02576 0.02576 0.02576 0.02576 0.02576 0.02576 0.02576 0.02576 0.79392 ( 9)  0.794
 114 Q   0.00000 0.00000 0.00000 0.00000 0.00000 0.00000 0.00000 0.00000 1.00000 ( 9)  1.000
 115 M   0.00000 0.00000 0.00000 0.00000 0.00000 0.00000 0.00000 0.00000 1.00000 ( 9)  1.000
 116 C   0.00000 0.00000 0.00000 0.00000 0.00000 0.00000 0.00000 0.00000 1.00000 ( 9)  1.000
 117 L   0.00000 0.00000 0.00000 0.00000 0.00000 0.00000 0.00000 0.00000 1.00000 ( 9)  1.000
 118 A   0.00000 0.00000 0.00000 0.00000 0.00000 0.00000 0.00000 0.00000 1.00000 ( 9)  1.000
 119 L   0.00000 0.00000 0.00000 0.00000 0.00000 0.00000 0.00000 0.00000 1.00000 ( 9)  1.000
 120 K   0.04527 0.04527 0.04527 0.04527 0.04527 0.04527 0.04527 0.04527 0.63785 ( 9)  0.638
 121 Y   0.00000 0.00000 0.00000 0.00000 0.00000 0.00000 0.00000 0.00000 1.00000 ( 9)  1.000
 122 V   0.02516 0.02516 0.02516 0.02516 0.02516 0.02516 0.02516 0.02516 0.79871 ( 9)  0.799
 123 H   0.00000 0.00000 0.00000 0.00000 0.00000 0.00000 0.00000 0.00000 1.00000 ( 9)  1.000
 124 D   0.00000 0.00000 0.00000 0.00000 0.00000 0.00000 0.00000 0.00000 1.00000 ( 9)  1.000
 125 K   0.00000 0.00000 0.00000 0.00000 0.00000 0.00000 0.00000 0.00000 1.00000 ( 9)  1.000
 126 H   0.00000 0.00000 0.00000 0.00000 0.00000 0.00000 0.00000 0.00000 1.00000 ( 9)  1.000
 127 V   0.00000 0.00000 0.00000 0.00000 0.00000 0.00000 0.00000 0.00000 1.00000 ( 9)  1.000
 128 I   0.00000 0.00000 0.00000 0.00000 0.00000 0.00000 0.00000 0.00000 1.00000 ( 9)  1.000
 129 H   0.00000 0.00000 0.00000 0.00000 0.00000 0.00000 0.00000 0.00000 1.00000 ( 9)  1.000
 130 R   0.00000 0.00000 0.00000 0.00000 0.00000 0.00000 0.00000 0.00000 1.00000 ( 9)  1.000
 131 D   0.00000 0.00000 0.00000 0.00000 0.00000 0.00000 0.00000 0.00000 1.00000 ( 9)  1.000
 132 I   0.03883 0.03883 0.03883 0.03883 0.03883 0.03883 0.03883 0.03883 0.68939 ( 9)  0.689
 133 K   0.00000 0.00000 0.00000 0.00000 0.00000 0.00000 0.00000 0.00000 1.00000 ( 9)  1.000
 134 P   0.00000 0.00000 0.00000 0.00000 0.00000 0.00000 0.00000 0.00000 1.00000 ( 9)  1.000
 135 Q   0.00000 0.00000 0.00000 0.00000 0.00000 0.00000 0.00000 0.00000 1.00000 ( 9)  1.000
 136 N   0.00000 0.00000 0.00000 0.00000 0.00000 0.00000 0.00000 0.00000 1.00000 ( 9)  1.000
 137 I   0.00000 0.00000 0.00000 0.00000 0.00000 0.00000 0.00000 0.00000 1.00000 ( 9)  1.000
 138 F   0.00000 0.00000 0.00000 0.00000 0.00000 0.00000 0.00000 0.00000 1.00000 ( 9)  1.000
 139 L   0.00000 0.00000 0.00000 0.00000 0.00000 0.00000 0.00000 0.00000 1.00000 ( 9)  1.000
 140 M   0.00000 0.00000 0.00000 0.00000 0.00000 0.00000 0.00000 0.00000 1.00000 ( 9)  1.000
 141 R   0.00000 0.00000 0.00000 0.00000 0.00000 0.00000 0.00000 0.00000 1.00000 ( 9)  1.000
 142 S   0.00000 0.00000 0.00000 0.00000 0.00000 0.00000 0.00000 0.00000 1.00000 ( 9)  1.000
 143 G   0.03243 0.03243 0.03243 0.03243 0.03243 0.03243 0.03243 0.03243 0.74057 ( 9)  0.741
 144 Q   0.00000 0.00000 0.00000 0.00000 0.00000 0.00000 0.00000 0.00000 1.00000 ( 9)  1.000
 145 V   0.00000 0.00000 0.00000 0.00000 0.00000 0.00000 0.00000 0.00000 1.00000 ( 9)  1.000
 146 K   0.00000 0.00000 0.00000 0.00000 0.00000 0.00000 0.00000 0.00000 1.00000 ( 9)  1.000
 147 L   0.00000 0.00000 0.00000 0.00000 0.00000 0.00000 0.00000 0.00000 1.00000 ( 9)  1.000
 148 G   0.00000 0.00000 0.00000 0.00000 0.00000 0.00000 0.00000 0.00000 1.00000 ( 9)  1.000
 149 D   0.00000 0.00000 0.00000 0.00000 0.00000 0.00000 0.00000 0.00000 1.00000 ( 9)  1.000
 150 F   0.00000 0.00000 0.00000 0.00000 0.00000 0.00000 0.00000 0.00000 1.00000 ( 9)  1.000
 151 G   0.00000 0.00000 0.00000 0.00000 0.00000 0.00000 0.00000 0.00000 1.00000 ( 9)  1.000
 152 V   0.00000 0.00000 0.00000 0.00000 0.00000 0.00000 0.00000 0.00000 1.00000 ( 9)  1.000
 153 A   0.00000 0.00000 0.00000 0.00000 0.00000 0.00000 0.00000 0.00000 1.00000 ( 9)  1.000
 154 K   0.00000 0.00000 0.00000 0.00000 0.00000 0.00000 0.00000 0.00000 1.00000 ( 9)  1.000
 155 T   0.00000 0.00000 0.00000 0.00000 0.00000 0.00000 0.00000 0.00000 1.00000 ( 9)  1.000
 156 L   0.00000 0.00000 0.00000 0.00000 0.00000 0.00000 0.00000 0.00000 1.00000 ( 9)  1.000
 157 D   0.00000 0.00000 0.00000 0.00000 0.00000 0.00000 0.00000 0.00000 1.00000 ( 9)  1.000
 158 C   0.00000 0.00000 0.00000 0.00000 0.00000 0.00000 0.00000 0.00000 1.00000 ( 9)  1.000
 159 T   0.00000 0.00000 0.00000 0.00000 0.00000 0.00000 0.00000 0.00000 1.00000 ( 9)  1.000
 160 L   0.00000 0.00000 0.00000 0.00000 0.00000 0.00000 0.00000 0.00000 1.00000 ( 9)  1.000
 161 Q   0.00000 0.00000 0.00000 0.00000 0.00000 0.00000 0.00000 0.00000 1.00000 ( 9)  1.000
 162 L   0.00000 0.00000 0.00000 0.00000 0.00000 0.00000 0.00000 0.00000 1.00000 ( 9)  1.000
 163 A   0.00000 0.00000 0.00000 0.00000 0.00000 0.00000 0.00000 0.00000 1.00000 ( 9)  1.000
 164 S   0.00000 0.00000 0.00000 0.00000 0.00000 0.00000 0.00000 0.00000 1.00000 ( 9)  1.000
 165 T   0.00000 0.00000 0.00000 0.00000 0.00000 0.00000 0.00000 0.00000 1.00000 ( 9)  1.000
 166 A   0.00000 0.00000 0.00000 0.00000 0.00000 0.00000 0.00000 0.00000 1.00000 ( 9)  1.000
 167 I   0.00000 0.00000 0.00000 0.00000 0.00000 0.00000 0.00000 0.00000 1.00000 ( 9)  1.000
 168 G   0.00000 0.00000 0.00000 0.00000 0.00000 0.00000 0.00000 0.00000 1.00000 ( 9)  1.000
 169 T   0.00000 0.00000 0.00000 0.00000 0.00000 0.00000 0.00000 0.00000 1.00000 ( 9)  1.000
 170 P   0.03165 0.03165 0.03165 0.03165 0.03165 0.03165 0.03165 0.03165 0.74677 ( 9)  0.747
 171 Y   0.00000 0.00000 0.00000 0.00000 0.00000 0.00000 0.00000 0.00000 1.00000 ( 9)  1.000
 172 Y   0.00000 0.00000 0.00000 0.00000 0.00000 0.00000 0.00000 0.00000 1.00000 ( 9)  1.000
 173 V   0.02516 0.02516 0.02516 0.02516 0.02516 0.02516 0.02516 0.02516 0.79871 ( 9)  0.799
 174 S   0.00000 0.00000 0.00000 0.00000 0.00000 0.00000 0.00000 0.00000 1.00000 ( 9)  1.000
 175 P   0.00000 0.00000 0.00000 0.00000 0.00000 0.00000 0.00000 0.00000 1.00000 ( 9)  1.000
 176 E   0.03821 0.03821 0.03821 0.03821 0.03821 0.03821 0.03821 0.03821 0.69432 ( 9)  0.694
 177 I   0.00000 0.00000 0.00000 0.00000 0.00000 0.00000 0.00000 0.00000 1.00000 ( 9)  1.000
 178 V   0.00000 0.00000 0.00000 0.00000 0.00000 0.00000 0.00000 0.00000 1.00000 ( 9)  1.000
 179 K   0.00000 0.00000 0.00000 0.00000 0.00000 0.00000 0.00000 0.00000 1.00000 ( 9)  1.000
 180 S   0.00000 0.00000 0.00000 0.00000 0.00000 0.00000 0.00000 0.00000 1.00000 ( 9)  1.000
 181 E   0.00000 0.00000 0.00000 0.00000 0.00000 0.00000 0.00000 0.00000 1.00000 ( 9)  1.000
 182 A   0.00000 0.00000 0.00000 0.00000 0.00000 0.00000 0.00000 0.00000 1.00000 ( 9)  1.000
 183 Y   0.00000 0.00000 0.00000 0.00000 0.00000 0.00000 0.00000 0.00000 1.00000 ( 9)  1.000
 184 N   0.00000 0.00000 0.00000 0.00000 0.00000 0.00000 0.00000 0.00000 1.00000 ( 9)  1.000
 185 N   0.00000 0.00000 0.00000 0.00000 0.00000 0.00000 0.00000 0.00000 1.00000 ( 9)  1.000
 186 K   0.00000 0.00000 0.00000 0.00000 0.00000 0.00000 0.00000 0.00000 1.00000 ( 9)  1.000
 187 T   0.00000 0.00000 0.00000 0.00000 0.00000 0.00000 0.00000 0.00000 1.00000 ( 9)  1.000
 188 D   0.00000 0.00000 0.00000 0.00000 0.00000 0.00000 0.00000 0.00000 1.00000 ( 9)  1.000
 189 I   0.00000 0.00000 0.00000 0.00000 0.00000 0.00000 0.00000 0.00000 1.00000 ( 9)  1.000
 190 W   0.00000 0.00000 0.00000 0.00000 0.00000 0.00000 0.00000 0.00000 1.00000 ( 9)  1.000
 191 S   0.00000 0.00000 0.00000 0.00000 0.00000 0.00000 0.00000 0.00000 1.00000 ( 9)  1.000
 192 L   0.00000 0.00000 0.00000 0.00000 0.00000 0.00000 0.00000 0.00000 1.00000 ( 9)  1.000
 193 G   0.00000 0.00000 0.00000 0.00000 0.00000 0.00000 0.00000 0.00000 1.00000 ( 9)  1.000
 194 C   0.00000 0.00000 0.00000 0.00000 0.00000 0.00000 0.00000 0.00000 1.00000 ( 9)  1.000
 195 V   0.00000 0.00000 0.00000 0.00000 0.00000 0.00000 0.00000 0.00000 1.00000 ( 9)  1.000
 196 L   0.00000 0.00000 0.00000 0.00000 0.00000 0.00000 0.00000 0.00000 1.00000 ( 9)  1.000
 197 Y   0.00000 0.00000 0.00000 0.00000 0.00000 0.00000 0.00000 0.00000 1.00000 ( 9)  1.000
 198 E   0.00000 0.00000 0.00000 0.00000 0.00000 0.00000 0.00000 0.00000 1.00000 ( 9)  1.000
 199 L   0.00000 0.00000 0.00000 0.00000 0.00000 0.00000 0.00000 0.00000 1.00000 ( 9)  1.000
 200 L   0.00000 0.00000 0.00000 0.00000 0.00000 0.00000 0.00000 0.00000 1.00000 ( 9)  1.000
 201 T   0.00000 0.00000 0.00000 0.00000 0.00000 0.00000 0.00000 0.00000 1.00000 ( 9)  1.000
 202 L   0.00000 0.00000 0.00000 0.00000 0.00000 0.00000 0.00000 0.00000 1.00000 ( 9)  1.000
 203 N   0.00000 0.00000 0.00000 0.00000 0.00000 0.00000 0.00000 0.00000 1.00000 ( 9)  1.000
 204 H   0.00000 0.00000 0.00000 0.00000 0.00000 0.00000 0.00000 0.00000 1.00000 ( 9)  1.000
 205 A   0.00000 0.00000 0.00000 0.00000 0.00000 0.00000 0.00000 0.00000 1.00000 ( 9)  1.000
 206 F   0.00000 0.00000 0.00000 0.00000 0.00000 0.00000 0.00000 0.00000 1.00000 ( 9)  1.000
 207 E   0.00000 0.00000 0.00000 0.00000 0.00000 0.00000 0.00000 0.00000 1.00000 ( 9)  1.000
 208 A   0.00000 0.00000 0.00000 0.00000 0.00000 0.00000 0.00000 0.00000 1.00000 ( 9)  1.000
 209 K   0.00000 0.00000 0.00000 0.00000 0.00000 0.00000 0.00000 0.00000 1.00000 ( 9)  1.000
 210 N   0.00000 0.00000 0.00000 0.00000 0.00000 0.00000 0.00000 0.00000 1.00000 ( 9)  1.000
 211 E   0.00000 0.00000 0.00000 0.00000 0.00000 0.00000 0.00000 0.00000 1.00000 ( 9)  1.000
 212 K   0.00000 0.00000 0.00000 0.00000 0.00000 0.00000 0.00000 0.00000 1.00000 ( 9)  1.000
 213 Q   0.00000 0.00000 0.00000 0.00000 0.00000 0.00000 0.00000 0.00000 1.00000 ( 9)  1.000
 214 L   0.00000 0.00000 0.00000 0.00000 0.00000 0.00000 0.00000 0.00000 1.00000 ( 9)  1.000
 215 Y   0.00000 0.00000 0.00000 0.00000 0.00000 0.00000 0.00000 0.00000 1.00000 ( 9)  1.000
 216 I   0.00000 0.00000 0.00000 0.00000 0.00000 0.00000 0.00000 0.00000 1.00000 ( 9)  1.000
 217 N   0.04187 0.04187 0.04187 0.04187 0.04187 0.04187 0.04187 0.04187 0.66505 ( 9)  0.665
 218 I   0.00000 0.00000 0.00000 0.00000 0.00000 0.00000 0.00000 0.00000 1.00000 ( 9)  1.000
 219 K   0.00000 0.00000 0.00000 0.00000 0.00000 0.00000 0.00000 0.00000 1.00000 ( 9)  1.000
 220 L   0.00000 0.00000 0.00000 0.00000 0.00000 0.00000 0.00000 0.00000 1.00000 ( 9)  1.000
 221 G   0.00000 0.00000 0.00000 0.00000 0.00000 0.00000 0.00000 0.00000 1.00000 ( 9)  1.000
 222 N   0.00000 0.00000 0.00000 0.00000 0.00000 0.00000 0.00000 0.00000 1.00000 ( 9)  1.000
 223 V   0.00000 0.00000 0.00000 0.00000 0.00000 0.00000 0.00000 0.00000 1.00000 ( 9)  1.000
 224 M   0.00000 0.00000 0.00000 0.00000 0.00000 0.00000 0.00000 0.00000 1.00000 ( 9)  1.000
 225 P   0.00000 0.00000 0.00000 0.00000 0.00000 0.00000 0.00000 0.00000 1.00000 ( 9)  1.000
 226 V   0.00000 0.00000 0.00000 0.00000 0.00000 0.00000 0.00000 0.00000 1.00000 ( 9)  1.000
 227 S   0.03882 0.03882 0.03882 0.03882 0.03882 0.03882 0.03882 0.03882 0.68942 ( 9)  0.689
 228 P   0.00000 0.00000 0.00000 0.00000 0.00000 0.00000 0.00000 0.00000 1.00000 ( 9)  1.000
 229 R   0.00000 0.00000 0.00000 0.00000 0.00000 0.00000 0.00000 0.00000 1.00000 ( 9)  1.000
 230 Y   0.00000 0.00000 0.00000 0.00000 0.00000 0.00000 0.00000 0.00000 1.00000 ( 9)  1.000
 231 S   0.00000 0.00000 0.00000 0.00000 0.00000 0.00000 0.00000 0.00000 1.00000 ( 9)  1.000
 232 S   0.00000 0.00000 0.00000 0.00000 0.00000 0.00000 0.00000 0.00000 1.00000 ( 9)  1.000
 233 E   0.00000 0.00000 0.00000 0.00000 0.00000 0.00000 0.00000 0.00000 1.00000 ( 9)  1.000
 234 I   0.00000 0.00000 0.00000 0.00000 0.00000 0.00000 0.00000 0.00000 1.00000 ( 9)  1.000
 235 R   0.00000 0.00000 0.00000 0.00000 0.00000 0.00000 0.00000 0.00000 1.00000 ( 9)  1.000
 236 S   0.00000 0.00000 0.00000 0.00000 0.00000 0.00000 0.00000 0.00000 1.00000 ( 9)  1.000
 237 I   0.00000 0.00000 0.00000 0.00000 0.00000 0.00000 0.00000 0.00000 1.00000 ( 9)  1.000
 238 C   0.00000 0.00000 0.00000 0.00000 0.00000 0.00000 0.00000 0.00000 1.00000 ( 9)  1.000
 239 S   0.00000 0.00000 0.00000 0.00000 0.00000 0.00000 0.00000 0.00000 1.00000 ( 9)  1.000
 240 A   0.00000 0.00000 0.00000 0.00000 0.00000 0.00000 0.00000 0.00000 1.00000 ( 9)  1.000
 241 M   0.00000 0.00000 0.00000 0.00000 0.00000 0.00000 0.00000 0.00000 1.00000 ( 9)  1.000
 242 F   0.00000 0.00000 0.00000 0.00000 0.00000 0.00000 0.00000 0.00000 1.00000 ( 9)  1.000
 243 R   0.00000 0.00000 0.00000 0.00000 0.00000 0.00000 0.00000 0.00000 1.00000 ( 9)  1.000
 244 K   0.00000 0.00000 0.00000 0.00000 0.00000 0.00000 0.00000 0.00000 1.00000 ( 9)  1.000
 245 N   0.00000 0.00000 0.00000 0.00000 0.00000 0.00000 0.00000 0.00000 1.00000 ( 9)  1.000
 246 P   0.00000 0.00000 0.00000 0.00000 0.00000 0.00000 0.00000 0.00000 1.00000 ( 9)  1.000
 247 R   0.00000 0.00000 0.00000 0.00000 0.00000 0.00000 0.00000 0.00000 1.00000 ( 9)  1.000
 248 D   0.00000 0.00000 0.00000 0.00000 0.00000 0.00000 0.00000 0.00000 1.00000 ( 9)  1.000
 249 R   0.00000 0.00000 0.00000 0.00000 0.00000 0.00000 0.00000 0.00000 1.00000 ( 9)  1.000
 250 P   0.00000 0.00000 0.00000 0.00000 0.00000 0.00000 0.00000 0.00000 1.00000 ( 9)  1.000
 251 T   0.00000 0.00000 0.00000 0.00000 0.00000 0.00000 0.00000 0.00000 1.00000 ( 9)  1.000
 252 V   0.00000 0.00000 0.00000 0.00000 0.00000 0.00000 0.00000 0.00000 1.00000 ( 9)  1.000
 253 Q   0.00000 0.00000 0.00000 0.00000 0.00000 0.00000 0.00000 0.00000 1.00000 ( 9)  1.000
 254 A   0.00000 0.00000 0.00000 0.00000 0.00000 0.00000 0.00000 0.00000 1.00000 ( 9)  1.000
 255 L   0.00000 0.00000 0.00000 0.00000 0.00000 0.00000 0.00000 0.00000 1.00000 ( 9)  1.000
 256 L   0.02449 0.02449 0.02449 0.02449 0.02449 0.02449 0.02449 0.02449 0.80405 ( 9)  0.804
 257 K   0.00000 0.00000 0.00000 0.00000 0.00000 0.00000 0.00000 0.00000 1.00000 ( 9)  1.000
 258 K   0.00000 0.00000 0.00000 0.00000 0.00000 0.00000 0.00000 0.00000 1.00000 ( 9)  1.000
 259 E   0.00000 0.00000 0.00000 0.00000 0.00000 0.00000 0.00000 0.00000 1.00000 ( 9)  1.000
 260 V   0.00000 0.00000 0.00000 0.00000 0.00000 0.00000 0.00000 0.00000 1.00000 ( 9)  1.000
 261 L   0.02225 0.02225 0.02225 0.02225 0.02225 0.02225 0.02225 0.02225 0.82201 ( 9)  0.822
 262 L   0.00000 0.00000 0.00000 0.00000 0.00000 0.00000 0.00000 0.00000 1.00000 ( 9)  1.000
 263 P   0.00000 0.00000 0.00000 0.00000 0.00000 0.00000 0.00000 0.00000 1.00000 ( 9)  1.000
 264 A   0.00000 0.00000 0.00000 0.00000 0.00000 0.00000 0.00000 0.00000 1.00000 ( 9)  1.000
 265 L   0.00000 0.00000 0.00000 0.00000 0.00000 0.00000 0.00000 0.00000 1.00000 ( 9)  1.000
 266 L   0.00000 0.00000 0.00000 0.00000 0.00000 0.00000 0.00000 0.00000 1.00000 ( 9)  1.000
 267 K   0.00000 0.00000 0.00000 0.00000 0.00000 0.00000 0.00000 0.00000 1.00000 ( 9)  1.000
 268 H   0.00000 0.00000 0.00000 0.00000 0.00000 0.00000 0.00000 0.00000 1.00000 ( 9)  1.000
 269 I   0.00000 0.00000 0.00000 0.00000 0.00000 0.00000 0.00000 0.00000 1.00000 ( 9)  1.000
 270 S   0.00000 0.00000 0.00000 0.00000 0.00000 0.00000 0.00000 0.00000 1.00000 ( 9)  1.000
 271 A   0.02538 0.02538 0.02538 0.02538 0.02538 0.02538 0.02538 0.02538 0.79695 ( 9)  0.797
 272 E   0.00000 0.00000 0.00000 0.00000 0.00000 0.00000 0.00000 0.00000 1.00000 ( 9)  1.000
 273 E   0.00000 0.00000 0.00000 0.00000 0.00000 0.00000 0.00000 0.00000 1.00000 ( 9)  1.000
 274 V   0.00000 0.00000 0.00000 0.00000 0.00000 0.00000 0.00000 0.00000 1.00000 ( 9)  1.000
 275 A   0.02588 0.02588 0.02588 0.02588 0.02588 0.02588 0.02588 0.02588 0.79294 ( 9)  0.793
 276 A   0.00000 0.00000 0.00000 0.00000 0.00000 0.00000 0.00000 0.00000 1.00000 ( 9)  1.000
 277 I   0.00000 0.00000 0.00000 0.00000 0.00000 0.00000 0.00000 0.00000 1.00000 ( 9)  1.000
 278 Q   0.00000 0.00000 0.00000 0.00000 0.00000 0.00000 0.00000 0.00000 1.00000 ( 9)  1.000
 279 Q   0.00000 0.00000 0.00000 0.00000 0.00000 0.00000 0.00000 0.00000 1.00000 ( 9)  1.000
 280 A   0.02557 0.02557 0.02557 0.02557 0.02557 0.02557 0.02557 0.02557 0.79543 ( 9)  0.795
 281 S   0.00000 0.00000 0.00000 0.00000 0.00000 0.00000 0.00000 0.00000 1.00000 ( 9)  1.000
 282 P   0.00000 0.00000 0.00000 0.00000 0.00000 0.00000 0.00000 0.00000 1.00000 ( 9)  1.000
 283 A   0.00000 0.00000 0.00000 0.00000 0.00000 0.00000 0.00000 0.00000 1.00000 ( 9)  1.000
 284 S   0.00000 0.00000 0.00000 0.00000 0.00000 0.00000 0.00000 0.00000 1.00000 ( 9)  1.000
 285 A   0.00000 0.00000 0.00000 0.00000 0.00000 0.00000 0.00000 0.00000 1.00000 ( 9)  1.000
 286 G   0.03243 0.03243 0.03243 0.03243 0.03243 0.03243 0.03243 0.03243 0.74057 ( 9)  0.741
 287 Q   0.00000 0.00000 0.00000 0.00000 0.00000 0.00000 0.00000 0.00000 1.00000 ( 9)  1.000
 288 K   0.00000 0.00000 0.00000 0.00000 0.00000 0.00000 0.00000 0.00000 1.00000 ( 9)  1.000
 289 R   0.00000 0.00000 0.00000 0.00000 0.00000 0.00000 0.00000 0.00000 1.00000 ( 9)  1.000
 290 P   0.00000 0.00000 0.00000 0.00000 0.00000 0.00000 0.00000 0.00000 1.00000 ( 9)  1.000
 291 G   0.00000 0.00000 0.00000 0.00000 0.00000 0.00000 0.00000 0.00000 1.00000 ( 9)  1.000
 292 S   0.00000 0.00000 0.00000 0.00000 0.00000 0.00000 0.00000 0.00000 1.00000 ( 9)  1.000
 293 A   0.00000 0.00000 0.00000 0.00000 0.00000 0.00000 0.00000 0.00000 1.00000 ( 9)  1.000
 294 P   0.00000 0.00000 0.00000 0.00000 0.00000 0.00000 0.00000 0.00000 1.00000 ( 9)  1.000
 295 R   0.00000 0.00000 0.00000 0.00000 0.00000 0.00000 0.00000 0.00000 1.00000 ( 9)  1.000
 296 P   0.00000 0.00000 0.00000 0.00000 0.00000 0.00000 0.00000 0.00000 1.00000 ( 9)  1.000
 297 S   0.00000 0.00000 0.00000 0.00000 0.00000 0.00000 0.00000 0.00000 1.00000 ( 9)  1.000
 298 S   0.00000 0.00000 0.00000 0.00000 0.00000 0.00000 0.00000 0.00000 1.00000 ( 9)  1.000
 299 A   0.00000 0.00000 0.00000 0.00000 0.00000 0.00000 0.00000 0.00000 1.00000 ( 9)  1.000
 300 S   0.00000 0.00000 0.00000 0.00000 0.00000 0.00000 0.00000 0.00000 1.00000 ( 9)  1.000
 301 S   0.00000 0.00000 0.00000 0.00000 0.00000 0.00000 0.00000 0.00000 1.00000 ( 9)  1.000
 302 K   0.00000 0.00000 0.00000 0.00000 0.00000 0.00000 0.00000 0.00000 1.00000 ( 9)  1.000
 303 R   0.00000 0.00000 0.00000 0.00000 0.00000 0.00000 0.00000 0.00000 1.00000 ( 9)  1.000
 304 A   0.00000 0.00000 0.00000 0.00000 0.00000 0.00000 0.00000 0.00000 1.00000 ( 9)  1.000
 305 V   0.00000 0.00000 0.00000 0.00000 0.00000 0.00000 0.00000 0.00000 1.00000 ( 9)  1.000
 306 A   0.02557 0.02557 0.02557 0.02557 0.02557 0.02557 0.02557 0.02557 0.79543 ( 9)  0.795
 307 A   0.00000 0.00000 0.00000 0.00000 0.00000 0.00000 0.00000 0.00000 1.00000 ( 9)  1.000
 308 A   0.00000 0.00000 0.00000 0.00000 0.00000 0.00000 0.00000 0.00000 1.00000 ( 9)  1.000
 309 A   0.02547 0.02547 0.02547 0.02547 0.02547 0.02547 0.02547 0.02547 0.79624 ( 9)  0.796
 310 A   0.02570 0.02570 0.02570 0.02570 0.02570 0.02570 0.02570 0.02570 0.79442 ( 9)  0.794
 311 A   0.00000 0.00000 0.00000 0.00000 0.00000 0.00000 0.00000 0.00000 1.00000 ( 9)  1.000
 312 Y   0.00000 0.00000 0.00000 0.00000 0.00000 0.00000 0.00000 0.00000 1.00000 ( 9)  1.000
 313 P   0.00000 0.00000 0.00000 0.00000 0.00000 0.00000 0.00000 0.00000 1.00000 ( 9)  1.000
 314 A   0.00000 0.00000 0.00000 0.00000 0.00000 0.00000 0.00000 0.00000 1.00000 ( 9)  1.000
 315 A   0.00000 0.00000 0.00000 0.00000 0.00000 0.00000 0.00000 0.00000 1.00000 ( 9)  1.000
 316 P   0.00000 0.00000 0.00000 0.00000 0.00000 0.00000 0.00000 0.00000 1.00000 ( 9)  1.000
 317 L   0.00000 0.00000 0.00000 0.00000 0.00000 0.00000 0.00000 0.00000 1.00000 ( 9)  1.000
 318 S   0.00000 0.00000 0.00000 0.00000 0.00000 0.00000 0.00000 0.00000 1.00000 ( 9)  1.000
 319 P   0.00000 0.00000 0.00000 0.00000 0.00000 0.00000 0.00000 0.00000 1.00000 ( 9)  1.000
 320 Y   0.00000 0.00000 0.00000 0.00000 0.00000 0.00000 0.00000 0.00000 1.00000 ( 9)  1.000
 321 A   0.00000 0.00000 0.00000 0.00000 0.00000 0.00000 0.00000 0.00000 1.00000 ( 9)  1.000
 322 Q   0.00000 0.00000 0.00000 0.00000 0.00000 0.00000 0.00000 0.00000 1.00000 ( 9)  1.000
 323 K   0.00000 0.00000 0.00000 0.00000 0.00000 0.00000 0.00000 0.00000 1.00000 ( 9)  1.000
 324 L   0.00000 0.00000 0.00000 0.00000 0.00000 0.00000 0.00000 0.00000 1.00000 ( 9)  1.000
 325 G   0.03284 0.03284 0.03284 0.03284 0.03284 0.03284 0.03284 0.03284 0.73729 ( 9)  0.737
 326 G   0.03163 0.03163 0.03163 0.03163 0.03163 0.03163 0.03163 0.03163 0.74694 ( 9)  0.747
 327 G   0.00000 0.00000 0.00000 0.00000 0.00000 0.00000 0.00000 0.00000 1.00000 ( 9)  1.000
 328 G   0.00000 0.00000 0.00000 0.00000 0.00000 0.00000 0.00000 0.00000 1.00000 ( 9)  1.000
 329 G   0.00000 0.00000 0.00000 0.00000 0.00000 0.00000 0.00000 0.00000 1.00000 ( 9)  1.000
 330 G   0.00000 0.00000 0.00000 0.00000 0.00000 0.00000 0.00000 0.00000 1.00000 ( 9)  1.000
 331 G   0.00000 0.00000 0.00000 0.00000 0.00000 0.00000 0.00000 0.00000 1.00000 ( 9)  1.000
 332 N   0.00000 0.00000 0.00000 0.00000 0.00000 0.00000 0.00000 0.00000 1.00000 ( 9)  1.000
 333 E   0.00000 0.00000 0.00000 0.00000 0.00000 0.00000 0.00000 0.00000 1.00000 ( 9)  1.000
 334 S   0.00000 0.00000 0.00000 0.00000 0.00000 0.00000 0.00000 0.00000 1.00000 ( 9)  1.000
 335 A   0.02576 0.02576 0.02576 0.02576 0.02576 0.02576 0.02576 0.02576 0.79392 ( 9)  0.794
 336 S   0.00000 0.00000 0.00000 0.00000 0.00000 0.00000 0.00000 0.00000 1.00000 ( 9)  1.000
 337 L   0.00000 0.00000 0.00000 0.00000 0.00000 0.00000 0.00000 0.00000 1.00000 ( 9)  1.000
 338 A   0.00000 0.00000 0.00000 0.00000 0.00000 0.00000 0.00000 0.00000 1.00000 ( 9)  1.000
 339 A   0.00000 0.00000 0.00000 0.00000 0.00000 0.00000 0.00000 0.00000 1.00000 ( 9)  1.000
 340 A   0.00000 0.00000 0.00000 0.00000 0.00000 0.00000 0.00000 0.00000 1.00000 ( 9)  1.000
 341 R   0.00000 0.00000 0.00000 0.00000 0.00000 0.00000 0.00000 0.00000 1.00000 ( 9)  1.000
 342 R   0.00000 0.00000 0.00000 0.00000 0.00000 0.00000 0.00000 0.00000 1.00000 ( 9)  1.000
 343 R   0.03771 0.03771 0.03771 0.03771 0.03771 0.03771 0.03771 0.03771 0.69834 ( 9)  0.698
 344 D   0.00000 0.00000 0.00000 0.00000 0.00000 0.00000 0.00000 0.00000 1.00000 ( 9)  1.000
 345 Q   0.00000 0.00000 0.00000 0.00000 0.00000 0.00000 0.00000 0.00000 1.00000 ( 9)  1.000
 346 E   0.00000 0.00000 0.00000 0.00000 0.00000 0.00000 0.00000 0.00000 1.00000 ( 9)  1.000
 347 Q   0.00000 0.00000 0.00000 0.00000 0.00000 0.00000 0.00000 0.00000 1.00000 ( 9)  1.000
 348 R   0.03748 0.03748 0.03748 0.03748 0.03748 0.03748 0.03748 0.03748 0.70013 ( 9)  0.700
 349 L   0.00000 0.00000 0.00000 0.00000 0.00000 0.00000 0.00000 0.00000 1.00000 ( 9)  1.000
 350 A   0.02576 0.02576 0.02576 0.02576 0.02576 0.02576 0.02576 0.02576 0.79392 ( 9)  0.794

Positively selected sites

	Prob(w>1)  mean w



lnL = -2901.397664

Bayes Empirical Bayes (BEB) probabilities for 11 classes (class) & postmean_w
(amino acids refer to 1st sequence: Mlig.28128)

   1 T   0.00769 0.01417 0.01840 0.02195 0.02581 0.03049 0.03671 0.04616 0.06486 0.36914 0.36462 (10)  1.132 +-  0.697
   2 G   0.00009 0.00133 0.00408 0.00776 0.01216 0.01751 0.02455 0.03503 0.05494 0.33895 0.50359 (11)  1.488 +-  1.277
   3 M   0.00235 0.00954 0.01605 0.02135 0.02623 0.03144 0.03791 0.04751 0.06640 0.37482 0.36640 (10)  1.138 +-  0.669
   4 S   0.01855 0.02875 0.03155 0.03203 0.03273 0.03459 0.03830 0.04538 0.06128 0.34674 0.33009 (10)  1.062 +-  0.692
   5 N   0.00931 0.01464 0.01819 0.02166 0.02563 0.03044 0.03675 0.04627 0.06503 0.36979 0.36229 (10)  1.126 +-  0.681
   6 S   0.00931 0.01582 0.01973 0.02299 0.02660 0.03104 0.03702 0.04622 0.06461 0.36701 0.35965 (10)  1.123 +-  0.693
   7 Y   0.00416 0.01700 0.02679 0.03211 0.03519 0.03794 0.04183 0.04881 0.06468 0.35771 0.33378 (10)  1.083 +-  0.668
   8 E   0.00111 0.00646 0.01312 0.01929 0.02499 0.03081 0.03774 0.04771 0.06702 0.37801 0.37373 (10)  1.155 +-  0.685
   9 P   0.00042 0.00293 0.00720 0.01250 0.01853 0.02539 0.03373 0.04536 0.06673 0.38523 0.40198 (11)  1.206 +-  0.724
  10 I   0.00078 0.00526 0.01148 0.01761 0.02348 0.02959 0.03685 0.04720 0.06698 0.37982 0.38095 (11)  1.168 +-  0.693
  11 R   0.00712 0.01291 0.01726 0.02126 0.02554 0.03053 0.03695 0.04656 0.06542 0.37132 0.36514 (10)  1.134 +-  0.689
  12 R   0.00046 0.00326 0.00795 0.01363 0.01990 0.02686 0.03516 0.04662 0.06770 0.38673 0.39173 (11)  1.187 +-  0.693
  13 I   0.00030 0.00226 0.00594 0.01093 0.01694 0.02402 0.03272 0.04481 0.06677 0.38791 0.40740 (11)  1.213 +-  0.717
  14 G   0.08676 0.04229 0.03097 0.02758 0.02761 0.02967 0.03372 0.04094 0.05639 0.32475 0.29932 (10)  0.977 +-  0.714
  15 E   0.02895 0.03529 0.03386 0.03235 0.03235 0.03399 0.03763 0.04461 0.06024 0.34141 0.31930 (10)  1.037 +-  0.693
  16 G   0.00683 0.01315 0.01772 0.02166 0.02578 0.03060 0.03689 0.04639 0.06514 0.37019 0.36565 (10)  1.135 +-  0.695
  17 A   0.00381 0.01446 0.02195 0.02637 0.02978 0.03352 0.03870 0.04712 0.06470 0.36480 0.35479 (10)  1.117 +-  0.685
  18 Y   0.00133 0.00697 0.01360 0.01969 0.02534 0.03114 0.03802 0.04793 0.06713 0.37771 0.37115 (10)  1.152 +-  0.686
  19 G   0.00715 0.01347 0.01800 0.02191 0.02601 0.03081 0.03707 0.04653 0.06525 0.37040 0.36341 (10)  1.130 +-  0.683
  20 K   0.00285 0.00682 0.01177 0.01704 0.02252 0.02854 0.03586 0.04636 0.06633 0.37861 0.38329 (11)  1.170 +-  0.703
  21 A   0.00112 0.00627 0.01256 0.01846 0.02406 0.02994 0.03703 0.04723 0.06685 0.37891 0.37756 (10)  1.160 +-  0.682
  22 I   0.00239 0.00776 0.01320 0.01838 0.02363 0.02939 0.03647 0.04670 0.06633 0.37731 0.37845 (11)  1.161 +-  0.696
  23 L   0.00520 0.01450 0.02231 0.02767 0.03169 0.03557 0.04049 0.04841 0.06527 0.36291 0.34596 (10)  1.105 +-  0.682
  24 V   0.00200 0.00870 0.01516 0.02056 0.02555 0.03088 0.03750 0.04727 0.06639 0.37568 0.37029 (10)  1.146 +-  0.678
  25 R   0.00193 0.00894 0.01588 0.02150 0.02647 0.03163 0.03801 0.04751 0.06631 0.37414 0.36769 (10)  1.143 +-  0.682
  26 K   0.01207 0.02049 0.02416 0.02625 0.02860 0.03197 0.03710 0.04557 0.06315 0.35955 0.35110 (10)  1.104 +-  0.697
  27 K   0.00333 0.00750 0.01246 0.01763 0.02298 0.02886 0.03608 0.04648 0.06634 0.37831 0.38003 (11)  1.162 +-  0.689
  28 S   0.00521 0.01056 0.01468 0.01845 0.02263 0.02776 0.03454 0.04470 0.06437 0.37201 0.38510 (11)  1.170 +-  0.731
  29 N   0.00129 0.00681 0.01311 0.01882 0.02421 0.02992 0.03690 0.04703 0.06660 0.37813 0.37718 (10)  1.158 +-  0.680
  30 N   0.00967 0.01482 0.01827 0.02172 0.02568 0.03049 0.03679 0.04629 0.06502 0.36958 0.36168 (10)  1.125 +-  0.681
  31 Q   0.01275 0.02103 0.02434 0.02622 0.02849 0.03186 0.03700 0.04550 0.06309 0.35939 0.35032 (10)  1.102 +-  0.695
  32 R   0.00114 0.00595 0.01174 0.01735 0.02290 0.02888 0.03616 0.04662 0.06657 0.37944 0.38325 (11)  1.170 +-  0.696
  33 C   0.00034 0.00259 0.00668 0.01197 0.01813 0.02518 0.03373 0.04555 0.06712 0.38717 0.40154 (11)  1.203 +-  0.710
  34 V   0.02386 0.02737 0.02710 0.02760 0.02931 0.03231 0.03708 0.04512 0.06204 0.35257 0.33564 (10)  1.069 +-  0.687
  35 I   0.00744 0.01370 0.01807 0.02187 0.02591 0.03070 0.03698 0.04647 0.06521 0.37042 0.36323 (10)  1.129 +-  0.681
  36 K   0.00347 0.01275 0.01967 0.02439 0.02836 0.03266 0.03832 0.04717 0.06524 0.36830 0.35967 (10)  1.125 +-  0.677
  37 E   0.00559 0.01873 0.02615 0.02964 0.03209 0.03503 0.03951 0.04727 0.06406 0.35973 0.34220 (10)  1.091 +-  0.667
  38 V   0.02386 0.02737 0.02710 0.02760 0.02931 0.03231 0.03708 0.04512 0.06204 0.35257 0.33564 (10)  1.069 +-  0.687
  39 M   0.00128 0.00375 0.00773 0.01287 0.01888 0.02577 0.03415 0.04580 0.06715 0.38651 0.39611 (11)  1.191 +-  0.692
  40 L   0.00547 0.01517 0.02293 0.02799 0.03172 0.03537 0.04017 0.04804 0.06489 0.36201 0.34623 (10)  1.103 +-  0.677
  41 S   0.00054 0.00428 0.01023 0.01657 0.02280 0.02924 0.03678 0.04736 0.06739 0.38201 0.38279 (11)  1.171 +-  0.684
  42 R   0.12125 0.05865 0.03931 0.03168 0.02925 0.02969 0.03245 0.03837 0.05200 0.30090 0.26646 (10)  0.900 +-  0.715
  43 M   0.00235 0.00954 0.01605 0.02135 0.02623 0.03144 0.03791 0.04751 0.06640 0.37482 0.36640 (10)  1.138 +-  0.669
  44 R   0.09084 0.05027 0.03701 0.03145 0.02979 0.03058 0.03362 0.03992 0.05429 0.31354 0.28869 (10)  0.953 +-  0.723
  45 S   0.00030 0.00239 0.00636 0.01160 0.01776 0.02485 0.03348 0.04541 0.06713 0.38773 0.40300 (11)  1.208 +-  0.720
  46 Q   0.00059 0.00404 0.00937 0.01529 0.02142 0.02800 0.03579 0.04669 0.06711 0.38246 0.38923 (11)  1.184 +-  0.708
  47 R   0.00103 0.00585 0.01199 0.01796 0.02371 0.02972 0.03691 0.04720 0.06691 0.37937 0.37935 (10)  1.164 +-  0.687
  48 E   0.03047 0.03548 0.03332 0.03166 0.03170 0.03345 0.03720 0.04431 0.06007 0.34139 0.32095 (10)  1.039 +-  0.696
  49 R   0.02048 0.03332 0.03719 0.03732 0.03705 0.03776 0.04032 0.04625 0.06079 0.33942 0.31011 (10)  1.026 +-  0.675
  50 E   0.09648 0.04464 0.03266 0.02895 0.02857 0.03021 0.03384 0.04062 0.05549 0.31894 0.28962 (10)  0.955 +-  0.711
  51 S   0.00123 0.00654 0.01289 0.01879 0.02432 0.03009 0.03704 0.04709 0.06653 0.37724 0.37826 (11)  1.162 +-  0.695
  52 A   0.00560 0.01151 0.01629 0.02056 0.02498 0.03006 0.03657 0.04629 0.06533 0.37192 0.37090 (10)  1.145 +-  0.700
  53 K   0.00046 0.00305 0.00731 0.01256 0.01859 0.02552 0.03396 0.04572 0.06727 0.38771 0.39785 (11)  1.195 +-  0.693
  54 Q   0.00424 0.01053 0.01600 0.02059 0.02506 0.03008 0.03654 0.04622 0.06527 0.37199 0.37348 (11)  1.151 +-  0.707
  55 E   0.03049 0.03583 0.03377 0.03207 0.03206 0.03374 0.03744 0.04448 0.06018 0.34153 0.31840 (10)  1.033 +-  0.683
  56 V   0.00041 0.00306 0.00762 0.01319 0.01938 0.02629 0.03459 0.04609 0.06726 0.38589 0.39621 (11)  1.195 +-  0.707
  57 E   0.00022 0.00206 0.00588 0.01113 0.01739 0.02464 0.03342 0.04551 0.06742 0.38948 0.40285 (11)  1.204 +-  0.698
  58 L   0.00029 0.00227 0.00602 0.01102 0.01699 0.02398 0.03259 0.04458 0.06646 0.38655 0.40926 (11)  1.218 +-  0.736
  59 L   0.00771 0.01420 0.01884 0.02276 0.02675 0.03139 0.03746 0.04670 0.06515 0.36890 0.36014 (10)  1.125 +-  0.685
  60 K   0.00034 0.00256 0.00654 0.01168 0.01770 0.02468 0.03323 0.04512 0.06685 0.38712 0.40417 (11)  1.208 +-  0.717
  61 Q   0.00061 0.00460 0.01066 0.01692 0.02300 0.02928 0.03669 0.04716 0.06709 0.38071 0.38326 (11)  1.172 +-  0.694
  62 F   0.00934 0.01632 0.02033 0.02344 0.02683 0.03110 0.03695 0.04606 0.06435 0.36589 0.35938 (10)  1.122 +-  0.697
  63 D   0.00594 0.01167 0.01626 0.02047 0.02489 0.03000 0.03657 0.04634 0.06546 0.37275 0.36965 (10)  1.141 +-  0.683
  64 H   0.11263 0.05486 0.03873 0.03257 0.03059 0.03103 0.03364 0.03942 0.05296 0.30419 0.26938 (10)  0.911 +-  0.716
  65 P   0.00127 0.00678 0.01339 0.01953 0.02523 0.03107 0.03800 0.04795 0.06719 0.37804 0.37154 (10)  1.153 +-  0.686
  66 S   0.00023 0.00218 0.00612 0.01139 0.01760 0.02475 0.03343 0.04541 0.06722 0.38849 0.40317 (11)  1.205 +-  0.703
  67 I   0.00184 0.00819 0.01455 0.02003 0.02515 0.03060 0.03731 0.04716 0.06636 0.37584 0.37298 (10)  1.152 +-  0.689
  68 V   0.00129 0.00674 0.01308 0.01885 0.02425 0.02994 0.03686 0.04692 0.06642 0.37734 0.37831 (11)  1.161 +-  0.688
  69 H   0.00005 0.00095 0.00323 0.00664 0.01101 0.01650 0.02376 0.03451 0.05472 0.33926 0.50938 (11)  1.502 +-  1.292
  70 Y   0.00062 0.00396 0.00901 0.01473 0.02086 0.02757 0.03559 0.04675 0.06747 0.38459 0.38884 (11)  1.183 +-  0.700
  71 L   0.00052 0.00345 0.00812 0.01364 0.01975 0.02659 0.03482 0.04626 0.06734 0.38573 0.39379 (11)  1.191 +-  0.706
  72 D   0.00721 0.01297 0.01736 0.02135 0.02556 0.03048 0.03685 0.04642 0.06525 0.37083 0.36571 (10)  1.134 +-  0.690
  73 S   0.00047 0.00338 0.00826 0.01407 0.02039 0.02732 0.03552 0.04685 0.06776 0.38617 0.38981 (11)  1.184 +-  0.691
  74 F   0.01273 0.02196 0.02677 0.02953 0.03189 0.03478 0.03914 0.04667 0.06307 0.35434 0.33912 (10)  1.085 +-  0.692
  75 I   0.00501 0.01120 0.01614 0.02042 0.02482 0.02990 0.03644 0.04623 0.06537 0.37273 0.37174 (10)  1.145 +-  0.689
  76 E   0.00165 0.00754 0.01360 0.01895 0.02409 0.02969 0.03663 0.04676 0.06634 0.37747 0.37729 (10)  1.158 +-  0.683
  77 A   0.00415 0.01505 0.02222 0.02631 0.02953 0.03322 0.03840 0.04687 0.06451 0.36444 0.35530 (10)  1.117 +-  0.687
  78 G   0.00697 0.01333 0.01792 0.02186 0.02597 0.03078 0.03705 0.04653 0.06526 0.37053 0.36378 (10)  1.130 +-  0.683
  79 S   0.00155 0.00773 0.01460 0.02062 0.02606 0.03161 0.03826 0.04795 0.06692 0.37638 0.36832 (10)  1.146 +-  0.680
  80 L   0.00054 0.00355 0.00829 0.01383 0.01991 0.02669 0.03486 0.04625 0.06727 0.38541 0.39340 (11)  1.190 +-  0.703
  81 H   0.00191 0.00887 0.01579 0.02142 0.02643 0.03164 0.03806 0.04761 0.06645 0.37475 0.36708 (10)  1.141 +-  0.675
  82 I   0.00057 0.00373 0.00873 0.01456 0.02085 0.02772 0.03587 0.04712 0.06792 0.38626 0.38667 (11)  1.177 +-  0.679
  83 V   0.00730 0.01300 0.01735 0.02132 0.02553 0.03043 0.03679 0.04634 0.06516 0.37045 0.36631 (10)  1.136 +-  0.696
  84 M   0.00147 0.00758 0.01442 0.02042 0.02585 0.03143 0.03815 0.04793 0.06702 0.37734 0.36839 (10)  1.143 +-  0.666
  85 E   0.01381 0.02151 0.02451 0.02648 0.02889 0.03230 0.03736 0.04571 0.06308 0.35823 0.34811 (10)  1.098 +-  0.696
  86 F   0.00067 0.00414 0.00921 0.01487 0.02090 0.02754 0.03551 0.04665 0.06737 0.38457 0.38857 (11)  1.180 +-  0.691
  87 C   0.00084 0.00499 0.01062 0.01642 0.02224 0.02847 0.03594 0.04656 0.06668 0.38035 0.38688 (11)  1.177 +-  0.701
  88 D   0.00600 0.01904 0.02566 0.02863 0.03098 0.03403 0.03872 0.04674 0.06383 0.36012 0.34625 (10)  1.099 +-  0.681
  89 G   0.00037 0.00274 0.00693 0.01227 0.01843 0.02547 0.03399 0.04579 0.06733 0.38757 0.39911 (11)  1.200 +-  0.710
  90 G   0.00237 0.01112 0.01900 0.02446 0.02876 0.03316 0.03880 0.04761 0.06562 0.36927 0.35983 (10)  1.127 +-  0.675
  91 D   0.00185 0.00822 0.01460 0.02009 0.02521 0.03066 0.03737 0.04721 0.06642 0.37602 0.37236 (10)  1.151 +-  0.685
  92 L   0.00031 0.00254 0.00672 0.01212 0.01833 0.02538 0.03388 0.04564 0.06714 0.38682 0.40111 (11)  1.204 +-  0.714
  93 S   0.00155 0.00791 0.01474 0.02050 0.02568 0.03107 0.03770 0.04746 0.06657 0.37621 0.37062 (10)  1.147 +-  0.677
  94 S   0.00103 0.00586 0.01213 0.01827 0.02417 0.03028 0.03749 0.04774 0.06734 0.37997 0.37572 (10)  1.159 +-  0.684
  95 K   0.00668 0.01308 0.01821 0.02255 0.02675 0.03144 0.03750 0.04672 0.06516 0.36902 0.36290 (10)  1.131 +-  0.693
  96 I   0.00130 0.00700 0.01374 0.01981 0.02534 0.03100 0.03778 0.04763 0.06681 0.37699 0.37261 (10)  1.153 +-  0.685
  97 S   0.00050 0.00353 0.00846 0.01426 0.02054 0.02741 0.03557 0.04685 0.06770 0.38577 0.38940 (11)  1.183 +-  0.693
  98 A   0.00151 0.00760 0.01429 0.02013 0.02546 0.03099 0.03772 0.04755 0.06673 0.37690 0.37111 (10)  1.148 +-  0.676
  99 Q   0.00786 0.01538 0.02043 0.02418 0.02780 0.03204 0.03775 0.04667 0.06477 0.36647 0.35666 (10)  1.118 +-  0.687
 100 R   0.00197 0.00884 0.01553 0.02098 0.02588 0.03106 0.03750 0.04708 0.06598 0.37349 0.37170 (10)  1.151 +-  0.702
 101 S   0.00030 0.00241 0.00640 0.01166 0.01784 0.02495 0.03358 0.04552 0.06726 0.38817 0.40191 (11)  1.205 +-  0.712
 102 P   0.00551 0.01200 0.01705 0.02121 0.02537 0.03019 0.03652 0.04611 0.06504 0.37090 0.37012 (10)  1.142 +-  0.696
 103 F   0.00594 0.01159 0.01612 0.02024 0.02459 0.02966 0.03621 0.04600 0.06515 0.37201 0.37249 (11)  1.146 +-  0.697
 104 P   0.00127 0.00661 0.01287 0.01869 0.02424 0.03008 0.03714 0.04729 0.06683 0.37837 0.37662 (10)  1.161 +-  0.695
 105 E   0.01760 0.02278 0.02454 0.02617 0.02852 0.03196 0.03708 0.04547 0.06287 0.35754 0.34547 (10)  1.090 +-  0.687
 106 E   0.00114 0.00658 0.01341 0.01974 0.02550 0.03132 0.03817 0.04804 0.06723 0.37826 0.37061 (10)  1.149 +-  0.670
 107 Q   0.00052 0.00379 0.00904 0.01499 0.02119 0.02786 0.03575 0.04674 0.06728 0.38348 0.38935 (11)  1.183 +-  0.699
 108 V   0.01868 0.02447 0.02567 0.02668 0.02860 0.03176 0.03671 0.04498 0.06225 0.35517 0.34502 (10)  1.088 +-  0.695
 109 V   0.00066 0.00420 0.00946 0.01530 0.02143 0.02808 0.03600 0.04704 0.06761 0.38462 0.38559 (11)  1.175 +-  0.683
 110 D   0.00010 0.00131 0.00372 0.00699 0.01113 0.01640 0.02350 0.03414 0.05429 0.33793 0.51049 (11)  1.503 +-  1.294
 111 W   0.02058 0.03393 0.03716 0.03617 0.03497 0.03519 0.03770 0.04389 0.05893 0.33668 0.32479 (10)  1.047 +-  0.707
 112 F   0.01597 0.02568 0.02913 0.03041 0.03175 0.03408 0.03818 0.04560 0.06191 0.35043 0.33685 (10)  1.076 +-  0.698
 113 A   0.06760 0.03480 0.02772 0.02626 0.02728 0.02996 0.03450 0.04224 0.05848 0.33584 0.31531 (10)  1.014 +-  0.710
 114 Q   0.00691 0.01430 0.01968 0.02375 0.02760 0.03200 0.03782 0.04684 0.06504 0.36773 0.35832 (10)  1.122 +-  0.686
 115 M   0.01294 0.01730 0.01985 0.02279 0.02643 0.03097 0.03701 0.04623 0.06459 0.36655 0.35533 (10)  1.111 +-  0.678
 116 C   0.03021 0.04360 0.04457 0.04182 0.03941 0.03860 0.04004 0.04500 0.05839 0.32666 0.29171 (10)  0.986 +-  0.672
 117 L   0.00630 0.01194 0.01632 0.02032 0.02460 0.02962 0.03614 0.04590 0.06500 0.37122 0.37264 (11)  1.148 +-  0.706
 118 A   0.00067 0.00412 0.00927 0.01506 0.02122 0.02794 0.03593 0.04704 0.06769 0.38508 0.38598 (11)  1.176 +-  0.682
 119 L   0.00037 0.00281 0.00712 0.01252 0.01866 0.02562 0.03402 0.04568 0.06706 0.38623 0.39991 (11)  1.201 +-  0.713
 120 K   0.11748 0.05350 0.03646 0.03033 0.02870 0.02960 0.03269 0.03892 0.05296 0.30607 0.27330 (10)  0.915 +-  0.714
 121 Y   0.02863 0.03967 0.03980 0.03762 0.03632 0.03667 0.03915 0.04504 0.05943 0.33387 0.30381 (10)  1.010 +-  0.684
 122 V   0.06686 0.03519 0.02814 0.02656 0.02745 0.03004 0.03449 0.04215 0.05830 0.33491 0.31591 (10)  1.017 +-  0.720
 123 H   0.00063 0.00395 0.00895 0.01464 0.02077 0.02752 0.03559 0.04680 0.06760 0.38541 0.38814 (11)  1.180 +-  0.686
 124 D   0.01103 0.01750 0.02103 0.02394 0.02723 0.03139 0.03712 0.04609 0.06420 0.36468 0.35578 (10)  1.114 +-  0.690
 125 K   0.02495 0.03345 0.03412 0.03343 0.03355 0.03507 0.03852 0.04532 0.06079 0.34294 0.31786 (10)  1.036 +-  0.677
 126 H   0.01086 0.01736 0.02093 0.02387 0.02717 0.03134 0.03708 0.04605 0.06416 0.36455 0.35662 (10)  1.116 +-  0.695
 127 V   0.02000 0.02579 0.02675 0.02754 0.02927 0.03225 0.03704 0.04514 0.06220 0.35404 0.33997 (10)  1.078 +-  0.688
 128 I   0.00239 0.00776 0.01320 0.01838 0.02363 0.02939 0.03647 0.04670 0.06633 0.37731 0.37845 (11)  1.161 +-  0.696
 129 H   0.00570 0.01174 0.01645 0.02054 0.02477 0.02973 0.03619 0.04593 0.06503 0.37160 0.37231 (11)  1.145 +-  0.695
 130 R   0.00773 0.01552 0.02083 0.02460 0.02809 0.03215 0.03768 0.04645 0.06439 0.36483 0.35773 (10)  1.120 +-  0.697
 131 D   0.02998 0.03208 0.02977 0.02893 0.02985 0.03233 0.03672 0.04443 0.06090 0.34696 0.32805 (10)  1.051 +-  0.686
 132 I   0.10255 0.04758 0.03258 0.02759 0.02686 0.02853 0.03233 0.03933 0.05440 0.31602 0.29224 (10)  0.955 +-  0.724
 133 K   0.00011 0.00162 0.00523 0.01044 0.01677 0.02415 0.03308 0.04534 0.06747 0.39039 0.40539 (11)  1.209 +-  0.701
 134 P   0.01559 0.02558 0.02965 0.03141 0.03298 0.03536 0.03937 0.04663 0.06272 0.35185 0.32885 (10)  1.063 +-  0.675
 135 Q   0.00099 0.00516 0.01044 0.01597 0.02178 0.02817 0.03589 0.04677 0.06717 0.38269 0.38498 (11)  1.174 +-  0.693
 136 N   0.00195 0.00903 0.01603 0.02168 0.02665 0.03181 0.03818 0.04767 0.06646 0.37462 0.36592 (10)  1.138 +-  0.670
 137 I   0.00646 0.01152 0.01552 0.01952 0.02397 0.02923 0.03597 0.04594 0.06526 0.37282 0.37379 (11)  1.149 +-  0.700
 138 F   0.00041 0.00303 0.00754 0.01309 0.01930 0.02626 0.03462 0.04618 0.06742 0.38658 0.39559 (11)  1.194 +-  0.705
 139 L   0.00658 0.01393 0.01946 0.02369 0.02763 0.03206 0.03789 0.04690 0.06509 0.36781 0.35896 (10)  1.124 +-  0.690
 140 M   0.02404 0.02754 0.02725 0.02773 0.02942 0.03241 0.03717 0.04520 0.06211 0.35274 0.33439 (10)  1.066 +-  0.680
 141 R   0.00330 0.00744 0.01237 0.01752 0.02286 0.02874 0.03595 0.04635 0.06621 0.37789 0.38138 (11)  1.165 +-  0.698
 142 S   0.00047 0.00331 0.00807 0.01377 0.02005 0.02699 0.03525 0.04668 0.06773 0.38676 0.39093 (11)  1.184 +-  0.686
 143 G   0.08702 0.04353 0.03187 0.02811 0.02788 0.02976 0.03367 0.04076 0.05605 0.32293 0.29843 (10)  0.976 +-  0.723
 144 Q   0.00147 0.00714 0.01333 0.01889 0.02417 0.02980 0.03671 0.04678 0.06625 0.37655 0.37892 (11)  1.164 +-  0.704
 145 V   0.00596 0.01163 0.01617 0.02029 0.02464 0.02971 0.03626 0.04605 0.06520 0.37216 0.37194 (10)  1.145 +-  0.693
 146 K   0.00457 0.01683 0.02498 0.02931 0.03229 0.03547 0.04004 0.04782 0.06463 0.36142 0.34265 (10)  1.094 +-  0.665
 147 L   0.00644 0.01226 0.01675 0.02080 0.02509 0.03010 0.03658 0.04627 0.06526 0.37146 0.36899 (10)  1.142 +-  0.700
 148 G   0.00716 0.01348 0.01799 0.02189 0.02599 0.03079 0.03706 0.04653 0.06525 0.37043 0.36344 (10)  1.130 +-  0.683
 149 D   0.00425 0.01462 0.02139 0.02560 0.02916 0.03315 0.03855 0.04715 0.06489 0.36580 0.35545 (10)  1.118 +-  0.682
 150 F   0.00099 0.00585 0.01211 0.01811 0.02379 0.02971 0.03681 0.04702 0.06667 0.37855 0.38037 (11)  1.166 +-  0.691
 151 G   0.00034 0.00251 0.00642 0.01149 0.01747 0.02445 0.03302 0.04498 0.06680 0.38746 0.40507 (11)  1.209 +-  0.720
 152 V   0.00766 0.01335 0.01766 0.02160 0.02578 0.03066 0.03698 0.04650 0.06528 0.37066 0.36387 (10)  1.130 +-  0.683
 153 A   0.00046 0.00337 0.00828 0.01415 0.02054 0.02752 0.03576 0.04710 0.06801 0.38690 0.38791 (11)  1.180 +-  0.681
 154 K   0.00769 0.01367 0.01796 0.02183 0.02597 0.03080 0.03708 0.04653 0.06519 0.36978 0.36350 (10)  1.131 +-  0.693
 155 T   0.00120 0.00652 0.01298 0.01900 0.02465 0.03050 0.03749 0.04756 0.06698 0.37831 0.37482 (10)  1.158 +-  0.690
 156 L   0.00454 0.01022 0.01521 0.01974 0.02437 0.02964 0.03634 0.04627 0.06558 0.37372 0.37438 (11)  1.154 +-  0.708
 157 D   0.00041 0.00301 0.00751 0.01305 0.01926 0.02622 0.03457 0.04615 0.06742 0.38697 0.39542 (11)  1.191 +-  0.689
 158 C   0.00046 0.00334 0.00822 0.01406 0.02042 0.02738 0.03562 0.04696 0.06787 0.38641 0.38928 (11)  1.183 +-  0.691
 159 T   0.00540 0.01048 0.01492 0.01929 0.02398 0.02937 0.03619 0.04621 0.06560 0.37418 0.37435 (11)  1.150 +-  0.694
 160 L   0.00112 0.00623 0.01250 0.01836 0.02390 0.02971 0.03673 0.04687 0.06644 0.37753 0.38060 (11)  1.167 +-  0.701
 161 Q   0.00037 0.00285 0.00724 0.01272 0.01890 0.02586 0.03424 0.04585 0.06715 0.38605 0.39879 (11)  1.200 +-  0.716
 162 L   0.00494 0.01105 0.01595 0.02021 0.02460 0.02968 0.03623 0.04602 0.06517 0.37207 0.37408 (11)  1.151 +-  0.705
 163 A   0.00717 0.01349 0.01800 0.02190 0.02600 0.03080 0.03707 0.04654 0.06526 0.37045 0.36332 (10)  1.129 +-  0.682
 164 S   0.00557 0.01091 0.01534 0.01958 0.02415 0.02945 0.03620 0.04617 0.06551 0.37371 0.37342 (10)  1.148 +-  0.692
 165 T   0.00663 0.01259 0.01691 0.02073 0.02484 0.02974 0.03616 0.04583 0.06483 0.37031 0.37141 (11)  1.145 +-  0.706
 166 A   0.00064 0.00408 0.00932 0.01521 0.02143 0.02816 0.03614 0.04721 0.06781 0.38515 0.38485 (10)  1.174 +-  0.680
 167 I   0.00063 0.00403 0.00914 0.01492 0.02108 0.02782 0.03585 0.04702 0.06773 0.38551 0.38625 (11)  1.176 +-  0.680
 168 G   0.00697 0.01333 0.01792 0.02186 0.02597 0.03078 0.03705 0.04653 0.06526 0.37053 0.36378 (10)  1.130 +-  0.683
 169 T   0.00547 0.01076 0.01515 0.01936 0.02392 0.02921 0.03597 0.04595 0.06529 0.37297 0.37595 (11)  1.155 +-  0.710
 170 P   0.08927 0.04928 0.03666 0.03148 0.03001 0.03090 0.03396 0.04028 0.05466 0.31480 0.28868 (10)  0.955 +-  0.720
 171 Y   0.00110 0.00588 0.01170 0.01735 0.02294 0.02894 0.03624 0.04670 0.06664 0.37961 0.38289 (11)  1.170 +-  0.694
 172 Y   0.00056 0.00366 0.00849 0.01411 0.02023 0.02703 0.03517 0.04649 0.06742 0.38533 0.39149 (11)  1.187 +-  0.702
 173 V   0.06686 0.03519 0.02814 0.02656 0.02745 0.03004 0.03449 0.04215 0.05830 0.33491 0.31591 (10)  1.017 +-  0.720
 174 S   0.00339 0.01272 0.01986 0.02471 0.02873 0.03301 0.03861 0.04737 0.06533 0.36806 0.35823 (10)  1.123 +-  0.677
 175 P   0.01957 0.02965 0.03221 0.03257 0.03320 0.03500 0.03865 0.04564 0.06141 0.34638 0.32572 (10)  1.055 +-  0.690
 176 E   0.09648 0.04464 0.03266 0.02895 0.02857 0.03021 0.03384 0.04062 0.05549 0.31894 0.28962 (10)  0.955 +-  0.711
 177 I   0.00382 0.01448 0.02198 0.02640 0.02981 0.03355 0.03872 0.04714 0.06472 0.36486 0.35453 (10)  1.116 +-  0.683
 178 V   0.00066 0.00417 0.00943 0.01531 0.02151 0.02821 0.03616 0.04721 0.06777 0.38496 0.38460 (10)  1.174 +-  0.680
 179 K   0.01747 0.02301 0.02490 0.02661 0.02898 0.03237 0.03740 0.04565 0.06285 0.35648 0.34429 (10)  1.090 +-  0.698
 180 S   0.00052 0.00358 0.00845 0.01414 0.02032 0.02715 0.03530 0.04661 0.06753 0.38570 0.39070 (11)  1.185 +-  0.694
 181 E   0.03049 0.03583 0.03377 0.03207 0.03206 0.03374 0.03744 0.04448 0.06018 0.34153 0.31840 (10)  1.033 +-  0.683
 182 A   0.01831 0.02468 0.02626 0.02738 0.02926 0.03231 0.03712 0.04524 0.06233 0.35459 0.34251 (10)  1.085 +-  0.698
 183 Y   0.01188 0.01958 0.02324 0.02571 0.02846 0.03214 0.03746 0.04604 0.06372 0.36152 0.35024 (10)  1.103 +-  0.688
 184 N   0.00932 0.01460 0.01810 0.02154 0.02549 0.03029 0.03660 0.04612 0.06488 0.36922 0.36383 (10)  1.130 +-  0.693
 185 N   0.00018 0.00257 0.00751 0.01364 0.02023 0.02729 0.03552 0.04683 0.06770 0.38588 0.39267 (11)  1.189 +-  0.697
 186 K   0.00029 0.00244 0.00658 0.01199 0.01826 0.02541 0.03402 0.04588 0.06750 0.38828 0.39936 (11)  1.200 +-  0.706
 187 T   0.00140 0.00724 0.01385 0.01972 0.02513 0.03075 0.03757 0.04749 0.06678 0.37748 0.37259 (10)  1.151 +-  0.677
 188 D   0.02237 0.02757 0.02795 0.02836 0.02984 0.03263 0.03724 0.04516 0.06196 0.35210 0.33482 (10)  1.067 +-  0.682
 189 I   0.00057 0.00373 0.00873 0.01456 0.02085 0.02772 0.03587 0.04712 0.06792 0.38626 0.38667 (11)  1.177 +-  0.679
 190 W   0.00049 0.00347 0.00839 0.01423 0.02055 0.02748 0.03567 0.04696 0.06780 0.38589 0.38908 (11)  1.184 +-  0.698
 191 S   0.00831 0.01873 0.02610 0.03056 0.03373 0.03689 0.04123 0.04861 0.06483 0.35892 0.33208 (10)  1.077 +-  0.663
 192 L   0.00169 0.00816 0.01505 0.02092 0.02620 0.03162 0.03819 0.04783 0.06675 0.37576 0.36784 (10)  1.144 +-  0.678
 193 G   0.01395 0.02170 0.02469 0.02665 0.02905 0.03244 0.03749 0.04582 0.06317 0.35852 0.34652 (10)  1.094 +-  0.686
 194 C   0.00082 0.00476 0.01004 0.01550 0.02112 0.02731 0.03489 0.04572 0.06619 0.38059 0.39306 (11)  1.187 +-  0.711
 195 V   0.00680 0.01338 0.01829 0.02243 0.02661 0.03142 0.03764 0.04702 0.06561 0.37083 0.35997 (10)  1.125 +-  0.676
 196 L   0.00103 0.00591 0.01219 0.01828 0.02410 0.03015 0.03732 0.04755 0.06716 0.37950 0.37682 (10)  1.162 +-  0.691
 197 Y   0.00085 0.00492 0.01039 0.01606 0.02182 0.02807 0.03563 0.04636 0.06664 0.38097 0.38829 (11)  1.179 +-  0.700
 198 E   0.00429 0.01468 0.02139 0.02555 0.02907 0.03304 0.03844 0.04704 0.06479 0.36551 0.35620 (10)  1.119 +-  0.687
 199 L   0.00290 0.00712 0.01163 0.01633 0.02144 0.02730 0.03467 0.04532 0.06554 0.37743 0.39032 (11)  1.183 +-  0.727
 200 L   0.00105 0.00589 0.01214 0.01829 0.02422 0.03035 0.03758 0.04782 0.06739 0.37978 0.37547 (10)  1.161 +-  0.693
 201 T   0.00098 0.00579 0.01200 0.01796 0.02362 0.02953 0.03663 0.04684 0.06649 0.37795 0.38221 (11)  1.170 +-  0.705
 202 L   0.00054 0.00355 0.00829 0.01383 0.01991 0.02669 0.03486 0.04625 0.06727 0.38541 0.39340 (11)  1.190 +-  0.703
 203 N   0.00167 0.00780 0.01422 0.01983 0.02505 0.03057 0.03734 0.04724 0.06651 0.37652 0.37325 (10)  1.153 +-  0.686
 204 H   0.00150 0.00723 0.01335 0.01880 0.02401 0.02965 0.03661 0.04676 0.06636 0.37757 0.37816 (11)  1.160 +-  0.688
 205 A   0.00119 0.00634 0.01246 0.01818 0.02368 0.02950 0.03658 0.04679 0.06644 0.37778 0.38106 (11)  1.168 +-  0.703
 206 F   0.00026 0.00229 0.00636 0.01180 0.01813 0.02532 0.03396 0.04585 0.06748 0.38834 0.40022 (11)  1.201 +-  0.702
 207 E   0.02895 0.03529 0.03386 0.03235 0.03235 0.03399 0.03763 0.04461 0.06024 0.34141 0.31930 (10)  1.037 +-  0.693
 208 A   0.00036 0.00278 0.00709 0.01250 0.01866 0.02564 0.03407 0.04576 0.06717 0.38663 0.39934 (11)  1.200 +-  0.710
 209 K   0.00051 0.00325 0.00764 0.01296 0.01899 0.02587 0.03421 0.04584 0.06718 0.38648 0.39707 (11)  1.196 +-  0.706
 210 N   0.01115 0.01998 0.02440 0.02700 0.02957 0.03297 0.03799 0.04629 0.06365 0.36011 0.34688 (10)  1.098 +-  0.685
 211 E   0.00085 0.00563 0.01201 0.01813 0.02392 0.02993 0.03710 0.04736 0.06705 0.37979 0.37824 (10)  1.161 +-  0.679
 212 K   0.01747 0.02301 0.02490 0.02661 0.02898 0.03237 0.03740 0.04565 0.06285 0.35648 0.34429 (10)  1.090 +-  0.698
 213 Q   0.00020 0.00210 0.00607 0.01144 0.01773 0.02491 0.03358 0.04551 0.06722 0.38782 0.40342 (11)  1.208 +-  0.719
 214 L   0.00051 0.00324 0.00761 0.01292 0.01894 0.02580 0.03415 0.04577 0.06711 0.38621 0.39775 (11)  1.197 +-  0.711
 215 Y   0.00070 0.00412 0.00893 0.01420 0.01988 0.02629 0.03416 0.04533 0.06621 0.38213 0.39805 (11)  1.197 +-  0.721
 216 I   0.00145 0.00755 0.01430 0.02013 0.02540 0.03087 0.03756 0.04736 0.06652 0.37615 0.37270 (10)  1.152 +-  0.687
 217 N   0.10797 0.04909 0.03402 0.02898 0.02804 0.02943 0.03291 0.03954 0.05412 0.31256 0.28335 (10)  0.939 +-  0.722
 218 I   0.01861 0.02559 0.02722 0.02816 0.02983 0.03269 0.03734 0.04529 0.06218 0.35334 0.33975 (10)  1.080 +-  0.695
 219 K   0.01112 0.01628 0.01938 0.02250 0.02619 0.03075 0.03683 0.04610 0.06454 0.36671 0.35959 (10)  1.122 +-  0.696
 220 L   0.01189 0.02099 0.02580 0.02854 0.03092 0.03393 0.03846 0.04623 0.06296 0.35554 0.34474 (10)  1.094 +-  0.699
 221 G   0.00675 0.01289 0.01733 0.02121 0.02532 0.03018 0.03655 0.04614 0.06504 0.37060 0.36799 (10)  1.138 +-  0.691
 222 N   0.00029 0.00227 0.00606 0.01117 0.01727 0.02438 0.03307 0.04511 0.06699 0.38815 0.40526 (11)  1.209 +-  0.713
 223 V   0.00134 0.00676 0.01292 0.01858 0.02396 0.02968 0.03666 0.04679 0.06635 0.37720 0.37976 (11)  1.165 +-  0.699
 224 M   0.01124 0.01645 0.01952 0.02270 0.02648 0.03111 0.03722 0.04649 0.06491 0.36781 0.35606 (10)  1.114 +-  0.675
 225 P   0.00161 0.00796 0.01485 0.02078 0.02612 0.03158 0.03819 0.04785 0.06681 0.37606 0.36819 (10)  1.144 +-  0.677
 226 V   0.00100 0.00573 0.01181 0.01772 0.02342 0.02941 0.03660 0.04690 0.06663 0.37861 0.38217 (11)  1.170 +-  0.703
 227 S   0.11283 0.06706 0.04940 0.04000 0.03541 0.03395 0.03509 0.03953 0.05148 0.29235 0.24289 (10)  0.862 +-  0.687
 228 P   0.00062 0.00390 0.00884 0.01447 0.02055 0.02727 0.03534 0.04659 0.06744 0.38520 0.38977 (11)  1.183 +-  0.693
 229 R   0.00194 0.00712 0.01269 0.01800 0.02336 0.02924 0.03643 0.04677 0.06655 0.37857 0.37932 (11)  1.162 +-  0.690
 230 Y   0.00180 0.00888 0.01626 0.02219 0.02720 0.03221 0.03834 0.04755 0.06600 0.37200 0.36758 (10)  1.142 +-  0.686
 231 S   0.00042 0.00313 0.00779 0.01347 0.01976 0.02673 0.03504 0.04652 0.06762 0.38658 0.39294 (11)  1.189 +-  0.698
 232 S   0.00091 0.00553 0.01173 0.01784 0.02367 0.02970 0.03685 0.04706 0.06667 0.37805 0.38198 (11)  1.172 +-  0.709
 233 E   0.00051 0.00375 0.00906 0.01510 0.02137 0.02806 0.03594 0.04693 0.06746 0.38409 0.38773 (11)  1.179 +-  0.685
 234 I   0.00130 0.00700 0.01374 0.01981 0.02534 0.03100 0.03778 0.04763 0.06681 0.37699 0.37261 (10)  1.153 +-  0.685
 235 R   0.00050 0.00331 0.00778 0.01314 0.01914 0.02595 0.03421 0.04574 0.06698 0.38552 0.39772 (11)  1.197 +-  0.709
 236 S   0.00099 0.00598 0.01234 0.01832 0.02392 0.02974 0.03677 0.04692 0.06652 0.37797 0.38054 (11)  1.166 +-  0.695
 237 I   0.00989 0.01671 0.02049 0.02351 0.02690 0.03119 0.03706 0.04618 0.06449 0.36641 0.35717 (10)  1.116 +-  0.682
 238 C   0.01283 0.02144 0.02538 0.02766 0.02997 0.03310 0.03785 0.04586 0.06287 0.35638 0.34665 (10)  1.096 +-  0.696
 239 S   0.00021 0.00194 0.00563 0.01080 0.01705 0.02432 0.03315 0.04531 0.06730 0.38931 0.40498 (11)  1.209 +-  0.710
 240 A   0.00166 0.00777 0.01417 0.01977 0.02499 0.03051 0.03728 0.04718 0.06645 0.37632 0.37390 (10)  1.154 +-  0.691
 241 M   0.00145 0.00727 0.01382 0.01971 0.02520 0.03091 0.03781 0.04778 0.06711 0.37854 0.37041 (10)  1.147 +-  0.666
 242 F   0.00019 0.00172 0.00498 0.00970 0.01563 0.02279 0.03170 0.04411 0.06652 0.38906 0.41359 (11)  1.224 +-  0.729
 243 R   0.00109 0.00603 0.01204 0.01773 0.02325 0.02915 0.03633 0.04668 0.06650 0.37872 0.38247 (11)  1.169 +-  0.699
 244 K   0.00799 0.01446 0.01920 0.02309 0.02694 0.03140 0.03730 0.04642 0.06474 0.36732 0.36115 (10)  1.126 +-  0.694
 245 N   0.00057 0.00372 0.00862 0.01430 0.02045 0.02724 0.03536 0.04664 0.06751 0.38543 0.39018 (11)  1.184 +-  0.693
 246 P   0.00628 0.01229 0.01675 0.02064 0.02477 0.02967 0.03609 0.04577 0.06477 0.37017 0.37278 (11)  1.149 +-  0.714
 247 R   0.00114 0.00644 0.01306 0.01928 0.02506 0.03095 0.03790 0.04786 0.06713 0.37802 0.37316 (10)  1.156 +-  0.689
 248 D   0.00155 0.00739 0.01366 0.01924 0.02451 0.03014 0.03704 0.04708 0.06654 0.37756 0.37530 (10)  1.154 +-  0.678
 249 R   0.00050 0.00331 0.00778 0.01314 0.01914 0.02595 0.03421 0.04574 0.06698 0.38552 0.39772 (11)  1.197 +-  0.709
 250 P   0.01572 0.02499 0.02839 0.02984 0.03136 0.03384 0.03805 0.04558 0.06204 0.35156 0.33864 (10)  1.079 +-  0.693
 251 T   0.00112 0.00624 0.01251 0.01837 0.02392 0.02972 0.03674 0.04689 0.06646 0.37758 0.38046 (11)  1.166 +-  0.700
 252 V   0.00202 0.00882 0.01547 0.02102 0.02607 0.03138 0.03791 0.04755 0.06650 0.37523 0.36804 (10)  1.143 +-  0.676
 253 Q   0.01196 0.02037 0.02406 0.02617 0.02852 0.03190 0.03702 0.04549 0.06307 0.35931 0.35211 (10)  1.106 +-  0.704
 254 A   0.00560 0.01151 0.01629 0.02056 0.02498 0.03006 0.03657 0.04629 0.06533 0.37192 0.37090 (10)  1.145 +-  0.700
 255 L   0.00630 0.01194 0.01632 0.02032 0.02460 0.02962 0.03614 0.04590 0.06500 0.37122 0.37264 (11)  1.148 +-  0.706
 256 L   0.07215 0.04428 0.03539 0.03151 0.03052 0.03161 0.03485 0.04138 0.05617 0.32243 0.29970 (10)  0.983 +-  0.721
 257 K   0.00038 0.00285 0.00723 0.01269 0.01888 0.02588 0.03431 0.04599 0.06739 0.38735 0.39704 (11)  1.194 +-  0.694
 258 K   0.00068 0.00411 0.00909 0.01469 0.02073 0.02742 0.03546 0.04669 0.06752 0.38543 0.38817 (11)  1.179 +-  0.683
 259 E   0.00569 0.01166 0.01647 0.02077 0.02519 0.03027 0.03678 0.04649 0.06551 0.37253 0.36862 (10)  1.139 +-  0.684
 260 V   0.00631 0.01196 0.01634 0.02034 0.02462 0.02965 0.03617 0.04593 0.06503 0.37130 0.37234 (11)  1.147 +-  0.704
 261 L   0.06674 0.04209 0.03442 0.03122 0.03061 0.03195 0.03533 0.04198 0.05692 0.32568 0.30305 (10)  0.992 +-  0.720
 262 L   0.00037 0.00283 0.00718 0.01262 0.01879 0.02578 0.03420 0.04587 0.06727 0.38691 0.39817 (11)  1.197 +-  0.703
 263 P   0.00566 0.01168 0.01638 0.02046 0.02469 0.02964 0.03611 0.04585 0.06496 0.37135 0.37323 (11)  1.148 +-  0.701
 264 A   0.00381 0.01446 0.02195 0.02637 0.02978 0.03352 0.03870 0.04712 0.06470 0.36480 0.35479 (10)  1.117 +-  0.685
 265 L   0.00925 0.01996 0.02693 0.03082 0.03353 0.03641 0.04061 0.04794 0.06415 0.35696 0.33344 (10)  1.078 +-  0.672
 266 L   0.00125 0.00654 0.01278 0.01857 0.02407 0.02984 0.03682 0.04692 0.06641 0.37706 0.37973 (11)  1.166 +-  0.703
 267 K   0.03187 0.03583 0.03314 0.03136 0.03142 0.03322 0.03705 0.04422 0.06006 0.34168 0.32014 (10)  1.035 +-  0.688
 268 H   0.00164 0.00751 0.01355 0.01888 0.02403 0.02962 0.03656 0.04669 0.06628 0.37726 0.37799 (11)  1.159 +-  0.688
 269 I   0.01528 0.02255 0.02509 0.02670 0.02884 0.03206 0.03701 0.04529 0.06260 0.35659 0.34798 (10)  1.096 +-  0.700
 270 S   0.00686 0.01306 0.01753 0.02136 0.02538 0.03014 0.03641 0.04592 0.06474 0.36934 0.36926 (10)  1.141 +-  0.703
 271 A   0.06838 0.03632 0.02880 0.02694 0.02766 0.03013 0.03449 0.04205 0.05807 0.33353 0.31360 (10)  1.012 +-  0.720
 272 E   0.00085 0.00563 0.01201 0.01813 0.02392 0.02993 0.03710 0.04736 0.06705 0.37979 0.37824 (10)  1.161 +-  0.679
 273 E   0.01224 0.01933 0.02263 0.02503 0.02783 0.03162 0.03708 0.04584 0.06373 0.36253 0.35214 (10)  1.105 +-  0.683
 274 V   0.00066 0.00420 0.00946 0.01530 0.02143 0.02808 0.03600 0.04704 0.06761 0.38462 0.38559 (11)  1.175 +-  0.683
 275 A   0.06929 0.03649 0.02878 0.02683 0.02751 0.02995 0.03431 0.04188 0.05792 0.33318 0.31385 (10)  1.010 +-  0.715
 276 A   0.00669 0.01295 0.01752 0.02141 0.02545 0.03022 0.03648 0.04599 0.06479 0.36942 0.36907 (10)  1.141 +-  0.703
 277 I   0.00098 0.00569 0.01178 0.01771 0.02342 0.02942 0.03662 0.04693 0.06668 0.37889 0.38188 (11)  1.169 +-  0.697
 278 Q   0.00043 0.00319 0.00786 0.01351 0.01972 0.02661 0.03485 0.04627 0.06733 0.38567 0.39455 (11)  1.192 +-  0.703
 279 Q   0.00103 0.00587 0.01214 0.01829 0.02419 0.03030 0.03751 0.04775 0.06736 0.38002 0.37556 (10)  1.159 +-  0.683
 280 A   0.06834 0.03605 0.02848 0.02659 0.02730 0.02977 0.03416 0.04176 0.05783 0.33302 0.31670 (10)  1.018 +-  0.730
 281 S   0.00037 0.00271 0.00678 0.01196 0.01796 0.02489 0.03336 0.04517 0.06678 0.38653 0.40349 (11)  1.206 +-  0.716
 282 P   0.00779 0.01525 0.02029 0.02403 0.02765 0.03189 0.03762 0.04655 0.06466 0.36613 0.35815 (10)  1.122 +-  0.697
 283 A   0.00128 0.00680 0.01317 0.01895 0.02439 0.03012 0.03708 0.04717 0.06666 0.37795 0.37641 (10)  1.158 +-  0.683
 284 S   0.00062 0.00383 0.00861 0.01412 0.02016 0.02692 0.03507 0.04643 0.06742 0.38567 0.39115 (11)  1.186 +-  0.697
 285 A   0.00678 0.01241 0.01666 0.02058 0.02481 0.02981 0.03630 0.04603 0.06509 0.37139 0.37012 (10)  1.141 +-  0.692
 286 G   0.08702 0.04353 0.03187 0.02811 0.02788 0.02976 0.03367 0.04076 0.05605 0.32293 0.29843 (10)  0.976 +-  0.723
 287 Q   0.00061 0.00460 0.01066 0.01692 0.02300 0.02928 0.03669 0.04716 0.06709 0.38071 0.38326 (11)  1.172 +-  0.694
 288 K   0.00128 0.00680 0.01318 0.01897 0.02441 0.03014 0.03710 0.04718 0.06668 0.37801 0.37625 (10)  1.157 +-  0.681
 289 R   0.00228 0.00582 0.01030 0.01543 0.02114 0.02759 0.03544 0.04649 0.06709 0.38318 0.38523 (11)  1.173 +-  0.688
 290 P   0.00201 0.00525 0.00943 0.01437 0.02002 0.02655 0.03459 0.04589 0.06685 0.38401 0.39103 (11)  1.183 +-  0.699
 291 G   0.00046 0.00326 0.00798 0.01367 0.01995 0.02691 0.03520 0.04666 0.06775 0.38695 0.39121 (11)  1.185 +-  0.686
 292 S   0.00030 0.00243 0.00643 0.01167 0.01780 0.02488 0.03348 0.04540 0.06713 0.38797 0.40250 (11)  1.204 +-  0.703
 293 A   0.00647 0.01279 0.01750 0.02150 0.02561 0.03041 0.03669 0.04620 0.06501 0.37016 0.36765 (10)  1.137 +-  0.691
 294 P   0.00657 0.01223 0.01653 0.02048 0.02472 0.02973 0.03623 0.04596 0.06503 0.37121 0.37131 (11)  1.144 +-  0.700
 295 R   0.00047 0.00311 0.00738 0.01262 0.01862 0.02552 0.03393 0.04565 0.06713 0.38682 0.39875 (11)  1.199 +-  0.711
 296 P   0.01865 0.02935 0.03231 0.03268 0.03319 0.03484 0.03838 0.04530 0.06102 0.34514 0.32913 (10)  1.061 +-  0.699
 297 S   0.00032 0.00271 0.00714 0.01275 0.01909 0.02620 0.03469 0.04637 0.06772 0.38779 0.39523 (11)  1.193 +-  0.699
 298 S   0.00090 0.00531 0.01129 0.01740 0.02343 0.02974 0.03717 0.04763 0.06748 0.38113 0.37852 (10)  1.166 +-  0.694
 299 A   0.01809 0.02424 0.02578 0.02697 0.02896 0.03212 0.03704 0.04525 0.06244 0.35534 0.34377 (10)  1.088 +-  0.698
 300 S   0.00122 0.00653 0.01287 0.01876 0.02430 0.03007 0.03701 0.04706 0.06650 0.37717 0.37849 (11)  1.163 +-  0.696
 301 S   0.00667 0.01309 0.01790 0.02198 0.02615 0.03099 0.03727 0.04674 0.06544 0.37081 0.36296 (10)  1.131 +-  0.687
 302 K   0.00125 0.00668 0.01303 0.01886 0.02435 0.03013 0.03711 0.04722 0.06673 0.37822 0.37641 (10)  1.158 +-  0.681
 303 R   0.00060 0.00386 0.00884 0.01454 0.02069 0.02747 0.03556 0.04680 0.06761 0.38540 0.38864 (11)  1.182 +-  0.693
 304 A   0.00087 0.00363 0.00649 0.00956 0.01324 0.01800 0.02456 0.03464 0.05411 0.33496 0.49995 (11)  1.478 +-  1.279
 305 V   0.01819 0.02435 0.02587 0.02706 0.02904 0.03220 0.03710 0.04531 0.06249 0.35546 0.34294 (10)  1.086 +-  0.694
 306 A   0.06834 0.03605 0.02848 0.02659 0.02730 0.02977 0.03416 0.04176 0.05783 0.33302 0.31670 (10)  1.018 +-  0.730
 307 A   0.00058 0.00381 0.00883 0.01462 0.02083 0.02762 0.03570 0.04691 0.06768 0.38547 0.38794 (11)  1.180 +-  0.689
 308 A   0.00667 0.01239 0.01687 0.02101 0.02540 0.03049 0.03701 0.04671 0.06568 0.37264 0.36512 (10)  1.134 +-  0.681
 309 A   0.06768 0.03540 0.02814 0.02650 0.02738 0.02997 0.03443 0.04209 0.05824 0.33463 0.31555 (10)  1.016 +-  0.721
 310 A   0.06837 0.03571 0.02836 0.02668 0.02753 0.03010 0.03455 0.04219 0.05830 0.33473 0.31348 (10)  1.011 +-  0.710
 311 A   0.00678 0.01241 0.01666 0.02058 0.02481 0.02981 0.03630 0.04603 0.06509 0.37139 0.37012 (10)  1.141 +-  0.692
 312 Y   0.00169 0.00816 0.01505 0.02092 0.02620 0.03162 0.03819 0.04783 0.06675 0.37577 0.36783 (10)  1.144 +-  0.677
 313 P   0.00040 0.00285 0.00712 0.01250 0.01864 0.02562 0.03404 0.04572 0.06713 0.38655 0.39942 (11)  1.200 +-  0.707
 314 A   0.00687 0.01255 0.01690 0.02093 0.02525 0.03030 0.03680 0.04650 0.06549 0.37217 0.36625 (10)  1.135 +-  0.683
 315 A   0.00058 0.00379 0.00879 0.01455 0.02075 0.02753 0.03561 0.04682 0.06759 0.38515 0.38885 (11)  1.182 +-  0.695
 316 P   0.00662 0.01232 0.01679 0.02093 0.02531 0.03040 0.03692 0.04662 0.06561 0.37240 0.36606 (10)  1.136 +-  0.687
 317 L   0.00463 0.01109 0.01646 0.02090 0.02524 0.03018 0.03659 0.04625 0.06526 0.37195 0.37145 (10)  1.146 +-  0.695
 318 S   0.00347 0.01272 0.01964 0.02435 0.02832 0.03263 0.03829 0.04715 0.06522 0.36823 0.35998 (10)  1.126 +-  0.679
 319 P   0.01842 0.02733 0.02985 0.03071 0.03193 0.03424 0.03832 0.04572 0.06196 0.35016 0.33136 (10)  1.065 +-  0.684
 320 Y   0.00191 0.00913 0.01643 0.02223 0.02717 0.03221 0.03843 0.04775 0.06633 0.37342 0.36499 (10)  1.138 +-  0.678
 321 A   0.00663 0.01308 0.01790 0.02202 0.02624 0.03111 0.03740 0.04685 0.06553 0.37102 0.36221 (10)  1.129 +-  0.680
 322 Q   0.00107 0.00595 0.01204 0.01790 0.02354 0.02949 0.03665 0.04694 0.06667 0.37880 0.38095 (11)  1.167 +-  0.695
 323 K   0.00457 0.01683 0.02498 0.02931 0.03229 0.03547 0.04004 0.04782 0.06463 0.36142 0.34265 (10)  1.094 +-  0.665
 324 L   0.00049 0.00348 0.00841 0.01423 0.02052 0.02741 0.03558 0.04687 0.06773 0.38596 0.38930 (11)  1.183 +-  0.690
 325 G   0.08676 0.04229 0.03097 0.02758 0.02761 0.02967 0.03372 0.04094 0.05639 0.32475 0.29932 (10)  0.977 +-  0.714
 326 G   0.08576 0.04271 0.03078 0.02702 0.02694 0.02904 0.03317 0.04048 0.05604 0.32405 0.30400 (10)  0.986 +-  0.735
 327 G   0.00536 0.01777 0.02473 0.02817 0.03082 0.03405 0.03886 0.04697 0.06416 0.36164 0.34745 (10)  1.101 +-  0.674
 328 G   0.01978 0.02794 0.02990 0.03062 0.03186 0.03424 0.03836 0.04576 0.06194 0.34946 0.33013 (10)  1.064 +-  0.693
 329 G   0.00047 0.00340 0.00831 0.01415 0.02048 0.02742 0.03563 0.04696 0.06787 0.38655 0.38876 (11)  1.181 +-  0.683
 330 G   0.00716 0.01348 0.01799 0.02189 0.02599 0.03079 0.03706 0.04653 0.06525 0.37043 0.36344 (10)  1.130 +-  0.683
 331 G   0.00041 0.00290 0.00716 0.01248 0.01855 0.02548 0.03389 0.04560 0.06707 0.38680 0.39966 (11)  1.199 +-  0.701
 332 N   0.00028 0.00246 0.00664 0.01203 0.01825 0.02531 0.03385 0.04565 0.06721 0.38739 0.40094 (11)  1.202 +-  0.707
 333 E   0.00535 0.01126 0.01608 0.02041 0.02488 0.03001 0.03657 0.04633 0.06542 0.37242 0.37127 (10)  1.146 +-  0.698
 334 S   0.00672 0.01286 0.01730 0.02112 0.02516 0.02996 0.03629 0.04588 0.06479 0.36994 0.36997 (11)  1.142 +-  0.700
 335 A   0.06760 0.03480 0.02772 0.02626 0.02728 0.02996 0.03450 0.04224 0.05848 0.33584 0.31531 (10)  1.014 +-  0.710
 336 S   0.00106 0.00587 0.01182 0.01752 0.02302 0.02889 0.03604 0.04639 0.06623 0.37813 0.38505 (11)  1.174 +-  0.705
 337 L   0.00464 0.01130 0.01737 0.02250 0.02725 0.03227 0.03849 0.04776 0.06620 0.37189 0.36032 (10)  1.130 +-  0.682
 338 A   0.00049 0.00346 0.00835 0.01415 0.02046 0.02740 0.03562 0.04697 0.06789 0.38668 0.38853 (11)  1.181 +-  0.682
 339 A   0.00580 0.01151 0.01611 0.02029 0.02467 0.02976 0.03630 0.04606 0.06516 0.37164 0.37271 (11)  1.149 +-  0.707
 340 A   0.00044 0.00322 0.00793 0.01361 0.01984 0.02675 0.03500 0.04643 0.06750 0.38624 0.39304 (11)  1.188 +-  0.691
 341 R   0.00114 0.00595 0.01174 0.01735 0.02290 0.02888 0.03616 0.04662 0.06657 0.37944 0.38325 (11)  1.170 +-  0.696
 342 R   0.01889 0.03191 0.03662 0.03740 0.03746 0.03827 0.04082 0.04667 0.06113 0.34009 0.31074 (10)  1.031 +-  0.682
 343 R   0.10705 0.06017 0.04374 0.03591 0.03265 0.03224 0.03424 0.03951 0.05248 0.30053 0.26147 (10)  0.897 +-  0.703
 344 D   0.00041 0.00301 0.00751 0.01305 0.01926 0.02622 0.03457 0.04615 0.06742 0.38697 0.39542 (11)  1.191 +-  0.689
 345 Q   0.00043 0.00319 0.00786 0.01351 0.01972 0.02661 0.03485 0.04627 0.06733 0.38567 0.39455 (11)  1.192 +-  0.703
 346 E   0.00723 0.01336 0.01798 0.02204 0.02623 0.03108 0.03734 0.04677 0.06543 0.37068 0.36186 (10)  1.127 +-  0.678
 347 Q   0.00065 0.00417 0.00940 0.01521 0.02132 0.02796 0.03587 0.04691 0.06748 0.38418 0.38685 (11)  1.178 +-  0.692
 348 R   0.10635 0.05983 0.04353 0.03576 0.03254 0.03216 0.03419 0.03948 0.05248 0.30066 0.26303 (10)  0.901 +-  0.711
 349 L   0.00528 0.01151 0.01658 0.02087 0.02515 0.03004 0.03640 0.04600 0.06493 0.37058 0.37267 (11)  1.148 +-  0.707
 350 A   0.06760 0.03480 0.02772 0.02626 0.02728 0.02996 0.03450 0.04224 0.05848 0.33584 0.31531 (10)  1.014 +-  0.710

Positively selected sites

	Prob(w>1)  mean w

     2 G      0.504         1.488 +- 1.277
    69 H      0.509         1.502 +- 1.292
   110 D      0.510         1.503 +- 1.294

