Supplemental results for CODEML (seqf: algn  treef: tree)


dN/dS (w) for site classes (K=3)

p:   0.50589  0.43703  0.05707
w:   0.00000  1.00000  1.00000

Naive Empirical Bayes (NEB) probabilities for 3 classes & postmean_w
(amino acids refer to 1st sequence: Mlig.10418)

   1 M   0.99822 0.00157 0.00021 ( 1)  0.002
   2 M   0.00000 0.88449 0.11551 ( 2)  1.000
   3 P   0.00000 0.88449 0.11551 ( 2)  1.000
   4 D   0.00000 0.88449 0.11551 ( 2)  1.000
   5 F   0.00000 0.88449 0.11551 ( 2)  1.000
   6 S   0.00000 0.88449 0.11551 ( 2)  1.000
   7 K   0.00000 0.88449 0.11551 ( 2)  1.000
   8 L   0.91945 0.07125 0.00930 ( 1)  0.081
   9 G   0.98630 0.01212 0.00158 ( 1)  0.014
  10 M   0.00000 0.88449 0.11551 ( 2)  1.000
  11 K   0.00000 0.88449 0.11551 ( 2)  1.000
  12 G   0.99083 0.00811 0.00106 ( 1)  0.009
  13 T   0.98801 0.01061 0.00139 ( 1)  0.012
  14 E   0.99416 0.00516 0.00067 ( 1)  0.006
  15 D   0.99350 0.00575 0.00075 ( 1)  0.007
  16 W   0.98891 0.00981 0.00128 ( 1)  0.011
  17 Y   0.00000 0.88449 0.11551 ( 2)  1.000
  18 F   0.99384 0.00545 0.00071 ( 1)  0.006
  19 G   0.99337 0.00586 0.00077 ( 1)  0.007
  20 S   0.00000 0.88449 0.11551 ( 2)  1.000
  21 I   0.00000 0.88449 0.11551 ( 2)  1.000
  22 N   0.00000 0.88449 0.11551 ( 2)  1.000
  23 R   0.98150 0.01637 0.00214 ( 1)  0.019
  24 E   0.00000 0.88449 0.11551 ( 2)  1.000
  25 Q   0.00000 0.88449 0.11551 ( 2)  1.000
  26 A   0.99161 0.00742 0.00097 ( 1)  0.008
  27 N   0.99245 0.00668 0.00087 ( 1)  0.008
  28 E   0.99444 0.00492 0.00064 ( 1)  0.006
  29 I   0.99033 0.00856 0.00112 ( 1)  0.010
  30 L   0.97718 0.02019 0.00264 ( 1)  0.023
  31 L   0.97994 0.01775 0.00232 ( 1)  0.020
  32 S   0.00000 0.88449 0.11551 ( 2)  1.000
  33 G   0.00000 0.88449 0.11551 ( 2)  1.000
  34 Q   0.00000 0.88449 0.11551 ( 2)  1.000
  35 V   0.98477 0.01347 0.00176 ( 1)  0.015
  36 G   0.99275 0.00641 0.00084 ( 1)  0.007
  37 M   0.00000 0.88449 0.11551 ( 2)  1.000
  38 Y   0.00000 0.88449 0.11551 ( 2)  1.000
  39 L   0.98712 0.01139 0.00149 ( 1)  0.013
  40 V   0.00000 0.88449 0.11551 ( 2)  1.000
  41 R   0.98058 0.01717 0.00224 ( 1)  0.019
  42 A   0.99717 0.00250 0.00033 ( 1)  0.003
  43 S   0.99690 0.00274 0.00036 ( 1)  0.003
  44 K   0.00000 0.88449 0.11551 ( 2)  1.000
  45 T   0.00000 0.88449 0.11551 ( 2)  1.000
  46 E   0.00000 0.88449 0.11551 ( 2)  1.000
  47 R   0.00000 0.88449 0.11551 ( 2)  1.000
  48 G   0.99200 0.00708 0.00092 ( 1)  0.008
  49 S   0.00000 0.88449 0.11551 ( 2)  1.000
  50 F   0.99525 0.00420 0.00055 ( 1)  0.005
  51 V   0.00000 0.88449 0.11551 ( 2)  1.000
  52 L   0.97994 0.01775 0.00232 ( 1)  0.020
  53 S   0.99610 0.00345 0.00045 ( 1)  0.004
  54 V   0.98166 0.01622 0.00212 ( 1)  0.018
  55 R   0.98359 0.01451 0.00190 ( 1)  0.016
  56 D   0.99391 0.00539 0.00070 ( 1)  0.006
  57 T   0.00000 0.88449 0.11551 ( 2)  1.000
  58 Q   0.00000 0.88449 0.11551 ( 2)  1.000
  59 Q   0.00000 0.88449 0.11551 ( 2)  1.000
  60 T   0.00039 0.88414 0.11546 ( 2)  1.000
  61 N   0.99321 0.00600 0.00078 ( 1)  0.007
  62 H   0.99550 0.00398 0.00052 ( 1)  0.004
  63 Y   0.99646 0.00313 0.00041 ( 1)  0.004
  64 K   0.99406 0.00525 0.00069 ( 1)  0.006
  65 I   0.98830 0.01035 0.00135 ( 1)  0.012
  66 V   0.98304 0.01500 0.00196 ( 1)  0.017
  67 V   0.00000 0.88449 0.11551 ( 2)  1.000
  68 L   0.00000 0.88449 0.11551 ( 2)  1.000
  69 P   0.00000 0.88449 0.11551 ( 2)  1.000
  70 R   0.98623 0.01218 0.00159 ( 1)  0.014
  71 K   0.00000 0.88449 0.11551 ( 2)  1.000
  72 N   0.00000 0.88449 0.11551 ( 2)  1.000
  73 S   0.00000 0.88449 0.11551 ( 2)  1.000
  74 D   0.99350 0.00575 0.00075 ( 1)  0.007
  75 G   0.99337 0.00586 0.00077 ( 1)  0.007
  76 F   0.00000 0.88449 0.11551 ( 2)  1.000
  77 K   0.99529 0.00416 0.00054 ( 1)  0.005
  78 F   0.00000 0.88449 0.11551 ( 2)  1.000
  79 R   0.00000 0.88449 0.11551 ( 2)  1.000
  80 I   0.99033 0.00856 0.00112 ( 1)  0.010
  81 G   0.99200 0.00708 0.00092 ( 1)  0.008
  82 P   0.00000 0.88449 0.11551 ( 2)  1.000
  83 T   0.00000 0.88449 0.11551 ( 2)  1.000
  84 E   0.99444 0.00492 0.00064 ( 1)  0.006
  85 F   0.99525 0.00420 0.00055 ( 1)  0.005
  86 L   0.00000 0.88449 0.11551 ( 2)  1.000

Positively selected sites

	Prob(w>1)  mean w



lnL =  -828.136567

Bayes Empirical Bayes (BEB) probabilities for 3 classes (class) & postmean_w
(amino acids refer to 1st sequence: Mlig.10418)

   1 M   0.99809 0.00163 0.00028 ( 1)  0.053 +-  0.109
   2 M   0.00220 0.61766 0.38014 ( 2)  2.825 +-  2.952
   3 P   0.00053 0.62277 0.37670 ( 2)  2.801 +-  2.937
   4 D   0.01044 0.71211 0.27745 ( 2)  2.275 +-  2.607
   5 F   0.28465 0.59686 0.11849 ( 2)  1.240 +-  1.873
   6 S   0.00006 0.46205 0.53789 ( 3)  3.625 +-  3.222
   7 K   0.19355 0.62491 0.18154 ( 2)  1.626 +-  2.244
   8 L   0.93320 0.05190 0.01490 ( 1)  0.182 +-  0.790
   9 G   0.98793 0.00968 0.00239 ( 1)  0.072 +-  0.322
  10 M   0.66713 0.27652 0.05635 ( 1)  0.607 +-  1.415
  11 K   0.20651 0.57833 0.21516 ( 2)  1.805 +-  2.469
  12 G   0.99033 0.00711 0.00256 ( 1)  0.071 +-  0.334
  13 T   0.99041 0.00812 0.00146 ( 1)  0.066 +-  0.257
  14 E   0.99507 0.00437 0.00056 ( 1)  0.057 +-  0.152
  15 D   0.99244 0.00587 0.00169 ( 1)  0.065 +-  0.267
  16 W   0.99284 0.00705 0.00011 ( 1)  0.057 +-  0.087
  17 Y   0.21104 0.54770 0.24125 ( 2)  1.937 +-  2.607
  18 F   0.99531 0.00437 0.00032 ( 1)  0.056 +-  0.116
  19 G   0.99296 0.00555 0.00149 ( 1)  0.063 +-  0.248
  20 S   0.00023 0.62552 0.37424 ( 2)  2.760 +-  2.901
  21 I   0.66713 0.27652 0.05635 ( 1)  0.607 +-  1.415
  22 N   0.00012 0.55481 0.44507 ( 2)  3.122 +-  3.065
  23 R   0.98558 0.01237 0.00205 ( 1)  0.073 +-  0.300
  24 E   0.49827 0.36414 0.13759 ( 1)  1.169 +-  2.152
  25 Q   0.28310 0.64049 0.07642 ( 2)  1.006 +-  1.400
  26 A   0.99256 0.00600 0.00145 ( 1)  0.064 +-  0.256
  27 N   0.99193 0.00646 0.00161 ( 1)  0.065 +-  0.258
  28 E   0.99488 0.00434 0.00078 ( 1)  0.058 +-  0.182
  29 I   0.98975 0.00805 0.00220 ( 1)  0.070 +-  0.306
  30 L   0.98135 0.01540 0.00325 ( 1)  0.083 +-  0.379
  31 L   0.98266 0.01381 0.00353 ( 1)  0.083 +-  0.395
  32 S   0.00719 0.68888 0.30393 ( 2)  2.419 +-  2.710
  33 G   0.12640 0.60806 0.26554 ( 2)  2.129 +-  2.654
  34 Q   0.00001 0.40630 0.59369 ( 3)  3.959 +-  3.299
  35 V   0.98497 0.01182 0.00321 ( 1)  0.079 +-  0.368
  36 G   0.99258 0.00588 0.00154 ( 1)  0.064 +-  0.254
  37 M   0.18088 0.57498 0.24414 ( 2)  1.981 +-  2.604
  38 Y   0.29529 0.52005 0.18466 ( 2)  1.556 +-  2.322
  39 L   0.98918 0.00921 0.00161 ( 1)  0.067 +-  0.262
  40 V   0.26210 0.51913 0.21877 ( 2)  1.786 +-  2.536
  41 R   0.98496 0.01283 0.00221 ( 1)  0.074 +-  0.310
  42 A   0.99725 0.00229 0.00046 ( 1)  0.055 +-  0.138
  43 S   0.99639 0.00285 0.00077 ( 1)  0.057 +-  0.179
  44 K   0.00016 0.52273 0.47711 ( 2)  3.327 +-  3.155
  45 T   0.11687 0.71557 0.16756 ( 2)  1.579 +-  2.033
  46 E   0.20324 0.58149 0.21527 ( 2)  1.807 +-  2.467
  47 R   0.04261 0.61781 0.33958 ( 2)  2.606 +-  2.893
  48 G   0.99210 0.00630 0.00161 ( 1)  0.065 +-  0.262
  49 S   0.15217 0.60016 0.24767 ( 2)  2.015 +-  2.592
  50 F   0.99587 0.00360 0.00053 ( 1)  0.056 +-  0.150
  51 V   0.31636 0.55086 0.13278 ( 2)  1.269 +-  1.965
  52 L   0.98266 0.01381 0.00353 ( 1)  0.083 +-  0.395
  53 S   0.99579 0.00335 0.00087 ( 1)  0.058 +-  0.192
  54 V   0.98330 0.01359 0.00311 ( 1)  0.079 +-  0.355
  55 R   0.98666 0.01112 0.00222 ( 1)  0.073 +-  0.311
  56 D   0.99248 0.00581 0.00172 ( 1)  0.065 +-  0.267
  57 T   0.18937 0.62596 0.18468 ( 2)  1.642 +-  2.256
  58 Q   0.00145 0.63149 0.36707 ( 2)  2.757 +-  2.915
  59 Q   0.27394 0.55516 0.17090 ( 2)  1.510 +-  2.236
  60 T   0.95171 0.03922 0.00907 ( 1)  0.136 +-  0.607
  61 N   0.99208 0.00614 0.00178 ( 1)  0.066 +-  0.275
  62 H   0.99545 0.00380 0.00075 ( 1)  0.058 +-  0.176
  63 Y   0.99679 0.00280 0.00041 ( 1)  0.055 +-  0.130
  64 K   0.99494 0.00447 0.00059 ( 1)  0.057 +-  0.157
  65 I   0.98752 0.00946 0.00302 ( 1)  0.076 +-  0.362
  66 V   0.98368 0.01245 0.00387 ( 1)  0.084 +-  0.410
  67 V   0.39951 0.45812 0.14237 ( 2)  1.270 +-  2.130
  68 L   0.07673 0.80161 0.12166 ( 2)  1.362 +-  1.617
  69 P   0.00023 0.59307 0.40670 ( 2)  2.928 +-  2.986
  70 R   0.98820 0.00958 0.00222 ( 1)  0.072 +-  0.313
  71 K   0.00075 0.64637 0.35288 ( 2)  2.668 +-  2.859
  72 N   0.00225 0.68663 0.31112 ( 2)  2.441 +-  2.711
  73 S   0.00292 0.69275 0.30433 ( 2)  2.406 +-  2.688
  74 D   0.99244 0.00587 0.00169 ( 1)  0.065 +-  0.267
  75 G   0.99296 0.00555 0.00149 ( 1)  0.063 +-  0.248
  76 F   0.29529 0.52005 0.18466 ( 2)  1.556 +-  2.322
  77 K   0.99548 0.00384 0.00068 ( 1)  0.057 +-  0.169
  78 F   0.52505 0.38738 0.08757 ( 1)  0.880 +-  1.704
  79 R   0.42605 0.46293 0.11102 ( 2)  1.086 +-  1.888
  80 I   0.98975 0.00805 0.00220 ( 1)  0.070 +-  0.306
  81 G   0.99210 0.00630 0.00161 ( 1)  0.065 +-  0.262
  82 P   0.00638 0.60609 0.38753 ( 2)  2.904 +-  3.015
  83 T   0.16631 0.57639 0.25729 ( 2)  2.051 +-  2.643
  84 E   0.99488 0.00434 0.00078 ( 1)  0.058 +-  0.182
  85 F   0.99587 0.00360 0.00053 ( 1)  0.056 +-  0.150
  86 L   0.00028 0.50271 0.49701 ( 2)  3.471 +-  3.213

Positively selected sites

	Prob(w>1)  mean w

     6 S      0.538         3.625 +- 3.222
    34 Q      0.594         3.959 +- 3.299

