Supplemental results for CODEML (seqf: algn  treef: tree)


dN/dS (w) for site classes (K=3)

p:   0.51523  0.48474  0.00003
w:   0.00118  1.00000  1.00000

Naive Empirical Bayes (NEB) probabilities for 3 classes & postmean_w
(amino acids refer to 1st sequence: Hdim.14374)

   1 M   0.99081 0.00919 0.00000 ( 1)  0.010
   2 S   0.33041 0.66955 0.00004 ( 2)  0.670
   3 L   0.92343 0.07657 0.00000 ( 1)  0.078
   4 Y   0.95474 0.04526 0.00000 ( 1)  0.046
   5 P   0.88609 0.11390 0.00001 ( 1)  0.115
   6 S   0.96680 0.03320 0.00000 ( 1)  0.034
   7 M   0.00166 0.99828 0.00006 ( 2)  0.998
   8 E   0.93064 0.06935 0.00000 ( 1)  0.070
   9 G   0.00981 0.99013 0.00006 ( 2)  0.990
  10 L   0.92343 0.07657 0.00000 ( 1)  0.078
  11 T   0.04729 0.95266 0.00006 ( 2)  0.953
  12 I   0.92662 0.07337 0.00000 ( 1)  0.074
  13 G   0.93306 0.06694 0.00000 ( 1)  0.068
  14 K   0.95240 0.04760 0.00000 ( 1)  0.049
  15 E   0.93064 0.06935 0.00000 ( 1)  0.070
  16 A   0.00050 0.99944 0.00006 ( 2)  1.000
  17 E   0.93064 0.06935 0.00000 ( 1)  0.070
  18 A   0.42856 0.57140 0.00003 ( 2)  0.572
  19 Q   0.91579 0.08421 0.00000 ( 1)  0.085
  20 K   0.49978 0.50019 0.00003 ( 2)  0.501
  21 T   0.00001 0.99993 0.00006 ( 2)  1.000
  22 L   0.88959 0.11040 0.00001 ( 1)  0.111
  23 E   0.00839 0.99155 0.00006 ( 2)  0.992
  24 N   0.93178 0.06821 0.00000 ( 1)  0.069
  25 A   0.01322 0.98672 0.00006 ( 2)  0.987
  26 V   0.40617 0.59380 0.00003 ( 2)  0.594
  27 I   0.05150 0.94845 0.00006 ( 2)  0.949
  28 A   0.01080 0.98914 0.00006 ( 2)  0.989
  29 A   0.87149 0.12851 0.00001 ( 1)  0.130
  30 A   0.39002 0.60994 0.00004 ( 2)  0.610
  31 A   0.00941 0.99053 0.00006 ( 2)  0.991
  32 N   0.00001 0.99993 0.00006 ( 2)  1.000
  33 S   0.48736 0.51261 0.00003 ( 2)  0.513
  34 L   0.00032 0.99962 0.00006 ( 2)  1.000
  35 P   0.91433 0.08566 0.00001 ( 1)  0.087
  36 E   0.01400 0.98594 0.00006 ( 2)  0.986
  37 A   0.05098 0.94896 0.00006 ( 2)  0.949
  38 S   0.00072 0.99923 0.00006 ( 2)  0.999
  39 V   0.06592 0.93403 0.00005 ( 2)  0.934
  40 S   0.96680 0.03320 0.00000 ( 1)  0.034
  41 Y   0.95474 0.04526 0.00000 ( 1)  0.046
  42 G   0.91613 0.08387 0.00000 ( 1)  0.085
  43 D   0.00755 0.99240 0.00006 ( 2)  0.992
  44 L   0.87203 0.12796 0.00001 ( 1)  0.129
  45 A   0.87786 0.12213 0.00001 ( 1)  0.123
  46 T   0.00051 0.99943 0.00006 ( 2)  0.999
  47 T   0.00033 0.99961 0.00006 ( 2)  1.000
  48 F   0.96545 0.03454 0.00000 ( 1)  0.036
  49 L   0.88959 0.11040 0.00001 ( 1)  0.111
  50 G   0.91613 0.08387 0.00000 ( 1)  0.085
  51 V   0.44834 0.55163 0.00003 ( 2)  0.552
  52 D   0.90169 0.09830 0.00001 ( 1)  0.099
  53 L   0.92318 0.07682 0.00000 ( 1)  0.078
  54 S   0.00727 0.99267 0.00006 ( 2)  0.993
  55 R   0.00310 0.99684 0.00006 ( 2)  0.997
  56 V   0.88009 0.11990 0.00001 ( 1)  0.121
  57 V   0.40757 0.59240 0.00003 ( 2)  0.593
  58 Y   0.95420 0.04579 0.00000 ( 1)  0.047
  59 D   0.90164 0.09835 0.00001 ( 1)  0.099
  60 D   0.90164 0.09835 0.00001 ( 1)  0.099
  61 F   0.01296 0.98699 0.00006 ( 2)  0.987
  62 G   0.93306 0.06694 0.00000 ( 1)  0.068
  63 N   0.93174 0.06825 0.00000 ( 1)  0.069
  64 P   0.92038 0.07962 0.00000 ( 1)  0.081
  65 H   0.01108 0.98886 0.00006 ( 2)  0.989
  66 Y   0.95447 0.04552 0.00000 ( 1)  0.047
  67 T   0.00367 0.99628 0.00006 ( 2)  0.996
  68 S   0.96680 0.03320 0.00000 ( 1)  0.034
  69 H   0.00076 0.99918 0.00006 ( 2)  0.999
  70 S   0.00000 0.99994 0.00006 ( 2)  1.000
  71 V   0.00078 0.99916 0.00006 ( 2)  0.999
  72 V   0.06578 0.93416 0.00005 ( 2)  0.934

Positively selected sites

	Prob(w>1)  mean w



lnL =  -497.072868

Bayes Empirical Bayes (BEB) probabilities for 3 classes (class) & postmean_w
(amino acids refer to 1st sequence: Hdim.14374)

   1 M   0.91084 0.05636 0.03280 ( 1)  0.295 +-  1.151
   2 S   0.85478 0.08646 0.05876 ( 1)  0.487 +-  1.567
   3 L   0.89262 0.06944 0.03794 ( 1)  0.340 +-  1.247
   4 Y   0.92218 0.05279 0.02503 ( 1)  0.249 +-  1.020
   5 P   0.87674 0.09232 0.03094 ( 1)  0.305 +-  1.068
   6 S   0.87609 0.07394 0.04996 ( 1)  0.417 +-  1.431
   7 M   0.21629 0.39861 0.38510 ( 2)  2.724 +-  3.171
   8 E   0.91113 0.05917 0.02970 ( 1)  0.282 +-  1.108
   9 G   0.33881 0.36353 0.29766 ( 2)  2.146 +-  2.948
  10 L   0.89262 0.06944 0.03794 ( 1)  0.340 +-  1.247
  11 T   0.80880 0.10770 0.08350 ( 1)  0.653 +-  1.835
  12 I   0.82279 0.10365 0.07357 ( 1)  0.583 +-  1.711
  13 G   0.86551 0.08024 0.05426 ( 1)  0.448 +-  1.487
  14 K   0.91641 0.05587 0.02772 ( 1)  0.268 +-  1.071
  15 E   0.91113 0.05917 0.02970 ( 1)  0.282 +-  1.108
  16 A   0.23830 0.38193 0.37977 ( 2)  2.683 +-  3.177
  17 E   0.91113 0.05917 0.02970 ( 1)  0.282 +-  1.108
  18 A   0.81932 0.10564 0.07505 ( 1)  0.593 +-  1.727
  19 Q   0.94490 0.04483 0.01028 ( 1)  0.152 +-  0.634
  20 K   0.91234 0.05852 0.02914 ( 1)  0.278 +-  1.097
  21 T   0.05032 0.48586 0.46381 ( 2)  3.248 +-  3.197
  22 L   0.85667 0.08541 0.05792 ( 1)  0.481 +-  1.556
  23 E   0.30483 0.39425 0.30091 ( 2)  2.182 +-  2.929
  24 N   0.87495 0.07458 0.05047 ( 1)  0.421 +-  1.438
  25 A   0.82675 0.10871 0.06454 ( 1)  0.525 +-  1.582
  26 V   0.81224 0.10574 0.08203 ( 1)  0.642 +-  1.820
  27 I   0.81023 0.10684 0.08292 ( 1)  0.649 +-  1.829
  28 A   0.34105 0.36216 0.29680 ( 2)  2.140 +-  2.947
  29 A   0.81924 0.10568 0.07508 ( 1)  0.593 +-  1.727
  30 A   0.80999 0.10698 0.08302 ( 1)  0.649 +-  1.830
  31 A   0.31191 0.37916 0.30892 ( 2)  2.225 +-  2.972
  32 N   0.04858 0.48602 0.46540 ( 2)  3.258 +-  3.199
  33 S   0.86968 0.07776 0.05257 ( 1)  0.436 +-  1.465
  34 L   0.26041 0.42263 0.31696 ( 2)  2.281 +-  2.935
  35 P   0.86615 0.07981 0.05405 ( 1)  0.453 +-  1.507
  36 E   0.49430 0.29931 0.20640 ( 1)  1.538 +-  2.603
  37 A   0.81011 0.10697 0.08293 ( 1)  0.649 +-  1.829
  38 S   0.32978 0.36830 0.30193 ( 2)  2.176 +-  2.959
  39 V   0.82024 0.10513 0.07464 ( 1)  0.590 +-  1.723
  40 S   0.87609 0.07394 0.04996 ( 1)  0.417 +-  1.431
  41 Y   0.92218 0.05279 0.02503 ( 1)  0.249 +-  1.020
  42 G   0.73572 0.15032 0.11396 ( 1)  0.868 +-  2.090
  43 D   0.26272 0.38194 0.35534 ( 2)  2.524 +-  3.113
  44 L   0.89170 0.08181 0.02649 ( 1)  0.271 +-  0.987
  45 A   0.81355 0.10501 0.08145 ( 1)  0.638 +-  1.814
  46 T   0.24894 0.38866 0.36240 ( 2)  2.573 +-  3.125
  47 T   0.19685 0.41560 0.38756 ( 2)  2.742 +-  3.154
  48 F   0.90695 0.06029 0.03276 ( 1)  0.302 +-  1.163
  49 L   0.85667 0.08541 0.05792 ( 1)  0.481 +-  1.556
  50 G   0.73572 0.15032 0.11396 ( 1)  0.868 +-  2.090
  51 V   0.82096 0.10469 0.07436 ( 1)  0.588 +-  1.720
  52 D   0.87207 0.07624 0.05168 ( 1)  0.429 +-  1.454
  53 L   0.89244 0.06964 0.03792 ( 1)  0.340 +-  1.247
  54 S   0.24974 0.37633 0.37393 ( 2)  2.643 +-  3.169
  55 R   0.55748 0.26259 0.17994 ( 1)  1.348 +-  2.478
  56 V   0.81966 0.10541 0.07492 ( 1)  0.592 +-  1.726
  57 V   0.81273 0.10551 0.08176 ( 1)  0.640 +-  1.817
  58 Y   0.92187 0.05320 0.02494 ( 1)  0.249 +-  1.017
  59 D   0.87206 0.07627 0.05166 ( 1)  0.429 +-  1.454
  60 D   0.87206 0.07627 0.05166 ( 1)  0.429 +-  1.454
  61 F   0.33838 0.37348 0.28814 ( 2)  2.094 +-  2.907
  62 G   0.86551 0.08024 0.05426 ( 1)  0.448 +-  1.487
  63 N   0.87496 0.07461 0.05044 ( 1)  0.420 +-  1.437
  64 P   0.89115 0.07044 0.03841 ( 1)  0.344 +-  1.254
  65 H   0.36516 0.35886 0.27597 ( 1)  2.008 +-  2.873
  66 Y   0.92203 0.05299 0.02498 ( 1)  0.249 +-  1.018
  67 T   0.17773 0.42506 0.39722 ( 2)  2.808 +-  3.164
  68 S   0.87609 0.07394 0.04996 ( 1)  0.417 +-  1.431
  69 H   0.38008 0.34885 0.27107 ( 1)  1.973 +-  2.864
  70 S   0.02650 0.43026 0.54324 ( 3)  3.705 +-  3.302
  71 V   0.30962 0.38039 0.30999 ( 2)  2.233 +-  2.974
  72 V   0.82025 0.10513 0.07463 ( 1)  0.590 +-  1.722

Positively selected sites

	Prob(w>1)  mean w

    70 S      0.543         3.705 +- 3.302

