Supplemental results for CODEML (seqf: algn  treef: tree)


dN/dS (w) for site classes (K=8)

p:   0.12500  0.12500  0.12500  0.12500  0.12500  0.12500  0.12500  0.12500
w:   0.06556  1.00000  1.00000  1.00000  1.00000  1.00000  1.00000  1.00000

Naive Empirical Bayes (NEB) probabilities for 8 classes & postmean_w
(amino acids refer to 1st sequence: Mlig.34068)

   1 S   0.38032 0.08853 0.08853 0.08853 0.08853 0.08853 0.08853 0.08853 ( 1)  0.645
   2 L   0.33546 0.09493 0.09493 0.09493 0.09493 0.09493 0.09493 0.09493 ( 1)  0.687
   3 I   0.48535 0.07352 0.07352 0.07352 0.07352 0.07352 0.07352 0.07352 ( 1)  0.546
   4 G   0.38208 0.08827 0.08827 0.08827 0.08827 0.08827 0.08827 0.08827 ( 1)  0.643
   5 C   0.52341 0.06808 0.06808 0.06808 0.06808 0.06808 0.06808 0.06808 ( 1)  0.511
   6 S   0.36693 0.09044 0.09044 0.09044 0.09044 0.09044 0.09044 0.09044 ( 1)  0.657
   7 R   0.50064 0.07134 0.07134 0.07134 0.07134 0.07134 0.07134 0.07134 ( 1)  0.532
   8 V   0.55735 0.06324 0.06324 0.06324 0.06324 0.06324 0.06324 0.06324 ( 1)  0.479
   9 L   0.34584 0.09345 0.09345 0.09345 0.09345 0.09345 0.09345 0.09345 ( 1)  0.677
  10 L   0.34584 0.09345 0.09345 0.09345 0.09345 0.09345 0.09345 0.09345 ( 1)  0.677
  11 A   0.62236 0.05395 0.05395 0.05395 0.05395 0.05395 0.05395 0.05395 ( 1)  0.418
  12 N   0.53609 0.06627 0.06627 0.06627 0.06627 0.06627 0.06627 0.06627 ( 1)  0.499
  13 R   0.77689 0.03187 0.03187 0.03187 0.03187 0.03187 0.03187 0.03187 ( 1)  0.274
  14 L   0.35488 0.09216 0.09216 0.09216 0.09216 0.09216 0.09216 0.09216 ( 1)  0.668
  15 L   0.45898 0.07729 0.07729 0.07729 0.07729 0.07729 0.07729 0.07729 ( 1)  0.571
  16 L   0.48880 0.07303 0.07303 0.07303 0.07303 0.07303 0.07303 0.07303 ( 1)  0.543
  17 G   0.71905 0.04014 0.04014 0.04014 0.04014 0.04014 0.04014 0.04014 ( 1)  0.328
  18 R   0.38092 0.08844 0.08844 0.08844 0.08844 0.08844 0.08844 0.08844 ( 1)  0.644
  19 L   0.41198 0.08400 0.08400 0.08400 0.08400 0.08400 0.08400 0.08400 ( 1)  0.615
  20 L   0.34489 0.09359 0.09359 0.09359 0.09359 0.09359 0.09359 0.09359 ( 1)  0.678
  21 V   0.30033 0.09995 0.09995 0.09995 0.09995 0.09995 0.09995 0.09995 ( 1)  0.719
  22 L   0.39389 0.08659 0.08659 0.08659 0.08659 0.08659 0.08659 0.08659 ( 1)  0.632
  23 Q   0.50777 0.07032 0.07032 0.07032 0.07032 0.07032 0.07032 0.07032 ( 1)  0.526
  24 P   0.55229 0.06396 0.06396 0.06396 0.06396 0.06396 0.06396 0.06396 ( 1)  0.484
  25 D   0.72368 0.03947 0.03947 0.03947 0.03947 0.03947 0.03947 0.03947 ( 1)  0.324
  26 A   0.37099 0.08986 0.08986 0.08986 0.08986 0.08986 0.08986 0.08986 ( 1)  0.653
  27 G   0.48367 0.07376 0.07376 0.07376 0.07376 0.07376 0.07376 0.07376 ( 1)  0.548
  28 Q   0.88070 0.01704 0.01704 0.01704 0.01704 0.01704 0.01704 0.01704 ( 1)  0.177
  29 Q   0.43034 0.08138 0.08138 0.08138 0.08138 0.08138 0.08138 0.08138 ( 1)  0.598
  30 S   0.42079 0.08274 0.08274 0.08274 0.08274 0.08274 0.08274 0.08274 ( 1)  0.607
  31 Q   0.68594 0.04487 0.04487 0.04487 0.04487 0.04487 0.04487 0.04487 ( 1)  0.359
  32 Q   0.67015 0.04712 0.04712 0.04712 0.04712 0.04712 0.04712 0.04712 ( 1)  0.374
  33 Q   0.49807 0.07170 0.07170 0.07170 0.07170 0.07170 0.07170 0.07170 ( 1)  0.535
  34 Q   0.43034 0.08138 0.08138 0.08138 0.08138 0.08138 0.08138 0.08138 ( 1)  0.598
  35 Q   0.48313 0.07384 0.07384 0.07384 0.07384 0.07384 0.07384 0.07384 ( 1)  0.549
  36 Q   0.13163 0.12405 0.12405 0.12405 0.12405 0.12405 0.12405 0.12405 ( 1)  0.877
  37 Q   0.00098 0.14272 0.14272 0.14272 0.14272 0.14272 0.14272 0.14272 ( 3)  0.999
  38 K   0.09743 0.12894 0.12894 0.12894 0.12894 0.12894 0.12894 0.12894 ( 2)  0.909
  39 N   0.00889 0.14159 0.14159 0.14159 0.14159 0.14159 0.14159 0.14159 ( 3)  0.992
  40 N   0.12744 0.12465 0.12465 0.12465 0.12465 0.12465 0.12465 0.12465 ( 1)  0.881
  41 Q   0.02088 0.13987 0.13987 0.13987 0.13987 0.13987 0.13987 0.13987 ( 2)  0.980
  42 S   0.35539 0.09209 0.09209 0.09209 0.09209 0.09209 0.09209 0.09209 ( 1)  0.668
  43 R   0.05113 0.13555 0.13555 0.13555 0.13555 0.13555 0.13555 0.13555 ( 2)  0.952
  44 R   0.01643 0.14051 0.14051 0.14051 0.14051 0.14051 0.14051 0.14051 ( 3)  0.985
  45 L   0.00153 0.14264 0.14264 0.14264 0.14264 0.14264 0.14264 0.14264 ( 3)  0.999
  46 C   0.02282 0.13960 0.13960 0.13960 0.13960 0.13960 0.13960 0.13960 ( 3)  0.979
  47 S   0.01144 0.14122 0.14122 0.14122 0.14122 0.14122 0.14122 0.14122 ( 3)  0.989
  48 S   0.00153 0.14264 0.14264 0.14264 0.14264 0.14264 0.14264 0.14264 ( 3)  0.999
  49 H   0.63847 0.05165 0.05165 0.05165 0.05165 0.05165 0.05165 0.05165 ( 1)  0.403
  50 G   0.00714 0.14184 0.14184 0.14184 0.14184 0.14184 0.14184 0.14184 ( 3)  0.993
  51 H   0.08070 0.13133 0.13133 0.13133 0.13133 0.13133 0.13133 0.13133 ( 2)  0.925
  52 I   0.00138 0.14266 0.14266 0.14266 0.14266 0.14266 0.14266 0.14266 ( 3)  0.999
  53 D   0.00382 0.14231 0.14231 0.14231 0.14231 0.14231 0.14231 0.14231 ( 3)  0.996
  54 S   0.00880 0.14160 0.14160 0.14160 0.14160 0.14160 0.14160 0.14160 ( 3)  0.992
  55 S   0.11494 0.12644 0.12644 0.12644 0.12644 0.12644 0.12644 0.12644 ( 2)  0.893
  56 L   0.00278 0.14246 0.14246 0.14246 0.14246 0.14246 0.14246 0.14246 ( 3)  0.997
  57 G   0.00349 0.14236 0.14236 0.14236 0.14236 0.14236 0.14236 0.14236 ( 3)  0.997
  58 G   0.01207 0.14113 0.14113 0.14113 0.14113 0.14113 0.14113 0.14113 ( 3)  0.989
  59 T   0.04648 0.13622 0.13622 0.13622 0.13622 0.13622 0.13622 0.13622 ( 2)  0.957
  60 N   0.10347 0.12808 0.12808 0.12808 0.12808 0.12808 0.12808 0.12808 ( 2)  0.903
  61 I   0.00896 0.14158 0.14158 0.14158 0.14158 0.14158 0.14158 0.14158 ( 3)  0.992
  62 D   0.01098 0.14129 0.14129 0.14129 0.14129 0.14129 0.14129 0.14129 ( 2)  0.990
  63 A   0.00165 0.14262 0.14262 0.14262 0.14262 0.14262 0.14262 0.14262 ( 3)  0.998
  64 K   0.00070 0.14276 0.14276 0.14276 0.14276 0.14276 0.14276 0.14276 ( 3)  0.999
  65 Q   0.00190 0.14259 0.14259 0.14259 0.14259 0.14259 0.14259 0.14259 ( 3)  0.998
  66 S   0.00236 0.14252 0.14252 0.14252 0.14252 0.14252 0.14252 0.14252 ( 3)  0.998
  67 V   0.00326 0.14239 0.14239 0.14239 0.14239 0.14239 0.14239 0.14239 ( 3)  0.997
  68 R   0.00646 0.14193 0.14193 0.14193 0.14193 0.14193 0.14193 0.14193 ( 3)  0.994
  69 S   0.00101 0.14271 0.14271 0.14271 0.14271 0.14271 0.14271 0.14271 ( 3)  0.999
  70 T   0.00091 0.14273 0.14273 0.14273 0.14273 0.14273 0.14273 0.14273 ( 3)  0.999
  71 E   0.02179 0.13974 0.13974 0.13974 0.13974 0.13974 0.13974 0.13974 ( 2)  0.980
  72 W   0.00074 0.14275 0.14275 0.14275 0.14275 0.14275 0.14275 0.14275 ( 3)  0.999
  73 G   0.07834 0.13167 0.13167 0.13167 0.13167 0.13167 0.13167 0.13167 ( 2)  0.927
  74 T   0.04041 0.13708 0.13708 0.13708 0.13708 0.13708 0.13708 0.13708 ( 3)  0.962
  75 V   0.00198 0.14257 0.14257 0.14257 0.14257 0.14257 0.14257 0.14257 ( 3)  0.998
  76 K   0.08507 0.13070 0.13070 0.13070 0.13070 0.13070 0.13070 0.13070 ( 2)  0.921
  77 Y   0.00195 0.14258 0.14258 0.14258 0.14258 0.14258 0.14258 0.14258 ( 3)  0.998
  78 M   0.00752 0.14178 0.14178 0.14178 0.14178 0.14178 0.14178 0.14178 ( 3)  0.993
  79 L   0.04568 0.13633 0.13633 0.13633 0.13633 0.13633 0.13633 0.13633 ( 2)  0.957
  80 N   0.00618 0.14197 0.14197 0.14197 0.14197 0.14197 0.14197 0.14197 ( 3)  0.994
  81 F   0.00568 0.14205 0.14205 0.14205 0.14205 0.14205 0.14205 0.14205 ( 3)  0.995
  82 V   0.00587 0.14202 0.14202 0.14202 0.14202 0.14202 0.14202 0.14202 ( 3)  0.995
  83 W   0.00169 0.14262 0.14262 0.14262 0.14262 0.14262 0.14262 0.14262 ( 3)  0.998
  84 P   0.00273 0.14247 0.14247 0.14247 0.14247 0.14247 0.14247 0.14247 ( 3)  0.997
  85 K   0.41739 0.08323 0.08323 0.08323 0.08323 0.08323 0.08323 0.08323 ( 1)  0.610
  86 D   0.00351 0.14236 0.14236 0.14236 0.14236 0.14236 0.14236 0.14236 ( 3)  0.997
  87 K   0.00207 0.14256 0.14256 0.14256 0.14256 0.14256 0.14256 0.14256 ( 3)  0.998
  88 P   0.00490 0.14216 0.14216 0.14216 0.14216 0.14216 0.14216 0.14216 ( 3)  0.995
  89 G   0.06121 0.13411 0.13411 0.13411 0.13411 0.13411 0.13411 0.13411 ( 2)  0.943
  90 I   0.00538 0.14209 0.14209 0.14209 0.14209 0.14209 0.14209 0.14209 ( 3)  0.995
  91 R   0.24363 0.10805 0.10805 0.10805 0.10805 0.10805 0.10805 0.10805 ( 1)  0.772
  92 A   0.05190 0.13544 0.13544 0.13544 0.13544 0.13544 0.13544 0.13544 ( 2)  0.952
  93 R   0.01018 0.14140 0.14140 0.14140 0.14140 0.14140 0.14140 0.14140 ( 3)  0.990
  94 V   0.08198 0.13115 0.13115 0.13115 0.13115 0.13115 0.13115 0.13115 ( 2)  0.923
  95 L   0.00257 0.14249 0.14249 0.14249 0.14249 0.14249 0.14249 0.14249 ( 3)  0.998
  96 L   0.37679 0.08903 0.08903 0.08903 0.08903 0.08903 0.08903 0.08903 ( 1)  0.648
  97 A   0.03280 0.13817 0.13817 0.13817 0.13817 0.13817 0.13817 0.13817 ( 2)  0.969
  98 L   0.44049 0.07993 0.07993 0.07993 0.07993 0.07993 0.07993 0.07993 ( 1)  0.588
  99 G   0.00196 0.14258 0.14258 0.14258 0.14258 0.14258 0.14258 0.14258 ( 3)  0.998
 100 L   0.00855 0.14164 0.14164 0.14164 0.14164 0.14164 0.14164 0.14164 ( 3)  0.992
 101 L   0.00500 0.14214 0.14214 0.14214 0.14214 0.14214 0.14214 0.14214 ( 3)  0.995
 102 A   0.03891 0.13730 0.13730 0.13730 0.13730 0.13730 0.13730 0.13730 ( 2)  0.964
 103 G   0.00347 0.14236 0.14236 0.14236 0.14236 0.14236 0.14236 0.14236 ( 3)  0.997
 104 S   0.01169 0.14119 0.14119 0.14119 0.14119 0.14119 0.14119 0.14119 ( 3)  0.989
 105 K   0.00198 0.14257 0.14257 0.14257 0.14257 0.14257 0.14257 0.14257 ( 3)  0.998
 106 L   0.00186 0.14259 0.14259 0.14259 0.14259 0.14259 0.14259 0.14259 ( 3)  0.998
 107 V   0.48058 0.07420 0.07420 0.07420 0.07420 0.07420 0.07420 0.07420 ( 1)  0.551
 108 N   0.00493 0.14215 0.14215 0.14215 0.14215 0.14215 0.14215 0.14215 ( 3)  0.995
 109 V   0.57543 0.06065 0.06065 0.06065 0.06065 0.06065 0.06065 0.06065 ( 1)  0.462
 110 Q   0.03615 0.13769 0.13769 0.13769 0.13769 0.13769 0.13769 0.13769 ( 2)  0.966
 111 V   0.06990 0.13287 0.13287 0.13287 0.13287 0.13287 0.13287 0.13287 ( 2)  0.935
 112 P   0.06396 0.13372 0.13372 0.13372 0.13372 0.13372 0.13372 0.13372 ( 2)  0.940
 113 F   0.60191 0.05687 0.05687 0.05687 0.05687 0.05687 0.05687 0.05687 ( 1)  0.438
 114 L   0.00183 0.14260 0.14260 0.14260 0.14260 0.14260 0.14260 0.14260 ( 3)  0.998
 115 F   0.06754 0.13321 0.13321 0.13321 0.13321 0.13321 0.13321 0.13321 ( 2)  0.937
 116 K   0.00410 0.14227 0.14227 0.14227 0.14227 0.14227 0.14227 0.14227 ( 3)  0.996
 117 Y   0.00195 0.14258 0.14258 0.14258 0.14258 0.14258 0.14258 0.14258 ( 3)  0.998
 118 A   0.05484 0.13502 0.13502 0.13502 0.13502 0.13502 0.13502 0.13502 ( 2)  0.949
 119 V   0.07837 0.13166 0.13166 0.13166 0.13166 0.13166 0.13166 0.13166 ( 2)  0.927
 120 D   0.07941 0.13151 0.13151 0.13151 0.13151 0.13151 0.13151 0.13151 ( 2)  0.926
 121 A   0.00335 0.14238 0.14238 0.14238 0.14238 0.14238 0.14238 0.14238 ( 3)  0.997
 122 V   0.07929 0.13153 0.13153 0.13153 0.13153 0.13153 0.13153 0.13153 ( 2)  0.926
 123 N   0.00405 0.14228 0.14228 0.14228 0.14228 0.14228 0.14228 0.14228 ( 3)  0.996
 124 D   0.14088 0.12273 0.12273 0.12273 0.12273 0.12273 0.12273 0.12273 ( 1)  0.868
 125 A   0.50253 0.07107 0.07107 0.07107 0.07107 0.07107 0.07107 0.07107 ( 1)  0.530
 126 N   0.00471 0.14218 0.14218 0.14218 0.14218 0.14218 0.14218 0.14218 ( 3)  0.996
 127 T   0.02835 0.13881 0.13881 0.13881 0.13881 0.13881 0.13881 0.13881 ( 2)  0.974
 128 A   0.09557 0.12920 0.12920 0.12920 0.12920 0.12920 0.12920 0.12920 ( 2)  0.911
 129 I   0.00228 0.14253 0.14253 0.14253 0.14253 0.14253 0.14253 0.14253 ( 3)  0.998
 130 G   0.05821 0.13454 0.13454 0.13454 0.13454 0.13454 0.13454 0.13454 ( 2)  0.946
 131 S   0.00382 0.14231 0.14231 0.14231 0.14231 0.14231 0.14231 0.14231 ( 3)  0.996
 132 A   0.04026 0.13711 0.13711 0.13711 0.13711 0.13711 0.13711 0.13711 ( 2)  0.962
 133 V   0.02674 0.13904 0.13904 0.13904 0.13904 0.13904 0.13904 0.13904 ( 2)  0.975
 134 G   0.55869 0.06304 0.06304 0.06304 0.06304 0.06304 0.06304 0.06304 ( 1)  0.478
 135 D   0.02798 0.13886 0.13886 0.13886 0.13886 0.13886 0.13886 0.13886 ( 2)  0.974
 136 G   0.00640 0.14194 0.14194 0.14194 0.14194 0.14194 0.14194 0.14194 ( 3)  0.994
 137 A   0.04324 0.13668 0.13668 0.13668 0.13668 0.13668 0.13668 0.13668 ( 2)  0.960
 138 P   0.00319 0.14240 0.14240 0.14240 0.14240 0.14240 0.14240 0.14240 ( 3)  0.997
 139 V   0.09085 0.12988 0.12988 0.12988 0.12988 0.12988 0.12988 0.12988 ( 2)  0.915
 140 V   0.05183 0.13545 0.13545 0.13545 0.13545 0.13545 0.13545 0.13545 ( 2)  0.952
 141 A   0.36182 0.09117 0.09117 0.09117 0.09117 0.09117 0.09117 0.09117 ( 1)  0.662
 142 A   0.00519 0.14212 0.14212 0.14212 0.14212 0.14212 0.14212 0.14212 ( 3)  0.995
 143 A   0.00573 0.14204 0.14204 0.14204 0.14204 0.14204 0.14204 0.14204 ( 3)  0.995
 144 L   0.02816 0.13883 0.13883 0.13883 0.13883 0.13883 0.13883 0.13883 ( 2)  0.974
 145 F   0.03485 0.13788 0.13788 0.13788 0.13788 0.13788 0.13788 0.13788 ( 2)  0.967
 146 S   0.04366 0.13662 0.13662 0.13662 0.13662 0.13662 0.13662 0.13662 ( 2)  0.959
 147 V   0.04586 0.13631 0.13631 0.13631 0.13631 0.13631 0.13631 0.13631 ( 2)  0.957
 148 T   0.00466 0.14219 0.14219 0.14219 0.14219 0.14219 0.14219 0.14219 ( 3)  0.996
 149 G   0.00834 0.14167 0.14167 0.14167 0.14167 0.14167 0.14167 0.14167 ( 3)  0.992
 150 L   0.00281 0.14246 0.14246 0.14246 0.14246 0.14246 0.14246 0.14246 ( 3)  0.997
 151 I   0.00708 0.14185 0.14185 0.14185 0.14185 0.14185 0.14185 0.14185 ( 3)  0.993
 152 A   0.00194 0.14258 0.14258 0.14258 0.14258 0.14258 0.14258 0.14258 ( 3)  0.998
 153 S   0.00178 0.14260 0.14260 0.14260 0.14260 0.14260 0.14260 0.14260 ( 8)  0.998
 154 Y   0.00266 0.14248 0.14248 0.14248 0.14248 0.14248 0.14248 0.14248 ( 3)  0.998
 155 G   0.06870 0.13304 0.13304 0.13304 0.13304 0.13304 0.13304 0.13304 ( 2)  0.936
 156 V   0.00226 0.14253 0.14253 0.14253 0.14253 0.14253 0.14253 0.14253 ( 3)  0.998
 157 A   0.61620 0.05483 0.05483 0.05483 0.05483 0.05483 0.05483 0.05483 ( 1)  0.424
 158 R   0.01968 0.14005 0.14005 0.14005 0.14005 0.14005 0.14005 0.14005 ( 3)  0.982
 159 A   0.36833 0.09024 0.09024 0.09024 0.09024 0.09024 0.09024 0.09024 ( 1)  0.656
 160 T   0.10001 0.12857 0.12857 0.12857 0.12857 0.12857 0.12857 0.12857 ( 2)  0.907
 161 A   0.02910 0.13870 0.13870 0.13870 0.13870 0.13870 0.13870 0.13870 ( 2)  0.973
 162 S   0.00219 0.14254 0.14254 0.14254 0.14254 0.14254 0.14254 0.14254 ( 3)  0.998
 163 G   0.00777 0.14175 0.14175 0.14175 0.14175 0.14175 0.14175 0.14175 ( 3)  0.993
 164 F   0.00079 0.14274 0.14274 0.14274 0.14274 0.14274 0.14274 0.14274 ( 3)  0.999
 165 N   0.00734 0.14181 0.14181 0.14181 0.14181 0.14181 0.14181 0.14181 ( 3)  0.993
 166 E   0.00087 0.14273 0.14273 0.14273 0.14273 0.14273 0.14273 0.14273 ( 3)  0.999
 167 L   0.00443 0.14222 0.14222 0.14222 0.14222 0.14222 0.14222 0.14222 ( 3)  0.996
 168 R   0.00825 0.14168 0.14168 0.14168 0.14168 0.14168 0.14168 0.14168 ( 3)  0.992
 169 N   0.00227 0.14253 0.14253 0.14253 0.14253 0.14253 0.14253 0.14253 ( 3)  0.998
 170 A   0.00574 0.14204 0.14204 0.14204 0.14204 0.14204 0.14204 0.14204 ( 3)  0.995
 171 V   0.08471 0.13076 0.13076 0.13076 0.13076 0.13076 0.13076 0.13076 ( 2)  0.921
 172 F   0.00222 0.14254 0.14254 0.14254 0.14254 0.14254 0.14254 0.14254 ( 3)  0.998
 173 A   0.09411 0.12941 0.12941 0.12941 0.12941 0.12941 0.12941 0.12941 ( 2)  0.912
 174 R   0.00206 0.14256 0.14256 0.14256 0.14256 0.14256 0.14256 0.14256 ( 3)  0.998
 175 V   0.00328 0.14239 0.14239 0.14239 0.14239 0.14239 0.14239 0.14239 ( 3)  0.997
 176 A   0.04517 0.13640 0.13640 0.13640 0.13640 0.13640 0.13640 0.13640 ( 2)  0.958
 177 Q   0.00778 0.14175 0.14175 0.14175 0.14175 0.14175 0.14175 0.14175 ( 3)  0.993
 178 D   0.00359 0.14234 0.14234 0.14234 0.14234 0.14234 0.14234 0.14234 ( 3)  0.997
 179 S   0.00220 0.14254 0.14254 0.14254 0.14254 0.14254 0.14254 0.14254 ( 3)  0.998
 180 I   0.00396 0.14229 0.14229 0.14229 0.14229 0.14229 0.14229 0.14229 ( 3)  0.996
 181 R   0.00360 0.14234 0.14234 0.14234 0.14234 0.14234 0.14234 0.14234 ( 3)  0.997
 182 R   0.00219 0.14254 0.14254 0.14254 0.14254 0.14254 0.14254 0.14254 ( 3)  0.998
 183 V   0.00371 0.14233 0.14233 0.14233 0.14233 0.14233 0.14233 0.14233 ( 8)  0.997
 184 A   0.04276 0.13675 0.13675 0.13675 0.13675 0.13675 0.13675 0.13675 ( 2)  0.960
 185 K   0.00131 0.14267 0.14267 0.14267 0.14267 0.14267 0.14267 0.14267 ( 3)  0.999
 186 T   0.00220 0.14254 0.14254 0.14254 0.14254 0.14254 0.14254 0.14254 ( 3)  0.998
 187 V   0.05596 0.13486 0.13486 0.13486 0.13486 0.13486 0.13486 0.13486 ( 2)  0.948
 188 F   0.00410 0.14227 0.14227 0.14227 0.14227 0.14227 0.14227 0.14227 ( 3)  0.996
 189 L   0.39477 0.08646 0.08646 0.08646 0.08646 0.08646 0.08646 0.08646 ( 1)  0.631
 190 H   0.78816 0.03026 0.03026 0.03026 0.03026 0.03026 0.03026 0.03026 ( 1)  0.264
 191 L   0.00171 0.14261 0.14261 0.14261 0.14261 0.14261 0.14261 0.14261 ( 3)  0.998
 192 H   0.04337 0.13666 0.13666 0.13666 0.13666 0.13666 0.13666 0.13666 ( 2)  0.959
 193 S   0.00477 0.14218 0.14218 0.14218 0.14218 0.14218 0.14218 0.14218 ( 3)  0.996
 194 L   0.49491 0.07216 0.07216 0.07216 0.07216 0.07216 0.07216 0.07216 ( 1)  0.538
 195 D   0.00532 0.14210 0.14210 0.14210 0.14210 0.14210 0.14210 0.14210 ( 3)  0.995
 196 L   0.07185 0.13259 0.13259 0.13259 0.13259 0.13259 0.13259 0.13259 ( 2)  0.933
 197 Q   0.07257 0.13249 0.13249 0.13249 0.13249 0.13249 0.13249 0.13249 ( 2)  0.932
 198 F   0.08741 0.13037 0.13037 0.13037 0.13037 0.13037 0.13037 0.13037 ( 2)  0.918
 199 H   0.08950 0.13007 0.13007 0.13007 0.13007 0.13007 0.13007 0.13007 ( 2)  0.916
 200 L   0.01809 0.14027 0.14027 0.14027 0.14027 0.14027 0.14027 0.14027 ( 3)  0.983
 201 N   0.00583 0.14202 0.14202 0.14202 0.14202 0.14202 0.14202 0.14202 ( 3)  0.995
 202 R   0.02645 0.13908 0.13908 0.13908 0.13908 0.13908 0.13908 0.13908 ( 3)  0.975
 203 Q   0.00708 0.14185 0.14185 0.14185 0.14185 0.14185 0.14185 0.14185 ( 3)  0.993
 204 T   0.04331 0.13667 0.13667 0.13667 0.13667 0.13667 0.13667 0.13667 ( 2)  0.960


lnL = -2473.230835

