Supplemental results for CODEML (seqf: algn  treef: tree)


dN/dS (w) for site classes (K=3)

p:   1.00000  0.00000  0.00000
w:   0.07616  1.00000  1.00000

Naive Empirical Bayes (NEB) probabilities for 3 classes & postmean_w
(amino acids refer to 1st sequence: Mlig.20586)

   1 M   1.00000 0.00000 0.00000 ( 1)  0.076
   2 K   1.00000 0.00000 0.00000 ( 1)  0.076
   3 L   1.00000 0.00000 0.00000 ( 1)  0.076
   4 M   1.00000 0.00000 0.00000 ( 1)  0.076
   5 E   1.00000 0.00000 0.00000 ( 1)  0.076
   6 D   1.00000 0.00000 0.00000 ( 1)  0.076
   7 S   1.00000 0.00000 0.00000 ( 1)  0.076
   8 S   1.00000 0.00000 0.00000 ( 1)  0.076
   9 S   1.00000 0.00000 0.00000 ( 1)  0.076
  10 V   1.00000 0.00000 0.00000 ( 1)  0.076
  11 K   1.00000 0.00000 0.00000 ( 1)  0.076
  12 S   1.00000 0.00000 0.00000 ( 1)  0.076
  13 S   1.00000 0.00000 0.00000 ( 1)  0.076
  14 R   1.00000 0.00000 0.00000 ( 1)  0.076
  15 R   1.00000 0.00000 0.00000 ( 1)  0.076
  16 Q   1.00000 0.00000 0.00000 ( 1)  0.076
  17 Q   1.00000 0.00000 0.00000 ( 1)  0.076
  18 P   1.00000 0.00000 0.00000 ( 1)  0.076
  19 V   1.00000 0.00000 0.00000 ( 1)  0.076
  20 V   1.00000 0.00000 0.00000 ( 1)  0.076
  21 P   1.00000 0.00000 0.00000 ( 1)  0.076
  22 A   1.00000 0.00000 0.00000 ( 1)  0.076
  23 S   1.00000 0.00000 0.00000 ( 1)  0.076
  24 Q   1.00000 0.00000 0.00000 ( 1)  0.076
  25 P   1.00000 0.00000 0.00000 ( 1)  0.076
  26 A   1.00000 0.00000 0.00000 ( 1)  0.076
  27 D   1.00000 0.00000 0.00000 ( 1)  0.076
  28 S   1.00000 0.00000 0.00000 ( 1)  0.076
  29 A   1.00000 0.00000 0.00000 ( 1)  0.076
  30 N   1.00000 0.00000 0.00000 ( 1)  0.076
  31 G   1.00000 0.00000 0.00000 ( 1)  0.076
  32 T   1.00000 0.00000 0.00000 ( 1)  0.076
  33 S   1.00000 0.00000 0.00000 ( 1)  0.076
  34 P   1.00000 0.00000 0.00000 ( 1)  0.076
  35 T   1.00000 0.00000 0.00000 ( 1)  0.076
  36 E   1.00000 0.00000 0.00000 ( 1)  0.076
  37 A   1.00000 0.00000 0.00000 ( 1)  0.076
  38 G   1.00000 0.00000 0.00000 ( 1)  0.076
  39 P   1.00000 0.00000 0.00000 ( 1)  0.076
  40 P   1.00000 0.00000 0.00000 ( 1)  0.076
  41 Q   1.00000 0.00000 0.00000 ( 1)  0.076
  42 R   1.00000 0.00000 0.00000 ( 1)  0.076
  43 W   1.00000 0.00000 0.00000 ( 1)  0.076
  44 L   1.00000 0.00000 0.00000 ( 1)  0.076
  45 F   1.00000 0.00000 0.00000 ( 1)  0.076
  46 S   1.00000 0.00000 0.00000 ( 1)  0.076
  47 Q   1.00000 0.00000 0.00000 ( 1)  0.076
  48 V   1.00000 0.00000 0.00000 ( 1)  0.076
  49 K   1.00000 0.00000 0.00000 ( 1)  0.076
  50 G   1.00000 0.00000 0.00000 ( 1)  0.076
  51 T   1.00000 0.00000 0.00000 ( 1)  0.076
  52 A   1.00000 0.00000 0.00000 ( 1)  0.076
  53 W   1.00000 0.00000 0.00000 ( 1)  0.076
  54 E   1.00000 0.00000 0.00000 ( 1)  0.076
  55 E   1.00000 0.00000 0.00000 ( 1)  0.076
  56 V   1.00000 0.00000 0.00000 ( 1)  0.076
  57 S   1.00000 0.00000 0.00000 ( 1)  0.076
  58 E   1.00000 0.00000 0.00000 ( 1)  0.076
  59 Q   1.00000 0.00000 0.00000 ( 1)  0.076
  60 D   1.00000 0.00000 0.00000 ( 1)  0.076
  61 I   1.00000 0.00000 0.00000 ( 1)  0.076
  62 I   1.00000 0.00000 0.00000 ( 1)  0.076
  63 S   1.00000 0.00000 0.00000 ( 1)  0.076
  64 C   1.00000 0.00000 0.00000 ( 1)  0.076
  65 V   1.00000 0.00000 0.00000 ( 1)  0.076
  66 E   1.00000 0.00000 0.00000 ( 1)  0.076
  67 F   1.00000 0.00000 0.00000 ( 1)  0.076
  68 N   1.00000 0.00000 0.00000 ( 1)  0.076
  69 H   1.00000 0.00000 0.00000 ( 1)  0.076
  70 T   1.00000 0.00000 0.00000 ( 1)  0.076
  71 G   1.00000 0.00000 0.00000 ( 1)  0.076
  72 Q   1.00000 0.00000 0.00000 ( 1)  0.076
  73 L   1.00000 0.00000 0.00000 ( 1)  0.076
  74 L   1.00000 0.00000 0.00000 ( 1)  0.076
  75 A   1.00000 0.00000 0.00000 ( 1)  0.076
  76 T   1.00000 0.00000 0.00000 ( 1)  0.076
  77 G   1.00000 0.00000 0.00000 ( 1)  0.076
  78 D   1.00000 0.00000 0.00000 ( 1)  0.076
  79 K   1.00000 0.00000 0.00000 ( 1)  0.076
  80 G   1.00000 0.00000 0.00000 ( 1)  0.076
  81 G   1.00000 0.00000 0.00000 ( 1)  0.076
  82 R   1.00000 0.00000 0.00000 ( 1)  0.076
  83 I   1.00000 0.00000 0.00000 ( 1)  0.076
  84 V   1.00000 0.00000 0.00000 ( 1)  0.076
  85 V   1.00000 0.00000 0.00000 ( 1)  0.076
  86 F   1.00000 0.00000 0.00000 ( 1)  0.076
  87 Q   1.00000 0.00000 0.00000 ( 1)  0.076
  88 R   1.00000 0.00000 0.00000 ( 1)  0.076
  89 A   1.00000 0.00000 0.00000 ( 1)  0.076
  90 S   1.00000 0.00000 0.00000 ( 1)  0.076
  91 N   1.00000 0.00000 0.00000 ( 1)  0.076
  92 G   1.00000 0.00000 0.00000 ( 1)  0.076
  93 L   1.00000 0.00000 0.00000 ( 1)  0.076
  94 Y   1.00000 0.00000 0.00000 ( 1)  0.076
  95 N   1.00000 0.00000 0.00000 ( 1)  0.076
  96 V   1.00000 0.00000 0.00000 ( 1)  0.076
  97 Y   1.00000 0.00000 0.00000 ( 1)  0.076
  98 S   1.00000 0.00000 0.00000 ( 1)  0.076
  99 T   1.00000 0.00000 0.00000 ( 1)  0.076
 100 F   1.00000 0.00000 0.00000 ( 1)  0.076
 101 T   1.00000 0.00000 0.00000 ( 1)  0.076
 102 S   1.00000 0.00000 0.00000 ( 1)  0.076
 103 H   1.00000 0.00000 0.00000 ( 1)  0.076
 104 E   1.00000 0.00000 0.00000 ( 1)  0.076
 105 P   1.00000 0.00000 0.00000 ( 1)  0.076
 106 E   1.00000 0.00000 0.00000 ( 1)  0.076
 107 F   1.00000 0.00000 0.00000 ( 1)  0.076
 108 D   1.00000 0.00000 0.00000 ( 1)  0.076
 109 Y   1.00000 0.00000 0.00000 ( 1)  0.076
 110 L   1.00000 0.00000 0.00000 ( 1)  0.076
 111 K   1.00000 0.00000 0.00000 ( 1)  0.076
 112 S   1.00000 0.00000 0.00000 ( 1)  0.076
 113 L   1.00000 0.00000 0.00000 ( 1)  0.076

Positively selected sites

	Prob(w>1)  mean w



lnL =  -934.469884

Bayes Empirical Bayes (BEB) probabilities for 3 classes (class) & postmean_w
(amino acids refer to 1st sequence: Mlig.20586)

   1 M   0.90165 0.07146 0.02689 ( 1)  0.234 +-  0.541
   2 K   0.88093 0.08222 0.03686 ( 1)  0.281 +-  0.696
   3 L   0.88452 0.07855 0.03693 ( 1)  0.281 +-  0.718
   4 M   0.89810 0.07376 0.02814 ( 1)  0.240 +-  0.557
   5 E   0.88657 0.07876 0.03467 ( 1)  0.270 +-  0.669
   6 D   0.89167 0.07589 0.03244 ( 1)  0.259 +-  0.637
   7 S   0.87450 0.08498 0.04052 ( 1)  0.299 +-  0.757
   8 S   0.88448 0.07934 0.03619 ( 1)  0.277 +-  0.697
   9 S   0.88753 0.07765 0.03482 ( 1)  0.270 +-  0.677
  10 V   0.88274 0.07976 0.03750 ( 1)  0.284 +-  0.724
  11 K   0.88971 0.07738 0.03291 ( 1)  0.261 +-  0.637
  12 S   0.89544 0.07487 0.02968 ( 1)  0.247 +-  0.583
  13 S   0.89672 0.07460 0.02868 ( 1)  0.242 +-  0.562
  14 R   0.89667 0.07182 0.03152 ( 1)  0.254 +-  0.639
  15 R   0.88101 0.08032 0.03867 ( 1)  0.290 +-  0.746
  16 Q   0.88982 0.07814 0.03204 ( 1)  0.258 +-  0.616
  17 Q   0.89008 0.07802 0.03190 ( 1)  0.257 +-  0.614
  18 P   0.88740 0.07970 0.03290 ( 1)  0.262 +-  0.625
  19 V   0.88608 0.07856 0.03535 ( 1)  0.273 +-  0.685
  20 V   0.34183 0.27652 0.38166 ( 3)  1.931 +-  2.461
  21 P   0.88049 0.08249 0.03703 ( 1)  0.281 +-  0.698
  22 A   0.88344 0.07917 0.03739 ( 1)  0.283 +-  0.725
  23 S   0.88797 0.07825 0.03378 ( 1)  0.266 +-  0.652
  24 Q   0.88743 0.07958 0.03299 ( 1)  0.262 +-  0.629
  25 P   0.88814 0.07856 0.03330 ( 1)  0.263 +-  0.640
  26 A   0.89627 0.07374 0.02999 ( 1)  0.248 +-  0.598
  27 D   0.90584 0.06908 0.02508 ( 1)  0.226 +-  0.518
  28 S   0.88170 0.08191 0.03639 ( 1)  0.278 +-  0.686
  29 A   0.89629 0.07466 0.02906 ( 1)  0.244 +-  0.572
  30 N   0.90402 0.07020 0.02578 ( 1)  0.229 +-  0.526
  31 G   0.89333 0.07600 0.03067 ( 1)  0.251 +-  0.600
  32 T   0.89423 0.07563 0.03014 ( 1)  0.249 +-  0.589
  33 S   0.88514 0.08130 0.03356 ( 1)  0.265 +-  0.631
  34 P   0.89503 0.07313 0.03184 ( 1)  0.256 +-  0.639
  35 T   0.88141 0.08061 0.03797 ( 1)  0.286 +-  0.729
  36 E   0.90037 0.07230 0.02733 ( 1)  0.236 +-  0.551
  37 A   0.89822 0.07291 0.02887 ( 1)  0.243 +-  0.577
  38 G   0.89950 0.07202 0.02848 ( 1)  0.241 +-  0.571
  39 P   0.88753 0.07966 0.03280 ( 1)  0.261 +-  0.624
  40 P   0.88479 0.08067 0.03454 ( 1)  0.269 +-  0.656
  41 Q   0.89335 0.07575 0.03090 ( 1)  0.252 +-  0.604
  42 R   0.89318 0.07551 0.03131 ( 1)  0.254 +-  0.613
  43 W   0.89569 0.07222 0.03209 ( 1)  0.257 +-  0.649
  44 L   0.88946 0.07702 0.03352 ( 1)  0.264 +-  0.653
  45 F   0.89499 0.07488 0.03013 ( 1)  0.248 +-  0.591
  46 S   0.88705 0.07873 0.03423 ( 1)  0.268 +-  0.659
  47 Q   0.88863 0.07891 0.03246 ( 1)  0.260 +-  0.621
  48 V   0.89175 0.07718 0.03107 ( 1)  0.254 +-  0.604
  49 K   0.88955 0.07679 0.03367 ( 1)  0.265 +-  0.658
  50 G   0.88894 0.07931 0.03174 ( 1)  0.257 +-  0.606
  51 T   0.89552 0.07508 0.02940 ( 1)  0.245 +-  0.576
  52 A   0.89517 0.07521 0.02962 ( 1)  0.247 +-  0.582
  53 W   0.88958 0.07688 0.03353 ( 1)  0.264 +-  0.653
  54 E   0.89330 0.07696 0.02973 ( 1)  0.248 +-  0.581
  55 E   0.89932 0.07298 0.02770 ( 1)  0.238 +-  0.556
  56 V   0.89412 0.07556 0.03031 ( 1)  0.250 +-  0.596
  57 S   0.88590 0.07919 0.03491 ( 1)  0.271 +-  0.670
  58 E   0.89742 0.07382 0.02876 ( 1)  0.243 +-  0.576
  59 Q   0.88677 0.07986 0.03337 ( 1)  0.264 +-  0.636
  60 D   0.88795 0.07829 0.03376 ( 1)  0.266 +-  0.652
  61 I   0.89035 0.07652 0.03314 ( 1)  0.262 +-  0.647
  62 I   0.89816 0.07289 0.02894 ( 1)  0.243 +-  0.579
  63 S   0.87310 0.08545 0.04146 ( 1)  0.303 +-  0.773
  64 C   0.89672 0.07335 0.02993 ( 1)  0.247 +-  0.593
  65 V   0.88608 0.07856 0.03535 ( 1)  0.273 +-  0.685
  66 E   0.89414 0.07651 0.02936 ( 1)  0.246 +-  0.575
  67 F   0.88907 0.07934 0.03159 ( 1)  0.256 +-  0.599
  68 N   0.89724 0.07492 0.02784 ( 1)  0.239 +-  0.549
  69 H   0.90087 0.07194 0.02719 ( 1)  0.235 +-  0.544
  70 T   0.89126 0.07762 0.03112 ( 1)  0.254 +-  0.600
  71 G   0.88982 0.07869 0.03149 ( 1)  0.256 +-  0.604
  72 Q   0.89506 0.07412 0.03082 ( 1)  0.251 +-  0.611
  73 L   0.89349 0.07382 0.03270 ( 1)  0.260 +-  0.654
  74 L   0.89762 0.07098 0.03140 ( 1)  0.254 +-  0.641
  75 A   0.88610 0.07852 0.03537 ( 1)  0.273 +-  0.685
  76 T   0.89606 0.07383 0.03012 ( 1)  0.248 +-  0.599
  77 G   0.89957 0.07222 0.02821 ( 1)  0.239 +-  0.564
  78 D   0.90584 0.06908 0.02508 ( 1)  0.226 +-  0.518
  79 K   0.89197 0.07513 0.03291 ( 1)  0.261 +-  0.650
  80 G   0.89375 0.07585 0.03040 ( 1)  0.250 +-  0.595
  81 G   0.89730 0.07352 0.02918 ( 1)  0.244 +-  0.580
  82 R   0.89707 0.07351 0.02943 ( 1)  0.245 +-  0.584
  83 I   0.89386 0.07432 0.03181 ( 1)  0.256 +-  0.630
  84 V   0.89107 0.07757 0.03136 ( 1)  0.255 +-  0.608
  85 V   0.88880 0.07894 0.03226 ( 1)  0.259 +-  0.620
  86 F   0.90121 0.06980 0.02899 ( 1)  0.242 +-  0.594
  87 Q   0.89231 0.07619 0.03150 ( 1)  0.255 +-  0.615
  88 R   0.88121 0.07987 0.03893 ( 1)  0.291 +-  0.754
  89 A   0.89089 0.07767 0.03144 ( 1)  0.255 +-  0.609
  90 S   0.89014 0.07682 0.03305 ( 1)  0.262 +-  0.644
  91 N   0.90090 0.07204 0.02705 ( 1)  0.235 +-  0.546
  92 G   0.89139 0.07637 0.03224 ( 1)  0.258 +-  0.632
  93 L   0.88344 0.08120 0.03536 ( 1)  0.274 +-  0.676
  94 Y   0.89484 0.07447 0.03069 ( 1)  0.251 +-  0.608
  95 N   0.88331 0.08148 0.03521 ( 1)  0.273 +-  0.665
  96 V   0.89450 0.07479 0.03071 ( 1)  0.252 +-  0.610
  97 Y   0.88172 0.08007 0.03820 ( 1)  0.287 +-  0.737
  98 S   0.89121 0.07609 0.03270 ( 1)  0.260 +-  0.641
  99 T   0.88501 0.07926 0.03573 ( 1)  0.275 +-  0.688
 100 F   0.88884 0.07897 0.03219 ( 1)  0.258 +-  0.614
 101 T   0.88451 0.07940 0.03609 ( 1)  0.277 +-  0.695
 102 S   0.89756 0.07395 0.02849 ( 1)  0.241 +-  0.561
 103 H   0.88434 0.07952 0.03614 ( 1)  0.280 +-  0.719
 104 E   0.90374 0.07004 0.02622 ( 1)  0.231 +-  0.537
 105 P   0.89686 0.07248 0.03066 ( 1)  0.250 +-  0.616
 106 E   0.89509 0.07566 0.02925 ( 1)  0.246 +-  0.577
 107 F   0.89059 0.07775 0.03166 ( 1)  0.256 +-  0.609
 108 D   0.90226 0.07148 0.02626 ( 1)  0.232 +-  0.533
 109 Y   0.88557 0.07849 0.03595 ( 1)  0.276 +-  0.697
 110 L   0.87559 0.08455 0.03986 ( 1)  0.295 +-  0.745
 111 K   0.89405 0.07435 0.03160 ( 1)  0.255 +-  0.625
 112 S   0.88725 0.07999 0.03276 ( 1)  0.261 +-  0.620
 113 L   0.88440 0.07995 0.03565 ( 1)  0.275 +-  0.683

Positively selected sites

	Prob(w>1)  mean w


