Supplemental results for CODEML (seqf: algn  treef: tree)


dN/dS (w) for site classes (K=9)

p:   0.12104  0.12104  0.12104  0.12104  0.12104  0.12104  0.12104  0.12104  0.03168
w:   0.00000  0.00000  0.00000  0.00000  0.00000  0.00000  0.00000  0.00000  6.54935

Naive Empirical Bayes (NEB) probabilities for 9 classes & postmean_w & P(w>1)
(amino acids refer to 1st sequence: Mlig.26046)

   1 M   0.12291 0.12291 0.12291 0.12291 0.12291 0.12291 0.12291 0.12291 0.01673 ( 3)  0.110  0.017
   2 A   0.12335 0.12335 0.12335 0.12335 0.12335 0.12335 0.12335 0.12335 0.01320 ( 5)  0.086  0.013
   3 C   0.12323 0.12323 0.12323 0.12323 0.12323 0.12323 0.12323 0.12323 0.01414 ( 5)  0.093  0.014
   4 G   0.12329 0.12329 0.12329 0.12329 0.12329 0.12329 0.12329 0.12329 0.01368 ( 5)  0.090  0.014
   5 A   0.12335 0.12335 0.12335 0.12335 0.12335 0.12335 0.12335 0.12335 0.01320 ( 5)  0.086  0.013
   6 N   0.12175 0.12175 0.12175 0.12175 0.12175 0.12175 0.12175 0.12175 0.02602 ( 3)  0.170  0.026
   7 N   0.12319 0.12319 0.12319 0.12319 0.12319 0.12319 0.12319 0.12319 0.01449 ( 1)  0.095  0.014
   8 D   0.12348 0.12348 0.12348 0.12348 0.12348 0.12348 0.12348 0.12348 0.01214 ( 3)  0.080  0.012
   9 G   0.12329 0.12329 0.12329 0.12329 0.12329 0.12329 0.12329 0.12329 0.01368 ( 5)  0.090  0.014
  10 Q   0.12261 0.12261 0.12261 0.12261 0.12261 0.12261 0.12261 0.12261 0.01910 ( 1)  0.125  0.019
  11 L   0.12215 0.12215 0.12215 0.12215 0.12215 0.12215 0.12215 0.12215 0.02281 ( 3)  0.149  0.023
  12 G   0.12283 0.12283 0.12283 0.12283 0.12283 0.12283 0.12283 0.12283 0.01734 ( 5)  0.114  0.017
  13 P   0.12276 0.12276 0.12276 0.12276 0.12276 0.12276 0.12276 0.12276 0.01793 ( 5)  0.117  0.018
  14 L   0.12240 0.12240 0.12240 0.12240 0.12240 0.12240 0.12240 0.12240 0.02079 ( 5)  0.136  0.021
  15 Q   0.12173 0.12173 0.12173 0.12173 0.12173 0.12173 0.12173 0.12173 0.02617 ( 1)  0.171  0.026
  16 T   0.12324 0.12324 0.12324 0.12324 0.12324 0.12324 0.12324 0.12324 0.01405 ( 5)  0.092  0.014
  17 R   0.12166 0.12166 0.12166 0.12166 0.12166 0.12166 0.12166 0.12166 0.02672 ( 2)  0.175  0.027
  18 V   0.12335 0.12335 0.12335 0.12335 0.12335 0.12335 0.12335 0.12335 0.01322 ( 2)  0.087  0.013
  19 S   0.12317 0.12317 0.12317 0.12317 0.12317 0.12317 0.12317 0.12317 0.01461 ( 1)  0.096  0.015
  20 D   0.12348 0.12348 0.12348 0.12348 0.12348 0.12348 0.12348 0.12348 0.01214 ( 3)  0.080  0.012
  21 G   0.12329 0.12329 0.12329 0.12329 0.12329 0.12329 0.12329 0.12329 0.01368 ( 5)  0.090  0.014
  22 A   0.12335 0.12335 0.12335 0.12335 0.12335 0.12335 0.12335 0.12335 0.01320 ( 5)  0.086  0.013
  23 D   0.12348 0.12348 0.12348 0.12348 0.12348 0.12348 0.12348 0.12348 0.01214 ( 3)  0.080  0.012
  24 P   0.12322 0.12322 0.12322 0.12322 0.12322 0.12322 0.12322 0.12322 0.01421 ( 1)  0.093  0.014
  25 A   0.12335 0.12335 0.12335 0.12335 0.12335 0.12335 0.12335 0.12335 0.01320 ( 5)  0.086  0.013
  26 Q   0.12261 0.12261 0.12261 0.12261 0.12261 0.12261 0.12261 0.12261 0.01910 ( 1)  0.125  0.019
  27 D   0.12348 0.12348 0.12348 0.12348 0.12348 0.12348 0.12348 0.12348 0.01214 ( 3)  0.080  0.012
  28 I   0.12195 0.12195 0.12195 0.12195 0.12195 0.12195 0.12195 0.12195 0.02441 ( 1)  0.160  0.024
  29 L   0.12148 0.12148 0.12148 0.12148 0.12148 0.12148 0.12148 0.12148 0.02815 ( 1)  0.184  0.028
  30 L   0.12215 0.12215 0.12215 0.12215 0.12215 0.12215 0.12215 0.12215 0.02281 ( 3)  0.149  0.023
  31 S   0.12264 0.12264 0.12264 0.12264 0.12264 0.12264 0.12264 0.12264 0.01888 ( 5)  0.124  0.019
  32 S   0.12264 0.12264 0.12264 0.12264 0.12264 0.12264 0.12264 0.12264 0.01888 ( 5)  0.124  0.019
  33 S   0.12152 0.12152 0.12152 0.12152 0.12152 0.12152 0.12152 0.12152 0.02787 ( 5)  0.183  0.028
  34 L   0.12148 0.12148 0.12148 0.12148 0.12148 0.12148 0.12148 0.12148 0.02815 ( 1)  0.184  0.028
  35 N   0.12319 0.12319 0.12319 0.12319 0.12319 0.12319 0.12319 0.12319 0.01449 ( 1)  0.095  0.014
  36 S   0.12264 0.12264 0.12264 0.12264 0.12264 0.12264 0.12264 0.12264 0.01888 ( 5)  0.124  0.019
  37 S   0.12264 0.12264 0.12264 0.12264 0.12264 0.12264 0.12264 0.12264 0.01888 ( 5)  0.124  0.019
  38 S   0.12169 0.12169 0.12169 0.12169 0.12169 0.12169 0.12169 0.12169 0.02649 ( 1)  0.174  0.026
  39 S   0.12152 0.12152 0.12152 0.12152 0.12152 0.12152 0.12152 0.12152 0.02787 ( 5)  0.183  0.028
  40 G   0.12329 0.12329 0.12329 0.12329 0.12329 0.12329 0.12329 0.12329 0.01368 ( 5)  0.090  0.014
  41 V   0.12335 0.12335 0.12335 0.12335 0.12335 0.12335 0.12335 0.12335 0.01322 ( 2)  0.087  0.013
  42 A   0.12335 0.12335 0.12335 0.12335 0.12335 0.12335 0.12335 0.12335 0.01320 ( 5)  0.086  0.013
  43 R   0.12276 0.12276 0.12276 0.12276 0.12276 0.12276 0.12276 0.12276 0.01795 ( 5)  0.118  0.018
  44 H   0.12330 0.12330 0.12330 0.12330 0.12330 0.12330 0.12330 0.12330 0.01360 ( 1)  0.089  0.014
  45 R   0.12171 0.12171 0.12171 0.12171 0.12171 0.12171 0.12171 0.12171 0.02633 ( 3)  0.172  0.026
  46 L   0.12240 0.12240 0.12240 0.12240 0.12240 0.12240 0.12240 0.12240 0.02079 ( 5)  0.136  0.021
  47 V   0.12289 0.12289 0.12289 0.12289 0.12289 0.12289 0.12289 0.12289 0.01692 ( 2)  0.111  0.017
  48 L   0.12322 0.12322 0.12322 0.12322 0.12322 0.12322 0.12322 0.12322 0.01421 ( 1)  0.093  0.014
  49 R   0.12267 0.12267 0.12267 0.12267 0.12267 0.12267 0.12267 0.12267 0.01860 ( 3)  0.122  0.019
  50 P   0.12259 0.12259 0.12259 0.12259 0.12259 0.12259 0.12259 0.12259 0.01925 ( 1)  0.126  0.019
  51 T   0.12171 0.12171 0.12171 0.12171 0.12171 0.12171 0.12171 0.12171 0.02630 ( 5)  0.172  0.026
  52 Q   0.12261 0.12261 0.12261 0.12261 0.12261 0.12261 0.12261 0.12261 0.01910 ( 1)  0.125  0.019
  53 V   0.12335 0.12335 0.12335 0.12335 0.12335 0.12335 0.12335 0.12335 0.01322 ( 2)  0.087  0.013
  54 R   0.12319 0.12319 0.12319 0.12319 0.12319 0.12319 0.12319 0.12319 0.01450 ( 2)  0.095  0.014
  55 L   0.12172 0.12172 0.12172 0.12172 0.12172 0.12172 0.12172 0.12172 0.02621 ( 2)  0.172  0.026
  56 P   0.12276 0.12276 0.12276 0.12276 0.12276 0.12276 0.12276 0.12276 0.01793 ( 5)  0.117  0.018
  57 V   0.12289 0.12289 0.12289 0.12289 0.12289 0.12289 0.12289 0.12289 0.01692 ( 2)  0.111  0.017
  58 H   0.12330 0.12330 0.12330 0.12330 0.12330 0.12330 0.12330 0.12330 0.01360 ( 1)  0.089  0.014
  59 P   0.12276 0.12276 0.12276 0.12276 0.12276 0.12276 0.12276 0.12276 0.01793 ( 5)  0.117  0.018
  60 A   0.12335 0.12335 0.12335 0.12335 0.12335 0.12335 0.12335 0.12335 0.01320 ( 5)  0.086  0.013
  61 E   0.12305 0.12305 0.12305 0.12305 0.12305 0.12305 0.12305 0.12305 0.01556 ( 3)  0.102  0.016
  62 L   0.12240 0.12240 0.12240 0.12240 0.12240 0.12240 0.12240 0.12240 0.02079 ( 5)  0.136  0.021
  63 A   0.12289 0.12289 0.12289 0.12289 0.12289 0.12289 0.12289 0.12289 0.01690 ( 5)  0.111  0.017
  64 S   0.12317 0.12317 0.12317 0.12317 0.12317 0.12317 0.12317 0.12317 0.01461 ( 1)  0.096  0.015
  65 G   0.12329 0.12329 0.12329 0.12329 0.12329 0.12329 0.12329 0.12329 0.01368 ( 5)  0.090  0.014
  66 R   0.12267 0.12267 0.12267 0.12267 0.12267 0.12267 0.12267 0.12267 0.01860 ( 3)  0.122  0.019
  67 C   0.00000 0.00000 0.00000 0.00000 0.00000 0.00000 0.00000 0.00000 1.00000 ( 9)  6.549  1.000
  68 R   0.12319 0.12319 0.12319 0.12319 0.12319 0.12319 0.12319 0.12319 0.01450 ( 2)  0.095  0.014
  69 L   0.12240 0.12240 0.12240 0.12240 0.12240 0.12240 0.12240 0.12240 0.02079 ( 5)  0.136  0.021
  70 L   0.12240 0.12240 0.12240 0.12240 0.12240 0.12240 0.12240 0.12240 0.02079 ( 5)  0.136  0.021
  71 R   0.12319 0.12319 0.12319 0.12319 0.12319 0.12319 0.12319 0.12319 0.01450 ( 2)  0.095  0.014
  72 L   0.12215 0.12215 0.12215 0.12215 0.12215 0.12215 0.12215 0.12215 0.02281 ( 3)  0.149  0.023
  73 S   0.12264 0.12264 0.12264 0.12264 0.12264 0.12264 0.12264 0.12264 0.01888 ( 5)  0.124  0.019
  74 A   0.12335 0.12335 0.12335 0.12335 0.12335 0.12335 0.12335 0.12335 0.01320 ( 5)  0.086  0.013
  75 G   0.12329 0.12329 0.12329 0.12329 0.12329 0.12329 0.12329 0.12329 0.01368 ( 5)  0.090  0.014
  76 R   0.12267 0.12267 0.12267 0.12267 0.12267 0.12267 0.12267 0.12267 0.01860 ( 3)  0.122  0.019
  77 A   0.12289 0.12289 0.12289 0.12289 0.12289 0.12289 0.12289 0.12289 0.01690 ( 5)  0.111  0.017
  78 H   0.12330 0.12330 0.12330 0.12330 0.12330 0.12330 0.12330 0.12330 0.01360 ( 1)  0.089  0.014
  79 S   0.12317 0.12317 0.12317 0.12317 0.12317 0.12317 0.12317 0.12317 0.01461 ( 1)  0.096  0.015
  80 L   0.12240 0.12240 0.12240 0.12240 0.12240 0.12240 0.12240 0.12240 0.02079 ( 5)  0.136  0.021
  81 L   0.12240 0.12240 0.12240 0.12240 0.12240 0.12240 0.12240 0.12240 0.02079 ( 5)  0.136  0.021
  82 V   0.12289 0.12289 0.12289 0.12289 0.12289 0.12289 0.12289 0.12289 0.01692 ( 2)  0.111  0.017
  83 T   0.12324 0.12324 0.12324 0.12324 0.12324 0.12324 0.12324 0.12324 0.01405 ( 5)  0.092  0.014
  84 S   0.12182 0.12182 0.12182 0.12182 0.12182 0.12182 0.12182 0.12182 0.02547 ( 5)  0.167  0.025
  85 H   0.12330 0.12330 0.12330 0.12330 0.12330 0.12330 0.12330 0.12330 0.01360 ( 1)  0.089  0.014
  86 G   0.12329 0.12329 0.12329 0.12329 0.12329 0.12329 0.12329 0.12329 0.01368 ( 5)  0.090  0.014
  87 A   0.12335 0.12335 0.12335 0.12335 0.12335 0.12335 0.12335 0.12335 0.01320 ( 5)  0.086  0.013
  88 Y   0.12311 0.12311 0.12311 0.12311 0.12311 0.12311 0.12311 0.12311 0.01515 ( 5)  0.099  0.015
  89 A   0.12235 0.12235 0.12235 0.12235 0.12235 0.12235 0.12235 0.12235 0.02123 ( 1)  0.139  0.021
  90 F   0.12325 0.12325 0.12325 0.12325 0.12325 0.12325 0.12325 0.12325 0.01403 ( 5)  0.092  0.014
  91 G   0.12329 0.12329 0.12329 0.12329 0.12329 0.12329 0.12329 0.12329 0.01368 ( 5)  0.090  0.014
  92 N   0.12319 0.12319 0.12319 0.12319 0.12319 0.12319 0.12319 0.12319 0.01449 ( 1)  0.095  0.014
  93 N   0.12175 0.12175 0.12175 0.12175 0.12175 0.12175 0.12175 0.12175 0.02602 ( 3)  0.170  0.026
  94 A   0.12335 0.12335 0.12335 0.12335 0.12335 0.12335 0.12335 0.12335 0.01320 ( 5)  0.086  0.013
  95 F   0.12325 0.12325 0.12325 0.12325 0.12325 0.12325 0.12325 0.12325 0.01403 ( 5)  0.092  0.014
  96 G   0.12161 0.12161 0.12161 0.12161 0.12161 0.12161 0.12161 0.12161 0.02712 ( 2)  0.178  0.027
  97 Q   0.12261 0.12261 0.12261 0.12261 0.12261 0.12261 0.12261 0.12261 0.01910 ( 1)  0.125  0.019
  98 C   0.12323 0.12323 0.12323 0.12323 0.12323 0.12323 0.12323 0.12323 0.01414 ( 5)  0.093  0.014
  99 G   0.12329 0.12329 0.12329 0.12329 0.12329 0.12329 0.12329 0.12329 0.01368 ( 5)  0.090  0.014
 100 R   0.12267 0.12267 0.12267 0.12267 0.12267 0.12267 0.12267 0.12267 0.01860 ( 3)  0.122  0.019
 101 P   0.12276 0.12276 0.12276 0.12276 0.12276 0.12276 0.12276 0.12276 0.01793 ( 5)  0.117  0.018
 102 A   0.12335 0.12335 0.12335 0.12335 0.12335 0.12335 0.12335 0.12335 0.01320 ( 5)  0.086  0.013
 103 G   0.12329 0.12329 0.12329 0.12329 0.12329 0.12329 0.12329 0.12329 0.01368 ( 5)  0.090  0.014
 104 G   0.12206 0.12206 0.12206 0.12206 0.12206 0.12206 0.12206 0.12206 0.02353 ( 1)  0.154  0.024
 105 E   0.12198 0.12198 0.12198 0.12198 0.12198 0.12198 0.12198 0.12198 0.02418 ( 2)  0.158  0.024
 106 S   0.12317 0.12317 0.12317 0.12317 0.12317 0.12317 0.12317 0.12317 0.01461 ( 1)  0.096  0.015
 107 A   0.12180 0.12180 0.12180 0.12180 0.12180 0.12180 0.12180 0.12180 0.02563 ( 3)  0.168  0.026
 108 A   0.12335 0.12335 0.12335 0.12335 0.12335 0.12335 0.12335 0.12335 0.01320 ( 5)  0.086  0.013
 109 V   0.12289 0.12289 0.12289 0.12289 0.12289 0.12289 0.12289 0.12289 0.01692 ( 2)  0.111  0.017
 110 A   0.12335 0.12335 0.12335 0.12335 0.12335 0.12335 0.12335 0.12335 0.01320 ( 5)  0.086  0.013
 111 R   0.12276 0.12276 0.12276 0.12276 0.12276 0.12276 0.12276 0.12276 0.01795 ( 5)  0.118  0.018
 112 L   0.12240 0.12240 0.12240 0.12240 0.12240 0.12240 0.12240 0.12240 0.02079 ( 5)  0.136  0.021
 113 A   0.12289 0.12289 0.12289 0.12289 0.12289 0.12289 0.12289 0.12289 0.01690 ( 5)  0.111  0.017
 114 L   0.12240 0.12240 0.12240 0.12240 0.12240 0.12240 0.12240 0.12240 0.02079 ( 5)  0.136  0.021
 115 P   0.12322 0.12322 0.12322 0.12322 0.12322 0.12322 0.12322 0.12322 0.01421 ( 1)  0.093  0.014
 116 C   0.12323 0.12323 0.12323 0.12323 0.12323 0.12323 0.12323 0.12323 0.01414 ( 5)  0.093  0.014
 117 P   0.12276 0.12276 0.12276 0.12276 0.12276 0.12276 0.12276 0.12276 0.01793 ( 5)  0.117  0.018
 118 P   0.12322 0.12322 0.12322 0.12322 0.12322 0.12322 0.12322 0.12322 0.01421 ( 1)  0.093  0.014
 119 E   0.12305 0.12305 0.12305 0.12305 0.12305 0.12305 0.12305 0.12305 0.01556 ( 3)  0.102  0.016
 120 S   0.12169 0.12169 0.12169 0.12169 0.12169 0.12169 0.12169 0.12169 0.02649 ( 1)  0.174  0.026
 121 V   0.12289 0.12289 0.12289 0.12289 0.12289 0.12289 0.12289 0.12289 0.01692 ( 2)  0.111  0.017
 122 Q   0.12261 0.12261 0.12261 0.12261 0.12261 0.12261 0.12261 0.12261 0.01910 ( 1)  0.125  0.019
 123 R   0.12267 0.12267 0.12267 0.12267 0.12267 0.12267 0.12267 0.12267 0.01860 ( 3)  0.122  0.019
 124 L   0.12240 0.12240 0.12240 0.12240 0.12240 0.12240 0.12240 0.12240 0.02079 ( 5)  0.136  0.021
 125 V   0.12335 0.12335 0.12335 0.12335 0.12335 0.12335 0.12335 0.12335 0.01322 ( 2)  0.087  0.013
 126 C   0.12323 0.12323 0.12323 0.12323 0.12323 0.12323 0.12323 0.12323 0.01414 ( 5)  0.093  0.014
 127 G   0.12329 0.12329 0.12329 0.12329 0.12329 0.12329 0.12329 0.12329 0.01368 ( 5)  0.090  0.014
 128 Q   0.12261 0.12261 0.12261 0.12261 0.12261 0.12261 0.12261 0.12261 0.01910 ( 1)  0.125  0.019
 129 D   0.12348 0.12348 0.12348 0.12348 0.12348 0.12348 0.12348 0.12348 0.01214 ( 3)  0.080  0.012
 130 S   0.12332 0.12332 0.12332 0.12332 0.12332 0.12332 0.12332 0.12332 0.01346 ( 1)  0.088  0.013
 131 T   0.12324 0.12324 0.12324 0.12324 0.12324 0.12324 0.12324 0.12324 0.01405 ( 5)  0.092  0.014
 132 Y   0.12311 0.12311 0.12311 0.12311 0.12311 0.12311 0.12311 0.12311 0.01515 ( 5)  0.099  0.015
 133 L   0.12240 0.12240 0.12240 0.12240 0.12240 0.12240 0.12240 0.12240 0.02079 ( 5)  0.136  0.021
 134 L   0.12240 0.12240 0.12240 0.12240 0.12240 0.12240 0.12240 0.12240 0.02079 ( 5)  0.136  0.021
 135 T   0.12171 0.12171 0.12171 0.12171 0.12171 0.12171 0.12171 0.12171 0.02630 ( 5)  0.172  0.026
 136 A   0.12335 0.12335 0.12335 0.12335 0.12335 0.12335 0.12335 0.12335 0.01320 ( 5)  0.086  0.013
 137 D   0.12348 0.12348 0.12348 0.12348 0.12348 0.12348 0.12348 0.12348 0.01214 ( 3)  0.080  0.012
 138 G   0.12329 0.12329 0.12329 0.12329 0.12329 0.12329 0.12329 0.12329 0.01368 ( 5)  0.090  0.014
 139 R   0.12142 0.12142 0.12142 0.12142 0.12142 0.12142 0.12142 0.12142 0.02865 ( 3)  0.188  0.029
 140 V   0.12335 0.12335 0.12335 0.12335 0.12335 0.12335 0.12335 0.12335 0.01322 ( 2)  0.087  0.013
 141 Y   0.12311 0.12311 0.12311 0.12311 0.12311 0.12311 0.12311 0.12311 0.01515 ( 5)  0.099  0.015
 142 S   0.12332 0.12332 0.12332 0.12332 0.12332 0.12332 0.12332 0.12332 0.01346 ( 1)  0.088  0.013
 143 C   0.12323 0.12323 0.12323 0.12323 0.12323 0.12323 0.12323 0.12323 0.01414 ( 5)  0.093  0.014
 144 G   0.12329 0.12329 0.12329 0.12329 0.12329 0.12329 0.12329 0.12329 0.01368 ( 5)  0.090  0.014
 145 L   0.12322 0.12322 0.12322 0.12322 0.12322 0.12322 0.12322 0.12322 0.01421 ( 1)  0.093  0.014
 146 G   0.12329 0.12329 0.12329 0.12329 0.12329 0.12329 0.12329 0.12329 0.01368 ( 5)  0.090  0.014
 147 A   0.12335 0.12335 0.12335 0.12335 0.12335 0.12335 0.12335 0.12335 0.01320 ( 5)  0.086  0.013
 148 D   0.12348 0.12348 0.12348 0.12348 0.12348 0.12348 0.12348 0.12348 0.01214 ( 3)  0.080  0.012
 149 G   0.12329 0.12329 0.12329 0.12329 0.12329 0.12329 0.12329 0.12329 0.01368 ( 5)  0.090  0.014
 150 Q   0.12261 0.12261 0.12261 0.12261 0.12261 0.12261 0.12261 0.12261 0.01910 ( 1)  0.125  0.019
 151 L   0.12322 0.12322 0.12322 0.12322 0.12322 0.12322 0.12322 0.12322 0.01421 ( 1)  0.093  0.014
 152 G   0.12329 0.12329 0.12329 0.12329 0.12329 0.12329 0.12329 0.12329 0.01368 ( 5)  0.090  0.014
 153 L   0.12215 0.12215 0.12215 0.12215 0.12215 0.12215 0.12215 0.12215 0.02281 ( 3)  0.149  0.023
 154 G   0.12329 0.12329 0.12329 0.12329 0.12329 0.12329 0.12329 0.12329 0.01368 ( 5)  0.090  0.014
 155 G   0.12329 0.12329 0.12329 0.12329 0.12329 0.12329 0.12329 0.12329 0.01368 ( 5)  0.090  0.014
 156 F   0.12325 0.12325 0.12325 0.12325 0.12325 0.12325 0.12325 0.12325 0.01403 ( 5)  0.092  0.014
 157 D   0.12348 0.12348 0.12348 0.12348 0.12348 0.12348 0.12348 0.12348 0.01214 ( 3)  0.080  0.012
 158 N   0.12319 0.12319 0.12319 0.12319 0.12319 0.12319 0.12319 0.12319 0.01449 ( 1)  0.095  0.014
 159 S   0.12317 0.12317 0.12317 0.12317 0.12317 0.12317 0.12317 0.12317 0.01461 ( 1)  0.096  0.015
 160 D   0.12348 0.12348 0.12348 0.12348 0.12348 0.12348 0.12348 0.12348 0.01214 ( 3)  0.080  0.012
 161 R   0.12142 0.12142 0.12142 0.12142 0.12142 0.12142 0.12142 0.12142 0.02865 ( 3)  0.188  0.029
 162 F   0.12182 0.12182 0.12182 0.12182 0.12182 0.12182 0.12182 0.12182 0.02546 ( 1)  0.167  0.025
 163 Q   0.12261 0.12261 0.12261 0.12261 0.12261 0.12261 0.12261 0.12261 0.01910 ( 1)  0.125  0.019
 164 L   0.12240 0.12240 0.12240 0.12240 0.12240 0.12240 0.12240 0.12240 0.02079 ( 5)  0.136  0.021
 165 V   0.12180 0.12180 0.12180 0.12180 0.12180 0.12180 0.12180 0.12180 0.02564 ( 3)  0.168  0.026
 166 D   0.12348 0.12348 0.12348 0.12348 0.12348 0.12348 0.12348 0.12348 0.01214 ( 3)  0.080  0.012
 167 V   0.12335 0.12335 0.12335 0.12335 0.12335 0.12335 0.12335 0.12335 0.01322 ( 2)  0.087  0.013
 168 G   0.12266 0.12266 0.12266 0.12266 0.12266 0.12266 0.12266 0.12266 0.01874 ( 5)  0.123  0.019
 169 A   0.12335 0.12335 0.12335 0.12335 0.12335 0.12335 0.12335 0.12335 0.01320 ( 5)  0.086  0.013
 170 P   0.12276 0.12276 0.12276 0.12276 0.12276 0.12276 0.12276 0.12276 0.01793 ( 5)  0.117  0.018
 171 V   0.12289 0.12289 0.12289 0.12289 0.12289 0.12289 0.12289 0.12289 0.01692 ( 2)  0.111  0.017
 172 A   0.12335 0.12335 0.12335 0.12335 0.12335 0.12335 0.12335 0.12335 0.01320 ( 5)  0.086  0.013
 173 D   0.12203 0.12203 0.12203 0.12203 0.12203 0.12203 0.12203 0.12203 0.02375 ( 3)  0.156  0.024
 174 L   0.12240 0.12240 0.12240 0.12240 0.12240 0.12240 0.12240 0.12240 0.02079 ( 5)  0.136  0.021
 175 A   0.12335 0.12335 0.12335 0.12335 0.12335 0.12335 0.12335 0.12335 0.01320 ( 5)  0.086  0.013
 176 C   0.12323 0.12323 0.12323 0.12323 0.12323 0.12323 0.12323 0.12323 0.01414 ( 5)  0.093  0.014
 177 R   0.12142 0.12142 0.12142 0.12142 0.12142 0.12142 0.12142 0.12142 0.02865 ( 3)  0.188  0.029
 178 A   0.12335 0.12335 0.12335 0.12335 0.12335 0.12335 0.12335 0.12335 0.01320 ( 5)  0.086  0.013
 179 D   0.12348 0.12348 0.12348 0.12348 0.12348 0.12348 0.12348 0.12348 0.01214 ( 3)  0.080  0.012
 180 T   0.12324 0.12324 0.12324 0.12324 0.12324 0.12324 0.12324 0.12324 0.01405 ( 5)  0.092  0.014
 181 V   0.12289 0.12289 0.12289 0.12289 0.12289 0.12289 0.12289 0.12289 0.01692 ( 2)  0.111  0.017
 182 L   0.12240 0.12240 0.12240 0.12240 0.12240 0.12240 0.12240 0.12240 0.02079 ( 5)  0.136  0.021
 183 A   0.12289 0.12289 0.12289 0.12289 0.12289 0.12289 0.12289 0.12289 0.01690 ( 5)  0.111  0.017
 184 L   0.12240 0.12240 0.12240 0.12240 0.12240 0.12240 0.12240 0.12240 0.02079 ( 5)  0.136  0.021
 185 G   0.12329 0.12329 0.12329 0.12329 0.12329 0.12329 0.12329 0.12329 0.01368 ( 5)  0.090  0.014
 186 E   0.12305 0.12305 0.12305 0.12305 0.12305 0.12305 0.12305 0.12305 0.01556 ( 3)  0.102  0.016
 187 D   0.12348 0.12348 0.12348 0.12348 0.12348 0.12348 0.12348 0.12348 0.01214 ( 3)  0.080  0.012
 188 G   0.12329 0.12329 0.12329 0.12329 0.12329 0.12329 0.12329 0.12329 0.01368 ( 5)  0.090  0.014
 189 C   0.12323 0.12323 0.12323 0.12323 0.12323 0.12323 0.12323 0.12323 0.01414 ( 5)  0.093  0.014
 190 V   0.12335 0.12335 0.12335 0.12335 0.12335 0.12335 0.12335 0.12335 0.01322 ( 2)  0.087  0.013
 191 Y   0.12311 0.12311 0.12311 0.12311 0.12311 0.12311 0.12311 0.12311 0.01515 ( 5)  0.099  0.015
 192 G   0.12329 0.12329 0.12329 0.12329 0.12329 0.12329 0.12329 0.12329 0.01368 ( 5)  0.090  0.014
 193 W   0.12252 0.12252 0.12252 0.12252 0.12252 0.12252 0.12252 0.12252 0.01983 ( 5)  0.130  0.020
 194 G   0.12329 0.12329 0.12329 0.12329 0.12329 0.12329 0.12329 0.12329 0.01368 ( 5)  0.090  0.014
 195 N   0.12319 0.12319 0.12319 0.12319 0.12319 0.12319 0.12319 0.12319 0.01449 ( 1)  0.095  0.014
 196 S   0.12317 0.12317 0.12317 0.12317 0.12317 0.12317 0.12317 0.12317 0.01461 ( 1)  0.096  0.015
 197 E   0.12305 0.12305 0.12305 0.12305 0.12305 0.12305 0.12305 0.12305 0.01556 ( 3)  0.102  0.016
 198 Y   0.12311 0.12311 0.12311 0.12311 0.12311 0.12311 0.12311 0.12311 0.01515 ( 5)  0.099  0.015
 199 G   0.12161 0.12161 0.12161 0.12161 0.12161 0.12161 0.12161 0.12161 0.02712 ( 2)  0.178  0.027
 200 Q   0.12261 0.12261 0.12261 0.12261 0.12261 0.12261 0.12261 0.12261 0.01910 ( 1)  0.125  0.019
 201 L   0.12240 0.12240 0.12240 0.12240 0.12240 0.12240 0.12240 0.12240 0.02079 ( 5)  0.136  0.021
 202 G   0.12329 0.12329 0.12329 0.12329 0.12329 0.12329 0.12329 0.12329 0.01368 ( 5)  0.090  0.014
 203 T   0.12324 0.12324 0.12324 0.12324 0.12324 0.12324 0.12324 0.12324 0.01405 ( 5)  0.092  0.014
 204 D   0.12203 0.12203 0.12203 0.12203 0.12203 0.12203 0.12203 0.12203 0.02375 ( 3)  0.156  0.024
 205 A   0.12289 0.12289 0.12289 0.12289 0.12289 0.12289 0.12289 0.12289 0.01690 ( 5)  0.111  0.017
 206 L   0.12240 0.12240 0.12240 0.12240 0.12240 0.12240 0.12240 0.12240 0.02079 ( 5)  0.136  0.021
 207 Q   0.12261 0.12261 0.12261 0.12261 0.12261 0.12261 0.12261 0.12261 0.01910 ( 1)  0.125  0.019
 208 V   0.12289 0.12289 0.12289 0.12289 0.12289 0.12289 0.12289 0.12289 0.01692 ( 2)  0.111  0.017
 209 D   0.12348 0.12348 0.12348 0.12348 0.12348 0.12348 0.12348 0.12348 0.01214 ( 3)  0.080  0.012
 210 R   0.12267 0.12267 0.12267 0.12267 0.12267 0.12267 0.12267 0.12267 0.01860 ( 3)  0.122  0.019
 211 P   0.12172 0.12172 0.12172 0.12172 0.12172 0.12172 0.12172 0.12172 0.02621 ( 3)  0.172  0.026
 212 I   0.12329 0.12329 0.12329 0.12329 0.12329 0.12329 0.12329 0.12329 0.01371 ( 1)  0.090  0.014
 213 R   0.12142 0.12142 0.12142 0.12142 0.12142 0.12142 0.12142 0.12142 0.02865 ( 3)  0.188  0.029
 214 L   0.12148 0.12148 0.12148 0.12148 0.12148 0.12148 0.12148 0.12148 0.02815 ( 1)  0.184  0.028
 215 D   0.12203 0.12203 0.12203 0.12203 0.12203 0.12203 0.12203 0.12203 0.02375 ( 3)  0.156  0.024
 216 H   0.12330 0.12330 0.12330 0.12330 0.12330 0.12330 0.12330 0.12330 0.01360 ( 1)  0.089  0.014
 217 V   0.12289 0.12289 0.12289 0.12289 0.12289 0.12289 0.12289 0.12289 0.01692 ( 2)  0.111  0.017
 218 M   0.12291 0.12291 0.12291 0.12291 0.12291 0.12291 0.12291 0.12291 0.01673 ( 3)  0.110  0.017
 219 H   0.12330 0.12330 0.12330 0.12330 0.12330 0.12330 0.12330 0.12330 0.01360 ( 1)  0.089  0.014
 220 S   0.12152 0.12152 0.12152 0.12152 0.12152 0.12152 0.12152 0.12152 0.02787 ( 5)  0.183  0.028
 221 I   0.00000 0.00000 0.00000 0.00000 0.00000 0.00000 0.00000 0.00000 1.00000 ( 9)  6.549  1.000
 222 L   0.12146 0.12146 0.12146 0.12146 0.12146 0.12146 0.12146 0.12146 0.02832 ( 5)  0.185  0.028
 223 S   0.12152 0.12152 0.12152 0.12152 0.12152 0.12152 0.12152 0.12152 0.02787 ( 5)  0.183  0.028
 224 A   0.12335 0.12335 0.12335 0.12335 0.12335 0.12335 0.12335 0.12335 0.01320 ( 5)  0.086  0.013
 225 N   0.12175 0.12175 0.12175 0.12175 0.12175 0.12175 0.12175 0.12175 0.02602 ( 3)  0.170  0.026
 226 Q   0.12261 0.12261 0.12261 0.12261 0.12261 0.12261 0.12261 0.12261 0.01910 ( 1)  0.125  0.019
 227 Q   0.12173 0.12173 0.12173 0.12173 0.12173 0.12173 0.12173 0.12173 0.02617 ( 1)  0.171  0.026
 228 I   0.00000 0.00000 0.00000 0.00000 0.00000 0.00000 0.00000 0.00000 1.00000 ( 9)  6.549  1.000
 229 D   0.12348 0.12348 0.12348 0.12348 0.12348 0.12348 0.12348 0.12348 0.01214 ( 3)  0.080  0.012
 230 R   0.12267 0.12267 0.12267 0.12267 0.12267 0.12267 0.12267 0.12267 0.01860 ( 3)  0.122  0.019
 231 V   0.12289 0.12289 0.12289 0.12289 0.12289 0.12289 0.12289 0.12289 0.01692 ( 2)  0.111  0.017
 232 A   0.12335 0.12335 0.12335 0.12335 0.12335 0.12335 0.12335 0.12335 0.01320 ( 5)  0.086  0.013
 233 A   0.12289 0.12289 0.12289 0.12289 0.12289 0.12289 0.12289 0.12289 0.01690 ( 5)  0.111  0.017
 234 A   0.00000 0.00000 0.00000 0.00000 0.00000 0.00000 0.00000 0.00000 1.00000 ( 9)  6.549  1.000
 235 G   0.12329 0.12329 0.12329 0.12329 0.12329 0.12329 0.12329 0.12329 0.01368 ( 5)  0.090  0.014
 236 S   0.12152 0.12152 0.12152 0.12152 0.12152 0.12152 0.12152 0.12152 0.02787 ( 5)  0.183  0.028
 237 M   0.12291 0.12291 0.12291 0.12291 0.12291 0.12291 0.12291 0.12291 0.01673 ( 3)  0.110  0.017
 238 C   0.12323 0.12323 0.12323 0.12323 0.12323 0.12323 0.12323 0.12323 0.01414 ( 5)  0.093  0.014
 239 A   0.12335 0.12335 0.12335 0.12335 0.12335 0.12335 0.12335 0.12335 0.01320 ( 5)  0.086  0.013
 240 L   0.12240 0.12240 0.12240 0.12240 0.12240 0.12240 0.12240 0.12240 0.02079 ( 5)  0.136  0.021
 241 L   0.12240 0.12240 0.12240 0.12240 0.12240 0.12240 0.12240 0.12240 0.02079 ( 5)  0.136  0.021
 242 S   0.00000 0.00000 0.00000 0.00000 0.00000 0.00000 0.00000 0.00000 1.00000 ( 9)  6.549  1.000
 243 R   0.12319 0.12319 0.12319 0.12319 0.12319 0.12319 0.12319 0.12319 0.01450 ( 2)  0.095  0.014
 244 C   0.12323 0.12323 0.12323 0.12323 0.12323 0.12323 0.12323 0.12323 0.01414 ( 5)  0.093  0.014
 245 G   0.12329 0.12329 0.12329 0.12329 0.12329 0.12329 0.12329 0.12329 0.01368 ( 5)  0.090  0.014
 246 R   0.12142 0.12142 0.12142 0.12142 0.12142 0.12142 0.12142 0.12142 0.02865 ( 3)  0.188  0.029
 247 V   0.12335 0.12335 0.12335 0.12335 0.12335 0.12335 0.12335 0.12335 0.01322 ( 2)  0.087  0.013
 248 W   0.12252 0.12252 0.12252 0.12252 0.12252 0.12252 0.12252 0.12252 0.01983 ( 5)  0.130  0.020
 249 V   0.12335 0.12335 0.12335 0.12335 0.12335 0.12335 0.12335 0.12335 0.01322 ( 2)  0.087  0.013
 250 W   0.12252 0.12252 0.12252 0.12252 0.12252 0.12252 0.12252 0.12252 0.01983 ( 5)  0.130  0.020
 251 G   0.12329 0.12329 0.12329 0.12329 0.12329 0.12329 0.12329 0.12329 0.01368 ( 5)  0.090  0.014
 252 Y   0.12311 0.12311 0.12311 0.12311 0.12311 0.12311 0.12311 0.12311 0.01515 ( 5)  0.099  0.015
 253 G   0.12329 0.12329 0.12329 0.12329 0.12329 0.12329 0.12329 0.12329 0.01368 ( 5)  0.090  0.014
 254 R   0.12267 0.12267 0.12267 0.12267 0.12267 0.12267 0.12267 0.12267 0.01860 ( 3)  0.122  0.019
 255 L   0.12172 0.12172 0.12172 0.12172 0.12172 0.12172 0.12172 0.12172 0.02621 ( 2)  0.172  0.026
 256 G   0.12329 0.12329 0.12329 0.12329 0.12329 0.12329 0.12329 0.12329 0.01368 ( 5)  0.090  0.014
 257 L   0.12322 0.12322 0.12322 0.12322 0.12322 0.12322 0.12322 0.12322 0.01421 ( 1)  0.093  0.014
 258 G   0.12283 0.12283 0.12283 0.12283 0.12283 0.12283 0.12283 0.12283 0.01734 ( 5)  0.114  0.017
 259 P   0.12276 0.12276 0.12276 0.12276 0.12276 0.12276 0.12276 0.12276 0.01793 ( 5)  0.117  0.018
 260 D   0.12348 0.12348 0.12348 0.12348 0.12348 0.12348 0.12348 0.12348 0.01214 ( 3)  0.080  0.012
 261 V   0.12335 0.12335 0.12335 0.12335 0.12335 0.12335 0.12335 0.12335 0.01322 ( 2)  0.087  0.013
 262 T   0.12324 0.12324 0.12324 0.12324 0.12324 0.12324 0.12324 0.12324 0.01405 ( 5)  0.092  0.014
 263 Q   0.12261 0.12261 0.12261 0.12261 0.12261 0.12261 0.12261 0.12261 0.01910 ( 1)  0.125  0.019
 264 L   0.12240 0.12240 0.12240 0.12240 0.12240 0.12240 0.12240 0.12240 0.02079 ( 5)  0.136  0.021
 265 A   0.12335 0.12335 0.12335 0.12335 0.12335 0.12335 0.12335 0.12335 0.01320 ( 5)  0.086  0.013
 266 E   0.12305 0.12305 0.12305 0.12305 0.12305 0.12305 0.12305 0.12305 0.01556 ( 3)  0.102  0.016
 267 P   0.12160 0.12160 0.12160 0.12160 0.12160 0.12160 0.12160 0.12160 0.02721 ( 5)  0.178  0.027
 268 R   0.12276 0.12276 0.12276 0.12276 0.12276 0.12276 0.12276 0.12276 0.01795 ( 5)  0.118  0.018
 269 P   0.12160 0.12160 0.12160 0.12160 0.12160 0.12160 0.12160 0.12160 0.02721 ( 5)  0.178  0.027
 270 I   0.12179 0.12179 0.12179 0.12179 0.12179 0.12179 0.12179 0.12179 0.02572 ( 2)  0.168  0.026
 271 P   0.12276 0.12276 0.12276 0.12276 0.12276 0.12276 0.12276 0.12276 0.01793 ( 5)  0.117  0.018
 272 D   0.12348 0.12348 0.12348 0.12348 0.12348 0.12348 0.12348 0.12348 0.01214 ( 3)  0.080  0.012
 273 G   0.12177 0.12177 0.12177 0.12177 0.12177 0.12177 0.12177 0.12177 0.02585 ( 2)  0.169  0.026
 274 L   0.12240 0.12240 0.12240 0.12240 0.12240 0.12240 0.12240 0.12240 0.02079 ( 5)  0.136  0.021
 275 F   0.12325 0.12325 0.12325 0.12325 0.12325 0.12325 0.12325 0.12325 0.01403 ( 5)  0.092  0.014
 276 G   0.12329 0.12329 0.12329 0.12329 0.12329 0.12329 0.12329 0.12329 0.01368 ( 5)  0.090  0.014
 277 R   0.12267 0.12267 0.12267 0.12267 0.12267 0.12267 0.12267 0.12267 0.01860 ( 3)  0.122  0.019
 278 T   0.12276 0.12276 0.12276 0.12276 0.12276 0.12276 0.12276 0.12276 0.01791 ( 3)  0.117  0.018
 279 Q   0.12261 0.12261 0.12261 0.12261 0.12261 0.12261 0.12261 0.12261 0.01910 ( 1)  0.125  0.019
 280 L   0.12215 0.12215 0.12215 0.12215 0.12215 0.12215 0.12215 0.12215 0.02281 ( 3)  0.149  0.023
 281 A   0.12180 0.12180 0.12180 0.12180 0.12180 0.12180 0.12180 0.12180 0.02563 ( 3)  0.168  0.026
 282 K   0.12164 0.12164 0.12164 0.12164 0.12164 0.12164 0.12164 0.12164 0.02685 ( 1)  0.176  0.027
 283 D   0.12203 0.12203 0.12203 0.12203 0.12203 0.12203 0.12203 0.12203 0.02375 ( 3)  0.156  0.024
 284 V   0.12289 0.12289 0.12289 0.12289 0.12289 0.12289 0.12289 0.12289 0.01692 ( 2)  0.111  0.017
 285 R   0.12319 0.12319 0.12319 0.12319 0.12319 0.12319 0.12319 0.12319 0.01450 ( 2)  0.095  0.014
 286 I   0.12179 0.12179 0.12179 0.12179 0.12179 0.12179 0.12179 0.12179 0.02572 ( 2)  0.168  0.026
 287 V   0.12335 0.12335 0.12335 0.12335 0.12335 0.12335 0.12335 0.12335 0.01322 ( 2)  0.087  0.013
 288 Q   0.12261 0.12261 0.12261 0.12261 0.12261 0.12261 0.12261 0.12261 0.01910 ( 1)  0.125  0.019
 289 L   0.12240 0.12240 0.12240 0.12240 0.12240 0.12240 0.12240 0.12240 0.02079 ( 5)  0.136  0.021
 290 D   0.12348 0.12348 0.12348 0.12348 0.12348 0.12348 0.12348 0.12348 0.01214 ( 3)  0.080  0.012
 291 A   0.12289 0.12289 0.12289 0.12289 0.12289 0.12289 0.12289 0.12289 0.01690 ( 5)  0.111  0.017
 292 G   0.12306 0.12306 0.12306 0.12306 0.12306 0.12306 0.12306 0.12306 0.01550 ( 1)  0.102  0.016
 293 M   0.12291 0.12291 0.12291 0.12291 0.12291 0.12291 0.12291 0.12291 0.01673 ( 3)  0.110  0.017
 294 Y   0.12311 0.12311 0.12311 0.12311 0.12311 0.12311 0.12311 0.12311 0.01515 ( 5)  0.099  0.015
 295 H   0.12189 0.12189 0.12189 0.12189 0.12189 0.12189 0.12189 0.12189 0.02490 ( 1)  0.163  0.025
 296 F   0.12182 0.12182 0.12182 0.12182 0.12182 0.12182 0.12182 0.12182 0.02546 ( 1)  0.167  0.025
 297 A   0.12335 0.12335 0.12335 0.12335 0.12335 0.12335 0.12335 0.12335 0.01320 ( 5)  0.086  0.013
 298 A   0.12166 0.12166 0.12166 0.12166 0.12166 0.12166 0.12166 0.12166 0.02671 ( 2)  0.175  0.027
 299 V   0.12335 0.12335 0.12335 0.12335 0.12335 0.12335 0.12335 0.12335 0.01322 ( 2)  0.087  0.013
 300 T   0.12324 0.12324 0.12324 0.12324 0.12324 0.12324 0.12324 0.12324 0.01405 ( 5)  0.092  0.014
 301 N   0.12175 0.12175 0.12175 0.12175 0.12175 0.12175 0.12175 0.12175 0.02602 ( 3)  0.170  0.026
 302 S   0.12332 0.12332 0.12332 0.12332 0.12332 0.12332 0.12332 0.12332 0.01346 ( 1)  0.088  0.013
 303 G   0.12329 0.12329 0.12329 0.12329 0.12329 0.12329 0.12329 0.12329 0.01368 ( 5)  0.090  0.014
 304 S   0.12233 0.12233 0.12233 0.12233 0.12233 0.12233 0.12233 0.12233 0.02138 ( 5)  0.140  0.021
 305 L   0.12240 0.12240 0.12240 0.12240 0.12240 0.12240 0.12240 0.12240 0.02079 ( 5)  0.136  0.021
 306 Y   0.12311 0.12311 0.12311 0.12311 0.12311 0.12311 0.12311 0.12311 0.01515 ( 5)  0.099  0.015
 307 T   0.12324 0.12324 0.12324 0.12324 0.12324 0.12324 0.12324 0.12324 0.01405 ( 5)  0.092  0.014
 308 W   0.12252 0.12252 0.12252 0.12252 0.12252 0.12252 0.12252 0.12252 0.01983 ( 5)  0.130  0.020
 309 G   0.12161 0.12161 0.12161 0.12161 0.12161 0.12161 0.12161 0.12161 0.02712 ( 2)  0.178  0.027
 310 D   0.12203 0.12203 0.12203 0.12203 0.12203 0.12203 0.12203 0.12203 0.02375 ( 3)  0.156  0.024
 311 Q   0.12173 0.12173 0.12173 0.12173 0.12173 0.12173 0.12173 0.12173 0.02617 ( 1)  0.171  0.026
 312 R   0.12267 0.12267 0.12267 0.12267 0.12267 0.12267 0.12267 0.12267 0.01860 ( 3)  0.122  0.019
 313 S   0.12264 0.12264 0.12264 0.12264 0.12264 0.12264 0.12264 0.12264 0.01888 ( 5)  0.124  0.019
 314 G   0.12329 0.12329 0.12329 0.12329 0.12329 0.12329 0.12329 0.12329 0.01368 ( 5)  0.090  0.014
 315 S   0.12182 0.12182 0.12182 0.12182 0.12182 0.12182 0.12182 0.12182 0.02547 ( 5)  0.167  0.025
 316 L   0.12240 0.12240 0.12240 0.12240 0.12240 0.12240 0.12240 0.12240 0.02079 ( 5)  0.136  0.021
 317 G   0.12329 0.12329 0.12329 0.12329 0.12329 0.12329 0.12329 0.12329 0.01368 ( 5)  0.090  0.014
 318 L   0.12322 0.12322 0.12322 0.12322 0.12322 0.12322 0.12322 0.12322 0.01421 ( 1)  0.093  0.014
 319 G   0.12177 0.12177 0.12177 0.12177 0.12177 0.12177 0.12177 0.12177 0.02585 ( 2)  0.169  0.026
 320 H   0.12330 0.12330 0.12330 0.12330 0.12330 0.12330 0.12330 0.12330 0.01360 ( 1)  0.089  0.014
 321 D   0.12348 0.12348 0.12348 0.12348 0.12348 0.12348 0.12348 0.12348 0.01214 ( 3)  0.080  0.012
 322 D   0.12348 0.12348 0.12348 0.12348 0.12348 0.12348 0.12348 0.12348 0.01214 ( 3)  0.080  0.012
 323 N   0.12319 0.12319 0.12319 0.12319 0.12319 0.12319 0.12319 0.12319 0.01449 ( 1)  0.095  0.014
 324 Q   0.12261 0.12261 0.12261 0.12261 0.12261 0.12261 0.12261 0.12261 0.01910 ( 1)  0.125  0.019
 325 C   0.12323 0.12323 0.12323 0.12323 0.12323 0.12323 0.12323 0.12323 0.01414 ( 5)  0.093  0.014
 326 F   0.12325 0.12325 0.12325 0.12325 0.12325 0.12325 0.12325 0.12325 0.01403 ( 5)  0.092  0.014
 327 P   0.12276 0.12276 0.12276 0.12276 0.12276 0.12276 0.12276 0.12276 0.01793 ( 5)  0.117  0.018
 328 L   0.12240 0.12240 0.12240 0.12240 0.12240 0.12240 0.12240 0.12240 0.02079 ( 5)  0.136  0.021
 329 Q   0.12261 0.12261 0.12261 0.12261 0.12261 0.12261 0.12261 0.12261 0.01910 ( 1)  0.125  0.019
 330 V   0.12289 0.12289 0.12289 0.12289 0.12289 0.12289 0.12289 0.12289 0.01692 ( 2)  0.111  0.017
 331 S   0.12317 0.12317 0.12317 0.12317 0.12317 0.12317 0.12317 0.12317 0.01461 ( 1)  0.096  0.015
 332 L   0.12240 0.12240 0.12240 0.12240 0.12240 0.12240 0.12240 0.12240 0.02079 ( 5)  0.136  0.021
 333 A   0.12335 0.12335 0.12335 0.12335 0.12335 0.12335 0.12335 0.12335 0.01320 ( 5)  0.086  0.013
 334 C   0.12323 0.12323 0.12323 0.12323 0.12323 0.12323 0.12323 0.12323 0.01414 ( 5)  0.093  0.014
 335 R   0.12267 0.12267 0.12267 0.12267 0.12267 0.12267 0.12267 0.12267 0.01860 ( 3)  0.122  0.019
 336 V   0.12289 0.12289 0.12289 0.12289 0.12289 0.12289 0.12289 0.12289 0.01692 ( 2)  0.111  0.017
 337 Q   0.12261 0.12261 0.12261 0.12261 0.12261 0.12261 0.12261 0.12261 0.01910 ( 1)  0.125  0.019
 338 W   0.12252 0.12252 0.12252 0.12252 0.12252 0.12252 0.12252 0.12252 0.01983 ( 5)  0.130  0.020
 339 T   0.12171 0.12171 0.12171 0.12171 0.12171 0.12171 0.12171 0.12171 0.02630 ( 5)  0.172  0.026
 340 R   0.12142 0.12142 0.12142 0.12142 0.12142 0.12142 0.12142 0.12142 0.02865 ( 3)  0.188  0.029
 341 C   0.12323 0.12323 0.12323 0.12323 0.12323 0.12323 0.12323 0.12323 0.01414 ( 5)  0.093  0.014
 342 G   0.12329 0.12329 0.12329 0.12329 0.12329 0.12329 0.12329 0.12329 0.01368 ( 5)  0.090  0.014
 343 V   0.12180 0.12180 0.12180 0.12180 0.12180 0.12180 0.12180 0.12180 0.02564 ( 3)  0.168  0.026
 344 D   0.12203 0.12203 0.12203 0.12203 0.12203 0.12203 0.12203 0.12203 0.02375 ( 3)  0.156  0.024
 345 H   0.12330 0.12330 0.12330 0.12330 0.12330 0.12330 0.12330 0.12330 0.01360 ( 1)  0.089  0.014
 346 T   0.12171 0.12171 0.12171 0.12171 0.12171 0.12171 0.12171 0.12171 0.02630 ( 5)  0.172  0.026
 347 I   0.12329 0.12329 0.12329 0.12329 0.12329 0.12329 0.12329 0.12329 0.01371 ( 1)  0.090  0.014
 348 I   0.12179 0.12179 0.12179 0.12179 0.12179 0.12179 0.12179 0.12179 0.02572 ( 2)  0.168  0.026
 349 C   0.12323 0.12323 0.12323 0.12323 0.12323 0.12323 0.12323 0.12323 0.01414 ( 5)  0.093  0.014
 350 G   0.12329 0.12329 0.12329 0.12329 0.12329 0.12329 0.12329 0.12329 0.01368 ( 5)  0.090  0.014
 351 T   0.12324 0.12324 0.12324 0.12324 0.12324 0.12324 0.12324 0.12324 0.01405 ( 5)  0.092  0.014
 352 A   0.12166 0.12166 0.12166 0.12166 0.12166 0.12166 0.12166 0.12166 0.02671 ( 2)  0.175  0.027
 353 F   0.12182 0.12182 0.12182 0.12182 0.12182 0.12182 0.12182 0.12182 0.02546 ( 1)  0.167  0.025
 354 A   0.12335 0.12335 0.12335 0.12335 0.12335 0.12335 0.12335 0.12335 0.01320 ( 5)  0.086  0.013

Positively selected sites

	Prob(w>1)  mean w

    67 C      1.000**       6.549
   221 I      1.000**       6.549
   228 I      1.000**       6.549
   234 A      1.000**       6.549
   242 S      1.000**       6.549


lnL = -1454.852457

Bayes Empirical Bayes (BEB) probabilities for 11 classes (class) & postmean_w
(amino acids refer to 1st sequence: Mlig.26046)

   1 M   0.73519 0.06888 0.04231 0.03012 0.02282 0.01783 0.01411 0.01119 0.00881 0.00795 0.04080 ( 1)  0.247 +-  0.722
   2 A   0.74105 0.06917 0.04229 0.02996 0.02259 0.01757 0.01384 0.01093 0.00856 0.00769 0.03636 ( 1)  0.229 +-  0.661
   3 C   0.73901 0.06908 0.04231 0.03003 0.02269 0.01767 0.01395 0.01103 0.00866 0.00779 0.03777 ( 1)  0.234 +-  0.678
   4 G   0.74029 0.06913 0.04229 0.02998 0.02262 0.01760 0.01388 0.01096 0.00859 0.00772 0.03694 ( 1)  0.231 +-  0.670
   5 A   0.74105 0.06917 0.04229 0.02996 0.02259 0.01757 0.01384 0.01093 0.00856 0.00769 0.03636 ( 1)  0.229 +-  0.661
   6 N   0.72440 0.06826 0.04221 0.03026 0.02308 0.01816 0.01448 0.01156 0.00916 0.00832 0.05011 ( 1)  0.290 +-  0.859
   7 N   0.73831 0.06905 0.04232 0.03005 0.02272 0.01771 0.01399 0.01106 0.00869 0.00782 0.03827 ( 1)  0.236 +-  0.684
   8 D   0.74259 0.06925 0.04229 0.02993 0.02254 0.01751 0.01378 0.01086 0.00850 0.00763 0.03513 ( 1)  0.224 +-  0.641
   9 G   0.74029 0.06913 0.04229 0.02998 0.02262 0.01760 0.01388 0.01096 0.00859 0.00772 0.03694 ( 1)  0.231 +-  0.670
  10 Q   0.73225 0.06872 0.04229 0.03016 0.02290 0.01792 0.01422 0.01129 0.00891 0.00805 0.04328 ( 1)  0.259 +-  0.760
  11 L   0.72787 0.06847 0.04225 0.03022 0.02301 0.01806 0.01437 0.01145 0.00906 0.00821 0.04704 ( 1)  0.276 +-  0.815
  12 G   0.73475 0.06885 0.04229 0.03011 0.02282 0.01783 0.01412 0.01119 0.00881 0.00795 0.04128 ( 1)  0.250 +-  0.732
  13 P   0.73384 0.06880 0.04230 0.03013 0.02285 0.01786 0.01416 0.01123 0.00885 0.00799 0.04198 ( 1)  0.253 +-  0.741
  14 L   0.73027 0.06860 0.04227 0.03019 0.02295 0.01798 0.01429 0.01136 0.00898 0.00812 0.04498 ( 1)  0.266 +-  0.785
  15 Q   0.72425 0.06825 0.04221 0.03026 0.02309 0.01816 0.01448 0.01156 0.00917 0.00832 0.05025 ( 1)  0.291 +-  0.861
  16 T   0.73901 0.06908 0.04232 0.03004 0.02269 0.01768 0.01396 0.01103 0.00866 0.00779 0.03773 ( 1)  0.234 +-  0.676
  17 R   0.72369 0.06822 0.04220 0.03026 0.02310 0.01818 0.01450 0.01158 0.00918 0.00834 0.05076 ( 1)  0.293 +-  0.869
  18 V   0.74102 0.06917 0.04229 0.02996 0.02259 0.01757 0.01384 0.01093 0.00856 0.00769 0.03638 ( 1)  0.229 +-  0.661
  19 S   0.73832 0.06904 0.04231 0.03005 0.02271 0.01770 0.01398 0.01106 0.00869 0.00782 0.03832 ( 1)  0.237 +-  0.686
  20 D   0.74259 0.06925 0.04229 0.02993 0.02254 0.01751 0.01378 0.01086 0.00850 0.00763 0.03513 ( 1)  0.224 +-  0.641
  21 G   0.74029 0.06913 0.04229 0.02998 0.02262 0.01760 0.01388 0.01096 0.00859 0.00772 0.03694 ( 1)  0.231 +-  0.670
  22 A   0.74105 0.06917 0.04229 0.02996 0.02259 0.01757 0.01384 0.01093 0.00856 0.00769 0.03636 ( 1)  0.229 +-  0.661
  23 D   0.74259 0.06925 0.04229 0.02993 0.02254 0.01751 0.01378 0.01086 0.00850 0.00763 0.03513 ( 1)  0.224 +-  0.641
  24 P   0.73917 0.06908 0.04230 0.03002 0.02267 0.01766 0.01394 0.01101 0.00865 0.00778 0.03772 ( 1)  0.234 +-  0.679
  25 A   0.74105 0.06917 0.04229 0.02996 0.02259 0.01757 0.01384 0.01093 0.00856 0.00769 0.03636 ( 1)  0.229 +-  0.661
  26 Q   0.73225 0.06872 0.04229 0.03016 0.02290 0.01792 0.01422 0.01129 0.00891 0.00805 0.04328 ( 1)  0.259 +-  0.760
  27 D   0.74259 0.06925 0.04229 0.02993 0.02254 0.01751 0.01378 0.01086 0.00850 0.00763 0.03513 ( 1)  0.224 +-  0.641
  28 I   0.72608 0.06836 0.04224 0.03024 0.02305 0.01811 0.01443 0.01151 0.00911 0.00827 0.04860 ( 1)  0.283 +-  0.837
  29 L   0.72226 0.06813 0.04218 0.03027 0.02312 0.01821 0.01454 0.01162 0.00922 0.00838 0.05207 ( 1)  0.299 +-  0.888
  30 L   0.72787 0.06847 0.04225 0.03022 0.02301 0.01806 0.01437 0.01145 0.00906 0.00821 0.04704 ( 1)  0.276 +-  0.815
  31 S   0.73251 0.06873 0.04229 0.03016 0.02289 0.01791 0.01421 0.01129 0.00890 0.00804 0.04305 ( 1)  0.258 +-  0.756
  32 S   0.73251 0.06873 0.04229 0.03016 0.02289 0.01791 0.01421 0.01129 0.00890 0.00804 0.04305 ( 1)  0.258 +-  0.756
  33 S   0.72254 0.06815 0.04219 0.03027 0.02312 0.01820 0.01453 0.01161 0.00921 0.00837 0.05181 ( 1)  0.298 +-  0.884
  34 L   0.72226 0.06813 0.04218 0.03027 0.02312 0.01821 0.01454 0.01162 0.00922 0.00838 0.05207 ( 1)  0.299 +-  0.888
  35 N   0.73831 0.06905 0.04232 0.03005 0.02272 0.01771 0.01399 0.01106 0.00869 0.00782 0.03827 ( 1)  0.236 +-  0.684
  36 S   0.73251 0.06873 0.04229 0.03016 0.02289 0.01791 0.01421 0.01129 0.00890 0.00804 0.04305 ( 1)  0.258 +-  0.756
  37 S   0.73251 0.06873 0.04229 0.03016 0.02289 0.01791 0.01421 0.01129 0.00890 0.00804 0.04305 ( 1)  0.258 +-  0.756
  38 S   0.72393 0.06823 0.04221 0.03026 0.02309 0.01817 0.01449 0.01157 0.00918 0.00833 0.05055 ( 1)  0.292 +-  0.866
  39 S   0.72254 0.06815 0.04219 0.03027 0.02312 0.01820 0.01453 0.01161 0.00921 0.00837 0.05181 ( 1)  0.298 +-  0.884
  40 G   0.74029 0.06913 0.04229 0.02998 0.02262 0.01760 0.01388 0.01096 0.00859 0.00772 0.03694 ( 1)  0.231 +-  0.670
  41 V   0.74102 0.06917 0.04229 0.02996 0.02259 0.01757 0.01384 0.01093 0.00856 0.00769 0.03638 ( 1)  0.229 +-  0.661
  42 A   0.74105 0.06917 0.04229 0.02996 0.02259 0.01757 0.01384 0.01093 0.00856 0.00769 0.03636 ( 1)  0.229 +-  0.661
  43 R   0.73362 0.06880 0.04230 0.03014 0.02286 0.01788 0.01417 0.01125 0.00887 0.00800 0.04210 ( 1)  0.253 +-  0.741
  44 H   0.73999 0.06913 0.04230 0.03000 0.02265 0.01763 0.01390 0.01098 0.00862 0.00775 0.03705 ( 1)  0.231 +-  0.668
  45 R   0.72411 0.06824 0.04221 0.03026 0.02309 0.01816 0.01448 0.01156 0.00917 0.00833 0.05039 ( 1)  0.291 +-  0.864
  46 L   0.73027 0.06860 0.04227 0.03019 0.02295 0.01798 0.01429 0.01136 0.00898 0.00812 0.04498 ( 1)  0.266 +-  0.785
  47 V   0.73532 0.06888 0.04230 0.03010 0.02280 0.01781 0.01409 0.01117 0.00879 0.00793 0.04081 ( 1)  0.248 +-  0.725
  48 L   0.73917 0.06908 0.04230 0.03002 0.02267 0.01766 0.01394 0.01101 0.00865 0.00778 0.03772 ( 1)  0.234 +-  0.679
  49 R   0.73300 0.06876 0.04229 0.03015 0.02287 0.01789 0.01419 0.01126 0.00888 0.00802 0.04269 ( 1)  0.256 +-  0.752
  50 P   0.73219 0.06871 0.04229 0.03016 0.02290 0.01792 0.01422 0.01129 0.00891 0.00805 0.04337 ( 1)  0.259 +-  0.762
  51 T   0.72411 0.06824 0.04221 0.03026 0.02309 0.01816 0.01448 0.01156 0.00917 0.00833 0.05038 ( 1)  0.291 +-  0.863
  52 Q   0.73225 0.06872 0.04229 0.03016 0.02290 0.01792 0.01422 0.01129 0.00891 0.00805 0.04328 ( 1)  0.259 +-  0.760
  53 V   0.74102 0.06917 0.04229 0.02996 0.02259 0.01757 0.01384 0.01093 0.00856 0.00769 0.03638 ( 1)  0.229 +-  0.661
  54 R   0.73876 0.06906 0.04230 0.03003 0.02269 0.01767 0.01395 0.01103 0.00866 0.00779 0.03805 ( 1)  0.236 +-  0.684
  55 L   0.72423 0.06825 0.04221 0.03026 0.02309 0.01816 0.01448 0.01156 0.00917 0.00832 0.05028 ( 1)  0.291 +-  0.862
  56 P   0.73384 0.06880 0.04230 0.03013 0.02285 0.01786 0.01416 0.01123 0.00885 0.00799 0.04198 ( 1)  0.253 +-  0.741
  57 V   0.73532 0.06888 0.04230 0.03010 0.02280 0.01781 0.01409 0.01117 0.00879 0.00793 0.04081 ( 1)  0.248 +-  0.725
  58 H   0.73999 0.06913 0.04230 0.03000 0.02265 0.01763 0.01390 0.01098 0.00862 0.00775 0.03705 ( 1)  0.231 +-  0.668
  59 P   0.73384 0.06880 0.04230 0.03013 0.02285 0.01786 0.01416 0.01123 0.00885 0.00799 0.04198 ( 1)  0.253 +-  0.741
  60 A   0.74105 0.06917 0.04229 0.02996 0.02259 0.01757 0.01384 0.01093 0.00856 0.00769 0.03636 ( 1)  0.229 +-  0.661
  61 E   0.73707 0.06898 0.04231 0.03007 0.02275 0.01774 0.01403 0.01111 0.00873 0.00787 0.03935 ( 1)  0.241 +-  0.702
  62 L   0.73027 0.06860 0.04227 0.03019 0.02295 0.01798 0.01429 0.01136 0.00898 0.00812 0.04498 ( 1)  0.266 +-  0.785
  63 A   0.73534 0.06888 0.04230 0.03010 0.02280 0.01781 0.01409 0.01117 0.00879 0.00793 0.04080 ( 1)  0.248 +-  0.725
  64 S   0.73832 0.06904 0.04231 0.03005 0.02271 0.01770 0.01398 0.01106 0.00869 0.00782 0.03832 ( 1)  0.237 +-  0.686
  65 G   0.74029 0.06913 0.04229 0.02998 0.02262 0.01760 0.01388 0.01096 0.00859 0.00772 0.03694 ( 1)  0.231 +-  0.670
  66 R   0.73300 0.06876 0.04229 0.03015 0.02287 0.01789 0.01419 0.01126 0.00888 0.00802 0.04269 ( 1)  0.256 +-  0.752
  67 C   0.00584 0.00490 0.00832 0.01156 0.01441 0.01673 0.01841 0.01932 0.01939 0.02131 0.85981 (11)  3.431 +-  2.314
  68 R   0.73876 0.06906 0.04230 0.03003 0.02269 0.01767 0.01395 0.01103 0.00866 0.00779 0.03805 ( 1)  0.236 +-  0.684
  69 L   0.73027 0.06860 0.04227 0.03019 0.02295 0.01798 0.01429 0.01136 0.00898 0.00812 0.04498 ( 1)  0.266 +-  0.785
  70 L   0.73027 0.06860 0.04227 0.03019 0.02295 0.01798 0.01429 0.01136 0.00898 0.00812 0.04498 ( 1)  0.266 +-  0.785
  71 R   0.73876 0.06906 0.04230 0.03003 0.02269 0.01767 0.01395 0.01103 0.00866 0.00779 0.03805 ( 1)  0.236 +-  0.684
  72 L   0.72787 0.06847 0.04225 0.03022 0.02301 0.01806 0.01437 0.01145 0.00906 0.00821 0.04704 ( 1)  0.276 +-  0.815
  73 S   0.73251 0.06873 0.04229 0.03016 0.02289 0.01791 0.01421 0.01129 0.00890 0.00804 0.04305 ( 1)  0.258 +-  0.756
  74 A   0.74105 0.06917 0.04229 0.02996 0.02259 0.01757 0.01384 0.01093 0.00856 0.00769 0.03636 ( 1)  0.229 +-  0.661
  75 G   0.74029 0.06913 0.04229 0.02998 0.02262 0.01760 0.01388 0.01096 0.00859 0.00772 0.03694 ( 1)  0.231 +-  0.670
  76 R   0.73300 0.06876 0.04229 0.03015 0.02287 0.01789 0.01419 0.01126 0.00888 0.00802 0.04269 ( 1)  0.256 +-  0.752
  77 A   0.73534 0.06888 0.04230 0.03010 0.02280 0.01781 0.01409 0.01117 0.00879 0.00793 0.04080 ( 1)  0.248 +-  0.725
  78 H   0.73999 0.06913 0.04230 0.03000 0.02265 0.01763 0.01390 0.01098 0.00862 0.00775 0.03705 ( 1)  0.231 +-  0.668
  79 S   0.73832 0.06904 0.04231 0.03005 0.02271 0.01770 0.01398 0.01106 0.00869 0.00782 0.03832 ( 1)  0.237 +-  0.686
  80 L   0.73027 0.06860 0.04227 0.03019 0.02295 0.01798 0.01429 0.01136 0.00898 0.00812 0.04498 ( 1)  0.266 +-  0.785
  81 L   0.73027 0.06860 0.04227 0.03019 0.02295 0.01798 0.01429 0.01136 0.00898 0.00812 0.04498 ( 1)  0.266 +-  0.785
  82 V   0.73532 0.06888 0.04230 0.03010 0.02280 0.01781 0.01409 0.01117 0.00879 0.00793 0.04081 ( 1)  0.248 +-  0.725
  83 T   0.73901 0.06908 0.04232 0.03004 0.02269 0.01768 0.01396 0.01103 0.00866 0.00779 0.03773 ( 1)  0.234 +-  0.676
  84 S   0.72497 0.06829 0.04222 0.03025 0.02307 0.01814 0.01446 0.01154 0.00915 0.00830 0.04960 ( 1)  0.288 +-  0.852
  85 H   0.73999 0.06913 0.04230 0.03000 0.02265 0.01763 0.01390 0.01098 0.00862 0.00775 0.03705 ( 1)  0.231 +-  0.668
  86 G   0.74029 0.06913 0.04229 0.02998 0.02262 0.01760 0.01388 0.01096 0.00859 0.00772 0.03694 ( 1)  0.231 +-  0.670
  87 A   0.74105 0.06917 0.04229 0.02996 0.02259 0.01757 0.01384 0.01093 0.00856 0.00769 0.03636 ( 1)  0.229 +-  0.661
  88 Y   0.73749 0.06900 0.04231 0.03007 0.02274 0.01774 0.01402 0.01109 0.00872 0.00785 0.03897 ( 1)  0.240 +-  0.695
  89 A   0.72984 0.06858 0.04227 0.03019 0.02295 0.01799 0.01430 0.01137 0.00899 0.00813 0.04539 ( 1)  0.268 +-  0.792
  90 F   0.73915 0.06909 0.04231 0.03003 0.02268 0.01767 0.01395 0.01102 0.00866 0.00779 0.03766 ( 1)  0.234 +-  0.676
  91 G   0.74029 0.06913 0.04229 0.02998 0.02262 0.01760 0.01388 0.01096 0.00859 0.00772 0.03694 ( 1)  0.231 +-  0.670
  92 N   0.73831 0.06905 0.04232 0.03005 0.02272 0.01771 0.01399 0.01106 0.00869 0.00782 0.03827 ( 1)  0.236 +-  0.684
  93 N   0.72440 0.06826 0.04221 0.03026 0.02308 0.01816 0.01448 0.01156 0.00916 0.00832 0.05011 ( 1)  0.290 +-  0.859
  94 A   0.74105 0.06917 0.04229 0.02996 0.02259 0.01757 0.01384 0.01093 0.00856 0.00769 0.03636 ( 1)  0.229 +-  0.661
  95 F   0.73915 0.06909 0.04231 0.03003 0.02268 0.01767 0.01395 0.01102 0.00866 0.00779 0.03766 ( 1)  0.234 +-  0.676
  96 G   0.72331 0.06819 0.04220 0.03026 0.02310 0.01818 0.01451 0.01159 0.00919 0.00835 0.05112 ( 1)  0.295 +-  0.874
  97 Q   0.73225 0.06872 0.04229 0.03016 0.02290 0.01792 0.01422 0.01129 0.00891 0.00805 0.04328 ( 1)  0.259 +-  0.760
  98 C   0.73901 0.06908 0.04231 0.03003 0.02269 0.01767 0.01395 0.01103 0.00866 0.00779 0.03777 ( 1)  0.234 +-  0.678
  99 G   0.74029 0.06913 0.04229 0.02998 0.02262 0.01760 0.01388 0.01096 0.00859 0.00772 0.03694 ( 1)  0.231 +-  0.670
 100 R   0.73300 0.06876 0.04229 0.03015 0.02287 0.01789 0.01419 0.01126 0.00888 0.00802 0.04269 ( 1)  0.256 +-  0.752
 101 P   0.73384 0.06880 0.04230 0.03013 0.02285 0.01786 0.01416 0.01123 0.00885 0.00799 0.04198 ( 1)  0.253 +-  0.741
 102 A   0.74105 0.06917 0.04229 0.02996 0.02259 0.01757 0.01384 0.01093 0.00856 0.00769 0.03636 ( 1)  0.229 +-  0.661
 103 G   0.74029 0.06913 0.04229 0.02998 0.02262 0.01760 0.01388 0.01096 0.00859 0.00772 0.03694 ( 1)  0.231 +-  0.670
 104 G   0.72731 0.06843 0.04224 0.03022 0.02301 0.01807 0.01438 0.01146 0.00907 0.00822 0.04761 ( 1)  0.279 +-  0.826
 105 E   0.72633 0.06838 0.04224 0.03024 0.02304 0.01811 0.01442 0.01150 0.00910 0.00826 0.04838 ( 1)  0.282 +-  0.834
 106 S   0.73832 0.06904 0.04231 0.03005 0.02271 0.01770 0.01398 0.01106 0.00869 0.00782 0.03832 ( 1)  0.237 +-  0.686
 107 A   0.72484 0.06829 0.04222 0.03025 0.02307 0.01814 0.01446 0.01154 0.00915 0.00830 0.04973 ( 1)  0.288 +-  0.854
 108 A   0.74105 0.06917 0.04229 0.02996 0.02259 0.01757 0.01384 0.01093 0.00856 0.00769 0.03636 ( 1)  0.229 +-  0.661
 109 V   0.73532 0.06888 0.04230 0.03010 0.02280 0.01781 0.01409 0.01117 0.00879 0.00793 0.04081 ( 1)  0.248 +-  0.725
 110 A   0.74105 0.06917 0.04229 0.02996 0.02259 0.01757 0.01384 0.01093 0.00856 0.00769 0.03636 ( 1)  0.229 +-  0.661
 111 R   0.73362 0.06880 0.04230 0.03014 0.02286 0.01788 0.01417 0.01125 0.00887 0.00800 0.04210 ( 1)  0.253 +-  0.741
 112 L   0.73027 0.06860 0.04227 0.03019 0.02295 0.01798 0.01429 0.01136 0.00898 0.00812 0.04498 ( 1)  0.266 +-  0.785
 113 A   0.73534 0.06888 0.04230 0.03010 0.02280 0.01781 0.01409 0.01117 0.00879 0.00793 0.04080 ( 1)  0.248 +-  0.725
 114 L   0.73027 0.06860 0.04227 0.03019 0.02295 0.01798 0.01429 0.01136 0.00898 0.00812 0.04498 ( 1)  0.266 +-  0.785
 115 P   0.73917 0.06908 0.04230 0.03002 0.02267 0.01766 0.01394 0.01101 0.00865 0.00778 0.03772 ( 1)  0.234 +-  0.679
 116 C   0.73901 0.06908 0.04231 0.03003 0.02269 0.01767 0.01395 0.01103 0.00866 0.00779 0.03777 ( 1)  0.234 +-  0.678
 117 P   0.73384 0.06880 0.04230 0.03013 0.02285 0.01786 0.01416 0.01123 0.00885 0.00799 0.04198 ( 1)  0.253 +-  0.741
 118 P   0.73917 0.06908 0.04230 0.03002 0.02267 0.01766 0.01394 0.01101 0.00865 0.00778 0.03772 ( 1)  0.234 +-  0.679
 119 E   0.73707 0.06898 0.04231 0.03007 0.02275 0.01774 0.01403 0.01111 0.00873 0.00787 0.03935 ( 1)  0.241 +-  0.702
 120 S   0.72393 0.06823 0.04221 0.03026 0.02309 0.01817 0.01449 0.01157 0.00918 0.00833 0.05055 ( 1)  0.292 +-  0.866
 121 V   0.73532 0.06888 0.04230 0.03010 0.02280 0.01781 0.01409 0.01117 0.00879 0.00793 0.04081 ( 1)  0.248 +-  0.725
 122 Q   0.73225 0.06872 0.04229 0.03016 0.02290 0.01792 0.01422 0.01129 0.00891 0.00805 0.04328 ( 1)  0.259 +-  0.760
 123 R   0.73300 0.06876 0.04229 0.03015 0.02287 0.01789 0.01419 0.01126 0.00888 0.00802 0.04269 ( 1)  0.256 +-  0.752
 124 L   0.73027 0.06860 0.04227 0.03019 0.02295 0.01798 0.01429 0.01136 0.00898 0.00812 0.04498 ( 1)  0.266 +-  0.785
 125 V   0.74102 0.06917 0.04229 0.02996 0.02259 0.01757 0.01384 0.01093 0.00856 0.00769 0.03638 ( 1)  0.229 +-  0.661
 126 C   0.73901 0.06908 0.04231 0.03003 0.02269 0.01767 0.01395 0.01103 0.00866 0.00779 0.03777 ( 1)  0.234 +-  0.678
 127 G   0.74029 0.06913 0.04229 0.02998 0.02262 0.01760 0.01388 0.01096 0.00859 0.00772 0.03694 ( 1)  0.231 +-  0.670
 128 Q   0.73225 0.06872 0.04229 0.03016 0.02290 0.01792 0.01422 0.01129 0.00891 0.00805 0.04328 ( 1)  0.259 +-  0.760
 129 D   0.74259 0.06925 0.04229 0.02993 0.02254 0.01751 0.01378 0.01086 0.00850 0.00763 0.03513 ( 1)  0.224 +-  0.641
 130 S   0.73989 0.06913 0.04232 0.03002 0.02266 0.01764 0.01392 0.01100 0.00863 0.00776 0.03704 ( 1)  0.231 +-  0.665
 131 T   0.73901 0.06908 0.04232 0.03004 0.02269 0.01768 0.01396 0.01103 0.00866 0.00779 0.03773 ( 1)  0.234 +-  0.676
 132 Y   0.73749 0.06900 0.04231 0.03007 0.02274 0.01774 0.01402 0.01109 0.00872 0.00785 0.03897 ( 1)  0.240 +-  0.695
 133 L   0.73027 0.06860 0.04227 0.03019 0.02295 0.01798 0.01429 0.01136 0.00898 0.00812 0.04498 ( 1)  0.266 +-  0.785
 134 L   0.73027 0.06860 0.04227 0.03019 0.02295 0.01798 0.01429 0.01136 0.00898 0.00812 0.04498 ( 1)  0.266 +-  0.785
 135 T   0.72411 0.06824 0.04221 0.03026 0.02309 0.01816 0.01448 0.01156 0.00917 0.00833 0.05038 ( 1)  0.291 +-  0.863
 136 A   0.74105 0.06917 0.04229 0.02996 0.02259 0.01757 0.01384 0.01093 0.00856 0.00769 0.03636 ( 1)  0.229 +-  0.661
 137 D   0.74259 0.06925 0.04229 0.02993 0.02254 0.01751 0.01378 0.01086 0.00850 0.00763 0.03513 ( 1)  0.224 +-  0.641
 138 G   0.74029 0.06913 0.04229 0.02998 0.02262 0.01760 0.01388 0.01096 0.00859 0.00772 0.03694 ( 1)  0.231 +-  0.670
 139 R   0.72178 0.06810 0.04217 0.03027 0.02313 0.01822 0.01455 0.01163 0.00924 0.00840 0.05251 ( 1)  0.302 +-  0.894
 140 V   0.74102 0.06917 0.04229 0.02996 0.02259 0.01757 0.01384 0.01093 0.00856 0.00769 0.03638 ( 1)  0.229 +-  0.661
 141 Y   0.73749 0.06900 0.04231 0.03007 0.02274 0.01774 0.01402 0.01109 0.00872 0.00785 0.03897 ( 1)  0.240 +-  0.695
 142 S   0.73989 0.06913 0.04232 0.03002 0.02266 0.01764 0.01392 0.01100 0.00863 0.00776 0.03704 ( 1)  0.231 +-  0.665
 143 C   0.73901 0.06908 0.04231 0.03003 0.02269 0.01767 0.01395 0.01103 0.00866 0.00779 0.03777 ( 1)  0.234 +-  0.678
 144 G   0.74029 0.06913 0.04229 0.02998 0.02262 0.01760 0.01388 0.01096 0.00859 0.00772 0.03694 ( 1)  0.231 +-  0.670
 145 L   0.73917 0.06908 0.04230 0.03002 0.02267 0.01766 0.01394 0.01101 0.00865 0.00778 0.03772 ( 1)  0.234 +-  0.679
 146 G   0.74029 0.06913 0.04229 0.02998 0.02262 0.01760 0.01388 0.01096 0.00859 0.00772 0.03694 ( 1)  0.231 +-  0.670
 147 A   0.74105 0.06917 0.04229 0.02996 0.02259 0.01757 0.01384 0.01093 0.00856 0.00769 0.03636 ( 1)  0.229 +-  0.661
 148 D   0.74259 0.06925 0.04229 0.02993 0.02254 0.01751 0.01378 0.01086 0.00850 0.00763 0.03513 ( 1)  0.224 +-  0.641
 149 G   0.74029 0.06913 0.04229 0.02998 0.02262 0.01760 0.01388 0.01096 0.00859 0.00772 0.03694 ( 1)  0.231 +-  0.670
 150 Q   0.73225 0.06872 0.04229 0.03016 0.02290 0.01792 0.01422 0.01129 0.00891 0.00805 0.04328 ( 1)  0.259 +-  0.760
 151 L   0.73917 0.06908 0.04230 0.03002 0.02267 0.01766 0.01394 0.01101 0.00865 0.00778 0.03772 ( 1)  0.234 +-  0.679
 152 G   0.74029 0.06913 0.04229 0.02998 0.02262 0.01760 0.01388 0.01096 0.00859 0.00772 0.03694 ( 1)  0.231 +-  0.670
 153 L   0.72787 0.06847 0.04225 0.03022 0.02301 0.01806 0.01437 0.01145 0.00906 0.00821 0.04704 ( 1)  0.276 +-  0.815
 154 G   0.74029 0.06913 0.04229 0.02998 0.02262 0.01760 0.01388 0.01096 0.00859 0.00772 0.03694 ( 1)  0.231 +-  0.670
 155 G   0.74029 0.06913 0.04229 0.02998 0.02262 0.01760 0.01388 0.01096 0.00859 0.00772 0.03694 ( 1)  0.231 +-  0.670
 156 F   0.73915 0.06909 0.04231 0.03003 0.02268 0.01767 0.01395 0.01102 0.00866 0.00779 0.03766 ( 1)  0.234 +-  0.676
 157 D   0.74259 0.06925 0.04229 0.02993 0.02254 0.01751 0.01378 0.01086 0.00850 0.00763 0.03513 ( 1)  0.224 +-  0.641
 158 N   0.73831 0.06905 0.04232 0.03005 0.02272 0.01771 0.01399 0.01106 0.00869 0.00782 0.03827 ( 1)  0.236 +-  0.684
 159 S   0.73832 0.06904 0.04231 0.03005 0.02271 0.01770 0.01398 0.01106 0.00869 0.00782 0.03832 ( 1)  0.237 +-  0.686
 160 D   0.74259 0.06925 0.04229 0.02993 0.02254 0.01751 0.01378 0.01086 0.00850 0.00763 0.03513 ( 1)  0.224 +-  0.641
 161 R   0.72178 0.06810 0.04217 0.03027 0.02313 0.01822 0.01455 0.01163 0.00924 0.00840 0.05251 ( 1)  0.302 +-  0.894
 162 F   0.72498 0.06830 0.04222 0.03025 0.02307 0.01814 0.01446 0.01154 0.00915 0.00830 0.04960 ( 1)  0.288 +-  0.852
 163 Q   0.73225 0.06872 0.04229 0.03016 0.02290 0.01792 0.01422 0.01129 0.00891 0.00805 0.04328 ( 1)  0.259 +-  0.760
 164 L   0.73027 0.06860 0.04227 0.03019 0.02295 0.01798 0.01429 0.01136 0.00898 0.00812 0.04498 ( 1)  0.266 +-  0.785
 165 V   0.72484 0.06829 0.04222 0.03025 0.02307 0.01814 0.01446 0.01154 0.00915 0.00830 0.04974 ( 1)  0.288 +-  0.854
 166 D   0.74259 0.06925 0.04229 0.02993 0.02254 0.01751 0.01378 0.01086 0.00850 0.00763 0.03513 ( 1)  0.224 +-  0.641
 167 V   0.74102 0.06917 0.04229 0.02996 0.02259 0.01757 0.01384 0.01093 0.00856 0.00769 0.03638 ( 1)  0.229 +-  0.661
 168 G   0.73303 0.06875 0.04228 0.03014 0.02286 0.01788 0.01418 0.01126 0.00887 0.00802 0.04274 ( 1)  0.257 +-  0.754
 169 A   0.74105 0.06917 0.04229 0.02996 0.02259 0.01757 0.01384 0.01093 0.00856 0.00769 0.03636 ( 1)  0.229 +-  0.661
 170 P   0.73384 0.06880 0.04230 0.03013 0.02285 0.01786 0.01416 0.01123 0.00885 0.00799 0.04198 ( 1)  0.253 +-  0.741
 171 V   0.73532 0.06888 0.04230 0.03010 0.02280 0.01781 0.01409 0.01117 0.00879 0.00793 0.04081 ( 1)  0.248 +-  0.725
 172 A   0.74105 0.06917 0.04229 0.02996 0.02259 0.01757 0.01384 0.01093 0.00856 0.00769 0.03636 ( 1)  0.229 +-  0.661
 173 D   0.72682 0.06841 0.04224 0.03023 0.02303 0.01809 0.01440 0.01148 0.00909 0.00824 0.04796 ( 1)  0.280 +-  0.828
 174 L   0.73027 0.06860 0.04227 0.03019 0.02295 0.01798 0.01429 0.01136 0.00898 0.00812 0.04498 ( 1)  0.266 +-  0.785
 175 A   0.74105 0.06917 0.04229 0.02996 0.02259 0.01757 0.01384 0.01093 0.00856 0.00769 0.03636 ( 1)  0.229 +-  0.661
 176 C   0.73901 0.06908 0.04231 0.03003 0.02269 0.01767 0.01395 0.01103 0.00866 0.00779 0.03777 ( 1)  0.234 +-  0.678
 177 R   0.72178 0.06810 0.04217 0.03027 0.02313 0.01822 0.01455 0.01163 0.00924 0.00840 0.05251 ( 1)  0.302 +-  0.894
 178 A   0.74105 0.06917 0.04229 0.02996 0.02259 0.01757 0.01384 0.01093 0.00856 0.00769 0.03636 ( 1)  0.229 +-  0.661
 179 D   0.74259 0.06925 0.04229 0.02993 0.02254 0.01751 0.01378 0.01086 0.00850 0.00763 0.03513 ( 1)  0.224 +-  0.641
 180 T   0.73901 0.06908 0.04232 0.03004 0.02269 0.01768 0.01396 0.01103 0.00866 0.00779 0.03773 ( 1)  0.234 +-  0.676
 181 V   0.73532 0.06888 0.04230 0.03010 0.02280 0.01781 0.01409 0.01117 0.00879 0.00793 0.04081 ( 1)  0.248 +-  0.725
 182 L   0.73027 0.06860 0.04227 0.03019 0.02295 0.01798 0.01429 0.01136 0.00898 0.00812 0.04498 ( 1)  0.266 +-  0.785
 183 A   0.73534 0.06888 0.04230 0.03010 0.02280 0.01781 0.01409 0.01117 0.00879 0.00793 0.04080 ( 1)  0.248 +-  0.725
 184 L   0.73027 0.06860 0.04227 0.03019 0.02295 0.01798 0.01429 0.01136 0.00898 0.00812 0.04498 ( 1)  0.266 +-  0.785
 185 G   0.74029 0.06913 0.04229 0.02998 0.02262 0.01760 0.01388 0.01096 0.00859 0.00772 0.03694 ( 1)  0.231 +-  0.670
 186 E   0.73707 0.06898 0.04231 0.03007 0.02275 0.01774 0.01403 0.01111 0.00873 0.00787 0.03935 ( 1)  0.241 +-  0.702
 187 D   0.74259 0.06925 0.04229 0.02993 0.02254 0.01751 0.01378 0.01086 0.00850 0.00763 0.03513 ( 1)  0.224 +-  0.641
 188 G   0.74029 0.06913 0.04229 0.02998 0.02262 0.01760 0.01388 0.01096 0.00859 0.00772 0.03694 ( 1)  0.231 +-  0.670
 189 C   0.73901 0.06908 0.04231 0.03003 0.02269 0.01767 0.01395 0.01103 0.00866 0.00779 0.03777 ( 1)  0.234 +-  0.678
 190 V   0.74102 0.06917 0.04229 0.02996 0.02259 0.01757 0.01384 0.01093 0.00856 0.00769 0.03638 ( 1)  0.229 +-  0.661
 191 Y   0.73749 0.06900 0.04231 0.03007 0.02274 0.01774 0.01402 0.01109 0.00872 0.00785 0.03897 ( 1)  0.240 +-  0.695
 192 G   0.74029 0.06913 0.04229 0.02998 0.02262 0.01760 0.01388 0.01096 0.00859 0.00772 0.03694 ( 1)  0.231 +-  0.670
 193 W   0.73132 0.06867 0.04229 0.03018 0.02292 0.01796 0.01425 0.01133 0.00894 0.00809 0.04405 ( 1)  0.262 +-  0.771
 194 G   0.74029 0.06913 0.04229 0.02998 0.02262 0.01760 0.01388 0.01096 0.00859 0.00772 0.03694 ( 1)  0.231 +-  0.670
 195 N   0.73831 0.06905 0.04232 0.03005 0.02272 0.01771 0.01399 0.01106 0.00869 0.00782 0.03827 ( 1)  0.236 +-  0.684
 196 S   0.73832 0.06904 0.04231 0.03005 0.02271 0.01770 0.01398 0.01106 0.00869 0.00782 0.03832 ( 1)  0.237 +-  0.686
 197 E   0.73707 0.06898 0.04231 0.03007 0.02275 0.01774 0.01403 0.01111 0.00873 0.00787 0.03935 ( 1)  0.241 +-  0.702
 198 Y   0.73749 0.06900 0.04231 0.03007 0.02274 0.01774 0.01402 0.01109 0.00872 0.00785 0.03897 ( 1)  0.240 +-  0.695
 199 G   0.72331 0.06819 0.04220 0.03026 0.02310 0.01818 0.01451 0.01159 0.00919 0.00835 0.05112 ( 1)  0.295 +-  0.874
 200 Q   0.73225 0.06872 0.04229 0.03016 0.02290 0.01792 0.01422 0.01129 0.00891 0.00805 0.04328 ( 1)  0.259 +-  0.760
 201 L   0.73027 0.06860 0.04227 0.03019 0.02295 0.01798 0.01429 0.01136 0.00898 0.00812 0.04498 ( 1)  0.266 +-  0.785
 202 G   0.74029 0.06913 0.04229 0.02998 0.02262 0.01760 0.01388 0.01096 0.00859 0.00772 0.03694 ( 1)  0.231 +-  0.670
 203 T   0.73901 0.06908 0.04232 0.03004 0.02269 0.01768 0.01396 0.01103 0.00866 0.00779 0.03773 ( 1)  0.234 +-  0.676
 204 D   0.72682 0.06841 0.04224 0.03023 0.02303 0.01809 0.01440 0.01148 0.00909 0.00824 0.04796 ( 1)  0.280 +-  0.828
 205 A   0.73534 0.06888 0.04230 0.03010 0.02280 0.01781 0.01409 0.01117 0.00879 0.00793 0.04080 ( 1)  0.248 +-  0.725
 206 L   0.73027 0.06860 0.04227 0.03019 0.02295 0.01798 0.01429 0.01136 0.00898 0.00812 0.04498 ( 1)  0.266 +-  0.785
 207 Q   0.73225 0.06872 0.04229 0.03016 0.02290 0.01792 0.01422 0.01129 0.00891 0.00805 0.04328 ( 1)  0.259 +-  0.760
 208 V   0.73532 0.06888 0.04230 0.03010 0.02280 0.01781 0.01409 0.01117 0.00879 0.00793 0.04081 ( 1)  0.248 +-  0.725
 209 D   0.74259 0.06925 0.04229 0.02993 0.02254 0.01751 0.01378 0.01086 0.00850 0.00763 0.03513 ( 1)  0.224 +-  0.641
 210 R   0.73300 0.06876 0.04229 0.03015 0.02287 0.01789 0.01419 0.01126 0.00888 0.00802 0.04269 ( 1)  0.256 +-  0.752
 211 P   0.72423 0.06825 0.04221 0.03026 0.02309 0.01816 0.01448 0.01156 0.00917 0.00832 0.05028 ( 1)  0.291 +-  0.862
 212 I   0.73951 0.06911 0.04232 0.03003 0.02268 0.01766 0.01394 0.01101 0.00864 0.00777 0.03734 ( 1)  0.232 +-  0.670
 213 R   0.72178 0.06810 0.04217 0.03027 0.02313 0.01822 0.01455 0.01163 0.00924 0.00840 0.05251 ( 1)  0.302 +-  0.894
 214 L   0.72226 0.06813 0.04218 0.03027 0.02312 0.01821 0.01454 0.01162 0.00922 0.00838 0.05207 ( 1)  0.299 +-  0.888
 215 D   0.72682 0.06841 0.04224 0.03023 0.02303 0.01809 0.01440 0.01148 0.00909 0.00824 0.04796 ( 1)  0.280 +-  0.828
 216 H   0.73999 0.06913 0.04230 0.03000 0.02265 0.01763 0.01390 0.01098 0.00862 0.00775 0.03705 ( 1)  0.231 +-  0.668
 217 V   0.73532 0.06888 0.04230 0.03010 0.02280 0.01781 0.01409 0.01117 0.00879 0.00793 0.04081 ( 1)  0.248 +-  0.725
 218 M   0.73519 0.06888 0.04231 0.03012 0.02282 0.01783 0.01411 0.01119 0.00881 0.00795 0.04080 ( 1)  0.247 +-  0.722
 219 H   0.73999 0.06913 0.04230 0.03000 0.02265 0.01763 0.01390 0.01098 0.00862 0.00775 0.03705 ( 1)  0.231 +-  0.668
 220 S   0.72254 0.06815 0.04219 0.03027 0.02312 0.01820 0.01453 0.01161 0.00921 0.00837 0.05181 ( 1)  0.298 +-  0.884
 221 I   0.13988 0.03715 0.03779 0.03755 0.03654 0.03488 0.03265 0.02987 0.02661 0.02618 0.56090 (11)  2.455 +-  2.506
 222 L   0.72210 0.06812 0.04218 0.03027 0.02312 0.01821 0.01454 0.01162 0.00923 0.00839 0.05222 ( 1)  0.300 +-  0.890
 223 S   0.72254 0.06815 0.04219 0.03027 0.02312 0.01820 0.01453 0.01161 0.00921 0.00837 0.05181 ( 1)  0.298 +-  0.884
 224 A   0.74105 0.06917 0.04229 0.02996 0.02259 0.01757 0.01384 0.01093 0.00856 0.00769 0.03636 ( 1)  0.229 +-  0.661
 225 N   0.72440 0.06826 0.04221 0.03026 0.02308 0.01816 0.01448 0.01156 0.00916 0.00832 0.05011 ( 1)  0.290 +-  0.859
 226 Q   0.73225 0.06872 0.04229 0.03016 0.02290 0.01792 0.01422 0.01129 0.00891 0.00805 0.04328 ( 1)  0.259 +-  0.760
 227 Q   0.72425 0.06825 0.04221 0.03026 0.02309 0.01816 0.01448 0.01156 0.00917 0.00832 0.05025 ( 1)  0.291 +-  0.861
 228 I   0.15280 0.04015 0.04062 0.04015 0.03887 0.03691 0.03438 0.03129 0.02773 0.02708 0.53002 (11)  2.315 +-  2.463
 229 D   0.74259 0.06925 0.04229 0.02993 0.02254 0.01751 0.01378 0.01086 0.00850 0.00763 0.03513 ( 1)  0.224 +-  0.641
 230 R   0.73300 0.06876 0.04229 0.03015 0.02287 0.01789 0.01419 0.01126 0.00888 0.00802 0.04269 ( 1)  0.256 +-  0.752
 231 V   0.73532 0.06888 0.04230 0.03010 0.02280 0.01781 0.01409 0.01117 0.00879 0.00793 0.04081 ( 1)  0.248 +-  0.725
 232 A   0.74105 0.06917 0.04229 0.02996 0.02259 0.01757 0.01384 0.01093 0.00856 0.00769 0.03636 ( 1)  0.229 +-  0.661
 233 A   0.73534 0.06888 0.04230 0.03010 0.02280 0.01781 0.01409 0.01117 0.00879 0.00793 0.04080 ( 1)  0.248 +-  0.725
 234 A   0.17504 0.04523 0.04534 0.04443 0.04266 0.04018 0.03712 0.03351 0.02945 0.02842 0.47862 (11)  2.077 +-  2.365
 235 G   0.74029 0.06913 0.04229 0.02998 0.02262 0.01760 0.01388 0.01096 0.00859 0.00772 0.03694 ( 1)  0.231 +-  0.670
 236 S   0.72254 0.06815 0.04219 0.03027 0.02312 0.01820 0.01453 0.01161 0.00921 0.00837 0.05181 ( 1)  0.298 +-  0.884
 237 M   0.73519 0.06888 0.04231 0.03012 0.02282 0.01783 0.01411 0.01119 0.00881 0.00795 0.04080 ( 1)  0.247 +-  0.722
 238 C   0.73901 0.06908 0.04231 0.03003 0.02269 0.01767 0.01395 0.01103 0.00866 0.00779 0.03777 ( 1)  0.234 +-  0.678
 239 A   0.74105 0.06917 0.04229 0.02996 0.02259 0.01757 0.01384 0.01093 0.00856 0.00769 0.03636 ( 1)  0.229 +-  0.661
 240 L   0.73027 0.06860 0.04227 0.03019 0.02295 0.01798 0.01429 0.01136 0.00898 0.00812 0.04498 ( 1)  0.266 +-  0.785
 241 L   0.73027 0.06860 0.04227 0.03019 0.02295 0.01798 0.01429 0.01136 0.00898 0.00812 0.04498 ( 1)  0.266 +-  0.785
 242 S   0.15675 0.04107 0.04149 0.04096 0.03960 0.03756 0.03494 0.03176 0.02811 0.02739 0.52036 (11)  2.267 +-  2.442
 243 R   0.73876 0.06906 0.04230 0.03003 0.02269 0.01767 0.01395 0.01103 0.00866 0.00779 0.03805 ( 1)  0.236 +-  0.684
 244 C   0.73901 0.06908 0.04231 0.03003 0.02269 0.01767 0.01395 0.01103 0.00866 0.00779 0.03777 ( 1)  0.234 +-  0.678
 245 G   0.74029 0.06913 0.04229 0.02998 0.02262 0.01760 0.01388 0.01096 0.00859 0.00772 0.03694 ( 1)  0.231 +-  0.670
 246 R   0.72178 0.06810 0.04217 0.03027 0.02313 0.01822 0.01455 0.01163 0.00924 0.00840 0.05251 ( 1)  0.302 +-  0.894
 247 V   0.74102 0.06917 0.04229 0.02996 0.02259 0.01757 0.01384 0.01093 0.00856 0.00769 0.03638 ( 1)  0.229 +-  0.661
 248 W   0.73132 0.06867 0.04229 0.03018 0.02292 0.01796 0.01425 0.01133 0.00894 0.00809 0.04405 ( 1)  0.262 +-  0.771
 249 V   0.74102 0.06917 0.04229 0.02996 0.02259 0.01757 0.01384 0.01093 0.00856 0.00769 0.03638 ( 1)  0.229 +-  0.661
 250 W   0.73132 0.06867 0.04229 0.03018 0.02292 0.01796 0.01425 0.01133 0.00894 0.00809 0.04405 ( 1)  0.262 +-  0.771
 251 G   0.74029 0.06913 0.04229 0.02998 0.02262 0.01760 0.01388 0.01096 0.00859 0.00772 0.03694 ( 1)  0.231 +-  0.670
 252 Y   0.73749 0.06900 0.04231 0.03007 0.02274 0.01774 0.01402 0.01109 0.00872 0.00785 0.03897 ( 1)  0.240 +-  0.695
 253 G   0.74029 0.06913 0.04229 0.02998 0.02262 0.01760 0.01388 0.01096 0.00859 0.00772 0.03694 ( 1)  0.231 +-  0.670
 254 R   0.73300 0.06876 0.04229 0.03015 0.02287 0.01789 0.01419 0.01126 0.00888 0.00802 0.04269 ( 1)  0.256 +-  0.752
 255 L   0.72423 0.06825 0.04221 0.03026 0.02309 0.01816 0.01448 0.01156 0.00917 0.00832 0.05028 ( 1)  0.291 +-  0.862
 256 G   0.74029 0.06913 0.04229 0.02998 0.02262 0.01760 0.01388 0.01096 0.00859 0.00772 0.03694 ( 1)  0.231 +-  0.670
 257 L   0.73917 0.06908 0.04230 0.03002 0.02267 0.01766 0.01394 0.01101 0.00865 0.00778 0.03772 ( 1)  0.234 +-  0.679
 258 G   0.73475 0.06885 0.04229 0.03011 0.02282 0.01783 0.01412 0.01119 0.00881 0.00795 0.04128 ( 1)  0.250 +-  0.732
 259 P   0.73384 0.06880 0.04230 0.03013 0.02285 0.01786 0.01416 0.01123 0.00885 0.00799 0.04198 ( 1)  0.253 +-  0.741
 260 D   0.74259 0.06925 0.04229 0.02993 0.02254 0.01751 0.01378 0.01086 0.00850 0.00763 0.03513 ( 1)  0.224 +-  0.641
 261 V   0.74102 0.06917 0.04229 0.02996 0.02259 0.01757 0.01384 0.01093 0.00856 0.00769 0.03638 ( 1)  0.229 +-  0.661
 262 T   0.73901 0.06908 0.04232 0.03004 0.02269 0.01768 0.01396 0.01103 0.00866 0.00779 0.03773 ( 1)  0.234 +-  0.676
 263 Q   0.73225 0.06872 0.04229 0.03016 0.02290 0.01792 0.01422 0.01129 0.00891 0.00805 0.04328 ( 1)  0.259 +-  0.760
 264 L   0.73027 0.06860 0.04227 0.03019 0.02295 0.01798 0.01429 0.01136 0.00898 0.00812 0.04498 ( 1)  0.266 +-  0.785
 265 A   0.74105 0.06917 0.04229 0.02996 0.02259 0.01757 0.01384 0.01093 0.00856 0.00769 0.03636 ( 1)  0.229 +-  0.661
 266 E   0.73707 0.06898 0.04231 0.03007 0.02275 0.01774 0.01403 0.01111 0.00873 0.00787 0.03935 ( 1)  0.241 +-  0.702
 267 P   0.72321 0.06819 0.04220 0.03026 0.02310 0.01819 0.01451 0.01159 0.00920 0.00835 0.05120 ( 1)  0.295 +-  0.875
 268 R   0.73362 0.06880 0.04230 0.03014 0.02286 0.01788 0.01417 0.01125 0.00887 0.00800 0.04210 ( 1)  0.253 +-  0.741
 269 P   0.72321 0.06819 0.04220 0.03026 0.02310 0.01819 0.01451 0.01159 0.00920 0.00835 0.05120 ( 1)  0.295 +-  0.875
 270 I   0.72471 0.06828 0.04222 0.03025 0.02308 0.01815 0.01447 0.01155 0.00915 0.00831 0.04984 ( 1)  0.289 +-  0.855
 271 P   0.73384 0.06880 0.04230 0.03013 0.02285 0.01786 0.01416 0.01123 0.00885 0.00799 0.04198 ( 1)  0.253 +-  0.741
 272 D   0.74259 0.06925 0.04229 0.02993 0.02254 0.01751 0.01378 0.01086 0.00850 0.00763 0.03513 ( 1)  0.224 +-  0.641
 273 G   0.72462 0.06827 0.04221 0.03025 0.02308 0.01815 0.01447 0.01155 0.00915 0.00831 0.04994 ( 1)  0.289 +-  0.857
 274 L   0.73027 0.06860 0.04227 0.03019 0.02295 0.01798 0.01429 0.01136 0.00898 0.00812 0.04498 ( 1)  0.266 +-  0.785
 275 F   0.73915 0.06909 0.04231 0.03003 0.02268 0.01767 0.01395 0.01102 0.00866 0.00779 0.03766 ( 1)  0.234 +-  0.676
 276 G   0.74029 0.06913 0.04229 0.02998 0.02262 0.01760 0.01388 0.01096 0.00859 0.00772 0.03694 ( 1)  0.231 +-  0.670
 277 R   0.73300 0.06876 0.04229 0.03015 0.02287 0.01789 0.01419 0.01126 0.00888 0.00802 0.04269 ( 1)  0.256 +-  0.752
 278 T   0.73366 0.06880 0.04230 0.03014 0.02286 0.01788 0.01417 0.01125 0.00886 0.00800 0.04207 ( 1)  0.253 +-  0.741
 279 Q   0.73225 0.06872 0.04229 0.03016 0.02290 0.01792 0.01422 0.01129 0.00891 0.00805 0.04328 ( 1)  0.259 +-  0.760
 280 L   0.72787 0.06847 0.04225 0.03022 0.02301 0.01806 0.01437 0.01145 0.00906 0.00821 0.04704 ( 1)  0.276 +-  0.815
 281 A   0.72484 0.06829 0.04222 0.03025 0.02307 0.01814 0.01446 0.01154 0.00915 0.00830 0.04973 ( 1)  0.288 +-  0.854
 282 K   0.72355 0.06821 0.04220 0.03026 0.02310 0.01818 0.01450 0.01158 0.00919 0.00834 0.05088 ( 1)  0.294 +-  0.871
 283 D   0.72682 0.06841 0.04224 0.03023 0.02303 0.01809 0.01440 0.01148 0.00909 0.00824 0.04796 ( 1)  0.280 +-  0.828
 284 V   0.73532 0.06888 0.04230 0.03010 0.02280 0.01781 0.01409 0.01117 0.00879 0.00793 0.04081 ( 1)  0.248 +-  0.725
 285 R   0.73876 0.06906 0.04230 0.03003 0.02269 0.01767 0.01395 0.01103 0.00866 0.00779 0.03805 ( 1)  0.236 +-  0.684
 286 I   0.72471 0.06828 0.04222 0.03025 0.02308 0.01815 0.01447 0.01155 0.00915 0.00831 0.04984 ( 1)  0.289 +-  0.855
 287 V   0.74102 0.06917 0.04229 0.02996 0.02259 0.01757 0.01384 0.01093 0.00856 0.00769 0.03638 ( 1)  0.229 +-  0.661
 288 Q   0.73225 0.06872 0.04229 0.03016 0.02290 0.01792 0.01422 0.01129 0.00891 0.00805 0.04328 ( 1)  0.259 +-  0.760
 289 L   0.73027 0.06860 0.04227 0.03019 0.02295 0.01798 0.01429 0.01136 0.00898 0.00812 0.04498 ( 1)  0.266 +-  0.785
 290 D   0.74259 0.06925 0.04229 0.02993 0.02254 0.01751 0.01378 0.01086 0.00850 0.00763 0.03513 ( 1)  0.224 +-  0.641
 291 A   0.73534 0.06888 0.04230 0.03010 0.02280 0.01781 0.01409 0.01117 0.00879 0.00793 0.04080 ( 1)  0.248 +-  0.725
 292 G   0.73824 0.06902 0.04228 0.03001 0.02267 0.01766 0.01395 0.01103 0.00866 0.00779 0.03869 ( 1)  0.240 +-  0.704
 293 M   0.73519 0.06888 0.04231 0.03012 0.02282 0.01783 0.01411 0.01119 0.00881 0.00795 0.04080 ( 1)  0.247 +-  0.722
 294 Y   0.73749 0.06900 0.04231 0.03007 0.02274 0.01774 0.01402 0.01109 0.00872 0.00785 0.03897 ( 1)  0.240 +-  0.695
 295 H   0.72558 0.06833 0.04223 0.03025 0.02306 0.01813 0.01444 0.01152 0.00913 0.00828 0.04906 ( 1)  0.285 +-  0.844
 296 F   0.72498 0.06830 0.04222 0.03025 0.02307 0.01814 0.01446 0.01154 0.00915 0.00830 0.04960 ( 1)  0.288 +-  0.852
 297 A   0.74105 0.06917 0.04229 0.02996 0.02259 0.01757 0.01384 0.01093 0.00856 0.00769 0.03636 ( 1)  0.229 +-  0.661
 298 A   0.72372 0.06822 0.04220 0.03026 0.02309 0.01817 0.01449 0.01158 0.00918 0.00834 0.05074 ( 1)  0.293 +-  0.869
 299 V   0.74102 0.06917 0.04229 0.02996 0.02259 0.01757 0.01384 0.01093 0.00856 0.00769 0.03638 ( 1)  0.229 +-  0.661
 300 T   0.73901 0.06908 0.04232 0.03004 0.02269 0.01768 0.01396 0.01103 0.00866 0.00779 0.03773 ( 1)  0.234 +-  0.676
 301 N   0.72440 0.06826 0.04221 0.03026 0.02308 0.01816 0.01448 0.01156 0.00916 0.00832 0.05011 ( 1)  0.290 +-  0.859
 302 S   0.73989 0.06913 0.04232 0.03002 0.02266 0.01764 0.01392 0.01100 0.00863 0.00776 0.03704 ( 1)  0.231 +-  0.665
 303 G   0.74029 0.06913 0.04229 0.02998 0.02262 0.01760 0.01388 0.01096 0.00859 0.00772 0.03694 ( 1)  0.231 +-  0.670
 304 S   0.72953 0.06856 0.04227 0.03020 0.02297 0.01801 0.01431 0.01139 0.00900 0.00815 0.04560 ( 1)  0.269 +-  0.794
 305 L   0.73027 0.06860 0.04227 0.03019 0.02295 0.01798 0.01429 0.01136 0.00898 0.00812 0.04498 ( 1)  0.266 +-  0.785
 306 Y   0.73749 0.06900 0.04231 0.03007 0.02274 0.01774 0.01402 0.01109 0.00872 0.00785 0.03897 ( 1)  0.240 +-  0.695
 307 T   0.73901 0.06908 0.04232 0.03004 0.02269 0.01768 0.01396 0.01103 0.00866 0.00779 0.03773 ( 1)  0.234 +-  0.676
 308 W   0.73132 0.06867 0.04229 0.03018 0.02292 0.01796 0.01425 0.01133 0.00894 0.00809 0.04405 ( 1)  0.262 +-  0.771
 309 G   0.72331 0.06819 0.04220 0.03026 0.02310 0.01818 0.01451 0.01159 0.00919 0.00835 0.05112 ( 1)  0.295 +-  0.874
 310 D   0.72682 0.06841 0.04224 0.03023 0.02303 0.01809 0.01440 0.01148 0.00909 0.00824 0.04796 ( 1)  0.280 +-  0.828
 311 Q   0.72425 0.06825 0.04221 0.03026 0.02309 0.01816 0.01448 0.01156 0.00917 0.00832 0.05025 ( 1)  0.291 +-  0.861
 312 R   0.73300 0.06876 0.04229 0.03015 0.02287 0.01789 0.01419 0.01126 0.00888 0.00802 0.04269 ( 1)  0.256 +-  0.752
 313 S   0.73251 0.06873 0.04229 0.03016 0.02289 0.01791 0.01421 0.01129 0.00890 0.00804 0.04305 ( 1)  0.258 +-  0.756
 314 G   0.74029 0.06913 0.04229 0.02998 0.02262 0.01760 0.01388 0.01096 0.00859 0.00772 0.03694 ( 1)  0.231 +-  0.670
 315 S   0.72497 0.06829 0.04222 0.03025 0.02307 0.01814 0.01446 0.01154 0.00915 0.00830 0.04960 ( 1)  0.288 +-  0.852
 316 L   0.73027 0.06860 0.04227 0.03019 0.02295 0.01798 0.01429 0.01136 0.00898 0.00812 0.04498 ( 1)  0.266 +-  0.785
 317 G   0.74029 0.06913 0.04229 0.02998 0.02262 0.01760 0.01388 0.01096 0.00859 0.00772 0.03694 ( 1)  0.231 +-  0.670
 318 L   0.73917 0.06908 0.04230 0.03002 0.02267 0.01766 0.01394 0.01101 0.00865 0.00778 0.03772 ( 1)  0.234 +-  0.679
 319 G   0.72462 0.06827 0.04221 0.03025 0.02308 0.01815 0.01447 0.01155 0.00915 0.00831 0.04994 ( 1)  0.289 +-  0.857
 320 H   0.73999 0.06913 0.04230 0.03000 0.02265 0.01763 0.01390 0.01098 0.00862 0.00775 0.03705 ( 1)  0.231 +-  0.668
 321 D   0.74259 0.06925 0.04229 0.02993 0.02254 0.01751 0.01378 0.01086 0.00850 0.00763 0.03513 ( 1)  0.224 +-  0.641
 322 D   0.74259 0.06925 0.04229 0.02993 0.02254 0.01751 0.01378 0.01086 0.00850 0.00763 0.03513 ( 1)  0.224 +-  0.641
 323 N   0.73831 0.06905 0.04232 0.03005 0.02272 0.01771 0.01399 0.01106 0.00869 0.00782 0.03827 ( 1)  0.236 +-  0.684
 324 Q   0.73225 0.06872 0.04229 0.03016 0.02290 0.01792 0.01422 0.01129 0.00891 0.00805 0.04328 ( 1)  0.259 +-  0.760
 325 C   0.73901 0.06908 0.04231 0.03003 0.02269 0.01767 0.01395 0.01103 0.00866 0.00779 0.03777 ( 1)  0.234 +-  0.678
 326 F   0.73915 0.06909 0.04231 0.03003 0.02268 0.01767 0.01395 0.01102 0.00866 0.00779 0.03766 ( 1)  0.234 +-  0.676
 327 P   0.73384 0.06880 0.04230 0.03013 0.02285 0.01786 0.01416 0.01123 0.00885 0.00799 0.04198 ( 1)  0.253 +-  0.741
 328 L   0.73027 0.06860 0.04227 0.03019 0.02295 0.01798 0.01429 0.01136 0.00898 0.00812 0.04498 ( 1)  0.266 +-  0.785
 329 Q   0.73225 0.06872 0.04229 0.03016 0.02290 0.01792 0.01422 0.01129 0.00891 0.00805 0.04328 ( 1)  0.259 +-  0.760
 330 V   0.73532 0.06888 0.04230 0.03010 0.02280 0.01781 0.01409 0.01117 0.00879 0.00793 0.04081 ( 1)  0.248 +-  0.725
 331 S   0.73832 0.06904 0.04231 0.03005 0.02271 0.01770 0.01398 0.01106 0.00869 0.00782 0.03832 ( 1)  0.237 +-  0.686
 332 L   0.73027 0.06860 0.04227 0.03019 0.02295 0.01798 0.01429 0.01136 0.00898 0.00812 0.04498 ( 1)  0.266 +-  0.785
 333 A   0.74105 0.06917 0.04229 0.02996 0.02259 0.01757 0.01384 0.01093 0.00856 0.00769 0.03636 ( 1)  0.229 +-  0.661
 334 C   0.73901 0.06908 0.04231 0.03003 0.02269 0.01767 0.01395 0.01103 0.00866 0.00779 0.03777 ( 1)  0.234 +-  0.678
 335 R   0.73300 0.06876 0.04229 0.03015 0.02287 0.01789 0.01419 0.01126 0.00888 0.00802 0.04269 ( 1)  0.256 +-  0.752
 336 V   0.73532 0.06888 0.04230 0.03010 0.02280 0.01781 0.01409 0.01117 0.00879 0.00793 0.04081 ( 1)  0.248 +-  0.725
 337 Q   0.73225 0.06872 0.04229 0.03016 0.02290 0.01792 0.01422 0.01129 0.00891 0.00805 0.04328 ( 1)  0.259 +-  0.760
 338 W   0.73132 0.06867 0.04229 0.03018 0.02292 0.01796 0.01425 0.01133 0.00894 0.00809 0.04405 ( 1)  0.262 +-  0.771
 339 T   0.72411 0.06824 0.04221 0.03026 0.02309 0.01816 0.01448 0.01156 0.00917 0.00833 0.05038 ( 1)  0.291 +-  0.863
 340 R   0.72178 0.06810 0.04217 0.03027 0.02313 0.01822 0.01455 0.01163 0.00924 0.00840 0.05251 ( 1)  0.302 +-  0.894
 341 C   0.73901 0.06908 0.04231 0.03003 0.02269 0.01767 0.01395 0.01103 0.00866 0.00779 0.03777 ( 1)  0.234 +-  0.678
 342 G   0.74029 0.06913 0.04229 0.02998 0.02262 0.01760 0.01388 0.01096 0.00859 0.00772 0.03694 ( 1)  0.231 +-  0.670
 343 V   0.72484 0.06829 0.04222 0.03025 0.02307 0.01814 0.01446 0.01154 0.00915 0.00830 0.04974 ( 1)  0.288 +-  0.854
 344 D   0.72682 0.06841 0.04224 0.03023 0.02303 0.01809 0.01440 0.01148 0.00909 0.00824 0.04796 ( 1)  0.280 +-  0.828
 345 H   0.73999 0.06913 0.04230 0.03000 0.02265 0.01763 0.01390 0.01098 0.00862 0.00775 0.03705 ( 1)  0.231 +-  0.668
 346 T   0.72411 0.06824 0.04221 0.03026 0.02309 0.01816 0.01448 0.01156 0.00917 0.00833 0.05038 ( 1)  0.291 +-  0.863
 347 I   0.73951 0.06911 0.04232 0.03003 0.02268 0.01766 0.01394 0.01101 0.00864 0.00777 0.03734 ( 1)  0.232 +-  0.670
 348 I   0.72471 0.06828 0.04222 0.03025 0.02308 0.01815 0.01447 0.01155 0.00915 0.00831 0.04984 ( 1)  0.289 +-  0.855
 349 C   0.73901 0.06908 0.04231 0.03003 0.02269 0.01767 0.01395 0.01103 0.00866 0.00779 0.03777 ( 1)  0.234 +-  0.678
 350 G   0.74029 0.06913 0.04229 0.02998 0.02262 0.01760 0.01388 0.01096 0.00859 0.00772 0.03694 ( 1)  0.231 +-  0.670
 351 T   0.73901 0.06908 0.04232 0.03004 0.02269 0.01768 0.01396 0.01103 0.00866 0.00779 0.03773 ( 1)  0.234 +-  0.676
 352 A   0.72372 0.06822 0.04220 0.03026 0.02309 0.01817 0.01449 0.01158 0.00918 0.00834 0.05074 ( 1)  0.293 +-  0.869
 353 F   0.72498 0.06830 0.04222 0.03025 0.02307 0.01814 0.01446 0.01154 0.00915 0.00830 0.04960 ( 1)  0.288 +-  0.852
 354 A   0.74105 0.06917 0.04229 0.02996 0.02259 0.01757 0.01384 0.01093 0.00856 0.00769 0.03636 ( 1)  0.229 +-  0.661

Positively selected sites

	Prob(w>1)  mean w

    67 C      0.860         3.431 +- 2.314
   221 I      0.561         2.455 +- 2.506
   228 I      0.530         2.315 +- 2.463
   242 S      0.520         2.267 +- 2.442

