Supplemental results for CODEML (seqf: algn  treef: tree)


dN/dS (w) for site classes (K=3)

p:   0.99682  0.00000  0.00318
w:   0.00000  1.00000 30.24578

Naive Empirical Bayes (NEB) probabilities for 3 classes & postmean_w & P(w>1)
(amino acids refer to 1st sequence: Mlig.34269)

   1 I   0.99993 0.00000 0.00007 ( 1)  0.002  0.000
   2 P   0.99818 0.00000 0.00182 ( 1)  0.055  0.002
   3 A   0.99912 0.00000 0.00088 ( 1)  0.027  0.001
   4 E   0.00003 0.00000 0.99997 ( 3) 30.245  1.000
   5 A   0.99986 0.00000 0.00014 ( 1)  0.004  0.000
   6 M   0.99990 0.00000 0.00010 ( 1)  0.003  0.000
   7 P   0.99983 0.00000 0.00017 ( 1)  0.005  0.000
   8 E   0.99982 0.00000 0.00018 ( 1)  0.005  0.000
   9 S   0.99802 0.00000 0.00198 ( 1)  0.060  0.002
  10 G   0.99988 0.00000 0.00012 ( 1)  0.004  0.000
  11 T   0.99837 0.00000 0.00163 ( 1)  0.049  0.002
  12 P   0.99818 0.00000 0.00182 ( 1)  0.055  0.002
  13 A   0.99844 0.00000 0.00156 ( 1)  0.047  0.002
  14 S   0.99880 0.00000 0.00120 ( 1)  0.036  0.001
  15 R   0.99981 0.00000 0.00019 ( 1)  0.006  0.000
  16 I   0.99931 0.00000 0.00069 ( 1)  0.021  0.001
  17 A   0.99986 0.00000 0.00014 ( 1)  0.004  0.000
  18 D   0.99931 0.00000 0.00069 ( 1)  0.021  0.001
  19 A   0.99979 0.00000 0.00021 ( 1)  0.006  0.000
  20 A   0.99844 0.00000 0.00156 ( 1)  0.047  0.002
  21 A   0.99986 0.00000 0.00014 ( 1)  0.004  0.000
  22 S   0.99990 0.00000 0.00010 ( 1)  0.003  0.000
  23 S   0.99990 0.00000 0.00010 ( 1)  0.003  0.000
  24 G   0.99988 0.00000 0.00012 ( 1)  0.004  0.000
  25 N   0.99991 0.00000 0.00009 ( 1)  0.003  0.000
  26 L   0.99949 0.00000 0.00051 ( 1)  0.015  0.001
  27 P   0.99983 0.00000 0.00017 ( 1)  0.005  0.000
  28 W   0.99948 0.00000 0.00052 ( 1)  0.016  0.001
  29 I   0.99931 0.00000 0.00069 ( 1)  0.021  0.001
  30 E   0.99905 0.00000 0.00095 ( 1)  0.029  0.001
  31 K   0.99984 0.00000 0.00016 ( 1)  0.005  0.000
  32 Y   0.99983 0.00000 0.00017 ( 1)  0.005  0.000
  33 R   0.99980 0.00000 0.00020 ( 1)  0.006  0.000
  34 P   0.99887 0.00000 0.00113 ( 1)  0.034  0.001
  35 K   0.99984 0.00000 0.00016 ( 1)  0.005  0.000
  36 Q   0.99965 0.00000 0.00035 ( 1)  0.010  0.000
  37 L   0.99957 0.00000 0.00043 ( 1)  0.013  0.000
  38 D   0.99987 0.00000 0.00013 ( 1)  0.004  0.000
  39 D   0.99931 0.00000 0.00069 ( 1)  0.021  0.001
  40 L   0.99981 0.00000 0.00019 ( 1)  0.006  0.000
  41 M   0.99990 0.00000 0.00010 ( 1)  0.003  0.000
  42 S   0.99988 0.00000 0.00012 ( 1)  0.004  0.000
  43 H   0.99903 0.00000 0.00097 ( 1)  0.029  0.001
  44 R   0.99981 0.00000 0.00019 ( 1)  0.006  0.000
  45 D   0.99987 0.00000 0.00013 ( 1)  0.004  0.000
  46 I   0.99931 0.00000 0.00069 ( 1)  0.021  0.001
  47 V   0.99977 0.00000 0.00023 ( 1)  0.007  0.000
  48 S   0.99988 0.00000 0.00012 ( 1)  0.004  0.000
  49 T   0.99992 0.00000 0.00008 ( 1)  0.003  0.000
  50 I   0.99931 0.00000 0.00069 ( 1)  0.021  0.001
  51 Q   0.99965 0.00000 0.00035 ( 1)  0.010  0.000
  52 R   0.99981 0.00000 0.00019 ( 1)  0.006  0.000
  53 F   0.99990 0.00000 0.00010 ( 1)  0.003  0.000
  54 L   0.99957 0.00000 0.00043 ( 1)  0.013  0.000
  55 S   0.99880 0.00000 0.00120 ( 1)  0.036  0.001
  56 E   0.99982 0.00000 0.00018 ( 1)  0.005  0.000
  57 G   0.99988 0.00000 0.00012 ( 1)  0.004  0.000
  58 R   0.99981 0.00000 0.00019 ( 1)  0.006  0.000
  59 L   0.99957 0.00000 0.00043 ( 1)  0.013  0.000
  60 P   0.99972 0.00000 0.00028 ( 1)  0.009  0.000
  61 H   0.99982 0.00000 0.00018 ( 1)  0.005  0.000
  62 L   0.99957 0.00000 0.00043 ( 1)  0.013  0.000
  63 L   0.99957 0.00000 0.00043 ( 1)  0.013  0.000
  64 F   0.99990 0.00000 0.00010 ( 1)  0.003  0.000
  65 Y   0.99983 0.00000 0.00017 ( 1)  0.005  0.000
  66 G   0.99886 0.00000 0.00114 ( 1)  0.035  0.001
  67 P   0.99972 0.00000 0.00028 ( 1)  0.009  0.000
  68 A   0.99912 0.00000 0.00088 ( 1)  0.027  0.001
  69 G   0.99988 0.00000 0.00012 ( 1)  0.004  0.000
  70 V   0.99909 0.00000 0.00091 ( 1)  0.028  0.001
  71 G   0.99988 0.00000 0.00012 ( 1)  0.004  0.000
  72 K   0.99984 0.00000 0.00016 ( 1)  0.005  0.000
  73 T   0.99992 0.00000 0.00008 ( 1)  0.003  0.000
  74 S   0.99990 0.00000 0.00010 ( 1)  0.003  0.000
  75 T   0.99992 0.00000 0.00008 ( 1)  0.003  0.000
  76 I   0.99993 0.00000 0.00007 ( 1)  0.002  0.000
  77 L   0.99957 0.00000 0.00043 ( 1)  0.013  0.000
  78 A   0.99986 0.00000 0.00014 ( 1)  0.004  0.000
  79 I   0.99931 0.00000 0.00069 ( 1)  0.021  0.001
  80 A   0.99951 0.00000 0.00049 ( 1)  0.015  0.000
  81 G   0.99856 0.00000 0.00144 ( 1)  0.043  0.001
  82 Q   0.99965 0.00000 0.00035 ( 1)  0.010  0.000
  83 I   0.99993 0.00000 0.00007 ( 1)  0.002  0.000
  84 Y   0.99983 0.00000 0.00017 ( 1)  0.005  0.000
  85 S   0.99988 0.00000 0.00012 ( 1)  0.004  0.000
  86 K   0.99984 0.00000 0.00016 ( 1)  0.005  0.000
  87 R   0.99963 0.00000 0.00037 ( 1)  0.011  0.000
  88 E   0.99982 0.00000 0.00018 ( 1)  0.005  0.000
  89 F   0.99990 0.00000 0.00010 ( 1)  0.003  0.000
  90 P   0.99983 0.00000 0.00017 ( 1)  0.005  0.000
  91 T   0.99909 0.00000 0.00091 ( 1)  0.028  0.001
  92 M   0.99990 0.00000 0.00010 ( 1)  0.003  0.000
  93 V   0.99977 0.00000 0.00023 ( 1)  0.007  0.000
  94 L   0.99957 0.00000 0.00043 ( 1)  0.013  0.000
  95 D   0.99931 0.00000 0.00069 ( 1)  0.021  0.001
  96 L   0.99934 0.00000 0.00066 ( 1)  0.020  0.001
  97 N   0.99991 0.00000 0.00009 ( 1)  0.003  0.000
  98 A   0.99979 0.00000 0.00021 ( 1)  0.006  0.000
  99 S   0.99838 0.00000 0.00162 ( 1)  0.049  0.002
 100 D   0.99987 0.00000 0.00013 ( 1)  0.004  0.000
 101 E   0.99982 0.00000 0.00018 ( 1)  0.005  0.000
 102 R   0.99849 0.00000 0.00151 ( 1)  0.046  0.002
 103 G   0.99988 0.00000 0.00012 ( 1)  0.004  0.000
 104 I   0.99993 0.00000 0.00007 ( 1)  0.002  0.000
 105 G   0.99827 0.00000 0.00173 ( 1)  0.052  0.002
 106 V   0.99977 0.00000 0.00023 ( 1)  0.007  0.000
 107 V   0.99977 0.00000 0.00023 ( 1)  0.007  0.000
 108 R   0.99981 0.00000 0.00019 ( 1)  0.006  0.000
 109 N   0.99991 0.00000 0.00009 ( 1)  0.003  0.000
 110 E   0.99982 0.00000 0.00018 ( 1)  0.005  0.000
 111 I   0.99931 0.00000 0.00069 ( 1)  0.021  0.001
 112 L   0.99981 0.00000 0.00019 ( 1)  0.006  0.000
 113 T   0.99992 0.00000 0.00008 ( 1)  0.003  0.000
 114 F   0.99990 0.00000 0.00010 ( 1)  0.003  0.000
 115 A   0.99986 0.00000 0.00014 ( 1)  0.004  0.000
 116 S   0.99990 0.00000 0.00010 ( 1)  0.003  0.000
 117 T   0.99985 0.00000 0.00015 ( 1)  0.004  0.000
 118 R   0.99981 0.00000 0.00019 ( 1)  0.006  0.000
 119 T   0.99837 0.00000 0.00163 ( 1)  0.049  0.002
 120 V   0.99977 0.00000 0.00023 ( 1)  0.007  0.000
 121 F   0.99990 0.00000 0.00010 ( 1)  0.003  0.000
 122 S   0.99990 0.00000 0.00010 ( 1)  0.003  0.000
 123 A   0.99986 0.00000 0.00014 ( 1)  0.004  0.000
 124 G   0.99988 0.00000 0.00012 ( 1)  0.004  0.000
 125 F   0.99990 0.00000 0.00010 ( 1)  0.003  0.000
 126 K   0.99984 0.00000 0.00016 ( 1)  0.005  0.000
 127 L   0.99957 0.00000 0.00043 ( 1)  0.013  0.000
 128 V   0.99983 0.00000 0.00017 ( 1)  0.005  0.000
 129 I   0.99993 0.00000 0.00007 ( 1)  0.002  0.000
 130 L   0.99885 0.00000 0.00115 ( 1)  0.035  0.001
 131 D   0.99987 0.00000 0.00013 ( 1)  0.004  0.000
 132 E   0.99905 0.00000 0.00095 ( 1)  0.029  0.001
 133 A   0.99986 0.00000 0.00014 ( 1)  0.004  0.000
 134 D   0.99987 0.00000 0.00013 ( 1)  0.004  0.000
 135 A   0.99986 0.00000 0.00014 ( 1)  0.004  0.000
 136 M   0.99990 0.00000 0.00010 ( 1)  0.003  0.000
 137 T   0.99992 0.00000 0.00008 ( 1)  0.003  0.000
 138 K   0.99984 0.00000 0.00016 ( 1)  0.005  0.000
 139 D   0.99987 0.00000 0.00013 ( 1)  0.004  0.000
 140 A   0.99979 0.00000 0.00021 ( 1)  0.006  0.000
 141 Q   0.99965 0.00000 0.00035 ( 1)  0.010  0.000
 142 N   0.99915 0.00000 0.00085 ( 1)  0.026  0.001
 143 A   0.99979 0.00000 0.00021 ( 1)  0.006  0.000
 144 L   0.99957 0.00000 0.00043 ( 1)  0.013  0.000
 145 R   0.99981 0.00000 0.00019 ( 1)  0.006  0.000
 146 R   0.99980 0.00000 0.00020 ( 1)  0.006  0.000
 147 I   0.99931 0.00000 0.00069 ( 1)  0.021  0.001
 148 M   0.99990 0.00000 0.00010 ( 1)  0.003  0.000
 149 E   0.99982 0.00000 0.00018 ( 1)  0.005  0.000
 150 K   0.99869 0.00000 0.00131 ( 1)  0.040  0.001
 151 F   0.99904 0.00000 0.00096 ( 1)  0.029  0.001
 152 T   0.99837 0.00000 0.00163 ( 1)  0.049  0.002
 153 A   0.99986 0.00000 0.00014 ( 1)  0.004  0.000
 154 N   0.99991 0.00000 0.00009 ( 1)  0.003  0.000
 155 V   0.99983 0.00000 0.00017 ( 1)  0.005  0.000
 156 R   0.99963 0.00000 0.00037 ( 1)  0.011  0.000
 157 F   0.99990 0.00000 0.00010 ( 1)  0.003  0.000
 158 C   0.99955 0.00000 0.00045 ( 1)  0.014  0.000
 159 L   0.99957 0.00000 0.00043 ( 1)  0.013  0.000
 160 V   0.99977 0.00000 0.00023 ( 1)  0.007  0.000
 161 C   0.99981 0.00000 0.00019 ( 1)  0.006  0.000
 162 N   0.99991 0.00000 0.00009 ( 1)  0.003  0.000
 163 Y   0.99983 0.00000 0.00017 ( 1)  0.005  0.000
 164 L   0.99957 0.00000 0.00043 ( 1)  0.013  0.000
 165 S   0.99988 0.00000 0.00012 ( 1)  0.004  0.000
 166 K   0.99984 0.00000 0.00016 ( 1)  0.005  0.000
 167 I   0.99993 0.00000 0.00007 ( 1)  0.002  0.000
 168 I   0.99993 0.00000 0.00007 ( 1)  0.002  0.000
 169 P   0.99972 0.00000 0.00028 ( 1)  0.009  0.000
 170 A   0.99979 0.00000 0.00021 ( 1)  0.006  0.000
 171 L   0.99957 0.00000 0.00043 ( 1)  0.013  0.000
 172 Q   0.99965 0.00000 0.00035 ( 1)  0.010  0.000
 173 S   0.99988 0.00000 0.00012 ( 1)  0.004  0.000
 174 R   0.99981 0.00000 0.00019 ( 1)  0.006  0.000
 175 C   0.99981 0.00000 0.00019 ( 1)  0.006  0.000
 176 T   0.99992 0.00000 0.00008 ( 1)  0.003  0.000
 177 R   0.99963 0.00000 0.00037 ( 1)  0.011  0.000
 178 F   0.99990 0.00000 0.00010 ( 1)  0.003  0.000
 179 R   0.99981 0.00000 0.00019 ( 1)  0.006  0.000
 180 F   0.99990 0.00000 0.00010 ( 1)  0.003  0.000
 181 A   0.99986 0.00000 0.00014 ( 1)  0.004  0.000
 182 P   0.99972 0.00000 0.00028 ( 1)  0.009  0.000
 183 L   0.99957 0.00000 0.00043 ( 1)  0.013  0.000
 184 P   0.99983 0.00000 0.00017 ( 1)  0.005  0.000
 185 S   0.99988 0.00000 0.00012 ( 1)  0.004  0.000
 186 D   0.99987 0.00000 0.00013 ( 1)  0.004  0.000
 187 S   0.99988 0.00000 0.00012 ( 1)  0.004  0.000
 188 V   0.99977 0.00000 0.00023 ( 1)  0.007  0.000
 189 A   0.99986 0.00000 0.00014 ( 1)  0.004  0.000
 190 A   0.99912 0.00000 0.00088 ( 1)  0.027  0.001
 191 R   0.99963 0.00000 0.00037 ( 1)  0.011  0.000
 192 V   0.99983 0.00000 0.00017 ( 1)  0.005  0.000
 193 R   0.99981 0.00000 0.00019 ( 1)  0.006  0.000
 194 D   0.99987 0.00000 0.00013 ( 1)  0.004  0.000
 195 I   0.99993 0.00000 0.00007 ( 1)  0.002  0.000
 196 A   0.99986 0.00000 0.00014 ( 1)  0.004  0.000
 197 V   0.99983 0.00000 0.00017 ( 1)  0.005  0.000
 198 A   0.99986 0.00000 0.00014 ( 1)  0.004  0.000
 199 E   0.99982 0.00000 0.00018 ( 1)  0.005  0.000
 200 G   0.99988 0.00000 0.00012 ( 1)  0.004  0.000
 201 A   0.99986 0.00000 0.00014 ( 1)  0.004  0.000
 202 N   0.99991 0.00000 0.00009 ( 1)  0.003  0.000
 203 L   0.99957 0.00000 0.00043 ( 1)  0.013  0.000
 204 D   0.99931 0.00000 0.00069 ( 1)  0.021  0.001
 205 E   0.99982 0.00000 0.00018 ( 1)  0.005  0.000
 206 A   0.99986 0.00000 0.00014 ( 1)  0.004  0.000
 207 G   0.99988 0.00000 0.00012 ( 1)  0.004  0.000
 208 C   0.99981 0.00000 0.00019 ( 1)  0.006  0.000
 209 R   0.99963 0.00000 0.00037 ( 1)  0.011  0.000
 210 A   0.99979 0.00000 0.00021 ( 1)  0.006  0.000
 211 L   0.99957 0.00000 0.00043 ( 1)  0.013  0.000
 212 V   0.99983 0.00000 0.00017 ( 1)  0.005  0.000
 213 R   0.99966 0.00000 0.00034 ( 1)  0.010  0.000
 214 L   0.99957 0.00000 0.00043 ( 1)  0.013  0.000
 215 S   0.99988 0.00000 0.00012 ( 1)  0.004  0.000
 216 G   0.99901 0.00000 0.00099 ( 1)  0.030  0.001
 217 G   0.99988 0.00000 0.00012 ( 1)  0.004  0.000
 218 D   0.99987 0.00000 0.00013 ( 1)  0.004  0.000
 219 M   0.99990 0.00000 0.00010 ( 1)  0.003  0.000
 220 R   0.99981 0.00000 0.00019 ( 1)  0.006  0.000
 221 R   0.99963 0.00000 0.00037 ( 1)  0.011  0.000
 222 A   0.99979 0.00000 0.00021 ( 1)  0.006  0.000
 223 L   0.99934 0.00000 0.00066 ( 1)  0.020  0.001
 224 N   0.99991 0.00000 0.00009 ( 1)  0.003  0.000
 225 I   0.99993 0.00000 0.00007 ( 1)  0.002  0.000
 226 L   0.99957 0.00000 0.00043 ( 1)  0.013  0.000
 227 Q   0.99965 0.00000 0.00035 ( 1)  0.010  0.000
 228 S   0.99990 0.00000 0.00010 ( 1)  0.003  0.000
 229 T   0.99985 0.00000 0.00015 ( 1)  0.004  0.000
 230 A   0.99979 0.00000 0.00021 ( 1)  0.006  0.000
 231 L   0.99981 0.00000 0.00019 ( 1)  0.006  0.000
 232 A   0.99986 0.00000 0.00014 ( 1)  0.004  0.000
 233 F   0.99990 0.00000 0.00010 ( 1)  0.003  0.000
 234 P   0.99818 0.00000 0.00182 ( 1)  0.055  0.002
 235 A   0.99951 0.00000 0.00049 ( 1)  0.015  0.000
 236 G   0.99988 0.00000 0.00012 ( 1)  0.004  0.000
 237 V   0.99983 0.00000 0.00017 ( 1)  0.005  0.000
 238 D   0.99987 0.00000 0.00013 ( 1)  0.004  0.000
 239 E   0.99982 0.00000 0.00018 ( 1)  0.005  0.000
 240 A   0.99986 0.00000 0.00014 ( 1)  0.004  0.000
 241 A   0.99986 0.00000 0.00014 ( 1)  0.004  0.000
 242 V   0.99977 0.00000 0.00023 ( 1)  0.007  0.000
 243 Y   0.99983 0.00000 0.00017 ( 1)  0.005  0.000
 244 A   0.99986 0.00000 0.00014 ( 1)  0.004  0.000
 245 C   0.99910 0.00000 0.00090 ( 1)  0.027  0.001
 246 V   0.99983 0.00000 0.00017 ( 1)  0.005  0.000
 247 G   0.99980 0.00000 0.00020 ( 1)  0.006  0.000
 248 H   0.99982 0.00000 0.00018 ( 1)  0.005  0.000
 249 P   0.99972 0.00000 0.00028 ( 1)  0.009  0.000
 250 S   0.99974 0.00000 0.00026 ( 1)  0.008  0.000
 251 P   0.99887 0.00000 0.00113 ( 1)  0.034  0.001
 252 A   0.99986 0.00000 0.00014 ( 1)  0.004  0.000
 253 D   0.99987 0.00000 0.00013 ( 1)  0.004  0.000
 254 I   0.99931 0.00000 0.00069 ( 1)  0.021  0.001
 255 R   0.99981 0.00000 0.00019 ( 1)  0.006  0.000
 256 R   0.99963 0.00000 0.00037 ( 1)  0.011  0.000
 257 V   0.99977 0.00000 0.00023 ( 1)  0.007  0.000
 258 L   0.99957 0.00000 0.00043 ( 1)  0.013  0.000
 259 Q   0.99965 0.00000 0.00035 ( 1)  0.010  0.000
 260 H   0.99982 0.00000 0.00018 ( 1)  0.005  0.000
 261 L   0.99981 0.00000 0.00019 ( 1)  0.006  0.000
 262 M   0.99990 0.00000 0.00010 ( 1)  0.003  0.000
 263 N   0.99991 0.00000 0.00009 ( 1)  0.003  0.000
 264 E   0.99982 0.00000 0.00018 ( 1)  0.005  0.000
 265 E   0.99982 0.00000 0.00018 ( 1)  0.005  0.000
 266 A   0.99986 0.00000 0.00014 ( 1)  0.004  0.000
 267 P   0.99972 0.00000 0.00028 ( 1)  0.009  0.000
 268 A   0.99912 0.00000 0.00088 ( 1)  0.027  0.001
 269 A   0.99979 0.00000 0.00021 ( 1)  0.006  0.000
 270 H   0.99982 0.00000 0.00018 ( 1)  0.005  0.000
 271 A   0.99986 0.00000 0.00014 ( 1)  0.004  0.000
 272 A   0.99922 0.00000 0.00078 ( 1)  0.024  0.001
 273 I   0.99993 0.00000 0.00007 ( 1)  0.002  0.000
 274 R   0.99963 0.00000 0.00037 ( 1)  0.011  0.000
 275 E   0.99905 0.00000 0.00095 ( 1)  0.029  0.001
 276 L   0.99934 0.00000 0.00066 ( 1)  0.020  0.001
 277 C   0.99981 0.00000 0.00019 ( 1)  0.006  0.000
 278 A   0.99986 0.00000 0.00014 ( 1)  0.004  0.000
 279 D   0.99987 0.00000 0.00013 ( 1)  0.004  0.000
 280 R   0.99981 0.00000 0.00019 ( 1)  0.006  0.000
 281 G   0.99988 0.00000 0.00012 ( 1)  0.004  0.000
 282 V   0.99983 0.00000 0.00017 ( 1)  0.005  0.000
 283 A   0.99986 0.00000 0.00014 ( 1)  0.004  0.000
 284 L   0.99957 0.00000 0.00043 ( 1)  0.013  0.000
 285 L   0.99957 0.00000 0.00043 ( 1)  0.013  0.000
 286 D   0.99987 0.00000 0.00013 ( 1)  0.004  0.000
 287 V   0.99909 0.00000 0.00091 ( 1)  0.028  0.001
 288 V   0.99983 0.00000 0.00017 ( 1)  0.005  0.000
 289 T   0.99992 0.00000 0.00008 ( 1)  0.003  0.000
 290 E   0.99982 0.00000 0.00018 ( 1)  0.005  0.000
 291 L   0.99957 0.00000 0.00043 ( 1)  0.013  0.000
 292 H   0.99982 0.00000 0.00018 ( 1)  0.005  0.000
 293 E   0.99982 0.00000 0.00018 ( 1)  0.005  0.000
 294 L   0.99957 0.00000 0.00043 ( 1)  0.013  0.000
 295 L   0.99957 0.00000 0.00043 ( 1)  0.013  0.000
 296 G   0.99901 0.00000 0.00099 ( 1)  0.030  0.001
 297 R   0.99963 0.00000 0.00037 ( 1)  0.011  0.000
 298 V   0.99977 0.00000 0.00023 ( 1)  0.007  0.000
 299 D   0.99987 0.00000 0.00013 ( 1)  0.004  0.000
 300 F   0.99904 0.00000 0.00096 ( 1)  0.029  0.001
 301 P   0.99983 0.00000 0.00017 ( 1)  0.005  0.000
 302 V   0.99977 0.00000 0.00023 ( 1)  0.007  0.000
 303 S   0.99988 0.00000 0.00012 ( 1)  0.004  0.000
 304 V   0.99977 0.00000 0.00023 ( 1)  0.007  0.000
 305 R   0.99963 0.00000 0.00037 ( 1)  0.011  0.000
 306 A   0.99979 0.00000 0.00021 ( 1)  0.006  0.000
 307 H   0.99982 0.00000 0.00018 ( 1)  0.005  0.000
 308 F   0.99904 0.00000 0.00096 ( 1)  0.029  0.001
 309 Y   0.99983 0.00000 0.00017 ( 1)  0.005  0.000
 310 I   0.99993 0.00000 0.00007 ( 1)  0.002  0.000
 311 R   0.99947 0.00000 0.00053 ( 1)  0.016  0.001
 312 L   0.99957 0.00000 0.00043 ( 1)  0.013  0.000
 313 A   0.99986 0.00000 0.00014 ( 1)  0.004  0.000
 314 D   0.99987 0.00000 0.00013 ( 1)  0.004  0.000
 315 I   0.99993 0.00000 0.00007 ( 1)  0.002  0.000
 316 E   0.99982 0.00000 0.00018 ( 1)  0.005  0.000
 317 E   0.99982 0.00000 0.00018 ( 1)  0.005  0.000
 318 R   0.99782 0.00000 0.00218 ( 1)  0.066  0.002
 319 L   0.99885 0.00000 0.00115 ( 1)  0.035  0.001
 320 C   0.99981 0.00000 0.00019 ( 1)  0.006  0.000
 321 A   0.99986 0.00000 0.00014 ( 1)  0.004  0.000
 322 G   0.99988 0.00000 0.00012 ( 1)  0.004  0.000
 323 A   0.99986 0.00000 0.00014 ( 1)  0.004  0.000
 324 T   0.99992 0.00000 0.00008 ( 1)  0.003  0.000
 325 D   0.99987 0.00000 0.00013 ( 1)  0.004  0.000
 326 R   0.99963 0.00000 0.00037 ( 1)  0.011  0.000
 327 L   0.99795 0.00000 0.00205 ( 1)  0.062  0.002
 328 Q   0.99965 0.00000 0.00035 ( 1)  0.010  0.000
 329 L   0.99885 0.00000 0.00115 ( 1)  0.035  0.001
 330 S   0.99990 0.00000 0.00010 ( 1)  0.003  0.000
 331 A   0.99986 0.00000 0.00014 ( 1)  0.004  0.000
 332 L   0.99795 0.00000 0.00205 ( 1)  0.062  0.002
 333 I   0.99931 0.00000 0.00069 ( 1)  0.021  0.001
 334 G   0.99988 0.00000 0.00012 ( 1)  0.004  0.000
 335 A   0.99986 0.00000 0.00014 ( 1)  0.004  0.000
 336 A   0.99912 0.00000 0.00088 ( 1)  0.027  0.001
 337 M   0.99990 0.00000 0.00010 ( 1)  0.003  0.000
 338 E   0.99982 0.00000 0.00018 ( 1)  0.005  0.000
 339 A   0.99912 0.00000 0.00088 ( 1)  0.027  0.001
 340 R   0.99981 0.00000 0.00019 ( 1)  0.006  0.000
 341 E   0.99982 0.00000 0.00018 ( 1)  0.005  0.000
 342 L   0.99957 0.00000 0.00043 ( 1)  0.013  0.000
 343 L   0.99885 0.00000 0.00115 ( 1)  0.035  0.001
 344 L   0.99957 0.00000 0.00043 ( 1)  0.013  0.000
 345 M   0.99990 0.00000 0.00010 ( 1)  0.003  0.000
 346 E   0.99982 0.00000 0.00018 ( 1)  0.005  0.000
 347 K   0.99984 0.00000 0.00016 ( 1)  0.005  0.000
 348 E   0.99982 0.00000 0.00018 ( 1)  0.005  0.000
 349 K   0.99984 0.00000 0.00016 ( 1)  0.005  0.000
 350 L   0.99957 0.00000 0.00043 ( 1)  0.013  0.000
 351 D   0.99931 0.00000 0.00069 ( 1)  0.021  0.001
 352 R   0.99981 0.00000 0.00019 ( 1)  0.006  0.000
 353 E   0.99982 0.00000 0.00018 ( 1)  0.005  0.000
 354 A   0.99912 0.00000 0.00088 ( 1)  0.027  0.001
 355 G   0.99827 0.00000 0.00173 ( 1)  0.052  0.002
 356 Q   0.99965 0.00000 0.00035 ( 1)  0.010  0.000

Positively selected sites

	Prob(w>1)  mean w

     4 E      1.000**       30.245


lnL = -1435.785902

Bayes Empirical Bayes (BEB) probabilities for 3 classes (class) & postmean_w
(amino acids refer to 1st sequence: Mlig.34269)

   1 I   0.94410 0.03223 0.02367 ( 1)  0.132 +-  0.394
   2 P   0.92928 0.03722 0.03350 ( 1)  0.166 +-  0.525
   3 A   0.93232 0.03630 0.03138 ( 1)  0.158 +-  0.495
   4 E   0.31568 0.23146 0.45285 ( 3)  1.512 +-  1.709
   5 A   0.94412 0.03217 0.02371 ( 1)  0.132 +-  0.397
   6 M   0.94178 0.03310 0.02512 ( 1)  0.137 +-  0.412
   7 P   0.94076 0.03345 0.02579 ( 1)  0.139 +-  0.422
   8 E   0.94015 0.03367 0.02618 ( 1)  0.140 +-  0.426
   9 S   0.92893 0.03732 0.03375 ( 1)  0.167 +-  0.528
  10 G   0.94217 0.03293 0.02489 ( 1)  0.136 +-  0.410
  11 T   0.92966 0.03711 0.03324 ( 1)  0.165 +-  0.521
  12 P   0.92928 0.03722 0.03350 ( 1)  0.166 +-  0.525
  13 A   0.92991 0.03703 0.03306 ( 1)  0.164 +-  0.519
  14 S   0.93075 0.03678 0.03247 ( 1)  0.162 +-  0.510
  15 R   0.93899 0.03409 0.02692 ( 1)  0.143 +-  0.435
  16 I   0.93286 0.03613 0.03101 ( 1)  0.157 +-  0.490
  17 A   0.94412 0.03217 0.02371 ( 1)  0.132 +-  0.397
  18 D   0.93296 0.03610 0.03094 ( 1)  0.157 +-  0.489
  19 A   0.94072 0.03345 0.02583 ( 1)  0.139 +-  0.423
  20 A   0.92991 0.03703 0.03306 ( 1)  0.164 +-  0.519
  21 A   0.94412 0.03217 0.02371 ( 1)  0.132 +-  0.397
  22 S   0.94074 0.03349 0.02578 ( 1)  0.139 +-  0.420
  23 S   0.94074 0.03349 0.02578 ( 1)  0.139 +-  0.420
  24 G   0.94217 0.03293 0.02489 ( 1)  0.136 +-  0.410
  25 N   0.94173 0.03312 0.02515 ( 1)  0.137 +-  0.412
  26 L   0.93519 0.03537 0.02945 ( 1)  0.151 +-  0.469
  27 P   0.94076 0.03345 0.02579 ( 1)  0.139 +-  0.422
  28 W   0.93372 0.03586 0.03042 ( 1)  0.155 +-  0.482
  29 I   0.93286 0.03613 0.03101 ( 1)  0.157 +-  0.490
  30 E   0.93154 0.03655 0.03192 ( 1)  0.160 +-  0.502
  31 K   0.93878 0.03417 0.02705 ( 1)  0.143 +-  0.436
  32 Y   0.93822 0.03437 0.02741 ( 1)  0.144 +-  0.441
  33 R   0.93760 0.03458 0.02781 ( 1)  0.146 +-  0.446
  34 P   0.93115 0.03666 0.03219 ( 1)  0.161 +-  0.506
  35 K   0.93878 0.03417 0.02705 ( 1)  0.143 +-  0.436
  36 Q   0.93600 0.03512 0.02889 ( 1)  0.150 +-  0.461
  37 L   0.93579 0.03517 0.02904 ( 1)  0.150 +-  0.464
  38 D   0.94290 0.03265 0.02444 ( 1)  0.135 +-  0.405
  39 D   0.93296 0.03610 0.03094 ( 1)  0.157 +-  0.489
  40 L   0.94066 0.03347 0.02586 ( 1)  0.139 +-  0.423
  41 M   0.94178 0.03310 0.02512 ( 1)  0.137 +-  0.412
  42 S   0.93963 0.03388 0.02649 ( 1)  0.141 +-  0.429
  43 H   0.93159 0.03653 0.03188 ( 1)  0.160 +-  0.502
  44 R   0.93899 0.03409 0.02692 ( 1)  0.143 +-  0.435
  45 D   0.94290 0.03265 0.02444 ( 1)  0.135 +-  0.405
  46 I   0.93286 0.03613 0.03101 ( 1)  0.157 +-  0.490
  47 V   0.94050 0.03352 0.02598 ( 1)  0.140 +-  0.425
  48 S   0.93963 0.03388 0.02649 ( 1)  0.141 +-  0.429
  49 T   0.94295 0.03266 0.02439 ( 1)  0.134 +-  0.403
  50 I   0.93286 0.03613 0.03101 ( 1)  0.157 +-  0.490
  51 Q   0.93600 0.03512 0.02889 ( 1)  0.150 +-  0.461
  52 R   0.93899 0.03409 0.02692 ( 1)  0.143 +-  0.435
  53 F   0.94073 0.03349 0.02578 ( 1)  0.139 +-  0.420
  54 L   0.93579 0.03517 0.02904 ( 1)  0.150 +-  0.464
  55 S   0.93075 0.03678 0.03247 ( 1)  0.162 +-  0.510
  56 E   0.94015 0.03367 0.02618 ( 1)  0.140 +-  0.426
  57 G   0.94217 0.03293 0.02489 ( 1)  0.136 +-  0.410
  58 R   0.93899 0.03409 0.02692 ( 1)  0.143 +-  0.435
  59 L   0.93579 0.03517 0.02904 ( 1)  0.150 +-  0.464
  60 P   0.93792 0.03446 0.02763 ( 1)  0.145 +-  0.445
  61 H   0.93972 0.03383 0.02645 ( 1)  0.141 +-  0.429
  62 L   0.93579 0.03517 0.02904 ( 1)  0.150 +-  0.464
  63 L   0.93579 0.03517 0.02904 ( 1)  0.150 +-  0.464
  64 F   0.94073 0.03349 0.02578 ( 1)  0.139 +-  0.420
  65 Y   0.93822 0.03437 0.02741 ( 1)  0.144 +-  0.441
  66 G   0.93665 0.03486 0.02848 ( 1)  0.148 +-  0.458
  67 P   0.93792 0.03446 0.02763 ( 1)  0.145 +-  0.445
  68 A   0.93232 0.03630 0.03138 ( 1)  0.158 +-  0.495
  69 G   0.94217 0.03293 0.02489 ( 1)  0.136 +-  0.410
  70 V   0.93224 0.03632 0.03144 ( 1)  0.158 +-  0.496
  71 G   0.94217 0.03293 0.02489 ( 1)  0.136 +-  0.410
  72 K   0.93878 0.03417 0.02705 ( 1)  0.143 +-  0.436
  73 T   0.94295 0.03266 0.02439 ( 1)  0.134 +-  0.403
  74 S   0.94074 0.03349 0.02578 ( 1)  0.139 +-  0.420
  75 T   0.94295 0.03266 0.02439 ( 1)  0.134 +-  0.403
  76 I   0.94410 0.03223 0.02367 ( 1)  0.132 +-  0.394
  77 L   0.93579 0.03517 0.02904 ( 1)  0.150 +-  0.464
  78 A   0.94412 0.03217 0.02371 ( 1)  0.132 +-  0.397
  79 I   0.93286 0.03613 0.03101 ( 1)  0.157 +-  0.490
  80 A   0.93665 0.03485 0.02850 ( 1)  0.148 +-  0.458
  81 G   0.93990 0.03367 0.02643 ( 1)  0.142 +-  0.437
  82 Q   0.93600 0.03512 0.02889 ( 1)  0.150 +-  0.461
  83 I   0.94410 0.03223 0.02367 ( 1)  0.132 +-  0.394
  84 Y   0.93822 0.03437 0.02741 ( 1)  0.144 +-  0.441
  85 S   0.93963 0.03388 0.02649 ( 1)  0.141 +-  0.429
  86 K   0.93878 0.03417 0.02705 ( 1)  0.143 +-  0.436
  87 R   0.93599 0.03512 0.02890 ( 1)  0.150 +-  0.461
  88 E   0.94015 0.03367 0.02618 ( 1)  0.140 +-  0.426
  89 F   0.94073 0.03349 0.02578 ( 1)  0.139 +-  0.420
  90 P   0.94076 0.03345 0.02579 ( 1)  0.139 +-  0.422
  91 T   0.93186 0.03644 0.03170 ( 1)  0.159 +-  0.499
  92 M   0.94178 0.03310 0.02512 ( 1)  0.137 +-  0.412
  93 V   0.94050 0.03352 0.02598 ( 1)  0.140 +-  0.425
  94 L   0.93579 0.03517 0.02904 ( 1)  0.150 +-  0.464
  95 D   0.93296 0.03610 0.03094 ( 1)  0.157 +-  0.489
  96 L   0.93300 0.03609 0.03091 ( 1)  0.157 +-  0.488
  97 N   0.94173 0.03312 0.02515 ( 1)  0.137 +-  0.412
  98 A   0.94072 0.03345 0.02583 ( 1)  0.139 +-  0.423
  99 S   0.92970 0.03710 0.03321 ( 1)  0.165 +-  0.521
 100 D   0.94290 0.03265 0.02444 ( 1)  0.135 +-  0.405
 101 E   0.94015 0.03367 0.02618 ( 1)  0.140 +-  0.426
 102 R   0.92989 0.03704 0.03307 ( 1)  0.164 +-  0.519
 103 G   0.94217 0.03293 0.02489 ( 1)  0.136 +-  0.410
 104 I   0.94410 0.03223 0.02367 ( 1)  0.132 +-  0.394
 105 G   0.92947 0.03716 0.03337 ( 1)  0.165 +-  0.523
 106 V   0.94050 0.03352 0.02598 ( 1)  0.140 +-  0.425
 107 V   0.94050 0.03352 0.02598 ( 1)  0.140 +-  0.425
 108 R   0.93899 0.03409 0.02692 ( 1)  0.143 +-  0.435
 109 N   0.94173 0.03312 0.02515 ( 1)  0.137 +-  0.412
 110 E   0.94015 0.03367 0.02618 ( 1)  0.140 +-  0.426
 111 I   0.93286 0.03613 0.03101 ( 1)  0.157 +-  0.490
 112 L   0.94066 0.03347 0.02586 ( 1)  0.139 +-  0.423
 113 T   0.94295 0.03266 0.02439 ( 1)  0.134 +-  0.403
 114 F   0.94073 0.03349 0.02578 ( 1)  0.139 +-  0.420
 115 A   0.94412 0.03217 0.02371 ( 1)  0.132 +-  0.397
 116 S   0.94074 0.03349 0.02578 ( 1)  0.139 +-  0.420
 117 T   0.93970 0.03385 0.02645 ( 1)  0.141 +-  0.429
 118 R   0.93899 0.03409 0.02692 ( 1)  0.143 +-  0.435
 119 T   0.92966 0.03711 0.03324 ( 1)  0.165 +-  0.521
 120 V   0.94050 0.03352 0.02598 ( 1)  0.140 +-  0.425
 121 F   0.94073 0.03349 0.02578 ( 1)  0.139 +-  0.420
 122 S   0.94074 0.03349 0.02578 ( 1)  0.139 +-  0.420
 123 A   0.94412 0.03217 0.02371 ( 1)  0.132 +-  0.397
 124 G   0.94217 0.03293 0.02489 ( 1)  0.136 +-  0.410
 125 F   0.94073 0.03349 0.02578 ( 1)  0.139 +-  0.420
 126 K   0.93878 0.03417 0.02705 ( 1)  0.143 +-  0.436
 127 L   0.93579 0.03517 0.02904 ( 1)  0.150 +-  0.464
 128 V   0.94385 0.03226 0.02389 ( 1)  0.133 +-  0.399
 129 I   0.94410 0.03223 0.02367 ( 1)  0.132 +-  0.394
 130 L   0.93113 0.03666 0.03221 ( 1)  0.161 +-  0.507
 131 D   0.94290 0.03265 0.02444 ( 1)  0.135 +-  0.405
 132 E   0.93154 0.03655 0.03192 ( 1)  0.160 +-  0.502
 133 A   0.94412 0.03217 0.02371 ( 1)  0.132 +-  0.397
 134 D   0.94290 0.03265 0.02444 ( 1)  0.135 +-  0.405
 135 A   0.94412 0.03217 0.02371 ( 1)  0.132 +-  0.397
 136 M   0.94178 0.03310 0.02512 ( 1)  0.137 +-  0.412
 137 T   0.94295 0.03266 0.02439 ( 1)  0.134 +-  0.403
 138 K   0.93878 0.03417 0.02705 ( 1)  0.143 +-  0.436
 139 D   0.94290 0.03265 0.02444 ( 1)  0.135 +-  0.405
 140 A   0.94072 0.03345 0.02583 ( 1)  0.139 +-  0.423
 141 Q   0.93600 0.03512 0.02889 ( 1)  0.150 +-  0.461
 142 N   0.93202 0.03640 0.03158 ( 1)  0.159 +-  0.498
 143 A   0.94072 0.03345 0.02583 ( 1)  0.139 +-  0.423
 144 L   0.93579 0.03517 0.02904 ( 1)  0.150 +-  0.464
 145 R   0.93899 0.03409 0.02692 ( 1)  0.143 +-  0.435
 146 R   0.93760 0.03458 0.02781 ( 1)  0.146 +-  0.446
 147 I   0.93286 0.03613 0.03101 ( 1)  0.157 +-  0.490
 148 M   0.94178 0.03310 0.02512 ( 1)  0.137 +-  0.412
 149 E   0.94015 0.03367 0.02618 ( 1)  0.140 +-  0.426
 150 K   0.93039 0.03689 0.03271 ( 1)  0.163 +-  0.514
 151 F   0.93154 0.03654 0.03192 ( 1)  0.160 +-  0.502
 152 T   0.92966 0.03711 0.03324 ( 1)  0.165 +-  0.521
 153 A   0.94412 0.03217 0.02371 ( 1)  0.132 +-  0.397
 154 N   0.94173 0.03312 0.02515 ( 1)  0.137 +-  0.412
 155 V   0.94385 0.03226 0.02389 ( 1)  0.133 +-  0.399
 156 R   0.93599 0.03512 0.02890 ( 1)  0.150 +-  0.461
 157 F   0.94073 0.03349 0.02578 ( 1)  0.139 +-  0.420
 158 C   0.93511 0.03540 0.02949 ( 1)  0.152 +-  0.470
 159 L   0.93579 0.03517 0.02904 ( 1)  0.150 +-  0.464
 160 V   0.94050 0.03352 0.02598 ( 1)  0.140 +-  0.425
 161 C   0.93749 0.03463 0.02789 ( 1)  0.146 +-  0.447
 162 N   0.94173 0.03312 0.02515 ( 1)  0.137 +-  0.412
 163 Y   0.93822 0.03437 0.02741 ( 1)  0.144 +-  0.441
 164 L   0.93579 0.03517 0.02904 ( 1)  0.150 +-  0.464
 165 S   0.93963 0.03388 0.02649 ( 1)  0.141 +-  0.429
 166 K   0.93878 0.03417 0.02705 ( 1)  0.143 +-  0.436
 167 I   0.94410 0.03223 0.02367 ( 1)  0.132 +-  0.394
 168 I   0.94410 0.03223 0.02367 ( 1)  0.132 +-  0.394
 169 P   0.93792 0.03446 0.02763 ( 1)  0.145 +-  0.445
 170 A   0.94072 0.03345 0.02583 ( 1)  0.139 +-  0.423
 171 L   0.93579 0.03517 0.02904 ( 1)  0.150 +-  0.464
 172 Q   0.93600 0.03512 0.02889 ( 1)  0.150 +-  0.461
 173 S   0.93963 0.03388 0.02649 ( 1)  0.141 +-  0.429
 174 R   0.93899 0.03409 0.02692 ( 1)  0.143 +-  0.435
 175 C   0.93749 0.03463 0.02789 ( 1)  0.146 +-  0.447
 176 T   0.94295 0.03266 0.02439 ( 1)  0.134 +-  0.403
 177 R   0.93599 0.03512 0.02890 ( 1)  0.150 +-  0.461
 178 F   0.94073 0.03349 0.02578 ( 1)  0.139 +-  0.420
 179 R   0.93899 0.03409 0.02692 ( 1)  0.143 +-  0.435
 180 F   0.94073 0.03349 0.02578 ( 1)  0.139 +-  0.420
 181 A   0.94412 0.03217 0.02371 ( 1)  0.132 +-  0.397
 182 P   0.93792 0.03446 0.02763 ( 1)  0.145 +-  0.445
 183 L   0.93579 0.03517 0.02904 ( 1)  0.150 +-  0.464
 184 P   0.94076 0.03345 0.02579 ( 1)  0.139 +-  0.422
 185 S   0.93963 0.03388 0.02649 ( 1)  0.141 +-  0.429
 186 D   0.94290 0.03265 0.02444 ( 1)  0.135 +-  0.405
 187 S   0.93963 0.03388 0.02649 ( 1)  0.141 +-  0.429
 188 V   0.94050 0.03352 0.02598 ( 1)  0.140 +-  0.425
 189 A   0.94412 0.03217 0.02371 ( 1)  0.132 +-  0.397
 190 A   0.93232 0.03630 0.03138 ( 1)  0.158 +-  0.495
 191 R   0.93599 0.03512 0.02890 ( 1)  0.150 +-  0.461
 192 V   0.94385 0.03226 0.02389 ( 1)  0.133 +-  0.399
 193 R   0.93899 0.03409 0.02692 ( 1)  0.143 +-  0.435
 194 D   0.94290 0.03265 0.02444 ( 1)  0.135 +-  0.405
 195 I   0.94410 0.03223 0.02367 ( 1)  0.132 +-  0.394
 196 A   0.94412 0.03217 0.02371 ( 1)  0.132 +-  0.397
 197 V   0.94385 0.03226 0.02389 ( 1)  0.133 +-  0.399
 198 A   0.94412 0.03217 0.02371 ( 1)  0.132 +-  0.397
 199 E   0.94015 0.03367 0.02618 ( 1)  0.140 +-  0.426
 200 G   0.94217 0.03293 0.02489 ( 1)  0.136 +-  0.410
 201 A   0.94412 0.03217 0.02371 ( 1)  0.132 +-  0.397
 202 N   0.94173 0.03312 0.02515 ( 1)  0.137 +-  0.412
 203 L   0.93579 0.03517 0.02904 ( 1)  0.150 +-  0.464
 204 D   0.93296 0.03610 0.03094 ( 1)  0.157 +-  0.489
 205 E   0.94015 0.03367 0.02618 ( 1)  0.140 +-  0.426
 206 A   0.94412 0.03217 0.02371 ( 1)  0.132 +-  0.397
 207 G   0.94217 0.03293 0.02489 ( 1)  0.136 +-  0.410
 208 C   0.93749 0.03463 0.02789 ( 1)  0.146 +-  0.447
 209 R   0.93599 0.03512 0.02890 ( 1)  0.150 +-  0.461
 210 A   0.94072 0.03345 0.02583 ( 1)  0.139 +-  0.423
 211 L   0.93579 0.03517 0.02904 ( 1)  0.150 +-  0.464
 212 V   0.94385 0.03226 0.02389 ( 1)  0.133 +-  0.399
 213 R   0.93630 0.03501 0.02869 ( 1)  0.149 +-  0.459
 214 L   0.93579 0.03517 0.02904 ( 1)  0.150 +-  0.464
 215 S   0.93963 0.03388 0.02649 ( 1)  0.141 +-  0.429
 216 G   0.93162 0.03652 0.03187 ( 1)  0.160 +-  0.502
 217 G   0.94217 0.03293 0.02489 ( 1)  0.136 +-  0.410
 218 D   0.94290 0.03265 0.02444 ( 1)  0.135 +-  0.405
 219 M   0.94178 0.03310 0.02512 ( 1)  0.137 +-  0.412
 220 R   0.93899 0.03409 0.02692 ( 1)  0.143 +-  0.435
 221 R   0.93599 0.03512 0.02890 ( 1)  0.150 +-  0.461
 222 A   0.94072 0.03345 0.02583 ( 1)  0.139 +-  0.423
 223 L   0.93300 0.03609 0.03091 ( 1)  0.157 +-  0.488
 224 N   0.94173 0.03312 0.02515 ( 1)  0.137 +-  0.412
 225 I   0.94410 0.03223 0.02367 ( 1)  0.132 +-  0.394
 226 L   0.93579 0.03517 0.02904 ( 1)  0.150 +-  0.464
 227 Q   0.93600 0.03512 0.02889 ( 1)  0.150 +-  0.461
 228 S   0.94074 0.03349 0.02578 ( 1)  0.139 +-  0.420
 229 T   0.93970 0.03385 0.02645 ( 1)  0.141 +-  0.429
 230 A   0.94072 0.03345 0.02583 ( 1)  0.139 +-  0.423
 231 L   0.94066 0.03347 0.02586 ( 1)  0.139 +-  0.423
 232 A   0.94412 0.03217 0.02371 ( 1)  0.132 +-  0.397
 233 F   0.94073 0.03349 0.02578 ( 1)  0.139 +-  0.420
 234 P   0.92928 0.03722 0.03350 ( 1)  0.166 +-  0.525
 235 A   0.93665 0.03485 0.02850 ( 1)  0.148 +-  0.458
 236 G   0.94217 0.03293 0.02489 ( 1)  0.136 +-  0.410
 237 V   0.94385 0.03226 0.02389 ( 1)  0.133 +-  0.399
 238 D   0.94290 0.03265 0.02444 ( 1)  0.135 +-  0.405
 239 E   0.94015 0.03367 0.02618 ( 1)  0.140 +-  0.426
 240 A   0.94412 0.03217 0.02371 ( 1)  0.132 +-  0.397
 241 A   0.94412 0.03217 0.02371 ( 1)  0.132 +-  0.397
 242 V   0.94050 0.03352 0.02598 ( 1)  0.140 +-  0.425
 243 Y   0.93822 0.03437 0.02741 ( 1)  0.144 +-  0.441
 244 A   0.94412 0.03217 0.02371 ( 1)  0.132 +-  0.397
 245 C   0.93281 0.03613 0.03106 ( 1)  0.157 +-  0.491
 246 V   0.94385 0.03226 0.02389 ( 1)  0.133 +-  0.399
 247 G   0.93907 0.03406 0.02687 ( 1)  0.143 +-  0.435
 248 H   0.93972 0.03383 0.02645 ( 1)  0.141 +-  0.429
 249 P   0.93792 0.03446 0.02763 ( 1)  0.145 +-  0.445
 250 S   0.93661 0.03492 0.02847 ( 1)  0.148 +-  0.455
 251 P   0.93115 0.03666 0.03219 ( 1)  0.161 +-  0.506
 252 A   0.94412 0.03217 0.02371 ( 1)  0.132 +-  0.397
 253 D   0.94290 0.03265 0.02444 ( 1)  0.135 +-  0.405
 254 I   0.93286 0.03613 0.03101 ( 1)  0.157 +-  0.490
 255 R   0.93899 0.03409 0.02692 ( 1)  0.143 +-  0.435
 256 R   0.93599 0.03512 0.02890 ( 1)  0.150 +-  0.461
 257 V   0.94050 0.03352 0.02598 ( 1)  0.140 +-  0.425
 258 L   0.93579 0.03517 0.02904 ( 1)  0.150 +-  0.464
 259 Q   0.93600 0.03512 0.02889 ( 1)  0.150 +-  0.461
 260 H   0.93972 0.03383 0.02645 ( 1)  0.141 +-  0.429
 261 L   0.94066 0.03347 0.02586 ( 1)  0.139 +-  0.423
 262 M   0.94178 0.03310 0.02512 ( 1)  0.137 +-  0.412
 263 N   0.94173 0.03312 0.02515 ( 1)  0.137 +-  0.412
 264 E   0.94015 0.03367 0.02618 ( 1)  0.140 +-  0.426
 265 E   0.94015 0.03367 0.02618 ( 1)  0.140 +-  0.426
 266 A   0.94412 0.03217 0.02371 ( 1)  0.132 +-  0.397
 267 P   0.93792 0.03446 0.02763 ( 1)  0.145 +-  0.445
 268 A   0.93232 0.03630 0.03138 ( 1)  0.158 +-  0.495
 269 A   0.94072 0.03345 0.02583 ( 1)  0.139 +-  0.423
 270 H   0.93972 0.03383 0.02645 ( 1)  0.141 +-  0.429
 271 A   0.94412 0.03217 0.02371 ( 1)  0.132 +-  0.397
 272 A   0.93521 0.03532 0.02947 ( 1)  0.152 +-  0.472
 273 I   0.94410 0.03223 0.02367 ( 1)  0.132 +-  0.394
 274 R   0.93599 0.03512 0.02890 ( 1)  0.150 +-  0.461
 275 E   0.93154 0.03655 0.03192 ( 1)  0.160 +-  0.502
 276 L   0.93300 0.03609 0.03091 ( 1)  0.157 +-  0.488
 277 C   0.93749 0.03463 0.02789 ( 1)  0.146 +-  0.447
 278 A   0.94412 0.03217 0.02371 ( 1)  0.132 +-  0.397
 279 D   0.94290 0.03265 0.02444 ( 1)  0.135 +-  0.405
 280 R   0.93899 0.03409 0.02692 ( 1)  0.143 +-  0.435
 281 G   0.94217 0.03293 0.02489 ( 1)  0.136 +-  0.410
 282 V   0.94385 0.03226 0.02389 ( 1)  0.133 +-  0.399
 283 A   0.94412 0.03217 0.02371 ( 1)  0.132 +-  0.397
 284 L   0.93579 0.03517 0.02904 ( 1)  0.150 +-  0.464
 285 L   0.93579 0.03517 0.02904 ( 1)  0.150 +-  0.464
 286 D   0.94290 0.03265 0.02444 ( 1)  0.135 +-  0.405
 287 V   0.93224 0.03632 0.03144 ( 1)  0.158 +-  0.496
 288 V   0.94385 0.03226 0.02389 ( 1)  0.133 +-  0.399
 289 T   0.94295 0.03266 0.02439 ( 1)  0.134 +-  0.403
 290 E   0.94015 0.03367 0.02618 ( 1)  0.140 +-  0.426
 291 L   0.93579 0.03517 0.02904 ( 1)  0.150 +-  0.464
 292 H   0.93972 0.03383 0.02645 ( 1)  0.141 +-  0.429
 293 E   0.94015 0.03367 0.02618 ( 1)  0.140 +-  0.426
 294 L   0.93579 0.03517 0.02904 ( 1)  0.150 +-  0.464
 295 L   0.93579 0.03517 0.02904 ( 1)  0.150 +-  0.464
 296 G   0.93162 0.03652 0.03187 ( 1)  0.160 +-  0.502
 297 R   0.93599 0.03512 0.02890 ( 1)  0.150 +-  0.461
 298 V   0.94050 0.03352 0.02598 ( 1)  0.140 +-  0.425
 299 D   0.94290 0.03265 0.02444 ( 1)  0.135 +-  0.405
 300 F   0.93154 0.03654 0.03192 ( 1)  0.160 +-  0.502
 301 P   0.94076 0.03345 0.02579 ( 1)  0.139 +-  0.422
 302 V   0.94050 0.03352 0.02598 ( 1)  0.140 +-  0.425
 303 S   0.93963 0.03388 0.02649 ( 1)  0.141 +-  0.429
 304 V   0.94050 0.03352 0.02598 ( 1)  0.140 +-  0.425
 305 R   0.93599 0.03512 0.02890 ( 1)  0.150 +-  0.461
 306 A   0.94072 0.03345 0.02583 ( 1)  0.139 +-  0.423
 307 H   0.93972 0.03383 0.02645 ( 1)  0.141 +-  0.429
 308 F   0.93154 0.03654 0.03192 ( 1)  0.160 +-  0.502
 309 Y   0.93822 0.03437 0.02741 ( 1)  0.144 +-  0.441
 310 I   0.94410 0.03223 0.02367 ( 1)  0.132 +-  0.394
 311 R   0.93550 0.03527 0.02923 ( 1)  0.151 +-  0.466
 312 L   0.93579 0.03517 0.02904 ( 1)  0.150 +-  0.464
 313 A   0.94412 0.03217 0.02371 ( 1)  0.132 +-  0.397
 314 D   0.94290 0.03265 0.02444 ( 1)  0.135 +-  0.405
 315 I   0.94410 0.03223 0.02367 ( 1)  0.132 +-  0.394
 316 E   0.94015 0.03367 0.02618 ( 1)  0.140 +-  0.426
 317 E   0.94015 0.03367 0.02618 ( 1)  0.140 +-  0.426
 318 R   0.92859 0.03742 0.03399 ( 1)  0.168 +-  0.532
 319 L   0.93113 0.03666 0.03221 ( 1)  0.161 +-  0.507
 320 C   0.93749 0.03463 0.02789 ( 1)  0.146 +-  0.447
 321 A   0.94412 0.03217 0.02371 ( 1)  0.132 +-  0.397
 322 G   0.94217 0.03293 0.02489 ( 1)  0.136 +-  0.410
 323 A   0.94412 0.03217 0.02371 ( 1)  0.132 +-  0.397
 324 T   0.94295 0.03266 0.02439 ( 1)  0.134 +-  0.403
 325 D   0.94290 0.03265 0.02444 ( 1)  0.135 +-  0.405
 326 R   0.93599 0.03512 0.02890 ( 1)  0.150 +-  0.461
 327 L   0.92883 0.03735 0.03382 ( 1)  0.167 +-  0.529
 328 Q   0.93600 0.03512 0.02889 ( 1)  0.150 +-  0.461
 329 L   0.93113 0.03666 0.03221 ( 1)  0.161 +-  0.507
 330 S   0.94074 0.03349 0.02578 ( 1)  0.139 +-  0.420
 331 A   0.94412 0.03217 0.02371 ( 1)  0.132 +-  0.397
 332 L   0.92883 0.03735 0.03382 ( 1)  0.167 +-  0.529
 333 I   0.93286 0.03613 0.03101 ( 1)  0.157 +-  0.490
 334 G   0.94217 0.03293 0.02489 ( 1)  0.136 +-  0.410
 335 A   0.94412 0.03217 0.02371 ( 1)  0.132 +-  0.397
 336 A   0.93232 0.03630 0.03138 ( 1)  0.158 +-  0.495
 337 M   0.94178 0.03310 0.02512 ( 1)  0.137 +-  0.412
 338 E   0.94015 0.03367 0.02618 ( 1)  0.140 +-  0.426
 339 A   0.93232 0.03630 0.03138 ( 1)  0.158 +-  0.495
 340 R   0.93899 0.03409 0.02692 ( 1)  0.143 +-  0.435
 341 E   0.94015 0.03367 0.02618 ( 1)  0.140 +-  0.426
 342 L   0.93579 0.03517 0.02904 ( 1)  0.150 +-  0.464
 343 L   0.93113 0.03666 0.03221 ( 1)  0.161 +-  0.507
 344 L   0.93579 0.03517 0.02904 ( 1)  0.150 +-  0.464
 345 M   0.94178 0.03310 0.02512 ( 1)  0.137 +-  0.412
 346 E   0.94015 0.03367 0.02618 ( 1)  0.140 +-  0.426
 347 K   0.93878 0.03417 0.02705 ( 1)  0.143 +-  0.436
 348 E   0.94015 0.03367 0.02618 ( 1)  0.140 +-  0.426
 349 K   0.93878 0.03417 0.02705 ( 1)  0.143 +-  0.436
 350 L   0.93579 0.03517 0.02904 ( 1)  0.150 +-  0.464
 351 D   0.93296 0.03610 0.03094 ( 1)  0.157 +-  0.489
 352 R   0.93899 0.03409 0.02692 ( 1)  0.143 +-  0.435
 353 E   0.94015 0.03367 0.02618 ( 1)  0.140 +-  0.426
 354 A   0.93232 0.03630 0.03138 ( 1)  0.158 +-  0.495
 355 G   0.92947 0.03716 0.03337 ( 1)  0.165 +-  0.523
 356 Q   0.93600 0.03512 0.02889 ( 1)  0.150 +-  0.461

Positively selected sites

	Prob(w>1)  mean w


