Supplemental results for CODEML (seqf: algn  treef: tree)


dN/dS (w) for site classes (K=2)

p:   0.99999  0.00001
w:   0.19276  1.00000

Naive Empirical Bayes (NEB) probabilities for 2 classes & postmean_w
(amino acids refer to 1st sequence: Mlig.33431)

   1 M   0.99999 0.00001 ( 1)  0.193
   2 Q   0.99999 0.00001 ( 1)  0.193
   3 S   0.99999 0.00001 ( 1)  0.193
   4 S   0.99999 0.00001 ( 1)  0.193
   5 K   0.99999 0.00001 ( 1)  0.193
   6 S   0.99999 0.00001 ( 1)  0.193
   7 N   0.99999 0.00001 ( 1)  0.193
   8 H   0.99999 0.00001 ( 1)  0.193
   9 G   0.99999 0.00001 ( 1)  0.193
  10 S   0.99999 0.00001 ( 1)  0.193
  11 L   0.99999 0.00001 ( 1)  0.193
  12 N   0.99999 0.00001 ( 1)  0.193
  13 P   0.99999 0.00001 ( 1)  0.193
  14 R   0.99999 0.00001 ( 1)  0.193
  15 K   0.99999 0.00001 ( 1)  0.193
  16 F   0.99999 0.00001 ( 1)  0.193
  17 D   0.99999 0.00001 ( 1)  0.193
  18 E   0.99999 0.00001 ( 1)  0.193
  19 K   0.99999 0.00001 ( 1)  0.193
  20 I   0.99999 0.00001 ( 1)  0.193
  21 A   0.99999 0.00001 ( 1)  0.193
  22 L   0.99999 0.00001 ( 1)  0.193
  23 L   0.99999 0.00001 ( 1)  0.193
  24 Q   0.99999 0.00001 ( 1)  0.193
  25 A   0.99999 0.00001 ( 1)  0.193
  26 G   0.99999 0.00001 ( 1)  0.193
  27 E   0.99999 0.00001 ( 1)  0.193
  28 D   0.99999 0.00001 ( 1)  0.193
  29 E   0.99999 0.00001 ( 1)  0.193
  30 S   0.99999 0.00001 ( 1)  0.193
  31 N   0.99999 0.00001 ( 1)  0.193
  32 E   0.99999 0.00001 ( 1)  0.193
  33 K   0.99999 0.00001 ( 1)  0.193
  34 F   0.99999 0.00001 ( 1)  0.193
  35 N   0.99999 0.00001 ( 1)  0.193
  36 R   0.99999 0.00001 ( 1)  0.193
  37 L   0.99999 0.00001 ( 1)  0.193
  38 L   0.99999 0.00001 ( 1)  0.193
  39 N   0.99999 0.00001 ( 1)  0.193
  40 E   0.99999 0.00001 ( 1)  0.193
  41 L   0.99999 0.00001 ( 1)  0.193
  42 S   0.99999 0.00001 ( 1)  0.193
  43 V   0.99999 0.00001 ( 1)  0.193
  44 L   0.99999 0.00001 ( 1)  0.193
  45 K   0.99999 0.00001 ( 1)  0.193
  46 N   0.99999 0.00001 ( 1)  0.193
  47 R   0.99999 0.00001 ( 1)  0.193
  48 L   0.99999 0.00001 ( 1)  0.193
  49 S   0.99999 0.00001 ( 1)  0.193
  50 T   0.99999 0.00001 ( 1)  0.193
  51 G   0.99999 0.00001 ( 1)  0.193
  52 D   0.99999 0.00001 ( 1)  0.193
  53 P   0.99999 0.00001 ( 1)  0.193
  54 A   0.99999 0.00001 ( 1)  0.193
  55 R   0.99999 0.00001 ( 1)  0.193
  56 R   0.99999 0.00001 ( 1)  0.193
  57 T   0.99999 0.00001 ( 1)  0.193
  58 V   0.99999 0.00001 ( 1)  0.193
  59 S   0.99999 0.00001 ( 1)  0.193
  60 T   0.99999 0.00001 ( 1)  0.193
  61 P   0.99999 0.00001 ( 1)  0.193
  62 N   0.99999 0.00001 ( 1)  0.193
  63 V   0.99999 0.00001 ( 1)  0.193
  64 S   0.99999 0.00001 ( 1)  0.193
  65 G   0.99999 0.00001 ( 1)  0.193
  66 G   0.99999 0.00001 ( 1)  0.193
  67 A   0.99999 0.00001 ( 1)  0.193
  68 R   0.99999 0.00001 ( 1)  0.193
  69 S   0.99999 0.00001 ( 1)  0.193
  70 G   0.99999 0.00001 ( 1)  0.193
  71 G   0.99999 0.00001 ( 1)  0.193
  72 A   0.99999 0.00001 ( 1)  0.193
  73 S   0.99999 0.00001 ( 1)  0.193
  74 P   0.99999 0.00001 ( 1)  0.193
  75 A   0.99999 0.00001 ( 1)  0.193
  76 P   0.99999 0.00001 ( 1)  0.193
  77 S   0.99999 0.00001 ( 1)  0.193
  78 G   0.99999 0.00001 ( 1)  0.193
  79 V   0.99999 0.00001 ( 1)  0.193
  80 Y   0.99999 0.00001 ( 1)  0.193
  81 P   0.99999 0.00001 ( 1)  0.193
  82 A   0.99999 0.00001 ( 1)  0.193
  83 A   0.99999 0.00001 ( 1)  0.193
  84 A   0.99999 0.00001 ( 1)  0.193
  85 A   0.99999 0.00001 ( 1)  0.193
  86 P   0.99999 0.00001 ( 1)  0.193
  87 D   0.99999 0.00001 ( 1)  0.193
  88 S   0.99999 0.00001 ( 1)  0.193
  89 A   0.99999 0.00001 ( 1)  0.193
  90 A   0.99999 0.00001 ( 1)  0.193
  91 A   0.99999 0.00001 ( 1)  0.193
  92 P   0.99999 0.00001 ( 1)  0.193
  93 S   0.99999 0.00001 ( 1)  0.193
  94 T   0.99999 0.00001 ( 1)  0.193
  95 P   0.99999 0.00001 ( 1)  0.193
  96 I   0.99999 0.00001 ( 1)  0.193
  97 G   0.99999 0.00001 ( 1)  0.193
  98 Q   0.99999 0.00001 ( 1)  0.193
  99 C   0.99999 0.00001 ( 1)  0.193
 100 G   0.99999 0.00001 ( 1)  0.193
 101 L   0.99999 0.00001 ( 1)  0.193
 102 S   0.99999 0.00001 ( 1)  0.193
 103 D   0.99999 0.00001 ( 1)  0.193
 104 S   0.99999 0.00001 ( 1)  0.193
 105 S   0.99999 0.00001 ( 1)  0.193
 106 S   0.99999 0.00001 ( 1)  0.193
 107 S   0.99999 0.00001 ( 1)  0.193
 108 L   0.99999 0.00001 ( 1)  0.193
 109 A   0.99999 0.00001 ( 1)  0.193
 110 V   0.99999 0.00001 ( 1)  0.193
 111 G   0.99999 0.00001 ( 1)  0.193
 112 L   0.99999 0.00001 ( 1)  0.193
 113 Q   0.99999 0.00001 ( 1)  0.193
 114 Q   0.99999 0.00001 ( 1)  0.193
 115 Q   0.99999 0.00001 ( 1)  0.193
 116 P   0.99999 0.00001 ( 1)  0.193
 117 N   0.99999 0.00001 ( 1)  0.193
 118 P   0.99999 0.00001 ( 1)  0.193
 119 L   0.99999 0.00001 ( 1)  0.193
 120 T   0.99999 0.00001 ( 1)  0.193
 121 L   0.99999 0.00001 ( 1)  0.193
 122 S   0.99999 0.00001 ( 1)  0.193
 123 P   0.99999 0.00001 ( 1)  0.193
 124 Q   0.99999 0.00001 ( 1)  0.193
 125 H   0.99999 0.00001 ( 1)  0.193
 126 Q   0.99999 0.00001 ( 1)  0.193
 127 P   0.99999 0.00001 ( 1)  0.193
 128 N   0.99999 0.00001 ( 1)  0.193
 129 Y   0.99999 0.00001 ( 1)  0.193
 130 S   0.99999 0.00001 ( 1)  0.193
 131 N   0.99999 0.00001 ( 1)  0.193
 132 S   0.99999 0.00001 ( 1)  0.193
 133 P   0.99999 0.00001 ( 1)  0.193
 134 V   0.99999 0.00001 ( 1)  0.193
 135 S   0.99999 0.00001 ( 1)  0.193
 136 S   0.99999 0.00001 ( 1)  0.193
 137 P   0.99999 0.00001 ( 1)  0.193
 138 T   0.99999 0.00001 ( 1)  0.193
 139 H   0.99999 0.00001 ( 1)  0.193
 140 A   0.99999 0.00001 ( 1)  0.193
 141 A   0.99999 0.00001 ( 1)  0.193
 142 S   0.99999 0.00001 ( 1)  0.193
 143 A   0.99999 0.00001 ( 1)  0.193
 144 Y   0.99999 0.00001 ( 1)  0.193
 145 A   0.99999 0.00001 ( 1)  0.193
 146 A   0.99999 0.00001 ( 1)  0.193
 147 S   0.99999 0.00001 ( 1)  0.193
 148 P   0.99999 0.00001 ( 1)  0.193
 149 T   0.99999 0.00001 ( 1)  0.193
 150 G   0.99999 0.00001 ( 1)  0.193
 151 Y   0.99999 0.00001 ( 1)  0.193
 152 A   0.99999 0.00001 ( 1)  0.193
 153 L   0.99999 0.00001 ( 1)  0.193
 154 S   0.99999 0.00001 ( 1)  0.193
 155 P   0.99999 0.00001 ( 1)  0.193
 156 A   0.99999 0.00001 ( 1)  0.193
 157 S   0.99999 0.00001 ( 1)  0.193
 158 A   0.99999 0.00001 ( 1)  0.193
 159 L   0.99999 0.00001 ( 1)  0.193
 160 H   0.99995 0.00005 ( 1)  0.193
 161 Q   0.99999 0.00001 ( 1)  0.193
 162 Q   0.99999 0.00001 ( 1)  0.193
 163 Q   0.99999 0.00001 ( 1)  0.193
 164 H   0.99999 0.00001 ( 1)  0.193
 165 S   0.99999 0.00001 ( 1)  0.193
 166 S   0.99999 0.00001 ( 1)  0.193
 167 S   0.99999 0.00001 ( 1)  0.193
 168 A   0.99999 0.00001 ( 1)  0.193
 169 K   0.99999 0.00001 ( 1)  0.193
 170 H   0.99999 0.00001 ( 1)  0.193
 171 R   0.99999 0.00001 ( 1)  0.193
 172 V   0.99999 0.00001 ( 1)  0.193
 173 R   0.99999 0.00001 ( 1)  0.193
 174 E   0.99999 0.00001 ( 1)  0.193
 175 Y   0.99999 0.00001 ( 1)  0.193
 176 I   0.99999 0.00001 ( 1)  0.193
 177 I   0.99999 0.00001 ( 1)  0.193
 178 S   0.99999 0.00001 ( 1)  0.193
 179 K   0.99999 0.00001 ( 1)  0.193
 180 S   0.99999 0.00001 ( 1)  0.193
 181 R   0.99999 0.00001 ( 1)  0.193
 182 D   0.99999 0.00001 ( 1)  0.193
 183 H   0.99999 0.00001 ( 1)  0.193
 184 R   0.99999 0.00001 ( 1)  0.193
 185 P   0.99999 0.00001 ( 1)  0.193
 186 H   0.99999 0.00001 ( 1)  0.193
 187 P   0.99999 0.00001 ( 1)  0.193
 188 Y   0.99999 0.00001 ( 1)  0.193
 189 S   0.99999 0.00001 ( 1)  0.193
 190 P   0.99999 0.00001 ( 1)  0.193
 191 T   0.99999 0.00001 ( 1)  0.193
 192 H   0.99999 0.00001 ( 1)  0.193
 193 R   0.99999 0.00001 ( 1)  0.193
 194 S   0.99999 0.00001 ( 1)  0.193
 195 R   0.99999 0.00001 ( 1)  0.193
 196 D   0.99999 0.00001 ( 1)  0.193
 197 E   0.99999 0.00001 ( 1)  0.193
 198 Y   0.99999 0.00001 ( 1)  0.193
 199 D   0.99999 0.00001 ( 1)  0.193
 200 E   0.99999 0.00001 ( 1)  0.193
 201 Q   0.99999 0.00001 ( 1)  0.193
 202 H   0.99999 0.00001 ( 1)  0.193
 203 F   0.99999 0.00001 ( 1)  0.193
 204 G   0.99999 0.00001 ( 1)  0.193
 205 G   0.99999 0.00001 ( 1)  0.193
 206 A   0.99995 0.00005 ( 1)  0.193
 207 G   0.99999 0.00001 ( 1)  0.193
 208 V   0.99999 0.00001 ( 1)  0.193
 209 G   0.99999 0.00001 ( 1)  0.193
 210 G   0.99999 0.00001 ( 1)  0.193
 211 G   0.99999 0.00001 ( 1)  0.193
 212 G   0.99999 0.00001 ( 1)  0.193
 213 L   0.99999 0.00001 ( 1)  0.193
 214 G   0.99999 0.00001 ( 1)  0.193
 215 P   0.99999 0.00001 ( 1)  0.193
 216 P   0.99999 0.00001 ( 1)  0.193
 217 L   0.99999 0.00001 ( 1)  0.193
 218 G   0.99999 0.00001 ( 1)  0.193
 219 P   0.99999 0.00001 ( 1)  0.193
 220 R   0.99999 0.00001 ( 1)  0.193
 221 R   0.99999 0.00001 ( 1)  0.193
 222 A   0.99999 0.00001 ( 1)  0.193
 223 S   0.99999 0.00001 ( 1)  0.193
 224 S   0.99999 0.00001 ( 1)  0.193
 225 D   0.99999 0.00001 ( 1)  0.193
 226 T   0.99999 0.00001 ( 1)  0.193
 227 N   0.99999 0.00001 ( 1)  0.193
 228 I   0.99999 0.00001 ( 1)  0.193
 229 A   0.99999 0.00001 ( 1)  0.193
 230 E   0.99999 0.00001 ( 1)  0.193
 231 K   0.99999 0.00001 ( 1)  0.193
 232 L   0.99999 0.00001 ( 1)  0.193
 233 Q   0.99999 0.00001 ( 1)  0.193
 234 Q   0.99999 0.00001 ( 1)  0.193
 235 P   0.99999 0.00001 ( 1)  0.193
 236 G   0.99999 0.00001 ( 1)  0.193
 237 F   0.99999 0.00001 ( 1)  0.193
 238 A   0.99999 0.00001 ( 1)  0.193
 239 D   0.99999 0.00001 ( 1)  0.193
 240 F   0.99999 0.00001 ( 1)  0.193
 241 Y   0.99999 0.00001 ( 1)  0.193
 242 Y   0.99999 0.00001 ( 1)  0.193
 243 G   0.99999 0.00001 ( 1)  0.193
 244 A   0.99999 0.00001 ( 1)  0.193
 245 V   0.99999 0.00001 ( 1)  0.193
 246 G   0.99999 0.00001 ( 1)  0.193
 247 S   0.99999 0.00001 ( 1)  0.193
 248 D   0.99999 0.00001 ( 1)  0.193
 249 G   0.99999 0.00001 ( 1)  0.193
 250 Q   0.99999 0.00001 ( 1)  0.193
 251 Q   0.99999 0.00001 ( 1)  0.193
 252 F   0.99999 0.00001 ( 1)  0.193
 253 Q   0.99999 0.00001 ( 1)  0.193
 254 V   0.99999 0.00001 ( 1)  0.193
 255 Q   0.99999 0.00001 ( 1)  0.193
 256 Q   0.99999 0.00001 ( 1)  0.193
 257 Q   0.99999 0.00001 ( 1)  0.193
 258 M   0.99995 0.00005 ( 1)  0.193
 259 P   0.99999 0.00001 ( 1)  0.193
 260 P   0.99999 0.00001 ( 1)  0.193
 261 Q   0.99999 0.00001 ( 1)  0.193
 262 P   0.99999 0.00001 ( 1)  0.193
 263 I   0.99999 0.00001 ( 1)  0.193
 264 A   0.99999 0.00001 ( 1)  0.193
 265 V   0.99999 0.00001 ( 1)  0.193
 266 S   0.99999 0.00001 ( 1)  0.193
 267 M   0.99999 0.00001 ( 1)  0.193
 268 T   0.99999 0.00001 ( 1)  0.193
 269 S   0.99999 0.00001 ( 1)  0.193
 270 P   0.99999 0.00001 ( 1)  0.193
 271 L   0.99999 0.00001 ( 1)  0.193
 272 L   0.99999 0.00001 ( 1)  0.193
 273 Q   0.99999 0.00001 ( 1)  0.193
 274 Q   0.99999 0.00001 ( 1)  0.193
 275 Q   0.99999 0.00001 ( 1)  0.193
 276 L   0.99999 0.00001 ( 1)  0.193
 277 L   0.99999 0.00001 ( 1)  0.193
 278 L   0.99999 0.00001 ( 1)  0.193
 279 L   0.99999 0.00001 ( 1)  0.193
 280 Q   0.99999 0.00001 ( 1)  0.193
 281 Q   0.99999 0.00001 ( 1)  0.193
 282 Q   0.99999 0.00001 ( 1)  0.193
 283 Q   0.99999 0.00001 ( 1)  0.193
 284 Q   0.99999 0.00001 ( 1)  0.193
 285 Q   0.99999 0.00001 ( 1)  0.193
 286 Q   0.99999 0.00001 ( 1)  0.193
 287 Q   0.99999 0.00001 ( 1)  0.193
 288 Q   0.99999 0.00001 ( 1)  0.193
 289 Q   0.99999 0.00001 ( 1)  0.193
 290 Q   0.99999 0.00001 ( 1)  0.193
 291 P   0.99999 0.00001 ( 1)  0.193
 292 V   0.99999 0.00001 ( 1)  0.193
 293 M   0.99999 0.00001 ( 1)  0.193
 294 L   0.99999 0.00001 ( 1)  0.193
 295 Q   0.99999 0.00001 ( 1)  0.193
 296 S   0.99999 0.00001 ( 1)  0.193
 297 D   0.99999 0.00001 ( 1)  0.193
 298 M   0.99999 0.00001 ( 1)  0.193
 299 T   0.99999 0.00001 ( 1)  0.193
 300 K   0.99999 0.00001 ( 1)  0.193
 301 L   0.99999 0.00001 ( 1)  0.193
 302 S   0.99999 0.00001 ( 1)  0.193
 303 L   0.99999 0.00001 ( 1)  0.193
 304 A   0.99999 0.00001 ( 1)  0.193
 305 N   0.99999 0.00001 ( 1)  0.193
 306 Q   0.99999 0.00001 ( 1)  0.193
 307 P   0.99999 0.00001 ( 1)  0.193
 308 V   0.99999 0.00001 ( 1)  0.193
 309 Q   0.99999 0.00001 ( 1)  0.193
 310 S   0.99999 0.00001 ( 1)  0.193
 311 V   0.99999 0.00001 ( 1)  0.193
 312 N   0.99999 0.00001 ( 1)  0.193
 313 Q   0.99999 0.00001 ( 1)  0.193
 314 Q   0.99999 0.00001 ( 1)  0.193
 315 P   0.99999 0.00001 ( 1)  0.193
 316 S   0.99999 0.00001 ( 1)  0.193
 317 L   0.99999 0.00001 ( 1)  0.193
 318 V   0.99999 0.00001 ( 1)  0.193
 319 A   0.99999 0.00001 ( 1)  0.193
 320 A   0.99999 0.00001 ( 1)  0.193
 321 L   0.99999 0.00001 ( 1)  0.193
 322 L   0.99999 0.00001 ( 1)  0.193
 323 T   0.99999 0.00001 ( 1)  0.193
 324 A   0.99999 0.00001 ( 1)  0.193
 325 P   0.99999 0.00001 ( 1)  0.193
 326 G   0.99999 0.00001 ( 1)  0.193
 327 S   0.99999 0.00001 ( 1)  0.193
 328 S   0.99999 0.00001 ( 1)  0.193
 329 N   0.99999 0.00001 ( 1)  0.193
 330 C   0.99999 0.00001 ( 1)  0.193
 331 H   0.99999 0.00001 ( 1)  0.193
 332 S   0.99999 0.00001 ( 1)  0.193
 333 N   0.99999 0.00001 ( 1)  0.193
 334 S   0.99999 0.00001 ( 1)  0.193
 335 N   0.99999 0.00001 ( 1)  0.193
 336 N   0.99999 0.00001 ( 1)  0.193
 337 S   0.99999 0.00001 ( 1)  0.193
 338 G   0.99999 0.00001 ( 1)  0.193
 339 Q   0.99999 0.00001 ( 1)  0.193
 340 N   0.99999 0.00001 ( 1)  0.193
 341 Y   0.99999 0.00001 ( 1)  0.193
 342 R   0.99999 0.00001 ( 1)  0.193
 343 S   0.99999 0.00001 ( 1)  0.193
 344 S   0.99999 0.00001 ( 1)  0.193
 345 W   0.99999 0.00001 ( 1)  0.193
 346 H   0.99999 0.00001 ( 1)  0.193
 347 H   0.99999 0.00001 ( 1)  0.193
 348 Y   0.99999 0.00001 ( 1)  0.193
 349 Q   0.99999 0.00001 ( 1)  0.193
 350 M   0.99999 0.00001 ( 1)  0.193
 351 T   0.99999 0.00001 ( 1)  0.193
 352 Q   0.99999 0.00001 ( 1)  0.193
 353 S   0.99999 0.00001 ( 1)  0.193
 354 D   0.99999 0.00001 ( 1)  0.193
 355 E   0.99999 0.00001 ( 1)  0.193
 356 D   0.99999 0.00001 ( 1)  0.193
 357 L   0.99999 0.00001 ( 1)  0.193
 358 S   0.99999 0.00001 ( 1)  0.193
 359 G   0.99999 0.00001 ( 1)  0.193
 360 L   0.99999 0.00001 ( 1)  0.193
 361 A   0.99999 0.00001 ( 1)  0.193
 362 A   0.99999 0.00001 ( 1)  0.193
 363 S   0.99999 0.00001 ( 1)  0.193
 364 S   0.99999 0.00001 ( 1)  0.193
 365 P   0.99999 0.00001 ( 1)  0.193
 366 S   0.99999 0.00001 ( 1)  0.193
 367 A   0.99999 0.00001 ( 1)  0.193
 368 Q   0.99999 0.00001 ( 1)  0.193
 369 P   0.99999 0.00001 ( 1)  0.193
 370 P   0.99999 0.00001 ( 1)  0.193
 371 Q   0.99999 0.00001 ( 1)  0.193
 372 Q   0.99999 0.00001 ( 1)  0.193
 373 V   0.99999 0.00001 ( 1)  0.193
 374 A   0.99999 0.00001 ( 1)  0.193
 375 P   0.99999 0.00001 ( 1)  0.193
 376 G   0.99999 0.00001 ( 1)  0.193
 377 Q   0.99999 0.00001 ( 1)  0.193
 378 L   0.99999 0.00001 ( 1)  0.193
 379 V   0.99999 0.00001 ( 1)  0.193
 380 L   0.99999 0.00001 ( 1)  0.193
 381 P   0.99999 0.00001 ( 1)  0.193
 382 Q   0.99999 0.00001 ( 1)  0.193
 383 S   0.99999 0.00001 ( 1)  0.193
 384 P   0.99999 0.00001 ( 1)  0.193
 385 T   0.99999 0.00001 ( 1)  0.193
 386 G   0.99999 0.00001 ( 1)  0.193
 387 P   0.99999 0.00001 ( 1)  0.193
 388 I   0.99999 0.00001 ( 1)  0.193
 389 P   0.99999 0.00001 ( 1)  0.193
 390 D   0.99999 0.00001 ( 1)  0.193
 391 I   0.99999 0.00001 ( 1)  0.193
 392 R   0.99999 0.00001 ( 1)  0.193
 393 V   0.99999 0.00001 ( 1)  0.193
 394 T   0.99999 0.00001 ( 1)  0.193
 395 P   0.99999 0.00001 ( 1)  0.193
 396 I   0.99999 0.00001 ( 1)  0.193
 397 S   0.99999 0.00001 ( 1)  0.193
 398 Q   0.99999 0.00001 ( 1)  0.193
 399 A   0.99999 0.00001 ( 1)  0.193
 400 A   0.99999 0.00001 ( 1)  0.193
 401 D   0.99995 0.00005 ( 1)  0.193
 402 M   0.99999 0.00001 ( 1)  0.193
 403 P   0.99999 0.00001 ( 1)  0.193
 404 P   0.99999 0.00001 ( 1)  0.193
 405 P   0.99999 0.00001 ( 1)  0.193
 406 P   0.99999 0.00001 ( 1)  0.193
 407 P   0.99999 0.00001 ( 1)  0.193
 408 P   0.99999 0.00001 ( 1)  0.193
 409 M   0.99999 0.00001 ( 1)  0.193
 410 Q   0.99999 0.00001 ( 1)  0.193
 411 Q   0.99999 0.00001 ( 1)  0.193
 412 P   0.99999 0.00001 ( 1)  0.193
 413 P   0.99999 0.00001 ( 1)  0.193
 414 P   0.99999 0.00001 ( 1)  0.193
 415 L   0.99999 0.00001 ( 1)  0.193
 416 T   0.99999 0.00001 ( 1)  0.193
 417 T   0.99999 0.00001 ( 1)  0.193
 418 V   0.99999 0.00001 ( 1)  0.193
 419 S   0.99999 0.00001 ( 1)  0.193
 420 M   0.99999 0.00001 ( 1)  0.193
 421 T   0.99999 0.00001 ( 1)  0.193
 422 A   0.99999 0.00001 ( 1)  0.193
 423 Y   0.99999 0.00001 ( 1)  0.193
 424 A   0.99999 0.00001 ( 1)  0.193
 425 N   0.99999 0.00001 ( 1)  0.193
 426 S   0.99995 0.00005 ( 1)  0.193
 427 D   0.99999 0.00001 ( 1)  0.193
 428 L   0.99999 0.00001 ( 1)  0.193
 429 T   0.99999 0.00001 ( 1)  0.193
 430 Q   0.99999 0.00001 ( 1)  0.193
 431 Q   0.99999 0.00001 ( 1)  0.193
 432 H   0.99999 0.00001 ( 1)  0.193
 433 L   0.99999 0.00001 ( 1)  0.193
 434 D   0.99999 0.00001 ( 1)  0.193
 435 N   0.99999 0.00001 ( 1)  0.193
 436 S   0.99999 0.00001 ( 1)  0.193
 437 C   0.99999 0.00001 ( 1)  0.193
 438 G   0.99999 0.00001 ( 1)  0.193
 439 V   0.99999 0.00001 ( 1)  0.193
 440 R   0.99999 0.00001 ( 1)  0.193
 441 R   0.99999 0.00001 ( 1)  0.193
 442 D   0.99999 0.00001 ( 1)  0.193
 443 S   0.99999 0.00001 ( 1)  0.193
 444 Y   0.99999 0.00001 ( 1)  0.193
 445 T   0.99999 0.00001 ( 1)  0.193
 446 M   0.99999 0.00001 ( 1)  0.193
 447 A   0.99999 0.00001 ( 1)  0.193
 448 T   0.99999 0.00001 ( 1)  0.193
 449 E   0.99999 0.00001 ( 1)  0.193
 450 V   0.99999 0.00001 ( 1)  0.193
 451 L   0.99999 0.00001 ( 1)  0.193
 452 A   0.99999 0.00001 ( 1)  0.193
 453 S   0.99999 0.00001 ( 1)  0.193
 454 L   0.99999 0.00001 ( 1)  0.193
 455 A   0.99999 0.00001 ( 1)  0.193
 456 T   0.99999 0.00001 ( 1)  0.193
 457 A   0.99999 0.00001 ( 1)  0.193
 458 A   0.99999 0.00001 ( 1)  0.193
 459 P   0.99999 0.00001 ( 1)  0.193
 460 P   0.99999 0.00001 ( 1)  0.193
 461 A   0.99999 0.00001 ( 1)  0.193
 462 G   0.99999 0.00001 ( 1)  0.193
 463 L   0.99999 0.00001 ( 1)  0.193
 464 D   0.99999 0.00001 ( 1)  0.193
 465 S   0.99999 0.00001 ( 1)  0.193
 466 K   0.99999 0.00001 ( 1)  0.193
 467 M   0.99999 0.00001 ( 1)  0.193
 468 N   0.99999 0.00001 ( 1)  0.193
 469 G   0.99999 0.00001 ( 1)  0.193
 470 D   0.99999 0.00001 ( 1)  0.193
 471 Q   0.99999 0.00001 ( 1)  0.193
 472 G   0.99999 0.00001 ( 1)  0.193
 473 G   0.99999 0.00001 ( 1)  0.193
 474 G   0.99999 0.00001 ( 1)  0.193
 475 F   0.99999 0.00001 ( 1)  0.193
 476 T   0.99999 0.00001 ( 1)  0.193
 477 F   0.99999 0.00001 ( 1)  0.193


lnL = -2029.451375

