Supplemental results for CODEML (seqf: algn  treef: tree)


dN/dS (w) for site classes (K=3)

p:   1.00000  0.00000  0.00000
w:   0.15857  1.00000  1.00000

Naive Empirical Bayes (NEB) probabilities for 3 classes & postmean_w
(amino acids refer to 1st sequence: Mlig.26495)

   1 L   1.00000 0.00000 0.00000 ( 1)  0.159
   2 P   1.00000 0.00000 0.00000 ( 1)  0.159
   3 V   1.00000 0.00000 0.00000 ( 1)  0.159
   4 A   1.00000 0.00000 0.00000 ( 1)  0.159
   5 D   1.00000 0.00000 0.00000 ( 1)  0.159
   6 T   1.00000 0.00000 0.00000 ( 1)  0.159
   7 R   1.00000 0.00000 0.00000 ( 1)  0.159
   8 P   1.00000 0.00000 0.00000 ( 1)  0.159
   9 T   1.00000 0.00000 0.00000 ( 1)  0.159
  10 E   1.00000 0.00000 0.00000 ( 1)  0.159
  11 T   1.00000 0.00000 0.00000 ( 1)  0.159
  12 N   1.00000 0.00000 0.00000 ( 1)  0.159
  13 K   1.00000 0.00000 0.00000 ( 1)  0.159
  14 A   1.00000 0.00000 0.00000 ( 1)  0.159
  15 S   1.00000 0.00000 0.00000 ( 1)  0.159
  16 M   1.00000 0.00000 0.00000 ( 1)  0.159
  17 S   1.00000 0.00000 0.00000 ( 1)  0.159
  18 Y   1.00000 0.00000 0.00000 ( 1)  0.159
  19 R   1.00000 0.00000 0.00000 ( 1)  0.159
  20 K   1.00000 0.00000 0.00000 ( 1)  0.159
  21 L   1.00000 0.00000 0.00000 ( 1)  0.159
  22 F   1.00000 0.00000 0.00000 ( 1)  0.159
  23 S   1.00000 0.00000 0.00000 ( 1)  0.159
  24 A   1.00000 0.00000 0.00000 ( 1)  0.159
  25 C   1.00000 0.00000 0.00000 ( 1)  0.159
  26 L   1.00000 0.00000 0.00000 ( 1)  0.159
  27 S   1.00000 0.00000 0.00000 ( 1)  0.159
  28 L   1.00000 0.00000 0.00000 ( 1)  0.159
  29 R   1.00000 0.00000 0.00000 ( 1)  0.159
  30 G   1.00000 0.00000 0.00000 ( 1)  0.159
  31 N   1.00000 0.00000 0.00000 ( 1)  0.159
  32 N   1.00000 0.00000 0.00000 ( 1)  0.159
  33 G   1.00000 0.00000 0.00000 ( 1)  0.159
  34 S   1.00000 0.00000 0.00000 ( 1)  0.159
  35 A   1.00000 0.00000 0.00000 ( 1)  0.159
  36 D   1.00000 0.00000 0.00000 ( 1)  0.159
  37 S   1.00000 0.00000 0.00000 ( 1)  0.159
  38 E   1.00000 0.00000 0.00000 ( 1)  0.159
  39 E   1.00000 0.00000 0.00000 ( 1)  0.159
  40 T   1.00000 0.00000 0.00000 ( 1)  0.159
  41 H   1.00000 0.00000 0.00000 ( 1)  0.159
  42 G   1.00000 0.00000 0.00000 ( 1)  0.159
  43 P   1.00000 0.00000 0.00000 ( 1)  0.159
  44 H   1.00000 0.00000 0.00000 ( 1)  0.159
  45 L   1.00000 0.00000 0.00000 ( 1)  0.159
  46 P   1.00000 0.00000 0.00000 ( 1)  0.159
  47 D   1.00000 0.00000 0.00000 ( 1)  0.159
  48 P   1.00000 0.00000 0.00000 ( 1)  0.159
  49 S   1.00000 0.00000 0.00000 ( 1)  0.159
  50 Q   1.00000 0.00000 0.00000 ( 1)  0.159
  51 Q   1.00000 0.00000 0.00000 ( 1)  0.159
  52 P   1.00000 0.00000 0.00000 ( 1)  0.159
  53 S   1.00000 0.00000 0.00000 ( 1)  0.159
  54 S   1.00000 0.00000 0.00000 ( 1)  0.159
  55 G   1.00000 0.00000 0.00000 ( 1)  0.159
  56 S   1.00000 0.00000 0.00000 ( 1)  0.159
  57 S   1.00000 0.00000 0.00000 ( 1)  0.159
  58 K   1.00000 0.00000 0.00000 ( 1)  0.159
  59 G   1.00000 0.00000 0.00000 ( 1)  0.159
  60 S   1.00000 0.00000 0.00000 ( 1)  0.159
  61 D   1.00000 0.00000 0.00000 ( 1)  0.159
  62 D   1.00000 0.00000 0.00000 ( 1)  0.159
  63 N   1.00000 0.00000 0.00000 ( 1)  0.159
  64 K   1.00000 0.00000 0.00000 ( 1)  0.159
  65 G   1.00000 0.00000 0.00000 ( 1)  0.159
  66 S   1.00000 0.00000 0.00000 ( 1)  0.159
  67 S   1.00000 0.00000 0.00000 ( 1)  0.159
  68 S   1.00000 0.00000 0.00000 ( 1)  0.159
  69 T   1.00000 0.00000 0.00000 ( 1)  0.159
  70 R   1.00000 0.00000 0.00000 ( 1)  0.159
  71 C   1.00000 0.00000 0.00000 ( 1)  0.159
  72 R   1.00000 0.00000 0.00000 ( 1)  0.159
  73 R   1.00000 0.00000 0.00000 ( 1)  0.159
  74 R   1.00000 0.00000 0.00000 ( 1)  0.159
  75 R   1.00000 0.00000 0.00000 ( 1)  0.159
  76 E   1.00000 0.00000 0.00000 ( 1)  0.159
  77 R   1.00000 0.00000 0.00000 ( 1)  0.159
  78 C   1.00000 0.00000 0.00000 ( 1)  0.159
  79 P   1.00000 0.00000 0.00000 ( 1)  0.159
  80 K   1.00000 0.00000 0.00000 ( 1)  0.159
  81 C   1.00000 0.00000 0.00000 ( 1)  0.159
  82 R   1.00000 0.00000 0.00000 ( 1)  0.159
  83 G   1.00000 0.00000 0.00000 ( 1)  0.159
  84 L   1.00000 0.00000 0.00000 ( 1)  0.159
  85 L   1.00000 0.00000 0.00000 ( 1)  0.159
  86 P   1.00000 0.00000 0.00000 ( 1)  0.159
  87 V   1.00000 0.00000 0.00000 ( 1)  0.159
  88 A   1.00000 0.00000 0.00000 ( 1)  0.159
  89 A   1.00000 0.00000 0.00000 ( 1)  0.159
  90 E   1.00000 0.00000 0.00000 ( 1)  0.159
  91 Q   1.00000 0.00000 0.00000 ( 1)  0.159
  92 R   1.00000 0.00000 0.00000 ( 1)  0.159
  93 H   1.00000 0.00000 0.00000 ( 1)  0.159
  94 R   1.00000 0.00000 0.00000 ( 1)  0.159
  95 R   1.00000 0.00000 0.00000 ( 1)  0.159
  96 L   1.00000 0.00000 0.00000 ( 1)  0.159
  97 K   1.00000 0.00000 0.00000 ( 1)  0.159
  98 T   1.00000 0.00000 0.00000 ( 1)  0.159
  99 T   1.00000 0.00000 0.00000 ( 1)  0.159
 100 D   1.00000 0.00000 0.00000 ( 1)  0.159
 101 T   1.00000 0.00000 0.00000 ( 1)  0.159
 102 S   1.00000 0.00000 0.00000 ( 1)  0.159
 103 P   1.00000 0.00000 0.00000 ( 1)  0.159
 104 L   1.00000 0.00000 0.00000 ( 1)  0.159
 105 P   1.00000 0.00000 0.00000 ( 1)  0.159
 106 Q   1.00000 0.00000 0.00000 ( 1)  0.159
 107 P   1.00000 0.00000 0.00000 ( 1)  0.159
 108 V   1.00000 0.00000 0.00000 ( 1)  0.159
 109 L   1.00000 0.00000 0.00000 ( 1)  0.159
 110 V   1.00000 0.00000 0.00000 ( 1)  0.159
 111 P   1.00000 0.00000 0.00000 ( 1)  0.159
 112 V   1.00000 0.00000 0.00000 ( 1)  0.159
 113 G   1.00000 0.00000 0.00000 ( 1)  0.159
 114 F   1.00000 0.00000 0.00000 ( 1)  0.159
 115 R   1.00000 0.00000 0.00000 ( 1)  0.159
 116 R   1.00000 0.00000 0.00000 ( 1)  0.159
 117 G   1.00000 0.00000 0.00000 ( 1)  0.159
 118 N   1.00000 0.00000 0.00000 ( 1)  0.159
 119 R   1.00000 0.00000 0.00000 ( 1)  0.159
 120 A   1.00000 0.00000 0.00000 ( 1)  0.159
 121 E   1.00000 0.00000 0.00000 ( 1)  0.159
 122 A   1.00000 0.00000 0.00000 ( 1)  0.159
 123 K   1.00000 0.00000 0.00000 ( 1)  0.159
 124 E   1.00000 0.00000 0.00000 ( 1)  0.159
 125 D   1.00000 0.00000 0.00000 ( 1)  0.159
 126 S   1.00000 0.00000 0.00000 ( 1)  0.159
 127 G   1.00000 0.00000 0.00000 ( 1)  0.159
 128 C   1.00000 0.00000 0.00000 ( 1)  0.159
 129 Y   1.00000 0.00000 0.00000 ( 1)  0.159
 130 D   1.00000 0.00000 0.00000 ( 1)  0.159
 131 Q   1.00000 0.00000 0.00000 ( 1)  0.159
 132 L   1.00000 0.00000 0.00000 ( 1)  0.159
 133 Q   1.00000 0.00000 0.00000 ( 1)  0.159
 134 A   1.00000 0.00000 0.00000 ( 1)  0.159
 135 S   1.00000 0.00000 0.00000 ( 1)  0.159
 136 Q   1.00000 0.00000 0.00000 ( 1)  0.159
 137 P   1.00000 0.00000 0.00000 ( 1)  0.159
 138 V   1.00000 0.00000 0.00000 ( 1)  0.159
 139 V   1.00000 0.00000 0.00000 ( 1)  0.159
 140 R   1.00000 0.00000 0.00000 ( 1)  0.159
 141 D   1.00000 0.00000 0.00000 ( 1)  0.159
 142 R   1.00000 0.00000 0.00000 ( 1)  0.159
 143 H   1.00000 0.00000 0.00000 ( 1)  0.159
 144 R   1.00000 0.00000 0.00000 ( 1)  0.159
 145 R   1.00000 0.00000 0.00000 ( 1)  0.159
 146 Q   1.00000 0.00000 0.00000 ( 1)  0.159
 147 Q   1.00000 0.00000 0.00000 ( 1)  0.159
 148 A   1.00000 0.00000 0.00000 ( 1)  0.159
 149 C   1.00000 0.00000 0.00000 ( 1)  0.159
 150 E   1.00000 0.00000 0.00000 ( 1)  0.159
 151 D   1.00000 0.00000 0.00000 ( 1)  0.159
 152 S   1.00000 0.00000 0.00000 ( 1)  0.159
 153 G   1.00000 0.00000 0.00000 ( 1)  0.159
 154 I   1.00000 0.00000 0.00000 ( 1)  0.159
 155 E   1.00000 0.00000 0.00000 ( 1)  0.159
 156 D   1.00000 0.00000 0.00000 ( 1)  0.159
 157 T   1.00000 0.00000 0.00000 ( 1)  0.159
 158 S   1.00000 0.00000 0.00000 ( 1)  0.159
 159 S   1.00000 0.00000 0.00000 ( 1)  0.159
 160 G   1.00000 0.00000 0.00000 ( 1)  0.159
 161 A   1.00000 0.00000 0.00000 ( 1)  0.159
 162 L   1.00000 0.00000 0.00000 ( 1)  0.159
 163 E   1.00000 0.00000 0.00000 ( 1)  0.159
 164 T   1.00000 0.00000 0.00000 ( 1)  0.159
 165 S   1.00000 0.00000 0.00000 ( 1)  0.159
 166 A   1.00000 0.00000 0.00000 ( 1)  0.159
 167 V   1.00000 0.00000 0.00000 ( 1)  0.159
 168 S   1.00000 0.00000 0.00000 ( 1)  0.159
 169 P   1.00000 0.00000 0.00000 ( 1)  0.159
 170 P   1.00000 0.00000 0.00000 ( 1)  0.159
 171 S   1.00000 0.00000 0.00000 ( 1)  0.159
 172 S   1.00000 0.00000 0.00000 ( 1)  0.159
 173 L   1.00000 0.00000 0.00000 ( 1)  0.159
 174 Q   1.00000 0.00000 0.00000 ( 1)  0.159
 175 P   1.00000 0.00000 0.00000 ( 1)  0.159
 176 L   1.00000 0.00000 0.00000 ( 1)  0.159
 177 P   1.00000 0.00000 0.00000 ( 1)  0.159
 178 A   1.00000 0.00000 0.00000 ( 1)  0.159
 179 K   1.00000 0.00000 0.00000 ( 1)  0.159
 180 P   1.00000 0.00000 0.00000 ( 1)  0.159
 181 S   1.00000 0.00000 0.00000 ( 1)  0.159
 182 S   1.00000 0.00000 0.00000 ( 1)  0.159
 183 T   1.00000 0.00000 0.00000 ( 1)  0.159
 184 S   1.00000 0.00000 0.00000 ( 1)  0.159
 185 G   1.00000 0.00000 0.00000 ( 1)  0.159
 186 S   1.00000 0.00000 0.00000 ( 1)  0.159
 187 D   1.00000 0.00000 0.00000 ( 1)  0.159
 188 S   1.00000 0.00000 0.00000 ( 1)  0.159
 189 S   1.00000 0.00000 0.00000 ( 1)  0.159
 190 A   1.00000 0.00000 0.00000 ( 1)  0.159
 191 A   1.00000 0.00000 0.00000 ( 1)  0.159
 192 L   1.00000 0.00000 0.00000 ( 1)  0.159
 193 I   1.00000 0.00000 0.00000 ( 1)  0.159
 194 A   1.00000 0.00000 0.00000 ( 1)  0.159
 195 Q   1.00000 0.00000 0.00000 ( 1)  0.159
 196 L   1.00000 0.00000 0.00000 ( 1)  0.159
 197 T   1.00000 0.00000 0.00000 ( 1)  0.159
 198 Q   1.00000 0.00000 0.00000 ( 1)  0.159
 199 Q   1.00000 0.00000 0.00000 ( 1)  0.159
 200 T   1.00000 0.00000 0.00000 ( 1)  0.159
 201 R   1.00000 0.00000 0.00000 ( 1)  0.159
 202 W   1.00000 0.00000 0.00000 ( 1)  0.159
 203 V   1.00000 0.00000 0.00000 ( 1)  0.159
 204 P   1.00000 0.00000 0.00000 ( 1)  0.159
 205 R   1.00000 0.00000 0.00000 ( 1)  0.159
 206 L   1.00000 0.00000 0.00000 ( 1)  0.159
 207 P   1.00000 0.00000 0.00000 ( 1)  0.159
 208 N   1.00000 0.00000 0.00000 ( 1)  0.159
 209 R   1.00000 0.00000 0.00000 ( 1)  0.159
 210 Q   1.00000 0.00000 0.00000 ( 1)  0.159
 211 A   1.00000 0.00000 0.00000 ( 1)  0.159
 212 P   1.00000 0.00000 0.00000 ( 1)  0.159
 213 F   1.00000 0.00000 0.00000 ( 1)  0.159
 214 D   1.00000 0.00000 0.00000 ( 1)  0.159
 215 E   1.00000 0.00000 0.00000 ( 1)  0.159
 216 M   1.00000 0.00000 0.00000 ( 1)  0.159
 217 S   1.00000 0.00000 0.00000 ( 1)  0.159
 218 Q   1.00000 0.00000 0.00000 ( 1)  0.159
 219 Q   1.00000 0.00000 0.00000 ( 1)  0.159
 220 R   1.00000 0.00000 0.00000 ( 1)  0.159
 221 F   1.00000 0.00000 0.00000 ( 1)  0.159
 222 L   1.00000 0.00000 0.00000 ( 1)  0.159
 223 A   1.00000 0.00000 0.00000 ( 1)  0.159
 224 A   1.00000 0.00000 0.00000 ( 1)  0.159
 225 K   1.00000 0.00000 0.00000 ( 1)  0.159
 226 R   1.00000 0.00000 0.00000 ( 1)  0.159
 227 L   1.00000 0.00000 0.00000 ( 1)  0.159
 228 A   1.00000 0.00000 0.00000 ( 1)  0.159
 229 L   1.00000 0.00000 0.00000 ( 1)  0.159
 230 Q   1.00000 0.00000 0.00000 ( 1)  0.159
 231 C   1.00000 0.00000 0.00000 ( 1)  0.159
 232 D   1.00000 0.00000 0.00000 ( 1)  0.159
 233 A   1.00000 0.00000 0.00000 ( 1)  0.159
 234 E   1.00000 0.00000 0.00000 ( 1)  0.159
 235 R   1.00000 0.00000 0.00000 ( 1)  0.159
 236 F   1.00000 0.00000 0.00000 ( 1)  0.159
 237 G   1.00000 0.00000 0.00000 ( 1)  0.159
 238 K   1.00000 0.00000 0.00000 ( 1)  0.159
 239 N   1.00000 0.00000 0.00000 ( 1)  0.159

Positively selected sites

	Prob(w>1)  mean w



lnL = -1010.876423

Bayes Empirical Bayes (BEB) probabilities for 3 classes (class) & postmean_w
(amino acids refer to 1st sequence: Mlig.26495)

   1 L   0.84801 0.10604 0.04594 ( 1)  0.335 +-  0.718
   2 P   0.84081 0.10866 0.05052 ( 1)  0.356 +-  0.787
   3 V   0.84920 0.10560 0.04520 ( 1)  0.331 +-  0.706
   4 A   0.84113 0.10856 0.05031 ( 1)  0.355 +-  0.783
   5 D   0.85290 0.10406 0.04305 ( 1)  0.322 +-  0.677
   6 T   0.84118 0.10855 0.05027 ( 1)  0.355 +-  0.782
   7 R   0.84202 0.10827 0.04971 ( 1)  0.352 +-  0.773
   8 P   0.84081 0.10866 0.05052 ( 1)  0.356 +-  0.787
   9 T   0.84970 0.10535 0.04495 ( 1)  0.330 +-  0.704
  10 E   0.31882 0.30495 0.37623 ( 3)  1.844 +-  2.282
  11 T   0.84118 0.10855 0.05027 ( 1)  0.355 +-  0.782
  12 N   0.85204 0.10445 0.04351 ( 1)  0.324 +-  0.682
  13 K   0.84304 0.10792 0.04905 ( 1)  0.349 +-  0.763
  14 A   0.84113 0.10856 0.05031 ( 1)  0.355 +-  0.783
  15 S   0.85183 0.10454 0.04363 ( 1)  0.324 +-  0.684
  16 M   0.85040 0.10516 0.04444 ( 1)  0.328 +-  0.694
  17 S   0.85183 0.10454 0.04363 ( 1)  0.324 +-  0.684
  18 Y   0.84092 0.10866 0.05042 ( 1)  0.355 +-  0.784
  19 R   0.83944 0.10913 0.05143 ( 1)  0.360 +-  0.800
  20 K   0.85139 0.10470 0.04391 ( 1)  0.325 +-  0.688
  21 L   0.84801 0.10604 0.04594 ( 1)  0.335 +-  0.718
  22 F   0.84666 0.10661 0.04672 ( 1)  0.338 +-  0.727
  23 S   0.85183 0.10454 0.04363 ( 1)  0.324 +-  0.684
  24 A   0.84953 0.10538 0.04509 ( 1)  0.331 +-  0.708
  25 C   0.84983 0.10538 0.04480 ( 1)  0.329 +-  0.700
  26 L   0.84121 0.10856 0.05023 ( 1)  0.354 +-  0.781
  27 S   0.84013 0.10892 0.05095 ( 1)  0.358 +-  0.793
  28 L   0.84801 0.10604 0.04594 ( 1)  0.335 +-  0.718
  29 R   0.85048 0.10500 0.04452 ( 1)  0.328 +-  0.699
  30 G   0.85062 0.10497 0.04441 ( 1)  0.328 +-  0.697
  31 N   0.85204 0.10445 0.04351 ( 1)  0.324 +-  0.682
  32 N   0.84346 0.10777 0.04877 ( 1)  0.348 +-  0.759
  33 G   0.85062 0.10497 0.04441 ( 1)  0.328 +-  0.697
  34 S   0.84013 0.10892 0.05095 ( 1)  0.358 +-  0.793
  35 A   0.84113 0.10856 0.05031 ( 1)  0.355 +-  0.783
  36 D   0.85290 0.10406 0.04305 ( 1)  0.322 +-  0.677
  37 S   0.84095 0.10864 0.05040 ( 1)  0.355 +-  0.784
  38 E   0.85226 0.10431 0.04343 ( 1)  0.323 +-  0.683
  39 E   0.84382 0.10763 0.04855 ( 1)  0.347 +-  0.756
  40 T   0.84118 0.10855 0.05027 ( 1)  0.355 +-  0.782
  41 H   0.84451 0.10738 0.04811 ( 1)  0.345 +-  0.749
  42 G   0.85062 0.10497 0.04441 ( 1)  0.328 +-  0.697
  43 P   0.84905 0.10554 0.04541 ( 1)  0.332 +-  0.713
  44 H   0.84451 0.10738 0.04811 ( 1)  0.345 +-  0.749
  45 L   0.84021 0.10889 0.05090 ( 1)  0.358 +-  0.792
  46 P   0.84897 0.10559 0.04544 ( 1)  0.333 +-  0.714
  47 D   0.85290 0.10406 0.04305 ( 1)  0.322 +-  0.677
  48 P   0.84889 0.10561 0.04550 ( 1)  0.333 +-  0.714
  49 S   0.84330 0.10782 0.04887 ( 1)  0.348 +-  0.761
  50 Q   0.85006 0.10520 0.04474 ( 1)  0.329 +-  0.702
  51 Q   0.84291 0.10795 0.04914 ( 1)  0.349 +-  0.765
  52 P   0.84889 0.10561 0.04550 ( 1)  0.333 +-  0.714
  53 S   0.85183 0.10454 0.04363 ( 1)  0.324 +-  0.684
  54 S   0.84330 0.10782 0.04887 ( 1)  0.348 +-  0.761
  55 G   0.84167 0.10838 0.04995 ( 1)  0.353 +-  0.778
  56 S   0.85183 0.10454 0.04363 ( 1)  0.324 +-  0.684
  57 S   0.85183 0.10454 0.04363 ( 1)  0.324 +-  0.684
  58 K   0.84304 0.10792 0.04905 ( 1)  0.349 +-  0.763
  59 G   0.85062 0.10497 0.04441 ( 1)  0.328 +-  0.697
  60 S   0.85183 0.10454 0.04363 ( 1)  0.324 +-  0.684
  61 D   0.85290 0.10406 0.04305 ( 1)  0.322 +-  0.677
  62 D   0.85290 0.10406 0.04305 ( 1)  0.322 +-  0.677
  63 N   0.84715 0.10616 0.04670 ( 1)  0.339 +-  0.736
  64 K   0.84304 0.10792 0.04905 ( 1)  0.349 +-  0.763
  65 G   0.84167 0.10838 0.04995 ( 1)  0.353 +-  0.778
  66 S   0.84867 0.10580 0.04553 ( 1)  0.333 +-  0.711
  67 S   0.84095 0.10864 0.05040 ( 1)  0.355 +-  0.784
  68 S   0.84013 0.10892 0.05095 ( 1)  0.358 +-  0.793
  69 T   0.84970 0.10535 0.04495 ( 1)  0.330 +-  0.704
  70 R   0.84202 0.10827 0.04971 ( 1)  0.352 +-  0.773
  71 C   0.84983 0.10538 0.04480 ( 1)  0.329 +-  0.700
  72 R   0.84461 0.10726 0.04813 ( 1)  0.345 +-  0.752
  73 R   0.84202 0.10827 0.04971 ( 1)  0.352 +-  0.773
  74 R   0.84945 0.10538 0.04516 ( 1)  0.331 +-  0.710
  75 R   0.84945 0.10538 0.04516 ( 1)  0.331 +-  0.710
  76 E   0.84382 0.10763 0.04855 ( 1)  0.347 +-  0.756
  77 R   0.83944 0.10913 0.05143 ( 1)  0.360 +-  0.800
  78 C   0.84983 0.10538 0.04480 ( 1)  0.329 +-  0.700
  79 P   0.84889 0.10561 0.04550 ( 1)  0.333 +-  0.714
  80 K   0.85139 0.10470 0.04391 ( 1)  0.325 +-  0.688
  81 C   0.84983 0.10538 0.04480 ( 1)  0.329 +-  0.700
  82 R   0.84619 0.10669 0.04712 ( 1)  0.340 +-  0.737
  83 G   0.85080 0.10489 0.04431 ( 1)  0.327 +-  0.696
  84 L   0.84801 0.10604 0.04594 ( 1)  0.335 +-  0.718
  85 L   0.84801 0.10604 0.04594 ( 1)  0.335 +-  0.718
  86 P   0.84081 0.10866 0.05052 ( 1)  0.356 +-  0.787
  87 V   0.30688 0.29949 0.39363 ( 3)  1.936 +-  2.355
  88 A   0.84971 0.10531 0.04499 ( 1)  0.330 +-  0.706
  89 A   0.84971 0.10531 0.04499 ( 1)  0.330 +-  0.706
  90 E   0.85226 0.10431 0.04343 ( 1)  0.323 +-  0.683
  91 Q   0.85006 0.10520 0.04474 ( 1)  0.329 +-  0.702
  92 R   0.84945 0.10538 0.04516 ( 1)  0.331 +-  0.710
  93 H   0.85299 0.10399 0.04302 ( 1)  0.322 +-  0.677
  94 R   0.85048 0.10500 0.04452 ( 1)  0.328 +-  0.699
  95 R   0.84945 0.10538 0.04516 ( 1)  0.331 +-  0.710
  96 L   0.84801 0.10604 0.04594 ( 1)  0.335 +-  0.718
  97 K   0.85139 0.10470 0.04391 ( 1)  0.325 +-  0.688
  98 T   0.84988 0.10528 0.04484 ( 1)  0.330 +-  0.703
  99 T   0.84970 0.10535 0.04495 ( 1)  0.330 +-  0.704
 100 D   0.85290 0.10406 0.04305 ( 1)  0.322 +-  0.677
 101 T   0.84118 0.10855 0.05027 ( 1)  0.355 +-  0.782
 102 S   0.84867 0.10580 0.04553 ( 1)  0.333 +-  0.711
 103 P   0.84905 0.10554 0.04541 ( 1)  0.332 +-  0.713
 104 L   0.84801 0.10604 0.04594 ( 1)  0.335 +-  0.718
 105 P   0.84905 0.10554 0.04541 ( 1)  0.332 +-  0.713
 106 Q   0.85006 0.10520 0.04474 ( 1)  0.329 +-  0.702
 107 P   0.84905 0.10554 0.04541 ( 1)  0.332 +-  0.713
 108 V   0.84088 0.10867 0.05045 ( 1)  0.356 +-  0.785
 109 L   0.84801 0.10604 0.04594 ( 1)  0.335 +-  0.718
 110 V   0.84088 0.10867 0.05045 ( 1)  0.356 +-  0.785
 111 P   0.84905 0.10554 0.04541 ( 1)  0.332 +-  0.713
 112 V   0.84920 0.10560 0.04520 ( 1)  0.331 +-  0.706
 113 G   0.85062 0.10497 0.04441 ( 1)  0.328 +-  0.697
 114 F   0.84666 0.10661 0.04672 ( 1)  0.338 +-  0.727
 115 R   0.84945 0.10538 0.04516 ( 1)  0.331 +-  0.710
 116 R   0.84945 0.10538 0.04516 ( 1)  0.331 +-  0.710
 117 G   0.84127 0.10851 0.05021 ( 1)  0.354 +-  0.782
 118 N   0.85204 0.10445 0.04351 ( 1)  0.324 +-  0.682
 119 R   0.85048 0.10500 0.04452 ( 1)  0.328 +-  0.699
 120 A   0.84953 0.10538 0.04509 ( 1)  0.331 +-  0.708
 121 E   0.84382 0.10763 0.04855 ( 1)  0.347 +-  0.756
 122 A   0.84971 0.10531 0.04499 ( 1)  0.330 +-  0.706
 123 K   0.85139 0.10470 0.04391 ( 1)  0.325 +-  0.688
 124 E   0.85226 0.10431 0.04343 ( 1)  0.323 +-  0.683
 125 D   0.85290 0.10406 0.04305 ( 1)  0.322 +-  0.677
 126 S   0.84934 0.10555 0.04511 ( 1)  0.331 +-  0.705
 127 G   0.84167 0.10838 0.04995 ( 1)  0.353 +-  0.778
 128 C   0.84983 0.10538 0.04480 ( 1)  0.329 +-  0.700
 129 Y   0.84092 0.10866 0.05042 ( 1)  0.355 +-  0.784
 130 D   0.84424 0.10748 0.04828 ( 1)  0.345 +-  0.752
 131 Q   0.85006 0.10520 0.04474 ( 1)  0.329 +-  0.702
 132 L   0.84119 0.10856 0.05025 ( 1)  0.355 +-  0.782
 133 Q   0.85006 0.10520 0.04474 ( 1)  0.329 +-  0.702
 134 A   0.84971 0.10531 0.04499 ( 1)  0.330 +-  0.706
 135 S   0.84934 0.10555 0.04511 ( 1)  0.331 +-  0.705
 136 Q   0.85006 0.10520 0.04474 ( 1)  0.329 +-  0.702
 137 P   0.84081 0.10866 0.05052 ( 1)  0.356 +-  0.787
 138 V   0.84920 0.10560 0.04520 ( 1)  0.331 +-  0.706
 139 V   0.84088 0.10867 0.05045 ( 1)  0.356 +-  0.785
 140 R   0.83944 0.10913 0.05143 ( 1)  0.360 +-  0.800
 141 D   0.84424 0.10748 0.04828 ( 1)  0.345 +-  0.752
 142 R   0.84945 0.10538 0.04516 ( 1)  0.331 +-  0.710
 143 H   0.85299 0.10399 0.04302 ( 1)  0.322 +-  0.677
 144 R   0.85048 0.10500 0.04452 ( 1)  0.328 +-  0.699
 145 R   0.85048 0.10500 0.04452 ( 1)  0.328 +-  0.699
 146 Q   0.85006 0.10520 0.04474 ( 1)  0.329 +-  0.702
 147 Q   0.85006 0.10520 0.04474 ( 1)  0.329 +-  0.702
 148 A   0.31315 0.30254 0.38431 ( 3)  1.886 +-  2.315
 149 C   0.84983 0.10538 0.04480 ( 1)  0.329 +-  0.700
 150 E   0.85226 0.10431 0.04343 ( 1)  0.323 +-  0.683
 151 D   0.85290 0.10406 0.04305 ( 1)  0.322 +-  0.677
 152 S   0.84934 0.10555 0.04511 ( 1)  0.331 +-  0.705
 153 G   0.84127 0.10851 0.05021 ( 1)  0.354 +-  0.782
 154 I   0.84862 0.10585 0.04553 ( 1)  0.333 +-  0.710
 155 E   0.85226 0.10431 0.04343 ( 1)  0.323 +-  0.683
 156 D   0.85290 0.10406 0.04305 ( 1)  0.322 +-  0.677
 157 T   0.84970 0.10535 0.04495 ( 1)  0.330 +-  0.704
 158 S   0.85183 0.10454 0.04363 ( 1)  0.324 +-  0.684
 159 S   0.85183 0.10454 0.04363 ( 1)  0.324 +-  0.684
 160 G   0.84127 0.10851 0.05021 ( 1)  0.354 +-  0.782
 161 A   0.84113 0.10856 0.05031 ( 1)  0.355 +-  0.783
 162 L   0.84121 0.10856 0.05023 ( 1)  0.354 +-  0.781
 163 E   0.85226 0.10431 0.04343 ( 1)  0.323 +-  0.683
 164 T   0.84118 0.10855 0.05027 ( 1)  0.355 +-  0.782
 165 S   0.84867 0.10580 0.04553 ( 1)  0.333 +-  0.711
 166 A   0.84971 0.10531 0.04499 ( 1)  0.330 +-  0.706
 167 V   0.84937 0.10553 0.04510 ( 1)  0.331 +-  0.705
 168 S   0.84330 0.10782 0.04887 ( 1)  0.348 +-  0.761
 169 P   0.84905 0.10554 0.04541 ( 1)  0.332 +-  0.713
 170 P   0.84081 0.10866 0.05052 ( 1)  0.356 +-  0.787
 171 S   0.84013 0.10892 0.05095 ( 1)  0.358 +-  0.793
 172 S   0.84482 0.10722 0.04797 ( 1)  0.344 +-  0.749
 173 L   0.84801 0.10604 0.04594 ( 1)  0.335 +-  0.718
 174 Q   0.85006 0.10520 0.04474 ( 1)  0.329 +-  0.702
 175 P   0.84905 0.10554 0.04541 ( 1)  0.332 +-  0.713
 176 L   0.84119 0.10856 0.05025 ( 1)  0.355 +-  0.782
 177 P   0.84905 0.10554 0.04541 ( 1)  0.332 +-  0.713
 178 A   0.84953 0.10538 0.04509 ( 1)  0.331 +-  0.708
 179 K   0.84304 0.10792 0.04905 ( 1)  0.349 +-  0.763
 180 P   0.84510 0.10710 0.04781 ( 1)  0.343 +-  0.747
 181 S   0.84934 0.10555 0.04511 ( 1)  0.331 +-  0.705
 182 S   0.84934 0.10555 0.04511 ( 1)  0.331 +-  0.705
 183 T   0.84118 0.10855 0.05027 ( 1)  0.355 +-  0.782
 184 S   0.84934 0.10555 0.04511 ( 1)  0.331 +-  0.705
 185 G   0.85062 0.10497 0.04441 ( 1)  0.328 +-  0.697
 186 S   0.84867 0.10580 0.04553 ( 1)  0.333 +-  0.711
 187 D   0.85290 0.10406 0.04305 ( 1)  0.322 +-  0.677
 188 S   0.85183 0.10454 0.04363 ( 1)  0.324 +-  0.684
 189 S   0.84867 0.10580 0.04553 ( 1)  0.333 +-  0.711
 190 A   0.84953 0.10538 0.04509 ( 1)  0.331 +-  0.708
 191 A   0.84953 0.10538 0.04509 ( 1)  0.331 +-  0.708
 192 L   0.84801 0.10604 0.04594 ( 1)  0.335 +-  0.718
 193 I   0.84862 0.10585 0.04553 ( 1)  0.333 +-  0.710
 194 A   0.84953 0.10538 0.04509 ( 1)  0.331 +-  0.708
 195 Q   0.85006 0.10520 0.04474 ( 1)  0.329 +-  0.702
 196 L   0.84978 0.10536 0.04487 ( 1)  0.330 +-  0.702
 197 T   0.84970 0.10535 0.04495 ( 1)  0.330 +-  0.704
 198 Q   0.85006 0.10520 0.04474 ( 1)  0.329 +-  0.702
 199 Q   0.85006 0.10520 0.04474 ( 1)  0.329 +-  0.702
 200 T   0.84970 0.10535 0.04495 ( 1)  0.330 +-  0.704
 201 R   0.85025 0.10515 0.04460 ( 1)  0.328 +-  0.698
 202 W   0.84702 0.10646 0.04653 ( 1)  0.337 +-  0.725
 203 V   0.84920 0.10560 0.04520 ( 1)  0.331 +-  0.706
 204 P   0.84889 0.10561 0.04550 ( 1)  0.333 +-  0.714
 205 R   0.85025 0.10515 0.04460 ( 1)  0.328 +-  0.698
 206 L   0.84801 0.10604 0.04594 ( 1)  0.335 +-  0.718
 207 P   0.84081 0.10866 0.05052 ( 1)  0.356 +-  0.787
 208 N   0.85204 0.10445 0.04351 ( 1)  0.324 +-  0.682
 209 R   0.84945 0.10538 0.04516 ( 1)  0.331 +-  0.710
 210 Q   0.84291 0.10795 0.04914 ( 1)  0.349 +-  0.765
 211 A   0.84971 0.10531 0.04499 ( 1)  0.330 +-  0.706
 212 P   0.84905 0.10554 0.04541 ( 1)  0.332 +-  0.713
 213 F   0.84666 0.10661 0.04672 ( 1)  0.338 +-  0.727
 214 D   0.85290 0.10406 0.04305 ( 1)  0.322 +-  0.677
 215 E   0.84382 0.10763 0.04855 ( 1)  0.347 +-  0.756
 216 M   0.85040 0.10516 0.04444 ( 1)  0.328 +-  0.694
 217 S   0.84330 0.10782 0.04887 ( 1)  0.348 +-  0.761
 218 Q   0.85006 0.10520 0.04474 ( 1)  0.329 +-  0.702
 219 Q   0.84291 0.10795 0.04914 ( 1)  0.349 +-  0.765
 220 R   0.84202 0.10827 0.04971 ( 1)  0.352 +-  0.773
 221 F   0.84001 0.10897 0.05102 ( 1)  0.358 +-  0.793
 222 L   0.84801 0.10604 0.04594 ( 1)  0.335 +-  0.718
 223 A   0.84113 0.10856 0.05031 ( 1)  0.355 +-  0.783
 224 A   0.84953 0.10538 0.04509 ( 1)  0.331 +-  0.708
 225 K   0.84304 0.10792 0.04905 ( 1)  0.349 +-  0.763
 226 R   0.84162 0.10839 0.04999 ( 1)  0.353 +-  0.778
 227 L   0.84121 0.10856 0.05023 ( 1)  0.354 +-  0.781
 228 A   0.84971 0.10531 0.04499 ( 1)  0.330 +-  0.706
 229 L   0.84801 0.10604 0.04594 ( 1)  0.335 +-  0.718
 230 Q   0.85006 0.10520 0.04474 ( 1)  0.329 +-  0.702
 231 C   0.84983 0.10538 0.04480 ( 1)  0.329 +-  0.700
 232 D   0.85290 0.10406 0.04305 ( 1)  0.322 +-  0.677
 233 A   0.84113 0.10856 0.05031 ( 1)  0.355 +-  0.783
 234 E   0.85226 0.10431 0.04343 ( 1)  0.323 +-  0.683
 235 R   0.84162 0.10839 0.04999 ( 1)  0.353 +-  0.778
 236 F   0.84305 0.10781 0.04914 ( 1)  0.350 +-  0.768
 237 G   0.84167 0.10838 0.04995 ( 1)  0.353 +-  0.778
 238 K   0.84304 0.10792 0.04905 ( 1)  0.349 +-  0.763
 239 N   0.85204 0.10445 0.04351 ( 1)  0.324 +-  0.682

Positively selected sites

	Prob(w>1)  mean w


