Supplemental results for CODEML (seqf: algn  treef: tree)


dN/dS (w) for site classes (K=8)

p:   0.12500  0.12500  0.12500  0.12500  0.12500  0.12500  0.12500  0.12500
w:   0.00000  0.00000  0.00000  0.00000  0.00235  0.38023  0.99665  1.00000

Naive Empirical Bayes (NEB) probabilities for 8 classes & postmean_w
(amino acids refer to 1st sequence: Smed.29305)

   1 G   0.15785 0.15785 0.15785 0.15785 0.15742 0.10304 0.05416 0.05398 ( 1)  0.147
   2 E   0.15078 0.15078 0.15078 0.15078 0.15048 0.10997 0.06829 0.06812 ( 1)  0.178
   3 V   0.16123 0.16123 0.16123 0.16123 0.16068 0.09633 0.04912 0.04897 ( 2)  0.135
   4 V   0.15311 0.15311 0.15311 0.15311 0.15275 0.10675 0.06411 0.06395 ( 1)  0.169
   5 N   0.00000 0.00000 0.00000 0.00000 0.00315 0.29275 0.35213 0.35197 ( 7)  0.814
   6 P   0.14587 0.14587 0.14587 0.14587 0.14565 0.11445 0.07828 0.07813 ( 2)  0.200
   7 F   0.16293 0.16293 0.16293 0.16293 0.16235 0.09476 0.04567 0.04551 ( 2)  0.127
   8 I   0.00000 0.00000 0.00000 0.00000 0.00218 0.24441 0.37657 0.37683 ( 8)  0.845
   9 G   0.15785 0.15785 0.15785 0.15785 0.15742 0.10304 0.05416 0.05398 ( 1)  0.147
  10 G   0.14781 0.14781 0.14781 0.14781 0.14756 0.11281 0.07428 0.07412 ( 1)  0.191
  11 Y   0.15812 0.15812 0.15812 0.15812 0.15765 0.10097 0.05453 0.05437 ( 1)  0.147
  12 C   0.15648 0.15648 0.15648 0.15648 0.15608 0.10459 0.05680 0.05662 ( 1)  0.153
  13 A   0.15995 0.15995 0.15995 0.15995 0.15947 0.09956 0.05066 0.05049 ( 1)  0.139
  14 S   0.14135 0.14135 0.14135 0.14135 0.14118 0.11718 0.08819 0.08806 ( 2)  0.221
  15 K   0.15362 0.15362 0.15362 0.15362 0.15326 0.10683 0.06279 0.06262 ( 2)  0.166
  16 F   0.16293 0.16293 0.16293 0.16293 0.16235 0.09476 0.04567 0.04551 ( 2)  0.127
  17 C   0.14893 0.14893 0.14893 0.14893 0.14866 0.11123 0.07227 0.07211 ( 2)  0.187
  18 A   0.15995 0.15995 0.15995 0.15995 0.15947 0.09956 0.05066 0.05049 ( 1)  0.139
  19 E   0.15698 0.15698 0.15698 0.15698 0.15655 0.10302 0.05634 0.05617 ( 1)  0.152
  20 A   0.14355 0.14355 0.14355 0.14355 0.14335 0.11590 0.08335 0.08321 ( 1)  0.211
  21 I   0.16291 0.16291 0.16291 0.16291 0.16229 0.09232 0.04694 0.04680 ( 1)  0.129
  22 S   0.13863 0.13863 0.13863 0.13863 0.13849 0.11906 0.09403 0.09391 ( 1)  0.233
  23 D   0.16536 0.16536 0.16536 0.16536 0.16471 0.09079 0.04160 0.04145 ( 2)  0.118
  24 A   0.15995 0.15995 0.15995 0.15995 0.15947 0.09956 0.05066 0.05049 ( 1)  0.139
  25 L   0.14976 0.14976 0.14976 0.14976 0.14947 0.11051 0.07057 0.07041 ( 1)  0.183
  26 R   0.15514 0.15514 0.15514 0.15514 0.15476 0.10599 0.05944 0.05926 ( 1)  0.159
  27 F   0.14940 0.14940 0.14940 0.14940 0.14912 0.11115 0.07115 0.07099 ( 2)  0.185
  28 E   0.15698 0.15698 0.15698 0.15698 0.15655 0.10302 0.05634 0.05617 ( 1)  0.152
  29 L   0.14621 0.14621 0.14621 0.14621 0.14598 0.11391 0.07771 0.07756 ( 1)  0.199
  30 H   0.16108 0.16108 0.16108 0.16108 0.16058 0.09896 0.04816 0.04799 ( 1)  0.134
  31 P   0.15364 0.15364 0.15364 0.15364 0.15330 0.10771 0.06230 0.06212 ( 2)  0.166
  32 L   0.14621 0.14621 0.14621 0.14621 0.14598 0.11391 0.07771 0.07756 ( 1)  0.199
  33 G   0.14781 0.14781 0.14781 0.14781 0.14756 0.11281 0.07428 0.07412 ( 1)  0.191
  34 I   0.15792 0.15792 0.15792 0.15792 0.15745 0.10028 0.05538 0.05522 ( 1)  0.149
  35 P   0.13914 0.13914 0.13914 0.13914 0.13900 0.11898 0.09280 0.09268 ( 1)  0.231
  36 V   0.16123 0.16123 0.16123 0.16123 0.16068 0.09633 0.04912 0.04897 ( 2)  0.135
  37 I   0.16291 0.16291 0.16291 0.16291 0.16229 0.09232 0.04694 0.04680 ( 1)  0.129
  38 T   0.16189 0.16189 0.16189 0.16189 0.16134 0.09594 0.04766 0.04750 ( 2)  0.132
  39 I   0.16291 0.16291 0.16291 0.16291 0.16229 0.09232 0.04694 0.04680 ( 1)  0.129
  40 N   0.00000 0.00000 0.00000 0.00000 0.00251 0.26296 0.36723 0.36730 ( 8)  0.833
  41 P   0.14587 0.14587 0.14587 0.14587 0.14565 0.11445 0.07828 0.07813 ( 2)  0.200
  42 Q   0.14726 0.14726 0.14726 0.14726 0.14702 0.11335 0.07538 0.07522 ( 1)  0.194
  43 A   0.15995 0.15995 0.15995 0.15995 0.15947 0.09956 0.05066 0.05049 ( 1)  0.139
  44 Y   0.14276 0.14276 0.14276 0.14276 0.14258 0.11625 0.08513 0.08499 ( 1)  0.214
  45 K   0.15905 0.15905 0.15905 0.15905 0.15857 0.09971 0.05284 0.05268 ( 2)  0.144
  46 T   0.15436 0.15436 0.15436 0.15435 0.15397 0.10514 0.06181 0.06165 ( 2)  0.164
  47 Y   0.00000 0.00000 0.00000 0.00000 0.00208 0.23972 0.37895 0.37925 ( 8)  0.848
  48 I   0.16291 0.16291 0.16291 0.16291 0.16229 0.09232 0.04694 0.04680 ( 1)  0.129
  49 L   0.14450 0.14450 0.14450 0.14450 0.14427 0.11319 0.08232 0.08220 ( 1)  0.208
  50 L   0.00000 0.00000 0.00000 0.00000 0.00242 0.25882 0.36933 0.36943 ( 8)  0.836
  51 S   0.15045 0.15045 0.15045 0.15045 0.15015 0.10956 0.06932 0.06916 ( 1)  0.180
  52 T   0.16189 0.16189 0.16189 0.16189 0.16134 0.09594 0.04766 0.04750 ( 2)  0.132
  53 N   0.16579 0.16579 0.16579 0.16579 0.16509 0.08836 0.04176 0.04163 ( 1)  0.117
  54 K   0.00000 0.00000 0.00000 0.00000 0.00255 0.26570 0.36585 0.36589 ( 8)  0.832
  55 V   0.16123 0.16123 0.16123 0.16123 0.16068 0.09633 0.04912 0.04897 ( 2)  0.135
  56 F   0.14940 0.14940 0.14940 0.14940 0.14912 0.11115 0.07115 0.07099 ( 2)  0.185
  57 G   0.14781 0.14781 0.14781 0.14781 0.14756 0.11281 0.07428 0.07412 ( 1)  0.191
  58 T   0.00000 0.00000 0.00000 0.00000 0.00214 0.24137 0.37810 0.37840 ( 8)  0.847
  59 E   0.00000 0.00000 0.00000 0.00000 0.00001 0.11991 0.43928 0.44080 ( 8)  0.924
  60 E   0.15698 0.15698 0.15698 0.15698 0.15655 0.10302 0.05634 0.05617 ( 1)  0.152
  61 T   0.15436 0.15436 0.15436 0.15435 0.15397 0.10514 0.06181 0.06165 ( 2)  0.164
  62 K   0.00000 0.00000 0.00000 0.00000 0.00280 0.27537 0.36092 0.36091 ( 7)  0.825
  63 L   0.14976 0.14976 0.14976 0.14976 0.14947 0.11051 0.07057 0.07041 ( 1)  0.183
  64 Y   0.15125 0.15125 0.15125 0.15125 0.15093 0.10863 0.06780 0.06764 ( 2)  0.177
  65 G   0.14781 0.14781 0.14781 0.14781 0.14756 0.11281 0.07428 0.07412 ( 1)  0.191
  66 E   0.15078 0.15078 0.15078 0.15078 0.15048 0.10997 0.06829 0.06812 ( 1)  0.178
  67 K   0.15362 0.15362 0.15362 0.15362 0.15326 0.10683 0.06279 0.06262 ( 2)  0.166
  68 F   0.14940 0.14940 0.14940 0.14940 0.14912 0.11115 0.07115 0.07099 ( 2)  0.185
  69 I   0.16291 0.16291 0.16291 0.16291 0.16229 0.09232 0.04694 0.04680 ( 1)  0.129
  70 K   0.15905 0.15905 0.15905 0.15905 0.15857 0.09971 0.05284 0.05268 ( 2)  0.144
  71 K   0.15362 0.15362 0.15362 0.15362 0.15326 0.10683 0.06279 0.06262 ( 2)  0.166
  72 S   0.14992 0.14992 0.14992 0.14992 0.14963 0.11022 0.07031 0.07015 ( 2)  0.182
  73 E   0.15698 0.15698 0.15698 0.15698 0.15655 0.10302 0.05634 0.05617 ( 1)  0.152
  74 D   0.15801 0.15801 0.15801 0.15800 0.15752 0.09988 0.05536 0.05521 ( 1)  0.149
  75 I   0.16291 0.16291 0.16291 0.16291 0.16229 0.09232 0.04694 0.04680 ( 1)  0.129
  76 L   0.15852 0.15852 0.15852 0.15852 0.15808 0.10204 0.05298 0.05280 ( 1)  0.145
  77 R   0.00000 0.00000 0.00000 0.00000 0.00027 0.12039 0.43880 0.44053 ( 8)  0.924
  78 N   0.15938 0.15938 0.15938 0.15938 0.15884 0.09715 0.05332 0.05318 ( 2)  0.144
  79 W   0.13872 0.13872 0.13872 0.13872 0.13859 0.11924 0.09371 0.09359 ( 2)  0.233
  80 V   0.00000 0.00000 0.00000 0.00000 0.00291 0.27946 0.35883 0.35880 ( 7)  0.823
  81 E   0.15078 0.15078 0.15078 0.15078 0.15048 0.10997 0.06829 0.06812 ( 1)  0.178
  82 S   0.00000 0.00000 0.00000 0.00000 0.00165 0.21287 0.39245 0.39303 ( 8)  0.865
  83 A   0.14355 0.14355 0.14355 0.14355 0.14335 0.11590 0.08335 0.08321 ( 1)  0.211
  84 S   0.16446 0.16446 0.16446 0.16446 0.16388 0.09429 0.04207 0.04190 ( 2)  0.120
  85 V   0.00000 0.00000 0.00000 0.00000 0.00202 0.23461 0.38150 0.38187 ( 8)  0.851
  86 N   0.15373 0.15373 0.15373 0.15373 0.15336 0.10636 0.06276 0.06260 ( 1)  0.166
  87 F   0.14940 0.14940 0.14940 0.14940 0.14912 0.11115 0.07115 0.07099 ( 2)  0.185
  88 Q   0.00000 0.00000 0.00000 0.00000 0.00164 0.21224 0.39276 0.39336 ( 8)  0.866
  89 E   0.15698 0.15698 0.15698 0.15698 0.15655 0.10302 0.05634 0.05617 ( 1)  0.152
  90 V   0.14478 0.14478 0.14478 0.14478 0.14456 0.11469 0.08089 0.08075 ( 1)  0.205
  91 I   0.14907 0.14907 0.14907 0.14907 0.14878 0.11062 0.07224 0.07209 ( 1)  0.186
  92 N   0.16579 0.16579 0.16579 0.16579 0.16509 0.08836 0.04176 0.04163 ( 1)  0.117
  93 A   0.00000 0.00000 0.00000 0.00000 0.00204 0.23683 0.38040 0.38073 ( 8)  0.850
  94 L   0.14621 0.14621 0.14621 0.14621 0.14598 0.11391 0.07771 0.07756 ( 1)  0.199
  95 E   0.15242 0.15242 0.15242 0.15242 0.15206 0.10661 0.06591 0.06576 ( 1)  0.172
  96 S   0.16446 0.16446 0.16446 0.16446 0.16388 0.09429 0.04207 0.04190 ( 2)  0.120
  97 A   0.15995 0.15995 0.15995 0.15995 0.15947 0.09956 0.05066 0.05049 ( 1)  0.139
  98 I   0.16291 0.16291 0.16291 0.16291 0.16229 0.09232 0.04694 0.04680 ( 1)  0.129
  99 L   0.14621 0.14621 0.14621 0.14621 0.14598 0.11391 0.07771 0.07756 ( 1)  0.199
 100 N   0.15938 0.15938 0.15938 0.15938 0.15884 0.09715 0.05332 0.05318 ( 2)  0.144
 101 R   0.13449 0.13449 0.13449 0.13449 0.13440 0.12144 0.10315 0.10306 ( 2)  0.252
 102 T   0.16189 0.16189 0.16189 0.16189 0.16134 0.09594 0.04766 0.04750 ( 2)  0.132
 103 Y   0.15125 0.15125 0.15125 0.15125 0.15093 0.10863 0.06780 0.06764 ( 2)  0.177
 104 Q   0.14726 0.14726 0.14726 0.14726 0.14702 0.11335 0.07538 0.07522 ( 1)  0.194
 105 Y   0.15125 0.15125 0.15125 0.15125 0.15093 0.10863 0.06780 0.06764 ( 2)  0.177
 106 K   0.15905 0.15905 0.15905 0.15905 0.15857 0.09971 0.05284 0.05268 ( 2)  0.144
 107 Y   0.14276 0.14276 0.14276 0.14276 0.14258 0.11625 0.08513 0.08499 ( 1)  0.214
 108 K   0.00000 0.00000 0.00000 0.00000 0.00221 0.24473 0.37639 0.37667 ( 8)  0.845
 109 P   0.14239 0.14239 0.14239 0.14239 0.14221 0.11679 0.08580 0.08566 ( 2)  0.216
 110 N   0.16579 0.16579 0.16579 0.16579 0.16509 0.08836 0.04176 0.04163 ( 1)  0.117
 111 F   0.15569 0.15569 0.15569 0.15569 0.15526 0.10292 0.05962 0.05946 ( 2)  0.158
 112 V   0.00000 0.00000 0.00000 0.00000 0.00291 0.27946 0.35883 0.35880 ( 7)  0.823
 113 F   0.15569 0.15569 0.15569 0.15569 0.15526 0.10292 0.05962 0.05946 ( 2)  0.158
 114 R   0.14456 0.14456 0.14456 0.14456 0.14433 0.11348 0.08203 0.08190 ( 2)  0.207
 115 M   0.16352 0.16352 0.16352 0.16352 0.16296 0.09548 0.04383 0.04366 ( 2)  0.124
 116 K   0.15362 0.15362 0.15362 0.15362 0.15326 0.10683 0.06279 0.06262 ( 2)  0.166
 117 I   0.00000 0.00000 0.00000 0.00000 0.00218 0.24441 0.37657 0.37683 ( 8)  0.845
 118 L   0.14621 0.14621 0.14621 0.14621 0.14598 0.11391 0.07771 0.07756 ( 1)  0.199
 119 M   0.16352 0.16352 0.16352 0.16352 0.16296 0.09548 0.04383 0.04366 ( 2)  0.124
 120 M   0.00000 0.00000 0.00000 0.00000 0.00191 0.22776 0.38494 0.38538 ( 8)  0.856
 121 K   0.00000 0.00000 0.00000 0.00000 0.00304 0.28604 0.35550 0.35542 ( 7)  0.818
 122 A   0.00000 0.00000 0.00000 0.00000 0.00000 0.08767 0.45497 0.45735 ( 8)  0.944
 123 N   0.16579 0.16579 0.16579 0.16579 0.16509 0.08836 0.04176 0.04163 ( 1)  0.117
 124 S   0.14839 0.14839 0.14839 0.14839 0.14811 0.11139 0.07355 0.07340 ( 2)  0.189
 125 L   0.00000 0.00000 0.00000 0.00000 0.00001 0.10017 0.44890 0.45092 ( 8)  0.936
 126 N   0.00000 0.00000 0.00000 0.00000 0.00000 0.08004 0.45865 0.46131 ( 8)  0.949
 127 N   0.16579 0.16579 0.16579 0.16579 0.16509 0.08836 0.04176 0.04163 ( 1)  0.117
 128 R   0.00000 0.00000 0.00000 0.00000 0.00121 0.17969 0.40902 0.41008 ( 8)  0.886
 129 I   0.00000 0.00000 0.00000 0.00000 0.00174 0.21812 0.38980 0.39034 ( 8)  0.862
 130 R   0.13532 0.13532 0.13532 0.13532 0.13522 0.12098 0.10131 0.10122 ( 1)  0.249
 131 T   0.14635 0.14635 0.14635 0.14635 0.14611 0.11320 0.07773 0.07758 ( 2)  0.198
 132 G   0.14781 0.14781 0.14781 0.14781 0.14756 0.11281 0.07428 0.07412 ( 1)  0.191
 133 F   0.16293 0.16293 0.16293 0.16293 0.16235 0.09476 0.04567 0.04551 ( 2)  0.127
 134 R   0.00000 0.00000 0.00000 0.00000 0.00060 0.13560 0.43107 0.43272 ( 8)  0.914
 135 Y   0.00000 0.00000 0.00000 0.00000 0.00247 0.25832 0.36953 0.36968 ( 8)  0.836
 136 S   0.00000 0.00000 0.00000 0.00000 0.00000 0.08000 0.45869 0.46131 ( 8)  0.949
 137 D   0.15801 0.15801 0.15801 0.15800 0.15752 0.09988 0.05536 0.05521 ( 1)  0.149
 138 I   0.16291 0.16291 0.16291 0.16291 0.16229 0.09232 0.04694 0.04680 ( 1)  0.129
 139 S   0.15045 0.15045 0.15045 0.15045 0.15015 0.10956 0.06932 0.06916 ( 1)  0.180
 140 I   0.15268 0.15268 0.15268 0.15268 0.15229 0.10462 0.06625 0.06611 ( 1)  0.172
 141 P   0.14944 0.14944 0.14944 0.14944 0.14916 0.11127 0.07099 0.07082 ( 1)  0.184
 142 V   0.15311 0.15311 0.15311 0.15311 0.15275 0.10675 0.06411 0.06395 ( 1)  0.169
 143 K   0.15905 0.15905 0.15905 0.15905 0.15857 0.09971 0.05284 0.05268 ( 2)  0.144
 144 T   0.15401 0.15401 0.15401 0.15401 0.15363 0.10532 0.06258 0.06242 ( 2)  0.165
 145 E   0.15698 0.15698 0.15698 0.15698 0.15655 0.10302 0.05634 0.05617 ( 1)  0.152
 146 F   0.16293 0.16293 0.16293 0.16293 0.16235 0.09476 0.04567 0.04551 ( 2)  0.127


lnL =  -811.125993

