Supplemental results for CODEML (seqf: algn  treef: tree)


dN/dS (w) for site classes (K=9)

p:   0.00000  0.00000  0.00000  0.00000  0.00000  0.00000  0.00000  0.00000  0.99999
w:   0.14146  0.31764  0.46008  0.58481  0.69693  0.79853  0.89001  0.96934 86.82070

Naive Empirical Bayes (NEB) probabilities for 9 classes & postmean_w & P(w>1)
(amino acids refer to 1st sequence: Smed.24042)

   1 M   0.00000 0.00000 0.00000 0.00000 0.00000 0.00000 0.00000 0.00000 0.99999 ( 9) 86.820  1.000
   2 E   0.00000 0.00000 0.00000 0.00000 0.00000 0.00000 0.00000 0.00000 0.99999 ( 9) 86.820  1.000
   3 S   0.00000 0.00000 0.00000 0.00000 0.00000 0.00000 0.00000 0.00000 0.99999 ( 9) 86.820  1.000
   4 D   0.00000 0.00000 0.00000 0.00000 0.00000 0.00000 0.00000 0.00000 0.99999 ( 9) 86.820  1.000
   5 Y   0.00000 0.00000 0.00000 0.00000 0.00000 0.00000 0.00000 0.00000 0.99999 ( 9) 86.820  1.000
   6 Q   0.00000 0.00000 0.00000 0.00000 0.00000 0.00000 0.00000 0.00000 0.99999 ( 9) 86.820  1.000
   7 E   0.00000 0.00000 0.00000 0.00000 0.00000 0.00000 0.00000 0.00000 0.99999 ( 9) 86.820  1.000
   8 I   0.00000 0.00000 0.00000 0.00000 0.00000 0.00000 0.00000 0.00000 0.99999 ( 9) 86.820  1.000
   9 Q   0.00000 0.00000 0.00000 0.00000 0.00000 0.00000 0.00000 0.00000 0.99999 ( 9) 86.820  1.000
  10 Q   0.00000 0.00000 0.00000 0.00000 0.00000 0.00000 0.00000 0.00000 0.99999 ( 9) 86.820  1.000
  11 H   0.00000 0.00000 0.00000 0.00000 0.00000 0.00000 0.00000 0.00000 0.99999 ( 9) 86.820  1.000
  12 L   0.00000 0.00000 0.00000 0.00000 0.00000 0.00000 0.00000 0.00000 0.99999 ( 9) 86.820  1.000
  13 N   0.00000 0.00000 0.00000 0.00000 0.00000 0.00000 0.00000 0.00000 0.99999 ( 9) 86.820  1.000
  14 Q   0.00000 0.00000 0.00000 0.00000 0.00000 0.00000 0.00000 0.00000 0.99999 ( 9) 86.820  1.000
  15 L   0.00000 0.00000 0.00000 0.00000 0.00000 0.00000 0.00000 0.00000 0.99999 ( 9) 86.820  1.000
  16 N   0.00000 0.00000 0.00000 0.00000 0.00000 0.00000 0.00000 0.00000 0.99999 ( 9) 86.820  1.000
  17 T   0.00000 0.00000 0.00000 0.00000 0.00000 0.00000 0.00000 0.00000 0.99999 ( 9) 86.820  1.000
  18 S   0.00000 0.00000 0.00000 0.00000 0.00000 0.00000 0.00000 0.00000 0.99999 ( 9) 86.820  1.000
  19 F   0.00000 0.00000 0.00000 0.00000 0.00000 0.00000 0.00000 0.00000 0.99999 ( 9) 86.820  1.000
  20 E   0.00000 0.00000 0.00000 0.00000 0.00000 0.00000 0.00000 0.00000 0.99999 ( 9) 86.820  1.000
  21 E   0.00000 0.00000 0.00000 0.00000 0.00000 0.00000 0.00000 0.00000 0.99999 ( 9) 86.820  1.000
  22 F   0.00000 0.00000 0.00000 0.00000 0.00000 0.00000 0.00000 0.00000 0.99999 ( 9) 86.820  1.000
  23 N   0.00000 0.00000 0.00000 0.00000 0.00000 0.00000 0.00000 0.00000 0.99999 ( 9) 86.820  1.000
  24 A   0.00000 0.00000 0.00000 0.00000 0.00000 0.00000 0.00000 0.00000 0.99999 ( 9) 86.820  1.000
  25 S   0.00000 0.00000 0.00000 0.00000 0.00000 0.00000 0.00000 0.00000 0.99999 ( 9) 86.820  1.000
  26 N   0.00000 0.00000 0.00000 0.00000 0.00000 0.00000 0.00000 0.00000 0.99999 ( 9) 86.820  1.000
  27 W   0.00000 0.00000 0.00000 0.00000 0.00000 0.00000 0.00000 0.00000 0.99999 ( 9) 86.820  1.000
  28 S   0.00000 0.00000 0.00000 0.00000 0.00000 0.00000 0.00000 0.00000 0.99999 ( 9) 86.820  1.000
  29 L   0.00000 0.00000 0.00000 0.00000 0.00000 0.00000 0.00000 0.00000 0.99999 ( 9) 86.820  1.000
  30 I   0.00000 0.00000 0.00000 0.00000 0.00000 0.00000 0.00000 0.00000 0.99999 ( 9) 86.820  1.000
  31 K   0.00000 0.00000 0.00000 0.00000 0.00000 0.00000 0.00000 0.00000 0.99999 ( 9) 86.820  1.000
  32 K   0.00000 0.00000 0.00000 0.00000 0.00000 0.00000 0.00000 0.00000 0.99999 ( 9) 86.820  1.000
  33 L   0.00000 0.00000 0.00000 0.00000 0.00000 0.00000 0.00000 0.00000 0.99999 ( 9) 86.820  1.000
  34 C   0.00000 0.00000 0.00000 0.00000 0.00000 0.00000 0.00000 0.00000 0.99999 ( 9) 86.820  1.000
  35 D   0.00000 0.00000 0.00000 0.00000 0.00000 0.00000 0.00000 0.00000 0.99999 ( 9) 86.820  1.000
  36 T   0.00000 0.00000 0.00000 0.00000 0.00000 0.00000 0.00000 0.00000 0.99999 ( 9) 86.820  1.000
  37 S   0.00000 0.00000 0.00000 0.00000 0.00000 0.00000 0.00000 0.00000 0.99999 ( 9) 86.820  1.000
  38 S   0.00000 0.00000 0.00000 0.00000 0.00000 0.00000 0.00000 0.00000 0.99999 ( 9) 86.820  1.000
  39 G   0.00000 0.00000 0.00000 0.00000 0.00000 0.00000 0.00000 0.00000 0.99999 ( 9) 86.820  1.000
  40 E   0.00000 0.00000 0.00000 0.00000 0.00000 0.00000 0.00000 0.00000 0.99999 ( 9) 86.820  1.000
  41 L   0.00000 0.00000 0.00000 0.00000 0.00000 0.00000 0.00000 0.00000 0.99999 ( 9) 86.820  1.000
  42 Q   0.00000 0.00000 0.00000 0.00000 0.00000 0.00000 0.00000 0.00000 0.99999 ( 9) 86.820  1.000
  43 P   0.00000 0.00000 0.00000 0.00000 0.00000 0.00000 0.00000 0.00000 0.99999 ( 9) 86.820  1.000
  44 L   0.00000 0.00000 0.00000 0.00000 0.00000 0.00000 0.00000 0.00000 0.99999 ( 9) 86.820  1.000
  45 S   0.00000 0.00000 0.00000 0.00000 0.00000 0.00000 0.00000 0.00000 0.99999 ( 9) 86.820  1.000
  46 A   0.00000 0.00000 0.00000 0.00000 0.00000 0.00000 0.00000 0.00000 0.99999 ( 9) 86.820  1.000
  47 L   0.00000 0.00000 0.00000 0.00000 0.00000 0.00000 0.00000 0.00000 0.99999 ( 9) 86.820  1.000
  48 F   0.00000 0.00000 0.00000 0.00000 0.00000 0.00000 0.00000 0.00000 0.99999 ( 9) 86.820  1.000
  49 G   0.00000 0.00000 0.00000 0.00000 0.00000 0.00000 0.00000 0.00000 0.99999 ( 9) 86.820  1.000
  50 G   0.00000 0.00000 0.00000 0.00000 0.00000 0.00000 0.00000 0.00000 0.99999 ( 9) 86.820  1.000
  51 I   0.00000 0.00000 0.00000 0.00000 0.00000 0.00000 0.00000 0.00000 0.99999 ( 9) 86.820  1.000
  52 A   0.00000 0.00000 0.00000 0.00000 0.00000 0.00000 0.00000 0.00000 0.99999 ( 9) 86.820  1.000
  53 A   0.00000 0.00000 0.00000 0.00000 0.00000 0.00000 0.00000 0.00000 0.99999 ( 9) 86.820  1.000
  54 Q   0.00000 0.00000 0.00000 0.00000 0.00000 0.00000 0.00000 0.00000 0.99999 ( 9) 86.820  1.000
  55 E   0.00000 0.00000 0.00000 0.00000 0.00000 0.00000 0.00000 0.00000 0.99999 ( 9) 86.820  1.000
  56 A   0.00000 0.00000 0.00000 0.00000 0.00000 0.00000 0.00000 0.00000 0.99999 ( 9) 86.820  1.000
  57 I   0.00000 0.00000 0.00000 0.00000 0.00000 0.00000 0.00000 0.00000 0.99999 ( 9) 86.820  1.000
  58 K   0.00000 0.00000 0.00000 0.00000 0.00000 0.00000 0.00000 0.00000 0.99999 ( 9) 86.820  1.000
  59 A   0.00000 0.00000 0.00000 0.00000 0.00000 0.00000 0.00000 0.00000 0.99999 ( 9) 86.820  1.000
  60 V   0.00000 0.00000 0.00000 0.00000 0.00000 0.00000 0.00000 0.00000 0.99999 ( 9) 86.820  1.000
  61 T   0.00000 0.00000 0.00000 0.00000 0.00000 0.00000 0.00000 0.00000 0.99999 ( 9) 86.820  1.000
  62 Q   0.00000 0.00000 0.00000 0.00000 0.00000 0.00000 0.00000 0.00000 0.99999 ( 9) 86.820  1.000
  63 Q   0.00000 0.00000 0.00000 0.00000 0.00000 0.00000 0.00000 0.00000 0.99999 ( 9) 86.820  1.000
  64 F   0.00000 0.00000 0.00000 0.00000 0.00000 0.00000 0.00000 0.00000 0.99999 ( 9) 86.820  1.000
  65 T   0.00000 0.00000 0.00000 0.00000 0.00000 0.00000 0.00000 0.00000 0.99999 ( 9) 86.820  1.000
  66 P   0.00000 0.00000 0.00000 0.00000 0.00000 0.00000 0.00000 0.00000 0.99999 ( 9) 86.820  1.000
  67 I   0.00000 0.00000 0.00000 0.00000 0.00000 0.00000 0.00000 0.00000 0.99999 ( 9) 86.820  1.000
  68 Q   0.00000 0.00000 0.00000 0.00000 0.00000 0.00000 0.00000 0.00000 0.99999 ( 9) 86.820  1.000
  69 Q   0.00000 0.00000 0.00000 0.00000 0.00000 0.00000 0.00000 0.00000 0.99999 ( 9) 86.820  1.000
  70 W   0.00000 0.00000 0.00000 0.00000 0.00000 0.00000 0.00000 0.00000 0.99999 ( 9) 86.820  1.000
  71 F   0.00000 0.00000 0.00000 0.00000 0.00000 0.00000 0.00000 0.00000 0.99999 ( 9) 86.820  1.000
  72 I   0.00000 0.00000 0.00000 0.00000 0.00000 0.00000 0.00000 0.00000 0.99999 ( 9) 86.820  1.000
  73 M   0.00000 0.00000 0.00000 0.00000 0.00000 0.00000 0.00000 0.00000 0.99999 ( 9) 86.820  1.000
  74 E   0.00000 0.00000 0.00000 0.00000 0.00000 0.00000 0.00000 0.00000 0.99999 ( 9) 86.820  1.000
  75 C   0.00000 0.00000 0.00000 0.00000 0.00000 0.00000 0.00000 0.00000 0.99999 ( 9) 86.820  1.000
  76 E   0.00000 0.00000 0.00000 0.00000 0.00000 0.00000 0.00000 0.00000 0.99999 ( 9) 86.820  1.000
  77 C   0.00000 0.00000 0.00000 0.00000 0.00000 0.00000 0.00000 0.00000 0.99999 ( 9) 86.820  1.000
  78 L   0.00000 0.00000 0.00000 0.00000 0.00000 0.00000 0.00000 0.00000 0.99999 ( 9) 86.820  1.000
  79 A   0.00000 0.00000 0.00000 0.00000 0.00000 0.00000 0.00000 0.00000 0.99999 ( 9) 86.820  1.000
  80 P   0.00000 0.00000 0.00000 0.00000 0.00000 0.00000 0.00000 0.00000 0.99999 ( 9) 86.820  1.000
  81 S   0.00000 0.00000 0.00000 0.00000 0.00000 0.00000 0.00000 0.00000 0.99999 ( 9) 86.820  1.000
  82 K   0.00000 0.00000 0.00000 0.00000 0.00000 0.00000 0.00000 0.00000 0.99999 ( 9) 86.820  1.000
  83 F   0.00000 0.00000 0.00000 0.00000 0.00000 0.00000 0.00000 0.00000 0.99999 ( 9) 86.820  1.000
  84 E   0.00000 0.00000 0.00000 0.00000 0.00000 0.00000 0.00000 0.00000 0.99999 ( 9) 86.820  1.000
  85 R   0.00000 0.00000 0.00000 0.00000 0.00000 0.00000 0.00000 0.00000 0.99999 ( 9) 86.820  1.000
  86 N   0.00000 0.00000 0.00000 0.00000 0.00000 0.00000 0.00000 0.00000 0.99999 ( 9) 86.820  1.000
  87 T   0.00000 0.00000 0.00000 0.00000 0.00000 0.00000 0.00000 0.00000 0.99999 ( 9) 86.820  1.000
  88 P   0.00000 0.00000 0.00000 0.00000 0.00000 0.00000 0.00000 0.00000 0.99999 ( 9) 86.820  1.000
  89 R   0.00000 0.00000 0.00000 0.00000 0.00000 0.00000 0.00000 0.00000 0.99999 ( 9) 86.820  1.000
  90 T   0.00000 0.00000 0.00000 0.00000 0.00000 0.00000 0.00000 0.00000 0.99999 ( 9) 86.820  1.000
  91 L   0.00000 0.00000 0.00000 0.00000 0.00000 0.00000 0.00000 0.00000 0.99999 ( 9) 86.820  1.000
  92 S   0.00000 0.00000 0.00000 0.00000 0.00000 0.00000 0.00000 0.00000 0.99999 ( 9) 86.820  1.000
  93 K   0.00000 0.00000 0.00000 0.00000 0.00000 0.00000 0.00000 0.00000 0.99999 ( 9) 86.820  1.000
  94 S   0.00000 0.00000 0.00000 0.00000 0.00000 0.00000 0.00000 0.00000 0.99999 ( 9) 86.820  1.000
  95 A   0.00000 0.00000 0.00000 0.00000 0.00000 0.00000 0.00000 0.00000 0.99999 ( 9) 86.820  1.000
  96 T   0.00000 0.00000 0.00000 0.00000 0.00000 0.00000 0.00000 0.00000 0.99999 ( 9) 86.820  1.000
  97 A   0.00000 0.00000 0.00000 0.00000 0.00000 0.00000 0.00000 0.00000 0.99999 ( 9) 86.820  1.000
  98 G   0.00000 0.00000 0.00000 0.00000 0.00000 0.00000 0.00000 0.00000 0.99999 ( 9) 86.820  1.000
  99 Q   0.00000 0.00000 0.00000 0.00000 0.00000 0.00000 0.00000 0.00000 0.99999 ( 9) 86.820  1.000
 100 N   0.00000 0.00000 0.00000 0.00000 0.00000 0.00000 0.00000 0.00000 0.99999 ( 9) 86.820  1.000
 101 L   0.00000 0.00000 0.00000 0.00000 0.00000 0.00000 0.00000 0.00000 0.99999 ( 9) 86.820  1.000
 102 E   0.00000 0.00000 0.00000 0.00000 0.00000 0.00000 0.00000 0.00000 0.99999 ( 9) 86.820  1.000
 103 H   0.00000 0.00000 0.00000 0.00000 0.00000 0.00000 0.00000 0.00000 0.99999 ( 9) 86.820  1.000
 104 P   0.00000 0.00000 0.00000 0.00000 0.00000 0.00000 0.00000 0.00000 0.99999 ( 9) 86.820  1.000
 105 K   0.00000 0.00000 0.00000 0.00000 0.00000 0.00000 0.00000 0.00000 0.99999 ( 9) 86.820  1.000
 106 F   0.00000 0.00000 0.00000 0.00000 0.00000 0.00000 0.00000 0.00000 0.99999 ( 9) 86.820  1.000
 107 I   0.00000 0.00000 0.00000 0.00000 0.00000 0.00000 0.00000 0.00000 0.99999 ( 9) 86.820  1.000
 108 V   0.00000 0.00000 0.00000 0.00000 0.00000 0.00000 0.00000 0.00000 0.99999 ( 9) 86.820  1.000
 109 G   0.00000 0.00000 0.00000 0.00000 0.00000 0.00000 0.00000 0.00000 0.99999 ( 9) 86.820  1.000
 110 R   0.00000 0.00000 0.00000 0.00000 0.00000 0.00000 0.00000 0.00000 0.99999 ( 9) 86.820  1.000
 111 K   0.00000 0.00000 0.00000 0.00000 0.00000 0.00000 0.00000 0.00000 0.99999 ( 9) 86.820  1.000
 112 R   0.00000 0.00000 0.00000 0.00000 0.00000 0.00000 0.00000 0.00000 0.99999 ( 9) 86.820  1.000
 113 S   0.00000 0.00000 0.00000 0.00000 0.00000 0.00000 0.00000 0.00000 0.99999 ( 9) 86.820  1.000
 114 I   0.00000 0.00000 0.00000 0.00000 0.00000 0.00000 0.00000 0.00000 0.99999 ( 9) 86.820  1.000
 115 R   0.00000 0.00000 0.00000 0.00000 0.00000 0.00000 0.00000 0.00000 0.99999 ( 9) 86.820  1.000
 116 E   0.00000 0.00000 0.00000 0.00000 0.00000 0.00000 0.00000 0.00000 0.99999 ( 9) 86.820  1.000
 117 E   0.00000 0.00000 0.00000 0.00000 0.00000 0.00000 0.00000 0.00000 0.99999 ( 9) 86.820  1.000
 118 E   0.00000 0.00000 0.00000 0.00000 0.00000 0.00000 0.00000 0.00000 0.99999 ( 9) 86.820  1.000
 119 A   0.00000 0.00000 0.00000 0.00000 0.00000 0.00000 0.00000 0.00000 0.99999 ( 9) 86.820  1.000
 120 E   0.00000 0.00000 0.00000 0.00000 0.00000 0.00000 0.00000 0.00000 0.99999 ( 9) 86.820  1.000
 121 S   0.00000 0.00000 0.00000 0.00000 0.00000 0.00000 0.00000 0.00000 0.99999 ( 9) 86.820  1.000
 122 E   0.00000 0.00000 0.00000 0.00000 0.00000 0.00000 0.00000 0.00000 0.99999 ( 9) 86.820  1.000
 123 S   0.00000 0.00000 0.00000 0.00000 0.00000 0.00000 0.00000 0.00000 0.99999 ( 9) 86.820  1.000
 124 L   0.00000 0.00000 0.00000 0.00000 0.00000 0.00000 0.00000 0.00000 0.99999 ( 9) 86.820  1.000
 125 I   0.00000 0.00000 0.00000 0.00000 0.00000 0.00000 0.00000 0.00000 0.99999 ( 9) 86.820  1.000
 126 I   0.00000 0.00000 0.00000 0.00000 0.00000 0.00000 0.00000 0.00000 0.99999 ( 9) 86.820  1.000
 127 Y   0.00000 0.00000 0.00000 0.00000 0.00000 0.00000 0.00000 0.00000 0.99999 ( 9) 86.820  1.000
 128 F   0.00000 0.00000 0.00000 0.00000 0.00000 0.00000 0.00000 0.00000 0.99999 ( 9) 86.820  1.000
 129 L   0.00000 0.00000 0.00000 0.00000 0.00000 0.00000 0.00000 0.00000 0.99999 ( 9) 86.820  1.000
 130 N   0.00000 0.00000 0.00000 0.00000 0.00000 0.00000 0.00000 0.00000 0.99999 ( 9) 86.820  1.000
 131 E   0.00000 0.00000 0.00000 0.00000 0.00000 0.00000 0.00000 0.00000 1.00000 ( 9) 86.821  1.000
 132 K   0.00000 0.00000 0.00000 0.00000 0.00000 0.00000 0.00000 0.00000 0.99999 ( 9) 86.820  1.000
 133 V   0.00000 0.00000 0.00000 0.00000 0.00000 0.00000 0.00000 0.00000 0.99999 ( 9) 86.820  1.000
 134 E   0.00000 0.00000 0.00000 0.00000 0.00000 0.00000 0.00000 0.00000 0.99999 ( 9) 86.820  1.000
 135 I   0.00000 0.00000 0.00000 0.00000 0.00000 0.00000 0.00000 0.00000 0.99999 ( 9) 86.820  1.000
 136 L   0.00000 0.00000 0.00000 0.00000 0.00000 0.00000 0.00000 0.00000 0.99999 ( 9) 86.820  1.000
 137 K   0.00000 0.00000 0.00000 0.00000 0.00000 0.00000 0.00000 0.00000 0.99999 ( 9) 86.820  1.000
 138 Y   0.00000 0.00000 0.00000 0.00000 0.00000 0.00000 0.00000 0.00000 0.99999 ( 9) 86.820  1.000

Positively selected sites

	Prob(w>1)  mean w

     1 M      1.000**       86.820
     2 E      1.000**       86.820
     3 S      1.000**       86.820
     4 D      1.000**       86.820
     5 Y      1.000**       86.820
     6 Q      1.000**       86.820
     7 E      1.000**       86.820
     8 I      1.000**       86.820
     9 Q      1.000**       86.820
    10 Q      1.000**       86.820
    11 H      1.000**       86.820
    12 L      1.000**       86.820
    13 N      1.000**       86.820
    14 Q      1.000**       86.820
    15 L      1.000**       86.820
    16 N      1.000**       86.820
    17 T      1.000**       86.820
    18 S      1.000**       86.820
    19 F      1.000**       86.820
    20 E      1.000**       86.820
    21 E      1.000**       86.820
    22 F      1.000**       86.820
    23 N      1.000**       86.820
    24 A      1.000**       86.820
    25 S      1.000**       86.820
    26 N      1.000**       86.820
    27 W      1.000**       86.820
    28 S      1.000**       86.820
    29 L      1.000**       86.820
    30 I      1.000**       86.820
    31 K      1.000**       86.820
    32 K      1.000**       86.820
    33 L      1.000**       86.820
    34 C      1.000**       86.820
    35 D      1.000**       86.820
    36 T      1.000**       86.820
    37 S      1.000**       86.820
    38 S      1.000**       86.820
    39 G      1.000**       86.820
    40 E      1.000**       86.820
    41 L      1.000**       86.820
    42 Q      1.000**       86.820
    43 P      1.000**       86.820
    44 L      1.000**       86.820
    45 S      1.000**       86.820
    46 A      1.000**       86.820
    47 L      1.000**       86.820
    48 F      1.000**       86.820
    49 G      1.000**       86.820
    50 G      1.000**       86.820
    51 I      1.000**       86.820
    52 A      1.000**       86.820
    53 A      1.000**       86.820
    54 Q      1.000**       86.820
    55 E      1.000**       86.820
    56 A      1.000**       86.820
    57 I      1.000**       86.820
    58 K      1.000**       86.820
    59 A      1.000**       86.820
    60 V      1.000**       86.820
    61 T      1.000**       86.820
    62 Q      1.000**       86.820
    63 Q      1.000**       86.820
    64 F      1.000**       86.820
    65 T      1.000**       86.820
    66 P      1.000**       86.820
    67 I      1.000**       86.820
    68 Q      1.000**       86.820
    69 Q      1.000**       86.820
    70 W      1.000**       86.820
    71 F      1.000**       86.820
    72 I      1.000**       86.820
    73 M      1.000**       86.820
    74 E      1.000**       86.820
    75 C      1.000**       86.820
    76 E      1.000**       86.820
    77 C      1.000**       86.820
    78 L      1.000**       86.820
    79 A      1.000**       86.820
    80 P      1.000**       86.820
    81 S      1.000**       86.820
    82 K      1.000**       86.820
    83 F      1.000**       86.820
    84 E      1.000**       86.820
    85 R      1.000**       86.820
    86 N      1.000**       86.820
    87 T      1.000**       86.820
    88 P      1.000**       86.820
    89 R      1.000**       86.820
    90 T      1.000**       86.820
    91 L      1.000**       86.820
    92 S      1.000**       86.820
    93 K      1.000**       86.820
    94 S      1.000**       86.820
    95 A      1.000**       86.820
    96 T      1.000**       86.820
    97 A      1.000**       86.820
    98 G      1.000**       86.820
    99 Q      1.000**       86.820
   100 N      1.000**       86.820
   101 L      1.000**       86.820
   102 E      1.000**       86.820
   103 H      1.000**       86.820
   104 P      1.000**       86.820
   105 K      1.000**       86.820
   106 F      1.000**       86.820
   107 I      1.000**       86.820
   108 V      1.000**       86.820
   109 G      1.000**       86.820
   110 R      1.000**       86.820
   111 K      1.000**       86.820
   112 R      1.000**       86.820
   113 S      1.000**       86.820
   114 I      1.000**       86.820
   115 R      1.000**       86.820
   116 E      1.000**       86.820
   117 E      1.000**       86.820
   118 E      1.000**       86.820
   119 A      1.000**       86.820
   120 E      1.000**       86.820
   121 S      1.000**       86.820
   122 E      1.000**       86.820
   123 S      1.000**       86.820
   124 L      1.000**       86.820
   125 I      1.000**       86.820
   126 I      1.000**       86.820
   127 Y      1.000**       86.820
   128 F      1.000**       86.820
   129 L      1.000**       86.820
   130 N      1.000**       86.820
   131 E      1.000**       86.821
   132 K      1.000**       86.820
   133 V      1.000**       86.820
   134 E      1.000**       86.820
   135 I      1.000**       86.820
   136 L      1.000**       86.820
   137 K      1.000**       86.820
   138 Y      1.000**       86.820


lnL =  -542.974165

Bayes Empirical Bayes (BEB) probabilities for 11 classes (class) & postmean_w
(amino acids refer to 1st sequence: Smed.24042)

   1 M   0.06866 0.02826 0.02674 0.02646 0.02649 0.02664 0.02693 0.02761 0.02975 0.07792 0.63455 (11)  4.797 +-  3.845
   2 E   0.06867 0.02826 0.02675 0.02646 0.02649 0.02664 0.02693 0.02761 0.02976 0.07793 0.63450 (11)  4.796 +-  3.845
   3 S   0.06866 0.02826 0.02674 0.02646 0.02649 0.02664 0.02693 0.02761 0.02975 0.07792 0.63455 (11)  4.797 +-  3.845
   4 D   0.06868 0.02826 0.02675 0.02646 0.02649 0.02664 0.02693 0.02761 0.02976 0.07793 0.63449 (11)  4.796 +-  3.845
   5 Y   0.06865 0.02825 0.02674 0.02646 0.02649 0.02664 0.02692 0.02760 0.02975 0.07791 0.63459 (11)  4.797 +-  3.845
   6 Q   0.06866 0.02825 0.02674 0.02646 0.02649 0.02664 0.02693 0.02761 0.02975 0.07792 0.63456 (11)  4.797 +-  3.845
   7 E   0.06867 0.02826 0.02675 0.02646 0.02649 0.02664 0.02693 0.02761 0.02976 0.07793 0.63450 (11)  4.796 +-  3.845
   8 I   0.06867 0.02826 0.02675 0.02646 0.02649 0.02664 0.02693 0.02761 0.02976 0.07793 0.63451 (11)  4.796 +-  3.845
   9 Q   0.06868 0.02826 0.02675 0.02646 0.02649 0.02664 0.02693 0.02761 0.02976 0.07793 0.63447 (11)  4.796 +-  3.845
  10 Q   0.06866 0.02825 0.02674 0.02646 0.02649 0.02664 0.02693 0.02761 0.02975 0.07792 0.63456 (11)  4.797 +-  3.845
  11 H   0.06867 0.02826 0.02675 0.02646 0.02649 0.02664 0.02693 0.02761 0.02976 0.07793 0.63449 (11)  4.796 +-  3.845
  12 L   0.06867 0.02826 0.02675 0.02646 0.02649 0.02664 0.02693 0.02761 0.02975 0.07792 0.63453 (11)  4.796 +-  3.845
  13 N   0.06868 0.02826 0.02675 0.02646 0.02649 0.02664 0.02693 0.02761 0.02976 0.07793 0.63446 (11)  4.796 +-  3.845
  14 Q   0.06868 0.02826 0.02675 0.02646 0.02649 0.02664 0.02693 0.02761 0.02976 0.07793 0.63447 (11)  4.796 +-  3.845
  15 L   0.06867 0.02826 0.02675 0.02646 0.02649 0.02664 0.02693 0.02761 0.02975 0.07792 0.63453 (11)  4.796 +-  3.845
  16 N   0.06868 0.02826 0.02675 0.02646 0.02649 0.02664 0.02693 0.02761 0.02976 0.07793 0.63446 (11)  4.796 +-  3.845
  17 T   0.06866 0.02826 0.02674 0.02646 0.02649 0.02664 0.02693 0.02761 0.02975 0.07792 0.63455 (11)  4.797 +-  3.845
  18 S   0.06867 0.02826 0.02675 0.02646 0.02649 0.02664 0.02693 0.02761 0.02975 0.07792 0.63453 (11)  4.796 +-  3.845
  19 F   0.06867 0.02826 0.02675 0.02646 0.02649 0.02664 0.02693 0.02761 0.02976 0.07792 0.63451 (11)  4.796 +-  3.845
  20 E   0.06867 0.02826 0.02675 0.02646 0.02649 0.02664 0.02693 0.02761 0.02976 0.07793 0.63450 (11)  4.796 +-  3.845
  21 E   0.06867 0.02826 0.02675 0.02646 0.02649 0.02664 0.02693 0.02761 0.02976 0.07793 0.63450 (11)  4.796 +-  3.845
  22 F   0.06867 0.02826 0.02675 0.02646 0.02649 0.02664 0.02693 0.02761 0.02976 0.07792 0.63451 (11)  4.796 +-  3.845
  23 N   0.06868 0.02826 0.02675 0.02646 0.02649 0.02664 0.02693 0.02761 0.02976 0.07793 0.63446 (11)  4.796 +-  3.845
  24 A   0.06867 0.02826 0.02675 0.02646 0.02649 0.02664 0.02693 0.02761 0.02975 0.07792 0.63453 (11)  4.796 +-  3.845
  25 S   0.06866 0.02825 0.02674 0.02646 0.02649 0.02664 0.02693 0.02761 0.02975 0.07791 0.63457 (11)  4.797 +-  3.845
  26 N   0.06868 0.02826 0.02675 0.02646 0.02649 0.02664 0.02693 0.02761 0.02976 0.07793 0.63446 (11)  4.796 +-  3.845
  27 W   0.06865 0.02825 0.02674 0.02646 0.02649 0.02664 0.02692 0.02760 0.02975 0.07791 0.63459 (11)  4.797 +-  3.845
  28 S   0.06866 0.02825 0.02674 0.02646 0.02649 0.02664 0.02693 0.02761 0.02975 0.07791 0.63457 (11)  4.797 +-  3.845
  29 L   0.06866 0.02826 0.02674 0.02646 0.02649 0.02664 0.02693 0.02761 0.02975 0.07792 0.63455 (11)  4.797 +-  3.845
  30 I   0.06867 0.02826 0.02675 0.02646 0.02649 0.02664 0.02693 0.02761 0.02975 0.07792 0.63453 (11)  4.796 +-  3.845
  31 K   0.06868 0.02826 0.02675 0.02646 0.02649 0.02664 0.02693 0.02761 0.02976 0.07793 0.63448 (11)  4.796 +-  3.845
  32 K   0.06868 0.02826 0.02675 0.02646 0.02649 0.02664 0.02693 0.02761 0.02976 0.07793 0.63448 (11)  4.796 +-  3.845
  33 L   0.06865 0.02825 0.02674 0.02645 0.02649 0.02664 0.02692 0.02760 0.02975 0.07791 0.63459 (11)  4.797 +-  3.845
  34 C   0.06866 0.02825 0.02674 0.02646 0.02649 0.02664 0.02693 0.02761 0.02975 0.07792 0.63456 (11)  4.797 +-  3.845
  35 D   0.06866 0.02826 0.02674 0.02646 0.02649 0.02664 0.02693 0.02761 0.02975 0.07792 0.63454 (11)  4.796 +-  3.845
  36 T   0.06867 0.02826 0.02675 0.02646 0.02649 0.02664 0.02693 0.02761 0.02976 0.07792 0.63452 (11)  4.796 +-  3.845
  37 S   0.06865 0.02825 0.02674 0.02645 0.02648 0.02663 0.02692 0.02760 0.02975 0.07791 0.63460 (11)  4.797 +-  3.845
  38 S   0.06866 0.02825 0.02674 0.02646 0.02649 0.02664 0.02693 0.02761 0.02975 0.07791 0.63457 (11)  4.797 +-  3.845
  39 G   0.06866 0.02825 0.02674 0.02646 0.02649 0.02664 0.02693 0.02761 0.02975 0.07792 0.63456 (11)  4.797 +-  3.845
  40 E   0.06867 0.02826 0.02675 0.02646 0.02649 0.02664 0.02693 0.02761 0.02976 0.07793 0.63450 (11)  4.796 +-  3.845
  41 L   0.06866 0.02826 0.02674 0.02646 0.02649 0.02664 0.02693 0.02761 0.02975 0.07792 0.63455 (11)  4.797 +-  3.845
  42 Q   0.06868 0.02826 0.02675 0.02646 0.02649 0.02664 0.02693 0.02761 0.02976 0.07793 0.63447 (11)  4.796 +-  3.845
  43 P   0.06867 0.02826 0.02675 0.02646 0.02649 0.02664 0.02693 0.02761 0.02975 0.07792 0.63453 (11)  4.796 +-  3.845
  44 L   0.06866 0.02826 0.02674 0.02646 0.02649 0.02664 0.02693 0.02761 0.02975 0.07792 0.63455 (11)  4.797 +-  3.845
  45 S   0.06867 0.02826 0.02675 0.02646 0.02649 0.02664 0.02693 0.02761 0.02975 0.07792 0.63453 (11)  4.796 +-  3.845
  46 A   0.06867 0.02826 0.02675 0.02646 0.02649 0.02664 0.02693 0.02761 0.02975 0.07792 0.63453 (11)  4.796 +-  3.845
  47 L   0.06867 0.02826 0.02675 0.02646 0.02649 0.02664 0.02693 0.02761 0.02975 0.07792 0.63453 (11)  4.796 +-  3.845
  48 F   0.06867 0.02826 0.02675 0.02646 0.02649 0.02664 0.02693 0.02761 0.02976 0.07792 0.63451 (11)  4.796 +-  3.845
  49 G   0.06866 0.02825 0.02674 0.02646 0.02649 0.02664 0.02693 0.02761 0.02975 0.07792 0.63456 (11)  4.797 +-  3.845
  50 G   0.06865 0.02825 0.02674 0.02645 0.02648 0.02663 0.02692 0.02760 0.02975 0.07791 0.63460 (11)  4.797 +-  3.845
  51 I   0.06866 0.02825 0.02674 0.02646 0.02649 0.02664 0.02693 0.02761 0.02975 0.07791 0.63458 (11)  4.797 +-  3.845
  52 A   0.06867 0.02826 0.02675 0.02646 0.02649 0.02664 0.02693 0.02761 0.02975 0.07792 0.63453 (11)  4.796 +-  3.845
  53 A   0.06867 0.02826 0.02675 0.02646 0.02649 0.02664 0.02693 0.02761 0.02975 0.07792 0.63453 (11)  4.796 +-  3.845
  54 Q   0.06866 0.02825 0.02674 0.02646 0.02649 0.02664 0.02693 0.02761 0.02975 0.07792 0.63456 (11)  4.797 +-  3.845
  55 E   0.06867 0.02826 0.02675 0.02646 0.02649 0.02664 0.02693 0.02761 0.02976 0.07793 0.63450 (11)  4.796 +-  3.845
  56 A   0.06866 0.02825 0.02674 0.02646 0.02649 0.02664 0.02693 0.02761 0.02975 0.07792 0.63456 (11)  4.797 +-  3.845
  57 I   0.06867 0.02826 0.02675 0.02646 0.02649 0.02664 0.02693 0.02761 0.02975 0.07792 0.63453 (11)  4.796 +-  3.845
  58 K   0.06868 0.02826 0.02675 0.02646 0.02649 0.02664 0.02693 0.02761 0.02976 0.07793 0.63448 (11)  4.796 +-  3.845
  59 A   0.06866 0.02825 0.02674 0.02646 0.02649 0.02664 0.02693 0.02761 0.02975 0.07792 0.63456 (11)  4.797 +-  3.845
  60 V   0.06865 0.02825 0.02674 0.02645 0.02649 0.02664 0.02692 0.02760 0.02975 0.07791 0.63459 (11)  4.797 +-  3.845
  61 T   0.06866 0.02826 0.02674 0.02646 0.02649 0.02664 0.02693 0.02761 0.02975 0.07792 0.63455 (11)  4.797 +-  3.845
  62 Q   0.06868 0.02826 0.02675 0.02646 0.02649 0.02664 0.02693 0.02761 0.02976 0.07793 0.63447 (11)  4.796 +-  3.845
  63 Q   0.06866 0.02825 0.02674 0.02646 0.02649 0.02664 0.02693 0.02761 0.02975 0.07792 0.63456 (11)  4.797 +-  3.845
  64 F   0.06867 0.02826 0.02675 0.02646 0.02649 0.02664 0.02693 0.02761 0.02976 0.07792 0.63451 (11)  4.796 +-  3.845
  65 T   0.06865 0.02825 0.02674 0.02645 0.02649 0.02664 0.02692 0.02760 0.02975 0.07791 0.63459 (11)  4.797 +-  3.845
  66 P   0.06865 0.02825 0.02674 0.02645 0.02648 0.02663 0.02692 0.02760 0.02975 0.07791 0.63460 (11)  4.797 +-  3.845
  67 I   0.06867 0.02826 0.02675 0.02646 0.02649 0.02664 0.02693 0.02761 0.02976 0.07793 0.63451 (11)  4.796 +-  3.845
  68 Q   0.06868 0.02826 0.02675 0.02646 0.02649 0.02664 0.02693 0.02761 0.02976 0.07793 0.63447 (11)  4.796 +-  3.845
  69 Q   0.06868 0.02826 0.02675 0.02646 0.02649 0.02664 0.02693 0.02761 0.02976 0.07793 0.63447 (11)  4.796 +-  3.845
  70 W   0.06865 0.02825 0.02674 0.02646 0.02649 0.02664 0.02692 0.02760 0.02975 0.07791 0.63459 (11)  4.797 +-  3.845
  71 F   0.06867 0.02826 0.02675 0.02646 0.02649 0.02664 0.02693 0.02761 0.02976 0.07792 0.63451 (11)  4.796 +-  3.845
  72 I   0.06867 0.02826 0.02675 0.02646 0.02649 0.02664 0.02693 0.02761 0.02975 0.07792 0.63453 (11)  4.796 +-  3.845
  73 M   0.06866 0.02826 0.02674 0.02646 0.02649 0.02664 0.02693 0.02761 0.02975 0.07792 0.63455 (11)  4.797 +-  3.845
  74 E   0.06866 0.02825 0.02674 0.02646 0.02649 0.02664 0.02693 0.02761 0.02975 0.07792 0.63456 (11)  4.797 +-  3.845
  75 C   0.06865 0.02825 0.02674 0.02645 0.02648 0.02664 0.02692 0.02760 0.02975 0.07791 0.63460 (11)  4.797 +-  3.845
  76 E   0.06866 0.02825 0.02674 0.02646 0.02649 0.02664 0.02693 0.02761 0.02975 0.07792 0.63456 (11)  4.797 +-  3.845
  77 C   0.06865 0.02825 0.02674 0.02645 0.02648 0.02664 0.02692 0.02760 0.02975 0.07791 0.63460 (11)  4.797 +-  3.845
  78 L   0.06867 0.02826 0.02675 0.02646 0.02649 0.02664 0.02693 0.02761 0.02975 0.07792 0.63453 (11)  4.796 +-  3.845
  79 A   0.06866 0.02825 0.02674 0.02646 0.02649 0.02664 0.02693 0.02761 0.02975 0.07792 0.63456 (11)  4.797 +-  3.845
  80 P   0.06867 0.02826 0.02675 0.02646 0.02649 0.02664 0.02693 0.02761 0.02975 0.07792 0.63453 (11)  4.796 +-  3.845
  81 S   0.06866 0.02825 0.02674 0.02646 0.02649 0.02664 0.02693 0.02761 0.02975 0.07791 0.63457 (11)  4.797 +-  3.845
  82 K   0.06868 0.02826 0.02675 0.02646 0.02649 0.02664 0.02693 0.02761 0.02976 0.07793 0.63448 (11)  4.796 +-  3.845
  83 F   0.06867 0.02826 0.02675 0.02646 0.02649 0.02664 0.02693 0.02761 0.02976 0.07792 0.63451 (11)  4.796 +-  3.845
  84 E   0.06867 0.02826 0.02675 0.02646 0.02649 0.02664 0.02693 0.02761 0.02976 0.07793 0.63450 (11)  4.796 +-  3.845
  85 R   0.06866 0.02825 0.02674 0.02646 0.02649 0.02664 0.02693 0.02761 0.02975 0.07791 0.63458 (11)  4.797 +-  3.845
  86 N   0.06868 0.02826 0.02675 0.02646 0.02649 0.02664 0.02693 0.02761 0.02976 0.07793 0.63446 (11)  4.796 +-  3.845
  87 T   0.06867 0.02826 0.02675 0.02646 0.02649 0.02664 0.02693 0.02761 0.02976 0.07792 0.63452 (11)  4.796 +-  3.845
  88 P   0.06867 0.02826 0.02675 0.02646 0.02649 0.02664 0.02693 0.02761 0.02975 0.07792 0.63453 (11)  4.796 +-  3.845
  89 R   0.06865 0.02825 0.02674 0.02645 0.02648 0.02663 0.02692 0.02760 0.02975 0.07791 0.63460 (11)  4.797 +-  3.845
  90 T   0.06866 0.02826 0.02674 0.02646 0.02649 0.02664 0.02693 0.02761 0.02975 0.07792 0.63455 (11)  4.797 +-  3.845
  91 L   0.06867 0.02826 0.02675 0.02646 0.02649 0.02664 0.02693 0.02761 0.02975 0.07792 0.63453 (11)  4.796 +-  3.845
  92 S   0.06866 0.02826 0.02674 0.02646 0.02649 0.02664 0.02693 0.02761 0.02975 0.07792 0.63455 (11)  4.797 +-  3.845
  93 K   0.06868 0.02826 0.02675 0.02646 0.02649 0.02664 0.02693 0.02761 0.02976 0.07793 0.63448 (11)  4.796 +-  3.845
  94 S   0.06866 0.02825 0.02674 0.02646 0.02649 0.02664 0.02693 0.02761 0.02975 0.07791 0.63457 (11)  4.797 +-  3.845
  95 A   0.06865 0.02825 0.02674 0.02645 0.02648 0.02664 0.02692 0.02760 0.02975 0.07791 0.63460 (11)  4.797 +-  3.845
  96 T   0.06867 0.02826 0.02675 0.02646 0.02649 0.02664 0.02693 0.02761 0.02976 0.07792 0.63452 (11)  4.796 +-  3.845
  97 A   0.06865 0.02825 0.02674 0.02645 0.02648 0.02664 0.02692 0.02760 0.02975 0.07791 0.63460 (11)  4.797 +-  3.845
  98 G   0.06865 0.02825 0.02674 0.02645 0.02648 0.02663 0.02692 0.02760 0.02975 0.07791 0.63460 (11)  4.797 +-  3.845
  99 Q   0.06868 0.02826 0.02675 0.02646 0.02649 0.02664 0.02693 0.02761 0.02976 0.07793 0.63447 (11)  4.796 +-  3.845
 100 N   0.06868 0.02826 0.02675 0.02646 0.02649 0.02664 0.02693 0.02761 0.02976 0.07793 0.63446 (11)  4.796 +-  3.845
 101 L   0.06866 0.02826 0.02674 0.02646 0.02649 0.02664 0.02693 0.02761 0.02975 0.07792 0.63455 (11)  4.797 +-  3.845
 102 E   0.06867 0.02826 0.02675 0.02646 0.02649 0.02664 0.02693 0.02761 0.02976 0.07793 0.63450 (11)  4.796 +-  3.845
 103 H   0.06867 0.02826 0.02675 0.02646 0.02649 0.02664 0.02693 0.02761 0.02976 0.07793 0.63449 (11)  4.796 +-  3.845
 104 P   0.06867 0.02826 0.02675 0.02646 0.02649 0.02664 0.02693 0.02761 0.02975 0.07792 0.63453 (11)  4.796 +-  3.845
 105 K   0.06868 0.02826 0.02675 0.02646 0.02649 0.02664 0.02693 0.02761 0.02976 0.07793 0.63448 (11)  4.796 +-  3.845
 106 F   0.06867 0.02826 0.02675 0.02646 0.02649 0.02664 0.02693 0.02761 0.02976 0.07792 0.63451 (11)  4.796 +-  3.845
 107 I   0.06867 0.02826 0.02675 0.02646 0.02649 0.02664 0.02693 0.02761 0.02975 0.07792 0.63453 (11)  4.796 +-  3.845
 108 V   0.06865 0.02825 0.02674 0.02645 0.02649 0.02664 0.02692 0.02760 0.02975 0.07791 0.63459 (11)  4.797 +-  3.845
 109 G   0.06866 0.02825 0.02674 0.02646 0.02649 0.02664 0.02693 0.02761 0.02975 0.07792 0.63456 (11)  4.797 +-  3.845
 110 R   0.06866 0.02825 0.02674 0.02646 0.02649 0.02664 0.02693 0.02761 0.02975 0.07791 0.63458 (11)  4.797 +-  3.845
 111 K   0.06868 0.02826 0.02675 0.02646 0.02649 0.02664 0.02693 0.02761 0.02976 0.07793 0.63448 (11)  4.796 +-  3.845
 112 R   0.06867 0.02826 0.02675 0.02646 0.02649 0.02664 0.02693 0.02761 0.02975 0.07792 0.63454 (11)  4.796 +-  3.845
 113 S   0.06866 0.02825 0.02674 0.02646 0.02649 0.02664 0.02693 0.02761 0.02975 0.07791 0.63457 (11)  4.797 +-  3.845
 114 I   0.06867 0.02826 0.02675 0.02646 0.02649 0.02664 0.02693 0.02761 0.02976 0.07793 0.63451 (11)  4.796 +-  3.845
 115 R   0.06867 0.02826 0.02675 0.02646 0.02649 0.02664 0.02693 0.02761 0.02975 0.07792 0.63454 (11)  4.796 +-  3.845
 116 E   0.06867 0.02826 0.02675 0.02646 0.02649 0.02664 0.02693 0.02761 0.02976 0.07793 0.63450 (11)  4.796 +-  3.845
 117 E   0.06867 0.02826 0.02675 0.02646 0.02649 0.02664 0.02693 0.02761 0.02976 0.07793 0.63450 (11)  4.796 +-  3.845
 118 E   0.06867 0.02826 0.02675 0.02646 0.02649 0.02664 0.02693 0.02761 0.02976 0.07793 0.63450 (11)  4.796 +-  3.845
 119 A   0.06866 0.02825 0.02674 0.02646 0.02649 0.02664 0.02693 0.02761 0.02975 0.07792 0.63456 (11)  4.797 +-  3.845
 120 E   0.06867 0.02826 0.02675 0.02646 0.02649 0.02664 0.02693 0.02761 0.02976 0.07793 0.63450 (11)  4.796 +-  3.845
 121 S   0.06866 0.02825 0.02674 0.02646 0.02649 0.02664 0.02693 0.02761 0.02975 0.07791 0.63457 (11)  4.797 +-  3.845
 122 E   0.06867 0.02826 0.02675 0.02646 0.02649 0.02664 0.02693 0.02761 0.02976 0.07793 0.63450 (11)  4.796 +-  3.845
 123 S   0.06867 0.02826 0.02675 0.02646 0.02649 0.02664 0.02693 0.02761 0.02975 0.07792 0.63453 (11)  4.796 +-  3.845
 124 L   0.06866 0.02826 0.02674 0.02646 0.02649 0.02664 0.02693 0.02761 0.02975 0.07792 0.63455 (11)  4.797 +-  3.845
 125 I   0.06867 0.02826 0.02675 0.02646 0.02649 0.02664 0.02693 0.02761 0.02975 0.07792 0.63453 (11)  4.796 +-  3.845
 126 I   0.06867 0.02826 0.02675 0.02646 0.02649 0.02664 0.02693 0.02761 0.02976 0.07793 0.63451 (11)  4.796 +-  3.845
 127 Y   0.06867 0.02826 0.02675 0.02646 0.02649 0.02664 0.02693 0.02761 0.02975 0.07792 0.63452 (11)  4.796 +-  3.845
 128 F   0.06867 0.02826 0.02675 0.02646 0.02649 0.02664 0.02693 0.02761 0.02976 0.07792 0.63451 (11)  4.796 +-  3.845
 129 L   0.06866 0.02825 0.02674 0.02646 0.02649 0.02664 0.02693 0.02761 0.02975 0.07791 0.63457 (11)  4.797 +-  3.845
 130 N   0.06868 0.02826 0.02675 0.02646 0.02649 0.02664 0.02693 0.02761 0.02976 0.07793 0.63446 (11)  4.796 +-  3.845
 131 E   0.00159 0.00189 0.00295 0.00405 0.00518 0.00633 0.00752 0.00883 0.01068 0.03013 0.92085 (11)  6.804 +-  3.016
 132 K   0.06866 0.02826 0.02674 0.02646 0.02649 0.02664 0.02693 0.02761 0.02975 0.07792 0.63454 (11)  4.797 +-  3.845
 133 V   0.06865 0.02825 0.02674 0.02645 0.02649 0.02664 0.02692 0.02760 0.02975 0.07791 0.63459 (11)  4.797 +-  3.845
 134 E   0.06867 0.02826 0.02675 0.02646 0.02649 0.02664 0.02693 0.02761 0.02976 0.07793 0.63450 (11)  4.796 +-  3.845
 135 I   0.06867 0.02826 0.02675 0.02646 0.02649 0.02664 0.02693 0.02761 0.02976 0.07793 0.63451 (11)  4.796 +-  3.845
 136 L   0.06866 0.02825 0.02674 0.02646 0.02649 0.02664 0.02693 0.02761 0.02975 0.07791 0.63457 (11)  4.797 +-  3.845
 137 K   0.06868 0.02826 0.02675 0.02646 0.02649 0.02664 0.02693 0.02761 0.02976 0.07793 0.63448 (11)  4.796 +-  3.845
 138 Y   0.06867 0.02826 0.02675 0.02646 0.02649 0.02664 0.02693 0.02761 0.02975 0.07792 0.63452 (11)  4.796 +-  3.845

Positively selected sites

	Prob(w>1)  mean w

     1 M      0.635         4.797 +- 3.845
     2 E      0.635         4.796 +- 3.845
     3 S      0.635         4.797 +- 3.845
     4 D      0.634         4.796 +- 3.845
     5 Y      0.635         4.797 +- 3.845
     6 Q      0.635         4.797 +- 3.845
     7 E      0.635         4.796 +- 3.845
     8 I      0.635         4.796 +- 3.845
     9 Q      0.634         4.796 +- 3.845
    10 Q      0.635         4.797 +- 3.845
    11 H      0.634         4.796 +- 3.845
    12 L      0.635         4.796 +- 3.845
    13 N      0.634         4.796 +- 3.845
    14 Q      0.634         4.796 +- 3.845
    15 L      0.635         4.796 +- 3.845
    16 N      0.634         4.796 +- 3.845
    17 T      0.635         4.797 +- 3.845
    18 S      0.635         4.796 +- 3.845
    19 F      0.635         4.796 +- 3.845
    20 E      0.635         4.796 +- 3.845
    21 E      0.635         4.796 +- 3.845
    22 F      0.635         4.796 +- 3.845
    23 N      0.634         4.796 +- 3.845
    24 A      0.635         4.796 +- 3.845
    25 S      0.635         4.797 +- 3.845
    26 N      0.634         4.796 +- 3.845
    27 W      0.635         4.797 +- 3.845
    28 S      0.635         4.797 +- 3.845
    29 L      0.635         4.797 +- 3.845
    30 I      0.635         4.796 +- 3.845
    31 K      0.634         4.796 +- 3.845
    32 K      0.634         4.796 +- 3.845
    33 L      0.635         4.797 +- 3.845
    34 C      0.635         4.797 +- 3.845
    35 D      0.635         4.796 +- 3.845
    36 T      0.635         4.796 +- 3.845
    37 S      0.635         4.797 +- 3.845
    38 S      0.635         4.797 +- 3.845
    39 G      0.635         4.797 +- 3.845
    40 E      0.635         4.796 +- 3.845
    41 L      0.635         4.797 +- 3.845
    42 Q      0.634         4.796 +- 3.845
    43 P      0.635         4.796 +- 3.845
    44 L      0.635         4.797 +- 3.845
    45 S      0.635         4.796 +- 3.845
    46 A      0.635         4.796 +- 3.845
    47 L      0.635         4.796 +- 3.845
    48 F      0.635         4.796 +- 3.845
    49 G      0.635         4.797 +- 3.845
    50 G      0.635         4.797 +- 3.845
    51 I      0.635         4.797 +- 3.845
    52 A      0.635         4.796 +- 3.845
    53 A      0.635         4.796 +- 3.845
    54 Q      0.635         4.797 +- 3.845
    55 E      0.635         4.796 +- 3.845
    56 A      0.635         4.797 +- 3.845
    57 I      0.635         4.796 +- 3.845
    58 K      0.634         4.796 +- 3.845
    59 A      0.635         4.797 +- 3.845
    60 V      0.635         4.797 +- 3.845
    61 T      0.635         4.797 +- 3.845
    62 Q      0.634         4.796 +- 3.845
    63 Q      0.635         4.797 +- 3.845
    64 F      0.635         4.796 +- 3.845
    65 T      0.635         4.797 +- 3.845
    66 P      0.635         4.797 +- 3.845
    67 I      0.635         4.796 +- 3.845
    68 Q      0.634         4.796 +- 3.845
    69 Q      0.634         4.796 +- 3.845
    70 W      0.635         4.797 +- 3.845
    71 F      0.635         4.796 +- 3.845
    72 I      0.635         4.796 +- 3.845
    73 M      0.635         4.797 +- 3.845
    74 E      0.635         4.797 +- 3.845
    75 C      0.635         4.797 +- 3.845
    76 E      0.635         4.797 +- 3.845
    77 C      0.635         4.797 +- 3.845
    78 L      0.635         4.796 +- 3.845
    79 A      0.635         4.797 +- 3.845
    80 P      0.635         4.796 +- 3.845
    81 S      0.635         4.797 +- 3.845
    82 K      0.634         4.796 +- 3.845
    83 F      0.635         4.796 +- 3.845
    84 E      0.635         4.796 +- 3.845
    85 R      0.635         4.797 +- 3.845
    86 N      0.634         4.796 +- 3.845
    87 T      0.635         4.796 +- 3.845
    88 P      0.635         4.796 +- 3.845
    89 R      0.635         4.797 +- 3.845
    90 T      0.635         4.797 +- 3.845
    91 L      0.635         4.796 +- 3.845
    92 S      0.635         4.797 +- 3.845
    93 K      0.634         4.796 +- 3.845
    94 S      0.635         4.797 +- 3.845
    95 A      0.635         4.797 +- 3.845
    96 T      0.635         4.796 +- 3.845
    97 A      0.635         4.797 +- 3.845
    98 G      0.635         4.797 +- 3.845
    99 Q      0.634         4.796 +- 3.845
   100 N      0.634         4.796 +- 3.845
   101 L      0.635         4.797 +- 3.845
   102 E      0.635         4.796 +- 3.845
   103 H      0.634         4.796 +- 3.845
   104 P      0.635         4.796 +- 3.845
   105 K      0.634         4.796 +- 3.845
   106 F      0.635         4.796 +- 3.845
   107 I      0.635         4.796 +- 3.845
   108 V      0.635         4.797 +- 3.845
   109 G      0.635         4.797 +- 3.845
   110 R      0.635         4.797 +- 3.845
   111 K      0.634         4.796 +- 3.845
   112 R      0.635         4.796 +- 3.845
   113 S      0.635         4.797 +- 3.845
   114 I      0.635         4.796 +- 3.845
   115 R      0.635         4.796 +- 3.845
   116 E      0.635         4.796 +- 3.845
   117 E      0.635         4.796 +- 3.845
   118 E      0.635         4.796 +- 3.845
   119 A      0.635         4.797 +- 3.845
   120 E      0.635         4.796 +- 3.845
   121 S      0.635         4.797 +- 3.845
   122 E      0.635         4.796 +- 3.845
   123 S      0.635         4.796 +- 3.845
   124 L      0.635         4.797 +- 3.845
   125 I      0.635         4.796 +- 3.845
   126 I      0.635         4.796 +- 3.845
   127 Y      0.635         4.796 +- 3.845
   128 F      0.635         4.796 +- 3.845
   129 L      0.635         4.797 +- 3.845
   130 N      0.634         4.796 +- 3.845
   131 E      0.921         6.804 +- 3.016
   132 K      0.635         4.797 +- 3.845
   133 V      0.635         4.797 +- 3.845
   134 E      0.635         4.796 +- 3.845
   135 I      0.635         4.796 +- 3.845
   136 L      0.635         4.797 +- 3.845
   137 K      0.634         4.796 +- 3.845
   138 Y      0.635         4.796 +- 3.845

