Supplemental results for CODEML (seqf: algn  treef: tree)


dN/dS (w) for site classes (K=2)

p:   0.99999  0.00001
w:   0.16356  1.00000

Naive Empirical Bayes (NEB) probabilities for 2 classes & postmean_w
(amino acids refer to 1st sequence: Mlig.23898)

   1 K   0.99995 0.00005 ( 1)  0.164
   2 D   0.99999 0.00001 ( 1)  0.164
   3 K   0.99995 0.00005 ( 1)  0.164
   4 K   0.99999 0.00001 ( 1)  0.164
   5 M   0.99999 0.00001 ( 1)  0.164
   6 Q   0.99999 0.00001 ( 1)  0.164
   7 N   0.99999 0.00001 ( 1)  0.164
   8 F   0.99999 0.00001 ( 1)  0.164
   9 E   0.99999 0.00001 ( 1)  0.164
  10 A   0.99999 0.00001 ( 1)  0.164
  11 T   0.99999 0.00001 ( 1)  0.164
  12 K   0.99999 0.00001 ( 1)  0.164
  13 C   0.99999 0.00001 ( 1)  0.164
  14 P   0.99999 0.00001 ( 1)  0.164
  15 S   0.99999 0.00001 ( 1)  0.164
  16 D   0.99999 0.00001 ( 1)  0.164
  17 E   0.99999 0.00001 ( 1)  0.164
  18 L   0.99999 0.00001 ( 1)  0.164
  19 S   0.99999 0.00001 ( 1)  0.164
  20 L   0.99999 0.00001 ( 1)  0.164
  21 T   0.99999 0.00001 ( 1)  0.164
  22 N   0.99999 0.00001 ( 1)  0.164
  23 K   0.99999 0.00001 ( 1)  0.164
  24 I   0.99999 0.00001 ( 1)  0.164
  25 F   0.99999 0.00001 ( 1)  0.164
  26 F   0.99999 0.00001 ( 1)  0.164
  27 N   0.99999 0.00001 ( 1)  0.164
  28 P   0.99999 0.00001 ( 1)  0.164
  29 N   0.99999 0.00001 ( 1)  0.164
  30 D   0.99999 0.00001 ( 1)  0.164
  31 V   0.99999 0.00001 ( 1)  0.164
  32 R   0.99999 0.00001 ( 1)  0.164
  33 S   0.99999 0.00001 ( 1)  0.164
  34 L   0.99999 0.00001 ( 1)  0.164
  35 K   0.99999 0.00001 ( 1)  0.164
  36 N   0.99999 0.00001 ( 1)  0.164
  37 Q   0.99999 0.00001 ( 1)  0.164
  38 F   0.99999 0.00001 ( 1)  0.164
  39 I   0.99999 0.00001 ( 1)  0.164
  40 K   0.99999 0.00001 ( 1)  0.164
  41 I   0.99999 0.00001 ( 1)  0.164
  42 H   0.99999 0.00001 ( 1)  0.164
  43 S   0.99999 0.00001 ( 1)  0.164
  44 G   0.99999 0.00001 ( 1)  0.164
  45 S   0.99999 0.00001 ( 1)  0.164
  46 G   0.99999 0.00001 ( 1)  0.164
  47 S   0.99999 0.00001 ( 1)  0.164
  48 Y   0.99999 0.00001 ( 1)  0.164
  49 A   0.99999 0.00001 ( 1)  0.164
  50 F   0.99999 0.00001 ( 1)  0.164
  51 L   0.99999 0.00001 ( 1)  0.164
  52 L   0.99999 0.00001 ( 1)  0.164
  53 D   0.99999 0.00001 ( 1)  0.164
  54 S   0.99999 0.00001 ( 1)  0.164
  55 N   0.99999 0.00001 ( 1)  0.164
  56 P   0.99999 0.00001 ( 1)  0.164
  57 S   0.99999 0.00001 ( 1)  0.164
  58 I   0.99999 0.00001 ( 1)  0.164
  59 P   0.99999 0.00001 ( 1)  0.164
  60 T   0.99999 0.00001 ( 1)  0.164
  61 G   0.99995 0.00005 ( 1)  0.164
  62 K   0.99999 0.00001 ( 1)  0.164
  63 A   0.99999 0.00001 ( 1)  0.164
  64 G   0.99999 0.00001 ( 1)  0.164
  65 F   0.99999 0.00001 ( 1)  0.164
  66 S   0.99995 0.00005 ( 1)  0.164
  67 L   0.99999 0.00001 ( 1)  0.164
  68 V   0.99999 0.00001 ( 1)  0.164
  69 Q   0.99995 0.00005 ( 1)  0.164
  70 R   0.99999 0.00001 ( 1)  0.164
  71 R   0.99999 0.00001 ( 1)  0.164
  72 W   0.99999 0.00001 ( 1)  0.164
  73 A   0.99999 0.00001 ( 1)  0.164
  74 N   0.99999 0.00001 ( 1)  0.164
  75 V   0.99999 0.00001 ( 1)  0.164
  76 S   0.99999 0.00001 ( 1)  0.164
  77 I   0.99999 0.00001 ( 1)  0.164
  78 G   0.99999 0.00001 ( 1)  0.164
  79 Q   0.99999 0.00001 ( 1)  0.164
  80 P   0.99999 0.00001 ( 1)  0.164
  81 V   0.99999 0.00001 ( 1)  0.164
  82 G   0.99996 0.00004 ( 1)  0.164
  83 V   0.99999 0.00001 ( 1)  0.164
  84 E   0.99999 0.00001 ( 1)  0.164
  85 F   0.99999 0.00001 ( 1)  0.164
  86 N   0.99995 0.00005 ( 1)  0.164
  87 C   0.99999 0.00001 ( 1)  0.164
  88 S   0.99995 0.00005 ( 1)  0.164
  89 F   0.99999 0.00001 ( 1)  0.164
  90 D   0.99999 0.00001 ( 1)  0.164
  91 P   0.99995 0.00005 ( 1)  0.164
  92 R   0.99999 0.00001 ( 1)  0.164
  93 T   0.99999 0.00001 ( 1)  0.164
  94 T   0.99999 0.00001 ( 1)  0.164
  95 C   0.99999 0.00001 ( 1)  0.164
  96 I   0.99999 0.00001 ( 1)  0.164
  97 A   0.99999 0.00001 ( 1)  0.164
  98 T   0.99999 0.00001 ( 1)  0.164
  99 V   0.99999 0.00001 ( 1)  0.164
 100 T   0.99999 0.00001 ( 1)  0.164
 101 L   0.99999 0.00001 ( 1)  0.164
 102 E   0.99999 0.00001 ( 1)  0.164
 103 A   0.99999 0.00001 ( 1)  0.164
 104 D   0.99995 0.00005 ( 1)  0.164
 105 F   0.99999 0.00001 ( 1)  0.164
 106 L   0.99999 0.00001 ( 1)  0.164
 107 L   0.99999 0.00001 ( 1)  0.164
 108 K   0.99999 0.00001 ( 1)  0.164
 109 K   0.99999 0.00001 ( 1)  0.164
 110 S   0.99999 0.00001 ( 1)  0.164
 111 T   0.99999 0.00001 ( 1)  0.164
 112 T   0.99999 0.00001 ( 1)  0.164
 113 T   0.99999 0.00001 ( 1)  0.164
 114 D   0.99999 0.00001 ( 1)  0.164
 115 P   0.99999 0.00001 ( 1)  0.164
 116 Y   0.99999 0.00001 ( 1)  0.164
 117 N   0.99999 0.00001 ( 1)  0.164
 118 S   0.99999 0.00001 ( 1)  0.164
 119 D   0.99999 0.00001 ( 1)  0.164
 120 E   0.99999 0.00001 ( 1)  0.164
 121 M   0.99999 0.00001 ( 1)  0.164
 122 L   0.99999 0.00001 ( 1)  0.164
 123 I   0.99999 0.00001 ( 1)  0.164
 124 E   0.99999 0.00001 ( 1)  0.164
 125 F   0.99999 0.00001 ( 1)  0.164
 126 T   0.99999 0.00001 ( 1)  0.164
 127 Q   0.99999 0.00001 ( 1)  0.164
 128 C   0.99999 0.00001 ( 1)  0.164
 129 F   0.99999 0.00001 ( 1)  0.164
 130 P   0.99999 0.00001 ( 1)  0.164
 131 Q   0.99999 0.00001 ( 1)  0.164
 132 M   0.99999 0.00001 ( 1)  0.164
 133 P   0.99999 0.00001 ( 1)  0.164
 134 L   0.99999 0.00001 ( 1)  0.164
 135 T   0.99999 0.00001 ( 1)  0.164
 136 V   0.99999 0.00001 ( 1)  0.164
 137 G   0.99999 0.00001 ( 1)  0.164
 138 Q   0.99999 0.00001 ( 1)  0.164
 139 E   0.99999 0.00001 ( 1)  0.164
 140 I   0.99999 0.00001 ( 1)  0.164
 141 V   0.99999 0.00001 ( 1)  0.164
 142 F   0.99999 0.00001 ( 1)  0.164
 143 K   0.99999 0.00001 ( 1)  0.164
 144 F   0.99999 0.00001 ( 1)  0.164
 145 K   0.99999 0.00001 ( 1)  0.164
 146 D   0.99999 0.00001 ( 1)  0.164
 147 K   0.99999 0.00001 ( 1)  0.164
 148 K   0.99999 0.00001 ( 1)  0.164
 149 H   0.99999 0.00001 ( 1)  0.164
 150 L   0.99999 0.00001 ( 1)  0.164
 151 L   0.99999 0.00001 ( 1)  0.164
 152 L   0.99999 0.00001 ( 1)  0.164
 153 R   0.99999 0.00001 ( 1)  0.164
 154 V   0.99999 0.00001 ( 1)  0.164
 155 K   0.99999 0.00001 ( 1)  0.164
 156 E   0.99999 0.00001 ( 1)  0.164
 157 M   0.99999 0.00001 ( 1)  0.164
 158 E   0.99999 0.00001 ( 1)  0.164
 159 T   0.99999 0.00001 ( 1)  0.164
 160 L   0.99999 0.00001 ( 1)  0.164
 161 Q   0.99999 0.00001 ( 1)  0.164
 162 P   0.99999 0.00001 ( 1)  0.164
 163 R   0.99999 0.00001 ( 1)  0.164
 164 G   0.99999 0.00001 ( 1)  0.164
 165 D   0.99999 0.00001 ( 1)  0.164
 166 V   0.99999 0.00001 ( 1)  0.164
 167 V   0.99999 0.00001 ( 1)  0.164
 168 A   0.99999 0.00001 ( 1)  0.164
 169 A   0.99999 0.00001 ( 1)  0.164
 170 Q   0.99999 0.00001 ( 1)  0.164
 171 F   0.99999 0.00001 ( 1)  0.164
 172 G   0.99999 0.00001 ( 1)  0.164
 173 V   0.99999 0.00001 ( 1)  0.164
 174 I   0.99999 0.00001 ( 1)  0.164
 175 S   0.99999 0.00001 ( 1)  0.164
 176 G   0.99999 0.00001 ( 1)  0.164
 177 N   0.99995 0.00005 ( 1)  0.164
 178 T   0.99999 0.00001 ( 1)  0.164
 179 I   0.99999 0.00001 ( 1)  0.164
 180 A   0.99999 0.00001 ( 1)  0.164
 181 T   0.99999 0.00001 ( 1)  0.164
 182 E   0.99999 0.00001 ( 1)  0.164
 183 K   0.99999 0.00001 ( 1)  0.164
 184 L   0.99999 0.00001 ( 1)  0.164
 185 P   0.99999 0.00001 ( 1)  0.164
 186 D   0.99999 0.00001 ( 1)  0.164
 187 S   0.99999 0.00001 ( 1)  0.164
 188 P   0.99999 0.00001 ( 1)  0.164
 189 L   0.99999 0.00001 ( 1)  0.164
 190 V   0.99999 0.00001 ( 1)  0.164
 191 L   0.99999 0.00001 ( 1)  0.164
 192 T   0.99999 0.00001 ( 1)  0.164
 193 G   0.99999 0.00001 ( 1)  0.164
 194 K   0.99999 0.00001 ( 1)  0.164
 195 A   0.99999 0.00001 ( 1)  0.164
 196 K   0.99999 0.00001 ( 1)  0.164
 197 A   0.99999 0.00001 ( 1)  0.164
 198 K   0.99999 0.00001 ( 1)  0.164
 199 Q   0.99999 0.00001 ( 1)  0.164
 200 P   0.99999 0.00001 ( 1)  0.164
 201 Y   0.99999 0.00001 ( 1)  0.164
 202 Q   0.99999 0.00001 ( 1)  0.164
 203 S   0.99999 0.00001 ( 1)  0.164
 204 I   0.99999 0.00001 ( 1)  0.164
 205 I   0.99999 0.00001 ( 1)  0.164
 206 N   0.99999 0.00001 ( 1)  0.164
 207 P   0.99999 0.00001 ( 1)  0.164
 208 D   0.99999 0.00001 ( 1)  0.164
 209 W   0.99999 0.00001 ( 1)  0.164
 210 N   0.99999 0.00001 ( 1)  0.164
 211 F   0.99999 0.00001 ( 1)  0.164
 212 S   0.99999 0.00001 ( 1)  0.164
 213 M   0.99999 0.00001 ( 1)  0.164
 214 M   0.99999 0.00001 ( 1)  0.164
 215 G   0.99999 0.00001 ( 1)  0.164
 216 I   0.99999 0.00001 ( 1)  0.164
 217 G   0.99999 0.00001 ( 1)  0.164
 218 G   0.99999 0.00001 ( 1)  0.164
 219 L   0.99999 0.00001 ( 1)  0.164
 220 D   0.99999 0.00001 ( 1)  0.164
 221 R   0.99999 0.00001 ( 1)  0.164
 222 E   0.99999 0.00001 ( 1)  0.164
 223 F   0.99999 0.00001 ( 1)  0.164
 224 S   0.99999 0.00001 ( 1)  0.164
 225 D   0.99999 0.00001 ( 1)  0.164
 226 I   0.99999 0.00001 ( 1)  0.164
 227 F   0.99999 0.00001 ( 1)  0.164
 228 R   0.99999 0.00001 ( 1)  0.164
 229 R   0.99999 0.00001 ( 1)  0.164
 230 T   0.99999 0.00001 ( 1)  0.164
 231 F   0.99999 0.00001 ( 1)  0.164
 232 A   0.99999 0.00001 ( 1)  0.164
 233 S   0.99999 0.00001 ( 1)  0.164
 234 R   0.99999 0.00001 ( 1)  0.164
 235 I   0.99999 0.00001 ( 1)  0.164
 236 F   0.99999 0.00001 ( 1)  0.164
 237 P   0.99999 0.00001 ( 1)  0.164
 238 P   0.99999 0.00001 ( 1)  0.164
 239 D   0.99999 0.00001 ( 1)  0.164
 240 L   0.99999 0.00001 ( 1)  0.164
 241 V   0.99999 0.00001 ( 1)  0.164
 242 E   0.99999 0.00001 ( 1)  0.164
 243 Q   0.99999 0.00001 ( 1)  0.164
 244 L   0.99999 0.00001 ( 1)  0.164
 245 G   0.99999 0.00001 ( 1)  0.164
 246 M   0.99999 0.00001 ( 1)  0.164


lnL = -2170.679240

