Supplemental results for CODEML (seqf: algn  treef: tree)


dN/dS (w) for site classes (K=2)

p:   0.99999  0.00001
w:   0.00000  1.00000

Naive Empirical Bayes (NEB) probabilities for 2 classes & postmean_w
(amino acids refer to 1st sequence: Tasi.12689)

   1 M   0.99999 0.00001 ( 1)  0.000
   2 A   0.99999 0.00001 ( 1)  0.000
   3 S   0.99999 0.00001 ( 1)  0.000
   4 D   0.99999 0.00001 ( 1)  0.000
   5 D   0.99999 0.00001 ( 1)  0.000
   6 L   0.99999 0.00001 ( 1)  0.000
   7 Q   0.99999 0.00001 ( 1)  0.000
   8 K   0.99999 0.00001 ( 1)  0.000
   9 E   0.99999 0.00001 ( 1)  0.000
  10 K   0.99999 0.00001 ( 1)  0.000
  11 R   0.99999 0.00001 ( 1)  0.000
  12 S   0.99999 0.00001 ( 1)  0.000
  13 H   0.99999 0.00001 ( 1)  0.000
  14 L   0.99999 0.00001 ( 1)  0.000
  15 E   0.99999 0.00001 ( 1)  0.000
  16 L   0.99999 0.00001 ( 1)  0.000
  17 L   0.99999 0.00001 ( 1)  0.000
  18 T   0.99999 0.00001 ( 1)  0.000
  19 H   0.99999 0.00001 ( 1)  0.000
  20 Q   0.99999 0.00001 ( 1)  0.000
  21 G   0.99999 0.00001 ( 1)  0.000
  22 Q   0.99999 0.00001 ( 1)  0.000
  23 D   0.99999 0.00001 ( 1)  0.000
  24 E   0.99999 0.00001 ( 1)  0.000
  25 V   0.99999 0.00001 ( 1)  0.000
  26 T   0.99999 0.00001 ( 1)  0.000
  27 T   0.99999 0.00001 ( 1)  0.000
  28 K   0.99999 0.00001 ( 1)  0.000
  29 S   0.99999 0.00001 ( 1)  0.000
  30 D   0.99999 0.00001 ( 1)  0.000
  31 S   0.99999 0.00001 ( 1)  0.000
  32 E   0.99999 0.00001 ( 1)  0.000
  33 G   0.99999 0.00001 ( 1)  0.000
  34 P   0.99999 0.00001 ( 1)  0.000
  35 V   0.99999 0.00001 ( 1)  0.000
  36 N   0.99999 0.00001 ( 1)  0.000
  37 G   0.99999 0.00001 ( 1)  0.000
  38 G   0.99999 0.00001 ( 1)  0.000
  39 E   0.99999 0.00001 ( 1)  0.000
  40 R   0.99999 0.00001 ( 1)  0.000
  41 T   0.99999 0.00001 ( 1)  0.000
  42 D   0.99999 0.00001 ( 1)  0.000
  43 K   0.99999 0.00001 ( 1)  0.000
  44 P   0.99999 0.00001 ( 1)  0.000
  45 L   0.99999 0.00001 ( 1)  0.000
  46 H   0.99999 0.00001 ( 1)  0.000
  47 H   0.99999 0.00001 ( 1)  0.000
  48 H   0.99999 0.00001 ( 1)  0.000
  49 H   0.99999 0.00001 ( 1)  0.000
  50 Q   0.99999 0.00001 ( 1)  0.000
  51 A   0.99999 0.00001 ( 1)  0.000
  52 R   0.99999 0.00001 ( 1)  0.000
  53 V   0.99999 0.00001 ( 1)  0.000
  54 P   0.99999 0.00001 ( 1)  0.000
  55 S   0.99999 0.00001 ( 1)  0.000
  56 T   0.99999 0.00001 ( 1)  0.000
  57 R   0.99999 0.00001 ( 1)  0.000
  58 Q   0.99999 0.00001 ( 1)  0.000
  59 S   0.99999 0.00001 ( 1)  0.000
  60 S   0.99999 0.00001 ( 1)  0.000
  61 E   0.99999 0.00001 ( 1)  0.000
  62 Y   0.99999 0.00001 ( 1)  0.000
  63 M   0.99999 0.00001 ( 1)  0.000
  64 D   0.99999 0.00001 ( 1)  0.000
  65 R   0.99999 0.00001 ( 1)  0.000
  66 L   0.99999 0.00001 ( 1)  0.000
  67 G   0.99999 0.00001 ( 1)  0.000
  68 A   0.99999 0.00001 ( 1)  0.000
  69 K   0.99999 0.00001 ( 1)  0.000
  70 Y   0.99999 0.00001 ( 1)  0.000
  71 P   0.99999 0.00001 ( 1)  0.000
  72 S   0.99999 0.00001 ( 1)  0.000
  73 L   0.99999 0.00001 ( 1)  0.000
  74 L   0.99999 0.00001 ( 1)  0.000
  75 I   0.99999 0.00001 ( 1)  0.000
  76 N   0.99999 0.00001 ( 1)  0.000
  77 I   0.99999 0.00001 ( 1)  0.000
  78 L   0.99999 0.00001 ( 1)  0.000
  79 D   0.99999 0.00001 ( 1)  0.000
  80 L   0.99999 0.00001 ( 1)  0.000
  81 A   0.99999 0.00001 ( 1)  0.000
  82 V   0.99999 0.00001 ( 1)  0.000
  83 I   0.99999 0.00001 ( 1)  0.000
  84 R   0.99999 0.00001 ( 1)  0.000
  85 N   0.99999 0.00001 ( 1)  0.000
  86 G   0.99999 0.00001 ( 1)  0.000
  87 G   0.99999 0.00001 ( 1)  0.000
  88 G   0.99999 0.00001 ( 1)  0.000
  89 G   0.99999 0.00001 ( 1)  0.000
  90 V   0.99999 0.00001 ( 1)  0.000
  91 P   0.99999 0.00001 ( 1)  0.000
  92 S   0.99999 0.00001 ( 1)  0.000
  93 R   0.99999 0.00001 ( 1)  0.000
  94 V   0.99999 0.00001 ( 1)  0.000
  95 R   0.99999 0.00001 ( 1)  0.000
  96 Q   0.99999 0.00001 ( 1)  0.000
  97 R   0.99999 0.00001 ( 1)  0.000
  98 I   0.99999 0.00001 ( 1)  0.000
  99 R   0.99999 0.00001 ( 1)  0.000
 100 E   0.99999 0.00001 ( 1)  0.000
 101 K   0.99999 0.00001 ( 1)  0.000
 102 A   0.99999 0.00001 ( 1)  0.000
 103 P   0.99999 0.00001 ( 1)  0.000
 104 N   0.99999 0.00001 ( 1)  0.000
 105 L   0.99999 0.00001 ( 1)  0.000
 106 I   0.99999 0.00001 ( 1)  0.000
 107 H   0.99999 0.00001 ( 1)  0.000
 108 L   0.99999 0.00001 ( 1)  0.000


lnL =  -430.644968

