Supplemental results for CODEML (seqf: algn  treef: tree)


dN/dS (w) for site classes (K=9)

p:   0.12500  0.12500  0.12500  0.12500  0.12500  0.12500  0.12500  0.12500  0.00001
w:   0.00000  0.00000  0.00000  0.00000  0.00000  0.00000  0.00000  0.00000  1.00000

Naive Empirical Bayes (NEB) probabilities for 9 classes & postmean_w
(amino acids refer to 1st sequence: Smar.8274)

   1 M   0.12500 0.12500 0.12500 0.12500 0.12500 0.12500 0.12500 0.12500 0.00001 ( 1)  0.000
   2 V   0.12500 0.12500 0.12500 0.12500 0.12500 0.12500 0.12500 0.12500 0.00001 ( 3)  0.000
   3 L   0.12500 0.12500 0.12500 0.12500 0.12500 0.12500 0.12500 0.12500 0.00001 ( 5)  0.000
   4 L   0.12500 0.12500 0.12500 0.12500 0.12500 0.12500 0.12500 0.12500 0.00001 ( 5)  0.000
   5 P   0.12500 0.12500 0.12500 0.12500 0.12500 0.12500 0.12500 0.12500 0.00001 ( 2)  0.000
   6 N   0.12500 0.12500 0.12500 0.12500 0.12500 0.12500 0.12500 0.12500 0.00001 ( 6)  0.000
   7 K   0.12500 0.12500 0.12500 0.12500 0.12500 0.12500 0.12500 0.12500 0.00001 ( 3)  0.000
   8 P   0.12500 0.12500 0.12500 0.12500 0.12500 0.12500 0.12500 0.12500 0.00001 ( 1)  0.000
   9 A   0.12500 0.12500 0.12500 0.12500 0.12500 0.12500 0.12500 0.12500 0.00001 ( 2)  0.000
  10 P   0.12500 0.12500 0.12500 0.12500 0.12500 0.12500 0.12500 0.12500 0.00001 ( 3)  0.000
  11 E   0.12500 0.12500 0.12500 0.12500 0.12500 0.12500 0.12500 0.12500 0.00001 ( 6)  0.000
  12 F   0.12500 0.12500 0.12500 0.12500 0.12500 0.12500 0.12500 0.12500 0.00001 ( 5)  0.000
  13 K   0.12500 0.12500 0.12500 0.12500 0.12500 0.12500 0.12500 0.12500 0.00001 ( 3)  0.000
  14 G   0.12500 0.12500 0.12500 0.12500 0.12500 0.12500 0.12500 0.12500 0.00001 ( 6)  0.000
  15 N   0.12500 0.12500 0.12500 0.12500 0.12500 0.12500 0.12500 0.12500 0.00001 ( 6)  0.000
  16 A   0.12500 0.12500 0.12500 0.12500 0.12500 0.12500 0.12500 0.12500 0.00001 ( 6)  0.000
  17 V   0.12500 0.12500 0.12500 0.12500 0.12500 0.12500 0.12500 0.12500 0.00001 ( 3)  0.000
  18 V   0.12500 0.12500 0.12500 0.12500 0.12500 0.12500 0.12500 0.12500 0.00001 ( 6)  0.000
  19 N   0.12500 0.12500 0.12500 0.12500 0.12500 0.12500 0.12500 0.12500 0.00001 ( 6)  0.000
  20 G   0.12500 0.12500 0.12500 0.12500 0.12500 0.12500 0.12500 0.12500 0.00001 ( 2)  0.000
  21 E   0.12500 0.12500 0.12500 0.12500 0.12500 0.12500 0.12500 0.12500 0.00001 ( 6)  0.000
  22 F   0.12500 0.12500 0.12500 0.12500 0.12500 0.12500 0.12500 0.12500 0.00001 ( 5)  0.000
  23 K   0.12500 0.12500 0.12500 0.12500 0.12500 0.12500 0.12500 0.12500 0.00001 ( 3)  0.000
  24 E   0.12500 0.12500 0.12500 0.12500 0.12500 0.12500 0.12500 0.12500 0.00001 ( 6)  0.000
  25 I   0.12500 0.12500 0.12500 0.12500 0.12500 0.12500 0.12500 0.12500 0.00001 ( 6)  0.000
  26 S   0.12500 0.12500 0.12500 0.12500 0.12500 0.12500 0.12500 0.12500 0.00001 ( 1)  0.000
  27 L   0.12500 0.12500 0.12500 0.12500 0.12500 0.12500 0.12500 0.12500 0.00001 ( 5)  0.000
  28 K   0.12500 0.12500 0.12500 0.12500 0.12500 0.12500 0.12500 0.12500 0.00001 ( 6)  0.000
  29 D   0.12500 0.12500 0.12500 0.12500 0.12500 0.12500 0.12500 0.12500 0.00001 ( 1)  0.000
  30 Y   0.12500 0.12500 0.12500 0.12500 0.12500 0.12500 0.12500 0.12500 0.00001 ( 1)  0.000
  31 R   0.12500 0.12500 0.12500 0.12500 0.12500 0.12500 0.12500 0.12500 0.00001 ( 1)  0.000
  32 G   0.12500 0.12500 0.12500 0.12500 0.12500 0.12500 0.12500 0.12500 0.00001 ( 6)  0.000
  33 K   0.12500 0.12500 0.12500 0.12500 0.12500 0.12500 0.12500 0.12500 0.00001 ( 3)  0.000
  34 Y   0.12500 0.12500 0.12500 0.12500 0.12500 0.12500 0.12500 0.12500 0.00001 ( 1)  0.000
  35 V   0.12500 0.12500 0.12500 0.12500 0.12500 0.12500 0.12500 0.12500 0.00001 ( 6)  0.000
  36 V   0.12500 0.12500 0.12500 0.12500 0.12500 0.12500 0.12500 0.12500 0.00001 ( 3)  0.000
  37 L   0.12500 0.12500 0.12500 0.12500 0.12500 0.12500 0.12500 0.12500 0.00001 ( 1)  0.000
  38 F   0.12500 0.12500 0.12500 0.12500 0.12500 0.12500 0.12500 0.12500 0.00001 ( 5)  0.000
  39 F   0.12500 0.12500 0.12500 0.12500 0.12500 0.12500 0.12500 0.12500 0.00001 ( 5)  0.000
  40 Y   0.12500 0.12500 0.12500 0.12500 0.12500 0.12500 0.12500 0.12500 0.00001 ( 1)  0.000
  41 P   0.12500 0.12500 0.12500 0.12500 0.12500 0.12500 0.12500 0.12500 0.00001 ( 3)  0.000
  42 A   0.12500 0.12500 0.12500 0.12500 0.12500 0.12500 0.12500 0.12500 0.00001 ( 6)  0.000
  43 D   0.12500 0.12500 0.12500 0.12500 0.12500 0.12500 0.12500 0.12500 0.00001 ( 1)  0.000
  44 F   0.12500 0.12500 0.12500 0.12500 0.12500 0.12500 0.12500 0.12500 0.00001 ( 5)  0.000
  45 T   0.12500 0.12500 0.12500 0.12500 0.12500 0.12500 0.12500 0.12500 0.00001 ( 6)  0.000
  46 F   0.12500 0.12500 0.12500 0.12500 0.12500 0.12500 0.12500 0.12500 0.00001 ( 5)  0.000
  47 V   0.12500 0.12500 0.12500 0.12500 0.12500 0.12500 0.12500 0.12500 0.00001 ( 3)  0.000
  48 C   0.12500 0.12500 0.12500 0.12500 0.12500 0.12500 0.12500 0.12500 0.00001 ( 6)  0.000
  49 P   0.12500 0.12500 0.12500 0.12500 0.12500 0.12500 0.12500 0.12500 0.00001 ( 2)  0.000
  50 T   0.12500 0.12500 0.12500 0.12500 0.12500 0.12500 0.12500 0.12500 0.00001 ( 6)  0.000
  51 E   0.12500 0.12500 0.12500 0.12500 0.12500 0.12500 0.12500 0.12500 0.00001 ( 6)  0.000
  52 I   0.12500 0.12500 0.12500 0.12500 0.12500 0.12500 0.12500 0.12500 0.00001 ( 6)  0.000
  53 I   0.12500 0.12500 0.12500 0.12500 0.12500 0.12500 0.12500 0.12500 0.00001 ( 6)  0.000
  54 A   0.12500 0.12500 0.12500 0.12500 0.12500 0.12500 0.12500 0.12500 0.00001 ( 3)  0.000
  55 F   0.12500 0.12500 0.12500 0.12500 0.12500 0.12500 0.12500 0.12500 0.00001 ( 5)  0.000
  56 S   0.12500 0.12500 0.12500 0.12500 0.12500 0.12500 0.12500 0.12500 0.00001 ( 1)  0.000
  57 D   0.12500 0.12500 0.12500 0.12500 0.12500 0.12500 0.12500 0.12500 0.00001 ( 1)  0.000
  58 Q   0.12500 0.12500 0.12500 0.12500 0.12500 0.12500 0.12500 0.12500 0.00001 ( 1)  0.000
  59 V   0.12500 0.12500 0.12500 0.12500 0.12500 0.12500 0.12500 0.12500 0.00001 ( 3)  0.000
  60 E   0.12500 0.12500 0.12500 0.12500 0.12500 0.12500 0.12500 0.12500 0.00001 ( 6)  0.000
  61 E   0.12500 0.12500 0.12500 0.12500 0.12500 0.12500 0.12500 0.12500 0.00001 ( 6)  0.000
  62 F   0.12500 0.12500 0.12500 0.12500 0.12500 0.12500 0.12500 0.12500 0.00001 ( 5)  0.000
  63 N   0.12500 0.12500 0.12500 0.12500 0.12500 0.12500 0.12500 0.12500 0.00001 ( 6)  0.000
  64 S   0.12500 0.12500 0.12500 0.12500 0.12500 0.12500 0.12500 0.12500 0.00001 ( 1)  0.000
  65 R   0.12500 0.12500 0.12500 0.12500 0.12500 0.12500 0.12500 0.12500 0.00001 ( 3)  0.000
  66 N   0.12500 0.12500 0.12500 0.12500 0.12500 0.12500 0.12500 0.12500 0.00001 ( 6)  0.000
  67 C   0.12500 0.12500 0.12500 0.12500 0.12500 0.12500 0.12500 0.12500 0.00001 ( 6)  0.000
  68 Q   0.12500 0.12500 0.12500 0.12500 0.12500 0.12500 0.12500 0.12500 0.00001 ( 3)  0.000
  69 V   0.12500 0.12500 0.12500 0.12500 0.12500 0.12500 0.12500 0.12500 0.00001 ( 3)  0.000
  70 I   0.12500 0.12500 0.12500 0.12500 0.12500 0.12500 0.12500 0.12500 0.00001 ( 6)  0.000
  71 A   0.12500 0.12500 0.12500 0.12500 0.12500 0.12500 0.12500 0.12500 0.00001 ( 6)  0.000
  72 C   0.12500 0.12500 0.12500 0.12500 0.12500 0.12500 0.12500 0.12500 0.00001 ( 6)  0.000
  73 S   0.12500 0.12500 0.12500 0.12500 0.12500 0.12500 0.12500 0.12500 0.00001 ( 5)  0.000
  74 T   0.12500 0.12500 0.12500 0.12500 0.12500 0.12500 0.12500 0.12500 0.00001 ( 6)  0.000
  75 D   0.12500 0.12500 0.12500 0.12500 0.12500 0.12500 0.12500 0.12500 0.00001 ( 1)  0.000
  76 S   0.12500 0.12500 0.12500 0.12500 0.12500 0.12500 0.12500 0.12500 0.00001 ( 5)  0.000
  77 Q   0.12500 0.12500 0.12500 0.12500 0.12500 0.12500 0.12500 0.12500 0.00001 ( 3)  0.000
  78 Y   0.12500 0.12500 0.12500 0.12500 0.12500 0.12500 0.12500 0.12500 0.00001 ( 1)  0.000
  79 S   0.12500 0.12500 0.12500 0.12500 0.12500 0.12500 0.12500 0.12500 0.00001 ( 1)  0.000
  80 H   0.12500 0.12500 0.12500 0.12500 0.12500 0.12500 0.12500 0.12500 0.00001 ( 3)  0.000
  81 L   0.12500 0.12500 0.12500 0.12500 0.12500 0.12500 0.12500 0.12500 0.00001 ( 6)  0.000
  82 A   0.12500 0.12500 0.12500 0.12500 0.12500 0.12500 0.12500 0.12500 0.00001 ( 2)  0.000
  83 W   0.12500 0.12500 0.12500 0.12500 0.12500 0.12500 0.12500 0.12500 0.00001 ( 1)  0.000
  84 N   0.12500 0.12500 0.12500 0.12500 0.12500 0.12500 0.12500 0.12500 0.00001 ( 6)  0.000
  85 N   0.12500 0.12500 0.12500 0.12500 0.12500 0.12500 0.12500 0.12500 0.00001 ( 6)  0.000
  86 L   0.12500 0.12500 0.12500 0.12500 0.12500 0.12500 0.12500 0.12500 0.00001 ( 5)  0.000
  87 D   0.12500 0.12500 0.12500 0.12500 0.12500 0.12500 0.12500 0.12500 0.00001 ( 1)  0.000
  88 R   0.12500 0.12500 0.12500 0.12500 0.12500 0.12500 0.12500 0.12500 0.00001 ( 2)  0.000
  89 K   0.12500 0.12500 0.12500 0.12500 0.12500 0.12500 0.12500 0.12500 0.00001 ( 3)  0.000
  90 A   0.12500 0.12500 0.12500 0.12500 0.12500 0.12500 0.12500 0.12500 0.00001 ( 6)  0.000
  91 G   0.12500 0.12500 0.12500 0.12500 0.12500 0.12500 0.12500 0.12500 0.00001 ( 2)  0.000
  92 G   0.12500 0.12500 0.12500 0.12500 0.12500 0.12500 0.12500 0.12500 0.00001 ( 6)  0.000
  93 L   0.12500 0.12500 0.12500 0.12500 0.12500 0.12500 0.12500 0.12500 0.00001 ( 5)  0.000
  94 G   0.12500 0.12500 0.12500 0.12500 0.12500 0.12500 0.12500 0.12500 0.00001 ( 2)  0.000
  95 Q   0.12500 0.12500 0.12500 0.12500 0.12500 0.12500 0.12500 0.12500 0.00001 ( 1)  0.000
  96 M   0.12500 0.12500 0.12500 0.12500 0.12500 0.12500 0.12500 0.12500 0.00001 ( 1)  0.000
  97 K   0.12500 0.12500 0.12500 0.12500 0.12500 0.12500 0.12500 0.12500 0.00001 ( 3)  0.000
  98 I   0.12500 0.12500 0.12500 0.12500 0.12500 0.12500 0.12500 0.12500 0.00001 ( 6)  0.000
  99 P   0.12500 0.12500 0.12500 0.12500 0.12500 0.12500 0.12500 0.12500 0.00001 ( 1)  0.000
 100 L   0.12500 0.12500 0.12500 0.12500 0.12500 0.12500 0.12500 0.12500 0.00001 ( 2)  0.000
 101 L   0.12500 0.12500 0.12500 0.12500 0.12500 0.12500 0.12500 0.12500 0.00001 ( 5)  0.000
 102 A   0.12500 0.12500 0.12500 0.12500 0.12500 0.12500 0.12500 0.12500 0.00001 ( 6)  0.000
 103 D   0.12500 0.12500 0.12500 0.12500 0.12500 0.12500 0.12500 0.12500 0.00001 ( 1)  0.000
 104 R   0.12500 0.12500 0.12500 0.12500 0.12500 0.12500 0.12500 0.12500 0.00001 ( 2)  0.000
 105 T   0.12500 0.12500 0.12500 0.12500 0.12500 0.12500 0.12500 0.12500 0.00001 ( 6)  0.000
 106 Q   0.12500 0.12500 0.12500 0.12500 0.12500 0.12500 0.12500 0.12500 0.00001 ( 1)  0.000
 107 E   0.12500 0.12500 0.12500 0.12500 0.12500 0.12500 0.12500 0.12500 0.00001 ( 6)  0.000
 108 I   0.12500 0.12500 0.12500 0.12500 0.12500 0.12500 0.12500 0.12500 0.00001 ( 6)  0.000
 109 S   0.12500 0.12500 0.12500 0.12500 0.12500 0.12500 0.12500 0.12500 0.00001 ( 5)  0.000
 110 R   0.12500 0.12500 0.12500 0.12500 0.12500 0.12500 0.12500 0.12500 0.00001 ( 5)  0.000
 111 A   0.12500 0.12500 0.12500 0.12500 0.12500 0.12500 0.12500 0.12500 0.00001 ( 2)  0.000
 112 Y   0.12500 0.12500 0.12500 0.12500 0.12500 0.12500 0.12500 0.12500 0.00001 ( 1)  0.000
 113 G   0.12500 0.12500 0.12500 0.12500 0.12500 0.12500 0.12500 0.12500 0.00001 ( 2)  0.000
 114 V   0.12500 0.12500 0.12500 0.12500 0.12500 0.12500 0.12500 0.12500 0.00001 ( 3)  0.000
 115 L   0.12500 0.12500 0.12500 0.12500 0.12500 0.12500 0.12500 0.12500 0.00001 ( 1)  0.000
 116 D   0.12500 0.12500 0.12500 0.12500 0.12500 0.12500 0.12500 0.12500 0.00001 ( 1)  0.000
 117 E   0.12500 0.12500 0.12500 0.12500 0.12500 0.12500 0.12500 0.12500 0.00001 ( 6)  0.000
 118 E   0.12500 0.12500 0.12500 0.12500 0.12500 0.12500 0.12500 0.12500 0.00001 ( 6)  0.000
 119 D   0.12500 0.12500 0.12500 0.12500 0.12500 0.12500 0.12500 0.12500 0.00001 ( 1)  0.000
 120 G   0.12500 0.12500 0.12500 0.12500 0.12500 0.12500 0.12500 0.12500 0.00001 ( 2)  0.000
 121 N   0.12500 0.12500 0.12500 0.12500 0.12500 0.12500 0.12500 0.12500 0.00001 ( 6)  0.000
 122 A   0.12500 0.12500 0.12500 0.12500 0.12500 0.12500 0.12500 0.12500 0.00001 ( 2)  0.000
 123 F   0.12500 0.12500 0.12500 0.12500 0.12500 0.12500 0.12500 0.12500 0.00001 ( 5)  0.000
 124 R   0.12500 0.12500 0.12500 0.12500 0.12500 0.12500 0.12500 0.12500 0.00001 ( 5)  0.000
 125 G   0.12500 0.12500 0.12500 0.12500 0.12500 0.12500 0.12500 0.12500 0.00001 ( 2)  0.000
 126 L   0.12500 0.12500 0.12500 0.12500 0.12500 0.12500 0.12500 0.12500 0.00001 ( 1)  0.000
 127 F   0.12500 0.12500 0.12500 0.12500 0.12500 0.12500 0.12500 0.12500 0.00001 ( 5)  0.000
 128 I   0.12500 0.12500 0.12500 0.12500 0.12500 0.12500 0.12500 0.12500 0.00001 ( 6)  0.000
 129 I   0.12500 0.12500 0.12500 0.12500 0.12500 0.12500 0.12500 0.12500 0.00001 ( 6)  0.000
 130 D   0.12500 0.12500 0.12500 0.12500 0.12500 0.12500 0.12500 0.12500 0.00001 ( 1)  0.000
 131 P   0.12500 0.12500 0.12500 0.12500 0.12500 0.12500 0.12500 0.12500 0.00001 ( 3)  0.000
 132 K   0.12500 0.12500 0.12500 0.12500 0.12500 0.12500 0.12500 0.12500 0.00001 ( 6)  0.000
 133 G   0.12500 0.12500 0.12500 0.12500 0.12500 0.12500 0.12500 0.12500 0.00001 ( 6)  0.000
 134 I   0.12500 0.12500 0.12500 0.12500 0.12500 0.12500 0.12500 0.12500 0.00001 ( 6)  0.000
 135 L   0.12500 0.12500 0.12500 0.12500 0.12500 0.12500 0.12500 0.12500 0.00001 ( 3)  0.000
 136 R   0.12500 0.12500 0.12500 0.12500 0.12500 0.12500 0.12500 0.12500 0.00001 ( 2)  0.000
 137 Q   0.12500 0.12500 0.12500 0.12500 0.12500 0.12500 0.12500 0.12500 0.00001 ( 3)  0.000
 138 I   0.12500 0.12500 0.12500 0.12500 0.12500 0.12500 0.12500 0.12500 0.00001 ( 6)  0.000
 139 T   0.12500 0.12500 0.12500 0.12500 0.12500 0.12500 0.12500 0.12500 0.00001 ( 6)  0.000
 140 I   0.12500 0.12500 0.12500 0.12500 0.12500 0.12500 0.12500 0.12500 0.00001 ( 6)  0.000
 141 N   0.12500 0.12500 0.12500 0.12500 0.12500 0.12500 0.12500 0.12500 0.00001 ( 6)  0.000
 142 D   0.12500 0.12500 0.12500 0.12500 0.12500 0.12500 0.12500 0.12500 0.00001 ( 1)  0.000
 143 K   0.12500 0.12500 0.12500 0.12500 0.12500 0.12500 0.12500 0.12500 0.00001 ( 6)  0.000
 144 P   0.12500 0.12500 0.12500 0.12500 0.12500 0.12500 0.12500 0.12500 0.00001 ( 3)  0.000
 145 V   0.12500 0.12500 0.12500 0.12500 0.12500 0.12500 0.12500 0.12500 0.00001 ( 6)  0.000
 146 G   0.12500 0.12500 0.12500 0.12500 0.12500 0.12500 0.12500 0.12500 0.00001 ( 6)  0.000
 147 R   0.12500 0.12500 0.12500 0.12500 0.12500 0.12500 0.12500 0.12500 0.00001 ( 3)  0.000
 148 S   0.12500 0.12500 0.12500 0.12500 0.12500 0.12500 0.12500 0.12500 0.00001 ( 5)  0.000
 149 V   0.12500 0.12500 0.12500 0.12500 0.12500 0.12500 0.12500 0.12500 0.00001 ( 3)  0.000
 150 D   0.12500 0.12500 0.12500 0.12500 0.12500 0.12500 0.12500 0.12500 0.00001 ( 1)  0.000
 151 E   0.12500 0.12500 0.12500 0.12500 0.12500 0.12500 0.12500 0.12500 0.00001 ( 6)  0.000
 152 T   0.12500 0.12500 0.12500 0.12500 0.12500 0.12500 0.12500 0.12500 0.00001 ( 6)  0.000
 153 L   0.12500 0.12500 0.12500 0.12500 0.12500 0.12500 0.12500 0.12500 0.00001 ( 1)  0.000
 154 R   0.12500 0.12500 0.12500 0.12500 0.12500 0.12500 0.12500 0.12500 0.00001 ( 3)  0.000
 155 L   0.12500 0.12500 0.12500 0.12500 0.12500 0.12500 0.12500 0.12500 0.00001 ( 3)  0.000
 156 L   0.12500 0.12500 0.12500 0.12500 0.12500 0.12500 0.12500 0.12500 0.00001 ( 2)  0.000
 157 D   0.12500 0.12500 0.12500 0.12500 0.12500 0.12500 0.12500 0.12500 0.00001 ( 1)  0.000
 158 A   0.12500 0.12500 0.12500 0.12500 0.12500 0.12500 0.12500 0.12500 0.00001 ( 3)  0.000
 159 F   0.12500 0.12500 0.12500 0.12500 0.12500 0.12500 0.12500 0.12500 0.00001 ( 5)  0.000
 160 Q   0.12500 0.12500 0.12500 0.12500 0.12500 0.12500 0.12500 0.12500 0.00001 ( 3)  0.000
 161 F   0.12500 0.12500 0.12500 0.12500 0.12500 0.12500 0.12500 0.12500 0.00001 ( 3)  0.000
 162 V   0.12500 0.12500 0.12500 0.12500 0.12500 0.12500 0.12500 0.12500 0.00001 ( 3)  0.000
 163 E   0.12500 0.12500 0.12500 0.12500 0.12500 0.12500 0.12500 0.12500 0.00001 ( 6)  0.000
 164 K   0.12500 0.12500 0.12500 0.12500 0.12500 0.12500 0.12500 0.12500 0.00001 ( 6)  0.000
 165 H   0.12500 0.12500 0.12500 0.12500 0.12500 0.12500 0.12500 0.12500 0.00001 ( 3)  0.000
 166 G   0.12500 0.12500 0.12500 0.12500 0.12500 0.12500 0.12500 0.12500 0.00001 ( 2)  0.000
 167 E   0.12500 0.12500 0.12500 0.12500 0.12500 0.12500 0.12500 0.12500 0.00001 ( 6)  0.000
 168 V   0.12500 0.12500 0.12500 0.12500 0.12500 0.12500 0.12500 0.12500 0.00001 ( 3)  0.000
 169 C   0.12500 0.12500 0.12500 0.12500 0.12500 0.12500 0.12500 0.12500 0.00001 ( 6)  0.000
 170 P   0.12500 0.12500 0.12500 0.12500 0.12500 0.12500 0.12500 0.12500 0.00001 ( 3)  0.000
 171 V   0.12500 0.12500 0.12500 0.12500 0.12500 0.12500 0.12500 0.12500 0.00001 ( 3)  0.000
 172 N   0.12500 0.12500 0.12500 0.12500 0.12500 0.12500 0.12500 0.12500 0.00001 ( 6)  0.000
 173 W   0.12500 0.12500 0.12500 0.12500 0.12500 0.12500 0.12500 0.12500 0.00001 ( 1)  0.000
 174 K   0.12500 0.12500 0.12500 0.12500 0.12500 0.12500 0.12500 0.12500 0.00001 ( 3)  0.000
 175 R   0.12500 0.12500 0.12500 0.12500 0.12500 0.12500 0.12500 0.12500 0.00001 ( 2)  0.000
 176 G   0.12500 0.12500 0.12500 0.12500 0.12500 0.12500 0.12500 0.12500 0.00001 ( 2)  0.000
 177 D   0.12500 0.12500 0.12500 0.12500 0.12500 0.12500 0.12500 0.12500 0.00001 ( 1)  0.000
 178 H   0.12500 0.12500 0.12500 0.12500 0.12500 0.12500 0.12500 0.12500 0.00001 ( 3)  0.000
 179 G   0.12500 0.12500 0.12500 0.12500 0.12500 0.12500 0.12500 0.12500 0.00001 ( 3)  0.000
 180 I   0.12500 0.12500 0.12500 0.12500 0.12500 0.12500 0.12500 0.12500 0.00001 ( 6)  0.000
 181 K   0.12500 0.12500 0.12500 0.12500 0.12500 0.12500 0.12500 0.12500 0.00001 ( 3)  0.000
 182 V   0.12500 0.12500 0.12500 0.12500 0.12500 0.12500 0.12500 0.12500 0.00001 ( 6)  0.000
 183 N   0.12500 0.12500 0.12500 0.12500 0.12500 0.12500 0.12500 0.12500 0.00001 ( 6)  0.000
 184 K   0.12500 0.12500 0.12500 0.12500 0.12500 0.12500 0.12500 0.12500 0.00001 ( 3)  0.000
 185 K   0.12500 0.12500 0.12500 0.12500 0.12500 0.12500 0.12500 0.12500 0.00001 ( 3)  0.000

Positively selected sites

	Prob(w>1)  mean w



lnL =  -746.880192

Bayes Empirical Bayes (BEB) probabilities for 11 classes (class) & postmean_w
(amino acids refer to 1st sequence: Smar.8274)

   1 M   0.45575 0.08903 0.06807 0.05756 0.05052 0.04502 0.04026 0.03593 0.03210 0.04155 0.08421 ( 1)  0.464 +-  0.905
   2 V   0.45488 0.08886 0.06797 0.05750 0.05049 0.04501 0.04028 0.03596 0.03214 0.04161 0.08528 ( 1)  0.469 +-  0.919
   3 L   0.45466 0.08882 0.06795 0.05749 0.05049 0.04502 0.04029 0.03598 0.03216 0.04163 0.08551 ( 1)  0.470 +-  0.921
   4 L   0.45466 0.08882 0.06795 0.05749 0.05049 0.04502 0.04029 0.03598 0.03216 0.04163 0.08551 ( 1)  0.470 +-  0.921
   5 P   0.45217 0.08834 0.06767 0.05732 0.05042 0.04501 0.04034 0.03607 0.03229 0.04181 0.08856 ( 1)  0.484 +-  0.959
   6 N   0.45765 0.08939 0.06828 0.05767 0.05057 0.04501 0.04021 0.03584 0.03198 0.04139 0.08200 ( 1)  0.455 +-  0.879
   7 K   0.45600 0.08908 0.06810 0.05757 0.05053 0.04501 0.04025 0.03592 0.03208 0.04153 0.08394 ( 1)  0.463 +-  0.902
   8 P   0.45379 0.08865 0.06785 0.05743 0.05047 0.04502 0.04031 0.03601 0.03221 0.04170 0.08657 ( 1)  0.475 +-  0.934
   9 A   0.45407 0.08871 0.06788 0.05745 0.05047 0.04502 0.04030 0.03600 0.03219 0.04168 0.08624 ( 1)  0.473 +-  0.930
  10 P   0.45319 0.08854 0.06778 0.05739 0.05045 0.04502 0.04032 0.03603 0.03224 0.04174 0.08730 ( 1)  0.478 +-  0.943
  11 E   0.45730 0.08933 0.06824 0.05765 0.05056 0.04501 0.04022 0.03586 0.03200 0.04142 0.08242 ( 1)  0.457 +-  0.884
  12 F   0.45508 0.08890 0.06800 0.05752 0.05050 0.04502 0.04028 0.03596 0.03214 0.04160 0.08500 ( 1)  0.468 +-  0.914
  13 K   0.45600 0.08908 0.06810 0.05757 0.05053 0.04501 0.04025 0.03592 0.03208 0.04153 0.08394 ( 1)  0.463 +-  0.902
  14 G   0.45318 0.08854 0.06778 0.05739 0.05045 0.04501 0.04032 0.03603 0.03223 0.04174 0.08732 ( 1)  0.478 +-  0.944
  15 N   0.45765 0.08939 0.06828 0.05767 0.05057 0.04501 0.04021 0.03584 0.03198 0.04139 0.08200 ( 1)  0.455 +-  0.879
  16 A   0.45482 0.08885 0.06797 0.05750 0.05050 0.04502 0.04028 0.03597 0.03215 0.04162 0.08534 ( 1)  0.469 +-  0.919
  17 V   0.45370 0.08864 0.06784 0.05742 0.05046 0.04501 0.04031 0.03601 0.03221 0.04170 0.08669 ( 1)  0.475 +-  0.936
  18 V   0.45576 0.08903 0.06807 0.05755 0.05052 0.04501 0.04026 0.03592 0.03209 0.04154 0.08424 ( 1)  0.465 +-  0.906
  19 N   0.45765 0.08939 0.06828 0.05767 0.05057 0.04501 0.04021 0.03584 0.03198 0.04139 0.08200 ( 1)  0.455 +-  0.879
  20 G   0.45449 0.08879 0.06793 0.05747 0.05049 0.04502 0.04029 0.03598 0.03217 0.04164 0.08574 ( 1)  0.471 +-  0.924
  21 E   0.45730 0.08933 0.06824 0.05765 0.05056 0.04501 0.04022 0.03586 0.03200 0.04142 0.08242 ( 1)  0.457 +-  0.884
  22 F   0.45508 0.08890 0.06800 0.05752 0.05050 0.04502 0.04028 0.03596 0.03214 0.04160 0.08500 ( 1)  0.468 +-  0.914
  23 K   0.45600 0.08908 0.06810 0.05757 0.05053 0.04501 0.04025 0.03592 0.03208 0.04153 0.08394 ( 1)  0.463 +-  0.902
  24 E   0.45648 0.08917 0.06815 0.05760 0.05054 0.04501 0.04024 0.03590 0.03206 0.04149 0.08337 ( 1)  0.461 +-  0.895
  25 I   0.45396 0.08868 0.06787 0.05744 0.05047 0.04502 0.04030 0.03600 0.03220 0.04169 0.08637 ( 1)  0.474 +-  0.932
  26 S   0.45526 0.08894 0.06802 0.05753 0.05051 0.04502 0.04027 0.03595 0.03213 0.04159 0.08479 ( 1)  0.467 +-  0.912
  27 L   0.45466 0.08882 0.06795 0.05749 0.05049 0.04502 0.04029 0.03598 0.03216 0.04163 0.08551 ( 1)  0.470 +-  0.921
  28 K   0.45528 0.08894 0.06802 0.05753 0.05051 0.04502 0.04027 0.03595 0.03212 0.04158 0.08478 ( 1)  0.467 +-  0.912
  29 D   0.45896 0.08964 0.06843 0.05775 0.05060 0.04499 0.04016 0.03577 0.03190 0.04128 0.08052 ( 1)  0.449 +-  0.861
  30 Y   0.45603 0.08908 0.06810 0.05757 0.05053 0.04501 0.04025 0.03592 0.03208 0.04153 0.08389 ( 1)  0.463 +-  0.901
  31 R   0.45279 0.08846 0.06774 0.05736 0.05043 0.04501 0.04033 0.03605 0.03226 0.04177 0.08780 ( 1)  0.480 +-  0.949
  32 G   0.45318 0.08854 0.06778 0.05739 0.05045 0.04501 0.04032 0.03603 0.03223 0.04174 0.08732 ( 1)  0.478 +-  0.944
  33 K   0.45600 0.08908 0.06810 0.05757 0.05053 0.04501 0.04025 0.03592 0.03208 0.04153 0.08394 ( 1)  0.463 +-  0.902
  34 Y   0.45603 0.08908 0.06810 0.05757 0.05053 0.04501 0.04025 0.03592 0.03208 0.04153 0.08389 ( 1)  0.463 +-  0.901
  35 V   0.45576 0.08903 0.06807 0.05755 0.05052 0.04501 0.04026 0.03592 0.03209 0.04154 0.08424 ( 1)  0.465 +-  0.906
  36 V   0.45488 0.08886 0.06797 0.05750 0.05049 0.04501 0.04028 0.03596 0.03214 0.04161 0.08528 ( 1)  0.469 +-  0.919
  37 L   0.45496 0.08888 0.06798 0.05751 0.05050 0.04502 0.04028 0.03596 0.03214 0.04161 0.08516 ( 1)  0.469 +-  0.917
  38 F   0.45508 0.08890 0.06800 0.05752 0.05050 0.04502 0.04028 0.03596 0.03214 0.04160 0.08500 ( 1)  0.468 +-  0.914
  39 F   0.45508 0.08890 0.06800 0.05752 0.05050 0.04502 0.04028 0.03596 0.03214 0.04160 0.08500 ( 1)  0.468 +-  0.914
  40 Y   0.45603 0.08908 0.06810 0.05757 0.05053 0.04501 0.04025 0.03592 0.03208 0.04153 0.08389 ( 1)  0.463 +-  0.901
  41 P   0.45319 0.08854 0.06778 0.05739 0.05045 0.04502 0.04032 0.03603 0.03224 0.04174 0.08730 ( 1)  0.478 +-  0.943
  42 A   0.45482 0.08885 0.06797 0.05750 0.05050 0.04502 0.04028 0.03597 0.03215 0.04162 0.08534 ( 1)  0.469 +-  0.919
  43 D   0.45896 0.08964 0.06843 0.05775 0.05060 0.04499 0.04016 0.03577 0.03190 0.04128 0.08052 ( 1)  0.449 +-  0.861
  44 F   0.45508 0.08890 0.06800 0.05752 0.05050 0.04502 0.04028 0.03596 0.03214 0.04160 0.08500 ( 1)  0.468 +-  0.914
  45 T   0.45341 0.08858 0.06781 0.05740 0.05045 0.04502 0.04032 0.03603 0.03222 0.04173 0.08704 ( 1)  0.477 +-  0.940
  46 F   0.45508 0.08890 0.06800 0.05752 0.05050 0.04502 0.04028 0.03596 0.03214 0.04160 0.08500 ( 1)  0.468 +-  0.914
  47 V   0.45370 0.08864 0.06784 0.05742 0.05046 0.04501 0.04031 0.03601 0.03221 0.04170 0.08669 ( 1)  0.475 +-  0.936
  48 C   0.45451 0.08879 0.06793 0.05748 0.05049 0.04502 0.04029 0.03598 0.03217 0.04165 0.08570 ( 1)  0.471 +-  0.923
  49 P   0.45217 0.08834 0.06767 0.05732 0.05042 0.04501 0.04034 0.03607 0.03229 0.04181 0.08856 ( 1)  0.484 +-  0.959
  50 T   0.45404 0.08870 0.06788 0.05745 0.05047 0.04502 0.04030 0.03600 0.03219 0.04168 0.08627 ( 1)  0.473 +-  0.930
  51 E   0.45730 0.08933 0.06824 0.05765 0.05056 0.04501 0.04022 0.03586 0.03200 0.04142 0.08242 ( 1)  0.457 +-  0.884
  52 I   0.45396 0.08868 0.06787 0.05744 0.05047 0.04502 0.04030 0.03600 0.03220 0.04169 0.08637 ( 1)  0.474 +-  0.932
  53 I   0.45396 0.08868 0.06787 0.05744 0.05047 0.04502 0.04030 0.03600 0.03220 0.04169 0.08637 ( 1)  0.474 +-  0.932
  54 A   0.45307 0.08851 0.06777 0.05738 0.05044 0.04501 0.04032 0.03604 0.03224 0.04175 0.08745 ( 1)  0.479 +-  0.945
  55 F   0.45508 0.08890 0.06800 0.05752 0.05050 0.04502 0.04028 0.03596 0.03214 0.04160 0.08500 ( 1)  0.468 +-  0.914
  56 S   0.45526 0.08894 0.06802 0.05753 0.05051 0.04502 0.04027 0.03595 0.03213 0.04159 0.08479 ( 1)  0.467 +-  0.912
  57 D   0.45677 0.08922 0.06819 0.05762 0.05055 0.04501 0.04023 0.03588 0.03204 0.04147 0.08301 ( 1)  0.459 +-  0.890
  58 Q   0.45558 0.08900 0.06805 0.05755 0.05052 0.04502 0.04027 0.03594 0.03211 0.04156 0.08441 ( 1)  0.465 +-  0.907
  59 V   0.45370 0.08864 0.06784 0.05742 0.05046 0.04501 0.04031 0.03601 0.03221 0.04170 0.08669 ( 1)  0.475 +-  0.936
  60 E   0.45648 0.08917 0.06815 0.05760 0.05054 0.04501 0.04024 0.03590 0.03206 0.04149 0.08337 ( 1)  0.461 +-  0.895
  61 E   0.45648 0.08917 0.06815 0.05760 0.05054 0.04501 0.04024 0.03590 0.03206 0.04149 0.08337 ( 1)  0.461 +-  0.895
  62 F   0.45508 0.08890 0.06800 0.05752 0.05050 0.04502 0.04028 0.03596 0.03214 0.04160 0.08500 ( 1)  0.468 +-  0.914
  63 N   0.45567 0.08901 0.06806 0.05755 0.05052 0.04502 0.04026 0.03593 0.03210 0.04156 0.08431 ( 1)  0.465 +-  0.906
  64 S   0.45526 0.08894 0.06802 0.05753 0.05051 0.04502 0.04027 0.03595 0.03213 0.04159 0.08479 ( 1)  0.467 +-  0.912
  65 R   0.45236 0.08838 0.06769 0.05733 0.05042 0.04501 0.04034 0.03606 0.03228 0.04180 0.08832 ( 1)  0.483 +-  0.956
  66 N   0.45765 0.08939 0.06828 0.05767 0.05057 0.04501 0.04021 0.03584 0.03198 0.04139 0.08200 ( 1)  0.455 +-  0.879
  67 C   0.45451 0.08879 0.06793 0.05748 0.05049 0.04502 0.04029 0.03598 0.03217 0.04165 0.08570 ( 1)  0.471 +-  0.923
  68 Q   0.45673 0.08922 0.06818 0.05762 0.05055 0.04501 0.04024 0.03589 0.03204 0.04147 0.08304 ( 1)  0.459 +-  0.890
  69 V   0.45370 0.08864 0.06784 0.05742 0.05046 0.04501 0.04031 0.03601 0.03221 0.04170 0.08669 ( 1)  0.475 +-  0.936
  70 I   0.45396 0.08868 0.06787 0.05744 0.05047 0.04502 0.04030 0.03600 0.03220 0.04169 0.08637 ( 1)  0.474 +-  0.932
  71 A   0.45279 0.08846 0.06774 0.05736 0.05043 0.04501 0.04033 0.03605 0.03226 0.04177 0.08780 ( 1)  0.480 +-  0.949
  72 C   0.45451 0.08879 0.06793 0.05748 0.05049 0.04502 0.04029 0.03598 0.03217 0.04165 0.08570 ( 1)  0.471 +-  0.923
  73 S   0.45407 0.08871 0.06788 0.05745 0.05047 0.04502 0.04030 0.03600 0.03219 0.04168 0.08623 ( 1)  0.473 +-  0.930
  74 T   0.45341 0.08858 0.06781 0.05740 0.05045 0.04502 0.04032 0.03603 0.03222 0.04173 0.08704 ( 1)  0.477 +-  0.940
  75 D   0.45896 0.08964 0.06843 0.05775 0.05060 0.04499 0.04016 0.03577 0.03190 0.04128 0.08052 ( 1)  0.449 +-  0.861
  76 S   0.45407 0.08871 0.06788 0.05745 0.05047 0.04502 0.04030 0.03600 0.03219 0.04168 0.08623 ( 1)  0.473 +-  0.930
  77 Q   0.45673 0.08922 0.06818 0.05762 0.05055 0.04501 0.04024 0.03589 0.03204 0.04147 0.08304 ( 1)  0.459 +-  0.890
  78 Y   0.45352 0.08860 0.06782 0.05741 0.05046 0.04502 0.04031 0.03602 0.03222 0.04172 0.08690 ( 1)  0.476 +-  0.938
  79 S   0.45526 0.08894 0.06802 0.05753 0.05051 0.04502 0.04027 0.03595 0.03213 0.04159 0.08479 ( 1)  0.467 +-  0.912
  80 H   0.45749 0.08936 0.06827 0.05767 0.05057 0.04501 0.04022 0.03585 0.03200 0.04141 0.08216 ( 1)  0.455 +-  0.880
  81 L   0.45547 0.08897 0.06804 0.05754 0.05051 0.04502 0.04027 0.03594 0.03211 0.04157 0.08455 ( 1)  0.466 +-  0.909
  82 A   0.45407 0.08871 0.06788 0.05745 0.05047 0.04502 0.04030 0.03600 0.03219 0.04168 0.08624 ( 1)  0.473 +-  0.930
  83 W   0.45372 0.08864 0.06784 0.05743 0.05046 0.04502 0.04031 0.03601 0.03221 0.04170 0.08665 ( 1)  0.475 +-  0.935
  84 N   0.45567 0.08901 0.06806 0.05755 0.05052 0.04502 0.04026 0.03593 0.03210 0.04156 0.08431 ( 1)  0.465 +-  0.906
  85 N   0.45765 0.08939 0.06828 0.05767 0.05057 0.04501 0.04021 0.03584 0.03198 0.04139 0.08200 ( 1)  0.455 +-  0.879
  86 L   0.45466 0.08882 0.06795 0.05749 0.05049 0.04502 0.04029 0.03598 0.03216 0.04163 0.08551 ( 1)  0.470 +-  0.921
  87 D   0.45896 0.08964 0.06843 0.05775 0.05060 0.04499 0.04016 0.03577 0.03190 0.04128 0.08052 ( 1)  0.449 +-  0.861
  88 R   0.45381 0.08866 0.06785 0.05743 0.05047 0.04502 0.04031 0.03601 0.03220 0.04170 0.08654 ( 1)  0.475 +-  0.934
  89 K   0.45600 0.08908 0.06810 0.05757 0.05053 0.04501 0.04025 0.03592 0.03208 0.04153 0.08394 ( 1)  0.463 +-  0.902
  90 A   0.45482 0.08885 0.06797 0.05750 0.05050 0.04502 0.04028 0.03597 0.03215 0.04162 0.08534 ( 1)  0.469 +-  0.919
  91 G   0.45449 0.08879 0.06793 0.05747 0.05049 0.04502 0.04029 0.03598 0.03217 0.04164 0.08574 ( 1)  0.471 +-  0.924
  92 G   0.45318 0.08854 0.06778 0.05739 0.05045 0.04501 0.04032 0.03603 0.03223 0.04174 0.08732 ( 1)  0.478 +-  0.944
  93 L   0.45466 0.08882 0.06795 0.05749 0.05049 0.04502 0.04029 0.03598 0.03216 0.04163 0.08551 ( 1)  0.470 +-  0.921
  94 G   0.45449 0.08879 0.06793 0.05747 0.05049 0.04502 0.04029 0.03598 0.03217 0.04164 0.08574 ( 1)  0.471 +-  0.924
  95 Q   0.45558 0.08900 0.06805 0.05755 0.05052 0.04502 0.04027 0.03594 0.03211 0.04156 0.08441 ( 1)  0.465 +-  0.907
  96 M   0.45575 0.08903 0.06807 0.05756 0.05052 0.04502 0.04026 0.03593 0.03210 0.04155 0.08421 ( 1)  0.464 +-  0.905
  97 K   0.45600 0.08908 0.06810 0.05757 0.05053 0.04501 0.04025 0.03592 0.03208 0.04153 0.08394 ( 1)  0.463 +-  0.902
  98 I   0.45602 0.08908 0.06810 0.05757 0.05053 0.04501 0.04025 0.03592 0.03208 0.04152 0.08391 ( 1)  0.463 +-  0.902
  99 P   0.45379 0.08865 0.06785 0.05743 0.05047 0.04502 0.04031 0.03601 0.03221 0.04170 0.08657 ( 1)  0.475 +-  0.934
 100 L   0.45350 0.08860 0.06782 0.05741 0.05046 0.04502 0.04031 0.03602 0.03222 0.04172 0.08693 ( 1)  0.476 +-  0.938
 101 L   0.45466 0.08882 0.06795 0.05749 0.05049 0.04502 0.04029 0.03598 0.03216 0.04163 0.08551 ( 1)  0.470 +-  0.921
 102 A   0.45279 0.08846 0.06774 0.05736 0.05043 0.04501 0.04033 0.03605 0.03226 0.04177 0.08780 ( 1)  0.480 +-  0.949
 103 D   0.45677 0.08922 0.06819 0.05762 0.05055 0.04501 0.04023 0.03588 0.03204 0.04147 0.08301 ( 1)  0.459 +-  0.890
 104 R   0.45218 0.08834 0.06767 0.05732 0.05042 0.04501 0.04034 0.03607 0.03229 0.04181 0.08854 ( 1)  0.484 +-  0.959
 105 T   0.45341 0.08858 0.06781 0.05740 0.05045 0.04502 0.04032 0.03603 0.03222 0.04173 0.08704 ( 1)  0.477 +-  0.940
 106 Q   0.45558 0.08900 0.06805 0.05755 0.05052 0.04502 0.04027 0.03594 0.03211 0.04156 0.08441 ( 1)  0.465 +-  0.907
 107 E   0.45648 0.08917 0.06815 0.05760 0.05054 0.04501 0.04024 0.03590 0.03206 0.04149 0.08337 ( 1)  0.461 +-  0.895
 108 I   0.45602 0.08908 0.06810 0.05757 0.05053 0.04501 0.04025 0.03592 0.03208 0.04152 0.08391 ( 1)  0.463 +-  0.902
 109 S   0.45234 0.08837 0.06768 0.05733 0.05042 0.04501 0.04034 0.03607 0.03228 0.04180 0.08835 ( 1)  0.483 +-  0.956
 110 R   0.45365 0.08863 0.06784 0.05742 0.05046 0.04502 0.04031 0.03602 0.03221 0.04171 0.08674 ( 1)  0.476 +-  0.936
 111 A   0.45407 0.08871 0.06788 0.05745 0.05047 0.04502 0.04030 0.03600 0.03219 0.04168 0.08624 ( 1)  0.473 +-  0.930
 112 Y   0.45603 0.08908 0.06810 0.05757 0.05053 0.04501 0.04025 0.03592 0.03208 0.04153 0.08389 ( 1)  0.463 +-  0.901
 113 G   0.45449 0.08879 0.06793 0.05747 0.05049 0.04502 0.04029 0.03598 0.03217 0.04164 0.08574 ( 1)  0.471 +-  0.924
 114 V   0.45488 0.08886 0.06797 0.05750 0.05049 0.04501 0.04028 0.03596 0.03214 0.04161 0.08528 ( 1)  0.469 +-  0.919
 115 L   0.45496 0.08888 0.06798 0.05751 0.05050 0.04502 0.04028 0.03596 0.03214 0.04161 0.08516 ( 1)  0.469 +-  0.917
 116 D   0.45896 0.08964 0.06843 0.05775 0.05060 0.04499 0.04016 0.03577 0.03190 0.04128 0.08052 ( 1)  0.449 +-  0.861
 117 E   0.45648 0.08917 0.06815 0.05760 0.05054 0.04501 0.04024 0.03590 0.03206 0.04149 0.08337 ( 1)  0.461 +-  0.895
 118 E   0.45648 0.08917 0.06815 0.05760 0.05054 0.04501 0.04024 0.03590 0.03206 0.04149 0.08337 ( 1)  0.461 +-  0.895
 119 D   0.45896 0.08964 0.06843 0.05775 0.05060 0.04499 0.04016 0.03577 0.03190 0.04128 0.08052 ( 1)  0.449 +-  0.861
 120 G   0.45259 0.08842 0.06771 0.05735 0.05043 0.04501 0.04033 0.03606 0.03227 0.04178 0.08804 ( 1)  0.481 +-  0.952
 121 N   0.45765 0.08939 0.06828 0.05767 0.05057 0.04501 0.04021 0.03584 0.03198 0.04139 0.08200 ( 1)  0.455 +-  0.879
 122 A   0.45407 0.08871 0.06788 0.05745 0.05047 0.04502 0.04030 0.03600 0.03219 0.04168 0.08624 ( 1)  0.473 +-  0.930
 123 F   0.45508 0.08890 0.06800 0.05752 0.05050 0.04502 0.04028 0.03596 0.03214 0.04160 0.08500 ( 1)  0.468 +-  0.914
 124 R   0.45365 0.08863 0.06784 0.05742 0.05046 0.04502 0.04031 0.03602 0.03221 0.04171 0.08674 ( 1)  0.476 +-  0.936
 125 G   0.45449 0.08879 0.06793 0.05747 0.05049 0.04502 0.04029 0.03598 0.03217 0.04164 0.08574 ( 1)  0.471 +-  0.924
 126 L   0.45496 0.08888 0.06798 0.05751 0.05050 0.04502 0.04028 0.03596 0.03214 0.04161 0.08516 ( 1)  0.469 +-  0.917
 127 F   0.45508 0.08890 0.06800 0.05752 0.05050 0.04502 0.04028 0.03596 0.03214 0.04160 0.08500 ( 1)  0.468 +-  0.914
 128 I   0.45396 0.08868 0.06787 0.05744 0.05047 0.04502 0.04030 0.03600 0.03220 0.04169 0.08637 ( 1)  0.474 +-  0.932
 129 I   0.45602 0.08908 0.06810 0.05757 0.05053 0.04501 0.04025 0.03592 0.03208 0.04152 0.08391 ( 1)  0.463 +-  0.902
 130 D   0.45896 0.08964 0.06843 0.05775 0.05060 0.04499 0.04016 0.03577 0.03190 0.04128 0.08052 ( 1)  0.449 +-  0.861
 131 P   0.45239 0.08838 0.06769 0.05734 0.05042 0.04501 0.04034 0.03606 0.03228 0.04180 0.08828 ( 1)  0.483 +-  0.955
 132 K   0.45528 0.08894 0.06802 0.05753 0.05051 0.04502 0.04027 0.03595 0.03212 0.04158 0.08478 ( 1)  0.467 +-  0.912
 133 G   0.45318 0.08854 0.06778 0.05739 0.05045 0.04501 0.04032 0.03603 0.03223 0.04174 0.08732 ( 1)  0.478 +-  0.944
 134 I   0.45602 0.08908 0.06810 0.05757 0.05053 0.04501 0.04025 0.03592 0.03208 0.04152 0.08391 ( 1)  0.463 +-  0.902
 135 L   0.45463 0.08881 0.06795 0.05748 0.05049 0.04502 0.04029 0.03598 0.03216 0.04164 0.08556 ( 1)  0.470 +-  0.922
 136 R   0.45381 0.08866 0.06785 0.05743 0.05047 0.04502 0.04031 0.03601 0.03220 0.04170 0.08654 ( 1)  0.475 +-  0.934
 137 Q   0.45673 0.08922 0.06818 0.05762 0.05055 0.04501 0.04024 0.03589 0.03204 0.04147 0.08304 ( 1)  0.459 +-  0.890
 138 I   0.45396 0.08868 0.06787 0.05744 0.05047 0.04502 0.04030 0.03600 0.03220 0.04169 0.08637 ( 1)  0.474 +-  0.932
 139 T   0.45256 0.08842 0.06771 0.05735 0.05043 0.04501 0.04033 0.03606 0.03227 0.04179 0.08808 ( 1)  0.482 +-  0.953
 140 I   0.45396 0.08868 0.06787 0.05744 0.05047 0.04502 0.04030 0.03600 0.03220 0.04169 0.08637 ( 1)  0.474 +-  0.932
 141 N   0.45765 0.08939 0.06828 0.05767 0.05057 0.04501 0.04021 0.03584 0.03198 0.04139 0.08200 ( 1)  0.455 +-  0.879
 142 D   0.45677 0.08922 0.06819 0.05762 0.05055 0.04501 0.04023 0.03588 0.03204 0.04147 0.08301 ( 1)  0.459 +-  0.890
 143 K   0.45528 0.08894 0.06802 0.05753 0.05051 0.04502 0.04027 0.03595 0.03212 0.04158 0.08478 ( 1)  0.467 +-  0.912
 144 P   0.45319 0.08854 0.06778 0.05739 0.05045 0.04502 0.04032 0.03603 0.03224 0.04174 0.08730 ( 1)  0.478 +-  0.943
 145 V   0.45576 0.08903 0.06807 0.05755 0.05052 0.04501 0.04026 0.03592 0.03209 0.04154 0.08424 ( 1)  0.465 +-  0.906
 146 G   0.45318 0.08854 0.06778 0.05739 0.05045 0.04501 0.04032 0.03603 0.03223 0.04174 0.08732 ( 1)  0.478 +-  0.944
 147 R   0.45236 0.08838 0.06769 0.05733 0.05042 0.04501 0.04034 0.03606 0.03228 0.04180 0.08832 ( 1)  0.483 +-  0.956
 148 S   0.45407 0.08871 0.06788 0.05745 0.05047 0.04502 0.04030 0.03600 0.03219 0.04168 0.08623 ( 1)  0.473 +-  0.930
 149 V   0.45488 0.08886 0.06797 0.05750 0.05049 0.04501 0.04028 0.03596 0.03214 0.04161 0.08528 ( 1)  0.469 +-  0.919
 150 D   0.45677 0.08922 0.06819 0.05762 0.05055 0.04501 0.04023 0.03588 0.03204 0.04147 0.08301 ( 1)  0.459 +-  0.890
 151 E   0.45730 0.08933 0.06824 0.05765 0.05056 0.04501 0.04022 0.03586 0.03200 0.04142 0.08242 ( 1)  0.457 +-  0.884
 152 T   0.45341 0.08858 0.06781 0.05740 0.05045 0.04502 0.04032 0.03603 0.03222 0.04173 0.08704 ( 1)  0.477 +-  0.940
 153 L   0.45496 0.08888 0.06798 0.05751 0.05050 0.04502 0.04028 0.03596 0.03214 0.04161 0.08516 ( 1)  0.469 +-  0.917
 154 R   0.45236 0.08838 0.06769 0.05733 0.05042 0.04501 0.04034 0.03606 0.03228 0.04180 0.08832 ( 1)  0.483 +-  0.956
 155 L   0.45463 0.08881 0.06795 0.05748 0.05049 0.04502 0.04029 0.03598 0.03216 0.04164 0.08556 ( 1)  0.470 +-  0.922
 156 L   0.45350 0.08860 0.06782 0.05741 0.05046 0.04502 0.04031 0.03602 0.03222 0.04172 0.08693 ( 1)  0.476 +-  0.938
 157 D   0.45677 0.08922 0.06819 0.05762 0.05055 0.04501 0.04023 0.03588 0.03204 0.04147 0.08301 ( 1)  0.459 +-  0.890
 158 A   0.45307 0.08851 0.06777 0.05738 0.05044 0.04501 0.04032 0.03604 0.03224 0.04175 0.08745 ( 1)  0.479 +-  0.945
 159 F   0.45508 0.08890 0.06800 0.05752 0.05050 0.04502 0.04028 0.03596 0.03214 0.04160 0.08500 ( 1)  0.468 +-  0.914
 160 Q   0.45673 0.08922 0.06818 0.05762 0.05055 0.04501 0.04024 0.03589 0.03204 0.04147 0.08304 ( 1)  0.459 +-  0.890
 161 F   0.45741 0.08935 0.06826 0.05766 0.05057 0.04501 0.04022 0.03586 0.03200 0.04142 0.08225 ( 1)  0.456 +-  0.881
 162 V   0.45370 0.08864 0.06784 0.05742 0.05046 0.04501 0.04031 0.03601 0.03221 0.04170 0.08669 ( 1)  0.475 +-  0.936
 163 E   0.45648 0.08917 0.06815 0.05760 0.05054 0.04501 0.04024 0.03590 0.03206 0.04149 0.08337 ( 1)  0.461 +-  0.895
 164 K   0.45528 0.08894 0.06802 0.05753 0.05051 0.04502 0.04027 0.03595 0.03212 0.04158 0.08478 ( 1)  0.467 +-  0.912
 165 H   0.45749 0.08936 0.06827 0.05767 0.05057 0.04501 0.04022 0.03585 0.03200 0.04141 0.08216 ( 1)  0.455 +-  0.880
 166 G   0.45449 0.08879 0.06793 0.05747 0.05049 0.04502 0.04029 0.03598 0.03217 0.04164 0.08574 ( 1)  0.471 +-  0.924
 167 E   0.45730 0.08933 0.06824 0.05765 0.05056 0.04501 0.04022 0.03586 0.03200 0.04142 0.08242 ( 1)  0.457 +-  0.884
 168 V   0.45370 0.08864 0.06784 0.05742 0.05046 0.04501 0.04031 0.03601 0.03221 0.04170 0.08669 ( 1)  0.475 +-  0.936
 169 C   0.45451 0.08879 0.06793 0.05748 0.05049 0.04502 0.04029 0.03598 0.03217 0.04165 0.08570 ( 1)  0.471 +-  0.923
 170 P   0.45319 0.08854 0.06778 0.05739 0.05045 0.04502 0.04032 0.03603 0.03224 0.04174 0.08730 ( 1)  0.478 +-  0.943
 171 V   0.45370 0.08864 0.06784 0.05742 0.05046 0.04501 0.04031 0.03601 0.03221 0.04170 0.08669 ( 1)  0.475 +-  0.936
 172 N   0.45567 0.08901 0.06806 0.05755 0.05052 0.04502 0.04026 0.03593 0.03210 0.04156 0.08431 ( 1)  0.465 +-  0.906
 173 W   0.45372 0.08864 0.06784 0.05743 0.05046 0.04502 0.04031 0.03601 0.03221 0.04170 0.08665 ( 1)  0.475 +-  0.935
 174 K   0.45600 0.08908 0.06810 0.05757 0.05053 0.04501 0.04025 0.03592 0.03208 0.04153 0.08394 ( 1)  0.463 +-  0.902
 175 R   0.45381 0.08866 0.06785 0.05743 0.05047 0.04502 0.04031 0.03601 0.03220 0.04170 0.08654 ( 1)  0.475 +-  0.934
 176 G   0.45449 0.08879 0.06793 0.05747 0.05049 0.04502 0.04029 0.03598 0.03217 0.04164 0.08574 ( 1)  0.471 +-  0.924
 177 D   0.45896 0.08964 0.06843 0.05775 0.05060 0.04499 0.04016 0.03577 0.03190 0.04128 0.08052 ( 1)  0.449 +-  0.861
 178 H   0.45749 0.08936 0.06827 0.05767 0.05057 0.04501 0.04022 0.03585 0.03200 0.04141 0.08216 ( 1)  0.455 +-  0.880
 179 G   0.45286 0.08847 0.06774 0.05737 0.05044 0.04501 0.04033 0.03605 0.03225 0.04177 0.08772 ( 1)  0.480 +-  0.948
 180 I   0.45396 0.08868 0.06787 0.05744 0.05047 0.04502 0.04030 0.03600 0.03220 0.04169 0.08637 ( 1)  0.474 +-  0.932
 181 K   0.45600 0.08908 0.06810 0.05757 0.05053 0.04501 0.04025 0.03592 0.03208 0.04153 0.08394 ( 1)  0.463 +-  0.902
 182 V   0.45576 0.08903 0.06807 0.05755 0.05052 0.04501 0.04026 0.03592 0.03209 0.04154 0.08424 ( 1)  0.465 +-  0.906
 183 N   0.45765 0.08939 0.06828 0.05767 0.05057 0.04501 0.04021 0.03584 0.03198 0.04139 0.08200 ( 1)  0.455 +-  0.879
 184 K   0.45600 0.08908 0.06810 0.05757 0.05053 0.04501 0.04025 0.03592 0.03208 0.04153 0.08394 ( 1)  0.463 +-  0.902
 185 K   0.45600 0.08908 0.06810 0.05757 0.05053 0.04501 0.04025 0.03592 0.03208 0.04153 0.08394 ( 1)  0.463 +-  0.902

Positively selected sites

	Prob(w>1)  mean w


