Supplemental results for CODEML (seqf: algn  treef: tree)


dN/dS (w) for site classes (K=9)

p:   0.12500  0.12500  0.12500  0.12500  0.12500  0.12500  0.12500  0.12500  0.00001
w:   0.00000  0.00000  0.00000  0.00000  0.00000  0.00000  0.00000  0.00000  1.00000

Naive Empirical Bayes (NEB) probabilities for 9 classes & postmean_w
(amino acids refer to 1st sequence: Mlig.10246)

   1 G   0.12500 0.12500 0.12500 0.12500 0.12500 0.12500 0.12500 0.12500 0.00001 ( 3)  0.000
   2 P   0.12500 0.12500 0.12500 0.12500 0.12500 0.12500 0.12500 0.12500 0.00001 ( 1)  0.000
   3 D   0.12500 0.12500 0.12500 0.12500 0.12500 0.12500 0.12500 0.12500 0.00001 ( 5)  0.000
   4 T   0.12500 0.12500 0.12500 0.12500 0.12500 0.12500 0.12500 0.12500 0.00001 ( 1)  0.000
   5 S   0.12500 0.12500 0.12500 0.12500 0.12500 0.12500 0.12500 0.12500 0.00001 ( 1)  0.000
   6 G   0.12500 0.12500 0.12500 0.12500 0.12500 0.12500 0.12500 0.12500 0.00001 ( 3)  0.000
   7 W   0.12500 0.12500 0.12500 0.12500 0.12500 0.12500 0.12500 0.12500 0.00001 ( 1)  0.000
   8 L   0.12500 0.12500 0.12500 0.12500 0.12500 0.12500 0.12500 0.12500 0.00001 ( 2)  0.000
   9 P   0.12500 0.12500 0.12500 0.12500 0.12500 0.12500 0.12500 0.12500 0.00001 ( 1)  0.000
  10 E   0.12500 0.12500 0.12500 0.12500 0.12500 0.12500 0.12500 0.12500 0.00001 ( 1)  0.000
  11 Q   0.12500 0.12500 0.12500 0.12500 0.12500 0.12500 0.12500 0.12500 0.00001 ( 1)  0.000
  12 V   0.12500 0.12500 0.12500 0.12500 0.12500 0.12500 0.12500 0.12500 0.00001 ( 5)  0.000
  13 N   0.12500 0.12500 0.12500 0.12500 0.12500 0.12500 0.12500 0.12500 0.00001 ( 1)  0.000
  14 E   0.12500 0.12500 0.12500 0.12500 0.12500 0.12500 0.12500 0.12500 0.00001 ( 1)  0.000
  15 L   0.12500 0.12500 0.12500 0.12500 0.12500 0.12500 0.12500 0.12500 0.00001 ( 5)  0.000
  16 E   0.12500 0.12500 0.12500 0.12500 0.12500 0.12500 0.12500 0.12500 0.00001 ( 1)  0.000
  17 L   0.12500 0.12500 0.12500 0.12500 0.12500 0.12500 0.12500 0.12500 0.00001 ( 2)  0.000
  18 L   0.12500 0.12500 0.12500 0.12500 0.12500 0.12500 0.12500 0.12500 0.00001 ( 5)  0.000
  19 K   0.12500 0.12500 0.12500 0.12500 0.12500 0.12500 0.12500 0.12500 0.00001 ( 1)  0.000
  20 Q   0.12500 0.12500 0.12500 0.12500 0.12500 0.12500 0.12500 0.12500 0.00001 ( 1)  0.000
  21 R   0.12500 0.12500 0.12500 0.12500 0.12500 0.12500 0.12500 0.12500 0.00001 ( 2)  0.000
  22 K   0.12500 0.12500 0.12500 0.12500 0.12500 0.12500 0.12500 0.12500 0.00001 ( 1)  0.000
  23 R   0.12500 0.12500 0.12500 0.12500 0.12500 0.12500 0.12500 0.12500 0.00001 ( 2)  0.000
  24 T   0.12500 0.12500 0.12500 0.12500 0.12500 0.12500 0.12500 0.12500 0.00001 ( 1)  0.000
  25 L   0.12500 0.12500 0.12500 0.12500 0.12500 0.12500 0.12500 0.12500 0.00001 ( 2)  0.000
  26 E   0.12500 0.12500 0.12500 0.12500 0.12500 0.12500 0.12500 0.12500 0.00001 ( 5)  0.000
  27 I   0.12500 0.12500 0.12500 0.12500 0.12500 0.12500 0.12500 0.12500 0.00001 ( 5)  0.000
  28 E   0.12500 0.12500 0.12500 0.12500 0.12500 0.12500 0.12500 0.12500 0.00001 ( 1)  0.000
  29 L   0.12500 0.12500 0.12500 0.12500 0.12500 0.12500 0.12500 0.12500 0.00001 ( 2)  0.000
  30 T   0.12500 0.12500 0.12500 0.12500 0.12500 0.12500 0.12500 0.12500 0.00001 ( 1)  0.000
  31 E   0.12500 0.12500 0.12500 0.12500 0.12500 0.12500 0.12500 0.12500 0.00001 ( 5)  0.000
  32 L   0.12500 0.12500 0.12500 0.12500 0.12500 0.12500 0.12500 0.12500 0.00001 ( 1)  0.000
  33 R   0.12500 0.12500 0.12500 0.12500 0.12500 0.12500 0.12500 0.12500 0.00001 ( 5)  0.000
  34 T   0.12500 0.12500 0.12500 0.12500 0.12500 0.12500 0.12500 0.12500 0.00001 ( 1)  0.000
  35 E   0.12500 0.12500 0.12500 0.12500 0.12500 0.12500 0.12500 0.12500 0.00001 ( 1)  0.000
  36 L   0.12500 0.12500 0.12500 0.12500 0.12500 0.12500 0.12500 0.12500 0.00001 ( 2)  0.000
  37 E   0.12500 0.12500 0.12500 0.12500 0.12500 0.12500 0.12500 0.12500 0.00001 ( 1)  0.000
  38 S   0.12500 0.12500 0.12500 0.12500 0.12500 0.12500 0.12500 0.12500 0.00001 ( 1)  0.000
  39 L   0.12500 0.12500 0.12500 0.12500 0.12500 0.12500 0.12500 0.12500 0.00001 ( 5)  0.000
  40 D   0.12500 0.12500 0.12500 0.12500 0.12500 0.12500 0.12500 0.12500 0.00001 ( 3)  0.000
  41 R   0.12500 0.12500 0.12500 0.12500 0.12500 0.12500 0.12500 0.12500 0.00001 ( 5)  0.000
  42 E   0.12500 0.12500 0.12500 0.12500 0.12500 0.12500 0.12500 0.12500 0.00001 ( 5)  0.000
  43 I   0.12500 0.12500 0.12500 0.12500 0.12500 0.12500 0.12500 0.12500 0.00001 ( 5)  0.000
  44 R   0.12500 0.12500 0.12500 0.12500 0.12500 0.12500 0.12500 0.12500 0.00001 ( 5)  0.000
  45 E   0.12500 0.12500 0.12500 0.12500 0.12500 0.12500 0.12500 0.12500 0.00001 ( 1)  0.000
  46 M   0.12500 0.12500 0.12500 0.12500 0.12500 0.12500 0.12500 0.12500 0.00001 ( 1)  0.000
  47 D   0.12500 0.12500 0.12500 0.12500 0.12500 0.12500 0.12500 0.12500 0.00001 ( 5)  0.000
  48 I   0.12500 0.12500 0.12500 0.12500 0.12500 0.12500 0.12500 0.12500 0.00001 ( 5)  0.000
  49 G   0.12500 0.12500 0.12500 0.12500 0.12500 0.12500 0.12500 0.12500 0.00001 ( 3)  0.000
  50 S   0.12500 0.12500 0.12500 0.12500 0.12500 0.12500 0.12500 0.12500 0.00001 ( 5)  0.000
  51 G   0.12500 0.12500 0.12500 0.12500 0.12500 0.12500 0.12500 0.12500 0.00001 ( 5)  0.000
  52 G   0.12500 0.12500 0.12500 0.12500 0.12500 0.12500 0.12500 0.12500 0.00001 ( 3)  0.000
  53 G   0.12500 0.12500 0.12500 0.12500 0.12500 0.12500 0.12500 0.12500 0.00001 ( 3)  0.000
  54 G   0.12500 0.12500 0.12500 0.12500 0.12500 0.12500 0.12500 0.12500 0.00001 ( 5)  0.000
  55 G   0.12500 0.12500 0.12500 0.12500 0.12500 0.12500 0.12500 0.12500 0.00001 ( 3)  0.000
  56 E   0.12500 0.12500 0.12500 0.12500 0.12500 0.12500 0.12500 0.12500 0.00001 ( 5)  0.000
  57 A   0.12500 0.12500 0.12500 0.12500 0.12500 0.12500 0.12500 0.12500 0.00001 ( 3)  0.000
  58 F   0.12500 0.12500 0.12500 0.12500 0.12500 0.12500 0.12500 0.12500 0.00001 ( 2)  0.000
  59 E   0.12500 0.12500 0.12500 0.12500 0.12500 0.12500 0.12500 0.12500 0.00001 ( 5)  0.000
  60 A   0.12500 0.12500 0.12500 0.12500 0.12500 0.12500 0.12500 0.12500 0.00001 ( 3)  0.000
  61 T   0.12500 0.12500 0.12500 0.12500 0.12500 0.12500 0.12500 0.12500 0.00001 ( 1)  0.000
  62 S   0.12500 0.12500 0.12500 0.12500 0.12500 0.12500 0.12500 0.12500 0.00001 ( 5)  0.000
  63 Q   0.12500 0.12500 0.12500 0.12500 0.12500 0.12500 0.12500 0.12500 0.00001 ( 1)  0.000
  64 R   0.12500 0.12500 0.12500 0.12500 0.12500 0.12500 0.12500 0.12500 0.00001 ( 2)  0.000
  65 D   0.12500 0.12500 0.12500 0.12500 0.12500 0.12500 0.12500 0.12500 0.00001 ( 3)  0.000
  66 K   0.12500 0.12500 0.12500 0.12500 0.12500 0.12500 0.12500 0.12500 0.00001 ( 1)  0.000
  67 A   0.12500 0.12500 0.12500 0.12500 0.12500 0.12500 0.12500 0.12500 0.00001 ( 3)  0.000
  68 L   0.12500 0.12500 0.12500 0.12500 0.12500 0.12500 0.12500 0.12500 0.00001 ( 2)  0.000
  69 L   0.12500 0.12500 0.12500 0.12500 0.12500 0.12500 0.12500 0.12500 0.00001 ( 5)  0.000
  70 T   0.12500 0.12500 0.12500 0.12500 0.12500 0.12500 0.12500 0.12500 0.00001 ( 1)  0.000
  71 G   0.12500 0.12500 0.12500 0.12500 0.12500 0.12500 0.12500 0.12500 0.00001 ( 3)  0.000
  72 R   0.12500 0.12500 0.12500 0.12500 0.12500 0.12500 0.12500 0.12500 0.00001 ( 5)  0.000
  73 N   0.12500 0.12500 0.12500 0.12500 0.12500 0.12500 0.12500 0.12500 0.00001 ( 1)  0.000
  74 K   0.12500 0.12500 0.12500 0.12500 0.12500 0.12500 0.12500 0.12500 0.00001 ( 1)  0.000
  75 F   0.12500 0.12500 0.12500 0.12500 0.12500 0.12500 0.12500 0.12500 0.00001 ( 2)  0.000
  76 N   0.12500 0.12500 0.12500 0.12500 0.12500 0.12500 0.12500 0.12500 0.00001 ( 5)  0.000
  77 L   0.12500 0.12500 0.12500 0.12500 0.12500 0.12500 0.12500 0.12500 0.00001 ( 1)  0.000
  78 K   0.12500 0.12500 0.12500 0.12500 0.12500 0.12500 0.12500 0.12500 0.00001 ( 1)  0.000
  79 P   0.12500 0.12500 0.12500 0.12500 0.12500 0.12500 0.12500 0.12500 0.00001 ( 1)  0.000
  80 A   0.12500 0.12500 0.12500 0.12500 0.12500 0.12500 0.12500 0.12500 0.00001 ( 3)  0.000
  81 T   0.12500 0.12500 0.12500 0.12500 0.12500 0.12500 0.12500 0.12500 0.00001 ( 1)  0.000
  82 G   0.12500 0.12500 0.12500 0.12500 0.12500 0.12500 0.12500 0.12500 0.00001 ( 3)  0.000
  83 I   0.12500 0.12500 0.12500 0.12500 0.12500 0.12500 0.12500 0.12500 0.00001 ( 5)  0.000
  84 A   0.12500 0.12500 0.12500 0.12500 0.12500 0.12500 0.12500 0.12500 0.00001 ( 3)  0.000
  85 Y   0.12500 0.12500 0.12500 0.12500 0.12500 0.12500 0.12500 0.12500 0.00001 ( 2)  0.000
  86 L   0.12500 0.12500 0.12500 0.12500 0.12500 0.12500 0.12500 0.12500 0.00001 ( 2)  0.000
  87 V   0.12500 0.12500 0.12500 0.12500 0.12500 0.12500 0.12500 0.12500 0.00001 ( 5)  0.000
  88 E   0.12500 0.12500 0.12500 0.12500 0.12500 0.12500 0.12500 0.12500 0.00001 ( 1)  0.000
  89 Q   0.12500 0.12500 0.12500 0.12500 0.12500 0.12500 0.12500 0.12500 0.00001 ( 1)  0.000
  90 G   0.12500 0.12500 0.12500 0.12500 0.12500 0.12500 0.12500 0.12500 0.00001 ( 3)  0.000
  91 L   0.12500 0.12500 0.12500 0.12500 0.12500 0.12500 0.12500 0.12500 0.00001 ( 2)  0.000
  92 L   0.12500 0.12500 0.12500 0.12500 0.12500 0.12500 0.12500 0.12500 0.00001 ( 5)  0.000
  93 E   0.12500 0.12500 0.12500 0.12500 0.12500 0.12500 0.12500 0.12500 0.00001 ( 1)  0.000
  94 N   0.12500 0.12500 0.12500 0.12500 0.12500 0.12500 0.12500 0.12500 0.00001 ( 1)  0.000
  95 T   0.12500 0.12500 0.12500 0.12500 0.12500 0.12500 0.12500 0.12500 0.00001 ( 1)  0.000
  96 P   0.12500 0.12500 0.12500 0.12500 0.12500 0.12500 0.12500 0.12500 0.00001 ( 1)  0.000
  97 A   0.12500 0.12500 0.12500 0.12500 0.12500 0.12500 0.12500 0.12500 0.00001 ( 3)  0.000
  98 A   0.12500 0.12500 0.12500 0.12500 0.12500 0.12500 0.12500 0.12500 0.00001 ( 3)  0.000
  99 V   0.12500 0.12500 0.12500 0.12500 0.12500 0.12500 0.12500 0.12500 0.00001 ( 5)  0.000
 100 A   0.12500 0.12500 0.12500 0.12500 0.12500 0.12500 0.12500 0.12500 0.00001 ( 3)  0.000
 101 S   0.12500 0.12500 0.12500 0.12500 0.12500 0.12500 0.12500 0.12500 0.00001 ( 1)  0.000
 102 F   0.12500 0.12500 0.12500 0.12500 0.12500 0.12500 0.12500 0.12500 0.00001 ( 2)  0.000
 103 L   0.12500 0.12500 0.12500 0.12500 0.12500 0.12500 0.12500 0.12500 0.00001 ( 2)  0.000
 104 F   0.12500 0.12500 0.12500 0.12500 0.12500 0.12500 0.12500 0.12500 0.00001 ( 2)  0.000
 105 Q   0.12500 0.12500 0.12500 0.12500 0.12500 0.12500 0.12500 0.12500 0.00001 ( 1)  0.000
 106 S   0.12500 0.12500 0.12500 0.12500 0.12500 0.12500 0.12500 0.12500 0.00001 ( 1)  0.000
 107 T   0.12500 0.12500 0.12500 0.12500 0.12500 0.12500 0.12500 0.12500 0.00001 ( 1)  0.000
 108 N   0.12500 0.12500 0.12500 0.12500 0.12500 0.12500 0.12500 0.12500 0.00001 ( 5)  0.000
 109 L   0.12500 0.12500 0.12500 0.12500 0.12500 0.12500 0.12500 0.12500 0.00001 ( 5)  0.000
 110 S   0.12500 0.12500 0.12500 0.12500 0.12500 0.12500 0.12500 0.12500 0.00001 ( 1)  0.000
 111 R   0.12500 0.12500 0.12500 0.12500 0.12500 0.12500 0.12500 0.12500 0.00001 ( 3)  0.000
 112 R   0.12500 0.12500 0.12500 0.12500 0.12500 0.12500 0.12500 0.12500 0.00001 ( 2)  0.000
 113 A   0.12500 0.12500 0.12500 0.12500 0.12500 0.12500 0.12500 0.12500 0.00001 ( 3)  0.000
 114 V   0.12500 0.12500 0.12500 0.12500 0.12500 0.12500 0.12500 0.12500 0.00001 ( 5)  0.000
 115 G   0.12500 0.12500 0.12500 0.12500 0.12500 0.12500 0.12500 0.12500 0.00001 ( 3)  0.000
 116 D   0.12500 0.12500 0.12500 0.12500 0.12500 0.12500 0.12500 0.12500 0.00001 ( 5)  0.000
 117 Y   0.12500 0.12500 0.12500 0.12500 0.12500 0.12500 0.12500 0.12500 0.00001 ( 2)  0.000
 118 F   0.12500 0.12500 0.12500 0.12500 0.12500 0.12500 0.12500 0.12500 0.00001 ( 2)  0.000
 119 A   0.12500 0.12500 0.12500 0.12500 0.12500 0.12500 0.12500 0.12500 0.00001 ( 5)  0.000
 120 H   0.12500 0.12500 0.12500 0.12500 0.12500 0.12500 0.12500 0.12500 0.00001 ( 2)  0.000
 121 S   0.12500 0.12500 0.12500 0.12500 0.12500 0.12500 0.12500 0.12500 0.00001 ( 1)  0.000
 122 K   0.12500 0.12500 0.12500 0.12500 0.12500 0.12500 0.12500 0.12500 0.00001 ( 1)  0.000
 123 P   0.12500 0.12500 0.12500 0.12500 0.12500 0.12500 0.12500 0.12500 0.00001 ( 1)  0.000
 124 F   0.12500 0.12500 0.12500 0.12500 0.12500 0.12500 0.12500 0.12500 0.00001 ( 2)  0.000
 125 N   0.12500 0.12500 0.12500 0.12500 0.12500 0.12500 0.12500 0.12500 0.00001 ( 1)  0.000
 126 V   0.12500 0.12500 0.12500 0.12500 0.12500 0.12500 0.12500 0.12500 0.00001 ( 5)  0.000
 127 Q   0.12500 0.12500 0.12500 0.12500 0.12500 0.12500 0.12500 0.12500 0.00001 ( 1)  0.000
 128 T   0.12500 0.12500 0.12500 0.12500 0.12500 0.12500 0.12500 0.12500 0.00001 ( 1)  0.000
 129 L   0.12500 0.12500 0.12500 0.12500 0.12500 0.12500 0.12500 0.12500 0.00001 ( 2)  0.000
 130 D   0.12500 0.12500 0.12500 0.12500 0.12500 0.12500 0.12500 0.12500 0.00001 ( 5)  0.000
 131 A   0.12500 0.12500 0.12500 0.12500 0.12500 0.12500 0.12500 0.12500 0.00001 ( 3)  0.000
 132 F   0.12500 0.12500 0.12500 0.12500 0.12500 0.12500 0.12500 0.12500 0.00001 ( 2)  0.000
 133 A   0.12500 0.12500 0.12500 0.12500 0.12500 0.12500 0.12500 0.12500 0.00001 ( 3)  0.000
 134 G   0.12500 0.12500 0.12500 0.12500 0.12500 0.12500 0.12500 0.12500 0.00001 ( 3)  0.000
 135 L   0.12500 0.12500 0.12500 0.12500 0.12500 0.12500 0.12500 0.12500 0.00001 ( 2)  0.000
 136 F   0.12500 0.12500 0.12500 0.12500 0.12500 0.12500 0.12500 0.12500 0.00001 ( 2)  0.000
 137 N   0.12500 0.12500 0.12500 0.12500 0.12500 0.12500 0.12500 0.12500 0.00001 ( 1)  0.000
 138 F   0.12500 0.12500 0.12500 0.12500 0.12500 0.12500 0.12500 0.12500 0.00001 ( 2)  0.000
 139 A   0.12500 0.12500 0.12500 0.12500 0.12500 0.12500 0.12500 0.12500 0.00001 ( 3)  0.000
 140 G   0.12500 0.12500 0.12500 0.12500 0.12500 0.12500 0.12500 0.12500 0.00001 ( 3)  0.000
 141 K   0.12500 0.12500 0.12500 0.12500 0.12500 0.12500 0.12500 0.12500 0.00001 ( 3)  0.000
 142 K   0.12500 0.12500 0.12500 0.12500 0.12500 0.12500 0.12500 0.12500 0.00001 ( 1)  0.000
 143 L   0.12500 0.12500 0.12500 0.12500 0.12500 0.12500 0.12500 0.12500 0.00001 ( 1)  0.000
 144 M   0.12500 0.12500 0.12500 0.12500 0.12500 0.12500 0.12500 0.12500 0.00001 ( 1)  0.000
 145 Q   0.12500 0.12500 0.12500 0.12500 0.12500 0.12500 0.12500 0.12500 0.00001 ( 1)  0.000
 146 A   0.12500 0.12500 0.12500 0.12500 0.12500 0.12500 0.12500 0.12500 0.00001 ( 5)  0.000
 147 L   0.12500 0.12500 0.12500 0.12500 0.12500 0.12500 0.12500 0.12500 0.00001 ( 1)  0.000
 148 R   0.12500 0.12500 0.12500 0.12500 0.12500 0.12500 0.12500 0.12500 0.00001 ( 3)  0.000
 149 E   0.12500 0.12500 0.12500 0.12500 0.12500 0.12500 0.12500 0.12500 0.00001 ( 5)  0.000
 150 F   0.12500 0.12500 0.12500 0.12500 0.12500 0.12500 0.12500 0.12500 0.00001 ( 2)  0.000
 151 L   0.12500 0.12500 0.12500 0.12500 0.12500 0.12500 0.12500 0.12500 0.00001 ( 1)  0.000
 152 G   0.12500 0.12500 0.12500 0.12500 0.12500 0.12500 0.12500 0.12500 0.00001 ( 3)  0.000
 153 T   0.12500 0.12500 0.12500 0.12500 0.12500 0.12500 0.12500 0.12500 0.00001 ( 1)  0.000
 154 F   0.12500 0.12500 0.12500 0.12500 0.12500 0.12500 0.12500 0.12500 0.00001 ( 2)  0.000
 155 A   0.12500 0.12500 0.12500 0.12500 0.12500 0.12500 0.12500 0.12500 0.00001 ( 3)  0.000
 156 V   0.12500 0.12500 0.12500 0.12500 0.12500 0.12500 0.12500 0.12500 0.00001 ( 5)  0.000
 157 A   0.12500 0.12500 0.12500 0.12500 0.12500 0.12500 0.12500 0.12500 0.00001 ( 1)  0.000
 158 G   0.12500 0.12500 0.12500 0.12500 0.12500 0.12500 0.12500 0.12500 0.00001 ( 3)  0.000
 159 E   0.12500 0.12500 0.12500 0.12500 0.12500 0.12500 0.12500 0.12500 0.00001 ( 1)  0.000
 160 S   0.12500 0.12500 0.12500 0.12500 0.12500 0.12500 0.12500 0.12500 0.00001 ( 1)  0.000
 161 Q   0.12500 0.12500 0.12500 0.12500 0.12500 0.12500 0.12500 0.12500 0.00001 ( 1)  0.000
 162 V   0.12500 0.12500 0.12500 0.12500 0.12500 0.12500 0.12500 0.12500 0.00001 ( 5)  0.000
 163 I   0.12500 0.12500 0.12500 0.12500 0.12500 0.12500 0.12500 0.12500 0.00001 ( 5)  0.000
 164 E   0.12500 0.12500 0.12500 0.12500 0.12500 0.12500 0.12500 0.12500 0.00001 ( 1)  0.000
 165 R   0.12500 0.12500 0.12500 0.12500 0.12500 0.12500 0.12500 0.12500 0.00001 ( 5)  0.000
 166 C   0.12500 0.12500 0.12500 0.12500 0.12500 0.12500 0.12500 0.12500 0.00001 ( 1)  0.000
 167 I   0.12500 0.12500 0.12500 0.12500 0.12500 0.12500 0.12500 0.12500 0.00001 ( 3)  0.000
 168 S   0.12500 0.12500 0.12500 0.12500 0.12500 0.12500 0.12500 0.12500 0.00001 ( 1)  0.000
 169 V   0.12500 0.12500 0.12500 0.12500 0.12500 0.12500 0.12500 0.12500 0.00001 ( 5)  0.000
 170 F   0.12500 0.12500 0.12500 0.12500 0.12500 0.12500 0.12500 0.12500 0.00001 ( 2)  0.000
 171 A   0.12500 0.12500 0.12500 0.12500 0.12500 0.12500 0.12500 0.12500 0.00001 ( 3)  0.000
 172 K   0.12500 0.12500 0.12500 0.12500 0.12500 0.12500 0.12500 0.12500 0.00001 ( 1)  0.000
 173 S   0.12500 0.12500 0.12500 0.12500 0.12500 0.12500 0.12500 0.12500 0.00001 ( 1)  0.000
 174 F   0.12500 0.12500 0.12500 0.12500 0.12500 0.12500 0.12500 0.12500 0.00001 ( 2)  0.000
 175 A   0.12500 0.12500 0.12500 0.12500 0.12500 0.12500 0.12500 0.12500 0.00001 ( 3)  0.000
 176 S   0.12500 0.12500 0.12500 0.12500 0.12500 0.12500 0.12500 0.12500 0.00001 ( 1)  0.000
 177 Q   0.12500 0.12500 0.12500 0.12500 0.12500 0.12500 0.12500 0.12500 0.00001 ( 1)  0.000
 178 N   0.12500 0.12500 0.12500 0.12500 0.12500 0.12500 0.12500 0.12500 0.00001 ( 5)  0.000
 179 P   0.12500 0.12500 0.12500 0.12500 0.12500 0.12500 0.12500 0.12500 0.00001 ( 1)  0.000
 180 D   0.12500 0.12500 0.12500 0.12500 0.12500 0.12500 0.12500 0.12500 0.00001 ( 5)  0.000
 181 F   0.12500 0.12500 0.12500 0.12500 0.12500 0.12500 0.12500 0.12500 0.00001 ( 2)  0.000
 182 P   0.12500 0.12500 0.12500 0.12500 0.12500 0.12500 0.12500 0.12500 0.00001 ( 1)  0.000
 183 L   0.12500 0.12500 0.12500 0.12500 0.12500 0.12500 0.12500 0.12500 0.00001 ( 5)  0.000
 184 S   0.12500 0.12500 0.12500 0.12500 0.12500 0.12500 0.12500 0.12500 0.00001 ( 1)  0.000
 185 A   0.12500 0.12500 0.12500 0.12500 0.12500 0.12500 0.12500 0.12500 0.00001 ( 3)  0.000
 186 D   0.12500 0.12500 0.12500 0.12500 0.12500 0.12500 0.12500 0.12500 0.00001 ( 3)  0.000
 187 R   0.12500 0.12500 0.12500 0.12500 0.12500 0.12500 0.12500 0.12500 0.00001 ( 2)  0.000
 188 I   0.12500 0.12500 0.12500 0.12500 0.12500 0.12500 0.12500 0.12500 0.00001 ( 5)  0.000
 189 F   0.12500 0.12500 0.12500 0.12500 0.12500 0.12500 0.12500 0.12500 0.00001 ( 2)  0.000
 190 V   0.12500 0.12500 0.12500 0.12500 0.12500 0.12500 0.12500 0.12500 0.00001 ( 5)  0.000
 191 L   0.12500 0.12500 0.12500 0.12500 0.12500 0.12500 0.12500 0.12500 0.00001 ( 2)  0.000
 192 C   0.12500 0.12500 0.12500 0.12500 0.12500 0.12500 0.12500 0.12500 0.00001 ( 1)  0.000
 193 Y   0.12500 0.12500 0.12500 0.12500 0.12500 0.12500 0.12500 0.12500 0.00001 ( 2)  0.000
 194 A   0.12500 0.12500 0.12500 0.12500 0.12500 0.12500 0.12500 0.12500 0.00001 ( 3)  0.000
 195 C   0.12500 0.12500 0.12500 0.12500 0.12500 0.12500 0.12500 0.12500 0.00001 ( 1)  0.000
 196 M   0.12500 0.12500 0.12500 0.12500 0.12500 0.12500 0.12500 0.12500 0.00001 ( 1)  0.000
 197 I   0.12500 0.12500 0.12500 0.12500 0.12500 0.12500 0.12500 0.12500 0.00001 ( 5)  0.000
 198 L   0.12500 0.12500 0.12500 0.12500 0.12500 0.12500 0.12500 0.12500 0.00001 ( 5)  0.000
 199 N   0.12500 0.12500 0.12500 0.12500 0.12500 0.12500 0.12500 0.12500 0.00001 ( 1)  0.000
 200 T   0.12500 0.12500 0.12500 0.12500 0.12500 0.12500 0.12500 0.12500 0.00001 ( 1)  0.000
 201 A   0.12500 0.12500 0.12500 0.12500 0.12500 0.12500 0.12500 0.12500 0.00001 ( 5)  0.000
 202 L   0.12500 0.12500 0.12500 0.12500 0.12500 0.12500 0.12500 0.12500 0.00001 ( 2)  0.000
 203 H   0.12500 0.12500 0.12500 0.12500 0.12500 0.12500 0.12500 0.12500 0.00001 ( 2)  0.000
 204 N   0.12500 0.12500 0.12500 0.12500 0.12500 0.12500 0.12500 0.12500 0.00001 ( 5)  0.000
 205 E   0.12500 0.12500 0.12500 0.12500 0.12500 0.12500 0.12500 0.12500 0.00001 ( 1)  0.000
 206 N   0.12500 0.12500 0.12500 0.12500 0.12500 0.12500 0.12500 0.12500 0.00001 ( 1)  0.000
 207 A   0.12500 0.12500 0.12500 0.12500 0.12500 0.12500 0.12500 0.12500 0.00001 ( 3)  0.000
 208 K   0.12500 0.12500 0.12500 0.12500 0.12500 0.12500 0.12500 0.12500 0.00001 ( 1)  0.000
 209 K   0.12500 0.12500 0.12500 0.12500 0.12500 0.12500 0.12500 0.12500 0.00001 ( 1)  0.000
 210 D   0.12500 0.12500 0.12500 0.12500 0.12500 0.12500 0.12500 0.12500 0.00001 ( 3)  0.000
 211 K   0.12500 0.12500 0.12500 0.12500 0.12500 0.12500 0.12500 0.12500 0.00001 ( 3)  0.000
 212 T   0.12500 0.12500 0.12500 0.12500 0.12500 0.12500 0.12500 0.12500 0.00001 ( 1)  0.000
 213 T   0.12500 0.12500 0.12500 0.12500 0.12500 0.12500 0.12500 0.12500 0.00001 ( 1)  0.000
 214 R   0.12500 0.12500 0.12500 0.12500 0.12500 0.12500 0.12500 0.12500 0.00001 ( 3)  0.000
 215 I   0.12500 0.12500 0.12500 0.12500 0.12500 0.12500 0.12500 0.12500 0.00001 ( 5)  0.000
 216 G   0.12500 0.12500 0.12500 0.12500 0.12500 0.12500 0.12500 0.12500 0.00001 ( 3)  0.000
 217 S   0.12500 0.12500 0.12500 0.12500 0.12500 0.12500 0.12500 0.12500 0.00001 ( 1)  0.000
 218 P   0.12500 0.12500 0.12500 0.12500 0.12500 0.12500 0.12500 0.12500 0.00001 ( 1)  0.000
 219 E   0.12500 0.12500 0.12500 0.12500 0.12500 0.12500 0.12500 0.12500 0.00001 ( 1)  0.000
 220 D   0.12500 0.12500 0.12500 0.12500 0.12500 0.12500 0.12500 0.12500 0.00001 ( 5)  0.000
 221 F   0.12500 0.12500 0.12500 0.12500 0.12500 0.12500 0.12500 0.12500 0.00001 ( 2)  0.000
 222 Q   0.12500 0.12500 0.12500 0.12500 0.12500 0.12500 0.12500 0.12500 0.00001 ( 1)  0.000
 223 A   0.12500 0.12500 0.12500 0.12500 0.12500 0.12500 0.12500 0.12500 0.00001 ( 3)  0.000
 224 M   0.12500 0.12500 0.12500 0.12500 0.12500 0.12500 0.12500 0.12500 0.00001 ( 1)  0.000
 225 L   0.12500 0.12500 0.12500 0.12500 0.12500 0.12500 0.12500 0.12500 0.00001 ( 2)  0.000
 226 E   0.12500 0.12500 0.12500 0.12500 0.12500 0.12500 0.12500 0.12500 0.00001 ( 1)  0.000
 227 R   0.12500 0.12500 0.12500 0.12500 0.12500 0.12500 0.12500 0.12500 0.00001 ( 3)  0.000
 228 A   0.12500 0.12500 0.12500 0.12500 0.12500 0.12500 0.12500 0.12500 0.00001 ( 5)  0.000
 229 D   0.12500 0.12500 0.12500 0.12500 0.12500 0.12500 0.12500 0.12500 0.00001 ( 3)  0.000
 230 L   0.12500 0.12500 0.12500 0.12500 0.12500 0.12500 0.12500 0.12500 0.00001 ( 2)  0.000
 231 R   0.12500 0.12500 0.12500 0.12500 0.12500 0.12500 0.12500 0.12500 0.00001 ( 5)  0.000
 232 D   0.12500 0.12500 0.12500 0.12500 0.12500 0.12500 0.12500 0.12500 0.00001 ( 5)  0.000
 233 L   0.12500 0.12500 0.12500 0.12500 0.12500 0.12500 0.12500 0.12500 0.00001 ( 2)  0.000
 234 D   0.12500 0.12500 0.12500 0.12500 0.12500 0.12500 0.12500 0.12500 0.00001 ( 5)  0.000
 235 R   0.12500 0.12500 0.12500 0.12500 0.12500 0.12500 0.12500 0.12500 0.00001 ( 2)  0.000
 236 A   0.12500 0.12500 0.12500 0.12500 0.12500 0.12500 0.12500 0.12500 0.00001 ( 3)  0.000
 237 F   0.12500 0.12500 0.12500 0.12500 0.12500 0.12500 0.12500 0.12500 0.00001 ( 2)  0.000
 238 V   0.12500 0.12500 0.12500 0.12500 0.12500 0.12500 0.12500 0.12500 0.00001 ( 5)  0.000
 239 R   0.12500 0.12500 0.12500 0.12500 0.12500 0.12500 0.12500 0.12500 0.00001 ( 5)  0.000
 240 D   0.12500 0.12500 0.12500 0.12500 0.12500 0.12500 0.12500 0.12500 0.00001 ( 5)  0.000
 241 I   0.12500 0.12500 0.12500 0.12500 0.12500 0.12500 0.12500 0.12500 0.00001 ( 5)  0.000
 242 Y   0.12500 0.12500 0.12500 0.12500 0.12500 0.12500 0.12500 0.12500 0.00001 ( 2)  0.000
 243 E   0.12500 0.12500 0.12500 0.12500 0.12500 0.12500 0.12500 0.12500 0.00001 ( 1)  0.000
 244 D   0.12500 0.12500 0.12500 0.12500 0.12500 0.12500 0.12500 0.12500 0.00001 ( 5)  0.000
 245 I   0.12500 0.12500 0.12500 0.12500 0.12500 0.12500 0.12500 0.12500 0.00001 ( 5)  0.000
 246 R   0.12500 0.12500 0.12500 0.12500 0.12500 0.12500 0.12500 0.12500 0.00001 ( 2)  0.000
 247 L   0.12500 0.12500 0.12500 0.12500 0.12500 0.12500 0.12500 0.12500 0.00001 ( 2)  0.000
 248 Q   0.12500 0.12500 0.12500 0.12500 0.12500 0.12500 0.12500 0.12500 0.00001 ( 1)  0.000
 249 P   0.12500 0.12500 0.12500 0.12500 0.12500 0.12500 0.12500 0.12500 0.00001 ( 1)  0.000
 250 F   0.12500 0.12500 0.12500 0.12500 0.12500 0.12500 0.12500 0.12500 0.00001 ( 2)  0.000
 251 V   0.12500 0.12500 0.12500 0.12500 0.12500 0.12500 0.12500 0.12500 0.00001 ( 5)  0.000
 252 N   0.12500 0.12500 0.12500 0.12500 0.12500 0.12500 0.12500 0.12500 0.00001 ( 5)  0.000
 253 N   0.12500 0.12500 0.12500 0.12500 0.12500 0.12500 0.12500 0.12500 0.00001 ( 5)  0.000
 254 G   0.12500 0.12500 0.12500 0.12500 0.12500 0.12500 0.12500 0.12500 0.00001 ( 3)  0.000
 255 G   0.12500 0.12500 0.12500 0.12500 0.12500 0.12500 0.12500 0.12500 0.00001 ( 3)  0.000
 256 D   0.12500 0.12500 0.12500 0.12500 0.12500 0.12500 0.12500 0.12500 0.00001 ( 3)  0.000
 257 S   0.12500 0.12500 0.12500 0.12500 0.12500 0.12500 0.12500 0.12500 0.00001 ( 1)  0.000
 258 F   0.12500 0.12500 0.12500 0.12500 0.12500 0.12500 0.12500 0.12500 0.00001 ( 2)  0.000
 259 E   0.12500 0.12500 0.12500 0.12500 0.12500 0.12500 0.12500 0.12500 0.00001 ( 1)  0.000
 260 D   0.12500 0.12500 0.12500 0.12500 0.12500 0.12500 0.12500 0.12500 0.00001 ( 5)  0.000
 261 L   0.12500 0.12500 0.12500 0.12500 0.12500 0.12500 0.12500 0.12500 0.00001 ( 2)  0.000
 262 L   0.12500 0.12500 0.12500 0.12500 0.12500 0.12500 0.12500 0.12500 0.00001 ( 2)  0.000
 263 H   0.12500 0.12500 0.12500 0.12500 0.12500 0.12500 0.12500 0.12500 0.00001 ( 2)  0.000
 264 S   0.12500 0.12500 0.12500 0.12500 0.12500 0.12500 0.12500 0.12500 0.00001 ( 1)  0.000
 265 V   0.12500 0.12500 0.12500 0.12500 0.12500 0.12500 0.12500 0.12500 0.00001 ( 5)  0.000
 266 C   0.12500 0.12500 0.12500 0.12500 0.12500 0.12500 0.12500 0.12500 0.00001 ( 1)  0.000
 267 N   0.12500 0.12500 0.12500 0.12500 0.12500 0.12500 0.12500 0.12500 0.00001 ( 5)  0.000
 268 V   0.12500 0.12500 0.12500 0.12500 0.12500 0.12500 0.12500 0.12500 0.00001 ( 5)  0.000
 269 I   0.12500 0.12500 0.12500 0.12500 0.12500 0.12500 0.12500 0.12500 0.00001 ( 5)  0.000
 270 K   0.12500 0.12500 0.12500 0.12500 0.12500 0.12500 0.12500 0.12500 0.00001 ( 1)  0.000
 271 E   0.12500 0.12500 0.12500 0.12500 0.12500 0.12500 0.12500 0.12500 0.00001 ( 1)  0.000
 272 G   0.12500 0.12500 0.12500 0.12500 0.12500 0.12500 0.12500 0.12500 0.00001 ( 3)  0.000
 273 Y   0.12500 0.12500 0.12500 0.12500 0.12500 0.12500 0.12500 0.12500 0.00001 ( 2)  0.000
 274 L   0.12500 0.12500 0.12500 0.12500 0.12500 0.12500 0.12500 0.12500 0.00001 ( 2)  0.000
 275 Y   0.12500 0.12500 0.12500 0.12500 0.12500 0.12500 0.12500 0.12500 0.00001 ( 2)  0.000
 276 K   0.12500 0.12500 0.12500 0.12500 0.12500 0.12500 0.12500 0.12500 0.00001 ( 1)  0.000
 277 Q   0.12500 0.12500 0.12500 0.12500 0.12500 0.12500 0.12500 0.12500 0.00001 ( 1)  0.000
 278 G   0.12500 0.12500 0.12500 0.12500 0.12500 0.12500 0.12500 0.12500 0.00001 ( 3)  0.000
 279 G   0.12500 0.12500 0.12500 0.12500 0.12500 0.12500 0.12500 0.12500 0.00001 ( 3)  0.000
 280 K   0.12500 0.12500 0.12500 0.12500 0.12500 0.12500 0.12500 0.12500 0.00001 ( 1)  0.000
 281 V   0.12500 0.12500 0.12500 0.12500 0.12500 0.12500 0.12500 0.12500 0.00001 ( 5)  0.000
 282 R   0.12500 0.12500 0.12500 0.12500 0.12500 0.12500 0.12500 0.12500 0.00001 ( 5)  0.000
 283 T   0.12500 0.12500 0.12500 0.12500 0.12500 0.12500 0.12500 0.12500 0.00001 ( 1)  0.000
 284 W   0.12500 0.12500 0.12500 0.12500 0.12500 0.12500 0.12500 0.12500 0.00001 ( 1)  0.000
 285 K   0.12500 0.12500 0.12500 0.12500 0.12500 0.12500 0.12500 0.12500 0.00001 ( 1)  0.000
 286 R   0.12500 0.12500 0.12500 0.12500 0.12500 0.12500 0.12500 0.12500 0.00001 ( 2)  0.000
 287 R   0.12500 0.12500 0.12500 0.12500 0.12500 0.12500 0.12500 0.12500 0.00001 ( 5)  0.000
 288 Y   0.12500 0.12500 0.12500 0.12500 0.12500 0.12500 0.12500 0.12500 0.00001 ( 2)  0.000
 289 C   0.12500 0.12500 0.12500 0.12500 0.12500 0.12500 0.12500 0.12500 0.00001 ( 1)  0.000
 290 M   0.12500 0.12500 0.12500 0.12500 0.12500 0.12500 0.12500 0.12500 0.00001 ( 1)  0.000
 291 L   0.12500 0.12500 0.12500 0.12500 0.12500 0.12500 0.12500 0.12500 0.00001 ( 5)  0.000
 292 H   0.12500 0.12500 0.12500 0.12500 0.12500 0.12500 0.12500 0.12500 0.00001 ( 2)  0.000
 293 G   0.12500 0.12500 0.12500 0.12500 0.12500 0.12500 0.12500 0.12500 0.00001 ( 3)  0.000
 294 G   0.12500 0.12500 0.12500 0.12500 0.12500 0.12500 0.12500 0.12500 0.00001 ( 3)  0.000
 295 Q   0.12500 0.12500 0.12500 0.12500 0.12500 0.12500 0.12500 0.12500 0.00001 ( 1)  0.000
 296 L   0.12500 0.12500 0.12500 0.12500 0.12500 0.12500 0.12500 0.12500 0.00001 ( 5)  0.000
 297 S   0.12500 0.12500 0.12500 0.12500 0.12500 0.12500 0.12500 0.12500 0.00001 ( 1)  0.000
 298 Y   0.12500 0.12500 0.12500 0.12500 0.12500 0.12500 0.12500 0.12500 0.00001 ( 2)  0.000
 299 L   0.12500 0.12500 0.12500 0.12500 0.12500 0.12500 0.12500 0.12500 0.00001 ( 2)  0.000
 300 A   0.12500 0.12500 0.12500 0.12500 0.12500 0.12500 0.12500 0.12500 0.00001 ( 3)  0.000
 301 D   0.12500 0.12500 0.12500 0.12500 0.12500 0.12500 0.12500 0.12500 0.00001 ( 5)  0.000
 302 K   0.12500 0.12500 0.12500 0.12500 0.12500 0.12500 0.12500 0.12500 0.00001 ( 1)  0.000
 303 S   0.12500 0.12500 0.12500 0.12500 0.12500 0.12500 0.12500 0.12500 0.00001 ( 1)  0.000
 304 S   0.12500 0.12500 0.12500 0.12500 0.12500 0.12500 0.12500 0.12500 0.00001 ( 1)  0.000
 305 N   0.12500 0.12500 0.12500 0.12500 0.12500 0.12500 0.12500 0.12500 0.00001 ( 5)  0.000
 306 Y   0.12500 0.12500 0.12500 0.12500 0.12500 0.12500 0.12500 0.12500 0.00001 ( 2)  0.000
 307 P   0.12500 0.12500 0.12500 0.12500 0.12500 0.12500 0.12500 0.12500 0.00001 ( 1)  0.000
 308 K   0.12500 0.12500 0.12500 0.12500 0.12500 0.12500 0.12500 0.12500 0.00001 ( 1)  0.000
 309 G   0.12500 0.12500 0.12500 0.12500 0.12500 0.12500 0.12500 0.12500 0.00001 ( 3)  0.000
 310 I   0.12500 0.12500 0.12500 0.12500 0.12500 0.12500 0.12500 0.12500 0.00001 ( 5)  0.000
 311 I   0.12500 0.12500 0.12500 0.12500 0.12500 0.12500 0.12500 0.12500 0.00001 ( 5)  0.000
 312 Q   0.12500 0.12500 0.12500 0.12500 0.12500 0.12500 0.12500 0.12500 0.00001 ( 1)  0.000
 313 L   0.12500 0.12500 0.12500 0.12500 0.12500 0.12500 0.12500 0.12500 0.00001 ( 1)  0.000
 314 R   0.12500 0.12500 0.12500 0.12500 0.12500 0.12500 0.12500 0.12500 0.00001 ( 3)  0.000
 315 D   0.12500 0.12500 0.12500 0.12500 0.12500 0.12500 0.12500 0.12500 0.00001 ( 3)  0.000
 316 L   0.12500 0.12500 0.12500 0.12500 0.12500 0.12500 0.12500 0.12500 0.00001 ( 2)  0.000
 317 G   0.12500 0.12500 0.12500 0.12500 0.12500 0.12500 0.12500 0.12500 0.00001 ( 5)  0.000
 318 V   0.12500 0.12500 0.12500 0.12500 0.12500 0.12500 0.12500 0.12500 0.00001 ( 5)  0.000
 319 R   0.12500 0.12500 0.12500 0.12500 0.12500 0.12500 0.12500 0.12500 0.00001 ( 5)  0.000
 320 E   0.12500 0.12500 0.12500 0.12500 0.12500 0.12500 0.12500 0.12500 0.00001 ( 5)  0.000
 321 A   0.12500 0.12500 0.12500 0.12500 0.12500 0.12500 0.12500 0.12500 0.00001 ( 5)  0.000
 322 P   0.12500 0.12500 0.12500 0.12500 0.12500 0.12500 0.12500 0.12500 0.00001 ( 1)  0.000
 323 D   0.12500 0.12500 0.12500 0.12500 0.12500 0.12500 0.12500 0.12500 0.00001 ( 5)  0.000
 324 K   0.12500 0.12500 0.12500 0.12500 0.12500 0.12500 0.12500 0.12500 0.00001 ( 1)  0.000
 325 A   0.12500 0.12500 0.12500 0.12500 0.12500 0.12500 0.12500 0.12500 0.00001 ( 3)  0.000
 326 K   0.12500 0.12500 0.12500 0.12500 0.12500 0.12500 0.12500 0.12500 0.00001 ( 1)  0.000
 327 S   0.12500 0.12500 0.12500 0.12500 0.12500 0.12500 0.12500 0.12500 0.00001 ( 1)  0.000
 328 F   0.12500 0.12500 0.12500 0.12500 0.12500 0.12500 0.12500 0.12500 0.00001 ( 2)  0.000
 329 C   0.12500 0.12500 0.12500 0.12500 0.12500 0.12500 0.12500 0.12500 0.00001 ( 1)  0.000
 330 F   0.12500 0.12500 0.12500 0.12500 0.12500 0.12500 0.12500 0.12500 0.00001 ( 2)  0.000
 331 E   0.12500 0.12500 0.12500 0.12500 0.12500 0.12500 0.12500 0.12500 0.00001 ( 1)  0.000
 332 L   0.12500 0.12500 0.12500 0.12500 0.12500 0.12500 0.12500 0.12500 0.00001 ( 2)  0.000
 333 F   0.12500 0.12500 0.12500 0.12500 0.12500 0.12500 0.12500 0.12500 0.00001 ( 2)  0.000
 334 S   0.12500 0.12500 0.12500 0.12500 0.12500 0.12500 0.12500 0.12500 0.00001 ( 1)  0.000
 335 H   0.12500 0.12500 0.12500 0.12500 0.12500 0.12500 0.12500 0.12500 0.00001 ( 2)  0.000
 336 R   0.12500 0.12500 0.12500 0.12500 0.12500 0.12500 0.12500 0.12500 0.00001 ( 2)  0.000
 337 D   0.12500 0.12500 0.12500 0.12500 0.12500 0.12500 0.12500 0.12500 0.00001 ( 5)  0.000
 338 E   0.12500 0.12500 0.12500 0.12500 0.12500 0.12500 0.12500 0.12500 0.00001 ( 1)  0.000
 339 R   0.12500 0.12500 0.12500 0.12500 0.12500 0.12500 0.12500 0.12500 0.00001 ( 2)  0.000
 340 I   0.12500 0.12500 0.12500 0.12500 0.12500 0.12500 0.12500 0.12500 0.00001 ( 5)  0.000
 341 E   0.12500 0.12500 0.12500 0.12500 0.12500 0.12500 0.12500 0.12500 0.00001 ( 1)  0.000
 342 A   0.12500 0.12500 0.12500 0.12500 0.12500 0.12500 0.12500 0.12500 0.00001 ( 5)  0.000
 343 Y   0.12500 0.12500 0.12500 0.12500 0.12500 0.12500 0.12500 0.12500 0.00001 ( 2)  0.000
 344 K   0.12500 0.12500 0.12500 0.12500 0.12500 0.12500 0.12500 0.12500 0.00001 ( 1)  0.000
 345 T   0.12500 0.12500 0.12500 0.12500 0.12500 0.12500 0.12500 0.12500 0.00001 ( 1)  0.000
 346 D   0.12500 0.12500 0.12500 0.12500 0.12500 0.12500 0.12500 0.12500 0.00001 ( 5)  0.000
 347 S   0.12500 0.12500 0.12500 0.12500 0.12500 0.12500 0.12500 0.12500 0.00001 ( 1)  0.000
 348 S   0.12500 0.12500 0.12500 0.12500 0.12500 0.12500 0.12500 0.12500 0.00001 ( 1)  0.000
 349 N   0.12500 0.12500 0.12500 0.12500 0.12500 0.12500 0.12500 0.12500 0.00001 ( 1)  0.000
 350 S   0.12500 0.12500 0.12500 0.12500 0.12500 0.12500 0.12500 0.12500 0.00001 ( 1)  0.000
 351 V   0.12500 0.12500 0.12500 0.12500 0.12500 0.12500 0.12500 0.12500 0.00001 ( 2)  0.000
 352 V   0.12500 0.12500 0.12500 0.12500 0.12500 0.12500 0.12500 0.12500 0.00001 ( 5)  0.000
 353 A   0.12500 0.12500 0.12500 0.12500 0.12500 0.12500 0.12500 0.12500 0.00001 ( 3)  0.000
 354 G   0.12500 0.12500 0.12500 0.12500 0.12500 0.12500 0.12500 0.12500 0.00001 ( 3)  0.000
 355 R   0.12500 0.12500 0.12500 0.12500 0.12500 0.12500 0.12500 0.12500 0.00001 ( 3)  0.000
 356 H   0.12500 0.12500 0.12500 0.12500 0.12500 0.12500 0.12500 0.12500 0.00001 ( 2)  0.000
 357 S   0.12500 0.12500 0.12500 0.12500 0.12500 0.12500 0.12500 0.12500 0.00001 ( 1)  0.000
 358 V   0.12500 0.12500 0.12500 0.12500 0.12500 0.12500 0.12500 0.12500 0.00001 ( 5)  0.000
 359 Y   0.12500 0.12500 0.12500 0.12500 0.12500 0.12500 0.12500 0.12500 0.00001 ( 2)  0.000
 360 K   0.12500 0.12500 0.12500 0.12500 0.12500 0.12500 0.12500 0.12500 0.00001 ( 1)  0.000
 361 F   0.12500 0.12500 0.12500 0.12500 0.12500 0.12500 0.12500 0.12500 0.00001 ( 2)  0.000
 362 S   0.12500 0.12500 0.12500 0.12500 0.12500 0.12500 0.12500 0.12500 0.00001 ( 1)  0.000
 363 A   0.12500 0.12500 0.12500 0.12500 0.12500 0.12500 0.12500 0.12500 0.00001 ( 3)  0.000
 364 Q   0.12500 0.12500 0.12500 0.12500 0.12500 0.12500 0.12500 0.12500 0.00001 ( 1)  0.000
 365 S   0.12500 0.12500 0.12500 0.12500 0.12500 0.12500 0.12500 0.12500 0.00001 ( 1)  0.000
 366 L   0.12500 0.12500 0.12500 0.12500 0.12500 0.12500 0.12500 0.12500 0.00001 ( 1)  0.000
 367 D   0.12500 0.12500 0.12500 0.12500 0.12500 0.12500 0.12500 0.12500 0.00001 ( 5)  0.000
 368 D   0.12500 0.12500 0.12500 0.12500 0.12500 0.12500 0.12500 0.12500 0.00001 ( 5)  0.000
 369 L   0.12500 0.12500 0.12500 0.12500 0.12500 0.12500 0.12500 0.12500 0.00001 ( 2)  0.000
 370 Q   0.12500 0.12500 0.12500 0.12500 0.12500 0.12500 0.12500 0.12500 0.00001 ( 1)  0.000
 371 S   0.12500 0.12500 0.12500 0.12500 0.12500 0.12500 0.12500 0.12500 0.00001 ( 1)  0.000
 372 W   0.12500 0.12500 0.12500 0.12500 0.12500 0.12500 0.12500 0.12500 0.00001 ( 1)  0.000
 373 V   0.12500 0.12500 0.12500 0.12500 0.12500 0.12500 0.12500 0.12500 0.00001 ( 5)  0.000
 374 R   0.12500 0.12500 0.12500 0.12500 0.12500 0.12500 0.12500 0.12500 0.00001 ( 5)  0.000
 375 A   0.12500 0.12500 0.12500 0.12500 0.12500 0.12500 0.12500 0.12500 0.00001 ( 3)  0.000
 376 L   0.12500 0.12500 0.12500 0.12500 0.12500 0.12500 0.12500 0.12500 0.00001 ( 5)  0.000
 377 T   0.12500 0.12500 0.12500 0.12500 0.12500 0.12500 0.12500 0.12500 0.00001 ( 1)  0.000
 378 D   0.12500 0.12500 0.12500 0.12500 0.12500 0.12500 0.12500 0.12500 0.00001 ( 5)  0.000
 379 S   0.12500 0.12500 0.12500 0.12500 0.12500 0.12500 0.12500 0.12500 0.00001 ( 1)  0.000
 380 I   0.12500 0.12500 0.12500 0.12500 0.12500 0.12500 0.12500 0.12500 0.00001 ( 5)  0.000
 381 Q   0.12500 0.12500 0.12500 0.12500 0.12500 0.12500 0.12500 0.12500 0.00001 ( 2)  0.000
 382 E   0.12500 0.12500 0.12500 0.12500 0.12500 0.12500 0.12500 0.12500 0.00001 ( 1)  0.000
 383 Q   0.12500 0.12500 0.12500 0.12500 0.12500 0.12500 0.12500 0.12500 0.00001 ( 1)  0.000
 384 R   0.12500 0.12500 0.12500 0.12500 0.12500 0.12500 0.12500 0.12500 0.00001 ( 5)  0.000
 385 F   0.12500 0.12500 0.12500 0.12500 0.12500 0.12500 0.12500 0.12500 0.00001 ( 2)  0.000
 386 F   0.12500 0.12500 0.12500 0.12500 0.12500 0.12500 0.12500 0.12500 0.00001 ( 2)  0.000
 387 T   0.12500 0.12500 0.12500 0.12500 0.12500 0.12500 0.12500 0.12500 0.00001 ( 1)  0.000
 388 V   0.12500 0.12500 0.12500 0.12500 0.12500 0.12500 0.12500 0.12500 0.00001 ( 5)  0.000
 389 K   0.12500 0.12500 0.12500 0.12500 0.12500 0.12500 0.12500 0.12500 0.00001 ( 1)  0.000
 390 R   0.12500 0.12500 0.12500 0.12500 0.12500 0.12500 0.12500 0.12500 0.00001 ( 2)  0.000
 391 S   0.12500 0.12500 0.12500 0.12500 0.12500 0.12500 0.12500 0.12500 0.00001 ( 5)  0.000
 392 L   0.12500 0.12500 0.12500 0.12500 0.12500 0.12500 0.12500 0.12500 0.00001 ( 1)  0.000
 393 S   0.12500 0.12500 0.12500 0.12500 0.12500 0.12500 0.12500 0.12500 0.00001 ( 1)  0.000
 394 Y   0.12500 0.12500 0.12500 0.12500 0.12500 0.12500 0.12500 0.12500 0.00001 ( 2)  0.000
 395 Q   0.12500 0.12500 0.12500 0.12500 0.12500 0.12500 0.12500 0.12500 0.00001 ( 1)  0.000
 396 P   0.12500 0.12500 0.12500 0.12500 0.12500 0.12500 0.12500 0.12500 0.00001 ( 1)  0.000
 397 Q   0.12500 0.12500 0.12500 0.12500 0.12500 0.12500 0.12500 0.12500 0.00001 ( 1)  0.000
 398 P   0.12500 0.12500 0.12500 0.12500 0.12500 0.12500 0.12500 0.12500 0.00001 ( 1)  0.000
 399 V   0.12500 0.12500 0.12500 0.12500 0.12500 0.12500 0.12500 0.12500 0.00001 ( 5)  0.000
 400 P   0.12500 0.12500 0.12500 0.12500 0.12500 0.12500 0.12500 0.12500 0.00001 ( 1)  0.000
 401 Q   0.12500 0.12500 0.12500 0.12500 0.12500 0.12500 0.12500 0.12500 0.00001 ( 1)  0.000

Positively selected sites

	Prob(w>1)  mean w



lnL = -1595.455095

Bayes Empirical Bayes (BEB) probabilities for 11 classes (class) & postmean_w
(amino acids refer to 1st sequence: Mlig.10246)

   1 G   0.74805 0.06441 0.03904 0.02755 0.02072 0.01608 0.01264 0.00993 0.00769 0.00647 0.04742 ( 1)  0.210 +-  0.492
   2 P   0.74194 0.06415 0.03908 0.02771 0.02095 0.01634 0.01291 0.01019 0.00793 0.00671 0.05211 ( 1)  0.223 +-  0.529
   3 D   0.75152 0.06454 0.03901 0.02744 0.02058 0.01592 0.01248 0.00977 0.00754 0.00633 0.04488 ( 1)  0.203 +-  0.472
   4 T   0.74813 0.06441 0.03904 0.02755 0.02072 0.01608 0.01264 0.00992 0.00768 0.00647 0.04736 ( 1)  0.210 +-  0.491
   5 S   0.74933 0.06446 0.03903 0.02751 0.02067 0.01602 0.01258 0.00987 0.00764 0.00642 0.04646 ( 1)  0.207 +-  0.484
   6 G   0.74926 0.06446 0.03903 0.02751 0.02067 0.01603 0.01258 0.00987 0.00764 0.00642 0.04652 ( 1)  0.207 +-  0.485
   7 W   0.74563 0.06431 0.03906 0.02762 0.02082 0.01619 0.01275 0.01003 0.00779 0.00657 0.04924 ( 1)  0.215 +-  0.506
   8 L   0.74608 0.06433 0.03906 0.02760 0.02080 0.01617 0.01273 0.01001 0.00777 0.00655 0.04891 ( 1)  0.214 +-  0.503
   9 P   0.74667 0.06435 0.03905 0.02759 0.02078 0.01614 0.01270 0.00999 0.00774 0.00653 0.04846 ( 1)  0.213 +-  0.500
  10 E   0.75005 0.06449 0.03902 0.02748 0.02064 0.01599 0.01255 0.00983 0.00760 0.00639 0.04594 ( 1)  0.206 +-  0.480
  11 Q   0.74814 0.06441 0.03904 0.02754 0.02072 0.01608 0.01264 0.00992 0.00768 0.00647 0.04735 ( 1)  0.210 +-  0.491
  12 V   0.74929 0.06446 0.03903 0.02751 0.02067 0.01602 0.01258 0.00987 0.00764 0.00642 0.04651 ( 1)  0.207 +-  0.485
  13 N   0.75083 0.06452 0.03902 0.02746 0.02061 0.01595 0.01251 0.00980 0.00757 0.00636 0.04537 ( 1)  0.204 +-  0.476
  14 E   0.75005 0.06449 0.03902 0.02748 0.02064 0.01599 0.01255 0.00983 0.00760 0.00639 0.04594 ( 1)  0.206 +-  0.480
  15 L   0.74826 0.06442 0.03904 0.02754 0.02071 0.01607 0.01263 0.00992 0.00768 0.00646 0.04727 ( 1)  0.209 +-  0.491
  16 E   0.75005 0.06449 0.03902 0.02748 0.02064 0.01599 0.01255 0.00983 0.00760 0.00639 0.04594 ( 1)  0.206 +-  0.480
  17 L   0.74608 0.06433 0.03906 0.02760 0.02080 0.01617 0.01273 0.01001 0.00777 0.00655 0.04891 ( 1)  0.214 +-  0.503
  18 L   0.74826 0.06442 0.03904 0.02754 0.02071 0.01607 0.01263 0.00992 0.00768 0.00646 0.04727 ( 1)  0.209 +-  0.491
  19 K   0.74927 0.06446 0.03903 0.02751 0.02067 0.01603 0.01258 0.00987 0.00764 0.00642 0.04652 ( 1)  0.207 +-  0.485
  20 Q   0.74814 0.06441 0.03904 0.02754 0.02072 0.01608 0.01264 0.00992 0.00768 0.00647 0.04735 ( 1)  0.210 +-  0.491
  21 R   0.74163 0.06413 0.03908 0.02772 0.02096 0.01635 0.01292 0.01020 0.00794 0.00672 0.05235 ( 1)  0.224 +-  0.531
  22 K   0.74927 0.06446 0.03903 0.02751 0.02067 0.01603 0.01258 0.00987 0.00764 0.00642 0.04652 ( 1)  0.207 +-  0.485
  23 R   0.74163 0.06413 0.03908 0.02772 0.02096 0.01635 0.01292 0.01020 0.00794 0.00672 0.05235 ( 1)  0.224 +-  0.531
  24 T   0.74813 0.06441 0.03904 0.02755 0.02072 0.01608 0.01264 0.00992 0.00768 0.00647 0.04736 ( 1)  0.210 +-  0.491
  25 L   0.74608 0.06433 0.03906 0.02760 0.02080 0.01617 0.01273 0.01001 0.00777 0.00655 0.04891 ( 1)  0.214 +-  0.503
  26 E   0.74471 0.06427 0.03907 0.02764 0.02085 0.01623 0.01279 0.01007 0.00782 0.00660 0.04995 ( 1)  0.217 +-  0.511
  27 I   0.74450 0.06426 0.03907 0.02765 0.02086 0.01623 0.01280 0.01008 0.00783 0.00661 0.05011 ( 1)  0.217 +-  0.513
  28 E   0.75005 0.06449 0.03902 0.02748 0.02064 0.01599 0.01255 0.00983 0.00760 0.00639 0.04594 ( 1)  0.206 +-  0.480
  29 L   0.74608 0.06433 0.03906 0.02760 0.02080 0.01617 0.01273 0.01001 0.00777 0.00655 0.04891 ( 1)  0.214 +-  0.503
  30 T   0.74813 0.06441 0.03904 0.02755 0.02072 0.01608 0.01264 0.00992 0.00768 0.00647 0.04736 ( 1)  0.210 +-  0.491
  31 E   0.74471 0.06427 0.03907 0.02764 0.02085 0.01623 0.01279 0.01007 0.00782 0.00660 0.04995 ( 1)  0.217 +-  0.511
  32 L   0.74536 0.06430 0.03906 0.02762 0.02083 0.01620 0.01276 0.01004 0.00780 0.00658 0.04945 ( 1)  0.215 +-  0.507
  33 R   0.74797 0.06441 0.03904 0.02755 0.02073 0.01609 0.01264 0.00993 0.00769 0.00648 0.04748 ( 1)  0.210 +-  0.492
  34 T   0.74813 0.06441 0.03904 0.02755 0.02072 0.01608 0.01264 0.00992 0.00768 0.00647 0.04736 ( 1)  0.210 +-  0.491
  35 E   0.75005 0.06449 0.03902 0.02748 0.02064 0.01599 0.01255 0.00983 0.00760 0.00639 0.04594 ( 1)  0.206 +-  0.480
  36 L   0.74608 0.06433 0.03906 0.02760 0.02080 0.01617 0.01273 0.01001 0.00777 0.00655 0.04891 ( 1)  0.214 +-  0.503
  37 E   0.75005 0.06449 0.03902 0.02748 0.02064 0.01599 0.01255 0.00983 0.00760 0.00639 0.04594 ( 1)  0.206 +-  0.480
  38 S   0.74512 0.06429 0.03906 0.02763 0.02084 0.01621 0.01277 0.01005 0.00781 0.00659 0.04963 ( 1)  0.216 +-  0.509
  39 L   0.74327 0.06421 0.03907 0.02768 0.02090 0.01629 0.01285 0.01013 0.00788 0.00666 0.05107 ( 1)  0.220 +-  0.520
  40 D   0.74574 0.06431 0.03906 0.02761 0.02081 0.01618 0.01274 0.01003 0.00778 0.00656 0.04916 ( 1)  0.215 +-  0.505
  41 R   0.74797 0.06441 0.03904 0.02755 0.02073 0.01609 0.01264 0.00993 0.00769 0.00648 0.04748 ( 1)  0.210 +-  0.492
  42 E   0.74471 0.06427 0.03907 0.02764 0.02085 0.01623 0.01279 0.01007 0.00782 0.00660 0.04995 ( 1)  0.217 +-  0.511
  43 I   0.74450 0.06426 0.03907 0.02765 0.02086 0.01623 0.01280 0.01008 0.00783 0.00661 0.05011 ( 1)  0.217 +-  0.513
  44 R   0.74797 0.06441 0.03904 0.02755 0.02073 0.01609 0.01264 0.00993 0.00769 0.00648 0.04748 ( 1)  0.210 +-  0.492
  45 E   0.75005 0.06449 0.03902 0.02748 0.02064 0.01599 0.01255 0.00983 0.00760 0.00639 0.04594 ( 1)  0.206 +-  0.480
  46 M   0.74954 0.06447 0.03903 0.02750 0.02066 0.01601 0.01257 0.00986 0.00763 0.00641 0.04631 ( 1)  0.207 +-  0.483
  47 D   0.75152 0.06454 0.03901 0.02744 0.02058 0.01592 0.01248 0.00977 0.00754 0.00633 0.04488 ( 1)  0.203 +-  0.472
  48 I   0.74979 0.06448 0.03903 0.02749 0.02065 0.01600 0.01256 0.00985 0.00762 0.00640 0.04613 ( 1)  0.206 +-  0.482
  49 G   0.74926 0.06446 0.03903 0.02751 0.02067 0.01603 0.01258 0.00987 0.00764 0.00642 0.04652 ( 1)  0.207 +-  0.485
  50 S   0.74428 0.06425 0.03907 0.02765 0.02087 0.01624 0.01281 0.01009 0.00784 0.00662 0.05028 ( 1)  0.218 +-  0.514
  51 G   0.74364 0.06422 0.03907 0.02767 0.02089 0.01627 0.01284 0.01012 0.00786 0.00664 0.05078 ( 1)  0.219 +-  0.518
  52 G   0.74926 0.06446 0.03903 0.02751 0.02067 0.01603 0.01258 0.00987 0.00764 0.00642 0.04652 ( 1)  0.207 +-  0.485
  53 G   0.74926 0.06446 0.03903 0.02751 0.02067 0.01603 0.01258 0.00987 0.00764 0.00642 0.04652 ( 1)  0.207 +-  0.485
  54 G   0.74364 0.06422 0.03907 0.02767 0.02089 0.01627 0.01284 0.01012 0.00786 0.00664 0.05078 ( 1)  0.219 +-  0.518
  55 G   0.74926 0.06446 0.03903 0.02751 0.02067 0.01603 0.01258 0.00987 0.00764 0.00642 0.04652 ( 1)  0.207 +-  0.485
  56 E   0.74471 0.06427 0.03907 0.02764 0.02085 0.01623 0.01279 0.01007 0.00782 0.00660 0.04995 ( 1)  0.217 +-  0.511
  57 A   0.74352 0.06422 0.03907 0.02767 0.02089 0.01627 0.01284 0.01012 0.00787 0.00665 0.05087 ( 1)  0.219 +-  0.519
  58 F   0.74391 0.06424 0.03907 0.02766 0.02088 0.01626 0.01282 0.01010 0.00785 0.00663 0.05057 ( 1)  0.218 +-  0.516
  59 E   0.74471 0.06427 0.03907 0.02764 0.02085 0.01623 0.01279 0.01007 0.00782 0.00660 0.04995 ( 1)  0.217 +-  0.511
  60 A   0.74220 0.06416 0.03908 0.02770 0.02094 0.01633 0.01290 0.01018 0.00792 0.00670 0.05191 ( 1)  0.222 +-  0.527
  61 T   0.74203 0.06415 0.03908 0.02771 0.02095 0.01634 0.01290 0.01018 0.00793 0.00670 0.05204 ( 1)  0.223 +-  0.528
  62 S   0.74428 0.06425 0.03907 0.02765 0.02087 0.01624 0.01281 0.01009 0.00784 0.00662 0.05028 ( 1)  0.218 +-  0.514
  63 Q   0.74814 0.06441 0.03904 0.02754 0.02072 0.01608 0.01264 0.00992 0.00768 0.00647 0.04735 ( 1)  0.210 +-  0.491
  64 R   0.74617 0.06433 0.03906 0.02760 0.02080 0.01616 0.01272 0.01001 0.00776 0.00655 0.04884 ( 1)  0.214 +-  0.503
  65 D   0.74574 0.06431 0.03906 0.02761 0.02081 0.01618 0.01274 0.01003 0.00778 0.00656 0.04916 ( 1)  0.215 +-  0.505
  66 K   0.74927 0.06446 0.03903 0.02751 0.02067 0.01603 0.01258 0.00987 0.00764 0.00642 0.04652 ( 1)  0.207 +-  0.485
  67 A   0.74895 0.06445 0.03904 0.02752 0.02069 0.01604 0.01260 0.00989 0.00765 0.00644 0.04675 ( 1)  0.208 +-  0.486
  68 L   0.74608 0.06433 0.03906 0.02760 0.02080 0.01617 0.01273 0.01001 0.00777 0.00655 0.04891 ( 1)  0.214 +-  0.503
  69 L   0.74826 0.06442 0.03904 0.02754 0.02071 0.01607 0.01263 0.00992 0.00768 0.00646 0.04727 ( 1)  0.209 +-  0.491
  70 T   0.74203 0.06415 0.03908 0.02771 0.02095 0.01634 0.01290 0.01018 0.00793 0.00670 0.05204 ( 1)  0.223 +-  0.528
  71 G   0.74926 0.06446 0.03903 0.02751 0.02067 0.01603 0.01258 0.00987 0.00764 0.00642 0.04652 ( 1)  0.207 +-  0.485
  72 R   0.74797 0.06441 0.03904 0.02755 0.02073 0.01609 0.01264 0.00993 0.00769 0.00648 0.04748 ( 1)  0.210 +-  0.492
  73 N   0.75083 0.06452 0.03902 0.02746 0.02061 0.01595 0.01251 0.00980 0.00757 0.00636 0.04537 ( 1)  0.204 +-  0.476
  74 K   0.74927 0.06446 0.03903 0.02751 0.02067 0.01603 0.01258 0.00987 0.00764 0.00642 0.04652 ( 1)  0.207 +-  0.485
  75 F   0.74854 0.06443 0.03904 0.02753 0.02070 0.01606 0.01262 0.00990 0.00767 0.00645 0.04704 ( 1)  0.209 +-  0.489
  76 N   0.74519 0.06429 0.03906 0.02763 0.02083 0.01621 0.01277 0.01005 0.00780 0.00658 0.04958 ( 1)  0.216 +-  0.508
  77 L   0.74536 0.06430 0.03906 0.02762 0.02083 0.01620 0.01276 0.01004 0.00780 0.00658 0.04945 ( 1)  0.215 +-  0.507
  78 K   0.74927 0.06446 0.03903 0.02751 0.02067 0.01603 0.01258 0.00987 0.00764 0.00642 0.04652 ( 1)  0.207 +-  0.485
  79 P   0.74667 0.06435 0.03905 0.02759 0.02078 0.01614 0.01270 0.00999 0.00774 0.00653 0.04846 ( 1)  0.213 +-  0.500
  80 A   0.74895 0.06445 0.03904 0.02752 0.02069 0.01604 0.01260 0.00989 0.00765 0.00644 0.04675 ( 1)  0.208 +-  0.486
  81 T   0.74203 0.06415 0.03908 0.02771 0.02095 0.01634 0.01290 0.01018 0.00793 0.00670 0.05204 ( 1)  0.223 +-  0.528
  82 G   0.74926 0.06446 0.03903 0.02751 0.02067 0.01603 0.01258 0.00987 0.00764 0.00642 0.04652 ( 1)  0.207 +-  0.485
  83 I   0.74979 0.06448 0.03903 0.02749 0.02065 0.01600 0.01256 0.00985 0.00762 0.00640 0.04613 ( 1)  0.206 +-  0.482
  84 A   0.74895 0.06445 0.03904 0.02752 0.02069 0.01604 0.01260 0.00989 0.00765 0.00644 0.04675 ( 1)  0.208 +-  0.486
  85 Y   0.74850 0.06443 0.03904 0.02753 0.02071 0.01606 0.01262 0.00991 0.00767 0.00646 0.04708 ( 1)  0.209 +-  0.489
  86 L   0.74608 0.06433 0.03906 0.02760 0.02080 0.01617 0.01273 0.01001 0.00777 0.00655 0.04891 ( 1)  0.214 +-  0.503
  87 V   0.74365 0.06422 0.03907 0.02767 0.02089 0.01627 0.01283 0.01012 0.00786 0.00664 0.05077 ( 1)  0.219 +-  0.518
  88 E   0.75005 0.06449 0.03902 0.02748 0.02064 0.01599 0.01255 0.00983 0.00760 0.00639 0.04594 ( 1)  0.206 +-  0.480
  89 Q   0.74814 0.06441 0.03904 0.02754 0.02072 0.01608 0.01264 0.00992 0.00768 0.00647 0.04735 ( 1)  0.210 +-  0.491
  90 G   0.74926 0.06446 0.03903 0.02751 0.02067 0.01603 0.01258 0.00987 0.00764 0.00642 0.04652 ( 1)  0.207 +-  0.485
  91 L   0.74608 0.06433 0.03906 0.02760 0.02080 0.01617 0.01273 0.01001 0.00777 0.00655 0.04891 ( 1)  0.214 +-  0.503
  92 L   0.74327 0.06421 0.03907 0.02768 0.02090 0.01629 0.01285 0.01013 0.00788 0.00666 0.05107 ( 1)  0.220 +-  0.520
  93 E   0.75005 0.06449 0.03902 0.02748 0.02064 0.01599 0.01255 0.00983 0.00760 0.00639 0.04594 ( 1)  0.206 +-  0.480
  94 N   0.75083 0.06452 0.03902 0.02746 0.02061 0.01595 0.01251 0.00980 0.00757 0.00636 0.04537 ( 1)  0.204 +-  0.476
  95 T   0.74322 0.06421 0.03907 0.02768 0.02090 0.01629 0.01285 0.01013 0.00788 0.00666 0.05111 ( 1)  0.220 +-  0.521
  96 P   0.74194 0.06415 0.03908 0.02771 0.02095 0.01634 0.01291 0.01019 0.00793 0.00671 0.05211 ( 1)  0.223 +-  0.529
  97 A   0.74895 0.06445 0.03904 0.02752 0.02069 0.01604 0.01260 0.00989 0.00765 0.00644 0.04675 ( 1)  0.208 +-  0.486
  98 A   0.74895 0.06445 0.03904 0.02752 0.02069 0.01604 0.01260 0.00989 0.00765 0.00644 0.04675 ( 1)  0.208 +-  0.486
  99 V   0.74807 0.06441 0.03904 0.02754 0.02072 0.01608 0.01264 0.00992 0.00769 0.00647 0.04741 ( 1)  0.210 +-  0.492
 100 A   0.74895 0.06445 0.03904 0.02752 0.02069 0.01604 0.01260 0.00989 0.00765 0.00644 0.04675 ( 1)  0.208 +-  0.486
 101 S   0.74933 0.06446 0.03903 0.02751 0.02067 0.01602 0.01258 0.00987 0.00764 0.00642 0.04646 ( 1)  0.207 +-  0.484
 102 F   0.74391 0.06424 0.03907 0.02766 0.02088 0.01626 0.01282 0.01010 0.00785 0.00663 0.05057 ( 1)  0.218 +-  0.516
 103 L   0.74181 0.06414 0.03908 0.02771 0.02095 0.01634 0.01291 0.01019 0.00793 0.00671 0.05222 ( 1)  0.223 +-  0.530
 104 F   0.74391 0.06424 0.03907 0.02766 0.02088 0.01626 0.01282 0.01010 0.00785 0.00663 0.05057 ( 1)  0.218 +-  0.516
 105 Q   0.74814 0.06441 0.03904 0.02754 0.02072 0.01608 0.01264 0.00992 0.00768 0.00647 0.04735 ( 1)  0.210 +-  0.491
 106 S   0.74680 0.06436 0.03905 0.02758 0.02077 0.01614 0.01270 0.00998 0.00774 0.00652 0.04835 ( 1)  0.212 +-  0.499
 107 T   0.74813 0.06441 0.03904 0.02755 0.02072 0.01608 0.01264 0.00992 0.00768 0.00647 0.04736 ( 1)  0.210 +-  0.491
 108 N   0.74519 0.06429 0.03906 0.02763 0.02083 0.01621 0.01277 0.01005 0.00780 0.00658 0.04958 ( 1)  0.216 +-  0.508
 109 L   0.74826 0.06442 0.03904 0.02754 0.02071 0.01607 0.01263 0.00992 0.00768 0.00646 0.04727 ( 1)  0.209 +-  0.491
 110 S   0.74933 0.06446 0.03903 0.02751 0.02067 0.01602 0.01258 0.00987 0.00764 0.00642 0.04646 ( 1)  0.207 +-  0.484
 111 R   0.74778 0.06440 0.03905 0.02756 0.02073 0.01609 0.01265 0.00994 0.00770 0.00648 0.04762 ( 1)  0.210 +-  0.493
 112 R   0.74617 0.06433 0.03906 0.02760 0.02080 0.01616 0.01272 0.01001 0.00776 0.00655 0.04884 ( 1)  0.214 +-  0.503
 113 A   0.74220 0.06416 0.03908 0.02770 0.02094 0.01633 0.01290 0.01018 0.00792 0.00670 0.05191 ( 1)  0.222 +-  0.527
 114 V   0.74929 0.06446 0.03903 0.02751 0.02067 0.01602 0.01258 0.00987 0.00764 0.00642 0.04651 ( 1)  0.207 +-  0.485
 115 G   0.74805 0.06441 0.03904 0.02755 0.02072 0.01608 0.01264 0.00993 0.00769 0.00647 0.04742 ( 1)  0.210 +-  0.492
 116 D   0.75152 0.06454 0.03901 0.02744 0.02058 0.01592 0.01248 0.00977 0.00754 0.00633 0.04488 ( 1)  0.203 +-  0.472
 117 Y   0.74850 0.06443 0.03904 0.02753 0.02071 0.01606 0.01262 0.00991 0.00767 0.00646 0.04708 ( 1)  0.209 +-  0.489
 118 F   0.74854 0.06443 0.03904 0.02753 0.02070 0.01606 0.01262 0.00990 0.00767 0.00645 0.04704 ( 1)  0.209 +-  0.489
 119 A   0.74778 0.06440 0.03905 0.02755 0.02073 0.01609 0.01265 0.00994 0.00770 0.00648 0.04762 ( 1)  0.210 +-  0.493
 120 H   0.75015 0.06449 0.03902 0.02748 0.02064 0.01599 0.01254 0.00983 0.00760 0.00639 0.04586 ( 1)  0.206 +-  0.480
 121 S   0.74933 0.06446 0.03903 0.02751 0.02067 0.01602 0.01258 0.00987 0.00764 0.00642 0.04646 ( 1)  0.207 +-  0.484
 122 K   0.74927 0.06446 0.03903 0.02751 0.02067 0.01603 0.01258 0.00987 0.00764 0.00642 0.04652 ( 1)  0.207 +-  0.485
 123 P   0.74767 0.06439 0.03905 0.02756 0.02074 0.01610 0.01266 0.00994 0.00770 0.00649 0.04770 ( 1)  0.211 +-  0.494
 124 F   0.74854 0.06443 0.03904 0.02753 0.02070 0.01606 0.01262 0.00990 0.00767 0.00645 0.04704 ( 1)  0.209 +-  0.489
 125 N   0.75083 0.06452 0.03902 0.02746 0.02061 0.01595 0.01251 0.00980 0.00757 0.00636 0.04537 ( 1)  0.204 +-  0.476
 126 V   0.74807 0.06441 0.03904 0.02754 0.02072 0.01608 0.01264 0.00992 0.00769 0.00647 0.04741 ( 1)  0.210 +-  0.492
 127 Q   0.74814 0.06441 0.03904 0.02754 0.02072 0.01608 0.01264 0.00992 0.00768 0.00647 0.04735 ( 1)  0.210 +-  0.491
 128 T   0.74813 0.06441 0.03904 0.02755 0.02072 0.01608 0.01264 0.00992 0.00768 0.00647 0.04736 ( 1)  0.210 +-  0.491
 129 L   0.74181 0.06414 0.03908 0.02771 0.02095 0.01634 0.01291 0.01019 0.00793 0.00671 0.05222 ( 1)  0.223 +-  0.530
 130 D   0.75152 0.06454 0.03901 0.02744 0.02058 0.01592 0.01248 0.00977 0.00754 0.00633 0.04488 ( 1)  0.203 +-  0.472
 131 A   0.74895 0.06445 0.03904 0.02752 0.02069 0.01604 0.01260 0.00989 0.00765 0.00644 0.04675 ( 1)  0.208 +-  0.486
 132 F   0.74854 0.06443 0.03904 0.02753 0.02070 0.01606 0.01262 0.00990 0.00767 0.00645 0.04704 ( 1)  0.209 +-  0.489
 133 A   0.74895 0.06445 0.03904 0.02752 0.02069 0.01604 0.01260 0.00989 0.00765 0.00644 0.04675 ( 1)  0.208 +-  0.486
 134 G   0.74926 0.06446 0.03903 0.02751 0.02067 0.01603 0.01258 0.00987 0.00764 0.00642 0.04652 ( 1)  0.207 +-  0.485
 135 L   0.74608 0.06433 0.03906 0.02760 0.02080 0.01617 0.01273 0.01001 0.00777 0.00655 0.04891 ( 1)  0.214 +-  0.503
 136 F   0.74391 0.06424 0.03907 0.02766 0.02088 0.01626 0.01282 0.01010 0.00785 0.00663 0.05057 ( 1)  0.218 +-  0.516
 137 N   0.75083 0.06452 0.03902 0.02746 0.02061 0.01595 0.01251 0.00980 0.00757 0.00636 0.04537 ( 1)  0.204 +-  0.476
 138 F   0.74391 0.06424 0.03907 0.02766 0.02088 0.01626 0.01282 0.01010 0.00785 0.00663 0.05057 ( 1)  0.218 +-  0.516
 139 A   0.74895 0.06445 0.03904 0.02752 0.02069 0.01604 0.01260 0.00989 0.00765 0.00644 0.04675 ( 1)  0.208 +-  0.486
 140 G   0.74926 0.06446 0.03903 0.02751 0.02067 0.01603 0.01258 0.00987 0.00764 0.00642 0.04652 ( 1)  0.207 +-  0.485
 141 K   0.74407 0.06424 0.03907 0.02766 0.02087 0.01625 0.01282 0.01010 0.00785 0.00663 0.05045 ( 1)  0.218 +-  0.515
 142 K   0.74927 0.06446 0.03903 0.02751 0.02067 0.01603 0.01258 0.00987 0.00764 0.00642 0.04652 ( 1)  0.207 +-  0.485
 143 L   0.74536 0.06430 0.03906 0.02762 0.02083 0.01620 0.01276 0.01004 0.00780 0.00658 0.04945 ( 1)  0.215 +-  0.507
 144 M   0.74954 0.06447 0.03903 0.02750 0.02066 0.01601 0.01257 0.00986 0.00763 0.00641 0.04631 ( 1)  0.207 +-  0.483
 145 Q   0.74814 0.06441 0.03904 0.02754 0.02072 0.01608 0.01264 0.00992 0.00768 0.00647 0.04735 ( 1)  0.210 +-  0.491
 146 A   0.74778 0.06440 0.03905 0.02755 0.02073 0.01609 0.01265 0.00994 0.00770 0.00648 0.04762 ( 1)  0.210 +-  0.493
 147 L   0.74536 0.06430 0.03906 0.02762 0.02083 0.01620 0.01276 0.01004 0.00780 0.00658 0.04945 ( 1)  0.215 +-  0.507
 148 R   0.74306 0.06420 0.03907 0.02768 0.02091 0.01629 0.01286 0.01014 0.00789 0.00666 0.05123 ( 1)  0.220 +-  0.522
 149 E   0.74471 0.06427 0.03907 0.02764 0.02085 0.01623 0.01279 0.01007 0.00782 0.00660 0.04995 ( 1)  0.217 +-  0.511
 150 F   0.74391 0.06424 0.03907 0.02766 0.02088 0.01626 0.01282 0.01010 0.00785 0.00663 0.05057 ( 1)  0.218 +-  0.516
 151 L   0.74536 0.06430 0.03906 0.02762 0.02083 0.01620 0.01276 0.01004 0.00780 0.00658 0.04945 ( 1)  0.215 +-  0.507
 152 G   0.74926 0.06446 0.03903 0.02751 0.02067 0.01603 0.01258 0.00987 0.00764 0.00642 0.04652 ( 1)  0.207 +-  0.485
 153 T   0.74813 0.06441 0.03904 0.02755 0.02072 0.01608 0.01264 0.00992 0.00768 0.00647 0.04736 ( 1)  0.210 +-  0.491
 154 F   0.74391 0.06424 0.03907 0.02766 0.02088 0.01626 0.01282 0.01010 0.00785 0.00663 0.05057 ( 1)  0.218 +-  0.516
 155 A   0.74895 0.06445 0.03904 0.02752 0.02069 0.01604 0.01260 0.00989 0.00765 0.00644 0.04675 ( 1)  0.208 +-  0.486
 156 V   0.74807 0.06441 0.03904 0.02754 0.02072 0.01608 0.01264 0.00992 0.00769 0.00647 0.04741 ( 1)  0.210 +-  0.492
 157 A   0.74627 0.06434 0.03906 0.02760 0.02079 0.01616 0.01272 0.01000 0.00776 0.00654 0.04877 ( 1)  0.214 +-  0.502
 158 G   0.74805 0.06441 0.03904 0.02755 0.02072 0.01608 0.01264 0.00993 0.00769 0.00647 0.04742 ( 1)  0.210 +-  0.492
 159 E   0.75005 0.06449 0.03902 0.02748 0.02064 0.01599 0.01255 0.00983 0.00760 0.00639 0.04594 ( 1)  0.206 +-  0.480
 160 S   0.74933 0.06446 0.03903 0.02751 0.02067 0.01602 0.01258 0.00987 0.00764 0.00642 0.04646 ( 1)  0.207 +-  0.484
 161 Q   0.74814 0.06441 0.03904 0.02754 0.02072 0.01608 0.01264 0.00992 0.00768 0.00647 0.04735 ( 1)  0.210 +-  0.491
 162 V   0.74807 0.06441 0.03904 0.02754 0.02072 0.01608 0.01264 0.00992 0.00769 0.00647 0.04741 ( 1)  0.210 +-  0.492
 163 I   0.74979 0.06448 0.03903 0.02749 0.02065 0.01600 0.01256 0.00985 0.00762 0.00640 0.04613 ( 1)  0.206 +-  0.482
 164 E   0.75005 0.06449 0.03902 0.02748 0.02064 0.01599 0.01255 0.00983 0.00760 0.00639 0.04594 ( 1)  0.206 +-  0.480
 165 R   0.74797 0.06441 0.03904 0.02755 0.02073 0.01609 0.01264 0.00993 0.00769 0.00648 0.04748 ( 1)  0.210 +-  0.492
 166 C   0.74759 0.06439 0.03905 0.02756 0.02074 0.01610 0.01266 0.00995 0.00771 0.00649 0.04775 ( 1)  0.211 +-  0.494
 167 I   0.74665 0.06433 0.03903 0.02756 0.02075 0.01612 0.01268 0.00997 0.00773 0.00652 0.04866 ( 1)  0.214 +-  0.505
 168 S   0.74512 0.06429 0.03906 0.02763 0.02084 0.01621 0.01277 0.01005 0.00781 0.00659 0.04963 ( 1)  0.216 +-  0.509
 169 V   0.74807 0.06441 0.03904 0.02754 0.02072 0.01608 0.01264 0.00992 0.00769 0.00647 0.04741 ( 1)  0.210 +-  0.492
 170 F   0.74854 0.06443 0.03904 0.02753 0.02070 0.01606 0.01262 0.00990 0.00767 0.00645 0.04704 ( 1)  0.209 +-  0.489
 171 A   0.74895 0.06445 0.03904 0.02752 0.02069 0.01604 0.01260 0.00989 0.00765 0.00644 0.04675 ( 1)  0.208 +-  0.486
 172 K   0.74927 0.06446 0.03903 0.02751 0.02067 0.01603 0.01258 0.00987 0.00764 0.00642 0.04652 ( 1)  0.207 +-  0.485
 173 S   0.74512 0.06429 0.03906 0.02763 0.02084 0.01621 0.01277 0.01005 0.00781 0.00659 0.04963 ( 1)  0.216 +-  0.509
 174 F   0.74854 0.06443 0.03904 0.02753 0.02070 0.01606 0.01262 0.00990 0.00767 0.00645 0.04704 ( 1)  0.209 +-  0.489
 175 A   0.74895 0.06445 0.03904 0.02752 0.02069 0.01604 0.01260 0.00989 0.00765 0.00644 0.04675 ( 1)  0.208 +-  0.486
 176 S   0.74274 0.06418 0.03908 0.02769 0.02092 0.01631 0.01287 0.01015 0.00790 0.00668 0.05148 ( 1)  0.221 +-  0.524
 177 Q   0.74814 0.06441 0.03904 0.02754 0.02072 0.01608 0.01264 0.00992 0.00768 0.00647 0.04735 ( 1)  0.210 +-  0.491
 178 N   0.74519 0.06429 0.03906 0.02763 0.02083 0.01621 0.01277 0.01005 0.00780 0.00658 0.04958 ( 1)  0.216 +-  0.508
 179 P   0.74305 0.06420 0.03907 0.02768 0.02091 0.01629 0.01286 0.01014 0.00789 0.00666 0.05124 ( 1)  0.220 +-  0.522
 180 D   0.75152 0.06454 0.03901 0.02744 0.02058 0.01592 0.01248 0.00977 0.00754 0.00633 0.04488 ( 1)  0.203 +-  0.472
 181 F   0.74854 0.06443 0.03904 0.02753 0.02070 0.01606 0.01262 0.00990 0.00767 0.00645 0.04704 ( 1)  0.209 +-  0.489
 182 P   0.74194 0.06415 0.03908 0.02771 0.02095 0.01634 0.01291 0.01019 0.00793 0.00671 0.05211 ( 1)  0.223 +-  0.529
 183 L   0.74826 0.06442 0.03904 0.02754 0.02071 0.01607 0.01263 0.00992 0.00768 0.00646 0.04727 ( 1)  0.209 +-  0.491
 184 S   0.74933 0.06446 0.03903 0.02751 0.02067 0.01602 0.01258 0.00987 0.00764 0.00642 0.04646 ( 1)  0.207 +-  0.484
 185 A   0.74895 0.06445 0.03904 0.02752 0.02069 0.01604 0.01260 0.00989 0.00765 0.00644 0.04675 ( 1)  0.208 +-  0.486
 186 D   0.74574 0.06431 0.03906 0.02761 0.02081 0.01618 0.01274 0.01003 0.00778 0.00656 0.04916 ( 1)  0.215 +-  0.505
 187 R   0.74163 0.06413 0.03908 0.02772 0.02096 0.01635 0.01292 0.01020 0.00794 0.00672 0.05235 ( 1)  0.224 +-  0.531
 188 I   0.74450 0.06426 0.03907 0.02765 0.02086 0.01623 0.01280 0.01008 0.00783 0.00661 0.05011 ( 1)  0.217 +-  0.513
 189 F   0.74391 0.06424 0.03907 0.02766 0.02088 0.01626 0.01282 0.01010 0.00785 0.00663 0.05057 ( 1)  0.218 +-  0.516
 190 V   0.74929 0.06446 0.03903 0.02751 0.02067 0.01602 0.01258 0.00987 0.00764 0.00642 0.04651 ( 1)  0.207 +-  0.485
 191 L   0.74608 0.06433 0.03906 0.02760 0.02080 0.01617 0.01273 0.01001 0.00777 0.00655 0.04891 ( 1)  0.214 +-  0.503
 192 C   0.74759 0.06439 0.03905 0.02756 0.02074 0.01610 0.01266 0.00995 0.00771 0.00649 0.04775 ( 1)  0.211 +-  0.494
 193 Y   0.74850 0.06443 0.03904 0.02753 0.02071 0.01606 0.01262 0.00991 0.00767 0.00646 0.04708 ( 1)  0.209 +-  0.489
 194 A   0.74895 0.06445 0.03904 0.02752 0.02069 0.01604 0.01260 0.00989 0.00765 0.00644 0.04675 ( 1)  0.208 +-  0.486
 195 C   0.74759 0.06439 0.03905 0.02756 0.02074 0.01610 0.01266 0.00995 0.00771 0.00649 0.04775 ( 1)  0.211 +-  0.494
 196 M   0.74954 0.06447 0.03903 0.02750 0.02066 0.01601 0.01257 0.00986 0.00763 0.00641 0.04631 ( 1)  0.207 +-  0.483
 197 I   0.74450 0.06426 0.03907 0.02765 0.02086 0.01623 0.01280 0.01008 0.00783 0.00661 0.05011 ( 1)  0.217 +-  0.513
 198 L   0.74826 0.06442 0.03904 0.02754 0.02071 0.01607 0.01263 0.00992 0.00768 0.00646 0.04727 ( 1)  0.209 +-  0.491
 199 N   0.75083 0.06452 0.03902 0.02746 0.02061 0.01595 0.01251 0.00980 0.00757 0.00636 0.04537 ( 1)  0.204 +-  0.476
 200 T   0.74322 0.06421 0.03907 0.02768 0.02090 0.01629 0.01285 0.01013 0.00788 0.00666 0.05111 ( 1)  0.220 +-  0.521
 201 A   0.74778 0.06440 0.03905 0.02755 0.02073 0.01609 0.01265 0.00994 0.00770 0.00648 0.04762 ( 1)  0.210 +-  0.493
 202 L   0.74608 0.06433 0.03906 0.02760 0.02080 0.01617 0.01273 0.01001 0.00777 0.00655 0.04891 ( 1)  0.214 +-  0.503
 203 H   0.75015 0.06449 0.03902 0.02748 0.02064 0.01599 0.01254 0.00983 0.00760 0.00639 0.04586 ( 1)  0.206 +-  0.480
 204 N   0.74519 0.06429 0.03906 0.02763 0.02083 0.01621 0.01277 0.01005 0.00780 0.00658 0.04958 ( 1)  0.216 +-  0.508
 205 E   0.75005 0.06449 0.03902 0.02748 0.02064 0.01599 0.01255 0.00983 0.00760 0.00639 0.04594 ( 1)  0.206 +-  0.480
 206 N   0.75083 0.06452 0.03902 0.02746 0.02061 0.01595 0.01251 0.00980 0.00757 0.00636 0.04537 ( 1)  0.204 +-  0.476
 207 A   0.74352 0.06422 0.03907 0.02767 0.02089 0.01627 0.01284 0.01012 0.00787 0.00665 0.05087 ( 1)  0.219 +-  0.519
 208 K   0.74927 0.06446 0.03903 0.02751 0.02067 0.01603 0.01258 0.00987 0.00764 0.00642 0.04652 ( 1)  0.207 +-  0.485
 209 K   0.74927 0.06446 0.03903 0.02751 0.02067 0.01603 0.01258 0.00987 0.00764 0.00642 0.04652 ( 1)  0.207 +-  0.485
 210 D   0.74574 0.06431 0.03906 0.02761 0.02081 0.01618 0.01274 0.01003 0.00778 0.00656 0.04916 ( 1)  0.215 +-  0.505
 211 K   0.74407 0.06424 0.03907 0.02766 0.02087 0.01625 0.01282 0.01010 0.00785 0.00663 0.05045 ( 1)  0.218 +-  0.515
 212 T   0.74203 0.06415 0.03908 0.02771 0.02095 0.01634 0.01290 0.01018 0.00793 0.00670 0.05204 ( 1)  0.223 +-  0.528
 213 T   0.74813 0.06441 0.03904 0.02755 0.02072 0.01608 0.01264 0.00992 0.00768 0.00647 0.04736 ( 1)  0.210 +-  0.491
 214 R   0.74306 0.06420 0.03907 0.02768 0.02091 0.01629 0.01286 0.01014 0.00789 0.00666 0.05123 ( 1)  0.220 +-  0.522
 215 I   0.74979 0.06448 0.03903 0.02749 0.02065 0.01600 0.01256 0.00985 0.00762 0.00640 0.04613 ( 1)  0.206 +-  0.482
 216 G   0.74926 0.06446 0.03903 0.02751 0.02067 0.01603 0.01258 0.00987 0.00764 0.00642 0.04652 ( 1)  0.207 +-  0.485
 217 S   0.74933 0.06446 0.03903 0.02751 0.02067 0.01602 0.01258 0.00987 0.00764 0.00642 0.04646 ( 1)  0.207 +-  0.484
 218 P   0.74667 0.06435 0.03905 0.02759 0.02078 0.01614 0.01270 0.00999 0.00774 0.00653 0.04846 ( 1)  0.213 +-  0.500
 219 E   0.75005 0.06449 0.03902 0.02748 0.02064 0.01599 0.01255 0.00983 0.00760 0.00639 0.04594 ( 1)  0.206 +-  0.480
 220 D   0.75152 0.06454 0.03901 0.02744 0.02058 0.01592 0.01248 0.00977 0.00754 0.00633 0.04488 ( 1)  0.203 +-  0.472
 221 F   0.74391 0.06424 0.03907 0.02766 0.02088 0.01626 0.01282 0.01010 0.00785 0.00663 0.05057 ( 1)  0.218 +-  0.516
 222 Q   0.74814 0.06441 0.03904 0.02754 0.02072 0.01608 0.01264 0.00992 0.00768 0.00647 0.04735 ( 1)  0.210 +-  0.491
 223 A   0.74895 0.06445 0.03904 0.02752 0.02069 0.01604 0.01260 0.00989 0.00765 0.00644 0.04675 ( 1)  0.208 +-  0.486
 224 M   0.74954 0.06447 0.03903 0.02750 0.02066 0.01601 0.01257 0.00986 0.00763 0.00641 0.04631 ( 1)  0.207 +-  0.483
 225 L   0.74608 0.06433 0.03906 0.02760 0.02080 0.01617 0.01273 0.01001 0.00777 0.00655 0.04891 ( 1)  0.214 +-  0.503
 226 E   0.75005 0.06449 0.03902 0.02748 0.02064 0.01599 0.01255 0.00983 0.00760 0.00639 0.04594 ( 1)  0.206 +-  0.480
 227 R   0.74778 0.06440 0.03905 0.02756 0.02073 0.01609 0.01265 0.00994 0.00770 0.00648 0.04762 ( 1)  0.210 +-  0.493
 228 A   0.74778 0.06440 0.03905 0.02755 0.02073 0.01609 0.01265 0.00994 0.00770 0.00648 0.04762 ( 1)  0.210 +-  0.493
 229 D   0.74574 0.06431 0.03906 0.02761 0.02081 0.01618 0.01274 0.01003 0.00778 0.00656 0.04916 ( 1)  0.215 +-  0.505
 230 L   0.74608 0.06433 0.03906 0.02760 0.02080 0.01617 0.01273 0.01001 0.00777 0.00655 0.04891 ( 1)  0.214 +-  0.503
 231 R   0.74797 0.06441 0.03904 0.02755 0.02073 0.01609 0.01264 0.00993 0.00769 0.00648 0.04748 ( 1)  0.210 +-  0.492
 232 D   0.75152 0.06454 0.03901 0.02744 0.02058 0.01592 0.01248 0.00977 0.00754 0.00633 0.04488 ( 1)  0.203 +-  0.472
 233 L   0.74608 0.06433 0.03906 0.02760 0.02080 0.01617 0.01273 0.01001 0.00777 0.00655 0.04891 ( 1)  0.214 +-  0.503
 234 D   0.75152 0.06454 0.03901 0.02744 0.02058 0.01592 0.01248 0.00977 0.00754 0.00633 0.04488 ( 1)  0.203 +-  0.472
 235 R   0.74617 0.06433 0.03906 0.02760 0.02080 0.01616 0.01272 0.01001 0.00776 0.00655 0.04884 ( 1)  0.214 +-  0.503
 236 A   0.74895 0.06445 0.03904 0.02752 0.02069 0.01604 0.01260 0.00989 0.00765 0.00644 0.04675 ( 1)  0.208 +-  0.486
 237 F   0.74391 0.06424 0.03907 0.02766 0.02088 0.01626 0.01282 0.01010 0.00785 0.00663 0.05057 ( 1)  0.218 +-  0.516
 238 V   0.74929 0.06446 0.03903 0.02751 0.02067 0.01602 0.01258 0.00987 0.00764 0.00642 0.04651 ( 1)  0.207 +-  0.485
 239 R   0.74797 0.06441 0.03904 0.02755 0.02073 0.01609 0.01264 0.00993 0.00769 0.00648 0.04748 ( 1)  0.210 +-  0.492
 240 D   0.75152 0.06454 0.03901 0.02744 0.02058 0.01592 0.01248 0.00977 0.00754 0.00633 0.04488 ( 1)  0.203 +-  0.472
 241 I   0.74979 0.06448 0.03903 0.02749 0.02065 0.01600 0.01256 0.00985 0.00762 0.00640 0.04613 ( 1)  0.206 +-  0.482
 242 Y   0.74850 0.06443 0.03904 0.02753 0.02071 0.01606 0.01262 0.00991 0.00767 0.00646 0.04708 ( 1)  0.209 +-  0.489
 243 E   0.75005 0.06449 0.03902 0.02748 0.02064 0.01599 0.01255 0.00983 0.00760 0.00639 0.04594 ( 1)  0.206 +-  0.480
 244 D   0.75152 0.06454 0.03901 0.02744 0.02058 0.01592 0.01248 0.00977 0.00754 0.00633 0.04488 ( 1)  0.203 +-  0.472
 245 I   0.74979 0.06448 0.03903 0.02749 0.02065 0.01600 0.01256 0.00985 0.00762 0.00640 0.04613 ( 1)  0.206 +-  0.482
 246 R   0.74617 0.06433 0.03906 0.02760 0.02080 0.01616 0.01272 0.01001 0.00776 0.00655 0.04884 ( 1)  0.214 +-  0.503
 247 L   0.74608 0.06433 0.03906 0.02760 0.02080 0.01617 0.01273 0.01001 0.00777 0.00655 0.04891 ( 1)  0.214 +-  0.503
 248 Q   0.74814 0.06441 0.03904 0.02754 0.02072 0.01608 0.01264 0.00992 0.00768 0.00647 0.04735 ( 1)  0.210 +-  0.491
 249 P   0.74667 0.06435 0.03905 0.02759 0.02078 0.01614 0.01270 0.00999 0.00774 0.00653 0.04846 ( 1)  0.213 +-  0.500
 250 F   0.74391 0.06424 0.03907 0.02766 0.02088 0.01626 0.01282 0.01010 0.00785 0.00663 0.05057 ( 1)  0.218 +-  0.516
 251 V   0.74365 0.06422 0.03907 0.02767 0.02089 0.01627 0.01283 0.01012 0.00786 0.00664 0.05077 ( 1)  0.219 +-  0.518
 252 N   0.74519 0.06429 0.03906 0.02763 0.02083 0.01621 0.01277 0.01005 0.00780 0.00658 0.04958 ( 1)  0.216 +-  0.508
 253 N   0.74519 0.06429 0.03906 0.02763 0.02083 0.01621 0.01277 0.01005 0.00780 0.00658 0.04958 ( 1)  0.216 +-  0.508
 254 G   0.74926 0.06446 0.03903 0.02751 0.02067 0.01603 0.01258 0.00987 0.00764 0.00642 0.04652 ( 1)  0.207 +-  0.485
 255 G   0.74926 0.06446 0.03903 0.02751 0.02067 0.01603 0.01258 0.00987 0.00764 0.00642 0.04652 ( 1)  0.207 +-  0.485
 256 D   0.74574 0.06431 0.03906 0.02761 0.02081 0.01618 0.01274 0.01003 0.00778 0.00656 0.04916 ( 1)  0.215 +-  0.505
 257 S   0.74680 0.06436 0.03905 0.02758 0.02077 0.01614 0.01270 0.00998 0.00774 0.00652 0.04835 ( 1)  0.212 +-  0.499
 258 F   0.74391 0.06424 0.03907 0.02766 0.02088 0.01626 0.01282 0.01010 0.00785 0.00663 0.05057 ( 1)  0.218 +-  0.516
 259 E   0.75005 0.06449 0.03902 0.02748 0.02064 0.01599 0.01255 0.00983 0.00760 0.00639 0.04594 ( 1)  0.206 +-  0.480
 260 D   0.75152 0.06454 0.03901 0.02744 0.02058 0.01592 0.01248 0.00977 0.00754 0.00633 0.04488 ( 1)  0.203 +-  0.472
 261 L   0.74608 0.06433 0.03906 0.02760 0.02080 0.01617 0.01273 0.01001 0.00777 0.00655 0.04891 ( 1)  0.214 +-  0.503
 262 L   0.74608 0.06433 0.03906 0.02760 0.02080 0.01617 0.01273 0.01001 0.00777 0.00655 0.04891 ( 1)  0.214 +-  0.503
 263 H   0.75015 0.06449 0.03902 0.02748 0.02064 0.01599 0.01254 0.00983 0.00760 0.00639 0.04586 ( 1)  0.206 +-  0.480
 264 S   0.74933 0.06446 0.03903 0.02751 0.02067 0.01602 0.01258 0.00987 0.00764 0.00642 0.04646 ( 1)  0.207 +-  0.484
 265 V   0.74807 0.06441 0.03904 0.02754 0.02072 0.01608 0.01264 0.00992 0.00769 0.00647 0.04741 ( 1)  0.210 +-  0.492
 266 C   0.74759 0.06439 0.03905 0.02756 0.02074 0.01610 0.01266 0.00995 0.00771 0.00649 0.04775 ( 1)  0.211 +-  0.494
 267 N   0.74519 0.06429 0.03906 0.02763 0.02083 0.01621 0.01277 0.01005 0.00780 0.00658 0.04958 ( 1)  0.216 +-  0.508
 268 V   0.74807 0.06441 0.03904 0.02754 0.02072 0.01608 0.01264 0.00992 0.00769 0.00647 0.04741 ( 1)  0.210 +-  0.492
 269 I   0.74979 0.06448 0.03903 0.02749 0.02065 0.01600 0.01256 0.00985 0.00762 0.00640 0.04613 ( 1)  0.206 +-  0.482
 270 K   0.74927 0.06446 0.03903 0.02751 0.02067 0.01603 0.01258 0.00987 0.00764 0.00642 0.04652 ( 1)  0.207 +-  0.485
 271 E   0.75005 0.06449 0.03902 0.02748 0.02064 0.01599 0.01255 0.00983 0.00760 0.00639 0.04594 ( 1)  0.206 +-  0.480
 272 G   0.74926 0.06446 0.03903 0.02751 0.02067 0.01603 0.01258 0.00987 0.00764 0.00642 0.04652 ( 1)  0.207 +-  0.485
 273 Y   0.74850 0.06443 0.03904 0.02753 0.02071 0.01606 0.01262 0.00991 0.00767 0.00646 0.04708 ( 1)  0.209 +-  0.489
 274 L   0.74608 0.06433 0.03906 0.02760 0.02080 0.01617 0.01273 0.01001 0.00777 0.00655 0.04891 ( 1)  0.214 +-  0.503
 275 Y   0.74850 0.06443 0.03904 0.02753 0.02071 0.01606 0.01262 0.00991 0.00767 0.00646 0.04708 ( 1)  0.209 +-  0.489
 276 K   0.74927 0.06446 0.03903 0.02751 0.02067 0.01603 0.01258 0.00987 0.00764 0.00642 0.04652 ( 1)  0.207 +-  0.485
 277 Q   0.74814 0.06441 0.03904 0.02754 0.02072 0.01608 0.01264 0.00992 0.00768 0.00647 0.04735 ( 1)  0.210 +-  0.491
 278 G   0.74926 0.06446 0.03903 0.02751 0.02067 0.01603 0.01258 0.00987 0.00764 0.00642 0.04652 ( 1)  0.207 +-  0.485
 279 G   0.74926 0.06446 0.03903 0.02751 0.02067 0.01603 0.01258 0.00987 0.00764 0.00642 0.04652 ( 1)  0.207 +-  0.485
 280 K   0.74927 0.06446 0.03903 0.02751 0.02067 0.01603 0.01258 0.00987 0.00764 0.00642 0.04652 ( 1)  0.207 +-  0.485
 281 V   0.74807 0.06441 0.03904 0.02754 0.02072 0.01608 0.01264 0.00992 0.00769 0.00647 0.04741 ( 1)  0.210 +-  0.492
 282 R   0.74797 0.06441 0.03904 0.02755 0.02073 0.01609 0.01264 0.00993 0.00769 0.00648 0.04748 ( 1)  0.210 +-  0.492
 283 T   0.74813 0.06441 0.03904 0.02755 0.02072 0.01608 0.01264 0.00992 0.00768 0.00647 0.04736 ( 1)  0.210 +-  0.491
 284 W   0.74563 0.06431 0.03906 0.02762 0.02082 0.01619 0.01275 0.01003 0.00779 0.00657 0.04924 ( 1)  0.215 +-  0.506
 285 K   0.74927 0.06446 0.03903 0.02751 0.02067 0.01603 0.01258 0.00987 0.00764 0.00642 0.04652 ( 1)  0.207 +-  0.485
 286 R   0.74617 0.06433 0.03906 0.02760 0.02080 0.01616 0.01272 0.01001 0.00776 0.00655 0.04884 ( 1)  0.214 +-  0.503
 287 R   0.74797 0.06441 0.03904 0.02755 0.02073 0.01609 0.01264 0.00993 0.00769 0.00648 0.04748 ( 1)  0.210 +-  0.492
 288 Y   0.74850 0.06443 0.03904 0.02753 0.02071 0.01606 0.01262 0.00991 0.00767 0.00646 0.04708 ( 1)  0.209 +-  0.489
 289 C   0.74759 0.06439 0.03905 0.02756 0.02074 0.01610 0.01266 0.00995 0.00771 0.00649 0.04775 ( 1)  0.211 +-  0.494
 290 M   0.74954 0.06447 0.03903 0.02750 0.02066 0.01601 0.01257 0.00986 0.00763 0.00641 0.04631 ( 1)  0.207 +-  0.483
 291 L   0.74327 0.06421 0.03907 0.02768 0.02090 0.01629 0.01285 0.01013 0.00788 0.00666 0.05107 ( 1)  0.220 +-  0.520
 292 H   0.75015 0.06449 0.03902 0.02748 0.02064 0.01599 0.01254 0.00983 0.00760 0.00639 0.04586 ( 1)  0.206 +-  0.480
 293 G   0.74926 0.06446 0.03903 0.02751 0.02067 0.01603 0.01258 0.00987 0.00764 0.00642 0.04652 ( 1)  0.207 +-  0.485
 294 G   0.74926 0.06446 0.03903 0.02751 0.02067 0.01603 0.01258 0.00987 0.00764 0.00642 0.04652 ( 1)  0.207 +-  0.485
 295 Q   0.74814 0.06441 0.03904 0.02754 0.02072 0.01608 0.01264 0.00992 0.00768 0.00647 0.04735 ( 1)  0.210 +-  0.491
 296 L   0.74826 0.06442 0.03904 0.02754 0.02071 0.01607 0.01263 0.00992 0.00768 0.00646 0.04727 ( 1)  0.209 +-  0.491
 297 S   0.74933 0.06446 0.03903 0.02751 0.02067 0.01602 0.01258 0.00987 0.00764 0.00642 0.04646 ( 1)  0.207 +-  0.484
 298 Y   0.74850 0.06443 0.03904 0.02753 0.02071 0.01606 0.01262 0.00991 0.00767 0.00646 0.04708 ( 1)  0.209 +-  0.489
 299 L   0.74608 0.06433 0.03906 0.02760 0.02080 0.01617 0.01273 0.01001 0.00777 0.00655 0.04891 ( 1)  0.214 +-  0.503
 300 A   0.74352 0.06422 0.03907 0.02767 0.02089 0.01627 0.01284 0.01012 0.00787 0.00665 0.05087 ( 1)  0.219 +-  0.519
 301 D   0.75152 0.06454 0.03901 0.02744 0.02058 0.01592 0.01248 0.00977 0.00754 0.00633 0.04488 ( 1)  0.203 +-  0.472
 302 K   0.74927 0.06446 0.03903 0.02751 0.02067 0.01603 0.01258 0.00987 0.00764 0.00642 0.04652 ( 1)  0.207 +-  0.485
 303 S   0.74680 0.06436 0.03905 0.02758 0.02077 0.01614 0.01270 0.00998 0.00774 0.00652 0.04835 ( 1)  0.212 +-  0.499
 304 S   0.74933 0.06446 0.03903 0.02751 0.02067 0.01602 0.01258 0.00987 0.00764 0.00642 0.04646 ( 1)  0.207 +-  0.484
 305 N   0.74519 0.06429 0.03906 0.02763 0.02083 0.01621 0.01277 0.01005 0.00780 0.00658 0.04958 ( 1)  0.216 +-  0.508
 306 Y   0.74335 0.06421 0.03907 0.02767 0.02090 0.01628 0.01285 0.01013 0.00787 0.00665 0.05100 ( 1)  0.220 +-  0.520
 307 P   0.74767 0.06439 0.03905 0.02756 0.02074 0.01610 0.01266 0.00994 0.00770 0.00649 0.04770 ( 1)  0.211 +-  0.494
 308 K   0.74927 0.06446 0.03903 0.02751 0.02067 0.01603 0.01258 0.00987 0.00764 0.00642 0.04652 ( 1)  0.207 +-  0.485
 309 G   0.74805 0.06441 0.03904 0.02755 0.02072 0.01608 0.01264 0.00993 0.00769 0.00647 0.04742 ( 1)  0.210 +-  0.492
 310 I   0.74979 0.06448 0.03903 0.02749 0.02065 0.01600 0.01256 0.00985 0.00762 0.00640 0.04613 ( 1)  0.206 +-  0.482
 311 I   0.74393 0.06424 0.03907 0.02766 0.02088 0.01626 0.01282 0.01010 0.00785 0.00663 0.05055 ( 1)  0.218 +-  0.516
 312 Q   0.74814 0.06441 0.03904 0.02754 0.02072 0.01608 0.01264 0.00992 0.00768 0.00647 0.04735 ( 1)  0.210 +-  0.491
 313 L   0.74238 0.06417 0.03908 0.02770 0.02093 0.01632 0.01289 0.01017 0.00791 0.00669 0.05176 ( 1)  0.222 +-  0.526
 314 R   0.74778 0.06440 0.03905 0.02756 0.02073 0.01609 0.01265 0.00994 0.00770 0.00648 0.04762 ( 1)  0.210 +-  0.493
 315 D   0.74574 0.06431 0.03906 0.02761 0.02081 0.01618 0.01274 0.01003 0.00778 0.00656 0.04916 ( 1)  0.215 +-  0.505
 316 L   0.74608 0.06433 0.03906 0.02760 0.02080 0.01617 0.01273 0.01001 0.00777 0.00655 0.04891 ( 1)  0.214 +-  0.503
 317 G   0.74292 0.06419 0.03907 0.02768 0.02091 0.01630 0.01287 0.01015 0.00789 0.00667 0.05134 ( 1)  0.221 +-  0.523
 318 V   0.74365 0.06422 0.03907 0.02767 0.02089 0.01627 0.01283 0.01012 0.00786 0.00664 0.05077 ( 1)  0.219 +-  0.518
 319 R   0.74797 0.06441 0.03904 0.02755 0.02073 0.01609 0.01264 0.00993 0.00769 0.00648 0.04748 ( 1)  0.210 +-  0.492
 320 E   0.74471 0.06427 0.03907 0.02764 0.02085 0.01623 0.01279 0.01007 0.00782 0.00660 0.04995 ( 1)  0.217 +-  0.511
 321 A   0.74778 0.06440 0.03905 0.02755 0.02073 0.01609 0.01265 0.00994 0.00770 0.00648 0.04762 ( 1)  0.210 +-  0.493
 322 P   0.74194 0.06415 0.03908 0.02771 0.02095 0.01634 0.01291 0.01019 0.00793 0.00671 0.05211 ( 1)  0.223 +-  0.529
 323 D   0.75152 0.06454 0.03901 0.02744 0.02058 0.01592 0.01248 0.00977 0.00754 0.00633 0.04488 ( 1)  0.203 +-  0.472
 324 K   0.74927 0.06446 0.03903 0.02751 0.02067 0.01603 0.01258 0.00987 0.00764 0.00642 0.04652 ( 1)  0.207 +-  0.485
 325 A   0.74352 0.06422 0.03907 0.02767 0.02089 0.01627 0.01284 0.01012 0.00787 0.00665 0.05087 ( 1)  0.219 +-  0.519
 326 K   0.74927 0.06446 0.03903 0.02751 0.02067 0.01603 0.01258 0.00987 0.00764 0.00642 0.04652 ( 1)  0.207 +-  0.485
 327 S   0.74933 0.06446 0.03903 0.02751 0.02067 0.01602 0.01258 0.00987 0.00764 0.00642 0.04646 ( 1)  0.207 +-  0.484
 328 F   0.74854 0.06443 0.03904 0.02753 0.02070 0.01606 0.01262 0.00990 0.00767 0.00645 0.04704 ( 1)  0.209 +-  0.489
 329 C   0.74759 0.06439 0.03905 0.02756 0.02074 0.01610 0.01266 0.00995 0.00771 0.00649 0.04775 ( 1)  0.211 +-  0.494
 330 F   0.74854 0.06443 0.03904 0.02753 0.02070 0.01606 0.01262 0.00990 0.00767 0.00645 0.04704 ( 1)  0.209 +-  0.489
 331 E   0.75005 0.06449 0.03902 0.02748 0.02064 0.01599 0.01255 0.00983 0.00760 0.00639 0.04594 ( 1)  0.206 +-  0.480
 332 L   0.74608 0.06433 0.03906 0.02760 0.02080 0.01617 0.01273 0.01001 0.00777 0.00655 0.04891 ( 1)  0.214 +-  0.503
 333 F   0.74854 0.06443 0.03904 0.02753 0.02070 0.01606 0.01262 0.00990 0.00767 0.00645 0.04704 ( 1)  0.209 +-  0.489
 334 S   0.74933 0.06446 0.03903 0.02751 0.02067 0.01602 0.01258 0.00987 0.00764 0.00642 0.04646 ( 1)  0.207 +-  0.484
 335 H   0.74491 0.06428 0.03907 0.02763 0.02084 0.01622 0.01278 0.01006 0.00781 0.00659 0.04980 ( 1)  0.216 +-  0.510
 336 R   0.74163 0.06413 0.03908 0.02772 0.02096 0.01635 0.01292 0.01020 0.00794 0.00672 0.05235 ( 1)  0.224 +-  0.531
 337 D   0.75152 0.06454 0.03901 0.02744 0.02058 0.01592 0.01248 0.00977 0.00754 0.00633 0.04488 ( 1)  0.203 +-  0.472
 338 E   0.75005 0.06449 0.03902 0.02748 0.02064 0.01599 0.01255 0.00983 0.00760 0.00639 0.04594 ( 1)  0.206 +-  0.480
 339 R   0.74617 0.06433 0.03906 0.02760 0.02080 0.01616 0.01272 0.01001 0.00776 0.00655 0.04884 ( 1)  0.214 +-  0.503
 340 I   0.74979 0.06448 0.03903 0.02749 0.02065 0.01600 0.01256 0.00985 0.00762 0.00640 0.04613 ( 1)  0.206 +-  0.482
 341 E   0.75005 0.06449 0.03902 0.02748 0.02064 0.01599 0.01255 0.00983 0.00760 0.00639 0.04594 ( 1)  0.206 +-  0.480
 342 A   0.74778 0.06440 0.03905 0.02755 0.02073 0.01609 0.01265 0.00994 0.00770 0.00648 0.04762 ( 1)  0.210 +-  0.493
 343 Y   0.74850 0.06443 0.03904 0.02753 0.02071 0.01606 0.01262 0.00991 0.00767 0.00646 0.04708 ( 1)  0.209 +-  0.489
 344 K   0.74927 0.06446 0.03903 0.02751 0.02067 0.01603 0.01258 0.00987 0.00764 0.00642 0.04652 ( 1)  0.207 +-  0.485
 345 T   0.74813 0.06441 0.03904 0.02755 0.02072 0.01608 0.01264 0.00992 0.00768 0.00647 0.04736 ( 1)  0.210 +-  0.491
 346 D   0.75152 0.06454 0.03901 0.02744 0.02058 0.01592 0.01248 0.00977 0.00754 0.00633 0.04488 ( 1)  0.203 +-  0.472
 347 S   0.74512 0.06429 0.03906 0.02763 0.02084 0.01621 0.01277 0.01005 0.00781 0.00659 0.04963 ( 1)  0.216 +-  0.509
 348 S   0.74680 0.06436 0.03905 0.02758 0.02077 0.01614 0.01270 0.00998 0.00774 0.00652 0.04835 ( 1)  0.212 +-  0.499
 349 N   0.75083 0.06452 0.03902 0.02746 0.02061 0.01595 0.01251 0.00980 0.00757 0.00636 0.04537 ( 1)  0.204 +-  0.476
 350 S   0.74512 0.06429 0.03906 0.02763 0.02084 0.01621 0.01277 0.01005 0.00781 0.00659 0.04963 ( 1)  0.216 +-  0.509
 351 V   0.74589 0.06432 0.03906 0.02761 0.02080 0.01617 0.01274 0.01002 0.00777 0.00656 0.04907 ( 1)  0.214 +-  0.505
 352 V   0.74807 0.06441 0.03904 0.02754 0.02072 0.01608 0.01264 0.00992 0.00769 0.00647 0.04741 ( 1)  0.210 +-  0.492
 353 A   0.74895 0.06445 0.03904 0.02752 0.02069 0.01604 0.01260 0.00989 0.00765 0.00644 0.04675 ( 1)  0.208 +-  0.486
 354 G   0.74926 0.06446 0.03903 0.02751 0.02067 0.01603 0.01258 0.00987 0.00764 0.00642 0.04652 ( 1)  0.207 +-  0.485
 355 R   0.74778 0.06440 0.03905 0.02756 0.02073 0.01609 0.01265 0.00994 0.00770 0.00648 0.04762 ( 1)  0.210 +-  0.493
 356 H   0.75015 0.06449 0.03902 0.02748 0.02064 0.01599 0.01254 0.00983 0.00760 0.00639 0.04586 ( 1)  0.206 +-  0.480
 357 S   0.74933 0.06446 0.03903 0.02751 0.02067 0.01602 0.01258 0.00987 0.00764 0.00642 0.04646 ( 1)  0.207 +-  0.484
 358 V   0.74807 0.06441 0.03904 0.02754 0.02072 0.01608 0.01264 0.00992 0.00769 0.00647 0.04741 ( 1)  0.210 +-  0.492
 359 Y   0.74850 0.06443 0.03904 0.02753 0.02071 0.01606 0.01262 0.00991 0.00767 0.00646 0.04708 ( 1)  0.209 +-  0.489
 360 K   0.74927 0.06446 0.03903 0.02751 0.02067 0.01603 0.01258 0.00987 0.00764 0.00642 0.04652 ( 1)  0.207 +-  0.485
 361 F   0.74854 0.06443 0.03904 0.02753 0.02070 0.01606 0.01262 0.00990 0.00767 0.00645 0.04704 ( 1)  0.209 +-  0.489
 362 S   0.74680 0.06436 0.03905 0.02758 0.02077 0.01614 0.01270 0.00998 0.00774 0.00652 0.04835 ( 1)  0.212 +-  0.499
 363 A   0.74895 0.06445 0.03904 0.02752 0.02069 0.01604 0.01260 0.00989 0.00765 0.00644 0.04675 ( 1)  0.208 +-  0.486
 364 Q   0.74814 0.06441 0.03904 0.02754 0.02072 0.01608 0.01264 0.00992 0.00768 0.00647 0.04735 ( 1)  0.210 +-  0.491
 365 S   0.74512 0.06429 0.03906 0.02763 0.02084 0.01621 0.01277 0.01005 0.00781 0.00659 0.04963 ( 1)  0.216 +-  0.509
 366 L   0.74536 0.06430 0.03906 0.02762 0.02083 0.01620 0.01276 0.01004 0.00780 0.00658 0.04945 ( 1)  0.215 +-  0.507
 367 D   0.75152 0.06454 0.03901 0.02744 0.02058 0.01592 0.01248 0.00977 0.00754 0.00633 0.04488 ( 1)  0.203 +-  0.472
 368 D   0.75152 0.06454 0.03901 0.02744 0.02058 0.01592 0.01248 0.00977 0.00754 0.00633 0.04488 ( 1)  0.203 +-  0.472
 369 L   0.74608 0.06433 0.03906 0.02760 0.02080 0.01617 0.01273 0.01001 0.00777 0.00655 0.04891 ( 1)  0.214 +-  0.503
 370 Q   0.74814 0.06441 0.03904 0.02754 0.02072 0.01608 0.01264 0.00992 0.00768 0.00647 0.04735 ( 1)  0.210 +-  0.491
 371 S   0.74680 0.06436 0.03905 0.02758 0.02077 0.01614 0.01270 0.00998 0.00774 0.00652 0.04835 ( 1)  0.212 +-  0.499
 372 W   0.74563 0.06431 0.03906 0.02762 0.02082 0.01619 0.01275 0.01003 0.00779 0.00657 0.04924 ( 1)  0.215 +-  0.506
 373 V   0.74365 0.06422 0.03907 0.02767 0.02089 0.01627 0.01283 0.01012 0.00786 0.00664 0.05077 ( 1)  0.219 +-  0.518
 374 R   0.74797 0.06441 0.03904 0.02755 0.02073 0.01609 0.01264 0.00993 0.00769 0.00648 0.04748 ( 1)  0.210 +-  0.492
 375 A   0.74895 0.06445 0.03904 0.02752 0.02069 0.01604 0.01260 0.00989 0.00765 0.00644 0.04675 ( 1)  0.208 +-  0.486
 376 L   0.74826 0.06442 0.03904 0.02754 0.02071 0.01607 0.01263 0.00992 0.00768 0.00646 0.04727 ( 1)  0.209 +-  0.491
 377 T   0.74706 0.06437 0.03905 0.02758 0.02076 0.01613 0.01269 0.00997 0.00773 0.00651 0.04816 ( 1)  0.212 +-  0.497
 378 D   0.75152 0.06454 0.03901 0.02744 0.02058 0.01592 0.01248 0.00977 0.00754 0.00633 0.04488 ( 1)  0.203 +-  0.472
 379 S   0.74933 0.06446 0.03903 0.02751 0.02067 0.01602 0.01258 0.00987 0.00764 0.00642 0.04646 ( 1)  0.207 +-  0.484
 380 I   0.74450 0.06426 0.03907 0.02765 0.02086 0.01623 0.01280 0.01008 0.00783 0.00661 0.05011 ( 1)  0.217 +-  0.513
 381 Q   0.74376 0.06423 0.03907 0.02766 0.02089 0.01627 0.01283 0.01011 0.00786 0.00664 0.05068 ( 1)  0.219 +-  0.517
 382 E   0.75005 0.06449 0.03902 0.02748 0.02064 0.01599 0.01255 0.00983 0.00760 0.00639 0.04594 ( 1)  0.206 +-  0.480
 383 Q   0.74814 0.06441 0.03904 0.02754 0.02072 0.01608 0.01264 0.00992 0.00768 0.00647 0.04735 ( 1)  0.210 +-  0.491
 384 R   0.74797 0.06441 0.03904 0.02755 0.02073 0.01609 0.01264 0.00993 0.00769 0.00648 0.04748 ( 1)  0.210 +-  0.492
 385 F   0.74854 0.06443 0.03904 0.02753 0.02070 0.01606 0.01262 0.00990 0.00767 0.00645 0.04704 ( 1)  0.209 +-  0.489
 386 F   0.74854 0.06443 0.03904 0.02753 0.02070 0.01606 0.01262 0.00990 0.00767 0.00645 0.04704 ( 1)  0.209 +-  0.489
 387 T   0.74322 0.06421 0.03907 0.02768 0.02090 0.01629 0.01285 0.01013 0.00788 0.00666 0.05111 ( 1)  0.220 +-  0.521
 388 V   0.74929 0.06446 0.03903 0.02751 0.02067 0.01602 0.01258 0.00987 0.00764 0.00642 0.04651 ( 1)  0.207 +-  0.485
 389 K   0.74927 0.06446 0.03903 0.02751 0.02067 0.01603 0.01258 0.00987 0.00764 0.00642 0.04652 ( 1)  0.207 +-  0.485
 390 R   0.74617 0.06433 0.03906 0.02760 0.02080 0.01616 0.01272 0.01001 0.00776 0.00655 0.04884 ( 1)  0.214 +-  0.503
 391 S   0.74428 0.06425 0.03907 0.02765 0.02087 0.01624 0.01281 0.01009 0.00784 0.00662 0.05028 ( 1)  0.218 +-  0.514
 392 L   0.74330 0.06418 0.03904 0.02765 0.02087 0.01626 0.01283 0.01011 0.00786 0.00664 0.05125 ( 1)  0.221 +-  0.526
 393 S   0.74933 0.06446 0.03903 0.02751 0.02067 0.01602 0.01258 0.00987 0.00764 0.00642 0.04646 ( 1)  0.207 +-  0.484
 394 Y   0.74850 0.06443 0.03904 0.02753 0.02071 0.01606 0.01262 0.00991 0.00767 0.00646 0.04708 ( 1)  0.209 +-  0.489
 395 Q   0.74814 0.06441 0.03904 0.02754 0.02072 0.01608 0.01264 0.00992 0.00768 0.00647 0.04735 ( 1)  0.210 +-  0.491
 396 P   0.74667 0.06435 0.03905 0.02759 0.02078 0.01614 0.01270 0.00999 0.00774 0.00653 0.04846 ( 1)  0.213 +-  0.500
 397 Q   0.74814 0.06441 0.03904 0.02754 0.02072 0.01608 0.01264 0.00992 0.00768 0.00647 0.04735 ( 1)  0.210 +-  0.491
 398 P   0.74767 0.06439 0.03905 0.02756 0.02074 0.01610 0.01266 0.00994 0.00770 0.00649 0.04770 ( 1)  0.211 +-  0.494
 399 V   0.74807 0.06441 0.03904 0.02754 0.02072 0.01608 0.01264 0.00992 0.00769 0.00647 0.04741 ( 1)  0.210 +-  0.492
 400 P   0.74667 0.06435 0.03905 0.02759 0.02078 0.01614 0.01270 0.00999 0.00774 0.00653 0.04846 ( 1)  0.213 +-  0.500
 401 Q   0.74814 0.06441 0.03904 0.02754 0.02072 0.01608 0.01264 0.00992 0.00768 0.00647 0.04735 ( 1)  0.210 +-  0.491

Positively selected sites

	Prob(w>1)  mean w


