Supplemental results for CODEML (seqf: algn  treef: tree)


dN/dS (w) for site classes (K=3)

p:   0.35188  0.00000  0.64812
w:   0.07206  1.00000  7.17443

Naive Empirical Bayes (NEB) probabilities for 3 classes & postmean_w & P(w>1)
(amino acids refer to 1st sequence: Mlig.39282)

   1 E   0.94598 0.00000 0.05402 ( 1)  0.456  0.054
   2 L   0.91878 0.00000 0.08122 ( 1)  0.649  0.081
   3 P   0.79803 0.00000 0.20197 ( 1)  1.507  0.202
   4 D   0.90386 0.00000 0.09614 ( 1)  0.755  0.096
   5 V   0.89106 0.00000 0.10894 ( 1)  0.846  0.109
   6 S   0.96003 0.00000 0.03997 ( 1)  0.356  0.040
   7 D   0.92200 0.00000 0.07800 ( 1)  0.626  0.078
   8 N   0.96194 0.00000 0.03806 ( 1)  0.342  0.038
   9 I   0.95879 0.00000 0.04121 ( 1)  0.365  0.041
  10 I   0.95879 0.00000 0.04121 ( 1)  0.365  0.041
  11 R   0.90804 0.00000 0.09196 ( 1)  0.725  0.092
  12 R   0.90804 0.00000 0.09196 ( 1)  0.725  0.092
  13 G   0.84009 0.00000 0.15991 ( 1)  1.208  0.160
  14 N   0.95415 0.00000 0.04585 ( 1)  0.398  0.046
  15 D   0.90386 0.00000 0.09614 ( 1)  0.755  0.096
  16 E   0.94598 0.00000 0.05402 ( 1)  0.456  0.054
  17 F   0.95975 0.00000 0.04025 ( 1)  0.358  0.040
  18 D   0.90386 0.00000 0.09614 ( 1)  0.755  0.096
  19 E   0.94598 0.00000 0.05402 ( 1)  0.456  0.054
  20 A   0.80795 0.00000 0.19205 ( 1)  1.436  0.192
  21 T   0.91446 0.00000 0.08554 ( 1)  0.680  0.086
  22 E   0.91545 0.00000 0.08455 ( 1)  0.673  0.085
  23 D   0.92200 0.00000 0.07800 ( 1)  0.626  0.078
  24 D   0.90386 0.00000 0.09614 ( 1)  0.755  0.096
  25 A   0.11440 0.00000 0.88560 ( 3)  6.362  0.886
  26 D   0.92200 0.00000 0.07800 ( 1)  0.626  0.078
  27 E   0.94598 0.00000 0.05402 ( 1)  0.456  0.054
  28 E   0.94598 0.00000 0.05402 ( 1)  0.456  0.054
  29 E   0.91545 0.00000 0.08455 ( 1)  0.673  0.085
  30 A   0.78697 0.00000 0.21303 ( 1)  1.585  0.213
  31 E   0.91545 0.00000 0.08455 ( 1)  0.673  0.085
  32 E   0.91545 0.00000 0.08455 ( 1)  0.673  0.085
  33 G   0.84009 0.00000 0.15991 ( 1)  1.208  0.160
  34 E   0.91545 0.00000 0.08455 ( 1)  0.673  0.085
  35 F   0.96732 0.00000 0.03268 ( 1)  0.304  0.033
  36 E   0.94598 0.00000 0.05402 ( 1)  0.456  0.054
  37 S   0.93198 0.00000 0.06802 ( 1)  0.555  0.068
  38 E   0.91545 0.00000 0.08455 ( 1)  0.673  0.085
  39 S   0.82709 0.00000 0.17291 ( 1)  1.300  0.173
  40 E   0.91545 0.00000 0.08455 ( 1)  0.673  0.085
  41 S   0.92223 0.00000 0.07777 ( 1)  0.624  0.078
  42 E   0.27443 0.00000 0.72557 ( 3)  5.225  0.726
  43 Q   0.94054 0.00000 0.05946 ( 1)  0.494  0.059
  44 G   0.87411 0.00000 0.12589 ( 1)  0.966  0.126
  45 D   0.90386 0.00000 0.09614 ( 1)  0.755  0.096
  46 S   0.93198 0.00000 0.06802 ( 1)  0.555  0.068
  47 G   0.87411 0.00000 0.12589 ( 1)  0.966  0.126
  48 E   0.91545 0.00000 0.08455 ( 1)  0.673  0.085
  49 A   0.80331 0.00000 0.19669 ( 1)  1.469  0.197
  50 S   0.93198 0.00000 0.06802 ( 1)  0.555  0.068
  51 T   0.91446 0.00000 0.08554 ( 1)  0.680  0.086
  52 A   0.75227 0.00000 0.24773 ( 1)  1.831  0.248
  53 A   0.78697 0.00000 0.21303 ( 1)  1.585  0.213
  54 A   0.80331 0.00000 0.19669 ( 1)  1.469  0.197
  55 A   0.80403 0.00000 0.19597 ( 1)  1.464  0.196
  56 G   0.87411 0.00000 0.12589 ( 1)  0.966  0.126
  57 A   0.80795 0.00000 0.19205 ( 1)  1.436  0.192
  58 P   0.79803 0.00000 0.20197 ( 1)  1.507  0.202
  59 I   0.95968 0.00000 0.04032 ( 1)  0.358  0.040
  60 E   0.91545 0.00000 0.08455 ( 1)  0.673  0.085
  61 L   0.91878 0.00000 0.08122 ( 1)  0.649  0.081
  62 N   0.95415 0.00000 0.04585 ( 1)  0.398  0.046
  63 T   0.91040 0.00000 0.08960 ( 1)  0.708  0.090
  64 S   0.95638 0.00000 0.04362 ( 1)  0.382  0.044
  65 E   0.94598 0.00000 0.05402 ( 1)  0.456  0.054
  66 E   0.91545 0.00000 0.08455 ( 1)  0.673  0.085
  67 F   0.96732 0.00000 0.03268 ( 1)  0.304  0.033
  68 A   0.80331 0.00000 0.19669 ( 1)  1.469  0.197
  69 I   0.95968 0.00000 0.04032 ( 1)  0.358  0.040
  70 Q   0.94054 0.00000 0.05946 ( 1)  0.494  0.059
  71 E   0.91545 0.00000 0.08455 ( 1)  0.673  0.085
  72 Q   0.94054 0.00000 0.05946 ( 1)  0.494  0.059
  73 D   0.90386 0.00000 0.09614 ( 1)  0.755  0.096
  74 R   0.90882 0.00000 0.09118 ( 1)  0.720  0.091
  75 L   0.82682 0.00000 0.17318 ( 1)  1.302  0.173
  76 E   0.91545 0.00000 0.08455 ( 1)  0.673  0.085
  77 D   0.90386 0.00000 0.09614 ( 1)  0.755  0.096
  78 L   0.91878 0.00000 0.08122 ( 1)  0.649  0.081
  79 A   0.80795 0.00000 0.19205 ( 1)  1.436  0.192
  80 Q   0.94054 0.00000 0.05946 ( 1)  0.494  0.059
  81 G   0.87579 0.00000 0.12421 ( 1)  0.954  0.124
  82 R   0.90882 0.00000 0.09118 ( 1)  0.720  0.091
  83 R   0.91723 0.00000 0.08277 ( 1)  0.660  0.083
  84 R   0.90804 0.00000 0.09196 ( 1)  0.725  0.092
  85 H   0.93339 0.00000 0.06661 ( 1)  0.545  0.067
  86 V   0.89106 0.00000 0.10894 ( 1)  0.846  0.109
  87 A   0.78697 0.00000 0.21303 ( 1)  1.585  0.213
  88 R   0.90882 0.00000 0.09118 ( 1)  0.720  0.091
  89 R   0.79135 0.00000 0.20865 ( 1)  1.554  0.209
  90 G   0.87411 0.00000 0.12589 ( 1)  0.966  0.126
  91 R   0.90882 0.00000 0.09118 ( 1)  0.720  0.091
  92 R   0.91723 0.00000 0.08277 ( 1)  0.660  0.083
  93 H   0.94235 0.00000 0.05765 ( 1)  0.482  0.058
  94 G   0.87411 0.00000 0.12589 ( 1)  0.966  0.126
  95 G   0.84009 0.00000 0.15991 ( 1)  1.208  0.160
  96 G   0.08157 0.00000 0.91843 ( 3)  6.595  0.918
  97 R   0.90804 0.00000 0.09196 ( 1)  0.725  0.092
  98 R   0.02841 0.00000 0.97159 ( 3)  6.973  0.972
  99 H   0.93339 0.00000 0.06661 ( 1)  0.545  0.067
 100 H   0.94235 0.00000 0.05765 ( 1)  0.482  0.058
 101 Q   0.94054 0.00000 0.05946 ( 1)  0.494  0.059
 102 Q   0.94054 0.00000 0.05946 ( 1)  0.494  0.059
 103 Q   0.94054 0.00000 0.05946 ( 1)  0.494  0.059
 104 Q   0.94054 0.00000 0.05946 ( 1)  0.494  0.059
 105 L   0.91685 0.00000 0.08315 ( 1)  0.663  0.083
 106 P   0.87161 0.00000 0.12839 ( 1)  0.984  0.128
 107 P   0.85449 0.00000 0.14551 ( 1)  1.106  0.146
 108 S   0.92592 0.00000 0.07408 ( 1)  0.598  0.074
 109 P   0.87161 0.00000 0.12839 ( 1)  0.984  0.128
 110 P   0.85767 0.00000 0.14233 ( 1)  1.083  0.142
 111 P   0.85449 0.00000 0.14551 ( 1)  1.106  0.146
 112 Q   0.94672 0.00000 0.05328 ( 1)  0.450  0.053
 113 I   0.95879 0.00000 0.04121 ( 1)  0.365  0.041
 114 V   0.89074 0.00000 0.10926 ( 1)  0.848  0.109
 115 D   0.90386 0.00000 0.09614 ( 1)  0.755  0.096
 116 A   0.80331 0.00000 0.19669 ( 1)  1.469  0.197
 117 F   0.96732 0.00000 0.03268 ( 1)  0.304  0.033
 118 D   0.90386 0.00000 0.09614 ( 1)  0.755  0.096
 119 E   0.94598 0.00000 0.05402 ( 1)  0.456  0.054
 120 S   0.93235 0.00000 0.06765 ( 1)  0.553  0.068
 121 D   0.90386 0.00000 0.09614 ( 1)  0.755  0.096
 122 D   0.92200 0.00000 0.07800 ( 1)  0.626  0.078
 123 A   0.80331 0.00000 0.19669 ( 1)  1.469  0.197
 124 D   0.90386 0.00000 0.09614 ( 1)  0.755  0.096
 125 V   0.89074 0.00000 0.10926 ( 1)  0.848  0.109
 126 G   0.87411 0.00000 0.12589 ( 1)  0.966  0.126
 127 S   0.95638 0.00000 0.04362 ( 1)  0.382  0.044
 128 G   0.86258 0.00000 0.13742 ( 1)  1.048  0.137
 129 G   0.87411 0.00000 0.12589 ( 1)  0.966  0.126
 130 G   0.87411 0.00000 0.12589 ( 1)  0.966  0.126
 131 G   0.86965 0.00000 0.13035 ( 1)  0.998  0.130
 132 G   0.87411 0.00000 0.12589 ( 1)  0.966  0.126
 133 S   0.25430 0.00000 0.74570 ( 3)  5.368  0.746
 134 A   0.00589 0.00000 0.99411 ( 3)  7.133  0.994
 135 G   0.12678 0.00000 0.87322 ( 3)  6.274  0.873
 136 N   0.01124 0.00000 0.98876 ( 3)  7.095  0.989
 137 L   0.00006 0.00000 0.99994 ( 3)  7.174  1.000
 138 V   0.16851 0.00000 0.83149 ( 3)  5.978  0.831
 139 A   0.14585 0.00000 0.85415 ( 3)  6.139  0.854
 140 A   0.77889 0.00000 0.22111 ( 1)  1.642  0.221
 141 A   0.80795 0.00000 0.19205 ( 1)  1.436  0.192
 142 A   0.80795 0.00000 0.19205 ( 1)  1.436  0.192
 143 V   0.14619 0.00000 0.85381 ( 3)  6.136  0.854
 144 T   0.00526 0.00000 0.99474 ( 3)  7.137  0.995
 145 D   0.00221 0.00000 0.99779 ( 3)  7.159  0.998
 146 A   0.06135 0.00000 0.93865 ( 3)  6.739  0.939
 147 M   0.00986 0.00000 0.99014 ( 3)  7.104  0.990
 148 R   0.00218 0.00000 0.99782 ( 3)  7.159  0.998
 149 R   0.81409 0.00000 0.18591 ( 1)  1.392  0.186
 150 L   0.13283 0.00000 0.86717 ( 3)  6.231  0.867
 151 R   0.00482 0.00000 0.99518 ( 3)  7.140  0.995
 152 M   0.04586 0.00000 0.95414 ( 3)  6.849  0.954
 153 R   0.04364 0.00000 0.95636 ( 3)  6.864  0.956
 154 T   0.01482 0.00000 0.98518 ( 3)  7.069  0.985
 155 A   0.12294 0.00000 0.87706 ( 3)  6.301  0.877
 156 T   0.06080 0.00000 0.93920 ( 3)  6.743  0.939
 157 G   0.00069 0.00000 0.99931 ( 3)  7.170  0.999
 158 S   0.08190 0.00000 0.91810 ( 3)  6.593  0.918
 159 G   0.07788 0.00000 0.92212 ( 3)  6.621  0.922
 160 T   0.00195 0.00000 0.99805 ( 3)  7.161  0.998
 161 G   0.00183 0.00000 0.99817 ( 3)  7.161  0.998
 162 S   0.08190 0.00000 0.91810 ( 3)  6.593  0.918
 163 G   0.25596 0.00000 0.74404 ( 3)  5.356  0.744
 164 D   0.19348 0.00000 0.80652 ( 3)  5.800  0.807
 165 G   0.05369 0.00000 0.94631 ( 3)  6.793  0.946
 166 S   0.08167 0.00000 0.91833 ( 3)  6.594  0.918
 167 R   0.05811 0.00000 0.94189 ( 3)  6.762  0.942
 168 F   0.00057 0.00000 0.99943 ( 3)  7.170  0.999
 169 T   0.00406 0.00000 0.99594 ( 3)  7.146  0.996
 170 A   0.20735 0.00000 0.79265 ( 3)  5.702  0.793
 171 Q   0.00137 0.00000 0.99863 ( 3)  7.165  0.999
 172 I   0.00022 0.00000 0.99978 ( 3)  7.173  1.000
 173 Q   0.00023 0.00000 0.99977 ( 3)  7.173  1.000
 174 T   0.00066 0.00000 0.99934 ( 3)  7.170  0.999
 175 R   0.00256 0.00000 0.99744 ( 3)  7.156  0.997
 176 H   0.06303 0.00000 0.93697 ( 3)  6.727  0.937
 177 D   0.19218 0.00000 0.80782 ( 3)  5.809  0.808
 178 R   0.00150 0.00000 0.99850 ( 3)  7.164  0.999
 179 D   0.00156 0.00000 0.99844 ( 3)  7.163  0.998
 180 P   0.00436 0.00000 0.99564 ( 3)  7.143  0.996
 181 L   0.11930 0.00000 0.88070 ( 3)  6.327  0.881
 182 A   0.00326 0.00000 0.99674 ( 3)  7.151  0.997
 183 G   0.06204 0.00000 0.93796 ( 3)  6.734  0.938
 184 A   0.06602 0.00000 0.93398 ( 3)  6.706  0.934
 185 G   0.08964 0.00000 0.91036 ( 3)  6.538  0.910
 186 F   0.00080 0.00000 0.99920 ( 3)  7.169  0.999
 187 G   0.00279 0.00000 0.99721 ( 3)  7.155  0.997
 188 G   0.87411 0.00000 0.12589 ( 1)  0.966  0.126
 189 E   0.08172 0.00000 0.91828 ( 3)  6.594  0.918
 190 S   0.00137 0.00000 0.99863 ( 3)  7.165  0.999
 191 L   0.00263 0.00000 0.99737 ( 3)  7.156  0.997
 192 M   0.03660 0.00000 0.96340 ( 3)  6.915  0.963
 193 Y   0.00004 0.00000 0.99996 ( 3)  7.174  1.000
 194 T   0.00061 0.00000 0.99939 ( 3)  7.170  0.999
 195 G   0.00097 0.00000 0.99903 ( 3)  7.168  0.999
 196 D   0.04971 0.00000 0.95029 ( 3)  6.821  0.950
 197 Y   0.12482 0.00000 0.87518 ( 3)  6.288  0.875
 198 S   0.01996 0.00000 0.98004 ( 3)  7.033  0.980
 199 P   0.12850 0.00000 0.87150 ( 3)  6.262  0.871
 200 D   0.00058 0.00000 0.99942 ( 3)  7.170  0.999
 201 V   0.02976 0.00000 0.97024 ( 3)  6.963  0.970
 202 A   0.14585 0.00000 0.85415 ( 3)  6.139  0.854
 203 G   0.06204 0.00000 0.93796 ( 3)  6.734  0.938
 204 S   0.00145 0.00000 0.99855 ( 3)  7.164  0.999
 205 I   0.00090 0.00000 0.99910 ( 3)  7.168  0.999
 206 C   0.00225 0.00000 0.99775 ( 3)  7.158  0.998
 207 V   0.00129 0.00000 0.99871 ( 3)  7.165  0.999
 208 S   0.00306 0.00000 0.99694 ( 3)  7.153  0.997
 209 S   0.93198 0.00000 0.06802 ( 1)  0.555  0.068
 210 Y   0.07305 0.00000 0.92695 ( 3)  6.656  0.927
 211 L   0.00026 0.00000 0.99974 ( 3)  7.173  1.000
 212 G   0.00136 0.00000 0.99864 ( 3)  7.165  0.999
 213 F   0.00092 0.00000 0.99908 ( 3)  7.168  0.999
 214 S   0.11439 0.00000 0.88561 ( 3)  6.362  0.886
 215 G   0.00172 0.00000 0.99828 ( 3)  7.162  0.998
 216 L   0.00299 0.00000 0.99701 ( 3)  7.153  0.997
 217 H   0.03440 0.00000 0.96560 ( 3)  6.930  0.966
 218 R   0.26202 0.00000 0.73798 ( 3)  5.313  0.738
 219 A   0.00343 0.00000 0.99657 ( 3)  7.150  0.997
 220 P   0.09309 0.00000 0.90691 ( 3)  6.513  0.907
 221 A   0.09412 0.00000 0.90588 ( 3)  6.506  0.906
 222 I   0.00915 0.00000 0.99085 ( 3)  7.109  0.991
 223 M   0.30058 0.00000 0.69942 ( 3)  5.040  0.699
 224 G   0.00139 0.00000 0.99861 ( 3)  7.165  0.999
 225 G   0.85895 0.00000 0.14105 ( 1)  1.074  0.141
 226 L   0.00133 0.00000 0.99867 ( 3)  7.165  0.999
 227 F   0.08607 0.00000 0.91393 ( 3)  6.563  0.914
 228 H   0.00481 0.00000 0.99519 ( 3)  7.140  0.995
 229 G   0.00690 0.00000 0.99310 ( 3)  7.125  0.993
 230 L   0.00133 0.00000 0.99867 ( 3)  7.165  0.999
 231 M   0.00187 0.00000 0.99813 ( 3)  7.161  0.998
 232 D   0.00069 0.00000 0.99931 ( 3)  7.170  0.999
 233 T   0.00215 0.00000 0.99785 ( 3)  7.159  0.998
 234 A   0.12646 0.00000 0.87354 ( 3)  6.276  0.874
 235 S   0.10524 0.00000 0.89476 ( 3)  6.427  0.895
 236 S   0.00150 0.00000 0.99850 ( 3)  7.164  0.998
 237 L   0.00094 0.00000 0.99906 ( 3)  7.168  0.999
 238 T   0.00134 0.00000 0.99866 ( 3)  7.165  0.999
 239 P   0.14001 0.00000 0.85999 ( 3)  6.180  0.860
 240 T   0.06909 0.00000 0.93091 ( 3)  6.684  0.931
 241 I   0.05527 0.00000 0.94473 ( 3)  6.782  0.945
 242 R   0.00079 0.00000 0.99921 ( 3)  7.169  0.999
 243 R   0.90804 0.00000 0.09196 ( 1)  0.725  0.092
 244 S   0.00132 0.00000 0.99868 ( 3)  7.165  0.999
 245 A   0.12489 0.00000 0.87511 ( 3)  6.287  0.875
 246 S   0.09130 0.00000 0.90870 ( 3)  6.526  0.909
 247 S   0.87599 0.00000 0.12401 ( 1)  0.953  0.124
 248 R   0.00062 0.00000 0.99938 ( 3)  7.170  0.999
 249 S   0.08943 0.00000 0.91057 ( 3)  6.539  0.911
 250 A   0.00195 0.00000 0.99805 ( 3)  7.161  0.998
 251 A   0.79332 0.00000 0.20668 ( 1)  1.540  0.207
 252 A   0.80331 0.00000 0.19669 ( 1)  1.469  0.197
 253 A   0.80331 0.00000 0.19669 ( 1)  1.469  0.197
 254 V   0.10315 0.00000 0.89685 ( 3)  6.442  0.897
 255 V   0.85850 0.00000 0.14150 ( 1)  1.077  0.141
 256 N   0.00039 0.00000 0.99961 ( 3)  7.172  1.000
 257 S   0.00089 0.00000 0.99911 ( 3)  7.168  0.999
 258 G   0.00167 0.00000 0.99833 ( 3)  7.163  0.998
 259 A   0.10357 0.00000 0.89643 ( 3)  6.439  0.896
 260 G   0.00098 0.00000 0.99902 ( 3)  7.168  0.999
 261 S   0.15482 0.00000 0.84518 ( 3)  6.075  0.845
 262 T   0.17015 0.00000 0.82985 ( 3)  5.966  0.830
 263 G   0.12678 0.00000 0.87322 ( 3)  6.274  0.873
 264 A   0.09038 0.00000 0.90962 ( 3)  6.533  0.910
 265 N   0.00195 0.00000 0.99805 ( 3)  7.161  0.998
 266 L   0.00006 0.00000 0.99994 ( 3)  7.174  1.000
 267 S   0.23802 0.00000 0.76198 ( 3)  5.484  0.762
 268 A   0.08687 0.00000 0.91313 ( 3)  6.557  0.913
 269 G   0.09633 0.00000 0.90367 ( 3)  6.490  0.904
 270 L   0.00030 0.00000 0.99970 ( 3)  7.172  1.000
 271 E   0.00005 0.00000 0.99995 ( 3)  7.174  1.000
 272 M   0.00688 0.00000 0.99312 ( 3)  7.126  0.993
 273 P   0.00515 0.00000 0.99485 ( 3)  7.138  0.995
 274 P   0.87161 0.00000 0.12839 ( 1)  0.984  0.128
 275 P   0.87161 0.00000 0.12839 ( 1)  0.984  0.128
 276 P   0.84640 0.00000 0.15360 ( 1)  1.163  0.154
 277 L   0.00046 0.00000 0.99954 ( 3)  7.171  1.000
 278 V   0.00170 0.00000 0.99830 ( 3)  7.162  0.998
 279 G   0.05899 0.00000 0.94101 ( 3)  6.755  0.941
 280 V   0.06274 0.00000 0.93726 ( 3)  6.729  0.937
 281 D   0.10391 0.00000 0.89609 ( 3)  6.436  0.896
 282 S   0.00398 0.00000 0.99602 ( 3)  7.146  0.996
 283 S   0.90570 0.00000 0.09430 ( 1)  0.742  0.094
 284 V   0.00553 0.00000 0.99447 ( 3)  7.135  0.994
 285 S   0.00289 0.00000 0.99711 ( 3)  7.154  0.997
 286 V   0.00566 0.00000 0.99434 ( 3)  7.134  0.994
 287 P   0.00268 0.00000 0.99732 ( 3)  7.155  0.997
 288 A   0.07603 0.00000 0.92397 ( 3)  6.634  0.924
 289 V   0.20319 0.00000 0.79681 ( 3)  5.731  0.797
 290 A   0.14609 0.00000 0.85391 ( 3)  6.137  0.854
 291 S   0.13215 0.00000 0.86785 ( 3)  6.236  0.868
 292 S   0.84327 0.00000 0.15673 ( 1)  1.185  0.157
 293 S   0.84232 0.00000 0.15768 ( 1)  1.192  0.158
 294 S   0.93235 0.00000 0.06765 ( 1)  0.553  0.068
 295 L   0.03088 0.00000 0.96912 ( 3)  6.955  0.969
 296 S   0.00628 0.00000 0.99372 ( 3)  7.130  0.994
 297 S   0.84232 0.00000 0.15768 ( 1)  1.192  0.158
 298 M   0.00446 0.00000 0.99554 ( 3)  7.143  0.996
 299 N   0.00469 0.00000 0.99531 ( 3)  7.141  0.995
 300 S   0.00092 0.00000 0.99908 ( 3)  7.168  0.999
 301 P   0.10356 0.00000 0.89644 ( 3)  6.439  0.896
 302 A   0.11651 0.00000 0.88349 ( 3)  6.347  0.883
 303 A   0.78636 0.00000 0.21364 ( 1)  1.589  0.214
 304 S   0.10524 0.00000 0.89476 ( 3)  6.427  0.895
 305 V   0.00293 0.00000 0.99707 ( 3)  7.154  0.997
 306 S   0.00555 0.00000 0.99445 ( 3)  7.135  0.994
 307 A   0.13453 0.00000 0.86547 ( 3)  6.219  0.865
 308 S   0.06713 0.00000 0.93287 ( 3)  6.698  0.933
 309 N   0.00048 0.00000 0.99952 ( 3)  7.171  1.000
 310 S   0.00049 0.00000 0.99951 ( 3)  7.171  1.000
 311 A   0.13453 0.00000 0.86547 ( 3)  6.219  0.865
 312 H   0.00141 0.00000 0.99859 ( 3)  7.164  0.999
 313 N   0.19826 0.00000 0.80174 ( 3)  5.766  0.802
 314 S   0.00274 0.00000 0.99726 ( 3)  7.155  0.997
 315 M   0.00090 0.00000 0.99910 ( 3)  7.168  0.999
 316 T   0.27818 0.00000 0.72182 ( 3)  5.199  0.722
 317 T   0.82745 0.00000 0.17255 ( 1)  1.298  0.173
 318 L   0.00482 0.00000 0.99518 ( 3)  7.140  0.995
 319 A   0.00561 0.00000 0.99439 ( 3)  7.135  0.994
 320 V   0.14556 0.00000 0.85444 ( 3)  6.141  0.854
 321 S   0.00555 0.00000 0.99445 ( 3)  7.135  0.994
 322 S   0.87599 0.00000 0.12401 ( 1)  0.953  0.124
 323 V   0.00059 0.00000 0.99941 ( 3)  7.170  0.999
 324 M   0.00986 0.00000 0.99014 ( 3)  7.104  0.990
 325 S   0.00072 0.00000 0.99928 ( 3)  7.169  0.999
 326 A   0.07118 0.00000 0.92882 ( 3)  6.669  0.929
 327 S   0.07067 0.00000 0.92933 ( 3)  6.673  0.929
 328 A   0.05299 0.00000 0.94701 ( 3)  6.798  0.947
 329 S   0.09130 0.00000 0.90870 ( 3)  6.526  0.909
 330 S   0.93235 0.00000 0.06765 ( 1)  0.553  0.068
 331 I   0.00039 0.00000 0.99961 ( 3)  7.172  1.000
 332 A   0.00166 0.00000 0.99834 ( 3)  7.163  0.998
 333 L   0.00542 0.00000 0.99458 ( 3)  7.136  0.995
 334 R   0.01933 0.00000 0.98067 ( 3)  7.037  0.981
 335 H   0.00460 0.00000 0.99540 ( 3)  7.142  0.995
 336 S   0.00568 0.00000 0.99432 ( 3)  7.134  0.994
 337 S   0.00260 0.00000 0.99740 ( 3)  7.156  0.997
 338 S   0.00260 0.00000 0.99740 ( 3)  7.156  0.997
 339 S   0.90273 0.00000 0.09727 ( 1)  0.763  0.097
 340 T   0.10767 0.00000 0.89233 ( 3)  6.410  0.892
 341 L   0.00133 0.00000 0.99867 ( 3)  7.165  0.999
 342 L   0.83321 0.00000 0.16679 ( 1)  1.257  0.167
 343 Q   0.17055 0.00000 0.82945 ( 3)  5.963  0.829
 344 R   0.26164 0.00000 0.73836 ( 3)  5.316  0.738
 345 Q   0.26420 0.00000 0.73580 ( 3)  5.298  0.736
 346 Q   0.88333 0.00000 0.11667 ( 1)  0.901  0.117
 347 P   0.07921 0.00000 0.92079 ( 3)  6.612  0.921
 348 P   0.87161 0.00000 0.12839 ( 1)  0.984  0.128
 349 Q   0.16748 0.00000 0.83252 ( 3)  5.985  0.833
 350 Q   0.94054 0.00000 0.05946 ( 1)  0.494  0.059
 351 Q   0.94054 0.00000 0.05946 ( 1)  0.494  0.059
 352 Q   0.94054 0.00000 0.05946 ( 1)  0.494  0.059
 353 P   0.16759 0.00000 0.83241 ( 3)  5.984  0.832
 354 Q   0.16748 0.00000 0.83252 ( 3)  5.985  0.833
 355 P   0.16759 0.00000 0.83241 ( 3)  5.984  0.832
 356 L   0.09601 0.00000 0.90399 ( 3)  6.493  0.904
 357 L   0.91685 0.00000 0.08315 ( 1)  0.663  0.083
 358 V   0.08715 0.00000 0.91285 ( 3)  6.555  0.913
 359 G   0.14007 0.00000 0.85993 ( 3)  6.180  0.860
 360 R   0.08742 0.00000 0.91258 ( 3)  6.554  0.913
 361 P   0.06058 0.00000 0.93942 ( 3)  6.744  0.939
 362 D   0.00151 0.00000 0.99849 ( 3)  7.164  0.998
 363 A   0.14824 0.00000 0.85176 ( 3)  6.122  0.852
 364 P   0.09309 0.00000 0.90691 ( 3)  6.513  0.907
 365 P   0.86447 0.00000 0.13553 ( 1)  1.035  0.136
 366 G   0.00220 0.00000 0.99780 ( 3)  7.159  0.998
 367 S   0.00094 0.00000 0.99906 ( 3)  7.168  0.999
 368 A   0.06251 0.00000 0.93749 ( 3)  6.730  0.937
 369 Q   0.00137 0.00000 0.99863 ( 3)  7.165  0.999
 370 A   0.00138 0.00000 0.99862 ( 3)  7.165  0.999
 371 C   0.00301 0.00000 0.99699 ( 3)  7.153  0.997
 372 N   0.00461 0.00000 0.99539 ( 3)  7.142  0.995
 373 A   0.00197 0.00000 0.99803 ( 3)  7.160  0.998
 374 S   0.08549 0.00000 0.91451 ( 3)  6.567  0.915
 375 V   0.00567 0.00000 0.99433 ( 3)  7.134  0.994
 376 T   0.00500 0.00000 0.99500 ( 3)  7.139  0.995
 377 R   0.00256 0.00000 0.99744 ( 3)  7.156  0.997
 378 T   0.00445 0.00000 0.99555 ( 3)  7.143  0.996
 379 L   0.00067 0.00000 0.99933 ( 3)  7.170  0.999
 380 R   0.08014 0.00000 0.91986 ( 3)  6.605  0.920
 381 R   0.90804 0.00000 0.09196 ( 1)  0.725  0.092
 382 E   0.00037 0.00000 0.99963 ( 3)  7.172  1.000
 383 V   0.09292 0.00000 0.90708 ( 3)  6.514  0.907
 384 A   0.14585 0.00000 0.85415 ( 3)  6.139  0.854
 385 C   0.00301 0.00000 0.99699 ( 3)  7.153  0.997
 386 D   0.00267 0.00000 0.99733 ( 3)  7.155  0.997
 387 Q   0.00634 0.00000 0.99366 ( 3)  7.129  0.994
 388 E   0.21065 0.00000 0.78935 ( 3)  5.678  0.789
 389 R   0.00150 0.00000 0.99850 ( 3)  7.164  0.998
 390 Q   0.02576 0.00000 0.97424 ( 3)  6.991  0.974
 391 D   0.00372 0.00000 0.99628 ( 3)  7.148  0.996
 392 F   0.00141 0.00000 0.99859 ( 3)  7.164  0.999
 393 C   0.19098 0.00000 0.80902 ( 3)  5.818  0.809
 394 E   0.00034 0.00000 0.99966 ( 3)  7.172  1.000
 395 N   0.00572 0.00000 0.99428 ( 3)  7.134  0.994
 396 F   0.00066 0.00000 0.99934 ( 3)  7.170  0.999
 397 T   0.00146 0.00000 0.99854 ( 3)  7.164  0.999
 398 L   0.00136 0.00000 0.99864 ( 3)  7.165  0.999
 399 L   0.82961 0.00000 0.17039 ( 1)  1.282  0.170
 400 L   0.83321 0.00000 0.16679 ( 1)  1.257  0.167
 401 N   0.00013 0.00000 0.99987 ( 3)  7.173  1.000
 402 A   0.00243 0.00000 0.99757 ( 3)  7.157  0.998
 403 N   0.00658 0.00000 0.99342 ( 3)  7.128  0.993
 404 L   0.00035 0.00000 0.99965 ( 3)  7.172  1.000
 405 P   0.20898 0.00000 0.79102 ( 3)  5.690  0.791
 406 S   0.12709 0.00000 0.87291 ( 3)  6.272  0.873
 407 R   0.00056 0.00000 0.99944 ( 3)  7.170  0.999
 408 R   0.71534 0.00000 0.28466 ( 1)  2.094  0.285
 409 E   0.00756 0.00000 0.99244 ( 3)  7.121  0.992
 410 Q   0.20640 0.00000 0.79360 ( 3)  5.709  0.794
 411 R   0.26164 0.00000 0.73836 ( 3)  5.316  0.738
 412 L   0.06190 0.00000 0.93810 ( 3)  6.735  0.938
 413 L   0.82544 0.00000 0.17456 ( 1)  1.312  0.175
 414 S   0.00628 0.00000 0.99372 ( 3)  7.130  0.994
 415 S   0.00260 0.00000 0.99740 ( 3)  7.156  0.997
 416 S   0.00052 0.00000 0.99948 ( 3)  7.171  0.999
 417 G   0.00173 0.00000 0.99827 ( 3)  7.162  0.998
 418 S   0.13058 0.00000 0.86942 ( 3)  6.247  0.869
 419 A   0.00242 0.00000 0.99758 ( 3)  7.157  0.998
 420 G   0.06204 0.00000 0.93796 ( 3)  6.734  0.938
 421 H   0.00143 0.00000 0.99857 ( 3)  7.164  0.999
 422 T   0.00342 0.00000 0.99658 ( 3)  7.150  0.997
 423 G   0.00328 0.00000 0.99672 ( 3)  7.151  0.997
 424 G   0.85895 0.00000 0.14105 ( 1)  1.074  0.141
 425 F   0.00273 0.00000 0.99727 ( 3)  7.155  0.997
 426 G   0.00279 0.00000 0.99721 ( 3)  7.155  0.997
 427 Q   0.00153 0.00000 0.99847 ( 3)  7.164  0.998
 428 Q   0.94054 0.00000 0.05946 ( 1)  0.494  0.059
 429 P   0.16759 0.00000 0.83241 ( 3)  5.984  0.832
 430 Q   0.16748 0.00000 0.83252 ( 3)  5.985  0.833
 431 R   0.06148 0.00000 0.93852 ( 3)  6.738  0.939
 432 N   0.00171 0.00000 0.99829 ( 3)  7.162  0.998
 433 L   0.00003 0.00000 0.99997 ( 3)  7.174  1.000
 434 T   0.00075 0.00000 0.99925 ( 3)  7.169  0.999
 435 N   0.08662 0.00000 0.91338 ( 3)  6.559  0.913
 436 S   0.30310 0.00000 0.69690 ( 3)  5.022  0.697
 437 L   0.00060 0.00000 0.99940 ( 3)  7.170  0.999
 438 F   0.08607 0.00000 0.91393 ( 3)  6.563  0.914
 439 A   0.00497 0.00000 0.99503 ( 3)  7.139  0.995
 440 E   0.06126 0.00000 0.93874 ( 3)  6.739  0.939
 441 I   0.00065 0.00000 0.99935 ( 3)  7.170  0.999
 442 K   0.00471 0.00000 0.99529 ( 3)  7.141  0.995
 443 S   0.00039 0.00000 0.99961 ( 3)  7.172  1.000
 444 Y   0.16747 0.00000 0.83253 ( 3)  5.985  0.833
 445 G   0.00270 0.00000 0.99730 ( 3)  7.155  0.997
 446 A   0.07319 0.00000 0.92681 ( 3)  6.655  0.927
 447 K   0.00143 0.00000 0.99857 ( 3)  7.164  0.999
 448 L   0.00068 0.00000 0.99932 ( 3)  7.170  0.999
 449 E   0.00075 0.00000 0.99925 ( 3)  7.169  0.999
 450 Y   0.00476 0.00000 0.99524 ( 3)  7.141  0.995
 451 S   0.00452 0.00000 0.99548 ( 3)  7.142  0.995
 452 R   0.26746 0.00000 0.73254 ( 3)  5.275  0.733
 453 Q   0.04124 0.00000 0.95876 ( 3)  6.882  0.959
 454 L   0.16845 0.00000 0.83155 ( 3)  5.978  0.832
 455 S   0.00530 0.00000 0.99470 ( 3)  7.137  0.995
 456 E   0.00078 0.00000 0.99922 ( 3)  7.169  0.999
 457 G   0.26546 0.00000 0.73454 ( 3)  5.289  0.735
 458 A   0.12999 0.00000 0.87001 ( 3)  6.251  0.870
 459 A   0.77915 0.00000 0.22085 ( 1)  1.641  0.221
 460 T   0.20618 0.00000 0.79382 ( 3)  5.710  0.794
 461 V   0.00530 0.00000 0.99470 ( 3)  7.137  0.995
 462 A   0.15791 0.00000 0.84209 ( 3)  6.053  0.842
 463 L   0.00202 0.00000 0.99798 ( 3)  7.160  0.998
 464 A   0.00176 0.00000 0.99824 ( 3)  7.162  0.998
 465 V   0.11712 0.00000 0.88288 ( 3)  6.343  0.883
 466 E   0.04582 0.00000 0.95418 ( 3)  6.849  0.954
 467 S   0.00103 0.00000 0.99897 ( 3)  7.167  0.999
 468 V   0.00293 0.00000 0.99707 ( 3)  7.154  0.997
 469 L   0.06947 0.00000 0.93053 ( 3)  6.681  0.931
 470 N   0.00093 0.00000 0.99907 ( 3)  7.168  0.999
 471 L   0.00096 0.00000 0.99904 ( 3)  7.168  0.999
 472 R   0.00451 0.00000 0.99549 ( 3)  7.142  0.995
 473 L   0.00585 0.00000 0.99415 ( 3)  7.133  0.994
 474 N   0.00016 0.00000 0.99984 ( 3)  7.173  1.000
 475 S   0.12789 0.00000 0.87211 ( 3)  6.266  0.872
 476 R   0.26746 0.00000 0.73254 ( 3)  5.275  0.733
 477 R   0.95236 0.00000 0.04764 ( 1)  0.410  0.048
 478 R   0.71534 0.00000 0.28466 ( 1)  2.094  0.285
 479 T   0.00251 0.00000 0.99749 ( 3)  7.157  0.997
 480 S   0.08017 0.00000 0.91983 ( 3)  6.605  0.920
 481 E   0.00078 0.00000 0.99922 ( 3)  7.169  0.999
 482 L   0.00377 0.00000 0.99623 ( 3)  7.148  0.996
 483 M   0.18504 0.00000 0.81496 ( 3)  5.860  0.815
 484 P   0.00515 0.00000 0.99485 ( 3)  7.138  0.995
 485 Q   0.16748 0.00000 0.83252 ( 3)  5.985  0.833

Positively selected sites

	Prob(w>1)  mean w

    25 A      0.886         6.362
    42 E      0.726         5.225
    96 G      0.918         6.595
    98 R      0.972*        6.973
   133 S      0.746         5.368
   134 A      0.994**       7.133
   135 G      0.873         6.274
   136 N      0.989*        7.095
   137 L      1.000**       7.174
   138 V      0.831         5.978
   139 A      0.854         6.139
   143 V      0.854         6.136
   144 T      0.995**       7.137
   145 D      0.998**       7.159
   146 A      0.939         6.739
   147 M      0.990**       7.104
   148 R      0.998**       7.159
   150 L      0.867         6.231
   151 R      0.995**       7.140
   152 M      0.954*        6.849
   153 R      0.956*        6.864
   154 T      0.985*        7.069
   155 A      0.877         6.301
   156 T      0.939         6.743
   157 G      0.999**       7.170
   158 S      0.918         6.593
   159 G      0.922         6.621
   160 T      0.998**       7.161
   161 G      0.998**       7.161
   162 S      0.918         6.593
   163 G      0.744         5.356
   164 D      0.807         5.800
   165 G      0.946         6.793
   166 S      0.918         6.594
   167 R      0.942         6.762
   168 F      0.999**       7.170
   169 T      0.996**       7.146
   170 A      0.793         5.702
   171 Q      0.999**       7.165
   172 I      1.000**       7.173
   173 Q      1.000**       7.173
   174 T      0.999**       7.170
   175 R      0.997**       7.156
   176 H      0.937         6.727
   177 D      0.808         5.809
   178 R      0.999**       7.164
   179 D      0.998**       7.163
   180 P      0.996**       7.143
   181 L      0.881         6.327
   182 A      0.997**       7.151
   183 G      0.938         6.734
   184 A      0.934         6.706
   185 G      0.910         6.538
   186 F      0.999**       7.169
   187 G      0.997**       7.155
   189 E      0.918         6.594
   190 S      0.999**       7.165
   191 L      0.997**       7.156
   192 M      0.963*        6.915
   193 Y      1.000**       7.174
   194 T      0.999**       7.170
   195 G      0.999**       7.168
   196 D      0.950*        6.821
   197 Y      0.875         6.288
   198 S      0.980*        7.033
   199 P      0.871         6.262
   200 D      0.999**       7.170
   201 V      0.970*        6.963
   202 A      0.854         6.139
   203 G      0.938         6.734
   204 S      0.999**       7.164
   205 I      0.999**       7.168
   206 C      0.998**       7.158
   207 V      0.999**       7.165
   208 S      0.997**       7.153
   210 Y      0.927         6.656
   211 L      1.000**       7.173
   212 G      0.999**       7.165
   213 F      0.999**       7.168
   214 S      0.886         6.362
   215 G      0.998**       7.162
   216 L      0.997**       7.153
   217 H      0.966*        6.930
   218 R      0.738         5.313
   219 A      0.997**       7.150
   220 P      0.907         6.513
   221 A      0.906         6.506
   222 I      0.991**       7.109
   223 M      0.699         5.040
   224 G      0.999**       7.165
   226 L      0.999**       7.165
   227 F      0.914         6.563
   228 H      0.995**       7.140
   229 G      0.993**       7.125
   230 L      0.999**       7.165
   231 M      0.998**       7.161
   232 D      0.999**       7.170
   233 T      0.998**       7.159
   234 A      0.874         6.276
   235 S      0.895         6.427
   236 S      0.998**       7.164
   237 L      0.999**       7.168
   238 T      0.999**       7.165
   239 P      0.860         6.180
   240 T      0.931         6.684
   241 I      0.945         6.782
   242 R      0.999**       7.169
   244 S      0.999**       7.165
   245 A      0.875         6.287
   246 S      0.909         6.526
   248 R      0.999**       7.170
   249 S      0.911         6.539
   250 A      0.998**       7.161
   254 V      0.897         6.442
   256 N      1.000**       7.172
   257 S      0.999**       7.168
   258 G      0.998**       7.163
   259 A      0.896         6.439
   260 G      0.999**       7.168
   261 S      0.845         6.075
   262 T      0.830         5.966
   263 G      0.873         6.274
   264 A      0.910         6.533
   265 N      0.998**       7.161
   266 L      1.000**       7.174
   267 S      0.762         5.484
   268 A      0.913         6.557
   269 G      0.904         6.490
   270 L      1.000**       7.172
   271 E      1.000**       7.174
   272 M      0.993**       7.126
   273 P      0.995**       7.138
   277 L      1.000**       7.171
   278 V      0.998**       7.162
   279 G      0.941         6.755
   280 V      0.937         6.729
   281 D      0.896         6.436
   282 S      0.996**       7.146
   284 V      0.994**       7.135
   285 S      0.997**       7.154
   286 V      0.994**       7.134
   287 P      0.997**       7.155
   288 A      0.924         6.634
   289 V      0.797         5.731
   290 A      0.854         6.137
   291 S      0.868         6.236
   295 L      0.969*        6.955
   296 S      0.994**       7.130
   298 M      0.996**       7.143
   299 N      0.995**       7.141
   300 S      0.999**       7.168
   301 P      0.896         6.439
   302 A      0.883         6.347
   304 S      0.895         6.427
   305 V      0.997**       7.154
   306 S      0.994**       7.135
   307 A      0.865         6.219
   308 S      0.933         6.698
   309 N      1.000**       7.171
   310 S      1.000**       7.171
   311 A      0.865         6.219
   312 H      0.999**       7.164
   313 N      0.802         5.766
   314 S      0.997**       7.155
   315 M      0.999**       7.168
   316 T      0.722         5.199
   318 L      0.995**       7.140
   319 A      0.994**       7.135
   320 V      0.854         6.141
   321 S      0.994**       7.135
   323 V      0.999**       7.170
   324 M      0.990**       7.104
   325 S      0.999**       7.169
   326 A      0.929         6.669
   327 S      0.929         6.673
   328 A      0.947         6.798
   329 S      0.909         6.526
   331 I      1.000**       7.172
   332 A      0.998**       7.163
   333 L      0.995**       7.136
   334 R      0.981*        7.037
   335 H      0.995**       7.142
   336 S      0.994**       7.134
   337 S      0.997**       7.156
   338 S      0.997**       7.156
   340 T      0.892         6.410
   341 L      0.999**       7.165
   343 Q      0.829         5.963
   344 R      0.738         5.316
   345 Q      0.736         5.298
   347 P      0.921         6.612
   349 Q      0.833         5.985
   353 P      0.832         5.984
   354 Q      0.833         5.985
   355 P      0.832         5.984
   356 L      0.904         6.493
   358 V      0.913         6.555
   359 G      0.860         6.180
   360 R      0.913         6.554
   361 P      0.939         6.744
   362 D      0.998**       7.164
   363 A      0.852         6.122
   364 P      0.907         6.513
   366 G      0.998**       7.159
   367 S      0.999**       7.168
   368 A      0.937         6.730
   369 Q      0.999**       7.165
   370 A      0.999**       7.165
   371 C      0.997**       7.153
   372 N      0.995**       7.142
   373 A      0.998**       7.160
   374 S      0.915         6.567
   375 V      0.994**       7.134
   376 T      0.995**       7.139
   377 R      0.997**       7.156
   378 T      0.996**       7.143
   379 L      0.999**       7.170
   380 R      0.920         6.605
   382 E      1.000**       7.172
   383 V      0.907         6.514
   384 A      0.854         6.139
   385 C      0.997**       7.153
   386 D      0.997**       7.155
   387 Q      0.994**       7.129
   388 E      0.789         5.678
   389 R      0.998**       7.164
   390 Q      0.974*        6.991
   391 D      0.996**       7.148
   392 F      0.999**       7.164
   393 C      0.809         5.818
   394 E      1.000**       7.172
   395 N      0.994**       7.134
   396 F      0.999**       7.170
   397 T      0.999**       7.164
   398 L      0.999**       7.165
   401 N      1.000**       7.173
   402 A      0.998**       7.157
   403 N      0.993**       7.128
   404 L      1.000**       7.172
   405 P      0.791         5.690
   406 S      0.873         6.272
   407 R      0.999**       7.170
   409 E      0.992**       7.121
   410 Q      0.794         5.709
   411 R      0.738         5.316
   412 L      0.938         6.735
   414 S      0.994**       7.130
   415 S      0.997**       7.156
   416 S      0.999**       7.171
   417 G      0.998**       7.162
   418 S      0.869         6.247
   419 A      0.998**       7.157
   420 G      0.938         6.734
   421 H      0.999**       7.164
   422 T      0.997**       7.150
   423 G      0.997**       7.151
   425 F      0.997**       7.155
   426 G      0.997**       7.155
   427 Q      0.998**       7.164
   429 P      0.832         5.984
   430 Q      0.833         5.985
   431 R      0.939         6.738
   432 N      0.998**       7.162
   433 L      1.000**       7.174
   434 T      0.999**       7.169
   435 N      0.913         6.559
   436 S      0.697         5.022
   437 L      0.999**       7.170
   438 F      0.914         6.563
   439 A      0.995**       7.139
   440 E      0.939         6.739
   441 I      0.999**       7.170
   442 K      0.995**       7.141
   443 S      1.000**       7.172
   444 Y      0.833         5.985
   445 G      0.997**       7.155
   446 A      0.927         6.655
   447 K      0.999**       7.164
   448 L      0.999**       7.170
   449 E      0.999**       7.169
   450 Y      0.995**       7.141
   451 S      0.995**       7.142
   452 R      0.733         5.275
   453 Q      0.959*        6.882
   454 L      0.832         5.978
   455 S      0.995**       7.137
   456 E      0.999**       7.169
   457 G      0.735         5.289
   458 A      0.870         6.251
   460 T      0.794         5.710
   461 V      0.995**       7.137
   462 A      0.842         6.053
   463 L      0.998**       7.160
   464 A      0.998**       7.162
   465 V      0.883         6.343
   466 E      0.954*        6.849
   467 S      0.999**       7.167
   468 V      0.997**       7.154
   469 L      0.931         6.681
   470 N      0.999**       7.168
   471 L      0.999**       7.168
   472 R      0.995**       7.142
   473 L      0.994**       7.133
   474 N      1.000**       7.173
   475 S      0.872         6.266
   476 R      0.733         5.275
   479 T      0.997**       7.157
   480 S      0.920         6.605
   481 E      0.999**       7.169
   482 L      0.996**       7.148
   483 M      0.815         5.860
   484 P      0.995**       7.138
   485 Q      0.833         5.985


lnL = -3729.362303

Bayes Empirical Bayes (BEB) probabilities for 3 classes (class) & postmean_w
(amino acids refer to 1st sequence: Mlig.39282)

   1 E   0.88502 0.06624 0.04874 ( 1)  0.494 +-  1.653
   2 L   0.87146 0.05423 0.07431 ( 1)  0.680 +-  2.023
   3 P   0.73711 0.08552 0.17737 ( 1)  1.484 +-  2.908
   4 D   0.87658 0.03354 0.08987 ( 1)  0.783 +-  2.219
   5 V   0.85902 0.03976 0.10122 ( 1)  0.875 +-  2.336
   6 S   0.89416 0.07001 0.03583 ( 1)  0.398 +-  1.422
   7 D   0.87644 0.05169 0.07187 ( 1)  0.660 +-  1.995
   8 N   0.89769 0.06797 0.03434 ( 1)  0.385 +-  1.398
   9 I   0.88852 0.07478 0.03670 ( 1)  0.408 +-  1.433
  10 I   0.88852 0.07478 0.03670 ( 1)  0.408 +-  1.433
  11 R   0.84138 0.07714 0.08148 ( 1)  0.749 +-  2.083
  12 R   0.84138 0.07714 0.08148 ( 1)  0.749 +-  2.083
  13 G   0.77343 0.08831 0.13826 ( 1)  1.182 +-  2.608
  14 N   0.91727 0.04001 0.04272 ( 1)  0.427 +-  1.571
  15 D   0.87658 0.03354 0.08987 ( 1)  0.783 +-  2.219
  16 E   0.88502 0.06624 0.04874 ( 1)  0.494 +-  1.653
  17 F   0.88510 0.07964 0.03526 ( 1)  0.398 +-  1.392
  18 D   0.87658 0.03354 0.08987 ( 1)  0.783 +-  2.219
  19 E   0.88502 0.06624 0.04874 ( 1)  0.494 +-  1.653
  20 A   0.77710 0.04560 0.17730 ( 1)  1.462 +-  2.954
  21 T   0.87948 0.04118 0.07934 ( 1)  0.708 +-  2.092
  22 E   0.88656 0.03448 0.07896 ( 1)  0.700 +-  2.092
  23 D   0.87644 0.05169 0.07187 ( 1)  0.660 +-  1.995
  24 D   0.87658 0.03354 0.08987 ( 1)  0.783 +-  2.219
  25 A   0.09131 0.09091 0.81778 ( 3)  6.451 +-  3.016
  26 D   0.87644 0.05169 0.07187 ( 1)  0.660 +-  1.995
  27 E   0.88502 0.06624 0.04874 ( 1)  0.494 +-  1.653
  28 E   0.88502 0.06624 0.04874 ( 1)  0.494 +-  1.653
  29 E   0.88656 0.03448 0.07896 ( 1)  0.700 +-  2.092
  30 A   0.74339 0.06196 0.19464 ( 1)  1.608 +-  3.054
  31 E   0.88656 0.03448 0.07896 ( 1)  0.700 +-  2.092
  32 E   0.88656 0.03448 0.07896 ( 1)  0.700 +-  2.092
  33 G   0.77343 0.08831 0.13826 ( 1)  1.182 +-  2.608
  34 E   0.88656 0.03448 0.07896 ( 1)  0.700 +-  2.092
  35 F   0.92000 0.04990 0.03010 ( 1)  0.339 +-  1.326
  36 E   0.88502 0.06624 0.04874 ( 1)  0.494 +-  1.653
  37 S   0.89263 0.04450 0.06287 ( 1)  0.585 +-  1.878
  38 E   0.88656 0.03448 0.07896 ( 1)  0.700 +-  2.092
  39 S   0.75820 0.09578 0.14603 ( 1)  1.239 +-  2.645
  40 E   0.88656 0.03448 0.07896 ( 1)  0.700 +-  2.092
  41 S   0.85549 0.07539 0.06913 ( 1)  0.654 +-  1.935
  42 E   0.21389 0.12224 0.66387 ( 3)  5.280 +-  3.618
  43 Q   0.90092 0.04388 0.05520 ( 1)  0.526 +-  1.769
  44 G   0.84083 0.04229 0.11688 ( 1)  0.997 +-  2.488
  45 D   0.87658 0.03354 0.08987 ( 1)  0.783 +-  2.219
  46 S   0.89263 0.04450 0.06287 ( 1)  0.585 +-  1.878
  47 G   0.84083 0.04229 0.11688 ( 1)  0.997 +-  2.488
  48 E   0.88656 0.03448 0.07896 ( 1)  0.700 +-  2.092
  49 A   0.77293 0.04479 0.18229 ( 1)  1.501 +-  2.991
  50 S   0.89263 0.04450 0.06287 ( 1)  0.585 +-  1.878
  51 T   0.87948 0.04118 0.07934 ( 1)  0.708 +-  2.092
  52 A   0.70121 0.07658 0.22221 ( 1)  1.827 +-  3.191
  53 A   0.74339 0.06196 0.19464 ( 1)  1.608 +-  3.054
  54 A   0.77293 0.04479 0.18229 ( 1)  1.501 +-  2.991
  55 A   0.77208 0.04585 0.18208 ( 1)  1.502 +-  2.992
  56 G   0.84083 0.04229 0.11688 ( 1)  0.997 +-  2.488
  57 A   0.77710 0.04560 0.17730 ( 1)  1.462 +-  2.954
  58 P   0.73711 0.08552 0.17737 ( 1)  1.484 +-  2.908
  59 I   0.91807 0.04456 0.03738 ( 1)  0.390 +-  1.473
  60 E   0.88656 0.03448 0.07896 ( 1)  0.700 +-  2.092
  61 L   0.87146 0.05423 0.07431 ( 1)  0.680 +-  2.023
  62 N   0.91727 0.04001 0.04272 ( 1)  0.427 +-  1.571
  63 T   0.84917 0.07037 0.08046 ( 1)  0.738 +-  2.084
  64 S   0.91793 0.04152 0.04055 ( 1)  0.412 +-  1.531
  65 E   0.88502 0.06624 0.04874 ( 1)  0.494 +-  1.653
  66 E   0.88656 0.03448 0.07896 ( 1)  0.700 +-  2.092
  67 F   0.92000 0.04990 0.03010 ( 1)  0.339 +-  1.326
  68 A   0.77293 0.04479 0.18229 ( 1)  1.501 +-  2.991
  69 I   0.91807 0.04456 0.03738 ( 1)  0.390 +-  1.473
  70 Q   0.90092 0.04388 0.05520 ( 1)  0.526 +-  1.769
  71 E   0.88656 0.03448 0.07896 ( 1)  0.700 +-  2.092
  72 Q   0.90092 0.04388 0.05520 ( 1)  0.526 +-  1.769
  73 D   0.87658 0.03354 0.08987 ( 1)  0.783 +-  2.219
  74 R   0.86212 0.05439 0.08349 ( 1)  0.750 +-  2.133
  75 L   0.78713 0.04730 0.16557 ( 1)  1.390 +-  2.910
  76 E   0.88656 0.03448 0.07896 ( 1)  0.700 +-  2.092
  77 D   0.87658 0.03354 0.08987 ( 1)  0.783 +-  2.219
  78 L   0.87146 0.05423 0.07431 ( 1)  0.680 +-  2.023
  79 A   0.77710 0.04560 0.17730 ( 1)  1.462 +-  2.954
  80 Q   0.90092 0.04388 0.05520 ( 1)  0.526 +-  1.769
  81 G   0.82038 0.06721 0.11241 ( 1)  0.981 +-  2.427
  82 R   0.86212 0.05439 0.08349 ( 1)  0.750 +-  2.133
  83 R   0.87554 0.04803 0.07642 ( 1)  0.692 +-  2.055
  84 R   0.84138 0.07714 0.08148 ( 1)  0.749 +-  2.083
  85 H   0.89864 0.03934 0.06203 ( 1)  0.574 +-  1.870
  86 V   0.85902 0.03976 0.10122 ( 1)  0.875 +-  2.336
  87 A   0.74339 0.06196 0.19464 ( 1)  1.608 +-  3.054
  88 R   0.86212 0.05439 0.08349 ( 1)  0.750 +-  2.133
  89 R   0.72775 0.09642 0.17583 ( 1)  1.464 +-  2.854
  90 G   0.84083 0.04229 0.11688 ( 1)  0.997 +-  2.488
  91 R   0.86212 0.05439 0.08349 ( 1)  0.750 +-  2.133
  92 R   0.87554 0.04803 0.07642 ( 1)  0.692 +-  2.055
  93 H   0.88471 0.06313 0.05216 ( 1)  0.517 +-  1.707
  94 G   0.84083 0.04229 0.11688 ( 1)  0.997 +-  2.488
  95 G   0.77343 0.08831 0.13826 ( 1)  1.182 +-  2.608
  96 G   0.06697 0.10622 0.82681 ( 3)  6.519 +-  2.922
  97 R   0.84138 0.07714 0.08148 ( 1)  0.749 +-  2.083
  98 R   0.02342 0.04693 0.92965 ( 3)  7.289 +-  2.180
  99 H   0.89864 0.03934 0.06203 ( 1)  0.574 +-  1.870
 100 H   0.88471 0.06313 0.05216 ( 1)  0.517 +-  1.707
 101 Q   0.90092 0.04388 0.05520 ( 1)  0.526 +-  1.769
 102 Q   0.90092 0.04388 0.05520 ( 1)  0.526 +-  1.769
 103 Q   0.90092 0.04388 0.05520 ( 1)  0.526 +-  1.769
 104 Q   0.90092 0.04388 0.05520 ( 1)  0.526 +-  1.769
 105 L   0.84898 0.07741 0.07361 ( 1)  0.689 +-  1.988
 106 P   0.83517 0.04667 0.11816 ( 1)  1.009 +-  2.492
 107 P   0.79907 0.06997 0.13096 ( 1)  1.124 +-  2.588
 108 S   0.88038 0.05158 0.06804 ( 1)  0.630 +-  1.944
 109 P   0.83517 0.04667 0.11816 ( 1)  1.009 +-  2.492
 110 P   0.81290 0.05568 0.13142 ( 1)  1.121 +-  2.612
 111 P   0.79907 0.06997 0.13096 ( 1)  1.124 +-  2.588
 112 Q   0.87180 0.08167 0.04653 ( 1)  0.485 +-  1.590
 113 I   0.88852 0.07478 0.03670 ( 1)  0.408 +-  1.433
 114 V   0.83487 0.06629 0.09885 ( 1)  0.876 +-  2.293
 115 D   0.87658 0.03354 0.08987 ( 1)  0.783 +-  2.219
 116 A   0.77293 0.04479 0.18229 ( 1)  1.501 +-  2.991
 117 F   0.92000 0.04990 0.03010 ( 1)  0.339 +-  1.326
 118 D   0.87658 0.03354 0.08987 ( 1)  0.783 +-  2.219
 119 E   0.88502 0.06624 0.04874 ( 1)  0.494 +-  1.653
 120 S   0.88836 0.04962 0.06202 ( 1)  0.582 +-  1.861
 121 D   0.87658 0.03354 0.08987 ( 1)  0.783 +-  2.219
 122 D   0.87644 0.05169 0.07187 ( 1)  0.660 +-  1.995
 123 A   0.77293 0.04479 0.18229 ( 1)  1.501 +-  2.991
 124 D   0.87658 0.03354 0.08987 ( 1)  0.783 +-  2.219
 125 V   0.83487 0.06629 0.09885 ( 1)  0.876 +-  2.293
 126 G   0.84083 0.04229 0.11688 ( 1)  0.997 +-  2.488
 127 S   0.91793 0.04152 0.04055 ( 1)  0.412 +-  1.531
 128 G   0.82380 0.04766 0.12854 ( 1)  1.095 +-  2.599
 129 G   0.84083 0.04229 0.11688 ( 1)  0.997 +-  2.488
 130 G   0.84083 0.04229 0.11688 ( 1)  0.997 +-  2.488
 131 G   0.83500 0.04360 0.12140 ( 1)  1.034 +-  2.532
 132 G   0.84083 0.04229 0.11688 ( 1)  0.997 +-  2.488
 133 S   0.19500 0.14730 0.65770 ( 3)  5.242 +-  3.593
 134 A   0.00580 0.06721 0.92699 ( 3)  7.273 +-  2.147
 135 G   0.10254 0.10627 0.79119 ( 3)  6.244 +-  3.135
 136 N   0.01049 0.09268 0.89683 ( 3)  7.057 +-  2.396
 137 L   0.00008 0.00894 0.99098 ( 3)  7.731 +-  1.400
 138 V   0.13230 0.13505 0.73265 ( 3)  5.808 +-  3.361
 139 A   0.11630 0.09155 0.79215 ( 3)  6.253 +-  3.163
 140 A   0.74798 0.04129 0.21073 ( 1)  1.730 +-  3.189
 141 A   0.77710 0.04560 0.17730 ( 1)  1.462 +-  2.954
 142 A   0.77710 0.04560 0.17730 ( 1)  1.462 +-  2.954
 143 V   0.11656 0.09160 0.79185 ( 3)  6.251 +-  3.164
 144 T   0.00500 0.04957 0.94542 ( 3)  7.408 +-  1.976
 145 D   0.00223 0.03698 0.96079 ( 3)  7.517 +-  1.805
 146 A   0.05069 0.07439 0.87492 ( 3)  6.878 +-  2.640
 147 M   0.00936 0.08899 0.90165 ( 3)  7.090 +-  2.358
 148 R   0.00198 0.01548 0.98254 ( 3)  7.670 +-  1.533
 149 R   0.77587 0.04695 0.17717 ( 1)  1.477 +-  2.985
 150 L   0.10458 0.13670 0.75872 ( 3)  6.011 +-  3.244
 151 R   0.00424 0.01378 0.98198 ( 3)  7.665 +-  1.550
 152 M   0.03863 0.06538 0.89599 ( 3)  7.033 +-  2.475
 153 R   0.03671 0.06257 0.90072 ( 3)  7.069 +-  2.438
 154 T   0.01300 0.04299 0.94402 ( 3)  7.391 +-  2.015
 155 A   0.09736 0.09811 0.80453 ( 3)  6.354 +-  3.082
 156 T   0.05176 0.09135 0.85689 ( 3)  6.738 +-  2.739
 157 G   0.00074 0.01693 0.98233 ( 3)  7.669 +-  1.530
 158 S   0.06715 0.08254 0.85030 ( 3)  6.691 +-  2.812
 159 G   0.06384 0.07905 0.85711 ( 3)  6.743 +-  2.770
 160 T   0.00195 0.02898 0.96907 ( 3)  7.576 +-  1.707
 161 G   0.00183 0.02742 0.97075 ( 3)  7.588 +-  1.686
 162 S   0.06715 0.08254 0.85030 ( 3)  6.691 +-  2.812
 163 G   0.19621 0.14803 0.65576 ( 3)  5.227 +-  3.597
 164 D   0.15067 0.11948 0.72986 ( 3)  5.788 +-  3.405
 165 G   0.04419 0.08956 0.86625 ( 3)  6.821 +-  2.675
 166 S   0.06680 0.07687 0.85633 ( 3)  6.737 +-  2.781
 167 R   0.04850 0.05597 0.89553 ( 3)  7.026 +-  2.504
 168 F   0.00059 0.01416 0.98525 ( 3)  7.691 +-  1.488
 169 T   0.00412 0.06084 0.93504 ( 3)  7.330 +-  2.071
 170 A   0.16311 0.12739 0.70950 ( 3)  5.626 +-  3.462
 171 Q   0.00141 0.02777 0.97083 ( 3)  7.588 +-  1.684
 172 I   0.00024 0.01119 0.98857 ( 3)  7.714 +-  1.437
 173 Q   0.00026 0.01171 0.98803 ( 3)  7.710 +-  1.446
 174 T   0.00069 0.01607 0.98324 ( 3)  7.676 +-  1.517
 175 R   0.00233 0.01699 0.98067 ( 3)  7.657 +-  1.560
 176 H   0.05139 0.08662 0.86199 ( 3)  6.788 +-  2.716
 177 D   0.15300 0.11504 0.73196 ( 3)  5.792 +-  3.397
 178 R   0.00155 0.03058 0.96787 ( 3)  7.567 +-  1.720
 179 D   0.00162 0.03183 0.96656 ( 3)  7.558 +-  1.736
 180 P   0.00436 0.05409 0.94155 ( 3)  7.377 +-  2.011
 181 L   0.09491 0.08870 0.81639 ( 3)  6.442 +-  3.030
 182 A   0.00317 0.03703 0.95979 ( 3)  7.510 +-  1.819
 183 G   0.05120 0.06754 0.88126 ( 3)  6.924 +-  2.603
 184 A   0.05453 0.07130 0.87416 ( 3)  6.871 +-  2.653
 185 G   0.07314 0.07528 0.85159 ( 3)  6.700 +-  2.820
 186 F   0.00083 0.01780 0.98137 ( 3)  7.663 +-  1.544
 187 G   0.00288 0.04637 0.95076 ( 3)  7.443 +-  1.914
 188 G   0.84083 0.04229 0.11688 ( 1)  0.997 +-  2.488
 189 E   0.06630 0.09107 0.84263 ( 3)  6.640 +-  2.850
 190 S   0.00147 0.03866 0.95987 ( 3)  7.511 +-  1.812
 191 L   0.00272 0.04567 0.95161 ( 3)  7.449 +-  1.905
 192 M   0.03082 0.05368 0.91551 ( 3)  7.180 +-  2.314
 193 Y   0.00006 0.00979 0.99015 ( 3)  7.725 +-  1.413
 194 T   0.00063 0.01586 0.98351 ( 3)  7.678 +-  1.513
 195 G   0.00099 0.01843 0.98058 ( 3)  7.658 +-  1.555
 196 D   0.04153 0.08128 0.87720 ( 3)  6.897 +-  2.603
 197 Y   0.09869 0.13452 0.76679 ( 3)  6.072 +-  3.209
 198 S   0.01716 0.02599 0.95685 ( 3)  7.480 +-  1.901
 199 P   0.10079 0.12089 0.77832 ( 3)  6.160 +-  3.180
 200 D   0.00060 0.01466 0.98474 ( 3)  7.687 +-  1.495
 201 V   0.02530 0.06994 0.90476 ( 3)  7.106 +-  2.379
 202 A   0.11630 0.09155 0.79215 ( 3)  6.253 +-  3.163
 203 G   0.05120 0.06754 0.88126 ( 3)  6.924 +-  2.603
 204 S   0.00148 0.02631 0.97221 ( 3)  7.598 +-  1.667
 205 I   0.00094 0.02291 0.97614 ( 3)  7.626 +-  1.614
 206 C   0.00235 0.04195 0.95570 ( 3)  7.478 +-  1.860
 207 V   0.00132 0.02491 0.97377 ( 3)  7.609 +-  1.646
 208 S   0.00304 0.04304 0.95392 ( 3)  7.467 +-  1.883
 209 S   0.89263 0.04450 0.06287 ( 1)  0.585 +-  1.878
 210 Y   0.05947 0.07556 0.86497 ( 3)  6.805 +-  2.719
 211 L   0.00028 0.01023 0.98949 ( 3)  7.720 +-  1.424
 212 G   0.00138 0.02324 0.97539 ( 3)  7.621 +-  1.626
 213 F   0.00094 0.01883 0.98023 ( 3)  7.655 +-  1.560
 214 S   0.09046 0.10423 0.80531 ( 3)  6.362 +-  3.065
 215 G   0.00172 0.02636 0.97192 ( 3)  7.596 +-  1.671
 216 L   0.00309 0.04859 0.94832 ( 3)  7.425 +-  1.940
 217 H   0.02892 0.06589 0.90520 ( 3)  7.108 +-  2.386
 218 R   0.19862 0.15724 0.64414 ( 3)  5.144 +-  3.614
 219 A   0.00349 0.05014 0.94637 ( 3)  7.411 +-  1.961
 220 P   0.07569 0.07334 0.85096 ( 3)  6.696 +-  2.829
 221 A   0.07654 0.07404 0.84942 ( 3)  6.684 +-  2.839
 222 I   0.00870 0.08461 0.90669 ( 3)  7.127 +-  2.319
 223 M   0.22164 0.16374 0.61462 ( 3)  4.940 +-  3.683
 224 G   0.00142 0.02635 0.97224 ( 3)  7.598 +-  1.666
 225 G   0.81683 0.05103 0.13214 ( 1)  1.127 +-  2.632
 226 L   0.00134 0.02270 0.97596 ( 3)  7.625 +-  1.618
 227 F   0.06991 0.07344 0.85664 ( 3)  6.741 +-  2.787
 228 H   0.00480 0.06436 0.93084 ( 3)  7.300 +-  2.111
 229 G   0.00670 0.06902 0.92427 ( 3)  7.253 +-  2.173
 230 L   0.00134 0.02270 0.97596 ( 3)  7.625 +-  1.618
 231 M   0.00178 0.02084 0.97738 ( 3)  7.636 +-  1.602
 232 D   0.00078 0.02797 0.97125 ( 3)  7.591 +-  1.676
 233 T   0.00218 0.03613 0.96169 ( 3)  7.523 +-  1.794
 234 A   0.10032 0.09416 0.80552 ( 3)  6.360 +-  3.084
 235 S   0.08449 0.10029 0.81522 ( 3)  6.432 +-  3.011
 236 S   0.00154 0.02851 0.96995 ( 3)  7.582 +-  1.695
 237 L   0.00096 0.01989 0.97915 ( 3)  7.647 +-  1.575
 238 T   0.00135 0.02345 0.97520 ( 3)  7.620 +-  1.628
 239 P   0.11211 0.11980 0.76808 ( 3)  6.072 +-  3.228
 240 T   0.05670 0.08129 0.86201 ( 3)  6.782 +-  2.727
 241 I   0.04549 0.07253 0.88198 ( 3)  6.933 +-  2.585
 242 R   0.00085 0.01962 0.97953 ( 3)  7.648 +-  1.569
 243 R   0.84138 0.07714 0.08148 ( 1)  0.749 +-  2.083
 244 S   0.00132 0.02201 0.97667 ( 3)  7.630 +-  1.609
 245 A   0.10047 0.11311 0.78642 ( 3)  6.211 +-  3.148
 246 S   0.07398 0.09723 0.82879 ( 3)  6.534 +-  2.930
 247 S   0.81741 0.06905 0.11354 ( 1)  0.994 +-  2.445
 248 R   0.00062 0.01297 0.98641 ( 3)  7.699 +-  1.471
 249 S   0.07208 0.08981 0.83811 ( 3)  6.606 +-  2.885
 250 A   0.00194 0.02909 0.96897 ( 3)  7.575 +-  1.708
 251 A   0.75244 0.05332 0.19423 ( 1)  1.609 +-  3.079
 252 A   0.77293 0.04479 0.18229 ( 1)  1.501 +-  2.991
 253 A   0.77293 0.04479 0.18229 ( 1)  1.501 +-  2.991
 254 V   0.08257 0.08886 0.82857 ( 3)  6.533 +-  2.951
 255 V   0.81215 0.05662 0.13123 ( 1)  1.122 +-  2.615
 256 N   0.00045 0.01964 0.97990 ( 3)  7.653 +-  1.562
 257 S   0.00096 0.02197 0.97706 ( 3)  7.631 +-  1.602
 258 G   0.00170 0.02944 0.96886 ( 3)  7.574 +-  1.709
 259 A   0.08318 0.09801 0.81881 ( 3)  6.459 +-  2.993
 260 G   0.00095 0.01594 0.98311 ( 3)  7.677 +-  1.520
 261 S   0.12116 0.11641 0.76243 ( 3)  6.037 +-  3.268
 262 T   0.13487 0.12156 0.74357 ( 3)  5.886 +-  3.339
 263 G   0.10254 0.10627 0.79119 ( 3)  6.244 +-  3.135
 264 A   0.07370 0.07568 0.85063 ( 3)  6.693 +-  2.826
 265 N   0.00198 0.03385 0.96417 ( 3)  7.541 +-  1.765
 266 L   0.00008 0.00894 0.99098 ( 3)  7.731 +-  1.400
 267 S   0.17600 0.18487 0.63912 ( 3)  5.120 +-  3.584
 268 A   0.07050 0.07570 0.85379 ( 3)  6.720 +-  2.804
 269 G   0.07765 0.09420 0.82816 ( 3)  6.529 +-  2.941
 270 L   0.00031 0.00785 0.99184 ( 3)  7.737 +-  1.387
 271 E   0.00007 0.00819 0.99174 ( 3)  7.737 +-  1.388
 272 M   0.00669 0.07435 0.91897 ( 3)  7.216 +-  2.217
 273 P   0.00515 0.06612 0.92873 ( 3)  7.285 +-  2.130
 274 P   0.83517 0.04667 0.11816 ( 1)  1.009 +-  2.492
 275 P   0.83517 0.04667 0.11816 ( 1)  1.009 +-  2.492
 276 P   0.79645 0.06141 0.14214 ( 1)  1.210 +-  2.703
 277 L   0.00047 0.01141 0.98812 ( 3)  7.711 +-  1.445
 278 V   0.00169 0.02657 0.97174 ( 3)  7.595 +-  1.674
 279 G   0.04870 0.06819 0.88311 ( 3)  6.939 +-  2.585
 280 V   0.05185 0.07195 0.87620 ( 3)  6.887 +-  2.635
 281 D   0.08352 0.09525 0.82123 ( 3)  6.477 +-  2.984
 282 S   0.00405 0.05911 0.93684 ( 3)  7.343 +-  2.054
 283 S   0.85723 0.05424 0.08853 ( 1)  0.794 +-  2.210
 284 V   0.00547 0.06848 0.92605 ( 3)  7.266 +-  2.154
 285 S   0.00282 0.03567 0.96151 ( 3)  7.523 +-  1.799
 286 V   0.00564 0.06966 0.92470 ( 3)  7.255 +-  2.166
 287 P   0.00267 0.03754 0.95979 ( 3)  7.510 +-  1.818
 288 A   0.06192 0.07621 0.86187 ( 3)  6.781 +-  2.741
 289 V   0.16030 0.12434 0.71536 ( 3)  5.669 +-  3.446
 290 A   0.11648 0.09154 0.79198 ( 3)  6.252 +-  3.164
 291 S   0.10619 0.11685 0.77696 ( 3)  6.139 +-  3.189
 292 S   0.80470 0.04486 0.15044 ( 1)  1.271 +-  2.802
 293 S   0.80372 0.04485 0.15144 ( 1)  1.279 +-  2.810
 294 S   0.88836 0.04962 0.06202 ( 1)  0.582 +-  1.861
 295 L   0.02674 0.08503 0.88823 ( 3)  6.981 +-  2.495
 296 S   0.00568 0.03878 0.95554 ( 3)  7.479 +-  1.875
 297 S   0.80372 0.04485 0.15144 ( 1)  1.279 +-  2.810
 298 M   0.00452 0.06577 0.92972 ( 3)  7.292 +-  2.119
 299 N   0.00454 0.04978 0.94569 ( 3)  7.409 +-  1.972
 300 S   0.00095 0.02032 0.97873 ( 3)  7.644 +-  1.580
 301 P   0.08198 0.09341 0.82461 ( 3)  6.509 +-  2.969
 302 A   0.09501 0.10015 0.80484 ( 3)  6.345 +-  3.069
 303 A   0.73846 0.06250 0.19904 ( 1)  1.652 +-  3.100
 304 S   0.08449 0.10029 0.81522 ( 3)  6.432 +-  3.011
 305 V   0.00286 0.03574 0.96140 ( 3)  7.522 +-  1.800
 306 S   0.00552 0.06846 0.92602 ( 3)  7.265 +-  2.155
 307 A   0.10805 0.11852 0.77343 ( 3)  6.112 +-  3.204
 308 S   0.05521 0.08037 0.86442 ( 3)  6.800 +-  2.710
 309 N   0.00050 0.01184 0.98766 ( 3)  7.708 +-  1.452
 310 S   0.00052 0.01447 0.98501 ( 3)  7.689 +-  1.491
 311 A   0.10805 0.11852 0.77343 ( 3)  6.112 +-  3.204
 312 H   0.00145 0.02793 0.97061 ( 3)  7.587 +-  1.686
 313 N   0.15402 0.13558 0.71040 ( 3)  5.641 +-  3.448
 314 S   0.00284 0.04718 0.94999 ( 3)  7.438 +-  1.922
 315 M   0.00094 0.02272 0.97634 ( 3)  7.628 +-  1.612
 316 T   0.21111 0.15987 0.62901 ( 3)  5.026 +-  3.642
 317 T   0.79467 0.03993 0.16540 ( 1)  1.381 +-  2.910
 318 L   0.00483 0.06378 0.93139 ( 3)  7.304 +-  2.106
 319 A   0.00555 0.06397 0.93049 ( 3)  7.297 +-  2.116
 320 V   0.11607 0.09141 0.79252 ( 3)  6.256 +-  3.161
 321 S   0.00552 0.06846 0.92602 ( 3)  7.265 +-  2.155
 322 S   0.81741 0.06905 0.11354 ( 1)  0.994 +-  2.445
 323 V   0.00057 0.01094 0.98849 ( 3)  7.715 +-  1.440
 324 M   0.00936 0.08899 0.90165 ( 3)  7.090 +-  2.358
 325 S   0.00075 0.01736 0.98189 ( 3)  7.667 +-  1.536
 326 A   0.05942 0.09455 0.84603 ( 3)  6.659 +-  2.814
 327 S   0.05899 0.09398 0.84703 ( 3)  6.667 +-  2.808
 328 A   0.04363 0.06907 0.88730 ( 3)  6.973 +-  2.547
 329 S   0.07398 0.09723 0.82879 ( 3)  6.534 +-  2.930
 330 S   0.88836 0.04962 0.06202 ( 1)  0.582 +-  1.861
 331 I   0.00042 0.01490 0.98468 ( 3)  7.687 +-  1.496
 332 A   0.00169 0.02952 0.96879 ( 3)  7.574 +-  1.710
 333 L   0.00539 0.06384 0.93077 ( 3)  7.299 +-  2.113
 334 R   0.01723 0.04676 0.93601 ( 3)  7.327 +-  2.102
 335 H   0.00413 0.02276 0.97311 ( 3)  7.602 +-  1.666
 336 S   0.00559 0.06799 0.92641 ( 3)  7.269 +-  2.152
 337 S   0.00269 0.04542 0.95189 ( 3)  7.451 +-  1.902
 338 S   0.00270 0.04556 0.95174 ( 3)  7.450 +-  1.903
 339 S   0.85417 0.05429 0.09154 ( 1)  0.818 +-  2.245
 340 T   0.08645 0.12291 0.79064 ( 3)  6.249 +-  3.106
 341 L   0.00143 0.02899 0.96958 ( 3)  7.577 +-  1.698
 342 L   0.78291 0.05923 0.15786 ( 1)  1.339 +-  2.846
 343 Q   0.13164 0.14724 0.72113 ( 3)  5.730 +-  3.388
 344 R   0.19497 0.17287 0.63216 ( 3)  5.062 +-  3.620
 345 Q   0.19675 0.17411 0.62913 ( 3)  5.039 +-  3.624
 346 Q   0.83115 0.06040 0.10844 ( 1)  0.951 +-  2.409
 347 P   0.06456 0.08568 0.84976 ( 3)  6.691 +-  2.810
 348 P   0.83517 0.04667 0.11816 ( 1)  1.009 +-  2.492
 349 Q   0.13166 0.13063 0.73770 ( 3)  5.846 +-  3.348
 350 Q   0.90092 0.04388 0.05520 ( 1)  0.526 +-  1.769
 351 Q   0.90092 0.04388 0.05520 ( 1)  0.526 +-  1.769
 352 Q   0.90092 0.04388 0.05520 ( 1)  0.526 +-  1.769
 353 P   0.13174 0.13070 0.73756 ( 3)  5.845 +-  3.349
 354 Q   0.13166 0.13063 0.73770 ( 3)  5.846 +-  3.348
 355 P   0.13174 0.13070 0.73756 ( 3)  5.845 +-  3.349
 356 L   0.07654 0.08720 0.83626 ( 3)  6.594 +-  2.905
 357 L   0.84898 0.07741 0.07361 ( 1)  0.689 +-  1.988
 358 V   0.07110 0.08118 0.84772 ( 3)  6.672 +-  2.834
 359 G   0.11188 0.11674 0.77138 ( 3)  6.098 +-  3.219
 360 R   0.07091 0.08270 0.84639 ( 3)  6.665 +-  2.841
 361 P   0.04989 0.06590 0.88421 ( 3)  6.947 +-  2.582
 362 D   0.00156 0.02952 0.96892 ( 3)  7.575 +-  1.707
 363 A   0.11927 0.10722 0.77351 ( 3)  6.108 +-  3.225
 364 P   0.07569 0.07334 0.85096 ( 3)  6.696 +-  2.829
 365 P   0.82719 0.04728 0.12553 ( 1)  1.068 +-  2.564
 366 G   0.00223 0.03515 0.96262 ( 3)  7.529 +-  1.784
 367 S   0.00094 0.01728 0.98178 ( 3)  7.667 +-  1.539
 368 A   0.05115 0.07162 0.87723 ( 3)  6.897 +-  2.628
 369 Q   0.00141 0.02777 0.97083 ( 3)  7.588 +-  1.684
 370 A   0.00143 0.02810 0.97047 ( 3)  7.586 +-  1.688
 371 C   0.00309 0.04703 0.94989 ( 3)  7.437 +-  1.924
 372 N   0.00462 0.06560 0.92979 ( 3)  7.293 +-  2.120
 373 A   0.00200 0.03407 0.96394 ( 3)  7.539 +-  1.768
 374 S   0.06952 0.07321 0.85727 ( 3)  6.745 +-  2.783
 375 V   0.00562 0.06723 0.92715 ( 3)  7.273 +-  2.145
 376 T   0.00483 0.05689 0.93827 ( 3)  7.356 +-  2.044
 377 R   0.00233 0.01699 0.98067 ( 3)  7.657 +-  1.560
 378 T   0.00399 0.02011 0.97590 ( 3)  7.622 +-  1.630
 379 L   0.00068 0.01449 0.98482 ( 3)  7.688 +-  1.495
 380 R   0.06625 0.11299 0.82075 ( 3)  6.472 +-  2.945
 381 R   0.84138 0.07714 0.08148 ( 1)  0.749 +-  2.083
 382 E   0.00041 0.01431 0.98528 ( 3)  7.690 +-  1.487
 383 V   0.07524 0.09238 0.83238 ( 3)  6.560 +-  2.917
 384 A   0.11630 0.09155 0.79215 ( 3)  6.253 +-  3.163
 385 C   0.00309 0.04703 0.94989 ( 3)  7.437 +-  1.924
 386 D   0.00266 0.03609 0.96125 ( 3)  7.520 +-  1.801
 387 Q   0.00605 0.06010 0.93384 ( 3)  7.324 +-  2.089
 388 E   0.16635 0.12186 0.71179 ( 3)  5.641 +-  3.463
 389 R   0.00155 0.03079 0.96765 ( 3)  7.566 +-  1.723
 390 Q   0.02200 0.07616 0.90184 ( 3)  7.086 +-  2.392
 391 D   0.00368 0.04919 0.94713 ( 3)  7.419 +-  1.954
 392 F   0.00143 0.02442 0.97414 ( 3)  7.612 +-  1.642
 393 C   0.14640 0.15105 0.70254 ( 3)  5.589 +-  3.451
 394 E   0.00039 0.01862 0.98098 ( 3)  7.660 +-  1.547
 395 N   0.00557 0.07026 0.92417 ( 3)  7.254 +-  2.171
 396 F   0.00069 0.01523 0.98408 ( 3)  7.682 +-  1.505
 397 T   0.00149 0.02856 0.96995 ( 3)  7.582 +-  1.695
 398 L   0.00137 0.02412 0.97451 ( 3)  7.615 +-  1.637
 399 L   0.77927 0.05915 0.16158 ( 1)  1.368 +-  2.875
 400 L   0.78291 0.05923 0.15786 ( 1)  1.339 +-  2.846
 401 N   0.00016 0.01061 0.98923 ( 3)  7.718 +-  1.427
 402 A   0.00246 0.03696 0.96058 ( 3)  7.514 +-  1.808
 403 N   0.00641 0.06859 0.92499 ( 3)  7.258 +-  2.166
 404 L   0.00039 0.01604 0.98358 ( 3)  7.679 +-  1.511
 405 P   0.16088 0.15097 0.68816 ( 3)  5.475 +-  3.497
 406 S   0.10074 0.09157 0.80769 ( 3)  6.377 +-  3.077
 407 R   0.00059 0.01583 0.98358 ( 3)  7.679 +-  1.512
 408 R   0.68416 0.05313 0.26271 ( 1)  2.125 +-  3.407
 409 E   0.00732 0.07308 0.91960 ( 3)  7.219 +-  2.214
 410 Q   0.16308 0.11990 0.71703 ( 3)  5.681 +-  3.448
 411 R   0.19497 0.17287 0.63216 ( 3)  5.062 +-  3.620
 412 L   0.05091 0.06626 0.88283 ( 3)  6.937 +-  2.593
 413 L   0.78572 0.04728 0.16701 ( 1)  1.401 +-  2.921
 414 S   0.00568 0.03878 0.95554 ( 3)  7.479 +-  1.875
 415 S   0.00270 0.04556 0.95174 ( 3)  7.450 +-  1.903
 416 S   0.00055 0.01617 0.98328 ( 3)  7.677 +-  1.516
 417 G   0.00173 0.02666 0.97161 ( 3)  7.594 +-  1.675
 418 S   0.10299 0.10572 0.79129 ( 3)  6.255 +-  3.141
 419 A   0.00242 0.03577 0.96181 ( 3)  7.524 +-  1.794
 420 G   0.05120 0.06754 0.88126 ( 3)  6.924 +-  2.603
 421 H   0.00146 0.02509 0.97345 ( 3)  7.607 +-  1.651
 422 T   0.00349 0.05068 0.94583 ( 3)  7.408 +-  1.966
 423 G   0.00324 0.04433 0.95243 ( 3)  7.457 +-  1.899
 424 G   0.81683 0.05103 0.13214 ( 1)  1.127 +-  2.632
 425 F   0.00281 0.04545 0.95173 ( 3)  7.450 +-  1.904
 426 G   0.00288 0.04637 0.95076 ( 3)  7.443 +-  1.914
 427 Q   0.00159 0.03158 0.96683 ( 3)  7.560 +-  1.733
 428 Q   0.90092 0.04388 0.05520 ( 1)  0.526 +-  1.769
 429 P   0.13174 0.13070 0.73756 ( 3)  5.845 +-  3.349
 430 Q   0.13166 0.13063 0.73770 ( 3)  5.846 +-  3.348
 431 R   0.05012 0.08712 0.86276 ( 3)  6.794 +-  2.709
 432 N   0.00173 0.02806 0.97022 ( 3)  7.584 +-  1.692
 433 L   0.00004 0.00581 0.99416 ( 3)  7.753 +-  1.349
 434 T   0.00077 0.01736 0.98187 ( 3)  7.667 +-  1.537
 435 N   0.07069 0.08011 0.84920 ( 3)  6.683 +-  2.826
 436 S   0.22697 0.16746 0.60558 ( 3)  4.855 +-  3.681
 437 L   0.00063 0.01564 0.98373 ( 3)  7.680 +-  1.510
 438 F   0.06991 0.07344 0.85664 ( 3)  6.741 +-  2.787
 439 A   0.00496 0.06217 0.93287 ( 3)  7.315 +-  2.093
 440 E   0.05065 0.07586 0.87349 ( 3)  6.868 +-  2.648
 441 I   0.00074 0.02720 0.97206 ( 3)  7.597 +-  1.666
 442 K   0.00454 0.04959 0.94587 ( 3)  7.411 +-  1.970
 443 S   0.00042 0.01451 0.98507 ( 3)  7.689 +-  1.490
 444 Y   0.13156 0.13139 0.73706 ( 3)  5.842 +-  3.350
 445 G   0.00268 0.03795 0.95937 ( 3)  7.507 +-  1.822
 446 A   0.06009 0.07302 0.86689 ( 3)  6.816 +-  2.708
 447 K   0.00136 0.01772 0.98092 ( 3)  7.661 +-  1.553
 448 L   0.00073 0.02053 0.97874 ( 3)  7.644 +-  1.579
 449 E   0.00081 0.02292 0.97628 ( 3)  7.627 +-  1.612
 450 Y   0.00459 0.04800 0.94741 ( 3)  7.421 +-  1.955
 451 S   0.00455 0.06555 0.92990 ( 3)  7.294 +-  2.118
 452 R   0.19928 0.15573 0.64499 ( 3)  5.165 +-  3.625
 453 Q   0.03532 0.07076 0.89392 ( 3)  7.017 +-  2.480
 454 L   0.13010 0.14584 0.72406 ( 3)  5.752 +-  3.380
 455 S   0.00475 0.03091 0.96434 ( 3)  7.542 +-  1.774
 456 E   0.00081 0.01778 0.98141 ( 3)  7.663 +-  1.543
 457 G   0.20493 0.14197 0.65310 ( 3)  5.201 +-  3.612
 458 A   0.10499 0.11063 0.78437 ( 3)  6.193 +-  3.163
 459 A   0.74825 0.04130 0.21045 ( 1)  1.728 +-  3.188
 460 T   0.16223 0.12684 0.71094 ( 3)  5.637 +-  3.458
 461 V   0.00511 0.05907 0.93582 ( 3)  7.339 +-  2.068
 462 A   0.12358 0.12000 0.75642 ( 3)  5.991 +-  3.289
 463 L   0.00200 0.02831 0.96969 ( 3)  7.580 +-  1.700
 464 A   0.00175 0.02642 0.97183 ( 3)  7.596 +-  1.673
 465 V   0.09394 0.12097 0.78509 ( 3)  6.205 +-  3.140
 466 E   0.03825 0.07202 0.88973 ( 3)  6.991 +-  2.517
 467 S   0.00108 0.02391 0.97502 ( 3)  7.618 +-  1.630
 468 V   0.00286 0.03574 0.96140 ( 3)  7.522 +-  1.800
 469 L   0.05762 0.05543 0.88696 ( 3)  6.961 +-  2.583
 470 N   0.00095 0.01897 0.98007 ( 3)  7.654 +-  1.562
 471 L   0.00098 0.01944 0.97958 ( 3)  7.650 +-  1.569
 472 R   0.00400 0.01546 0.98054 ( 3)  7.655 +-  1.569
 473 L   0.00513 0.01644 0.97843 ( 3)  7.640 +-  1.602
 474 N   0.00017 0.00653 0.99330 ( 3)  7.747 +-  1.364
 475 S   0.10151 0.10262 0.79587 ( 3)  6.287 +-  3.121
 476 R   0.19928 0.15573 0.64499 ( 3)  5.165 +-  3.625
 477 R   0.90745 0.04852 0.04404 ( 1)  0.444 +-  1.590
 478 R   0.68416 0.05313 0.26271 ( 1)  2.125 +-  3.407
 479 T   0.00228 0.01665 0.98108 ( 3)  7.660 +-  1.554
 480 S   0.06614 0.11070 0.82316 ( 3)  6.490 +-  2.935
 481 E   0.00081 0.01778 0.98141 ( 3)  7.663 +-  1.543
 482 L   0.00381 0.05227 0.94392 ( 3)  7.394 +-  1.986
 483 M   0.14436 0.13791 0.71772 ( 3)  5.696 +-  3.415
 484 P   0.00515 0.06612 0.92873 ( 3)  7.285 +-  2.130
 485 Q   0.13166 0.13063 0.73770 ( 3)  5.846 +-  3.348

Positively selected sites

	Prob(w>1)  mean w

    25 A      0.818         6.451 +- 3.016
    42 E      0.664         5.280 +- 3.618
    96 G      0.827         6.519 +- 2.922
    98 R      0.930         7.289 +- 2.180
   133 S      0.658         5.242 +- 3.593
   134 A      0.927         7.273 +- 2.147
   135 G      0.791         6.244 +- 3.135
   136 N      0.897         7.057 +- 2.396
   137 L      0.991**       7.731 +- 1.400
   138 V      0.733         5.808 +- 3.361
   139 A      0.792         6.253 +- 3.163
   143 V      0.792         6.251 +- 3.164
   144 T      0.945         7.408 +- 1.976
   145 D      0.961*        7.517 +- 1.805
   146 A      0.875         6.878 +- 2.640
   147 M      0.902         7.090 +- 2.358
   148 R      0.983*        7.670 +- 1.533
   150 L      0.759         6.011 +- 3.244
   151 R      0.982*        7.665 +- 1.550
   152 M      0.896         7.033 +- 2.475
   153 R      0.901         7.069 +- 2.438
   154 T      0.944         7.391 +- 2.015
   155 A      0.805         6.354 +- 3.082
   156 T      0.857         6.738 +- 2.739
   157 G      0.982*        7.669 +- 1.530
   158 S      0.850         6.691 +- 2.812
   159 G      0.857         6.743 +- 2.770
   160 T      0.969*        7.576 +- 1.707
   161 G      0.971*        7.588 +- 1.686
   162 S      0.850         6.691 +- 2.812
   163 G      0.656         5.227 +- 3.597
   164 D      0.730         5.788 +- 3.405
   165 G      0.866         6.821 +- 2.675
   166 S      0.856         6.737 +- 2.781
   167 R      0.896         7.026 +- 2.504
   168 F      0.985*        7.691 +- 1.488
   169 T      0.935         7.330 +- 2.071
   170 A      0.709         5.626 +- 3.462
   171 Q      0.971*        7.588 +- 1.684
   172 I      0.989*        7.714 +- 1.437
   173 Q      0.988*        7.710 +- 1.446
   174 T      0.983*        7.676 +- 1.517
   175 R      0.981*        7.657 +- 1.560
   176 H      0.862         6.788 +- 2.716
   177 D      0.732         5.792 +- 3.397
   178 R      0.968*        7.567 +- 1.720
   179 D      0.967*        7.558 +- 1.736
   180 P      0.942         7.377 +- 2.011
   181 L      0.816         6.442 +- 3.030
   182 A      0.960*        7.510 +- 1.819
   183 G      0.881         6.924 +- 2.603
   184 A      0.874         6.871 +- 2.653
   185 G      0.852         6.700 +- 2.820
   186 F      0.981*        7.663 +- 1.544
   187 G      0.951*        7.443 +- 1.914
   189 E      0.843         6.640 +- 2.850
   190 S      0.960*        7.511 +- 1.812
   191 L      0.952*        7.449 +- 1.905
   192 M      0.916         7.180 +- 2.314
   193 Y      0.990**       7.725 +- 1.413
   194 T      0.984*        7.678 +- 1.513
   195 G      0.981*        7.658 +- 1.555
   196 D      0.877         6.897 +- 2.603
   197 Y      0.767         6.072 +- 3.209
   198 S      0.957*        7.480 +- 1.901
   199 P      0.778         6.160 +- 3.180
   200 D      0.985*        7.687 +- 1.495
   201 V      0.905         7.106 +- 2.379
   202 A      0.792         6.253 +- 3.163
   203 G      0.881         6.924 +- 2.603
   204 S      0.972*        7.598 +- 1.667
   205 I      0.976*        7.626 +- 1.614
   206 C      0.956*        7.478 +- 1.860
   207 V      0.974*        7.609 +- 1.646
   208 S      0.954*        7.467 +- 1.883
   210 Y      0.865         6.805 +- 2.719
   211 L      0.989*        7.720 +- 1.424
   212 G      0.975*        7.621 +- 1.626
   213 F      0.980*        7.655 +- 1.560
   214 S      0.805         6.362 +- 3.065
   215 G      0.972*        7.596 +- 1.671
   216 L      0.948         7.425 +- 1.940
   217 H      0.905         7.108 +- 2.386
   218 R      0.644         5.144 +- 3.614
   219 A      0.946         7.411 +- 1.961
   220 P      0.851         6.696 +- 2.829
   221 A      0.849         6.684 +- 2.839
   222 I      0.907         7.127 +- 2.319
   223 M      0.615         4.940 +- 3.683
   224 G      0.972*        7.598 +- 1.666
   226 L      0.976*        7.625 +- 1.618
   227 F      0.857         6.741 +- 2.787
   228 H      0.931         7.300 +- 2.111
   229 G      0.924         7.253 +- 2.173
   230 L      0.976*        7.625 +- 1.618
   231 M      0.977*        7.636 +- 1.602
   232 D      0.971*        7.591 +- 1.676
   233 T      0.962*        7.523 +- 1.794
   234 A      0.806         6.360 +- 3.084
   235 S      0.815         6.432 +- 3.011
   236 S      0.970*        7.582 +- 1.695
   237 L      0.979*        7.647 +- 1.575
   238 T      0.975*        7.620 +- 1.628
   239 P      0.768         6.072 +- 3.228
   240 T      0.862         6.782 +- 2.727
   241 I      0.882         6.933 +- 2.585
   242 R      0.980*        7.648 +- 1.569
   244 S      0.977*        7.630 +- 1.609
   245 A      0.786         6.211 +- 3.148
   246 S      0.829         6.534 +- 2.930
   248 R      0.986*        7.699 +- 1.471
   249 S      0.838         6.606 +- 2.885
   250 A      0.969*        7.575 +- 1.708
   254 V      0.829         6.533 +- 2.951
   256 N      0.980*        7.653 +- 1.562
   257 S      0.977*        7.631 +- 1.602
   258 G      0.969*        7.574 +- 1.709
   259 A      0.819         6.459 +- 2.993
   260 G      0.983*        7.677 +- 1.520
   261 S      0.762         6.037 +- 3.268
   262 T      0.744         5.886 +- 3.339
   263 G      0.791         6.244 +- 3.135
   264 A      0.851         6.693 +- 2.826
   265 N      0.964*        7.541 +- 1.765
   266 L      0.991**       7.731 +- 1.400
   267 S      0.639         5.120 +- 3.584
   268 A      0.854         6.720 +- 2.804
   269 G      0.828         6.529 +- 2.941
   270 L      0.992**       7.737 +- 1.387
   271 E      0.992**       7.737 +- 1.388
   272 M      0.919         7.216 +- 2.217
   273 P      0.929         7.285 +- 2.130
   277 L      0.988*        7.711 +- 1.445
   278 V      0.972*        7.595 +- 1.674
   279 G      0.883         6.939 +- 2.585
   280 V      0.876         6.887 +- 2.635
   281 D      0.821         6.477 +- 2.984
   282 S      0.937         7.343 +- 2.054
   284 V      0.926         7.266 +- 2.154
   285 S      0.962*        7.523 +- 1.799
   286 V      0.925         7.255 +- 2.166
   287 P      0.960*        7.510 +- 1.818
   288 A      0.862         6.781 +- 2.741
   289 V      0.715         5.669 +- 3.446
   290 A      0.792         6.252 +- 3.164
   291 S      0.777         6.139 +- 3.189
   295 L      0.888         6.981 +- 2.495
   296 S      0.956*        7.479 +- 1.875
   298 M      0.930         7.292 +- 2.119
   299 N      0.946         7.409 +- 1.972
   300 S      0.979*        7.644 +- 1.580
   301 P      0.825         6.509 +- 2.969
   302 A      0.805         6.345 +- 3.069
   304 S      0.815         6.432 +- 3.011
   305 V      0.961*        7.522 +- 1.800
   306 S      0.926         7.265 +- 2.155
   307 A      0.773         6.112 +- 3.204
   308 S      0.864         6.800 +- 2.710
   309 N      0.988*        7.708 +- 1.452
   310 S      0.985*        7.689 +- 1.491
   311 A      0.773         6.112 +- 3.204
   312 H      0.971*        7.587 +- 1.686
   313 N      0.710         5.641 +- 3.448
   314 S      0.950         7.438 +- 1.922
   315 M      0.976*        7.628 +- 1.612
   316 T      0.629         5.026 +- 3.642
   318 L      0.931         7.304 +- 2.106
   319 A      0.930         7.297 +- 2.116
   320 V      0.793         6.256 +- 3.161
   321 S      0.926         7.265 +- 2.155
   323 V      0.988*        7.715 +- 1.440
   324 M      0.902         7.090 +- 2.358
   325 S      0.982*        7.667 +- 1.536
   326 A      0.846         6.659 +- 2.814
   327 S      0.847         6.667 +- 2.808
   328 A      0.887         6.973 +- 2.547
   329 S      0.829         6.534 +- 2.930
   331 I      0.985*        7.687 +- 1.496
   332 A      0.969*        7.574 +- 1.710
   333 L      0.931         7.299 +- 2.113
   334 R      0.936         7.327 +- 2.102
   335 H      0.973*        7.602 +- 1.666
   336 S      0.926         7.269 +- 2.152
   337 S      0.952*        7.451 +- 1.902
   338 S      0.952*        7.450 +- 1.903
   340 T      0.791         6.249 +- 3.106
   341 L      0.970*        7.577 +- 1.698
   343 Q      0.721         5.730 +- 3.388
   344 R      0.632         5.062 +- 3.620
   345 Q      0.629         5.039 +- 3.624
   347 P      0.850         6.691 +- 2.810
   349 Q      0.738         5.846 +- 3.348
   353 P      0.738         5.845 +- 3.349
   354 Q      0.738         5.846 +- 3.348
   355 P      0.738         5.845 +- 3.349
   356 L      0.836         6.594 +- 2.905
   358 V      0.848         6.672 +- 2.834
   359 G      0.771         6.098 +- 3.219
   360 R      0.846         6.665 +- 2.841
   361 P      0.884         6.947 +- 2.582
   362 D      0.969*        7.575 +- 1.707
   363 A      0.774         6.108 +- 3.225
   364 P      0.851         6.696 +- 2.829
   366 G      0.963*        7.529 +- 1.784
   367 S      0.982*        7.667 +- 1.539
   368 A      0.877         6.897 +- 2.628
   369 Q      0.971*        7.588 +- 1.684
   370 A      0.970*        7.586 +- 1.688
   371 C      0.950         7.437 +- 1.924
   372 N      0.930         7.293 +- 2.120
   373 A      0.964*        7.539 +- 1.768
   374 S      0.857         6.745 +- 2.783
   375 V      0.927         7.273 +- 2.145
   376 T      0.938         7.356 +- 2.044
   377 R      0.981*        7.657 +- 1.560
   378 T      0.976*        7.622 +- 1.630
   379 L      0.985*        7.688 +- 1.495
   380 R      0.821         6.472 +- 2.945
   382 E      0.985*        7.690 +- 1.487
   383 V      0.832         6.560 +- 2.917
   384 A      0.792         6.253 +- 3.163
   385 C      0.950         7.437 +- 1.924
   386 D      0.961*        7.520 +- 1.801
   387 Q      0.934         7.324 +- 2.089
   388 E      0.712         5.641 +- 3.463
   389 R      0.968*        7.566 +- 1.723
   390 Q      0.902         7.086 +- 2.392
   391 D      0.947         7.419 +- 1.954
   392 F      0.974*        7.612 +- 1.642
   393 C      0.703         5.589 +- 3.451
   394 E      0.981*        7.660 +- 1.547
   395 N      0.924         7.254 +- 2.171
   396 F      0.984*        7.682 +- 1.505
   397 T      0.970*        7.582 +- 1.695
   398 L      0.975*        7.615 +- 1.637
   401 N      0.989*        7.718 +- 1.427
   402 A      0.961*        7.514 +- 1.808
   403 N      0.925         7.258 +- 2.166
   404 L      0.984*        7.679 +- 1.511
   405 P      0.688         5.475 +- 3.497
   406 S      0.808         6.377 +- 3.077
   407 R      0.984*        7.679 +- 1.512
   409 E      0.920         7.219 +- 2.214
   410 Q      0.717         5.681 +- 3.448
   411 R      0.632         5.062 +- 3.620
   412 L      0.883         6.937 +- 2.593
   414 S      0.956*        7.479 +- 1.875
   415 S      0.952*        7.450 +- 1.903
   416 S      0.983*        7.677 +- 1.516
   417 G      0.972*        7.594 +- 1.675
   418 S      0.791         6.255 +- 3.141
   419 A      0.962*        7.524 +- 1.794
   420 G      0.881         6.924 +- 2.603
   421 H      0.973*        7.607 +- 1.651
   422 T      0.946         7.408 +- 1.966
   423 G      0.952*        7.457 +- 1.899
   425 F      0.952*        7.450 +- 1.904
   426 G      0.951*        7.443 +- 1.914
   427 Q      0.967*        7.560 +- 1.733
   429 P      0.738         5.845 +- 3.349
   430 Q      0.738         5.846 +- 3.348
   431 R      0.863         6.794 +- 2.709
   432 N      0.970*        7.584 +- 1.692
   433 L      0.994**       7.753 +- 1.349
   434 T      0.982*        7.667 +- 1.537
   435 N      0.849         6.683 +- 2.826
   436 S      0.606         4.855 +- 3.681
   437 L      0.984*        7.680 +- 1.510
   438 F      0.857         6.741 +- 2.787
   439 A      0.933         7.315 +- 2.093
   440 E      0.873         6.868 +- 2.648
   441 I      0.972*        7.597 +- 1.666
   442 K      0.946         7.411 +- 1.970
   443 S      0.985*        7.689 +- 1.490
   444 Y      0.737         5.842 +- 3.350
   445 G      0.959*        7.507 +- 1.822
   446 A      0.867         6.816 +- 2.708
   447 K      0.981*        7.661 +- 1.553
   448 L      0.979*        7.644 +- 1.579
   449 E      0.976*        7.627 +- 1.612
   450 Y      0.947         7.421 +- 1.955
   451 S      0.930         7.294 +- 2.118
   452 R      0.645         5.165 +- 3.625
   453 Q      0.894         7.017 +- 2.480
   454 L      0.724         5.752 +- 3.380
   455 S      0.964*        7.542 +- 1.774
   456 E      0.981*        7.663 +- 1.543
   457 G      0.653         5.201 +- 3.612
   458 A      0.784         6.193 +- 3.163
   460 T      0.711         5.637 +- 3.458
   461 V      0.936         7.339 +- 2.068
   462 A      0.756         5.991 +- 3.289
   463 L      0.970*        7.580 +- 1.700
   464 A      0.972*        7.596 +- 1.673
   465 V      0.785         6.205 +- 3.140
   466 E      0.890         6.991 +- 2.517
   467 S      0.975*        7.618 +- 1.630
   468 V      0.961*        7.522 +- 1.800
   469 L      0.887         6.961 +- 2.583
   470 N      0.980*        7.654 +- 1.562
   471 L      0.980*        7.650 +- 1.569
   472 R      0.981*        7.655 +- 1.569
   473 L      0.978*        7.640 +- 1.602
   474 N      0.993**       7.747 +- 1.364
   475 S      0.796         6.287 +- 3.121
   476 R      0.645         5.165 +- 3.625
   479 T      0.981*        7.660 +- 1.554
   480 S      0.823         6.490 +- 2.935
   481 E      0.981*        7.663 +- 1.543
   482 L      0.944         7.394 +- 1.986
   483 M      0.718         5.696 +- 3.415
   484 P      0.929         7.285 +- 2.130
   485 Q      0.738         5.846 +- 3.348

