Supplemental results for CODEML (seqf: algn  treef: tree)


dN/dS (w) for site classes (K=9)

p:   0.01413  0.01413  0.01413  0.01413  0.01413  0.01413  0.01413  0.01413  0.88700
w:   0.00000  0.00000  0.00000  0.00000  0.00000  0.00000  0.00000  0.00000 999.00000

Naive Empirical Bayes (NEB) probabilities for 9 classes & postmean_w & P(w>1)
(amino acids refer to 1st sequence: Mlig.13219)

   1 M   0.10297 0.10297 0.10297 0.10297 0.10297 0.10297 0.10297 0.10297 0.17621 ( 9) 176.035  0.176
   2 P   0.10931 0.10931 0.10931 0.10931 0.10931 0.10931 0.10931 0.10931 0.12551 ( 9) 125.386  0.126
   3 T   0.10770 0.10770 0.10770 0.10770 0.10770 0.10770 0.10770 0.10770 0.13840 ( 9) 138.265  0.138
   4 V   0.00273 0.00273 0.00273 0.00273 0.00273 0.00273 0.00273 0.00273 0.97816 ( 9) 977.177  0.978
   5 G   0.10793 0.10793 0.10793 0.10793 0.10793 0.10793 0.10793 0.10793 0.13655 ( 9) 136.416  0.137
   6 Q   0.10562 0.10562 0.10562 0.10562 0.10562 0.10562 0.10562 0.10562 0.15502 ( 9) 154.867  0.155
   7 K   0.10050 0.10050 0.10050 0.10050 0.10050 0.10050 0.10050 0.10050 0.19604 ( 9) 195.839  0.196
   8 I   0.10010 0.10010 0.10010 0.10010 0.10010 0.10010 0.10010 0.10010 0.19919 ( 9) 198.990  0.199
   9 E   0.10332 0.10332 0.10332 0.10332 0.10332 0.10332 0.10332 0.10332 0.17343 ( 9) 173.260  0.173
  10 V   0.10104 0.10104 0.10104 0.10104 0.10104 0.10104 0.10104 0.10104 0.19171 ( 9) 191.515  0.192
  11 F   0.11180 0.11180 0.11180 0.11180 0.11180 0.11180 0.11180 0.11180 0.10562 ( 2) 105.510  0.106
  12 V   0.09961 0.09961 0.09961 0.09961 0.09961 0.09961 0.09961 0.09961 0.20314 ( 9) 202.938  0.203
  13 T   0.10772 0.10772 0.10772 0.10772 0.10772 0.10772 0.10772 0.10772 0.13824 ( 9) 138.106  0.138
  14 S   0.11357 0.11357 0.11357 0.11357 0.11357 0.11357 0.11357 0.11357 0.09147 ( 1) 91.380  0.091
  15 A   0.10759 0.10759 0.10759 0.10759 0.10759 0.10759 0.10759 0.10759 0.13925 ( 9) 139.112  0.139
  16 K   0.10281 0.10281 0.10281 0.10281 0.10281 0.10281 0.10281 0.10281 0.17749 ( 9) 177.317  0.177
  17 Y   0.10761 0.10761 0.10761 0.10761 0.10761 0.10761 0.10761 0.10761 0.13909 ( 9) 138.949  0.139
  18 E   0.10332 0.10332 0.10332 0.10332 0.10332 0.10332 0.10332 0.10332 0.17343 ( 9) 173.260  0.173
  19 W   0.00000 0.00000 0.00000 0.00000 0.00000 0.00000 0.00000 0.00000 1.00000 ( 9) 999.000  1.000
  20 K   0.00000 0.00000 0.00000 0.00000 0.00000 0.00000 0.00000 0.00000 1.00000 ( 9) 999.000  1.000
  21 P   0.00000 0.00000 0.00000 0.00000 0.00000 0.00000 0.00000 0.00000 1.00000 ( 9) 999.000  1.000
  22 D   0.00000 0.00000 0.00000 0.00000 0.00000 0.00000 0.00000 0.00000 1.00000 ( 9) 999.000  1.000
  23 L   0.00000 0.00000 0.00000 0.00000 0.00000 0.00000 0.00000 0.00000 1.00000 ( 9) 999.000  1.000
  24 K   0.00000 0.00000 0.00000 0.00000 0.00000 0.00000 0.00000 0.00000 1.00000 ( 9) 999.000  1.000
  25 S   0.00000 0.00000 0.00000 0.00000 0.00000 0.00000 0.00000 0.00000 1.00000 ( 9) 999.000  1.000
  26 P   0.00000 0.00000 0.00000 0.00000 0.00000 0.00000 0.00000 0.00000 1.00000 ( 9) 999.000  1.000
  27 R   0.00000 0.00000 0.00000 0.00000 0.00000 0.00000 0.00000 0.00000 1.00000 ( 9) 999.000  1.000
  28 W   0.00000 0.00000 0.00000 0.00000 0.00000 0.00000 0.00000 0.00000 1.00000 ( 9) 999.000  1.000
  29 K   0.00000 0.00000 0.00000 0.00000 0.00000 0.00000 0.00000 0.00000 1.00000 ( 9) 999.000  1.000
  30 T   0.00000 0.00000 0.00000 0.00000 0.00000 0.00000 0.00000 0.00000 1.00000 ( 9) 999.000  1.000
  31 C   0.00000 0.00000 0.00000 0.00000 0.00000 0.00000 0.00000 0.00000 1.00000 ( 9) 999.000  1.000
  32 Y   0.00000 0.00000 0.00000 0.00000 0.00000 0.00000 0.00000 0.00000 1.00000 ( 9) 999.000  1.000
  33 N   0.00000 0.00000 0.00000 0.00000 0.00000 0.00000 0.00000 0.00000 1.00000 ( 9) 999.000  1.000
  34 V   0.00000 0.00000 0.00000 0.00000 0.00000 0.00000 0.00000 0.00000 1.00000 ( 9) 999.000  1.000
  35 A   0.00000 0.00000 0.00000 0.00000 0.00000 0.00000 0.00000 0.00000 1.00000 ( 9) 999.000  1.000
  36 E   0.00000 0.00000 0.00000 0.00000 0.00000 0.00000 0.00000 0.00000 1.00000 ( 9) 999.000  1.000
  37 F   0.00000 0.00000 0.00000 0.00000 0.00000 0.00000 0.00000 0.00000 1.00000 ( 9) 999.000  1.000
  38 N   0.00000 0.00000 0.00000 0.00000 0.00000 0.00000 0.00000 0.00000 1.00000 ( 9) 999.000  1.000
  39 K   0.00000 0.00000 0.00000 0.00000 0.00000 0.00000 0.00000 0.00000 1.00000 ( 9) 999.000  1.000
  40 H   0.00000 0.00000 0.00000 0.00000 0.00000 0.00000 0.00000 0.00000 1.00000 ( 9) 999.000  1.000
  41 I   0.00000 0.00000 0.00000 0.00000 0.00000 0.00000 0.00000 0.00000 1.00000 ( 9) 999.000  1.000
  42 R   0.00000 0.00000 0.00000 0.00000 0.00000 0.00000 0.00000 0.00000 1.00000 ( 9) 999.000  1.000
  43 K   0.00000 0.00000 0.00000 0.00000 0.00000 0.00000 0.00000 0.00000 1.00000 ( 9) 999.000  1.000
  44 F   0.00000 0.00000 0.00000 0.00000 0.00000 0.00000 0.00000 0.00000 1.00000 ( 9) 999.000  1.000
  45 S   0.00000 0.00000 0.00000 0.00000 0.00000 0.00000 0.00000 0.00000 1.00000 ( 9) 999.000  1.000
  46 L   0.00000 0.00000 0.00000 0.00000 0.00000 0.00000 0.00000 0.00000 1.00000 ( 9) 999.000  1.000
  47 R   0.00000 0.00000 0.00000 0.00000 0.00000 0.00000 0.00000 0.00000 1.00000 ( 9) 999.000  1.000
  48 E   0.10134 0.10134 0.10134 0.10134 0.10134 0.10134 0.10134 0.10134 0.18929 ( 9) 189.103  0.189
  49 G   0.00000 0.00000 0.00000 0.00000 0.00000 0.00000 0.00000 0.00000 1.00000 ( 9) 999.000  1.000
  50 Y   0.00000 0.00000 0.00000 0.00000 0.00000 0.00000 0.00000 0.00000 1.00000 ( 9) 999.000  1.000
  51 Y   0.00000 0.00000 0.00000 0.00000 0.00000 0.00000 0.00000 0.00000 1.00000 ( 9) 999.000  1.000
  52 E   0.00000 0.00000 0.00000 0.00000 0.00000 0.00000 0.00000 0.00000 1.00000 ( 9) 999.000  1.000
  53 L   0.00000 0.00000 0.00000 0.00000 0.00000 0.00000 0.00000 0.00000 1.00000 ( 9) 999.000  1.000
  54 V   0.00000 0.00000 0.00000 0.00000 0.00000 0.00000 0.00000 0.00000 1.00000 ( 9) 999.000  1.000
  55 L   0.00000 0.00000 0.00000 0.00000 0.00000 0.00000 0.00000 0.00000 1.00000 ( 9) 999.000  1.000
  56 F   0.00000 0.00000 0.00000 0.00000 0.00000 0.00000 0.00000 0.00000 1.00000 ( 9) 999.000  1.000
  57 I   0.00000 0.00000 0.00000 0.00000 0.00000 0.00000 0.00000 0.00000 1.00000 ( 9) 999.000  1.000
  58 R   0.00000 0.00000 0.00000 0.00000 0.00000 0.00000 0.00000 0.00000 1.00000 ( 9) 999.000  1.000
  59 A   0.00000 0.00000 0.00000 0.00000 0.00000 0.00000 0.00000 0.00000 1.00000 ( 9) 999.000  1.000
  60 A   0.00000 0.00000 0.00000 0.00000 0.00000 0.00000 0.00000 0.00000 1.00000 ( 9) 999.000  1.000
  61 V   0.00000 0.00000 0.00000 0.00000 0.00000 0.00000 0.00000 0.00000 1.00000 ( 9) 999.000  1.000
  62 T   0.00000 0.00000 0.00000 0.00000 0.00000 0.00000 0.00000 0.00000 1.00000 ( 9) 999.000  1.000
  63 P   0.00000 0.00000 0.00000 0.00000 0.00000 0.00000 0.00000 0.00000 1.00000 ( 9) 999.000  1.000
  64 S   0.00000 0.00000 0.00000 0.00000 0.00000 0.00000 0.00000 0.00000 1.00000 ( 9) 999.000  1.000
  65 E   0.00000 0.00000 0.00000 0.00000 0.00000 0.00000 0.00000 0.00000 1.00000 ( 9) 999.000  1.000
  66 F   0.00000 0.00000 0.00000 0.00000 0.00000 0.00000 0.00000 0.00000 1.00000 ( 9) 999.000  1.000
  67 L   0.00000 0.00000 0.00000 0.00000 0.00000 0.00000 0.00000 0.00000 1.00000 ( 9) 999.000  1.000
  68 V   0.00000 0.00000 0.00000 0.00000 0.00000 0.00000 0.00000 0.00000 1.00000 ( 9) 999.000  1.000
  69 V   0.00000 0.00000 0.00000 0.00000 0.00000 0.00000 0.00000 0.00000 1.00000 ( 9) 999.000  1.000
  70 G   0.00000 0.00000 0.00000 0.00000 0.00000 0.00000 0.00000 0.00000 1.00000 ( 9) 999.000  1.000
  71 N   0.00000 0.00000 0.00000 0.00000 0.00000 0.00000 0.00000 0.00000 1.00000 ( 9) 999.000  1.000
  72 S   0.00000 0.00000 0.00000 0.00000 0.00000 0.00000 0.00000 0.00000 1.00000 ( 9) 999.000  1.000
  73 R   0.00000 0.00000 0.00000 0.00000 0.00000 0.00000 0.00000 0.00000 0.99999 ( 9) 998.987  1.000
  74 V   0.00000 0.00000 0.00000 0.00000 0.00000 0.00000 0.00000 0.00000 1.00000 ( 9) 999.000  1.000
  75 P   0.00000 0.00000 0.00000 0.00000 0.00000 0.00000 0.00000 0.00000 1.00000 ( 9) 999.000  1.000
  76 E   0.00000 0.00000 0.00000 0.00000 0.00000 0.00000 0.00000 0.00000 1.00000 ( 9) 999.000  1.000
  77 R   0.00000 0.00000 0.00000 0.00000 0.00000 0.00000 0.00000 0.00000 1.00000 ( 9) 999.000  1.000
  78 N   0.00000 0.00000 0.00000 0.00000 0.00000 0.00000 0.00000 0.00000 1.00000 ( 9) 999.000  1.000
  79 L   0.00000 0.00000 0.00000 0.00000 0.00000 0.00000 0.00000 0.00000 1.00000 ( 9) 999.000  1.000
  80 L   0.10403 0.10403 0.10403 0.10403 0.10403 0.10403 0.10403 0.10403 0.16772 ( 9) 167.557  0.168
  81 S   0.00000 0.00000 0.00000 0.00000 0.00000 0.00000 0.00000 0.00000 1.00000 ( 9) 999.000  1.000
  82 E   0.00000 0.00000 0.00000 0.00000 0.00000 0.00000 0.00000 0.00000 1.00000 ( 9) 999.000  1.000
  83 A   0.00000 0.00000 0.00000 0.00000 0.00000 0.00000 0.00000 0.00000 1.00000 ( 9) 999.000  1.000
  84 L   0.00000 0.00000 0.00000 0.00000 0.00000 0.00000 0.00000 0.00000 1.00000 ( 9) 999.000  1.000
  85 G   0.00000 0.00000 0.00000 0.00000 0.00000 0.00000 0.00000 0.00000 1.00000 ( 9) 999.000  1.000
  86 R   0.00000 0.00000 0.00000 0.00000 0.00000 0.00000 0.00000 0.00000 1.00000 ( 9) 999.000  1.000
  87 K   0.00000 0.00000 0.00000 0.00000 0.00000 0.00000 0.00000 0.00000 1.00000 ( 9) 999.000  1.000
  88 E   0.00000 0.00000 0.00000 0.00000 0.00000 0.00000 0.00000 0.00000 1.00000 ( 9) 999.000  1.000
  89 L   0.00000 0.00000 0.00000 0.00000 0.00000 0.00000 0.00000 0.00000 1.00000 ( 9) 999.000  1.000
  90 E   0.00000 0.00000 0.00000 0.00000 0.00000 0.00000 0.00000 0.00000 1.00000 ( 9) 999.000  1.000
  91 R   0.00000 0.00000 0.00000 0.00000 0.00000 0.00000 0.00000 0.00000 1.00000 ( 9) 999.000  1.000
  92 R   0.00000 0.00000 0.00000 0.00000 0.00000 0.00000 0.00000 0.00000 1.00000 ( 9) 999.000  1.000
  93 I   0.00000 0.00000 0.00000 0.00000 0.00000 0.00000 0.00000 0.00000 1.00000 ( 9) 999.000  1.000
  94 F   0.00000 0.00000 0.00000 0.00000 0.00000 0.00000 0.00000 0.00000 1.00000 ( 9) 999.000  1.000
  95 F   0.00000 0.00000 0.00000 0.00000 0.00000 0.00000 0.00000 0.00000 1.00000 ( 9) 999.000  1.000
  96 F   0.00000 0.00000 0.00000 0.00000 0.00000 0.00000 0.00000 0.00000 1.00000 ( 9) 999.000  1.000
  97 T   0.00000 0.00000 0.00000 0.00000 0.00000 0.00000 0.00000 0.00000 1.00000 ( 9) 999.000  1.000
  98 M   0.00000 0.00000 0.00000 0.00000 0.00000 0.00000 0.00000 0.00000 1.00000 ( 9) 999.000  1.000
  99 E   0.00000 0.00000 0.00000 0.00000 0.00000 0.00000 0.00000 0.00000 1.00000 ( 9) 999.000  1.000
 100 H   0.00000 0.00000 0.00000 0.00000 0.00000 0.00000 0.00000 0.00000 1.00000 ( 9) 999.000  1.000
 101 I   0.00000 0.00000 0.00000 0.00000 0.00000 0.00000 0.00000 0.00000 1.00000 ( 9) 999.000  1.000
 102 D   0.00000 0.00000 0.00000 0.00000 0.00000 0.00000 0.00000 0.00000 1.00000 ( 9) 999.000  1.000
 103 V   0.00000 0.00000 0.00000 0.00000 0.00000 0.00000 0.00000 0.00000 1.00000 ( 9) 999.000  1.000
 104 I   0.00000 0.00000 0.00000 0.00000 0.00000 0.00000 0.00000 0.00000 1.00000 ( 9) 999.000  1.000
 105 D   0.00000 0.00000 0.00000 0.00000 0.00000 0.00000 0.00000 0.00000 1.00000 ( 9) 999.000  1.000
 106 P   0.00000 0.00000 0.00000 0.00000 0.00000 0.00000 0.00000 0.00000 1.00000 ( 9) 999.000  1.000
 107 N   0.00000 0.00000 0.00000 0.00000 0.00000 0.00000 0.00000 0.00000 1.00000 ( 9) 999.000  1.000
 108 H   0.00000 0.00000 0.00000 0.00000 0.00000 0.00000 0.00000 0.00000 1.00000 ( 9) 999.000  1.000
 109 S   0.00000 0.00000 0.00000 0.00000 0.00000 0.00000 0.00000 0.00000 1.00000 ( 9) 999.000  1.000
 110 S   0.00000 0.00000 0.00000 0.00000 0.00000 0.00000 0.00000 0.00000 1.00000 ( 9) 999.000  1.000
 111 E   0.00000 0.00000 0.00000 0.00000 0.00000 0.00000 0.00000 0.00000 1.00000 ( 9) 999.000  1.000
 112 D   0.00000 0.00000 0.00000 0.00000 0.00000 0.00000 0.00000 0.00000 1.00000 ( 9) 999.000  1.000
 113 P   0.00000 0.00000 0.00000 0.00000 0.00000 0.00000 0.00000 0.00000 1.00000 ( 9) 999.000  1.000
 114 K   0.00000 0.00000 0.00000 0.00000 0.00000 0.00000 0.00000 0.00000 1.00000 ( 9) 999.000  1.000
 115 A   0.00000 0.00000 0.00000 0.00000 0.00000 0.00000 0.00000 0.00000 1.00000 ( 9) 999.000  1.000
 116 M   0.00000 0.00000 0.00000 0.00000 0.00000 0.00000 0.00000 0.00000 1.00000 ( 9) 999.000  1.000
 117 R   0.00000 0.00000 0.00000 0.00000 0.00000 0.00000 0.00000 0.00000 1.00000 ( 9) 999.000  1.000
 118 G   0.00000 0.00000 0.00000 0.00000 0.00000 0.00000 0.00000 0.00000 1.00000 ( 9) 999.000  1.000
 119 L   0.00000 0.00000 0.00000 0.00000 0.00000 0.00000 0.00000 0.00000 1.00000 ( 9) 999.000  1.000
 120 T   0.00000 0.00000 0.00000 0.00000 0.00000 0.00000 0.00000 0.00000 1.00000 ( 9) 999.000  1.000
 121 L   0.00000 0.00000 0.00000 0.00000 0.00000 0.00000 0.00000 0.00000 1.00000 ( 9) 999.000  1.000
 122 Y   0.00000 0.00000 0.00000 0.00000 0.00000 0.00000 0.00000 0.00000 1.00000 ( 9) 999.000  1.000
 123 R   0.00000 0.00000 0.00000 0.00000 0.00000 0.00000 0.00000 0.00000 1.00000 ( 9) 999.000  1.000
 124 T   0.00000 0.00000 0.00000 0.00000 0.00000 0.00000 0.00000 0.00000 1.00000 ( 9) 999.000  1.000
 125 Q   0.00000 0.00000 0.00000 0.00000 0.00000 0.00000 0.00000 0.00000 1.00000 ( 9) 999.000  1.000
 126 I   0.00000 0.00000 0.00000 0.00000 0.00000 0.00000 0.00000 0.00000 1.00000 ( 9) 999.000  1.000
 127 K   0.00000 0.00000 0.00000 0.00000 0.00000 0.00000 0.00000 0.00000 1.00000 ( 9) 999.000  1.000
 128 E   0.00000 0.00000 0.00000 0.00000 0.00000 0.00000 0.00000 0.00000 1.00000 ( 9) 999.000  1.000
 129 N   0.00000 0.00000 0.00000 0.00000 0.00000 0.00000 0.00000 0.00000 1.00000 ( 9) 999.000  1.000
 130 E   0.00075 0.00075 0.00075 0.00075 0.00075 0.00075 0.00075 0.00075 0.99403 ( 9) 993.037  0.994
 131 S   0.00000 0.00000 0.00000 0.00000 0.00000 0.00000 0.00000 0.00000 1.00000 ( 9) 999.000  1.000
 132 F   0.00000 0.00000 0.00000 0.00000 0.00000 0.00000 0.00000 0.00000 1.00000 ( 9) 999.000  1.000
 133 E   0.00000 0.00000 0.00000 0.00000 0.00000 0.00000 0.00000 0.00000 1.00000 ( 9) 999.000  1.000
 134 N   0.00000 0.00000 0.00000 0.00000 0.00000 0.00000 0.00000 0.00000 1.00000 ( 9) 999.000  1.000
 135 I   0.00000 0.00000 0.00000 0.00000 0.00000 0.00000 0.00000 0.00000 1.00000 ( 9) 999.000  1.000
 136 Q   0.00000 0.00000 0.00000 0.00000 0.00000 0.00000 0.00000 0.00000 1.00000 ( 9) 999.000  1.000
 137 E   0.10332 0.10332 0.10332 0.10332 0.10332 0.10332 0.10332 0.10332 0.17343 ( 9) 173.260  0.173
 138 R   0.00000 0.00000 0.00000 0.00000 0.00000 0.00000 0.00000 0.00000 1.00000 ( 9) 999.000  1.000
 139 I   0.00000 0.00000 0.00000 0.00000 0.00000 0.00000 0.00000 0.00000 1.00000 ( 9) 999.000  1.000
 140 N   0.00000 0.00000 0.00000 0.00000 0.00000 0.00000 0.00000 0.00000 1.00000 ( 9) 999.000  1.000
 141 P   0.00000 0.00000 0.00000 0.00000 0.00000 0.00000 0.00000 0.00000 1.00000 ( 9) 999.000  1.000
 142 P   0.00000 0.00000 0.00000 0.00000 0.00000 0.00000 0.00000 0.00000 1.00000 ( 9) 999.000  1.000
 143 H   0.00000 0.00000 0.00000 0.00000 0.00000 0.00000 0.00000 0.00000 1.00000 ( 9) 999.000  1.000
 144 S   0.00000 0.00000 0.00000 0.00000 0.00000 0.00000 0.00000 0.00000 1.00000 ( 9) 999.000  1.000
 145 F   0.00000 0.00000 0.00000 0.00000 0.00000 0.00000 0.00000 0.00000 1.00000 ( 9) 999.000  1.000
 146 Q   0.00000 0.00000 0.00000 0.00000 0.00000 0.00000 0.00000 0.00000 1.00000 ( 9) 999.000  1.000
 147 F   0.00000 0.00000 0.00000 0.00000 0.00000 0.00000 0.00000 0.00000 1.00000 ( 9) 999.000  1.000
 148 Y   0.00000 0.00000 0.00000 0.00000 0.00000 0.00000 0.00000 0.00000 1.00000 ( 9) 999.000  1.000
 149 R   0.00000 0.00000 0.00000 0.00000 0.00000 0.00000 0.00000 0.00000 1.00000 ( 9) 999.000  1.000

Positively selected sites

	Prob(w>1)  mean w

     4 V      0.978*        977.177
    19 W      1.000**       999.000
    20 K      1.000**       999.000
    21 P      1.000**       999.000
    22 D      1.000**       999.000
    23 L      1.000**       999.000
    24 K      1.000**       999.000
    25 S      1.000**       999.000
    26 P      1.000**       999.000
    27 R      1.000**       999.000
    28 W      1.000**       999.000
    29 K      1.000**       999.000
    30 T      1.000**       999.000
    31 C      1.000**       999.000
    32 Y      1.000**       999.000
    33 N      1.000**       999.000
    34 V      1.000**       999.000
    35 A      1.000**       999.000
    36 E      1.000**       999.000
    37 F      1.000**       999.000
    38 N      1.000**       999.000
    39 K      1.000**       999.000
    40 H      1.000**       999.000
    41 I      1.000**       999.000
    42 R      1.000**       999.000
    43 K      1.000**       999.000
    44 F      1.000**       999.000
    45 S      1.000**       999.000
    46 L      1.000**       999.000
    47 R      1.000**       999.000
    49 G      1.000**       999.000
    50 Y      1.000**       999.000
    51 Y      1.000**       999.000
    52 E      1.000**       999.000
    53 L      1.000**       999.000
    54 V      1.000**       999.000
    55 L      1.000**       999.000
    56 F      1.000**       999.000
    57 I      1.000**       999.000
    58 R      1.000**       999.000
    59 A      1.000**       999.000
    60 A      1.000**       999.000
    61 V      1.000**       999.000
    62 T      1.000**       999.000
    63 P      1.000**       999.000
    64 S      1.000**       999.000
    65 E      1.000**       999.000
    66 F      1.000**       999.000
    67 L      1.000**       999.000
    68 V      1.000**       999.000
    69 V      1.000**       999.000
    70 G      1.000**       999.000
    71 N      1.000**       999.000
    72 S      1.000**       999.000
    73 R      1.000**       998.987
    74 V      1.000**       999.000
    75 P      1.000**       999.000
    76 E      1.000**       999.000
    77 R      1.000**       999.000
    78 N      1.000**       999.000
    79 L      1.000**       999.000
    81 S      1.000**       999.000
    82 E      1.000**       999.000
    83 A      1.000**       999.000
    84 L      1.000**       999.000
    85 G      1.000**       999.000
    86 R      1.000**       999.000
    87 K      1.000**       999.000
    88 E      1.000**       999.000
    89 L      1.000**       999.000
    90 E      1.000**       999.000
    91 R      1.000**       999.000
    92 R      1.000**       999.000
    93 I      1.000**       999.000
    94 F      1.000**       999.000
    95 F      1.000**       999.000
    96 F      1.000**       999.000
    97 T      1.000**       999.000
    98 M      1.000**       999.000
    99 E      1.000**       999.000
   100 H      1.000**       999.000
   101 I      1.000**       999.000
   102 D      1.000**       999.000
   103 V      1.000**       999.000
   104 I      1.000**       999.000
   105 D      1.000**       999.000
   106 P      1.000**       999.000
   107 N      1.000**       999.000
   108 H      1.000**       999.000
   109 S      1.000**       999.000
   110 S      1.000**       999.000
   111 E      1.000**       999.000
   112 D      1.000**       999.000
   113 P      1.000**       999.000
   114 K      1.000**       999.000
   115 A      1.000**       999.000
   116 M      1.000**       999.000
   117 R      1.000**       999.000
   118 G      1.000**       999.000
   119 L      1.000**       999.000
   120 T      1.000**       999.000
   121 L      1.000**       999.000
   122 Y      1.000**       999.000
   123 R      1.000**       999.000
   124 T      1.000**       999.000
   125 Q      1.000**       999.000
   126 I      1.000**       999.000
   127 K      1.000**       999.000
   128 E      1.000**       999.000
   129 N      1.000**       999.000
   130 E      0.994**       993.037
   131 S      1.000**       999.000
   132 F      1.000**       999.000
   133 E      1.000**       999.000
   134 N      1.000**       999.000
   135 I      1.000**       999.000
   136 Q      1.000**       999.000
   138 R      1.000**       999.000
   139 I      1.000**       999.000
   140 N      1.000**       999.000
   141 P      1.000**       999.000
   142 P      1.000**       999.000
   143 H      1.000**       999.000
   144 S      1.000**       999.000
   145 F      1.000**       999.000
   146 Q      1.000**       999.000
   147 F      1.000**       999.000
   148 Y      1.000**       999.000
   149 R      1.000**       999.000


lnL = -1178.597357

Bayes Empirical Bayes (BEB) probabilities for 11 classes (class) & postmean_w
(amino acids refer to 1st sequence: Mlig.13219)

   1 M   0.01204 0.00486 0.00457 0.00450 0.00449 0.00449 0.00452 0.00461 0.00494 0.01277 0.93820 (11)  9.882 +-  2.408
   2 P   0.01057 0.00427 0.00402 0.00397 0.00396 0.00397 0.00400 0.00409 0.00439 0.01135 0.94541 (11)  9.955 +-  2.271
   3 T   0.01065 0.00430 0.00405 0.00399 0.00399 0.00400 0.00403 0.00411 0.00442 0.01142 0.94504 (11)  9.951 +-  2.279
   4 V   0.01077 0.00435 0.00410 0.00404 0.00403 0.00404 0.00407 0.00416 0.00446 0.01154 0.94445 (11)  9.945 +-  2.290
   5 G   0.01080 0.00437 0.00411 0.00405 0.00404 0.00405 0.00408 0.00417 0.00448 0.01158 0.94426 (11)  9.943 +-  2.294
   6 Q   0.01183 0.00478 0.00450 0.00443 0.00441 0.00442 0.00445 0.00454 0.00487 0.01258 0.93921 (11)  9.892 +-  2.389
   7 K   0.01182 0.00477 0.00449 0.00442 0.00441 0.00441 0.00444 0.00453 0.00486 0.01256 0.93929 (11)  9.893 +-  2.388
   8 I   0.01162 0.00469 0.00441 0.00435 0.00433 0.00434 0.00437 0.00446 0.00478 0.01237 0.94027 (11)  9.903 +-  2.370
   9 E   0.01152 0.00465 0.00438 0.00431 0.00430 0.00431 0.00434 0.00443 0.00475 0.01227 0.94074 (11)  9.908 +-  2.361
  10 V   0.01099 0.00444 0.00418 0.00412 0.00411 0.00412 0.00415 0.00424 0.00454 0.01175 0.94337 (11)  9.934 +-  2.311
  11 F   0.01122 0.00453 0.00427 0.00420 0.00419 0.00420 0.00423 0.00432 0.00463 0.01198 0.94223 (11)  9.923 +-  2.333
  12 V   0.01079 0.00436 0.00411 0.00405 0.00404 0.00405 0.00408 0.00417 0.00447 0.01156 0.94433 (11)  9.944 +-  2.292
  13 T   0.01093 0.00442 0.00416 0.00410 0.00409 0.00410 0.00413 0.00422 0.00452 0.01170 0.94364 (11)  9.937 +-  2.306
  14 S   0.01068 0.00432 0.00407 0.00401 0.00400 0.00401 0.00404 0.00413 0.00443 0.01145 0.94488 (11)  9.949 +-  2.282
  15 A   0.01061 0.00429 0.00404 0.00398 0.00397 0.00398 0.00401 0.00410 0.00440 0.01139 0.94521 (11)  9.952 +-  2.275
  16 K   0.01164 0.00470 0.00442 0.00435 0.00434 0.00435 0.00438 0.00447 0.00479 0.01239 0.94017 (11)  9.902 +-  2.372
  17 Y   0.01119 0.00452 0.00426 0.00419 0.00418 0.00419 0.00422 0.00431 0.00462 0.01195 0.94238 (11)  9.924 +-  2.330
  18 E   0.01152 0.00465 0.00438 0.00431 0.00430 0.00431 0.00434 0.00443 0.00475 0.01227 0.94074 (11)  9.908 +-  2.361
  19 W   0.00001 0.00001 0.00001 0.00002 0.00002 0.00003 0.00004 0.00005 0.00006 0.00017 0.99960 (11) 10.496 +-  0.196
  20 K   0.00006 0.00007 0.00011 0.00015 0.00019 0.00023 0.00027 0.00032 0.00039 0.00113 0.99709 (11) 10.472 +-  0.527
  21 P   0.00005 0.00006 0.00009 0.00013 0.00016 0.00020 0.00024 0.00028 0.00034 0.00099 0.99745 (11) 10.475 +-  0.493
  22 D   0.00000 0.00000 0.00000 0.00000 0.00001 0.00001 0.00002 0.00002 0.00003 0.00010 0.99979 (11) 10.498 +-  0.140
  23 L   0.00000 0.00000 0.00000 0.00000 0.00000 0.00000 0.00001 0.00001 0.00001 0.00004 0.99993 (11) 10.499 +-  0.081
  24 K   0.00000 0.00000 0.00000 0.00000 0.00001 0.00001 0.00001 0.00002 0.00003 0.00009 0.99982 (11) 10.498 +-  0.130
  25 S   0.00000 0.00000 0.00000 0.00000 0.00001 0.00001 0.00002 0.00002 0.00003 0.00010 0.99980 (11) 10.498 +-  0.135
  26 P   0.00005 0.00007 0.00010 0.00014 0.00018 0.00022 0.00027 0.00032 0.00038 0.00111 0.99715 (11) 10.472 +-  0.521
  27 R   0.00000 0.00000 0.00000 0.00000 0.00001 0.00001 0.00001 0.00002 0.00002 0.00008 0.99985 (11) 10.499 +-  0.120
  28 W   0.00000 0.00000 0.00000 0.00000 0.00000 0.00000 0.00000 0.00000 0.00000 0.00001 0.99999 (11) 10.500 +-  0.036
  29 K   0.00006 0.00007 0.00011 0.00016 0.00020 0.00025 0.00029 0.00035 0.00042 0.00122 0.99687 (11) 10.469 +-  0.546
  30 T   0.00000 0.00000 0.00000 0.00000 0.00001 0.00001 0.00001 0.00002 0.00003 0.00009 0.99983 (11) 10.498 +-  0.126
  31 C   0.00000 0.00000 0.00000 0.00000 0.00000 0.00000 0.00000 0.00001 0.00001 0.00003 0.99995 (11) 10.500 +-  0.069
  32 Y   0.00000 0.00000 0.00000 0.00000 0.00001 0.00001 0.00002 0.00002 0.00003 0.00010 0.99979 (11) 10.498 +-  0.139
  33 N   0.00000 0.00000 0.00000 0.00000 0.00000 0.00001 0.00001 0.00001 0.00002 0.00006 0.99988 (11) 10.499 +-  0.104
  34 V   0.00000 0.00000 0.00000 0.00000 0.00000 0.00001 0.00001 0.00001 0.00002 0.00005 0.99989 (11) 10.499 +-  0.100
  35 A   0.00000 0.00000 0.00000 0.00000 0.00001 0.00001 0.00002 0.00002 0.00003 0.00010 0.99980 (11) 10.498 +-  0.136
  36 E   0.00000 0.00000 0.00000 0.00001 0.00001 0.00001 0.00002 0.00002 0.00003 0.00011 0.99978 (11) 10.498 +-  0.142
  37 F   0.00006 0.00007 0.00011 0.00015 0.00019 0.00023 0.00028 0.00032 0.00039 0.00114 0.99706 (11) 10.471 +-  0.529
  38 N   0.00000 0.00000 0.00000 0.00000 0.00000 0.00001 0.00001 0.00001 0.00002 0.00005 0.99990 (11) 10.499 +-  0.097
  39 K   0.00000 0.00000 0.00000 0.00000 0.00001 0.00001 0.00002 0.00002 0.00003 0.00010 0.99980 (11) 10.498 +-  0.138
  40 H   0.00005 0.00006 0.00009 0.00013 0.00017 0.00021 0.00024 0.00029 0.00035 0.00102 0.99739 (11) 10.475 +-  0.498
  41 I   0.00000 0.00000 0.00000 0.00000 0.00000 0.00000 0.00001 0.00001 0.00001 0.00004 0.99992 (11) 10.499 +-  0.084
  42 R   0.00005 0.00007 0.00010 0.00014 0.00018 0.00023 0.00027 0.00032 0.00039 0.00111 0.99713 (11) 10.472 +-  0.522
  43 K   0.00000 0.00000 0.00000 0.00000 0.00000 0.00000 0.00000 0.00000 0.00000 0.00001 0.99998 (11) 10.500 +-  0.046
  44 F   0.00000 0.00000 0.00000 0.00000 0.00000 0.00000 0.00000 0.00000 0.00000 0.00001 0.99998 (11) 10.500 +-  0.046
  45 S   0.00000 0.00000 0.00000 0.00000 0.00001 0.00001 0.00002 0.00002 0.00003 0.00010 0.99981 (11) 10.498 +-  0.133
  46 L   0.00000 0.00000 0.00000 0.00000 0.00001 0.00001 0.00001 0.00002 0.00002 0.00007 0.99986 (11) 10.499 +-  0.114
  47 R   0.00000 0.00000 0.00000 0.00000 0.00001 0.00001 0.00001 0.00002 0.00003 0.00009 0.99983 (11) 10.498 +-  0.126
  48 E   0.01169 0.00472 0.00444 0.00437 0.00436 0.00437 0.00440 0.00449 0.00481 0.01244 0.93990 (11)  9.899 +-  2.377
  49 G   0.00000 0.00000 0.00000 0.00000 0.00001 0.00001 0.00002 0.00002 0.00003 0.00010 0.99981 (11) 10.498 +-  0.133
  50 Y   0.00000 0.00000 0.00000 0.00000 0.00000 0.00000 0.00000 0.00000 0.00000 0.00002 0.99997 (11) 10.500 +-  0.053
  51 Y   0.00000 0.00000 0.00000 0.00000 0.00000 0.00000 0.00000 0.00000 0.00000 0.00002 0.99997 (11) 10.500 +-  0.054
  52 E   0.00000 0.00000 0.00000 0.00000 0.00000 0.00000 0.00000 0.00000 0.00000 0.00001 0.99998 (11) 10.500 +-  0.046
  53 L   0.00004 0.00005 0.00008 0.00011 0.00014 0.00017 0.00020 0.00024 0.00029 0.00085 0.99782 (11) 10.479 +-  0.456
  54 V   0.00000 0.00000 0.00000 0.00000 0.00001 0.00001 0.00002 0.00002 0.00003 0.00010 0.99980 (11) 10.498 +-  0.136
  55 L   0.00000 0.00000 0.00000 0.00000 0.00001 0.00001 0.00001 0.00002 0.00003 0.00009 0.99983 (11) 10.498 +-  0.127
  56 F   0.00000 0.00000 0.00000 0.00000 0.00001 0.00001 0.00001 0.00002 0.00002 0.00008 0.99985 (11) 10.499 +-  0.120
  57 I   0.00004 0.00005 0.00007 0.00010 0.00013 0.00016 0.00019 0.00023 0.00028 0.00081 0.99793 (11) 10.480 +-  0.444
  58 R   0.00001 0.00001 0.00001 0.00002 0.00003 0.00003 0.00004 0.00005 0.00007 0.00020 0.99954 (11) 10.495 +-  0.210
  59 A   0.00005 0.00006 0.00010 0.00014 0.00018 0.00022 0.00026 0.00031 0.00038 0.00109 0.99720 (11) 10.473 +-  0.516
  60 A   0.00000 0.00000 0.00000 0.00000 0.00001 0.00001 0.00002 0.00002 0.00003 0.00010 0.99981 (11) 10.498 +-  0.133
  61 V   0.00000 0.00000 0.00000 0.00000 0.00000 0.00000 0.00000 0.00000 0.00000 0.00001 0.99997 (11) 10.500 +-  0.049
  62 T   0.00000 0.00000 0.00000 0.00000 0.00000 0.00000 0.00000 0.00000 0.00000 0.00001 0.99998 (11) 10.500 +-  0.044
  63 P   0.00000 0.00000 0.00000 0.00000 0.00000 0.00000 0.00000 0.00000 0.00001 0.00002 0.99996 (11) 10.500 +-  0.063
  64 S   0.00000 0.00000 0.00000 0.00000 0.00000 0.00000 0.00000 0.00000 0.00000 0.00002 0.99997 (11) 10.500 +-  0.054
  65 E   0.00000 0.00001 0.00001 0.00002 0.00002 0.00003 0.00004 0.00005 0.00006 0.00018 0.99958 (11) 10.496 +-  0.198
  66 F   0.00000 0.00000 0.00000 0.00000 0.00000 0.00000 0.00000 0.00001 0.00001 0.00003 0.99995 (11) 10.499 +-  0.071
  67 L   0.00000 0.00000 0.00000 0.00000 0.00000 0.00000 0.00000 0.00000 0.00000 0.00001 0.99998 (11) 10.500 +-  0.039
  68 V   0.00000 0.00000 0.00000 0.00000 0.00000 0.00000 0.00000 0.00000 0.00000 0.00001 0.99997 (11) 10.500 +-  0.050
  69 V   0.00000 0.00000 0.00000 0.00000 0.00000 0.00000 0.00000 0.00001 0.00001 0.00003 0.99995 (11) 10.499 +-  0.072
  70 G   0.00005 0.00006 0.00010 0.00014 0.00018 0.00022 0.00026 0.00030 0.00037 0.00106 0.99727 (11) 10.473 +-  0.510
  71 N   0.00000 0.00000 0.00000 0.00000 0.00000 0.00000 0.00000 0.00000 0.00000 0.00001 0.99998 (11) 10.500 +-  0.045
  72 S   0.00000 0.00000 0.00000 0.00000 0.00000 0.00000 0.00000 0.00000 0.00000 0.00001 0.99998 (11) 10.500 +-  0.038
  73 R   0.00655 0.00265 0.00250 0.00246 0.00246 0.00246 0.00248 0.00254 0.00273 0.00707 0.96610 (11) 10.161 +-  1.809
  74 V   0.00000 0.00000 0.00000 0.00000 0.00000 0.00001 0.00001 0.00001 0.00002 0.00005 0.99989 (11) 10.499 +-  0.100
  75 P   0.00004 0.00005 0.00008 0.00011 0.00013 0.00017 0.00020 0.00023 0.00028 0.00082 0.99790 (11) 10.479 +-  0.448
  76 E   0.00000 0.00000 0.00000 0.00000 0.00000 0.00000 0.00000 0.00000 0.00000 0.00002 0.99997 (11) 10.500 +-  0.052
  77 R   0.00000 0.00000 0.00000 0.00000 0.00000 0.00000 0.00001 0.00001 0.00001 0.00004 0.99991 (11) 10.499 +-  0.090
  78 N   0.00000 0.00000 0.00000 0.00000 0.00000 0.00000 0.00000 0.00000 0.00000 0.00001 0.99998 (11) 10.500 +-  0.042
  79 L   0.00000 0.00000 0.00000 0.00000 0.00001 0.00001 0.00001 0.00002 0.00003 0.00009 0.99983 (11) 10.498 +-  0.128
  80 L   0.01120 0.00452 0.00426 0.00419 0.00418 0.00419 0.00422 0.00431 0.00462 0.01196 0.94233 (11)  9.924 +-  2.331
  81 S   0.00000 0.00000 0.00000 0.00000 0.00001 0.00001 0.00002 0.00002 0.00003 0.00010 0.99981 (11) 10.498 +-  0.135
  82 E   0.00000 0.00000 0.00000 0.00000 0.00000 0.00000 0.00000 0.00000 0.00000 0.00001 0.99998 (11) 10.500 +-  0.044
  83 A   0.00000 0.00000 0.00000 0.00000 0.00000 0.00000 0.00000 0.00000 0.00000 0.00001 0.99998 (11) 10.500 +-  0.044
  84 L   0.00000 0.00000 0.00000 0.00000 0.00000 0.00000 0.00000 0.00000 0.00000 0.00002 0.99997 (11) 10.500 +-  0.052
  85 G   0.00000 0.00000 0.00000 0.00000 0.00001 0.00001 0.00002 0.00002 0.00003 0.00010 0.99980 (11) 10.498 +-  0.137
  86 R   0.00000 0.00000 0.00000 0.00000 0.00000 0.00000 0.00000 0.00000 0.00000 0.00001 0.99998 (11) 10.500 +-  0.044
  87 K   0.00000 0.00000 0.00000 0.00000 0.00000 0.00000 0.00000 0.00000 0.00000 0.00001 0.99998 (11) 10.500 +-  0.042
  88 E   0.00000 0.00000 0.00000 0.00000 0.00001 0.00001 0.00002 0.00002 0.00003 0.00009 0.99982 (11) 10.498 +-  0.131
  89 L   0.00005 0.00007 0.00010 0.00014 0.00018 0.00022 0.00026 0.00031 0.00038 0.00109 0.99719 (11) 10.473 +-  0.517
  90 E   0.00000 0.00000 0.00000 0.00000 0.00000 0.00000 0.00000 0.00000 0.00000 0.00001 0.99998 (11) 10.500 +-  0.045
  91 R   0.00000 0.00000 0.00000 0.00000 0.00001 0.00001 0.00001 0.00002 0.00003 0.00009 0.99982 (11) 10.498 +-  0.129
  92 R   0.00000 0.00000 0.00000 0.00000 0.00000 0.00000 0.00000 0.00000 0.00000 0.00001 0.99998 (11) 10.500 +-  0.038
  93 I   0.00005 0.00006 0.00009 0.00013 0.00017 0.00020 0.00024 0.00029 0.00035 0.00100 0.99742 (11) 10.475 +-  0.496
  94 F   0.00000 0.00000 0.00000 0.00001 0.00001 0.00001 0.00002 0.00002 0.00003 0.00011 0.99979 (11) 10.498 +-  0.141
  95 F   0.00000 0.00000 0.00000 0.00000 0.00000 0.00000 0.00000 0.00000 0.00000 0.00001 0.99998 (11) 10.500 +-  0.046
  96 F   0.00000 0.00000 0.00000 0.00000 0.00000 0.00001 0.00001 0.00001 0.00002 0.00006 0.99988 (11) 10.499 +-  0.108
  97 T   0.00000 0.00000 0.00000 0.00000 0.00001 0.00001 0.00002 0.00002 0.00003 0.00010 0.99980 (11) 10.498 +-  0.135
  98 M   0.00000 0.00000 0.00000 0.00000 0.00000 0.00000 0.00000 0.00000 0.00001 0.00002 0.99996 (11) 10.500 +-  0.061
  99 E   0.00000 0.00000 0.00000 0.00000 0.00000 0.00000 0.00000 0.00000 0.00000 0.00001 0.99998 (11) 10.500 +-  0.041
 100 H   0.00006 0.00007 0.00011 0.00016 0.00020 0.00025 0.00029 0.00035 0.00042 0.00122 0.99687 (11) 10.469 +-  0.546
 101 I   0.00005 0.00006 0.00009 0.00012 0.00016 0.00020 0.00023 0.00028 0.00033 0.00097 0.99752 (11) 10.476 +-  0.486
 102 D   0.00000 0.00000 0.00000 0.00000 0.00001 0.00001 0.00002 0.00002 0.00003 0.00010 0.99980 (11) 10.498 +-  0.136
 103 V   0.00000 0.00000 0.00000 0.00000 0.00001 0.00001 0.00001 0.00002 0.00003 0.00009 0.99983 (11) 10.498 +-  0.127
 104 I   0.00000 0.00000 0.00000 0.00000 0.00000 0.00000 0.00000 0.00000 0.00000 0.00001 0.99998 (11) 10.500 +-  0.041
 105 D   0.00006 0.00007 0.00011 0.00016 0.00020 0.00025 0.00029 0.00035 0.00042 0.00122 0.99687 (11) 10.469 +-  0.546
 106 P   0.00000 0.00000 0.00000 0.00000 0.00001 0.00001 0.00002 0.00002 0.00003 0.00009 0.99981 (11) 10.498 +-  0.132
 107 N   0.00000 0.00000 0.00000 0.00000 0.00001 0.00001 0.00002 0.00002 0.00003 0.00010 0.99981 (11) 10.498 +-  0.135
 108 H   0.00000 0.00000 0.00000 0.00001 0.00001 0.00001 0.00002 0.00002 0.00003 0.00011 0.99978 (11) 10.498 +-  0.143
 109 S   0.00000 0.00000 0.00000 0.00000 0.00000 0.00000 0.00000 0.00000 0.00001 0.00002 0.99996 (11) 10.500 +-  0.058
 110 S   0.00000 0.00000 0.00000 0.00000 0.00001 0.00001 0.00002 0.00002 0.00003 0.00010 0.99981 (11) 10.498 +-  0.135
 111 E   0.00002 0.00002 0.00004 0.00005 0.00007 0.00008 0.00010 0.00012 0.00014 0.00041 0.99895 (11) 10.490 +-  0.317
 112 D   0.00003 0.00004 0.00006 0.00009 0.00011 0.00014 0.00017 0.00020 0.00024 0.00069 0.99823 (11) 10.483 +-  0.411
 113 P   0.00000 0.00000 0.00000 0.00000 0.00000 0.00000 0.00000 0.00000 0.00001 0.00002 0.99997 (11) 10.500 +-  0.054
 114 K   0.00005 0.00006 0.00010 0.00013 0.00017 0.00021 0.00025 0.00030 0.00036 0.00104 0.99732 (11) 10.474 +-  0.506
 115 A   0.00005 0.00006 0.00010 0.00013 0.00017 0.00021 0.00025 0.00030 0.00036 0.00104 0.99733 (11) 10.474 +-  0.504
 116 M   0.00000 0.00001 0.00001 0.00002 0.00002 0.00003 0.00004 0.00005 0.00006 0.00018 0.99959 (11) 10.496 +-  0.197
 117 R   0.00001 0.00001 0.00001 0.00002 0.00002 0.00003 0.00004 0.00005 0.00006 0.00019 0.99956 (11) 10.496 +-  0.204
 118 G   0.00000 0.00000 0.00000 0.00000 0.00001 0.00001 0.00002 0.00002 0.00003 0.00010 0.99981 (11) 10.498 +-  0.133
 119 L   0.00000 0.00000 0.00000 0.00000 0.00000 0.00000 0.00000 0.00000 0.00001 0.00002 0.99996 (11) 10.500 +-  0.060
 120 T   0.00000 0.00000 0.00000 0.00001 0.00001 0.00002 0.00002 0.00003 0.00004 0.00012 0.99976 (11) 10.498 +-  0.152
 121 L   0.00005 0.00007 0.00010 0.00014 0.00018 0.00022 0.00026 0.00031 0.00038 0.00109 0.99719 (11) 10.473 +-  0.517
 122 Y   0.00000 0.00000 0.00000 0.00000 0.00001 0.00001 0.00001 0.00002 0.00003 0.00009 0.99983 (11) 10.498 +-  0.127
 123 R   0.00000 0.00000 0.00000 0.00001 0.00001 0.00002 0.00002 0.00003 0.00004 0.00012 0.99975 (11) 10.498 +-  0.153
 124 T   0.00003 0.00004 0.00006 0.00008 0.00010 0.00013 0.00015 0.00018 0.00022 0.00064 0.99837 (11) 10.484 +-  0.394
 125 Q   0.00002 0.00003 0.00004 0.00006 0.00008 0.00009 0.00011 0.00013 0.00016 0.00047 0.99879 (11) 10.488 +-  0.339
 126 I   0.00003 0.00003 0.00005 0.00007 0.00009 0.00011 0.00014 0.00016 0.00019 0.00056 0.99856 (11) 10.486 +-  0.371
 127 K   0.00002 0.00002 0.00004 0.00005 0.00007 0.00008 0.00010 0.00012 0.00014 0.00041 0.99895 (11) 10.490 +-  0.317
 128 E   0.00000 0.00000 0.00000 0.00000 0.00000 0.00000 0.00000 0.00000 0.00000 0.00001 0.99998 (11) 10.500 +-  0.047
 129 N   0.00000 0.00000 0.00000 0.00000 0.00001 0.00001 0.00002 0.00002 0.00003 0.00010 0.99981 (11) 10.498 +-  0.133
 130 E   0.00449 0.00181 0.00171 0.00168 0.00168 0.00169 0.00170 0.00174 0.00187 0.00485 0.97678 (11) 10.268 +-  1.506
 131 S   0.00005 0.00006 0.00010 0.00014 0.00018 0.00022 0.00026 0.00030 0.00037 0.00106 0.99726 (11) 10.473 +-  0.510
 132 F   0.00001 0.00001 0.00002 0.00003 0.00004 0.00005 0.00006 0.00008 0.00010 0.00029 0.99931 (11) 10.493 +-  0.255
 133 E   0.00006 0.00007 0.00011 0.00015 0.00020 0.00024 0.00029 0.00034 0.00041 0.00119 0.99693 (11) 10.470 +-  0.541
 134 N   0.00006 0.00007 0.00011 0.00016 0.00020 0.00024 0.00029 0.00034 0.00042 0.00120 0.99691 (11) 10.470 +-  0.542
 135 I   0.00000 0.00000 0.00001 0.00001 0.00002 0.00002 0.00003 0.00004 0.00005 0.00014 0.99969 (11) 10.497 +-  0.172
 136 Q   0.00000 0.00000 0.00000 0.00000 0.00000 0.00000 0.00000 0.00000 0.00000 0.00001 0.99998 (11) 10.500 +-  0.041
 137 E   0.01152 0.00465 0.00438 0.00431 0.00430 0.00431 0.00434 0.00443 0.00475 0.01227 0.94074 (11)  9.908 +-  2.361
 138 R   0.00000 0.00000 0.00000 0.00000 0.00001 0.00001 0.00002 0.00002 0.00003 0.00010 0.99981 (11) 10.498 +-  0.134
 139 I   0.00004 0.00005 0.00007 0.00010 0.00013 0.00016 0.00019 0.00023 0.00028 0.00081 0.99793 (11) 10.480 +-  0.444
 140 N   0.00000 0.00000 0.00000 0.00000 0.00001 0.00001 0.00002 0.00002 0.00003 0.00010 0.99981 (11) 10.498 +-  0.135
 141 P   0.00006 0.00007 0.00011 0.00015 0.00019 0.00023 0.00028 0.00033 0.00040 0.00114 0.99706 (11) 10.471 +-  0.529
 142 P   0.00000 0.00000 0.00000 0.00000 0.00000 0.00000 0.00001 0.00001 0.00001 0.00003 0.99994 (11) 10.499 +-  0.077
 143 H   0.00003 0.00004 0.00006 0.00009 0.00011 0.00014 0.00016 0.00019 0.00023 0.00067 0.99828 (11) 10.483 +-  0.405
 144 S   0.00006 0.00007 0.00011 0.00015 0.00019 0.00023 0.00028 0.00033 0.00040 0.00114 0.99706 (11) 10.471 +-  0.529
 145 F   0.00000 0.00000 0.00000 0.00000 0.00000 0.00000 0.00000 0.00001 0.00001 0.00003 0.99994 (11) 10.499 +-  0.075
 146 Q   0.00001 0.00001 0.00001 0.00002 0.00002 0.00003 0.00004 0.00005 0.00006 0.00020 0.99955 (11) 10.496 +-  0.207
 147 F   0.00000 0.00000 0.00000 0.00001 0.00001 0.00001 0.00002 0.00002 0.00003 0.00011 0.99979 (11) 10.498 +-  0.141
 148 Y   0.00005 0.00006 0.00010 0.00014 0.00018 0.00022 0.00026 0.00031 0.00038 0.00109 0.99721 (11) 10.473 +-  0.516
 149 R   0.00000 0.00000 0.00001 0.00001 0.00001 0.00002 0.00002 0.00003 0.00004 0.00013 0.99973 (11) 10.497 +-  0.159

Positively selected sites

	Prob(w>1)  mean w

     1 M      0.938         9.882 +- 2.408
     2 P      0.945         9.955 +- 2.271
     3 T      0.945         9.951 +- 2.279
     4 V      0.944         9.945 +- 2.290
     5 G      0.944         9.943 +- 2.294
     6 Q      0.939         9.892 +- 2.389
     7 K      0.939         9.893 +- 2.388
     8 I      0.940         9.903 +- 2.370
     9 E      0.941         9.908 +- 2.361
    10 V      0.943         9.934 +- 2.311
    11 F      0.942         9.923 +- 2.333
    12 V      0.944         9.944 +- 2.292
    13 T      0.944         9.937 +- 2.306
    14 S      0.945         9.949 +- 2.282
    15 A      0.945         9.952 +- 2.275
    16 K      0.940         9.902 +- 2.372
    17 Y      0.942         9.924 +- 2.330
    18 E      0.941         9.908 +- 2.361
    19 W      1.000**       10.496 +- 0.196
    20 K      0.997**       10.472 +- 0.527
    21 P      0.997**       10.475 +- 0.493
    22 D      1.000**       10.498 +- 0.140
    23 L      1.000**       10.499 +- 0.081
    24 K      1.000**       10.498 +- 0.130
    25 S      1.000**       10.498 +- 0.135
    26 P      0.997**       10.472 +- 0.521
    27 R      1.000**       10.499 +- 0.120
    28 W      1.000**       10.500 +- 0.036
    29 K      0.997**       10.469 +- 0.546
    30 T      1.000**       10.498 +- 0.126
    31 C      1.000**       10.500 +- 0.069
    32 Y      1.000**       10.498 +- 0.139
    33 N      1.000**       10.499 +- 0.104
    34 V      1.000**       10.499 +- 0.100
    35 A      1.000**       10.498 +- 0.136
    36 E      1.000**       10.498 +- 0.142
    37 F      0.997**       10.471 +- 0.529
    38 N      1.000**       10.499 +- 0.097
    39 K      1.000**       10.498 +- 0.138
    40 H      0.997**       10.475 +- 0.498
    41 I      1.000**       10.499 +- 0.084
    42 R      0.997**       10.472 +- 0.522
    43 K      1.000**       10.500 +- 0.046
    44 F      1.000**       10.500 +- 0.046
    45 S      1.000**       10.498 +- 0.133
    46 L      1.000**       10.499 +- 0.114
    47 R      1.000**       10.498 +- 0.126
    48 E      0.940         9.899 +- 2.377
    49 G      1.000**       10.498 +- 0.133
    50 Y      1.000**       10.500 +- 0.053
    51 Y      1.000**       10.500 +- 0.054
    52 E      1.000**       10.500 +- 0.046
    53 L      0.998**       10.479 +- 0.456
    54 V      1.000**       10.498 +- 0.136
    55 L      1.000**       10.498 +- 0.127
    56 F      1.000**       10.499 +- 0.120
    57 I      0.998**       10.480 +- 0.444
    58 R      1.000**       10.495 +- 0.210
    59 A      0.997**       10.473 +- 0.516
    60 A      1.000**       10.498 +- 0.133
    61 V      1.000**       10.500 +- 0.049
    62 T      1.000**       10.500 +- 0.044
    63 P      1.000**       10.500 +- 0.063
    64 S      1.000**       10.500 +- 0.054
    65 E      1.000**       10.496 +- 0.198
    66 F      1.000**       10.499 +- 0.071
    67 L      1.000**       10.500 +- 0.039
    68 V      1.000**       10.500 +- 0.050
    69 V      1.000**       10.499 +- 0.072
    70 G      0.997**       10.473 +- 0.510
    71 N      1.000**       10.500 +- 0.045
    72 S      1.000**       10.500 +- 0.038
    73 R      0.966*        10.161 +- 1.809
    74 V      1.000**       10.499 +- 0.100
    75 P      0.998**       10.479 +- 0.448
    76 E      1.000**       10.500 +- 0.052
    77 R      1.000**       10.499 +- 0.090
    78 N      1.000**       10.500 +- 0.042
    79 L      1.000**       10.498 +- 0.128
    80 L      0.942         9.924 +- 2.331
    81 S      1.000**       10.498 +- 0.135
    82 E      1.000**       10.500 +- 0.044
    83 A      1.000**       10.500 +- 0.044
    84 L      1.000**       10.500 +- 0.052
    85 G      1.000**       10.498 +- 0.137
    86 R      1.000**       10.500 +- 0.044
    87 K      1.000**       10.500 +- 0.042
    88 E      1.000**       10.498 +- 0.131
    89 L      0.997**       10.473 +- 0.517
    90 E      1.000**       10.500 +- 0.045
    91 R      1.000**       10.498 +- 0.129
    92 R      1.000**       10.500 +- 0.038
    93 I      0.997**       10.475 +- 0.496
    94 F      1.000**       10.498 +- 0.141
    95 F      1.000**       10.500 +- 0.046
    96 F      1.000**       10.499 +- 0.108
    97 T      1.000**       10.498 +- 0.135
    98 M      1.000**       10.500 +- 0.061
    99 E      1.000**       10.500 +- 0.041
   100 H      0.997**       10.469 +- 0.546
   101 I      0.998**       10.476 +- 0.486
   102 D      1.000**       10.498 +- 0.136
   103 V      1.000**       10.498 +- 0.127
   104 I      1.000**       10.500 +- 0.041
   105 D      0.997**       10.469 +- 0.546
   106 P      1.000**       10.498 +- 0.132
   107 N      1.000**       10.498 +- 0.135
   108 H      1.000**       10.498 +- 0.143
   109 S      1.000**       10.500 +- 0.058
   110 S      1.000**       10.498 +- 0.135
   111 E      0.999**       10.490 +- 0.317
   112 D      0.998**       10.483 +- 0.411
   113 P      1.000**       10.500 +- 0.054
   114 K      0.997**       10.474 +- 0.506
   115 A      0.997**       10.474 +- 0.504
   116 M      1.000**       10.496 +- 0.197
   117 R      1.000**       10.496 +- 0.204
   118 G      1.000**       10.498 +- 0.133
   119 L      1.000**       10.500 +- 0.060
   120 T      1.000**       10.498 +- 0.152
   121 L      0.997**       10.473 +- 0.517
   122 Y      1.000**       10.498 +- 0.127
   123 R      1.000**       10.498 +- 0.153
   124 T      0.998**       10.484 +- 0.394
   125 Q      0.999**       10.488 +- 0.339
   126 I      0.999**       10.486 +- 0.371
   127 K      0.999**       10.490 +- 0.317
   128 E      1.000**       10.500 +- 0.047
   129 N      1.000**       10.498 +- 0.133
   130 E      0.977*        10.268 +- 1.506
   131 S      0.997**       10.473 +- 0.510
   132 F      0.999**       10.493 +- 0.255
   133 E      0.997**       10.470 +- 0.541
   134 N      0.997**       10.470 +- 0.542
   135 I      1.000**       10.497 +- 0.172
   136 Q      1.000**       10.500 +- 0.041
   137 E      0.941         9.908 +- 2.361
   138 R      1.000**       10.498 +- 0.134
   139 I      0.998**       10.480 +- 0.444
   140 N      1.000**       10.498 +- 0.135
   141 P      0.997**       10.471 +- 0.529
   142 P      1.000**       10.499 +- 0.077
   143 H      0.998**       10.483 +- 0.405
   144 S      0.997**       10.471 +- 0.529
   145 F      1.000**       10.499 +- 0.075
   146 Q      1.000**       10.496 +- 0.207
   147 F      1.000**       10.498 +- 0.141
   148 Y      0.997**       10.473 +- 0.516
   149 R      1.000**       10.497 +- 0.159

