Supplemental results for CODEML (seqf: algn  treef: tree)


dN/dS (w) for site classes (K=9)

p:   0.12500  0.12500  0.12500  0.12500  0.12500  0.12500  0.12500  0.12500  0.00001
w:   0.20244  0.22489  0.23929  0.25158  0.26351  0.27632  0.29205  0.31828  1.00000

Naive Empirical Bayes (NEB) probabilities for 9 classes & postmean_w
(amino acids refer to 1st sequence: Mlig.20524)

   1 M   0.12535 0.12521 0.12512 0.12504 0.12497 0.12489 0.12479 0.12462 0.00001 ( 1)  0.258
   2 Q   0.12535 0.12521 0.12512 0.12504 0.12497 0.12489 0.12479 0.12463 0.00001 ( 1)  0.258
   3 T   0.12521 0.12513 0.12507 0.12502 0.12498 0.12493 0.12487 0.12477 0.00001 ( 1)  0.259
   4 L   0.12526 0.12516 0.12509 0.12503 0.12498 0.12491 0.12484 0.12472 0.00001 ( 1)  0.259
   5 L   0.12526 0.12516 0.12509 0.12503 0.12498 0.12491 0.12484 0.12472 0.00001 ( 1)  0.259
   6 S   0.12547 0.12528 0.12516 0.12506 0.12496 0.12485 0.12472 0.12450 0.00001 ( 1)  0.258
   7 L   0.12553 0.12532 0.12518 0.12506 0.12495 0.12483 0.12468 0.12443 0.00001 ( 1)  0.258
   8 A   0.12547 0.12528 0.12516 0.12506 0.12496 0.12485 0.12471 0.12449 0.00001 ( 1)  0.258
   9 I   0.12551 0.12531 0.12517 0.12506 0.12495 0.12484 0.12469 0.12445 0.00001 ( 1)  0.258
  10 A   0.12547 0.12528 0.12516 0.12506 0.12496 0.12485 0.12471 0.12449 0.00001 ( 1)  0.258
  11 L   0.12553 0.12532 0.12518 0.12506 0.12495 0.12483 0.12468 0.12443 0.00001 ( 1)  0.258
  12 L   0.12553 0.12532 0.12518 0.12506 0.12495 0.12483 0.12468 0.12443 0.00001 ( 1)  0.258
  13 G   0.12550 0.12530 0.12517 0.12506 0.12495 0.12484 0.12470 0.12446 0.00001 ( 1)  0.258
  14 C   0.12507 0.12504 0.12502 0.12501 0.12499 0.12498 0.12495 0.12492 0.00001 ( 1)  0.259
  15 L   0.12553 0.12532 0.12518 0.12506 0.12495 0.12483 0.12468 0.12443 0.00001 ( 1)  0.258
  16 A   0.12547 0.12528 0.12516 0.12506 0.12496 0.12485 0.12471 0.12449 0.00001 ( 1)  0.258
  17 A   0.12547 0.12528 0.12516 0.12506 0.12496 0.12485 0.12471 0.12449 0.00001 ( 1)  0.258
  18 G   0.12550 0.12530 0.12517 0.12506 0.12495 0.12484 0.12470 0.12446 0.00001 ( 1)  0.258
  19 A   0.12547 0.12528 0.12516 0.12506 0.12496 0.12485 0.12471 0.12449 0.00001 ( 1)  0.258
  20 A   0.12515 0.12509 0.12505 0.12502 0.12499 0.12495 0.12491 0.12484 0.00001 ( 1)  0.259
  21 A   0.09819 0.10895 0.11583 0.12170 0.12739 0.13350 0.14098 0.15343 0.00004 ( 8)  0.263
  22 Q   0.12535 0.12521 0.12512 0.12504 0.12497 0.12489 0.12479 0.12463 0.00001 ( 1)  0.258
  23 N   0.12508 0.12505 0.12503 0.12501 0.12499 0.12497 0.12495 0.12491 0.00001 ( 1)  0.259
  24 P   0.12548 0.12528 0.12516 0.12506 0.12496 0.12485 0.12471 0.12449 0.00001 ( 1)  0.258
  25 C   0.12542 0.12525 0.12514 0.12505 0.12496 0.12486 0.12475 0.12455 0.00001 ( 1)  0.258
  26 C   0.12542 0.12525 0.12514 0.12505 0.12496 0.12486 0.12475 0.12455 0.00001 ( 1)  0.258
  27 G   0.12504 0.12502 0.12501 0.12500 0.12499 0.12499 0.12497 0.12495 0.00001 ( 1)  0.259
  28 P   0.12526 0.12515 0.12509 0.12503 0.12498 0.12492 0.12485 0.12473 0.00001 ( 1)  0.259
  29 R   0.12550 0.12530 0.12517 0.12506 0.12495 0.12484 0.12470 0.12446 0.00001 ( 1)  0.258
  30 Q   0.12535 0.12521 0.12512 0.12504 0.12497 0.12489 0.12479 0.12463 0.00001 ( 1)  0.258
  31 F   0.12549 0.12529 0.12517 0.12506 0.12496 0.12484 0.12471 0.12448 0.00001 ( 1)  0.258
  32 Q   0.12535 0.12521 0.12512 0.12504 0.12497 0.12489 0.12479 0.12463 0.00001 ( 1)  0.258
  33 A   0.12525 0.12515 0.12509 0.12503 0.12498 0.12492 0.12485 0.12473 0.00001 ( 1)  0.259
  34 L   0.12526 0.12516 0.12509 0.12503 0.12498 0.12491 0.12484 0.12472 0.00001 ( 1)  0.259
  35 L   0.12526 0.12516 0.12509 0.12503 0.12498 0.12491 0.12484 0.12472 0.00001 ( 1)  0.259
  36 A   0.12547 0.12528 0.12516 0.12506 0.12496 0.12485 0.12471 0.12449 0.00001 ( 1)  0.258
  37 I   0.12551 0.12531 0.12517 0.12506 0.12495 0.12484 0.12469 0.12445 0.00001 ( 1)  0.258
  38 R   0.12504 0.12502 0.12501 0.12500 0.12500 0.12499 0.12498 0.12496 0.00001 ( 1)  0.259
  39 F   0.12549 0.12529 0.12517 0.12506 0.12496 0.12484 0.12471 0.12448 0.00001 ( 1)  0.258
  40 S   0.12547 0.12528 0.12516 0.12506 0.12496 0.12485 0.12472 0.12450 0.00001 ( 1)  0.258
  41 P   0.12526 0.12515 0.12509 0.12503 0.12498 0.12492 0.12485 0.12473 0.00001 ( 1)  0.259
  42 N   0.12508 0.12505 0.12503 0.12501 0.12499 0.12497 0.12495 0.12491 0.00001 ( 1)  0.259
  43 S   0.12547 0.12528 0.12516 0.12506 0.12496 0.12485 0.12472 0.12450 0.00001 ( 1)  0.258
  44 T   0.12539 0.12523 0.12513 0.12505 0.12496 0.12487 0.12476 0.12458 0.00001 ( 1)  0.258
  45 Y   0.12536 0.12522 0.12512 0.12504 0.12497 0.12488 0.12478 0.12461 0.00001 ( 1)  0.258
  46 R   0.12510 0.12506 0.12503 0.12501 0.12499 0.12497 0.12494 0.12489 0.00001 ( 1)  0.259
  47 E   0.12515 0.12509 0.12505 0.12502 0.12499 0.12495 0.12491 0.12484 0.00001 ( 1)  0.259
  48 A   0.12547 0.12528 0.12516 0.12506 0.12496 0.12485 0.12471 0.12449 0.00001 ( 1)  0.258
  49 F   0.12549 0.12529 0.12517 0.12506 0.12496 0.12484 0.12471 0.12448 0.00001 ( 1)  0.258
  50 S   0.12536 0.12522 0.12512 0.12504 0.12497 0.12488 0.12478 0.12461 0.00001 ( 1)  0.258
  51 N   0.12544 0.12526 0.12515 0.12505 0.12496 0.12486 0.12474 0.12454 0.00001 ( 1)  0.258
  52 L   0.12526 0.12516 0.12509 0.12503 0.12498 0.12491 0.12484 0.12472 0.00001 ( 1)  0.259
  53 A   0.12525 0.12515 0.12509 0.12503 0.12498 0.12492 0.12485 0.12473 0.00001 ( 1)  0.259
  54 F   0.12549 0.12529 0.12517 0.12506 0.12496 0.12484 0.12471 0.12448 0.00001 ( 1)  0.258
  55 D   0.12554 0.12533 0.12519 0.12507 0.12495 0.12483 0.12467 0.12442 0.00001 ( 1)  0.258
  56 F   0.12549 0.12529 0.12517 0.12506 0.12496 0.12484 0.12471 0.12448 0.00001 ( 1)  0.258
  57 T   0.12539 0.12523 0.12513 0.12505 0.12496 0.12487 0.12476 0.12458 0.00001 ( 1)  0.258
  58 R   0.12550 0.12530 0.12517 0.12506 0.12495 0.12484 0.12470 0.12446 0.00001 ( 1)  0.258
  59 Q   0.12535 0.12521 0.12512 0.12504 0.12497 0.12489 0.12479 0.12463 0.00001 ( 1)  0.258
  60 M   0.12535 0.12521 0.12512 0.12504 0.12497 0.12489 0.12479 0.12462 0.00001 ( 1)  0.258
  61 V   0.12528 0.12517 0.12510 0.12503 0.12497 0.12491 0.12483 0.12470 0.00001 ( 1)  0.259
  62 A   0.12547 0.12528 0.12516 0.12506 0.12496 0.12485 0.12471 0.12449 0.00001 ( 1)  0.258
  63 S   0.12547 0.12528 0.12516 0.12506 0.12496 0.12485 0.12472 0.12450 0.00001 ( 1)  0.258
  64 N   0.12544 0.12526 0.12515 0.12505 0.12496 0.12486 0.12474 0.12454 0.00001 ( 1)  0.258
  65 E   0.12534 0.12520 0.12512 0.12504 0.12497 0.12489 0.12479 0.12463 0.00001 ( 1)  0.258
  66 T   0.12521 0.12513 0.12507 0.12502 0.12498 0.12493 0.12487 0.12477 0.00001 ( 1)  0.259
  67 L   0.12526 0.12516 0.12509 0.12503 0.12498 0.12491 0.12484 0.12472 0.00001 ( 1)  0.259
  68 I   0.12510 0.12506 0.12503 0.12501 0.12499 0.12497 0.12494 0.12489 0.00001 ( 1)  0.259
  69 G   0.12550 0.12530 0.12517 0.12506 0.12495 0.12484 0.12470 0.12446 0.00001 ( 1)  0.258
  70 G   0.12550 0.12530 0.12517 0.12506 0.12495 0.12484 0.12470 0.12446 0.00001 ( 1)  0.258
  71 R   0.12550 0.12530 0.12517 0.12506 0.12495 0.12484 0.12470 0.12446 0.00001 ( 1)  0.258
  72 L   0.12526 0.12516 0.12509 0.12503 0.12498 0.12491 0.12484 0.12472 0.00001 ( 1)  0.259
  73 V   0.12528 0.12517 0.12510 0.12503 0.12497 0.12491 0.12483 0.12470 0.00001 ( 1)  0.259
  74 T   0.12504 0.12503 0.12501 0.12500 0.12499 0.12498 0.12497 0.12495 0.00001 ( 1)  0.259
  75 N   0.09825 0.10899 0.11586 0.12172 0.12739 0.13348 0.14093 0.15334 0.00004 ( 8)  0.263
  76 Q   0.12535 0.12521 0.12512 0.12504 0.12497 0.12489 0.12479 0.12463 0.00001 ( 1)  0.258
  77 R   0.12550 0.12530 0.12517 0.12506 0.12495 0.12484 0.12470 0.12446 0.00001 ( 1)  0.258
  78 V   0.12528 0.12517 0.12510 0.12503 0.12497 0.12491 0.12483 0.12470 0.00001 ( 1)  0.259
  79 L   0.12526 0.12516 0.12509 0.12503 0.12498 0.12491 0.12484 0.12472 0.00001 ( 1)  0.259
  80 V   0.12506 0.12503 0.12502 0.12501 0.12499 0.12498 0.12496 0.12494 0.00001 ( 1)  0.259
  81 D   0.12554 0.12533 0.12519 0.12507 0.12495 0.12483 0.12467 0.12442 0.00001 ( 1)  0.258
  82 G   0.12550 0.12530 0.12517 0.12506 0.12495 0.12484 0.12470 0.12446 0.00001 ( 1)  0.258
  83 H   0.12554 0.12532 0.12518 0.12507 0.12495 0.12483 0.12467 0.12442 0.00001 ( 1)  0.258
  84 R   0.12525 0.12515 0.12508 0.12503 0.12498 0.12492 0.12485 0.12473 0.00001 ( 1)  0.259
  85 R   0.12506 0.12503 0.12502 0.12501 0.12499 0.12498 0.12497 0.12494 0.00001 ( 1)  0.259
  86 T   0.12521 0.12513 0.12507 0.12502 0.12498 0.12493 0.12487 0.12477 0.00001 ( 1)  0.259
  87 M   0.12535 0.12521 0.12512 0.12504 0.12497 0.12489 0.12479 0.12462 0.00001 ( 1)  0.258
  88 Y   0.12536 0.12522 0.12512 0.12504 0.12497 0.12488 0.12478 0.12461 0.00001 ( 1)  0.258
  89 I   0.12551 0.12531 0.12517 0.12506 0.12495 0.12484 0.12469 0.12445 0.00001 ( 1)  0.258
  90 V   0.12528 0.12517 0.12510 0.12503 0.12497 0.12491 0.12483 0.12470 0.00001 ( 1)  0.259
  91 D   0.12554 0.12533 0.12519 0.12507 0.12495 0.12483 0.12467 0.12442 0.00001 ( 1)  0.258
  92 H   0.12554 0.12532 0.12518 0.12507 0.12495 0.12483 0.12467 0.12442 0.00001 ( 1)  0.258
  93 R   0.12550 0.12530 0.12517 0.12506 0.12495 0.12484 0.12470 0.12446 0.00001 ( 1)  0.258
  94 S   0.12547 0.12528 0.12516 0.12506 0.12496 0.12485 0.12472 0.12450 0.00001 ( 1)  0.258
  95 R   0.12550 0.12530 0.12517 0.12506 0.12495 0.12484 0.12470 0.12446 0.00001 ( 1)  0.258
  96 E   0.12515 0.12509 0.12505 0.12502 0.12499 0.12495 0.12491 0.12484 0.00001 ( 1)  0.259
  97 C   0.12542 0.12525 0.12514 0.12505 0.12496 0.12486 0.12475 0.12455 0.00001 ( 1)  0.258
  98 R   0.12550 0.12530 0.12517 0.12506 0.12495 0.12484 0.12470 0.12446 0.00001 ( 1)  0.258
  99 I   0.12551 0.12531 0.12517 0.12506 0.12495 0.12484 0.12469 0.12445 0.00001 ( 1)  0.258
 100 V   0.12553 0.12531 0.12518 0.12506 0.12495 0.12483 0.12468 0.12444 0.00001 ( 1)  0.258
 101 A   0.12547 0.12528 0.12516 0.12506 0.12496 0.12485 0.12471 0.12449 0.00001 ( 1)  0.258
 102 L   0.12526 0.12516 0.12509 0.12503 0.12498 0.12491 0.12484 0.12472 0.00001 ( 1)  0.259
 103 T   0.12521 0.12513 0.12507 0.12502 0.12498 0.12493 0.12487 0.12477 0.00001 ( 1)  0.259
 104 R   0.12550 0.12530 0.12517 0.12506 0.12495 0.12484 0.12470 0.12446 0.00001 ( 1)  0.258
 105 G   0.12504 0.12502 0.12501 0.12500 0.12499 0.12499 0.12497 0.12495 0.00001 ( 1)  0.259
 106 V   0.12506 0.12503 0.12502 0.12501 0.12499 0.12498 0.12496 0.12494 0.00001 ( 1)  0.259
 107 E   0.12534 0.12520 0.12512 0.12504 0.12497 0.12489 0.12479 0.12463 0.00001 ( 1)  0.258
 108 A   0.12525 0.12515 0.12509 0.12503 0.12498 0.12492 0.12485 0.12473 0.00001 ( 1)  0.259
 109 P   0.12548 0.12528 0.12516 0.12506 0.12496 0.12485 0.12471 0.12449 0.00001 ( 1)  0.258
 110 C   0.12542 0.12525 0.12514 0.12505 0.12496 0.12486 0.12475 0.12455 0.00001 ( 1)  0.258
 111 V   0.12528 0.12517 0.12510 0.12503 0.12497 0.12491 0.12483 0.12470 0.00001 ( 1)  0.259
 112 P   0.12548 0.12528 0.12516 0.12506 0.12496 0.12485 0.12471 0.12449 0.00001 ( 1)  0.258
 113 N   0.12544 0.12526 0.12515 0.12505 0.12496 0.12486 0.12474 0.12454 0.00001 ( 1)  0.258
 114 N   0.12508 0.12505 0.12503 0.12501 0.12499 0.12497 0.12495 0.12491 0.00001 ( 1)  0.259
 115 F   0.12549 0.12529 0.12517 0.12506 0.12496 0.12484 0.12471 0.12448 0.00001 ( 1)  0.258
 116 R   0.12550 0.12530 0.12517 0.12506 0.12495 0.12484 0.12470 0.12446 0.00001 ( 1)  0.258
 117 G   0.12550 0.12530 0.12517 0.12506 0.12495 0.12484 0.12470 0.12446 0.00001 ( 1)  0.258
 118 E   0.12534 0.12520 0.12512 0.12504 0.12497 0.12489 0.12479 0.12463 0.00001 ( 1)  0.258
 119 G   0.12550 0.12530 0.12517 0.12506 0.12495 0.12484 0.12470 0.12446 0.00001 ( 1)  0.258
 120 T   0.12539 0.12523 0.12513 0.12505 0.12496 0.12487 0.12476 0.12458 0.00001 ( 1)  0.258
 121 L   0.12506 0.12503 0.12502 0.12501 0.12499 0.12498 0.12496 0.12494 0.00001 ( 1)  0.259
 122 H   0.12554 0.12532 0.12518 0.12507 0.12495 0.12483 0.12467 0.12442 0.00001 ( 1)  0.258
 123 F   0.12549 0.12529 0.12517 0.12506 0.12496 0.12484 0.12471 0.12448 0.00001 ( 1)  0.258
 124 G   0.12527 0.12516 0.12509 0.12503 0.12497 0.12491 0.12484 0.12471 0.00001 ( 1)  0.259
 125 A   0.12547 0.12528 0.12516 0.12506 0.12496 0.12485 0.12471 0.12449 0.00001 ( 1)  0.258
 126 G   0.12550 0.12530 0.12517 0.12506 0.12495 0.12484 0.12470 0.12446 0.00001 ( 1)  0.258
 127 R   0.12525 0.12515 0.12508 0.12503 0.12498 0.12492 0.12485 0.12473 0.00001 ( 1)  0.259
 128 D   0.12554 0.12533 0.12519 0.12507 0.12495 0.12483 0.12467 0.12442 0.00001 ( 1)  0.258
 129 L   0.12553 0.12532 0.12518 0.12506 0.12495 0.12483 0.12468 0.12443 0.00001 ( 1)  0.258
 130 L   0.12553 0.12532 0.12518 0.12506 0.12495 0.12483 0.12468 0.12443 0.00001 ( 1)  0.258
 131 S   0.12547 0.12528 0.12516 0.12506 0.12496 0.12485 0.12472 0.12450 0.00001 ( 1)  0.258
 132 F   0.12549 0.12529 0.12517 0.12506 0.12496 0.12484 0.12471 0.12448 0.00001 ( 1)  0.258
 133 N   0.12544 0.12526 0.12515 0.12505 0.12496 0.12486 0.12474 0.12454 0.00001 ( 1)  0.258
 134 S   0.12547 0.12528 0.12516 0.12506 0.12496 0.12485 0.12472 0.12450 0.00001 ( 1)  0.258
 135 F   0.12549 0.12529 0.12517 0.12506 0.12496 0.12484 0.12471 0.12448 0.00001 ( 1)  0.258
 136 R   0.12550 0.12530 0.12517 0.12506 0.12495 0.12484 0.12470 0.12446 0.00001 ( 1)  0.258
 137 G   0.12550 0.12530 0.12517 0.12506 0.12495 0.12484 0.12470 0.12446 0.00001 ( 1)  0.258
 138 R   0.12504 0.12502 0.12501 0.12500 0.12500 0.12499 0.12498 0.12496 0.00001 ( 1)  0.259
 139 V   0.12528 0.12517 0.12510 0.12503 0.12497 0.12491 0.12483 0.12470 0.00001 ( 1)  0.259
 140 G   0.12550 0.12530 0.12517 0.12506 0.12495 0.12484 0.12470 0.12446 0.00001 ( 1)  0.258
 141 E   0.12534 0.12520 0.12512 0.12504 0.12497 0.12489 0.12479 0.12463 0.00001 ( 1)  0.258
 142 F   0.12549 0.12529 0.12517 0.12506 0.12496 0.12484 0.12471 0.12448 0.00001 ( 1)  0.258
 143 E   0.12534 0.12520 0.12512 0.12504 0.12497 0.12489 0.12479 0.12463 0.00001 ( 1)  0.258
 144 A   0.12505 0.12503 0.12502 0.12501 0.12499 0.12498 0.12497 0.12494 0.00001 ( 1)  0.259
 145 Q   0.12515 0.12509 0.12505 0.12502 0.12499 0.12495 0.12491 0.12484 0.00001 ( 1)  0.259
 146 V   0.12528 0.12517 0.12510 0.12503 0.12497 0.12491 0.12483 0.12470 0.00001 ( 1)  0.259
 147 S   0.12536 0.12522 0.12512 0.12504 0.12497 0.12488 0.12478 0.12461 0.00001 ( 1)  0.258
 148 V   0.12553 0.12531 0.12518 0.12506 0.12495 0.12483 0.12468 0.12444 0.00001 ( 1)  0.258
 149 T   0.12539 0.12523 0.12513 0.12505 0.12496 0.12487 0.12476 0.12458 0.00001 ( 1)  0.258
 150 K   0.12526 0.12515 0.12509 0.12503 0.12498 0.12492 0.12485 0.12473 0.00001 ( 1)  0.259
 151 A   0.12547 0.12528 0.12516 0.12506 0.12496 0.12485 0.12471 0.12449 0.00001 ( 1)  0.258
 152 S   0.12504 0.12502 0.12501 0.12500 0.12500 0.12499 0.12497 0.12496 0.00001 ( 1)  0.259
 153 C   0.12542 0.12525 0.12514 0.12505 0.12496 0.12486 0.12475 0.12455 0.00001 ( 1)  0.258
 154 V   0.12528 0.12517 0.12510 0.12503 0.12497 0.12491 0.12483 0.12470 0.00001 ( 1)  0.259
 155 P   0.12548 0.12528 0.12516 0.12506 0.12496 0.12485 0.12471 0.12449 0.00001 ( 1)  0.258
 156 I   0.12551 0.12531 0.12517 0.12506 0.12495 0.12484 0.12469 0.12445 0.00001 ( 1)  0.258
 157 S   0.12502 0.12501 0.12501 0.12500 0.12500 0.12499 0.12498 0.12497 0.00001 ( 1)  0.259
 158 Q   0.12535 0.12521 0.12512 0.12504 0.12497 0.12489 0.12479 0.12463 0.00001 ( 1)  0.258
 159 S   0.12519 0.12512 0.12507 0.12502 0.12498 0.12494 0.12488 0.12479 0.00001 ( 1)  0.259
 160 V   0.12553 0.12531 0.12518 0.12506 0.12495 0.12483 0.12468 0.12444 0.00001 ( 1)  0.258
 161 F   0.12549 0.12529 0.12517 0.12506 0.12496 0.12484 0.12471 0.12448 0.00001 ( 1)  0.258
 162 N   0.12544 0.12526 0.12515 0.12505 0.12496 0.12486 0.12474 0.12454 0.00001 ( 1)  0.258
 163 H   0.12554 0.12532 0.12518 0.12507 0.12495 0.12483 0.12467 0.12442 0.00001 ( 1)  0.258
 164 R   0.12550 0.12530 0.12517 0.12506 0.12495 0.12484 0.12470 0.12446 0.00001 ( 1)  0.258
 165 F   0.12509 0.12505 0.12503 0.12501 0.12499 0.12497 0.12494 0.12490 0.00001 ( 1)  0.259
 166 H   0.12554 0.12532 0.12518 0.12507 0.12495 0.12483 0.12467 0.12442 0.00001 ( 1)  0.258
 167 E   0.12534 0.12520 0.12512 0.12504 0.12497 0.12489 0.12479 0.12463 0.00001 ( 1)  0.258
 168 V   0.12553 0.12531 0.12518 0.12506 0.12495 0.12483 0.12468 0.12444 0.00001 ( 1)  0.258
 169 E   0.12534 0.12520 0.12512 0.12504 0.12497 0.12489 0.12479 0.12463 0.00001 ( 1)  0.258
 170 S   0.12547 0.12528 0.12516 0.12506 0.12496 0.12485 0.12472 0.12450 0.00001 ( 1)  0.258
 171 Y   0.12536 0.12522 0.12512 0.12504 0.12497 0.12488 0.12478 0.12461 0.00001 ( 1)  0.258
 172 L   0.12526 0.12516 0.12509 0.12503 0.12498 0.12491 0.12484 0.12472 0.00001 ( 1)  0.259
 173 N   0.12544 0.12526 0.12515 0.12505 0.12496 0.12486 0.12474 0.12454 0.00001 ( 1)  0.258
 174 V   0.12528 0.12517 0.12510 0.12503 0.12497 0.12491 0.12483 0.12470 0.00001 ( 1)  0.259
 175 T   0.12539 0.12523 0.12513 0.12505 0.12496 0.12487 0.12476 0.12458 0.00001 ( 1)  0.258
 176 L   0.12553 0.12532 0.12518 0.12506 0.12495 0.12483 0.12468 0.12443 0.00001 ( 1)  0.258
 177 G   0.12504 0.12502 0.12501 0.12500 0.12499 0.12499 0.12497 0.12495 0.00001 ( 1)  0.259
 178 V   0.12553 0.12531 0.12518 0.12506 0.12495 0.12483 0.12468 0.12444 0.00001 ( 1)  0.258
 179 R   0.12523 0.12514 0.12508 0.12503 0.12498 0.12492 0.12486 0.12475 0.00001 ( 1)  0.259
 180 D   0.12554 0.12533 0.12519 0.12507 0.12495 0.12483 0.12467 0.12442 0.00001 ( 1)  0.258
 181 P   0.12548 0.12528 0.12516 0.12506 0.12496 0.12485 0.12471 0.12449 0.00001 ( 1)  0.258
 182 A   0.12547 0.12528 0.12516 0.12506 0.12496 0.12485 0.12471 0.12449 0.00001 ( 1)  0.258
 183 V   0.12528 0.12517 0.12510 0.12503 0.12497 0.12491 0.12483 0.12470 0.00001 ( 1)  0.259
 184 F   0.12549 0.12529 0.12517 0.12506 0.12496 0.12484 0.12471 0.12448 0.00001 ( 1)  0.258
 185 R   0.12550 0.12530 0.12517 0.12506 0.12495 0.12484 0.12470 0.12446 0.00001 ( 1)  0.258
 186 V   0.12528 0.12517 0.12510 0.12503 0.12497 0.12491 0.12483 0.12470 0.00001 ( 1)  0.259
 187 P   0.12504 0.12503 0.12501 0.12500 0.12499 0.12498 0.12497 0.12495 0.00001 ( 1)  0.259
 188 P   0.12526 0.12515 0.12509 0.12503 0.12498 0.12492 0.12485 0.12473 0.00001 ( 1)  0.259
 189 E   0.12534 0.12520 0.12512 0.12504 0.12497 0.12489 0.12479 0.12463 0.00001 ( 1)  0.258
 190 C   0.12542 0.12525 0.12514 0.12505 0.12496 0.12486 0.12475 0.12455 0.00001 ( 1)  0.258
 191 S   0.12517 0.12510 0.12506 0.12502 0.12498 0.12494 0.12490 0.12482 0.00001 ( 1)  0.259
 192 R   0.12523 0.12514 0.12508 0.12503 0.12498 0.12492 0.12486 0.12475 0.00001 ( 1)  0.259
 193 S   0.12536 0.12522 0.12512 0.12504 0.12497 0.12488 0.12478 0.12461 0.00001 ( 1)  0.258
 194 G   0.12550 0.12530 0.12517 0.12506 0.12495 0.12484 0.12470 0.12446 0.00001 ( 1)  0.258
 195 L   0.12526 0.12516 0.12509 0.12503 0.12498 0.12491 0.12484 0.12472 0.00001 ( 1)  0.259
 196 A   0.12525 0.12515 0.12509 0.12503 0.12498 0.12492 0.12485 0.12473 0.00001 ( 1)  0.259
 197 V   0.12553 0.12531 0.12518 0.12506 0.12495 0.12483 0.12468 0.12444 0.00001 ( 1)  0.258
 198 S   0.12547 0.12528 0.12516 0.12506 0.12496 0.12485 0.12472 0.12450 0.00001 ( 1)  0.258
 199 Q   0.12535 0.12521 0.12512 0.12504 0.12497 0.12489 0.12479 0.12463 0.00001 ( 1)  0.258
 200 L   0.12526 0.12516 0.12509 0.12503 0.12498 0.12491 0.12484 0.12472 0.00001 ( 1)  0.259
 201 S   0.12536 0.12522 0.12512 0.12504 0.12497 0.12488 0.12478 0.12461 0.00001 ( 1)  0.258
 202 Q   0.12535 0.12521 0.12512 0.12504 0.12497 0.12489 0.12479 0.12463 0.00001 ( 1)  0.258
 203 Q   0.12535 0.12521 0.12512 0.12504 0.12497 0.12489 0.12479 0.12463 0.00001 ( 1)  0.258
 204 Q   0.12535 0.12521 0.12512 0.12504 0.12497 0.12489 0.12479 0.12463 0.00001 ( 1)  0.258
 205 L   0.12553 0.12532 0.12518 0.12506 0.12495 0.12483 0.12468 0.12443 0.00001 ( 1)  0.258
 206 P   0.09823 0.10898 0.11585 0.12171 0.12739 0.13348 0.14095 0.15337 0.00004 ( 8)  0.263
 207 A   0.12547 0.12528 0.12516 0.12506 0.12496 0.12485 0.12471 0.12449 0.00001 ( 1)  0.258
 208 S   0.12547 0.12528 0.12516 0.12506 0.12496 0.12485 0.12472 0.12450 0.00001 ( 1)  0.258
 209 S   0.12536 0.12522 0.12512 0.12504 0.12497 0.12488 0.12478 0.12461 0.00001 ( 1)  0.258
 210 V   0.12528 0.12517 0.12510 0.12503 0.12497 0.12491 0.12483 0.12470 0.00001 ( 1)  0.259
 211 L   0.12526 0.12516 0.12509 0.12503 0.12498 0.12491 0.12484 0.12472 0.00001 ( 1)  0.259
 212 M   0.12535 0.12521 0.12512 0.12504 0.12497 0.12489 0.12479 0.12462 0.00001 ( 1)  0.258
 213 K   0.12526 0.12515 0.12509 0.12503 0.12498 0.12492 0.12485 0.12473 0.00001 ( 1)  0.259
 214 S   0.12547 0.12528 0.12516 0.12506 0.12496 0.12485 0.12472 0.12450 0.00001 ( 1)  0.258
 215 F   0.12549 0.12529 0.12517 0.12506 0.12496 0.12484 0.12471 0.12448 0.00001 ( 1)  0.258
 216 L   0.12553 0.12532 0.12518 0.12506 0.12495 0.12483 0.12468 0.12443 0.00001 ( 1)  0.258
 217 L   0.12506 0.12503 0.12502 0.12501 0.12499 0.12498 0.12496 0.12494 0.00001 ( 1)  0.259
 218 G   0.12550 0.12530 0.12517 0.12506 0.12495 0.12484 0.12470 0.12446 0.00001 ( 1)  0.258
 219 F   0.12549 0.12529 0.12517 0.12506 0.12496 0.12484 0.12471 0.12448 0.00001 ( 1)  0.258

Positively selected sites

	Prob(w>1)  mean w



lnL =  -850.034363

Bayes Empirical Bayes (BEB) probabilities for 11 classes (class) & postmean_w
(amino acids refer to 1st sequence: Mlig.20524)

   1 M   0.39625 0.09470 0.07504 0.06485 0.05777 0.05200 0.04682 0.04192 0.03740 0.04669 0.08657 ( 1)  0.496 +-  0.904
   2 Q   0.39611 0.09467 0.07502 0.06483 0.05776 0.05200 0.04682 0.04193 0.03741 0.04670 0.08674 ( 1)  0.496 +-  0.906
   3 T   0.39330 0.09403 0.07463 0.06460 0.05765 0.05199 0.04690 0.04207 0.03759 0.04697 0.09027 ( 1)  0.512 +-  0.949
   4 L   0.39435 0.09427 0.07477 0.06469 0.05769 0.05199 0.04687 0.04201 0.03752 0.04687 0.08896 ( 1)  0.506 +-  0.934
   5 L   0.39435 0.09427 0.07477 0.06469 0.05769 0.05199 0.04687 0.04201 0.03752 0.04687 0.08896 ( 1)  0.506 +-  0.934
   6 S   0.39843 0.09519 0.07533 0.06502 0.05784 0.05199 0.04675 0.04181 0.03725 0.04647 0.08393 ( 1)  0.484 +-  0.872
   7 L   0.39955 0.09544 0.07548 0.06510 0.05787 0.05198 0.04670 0.04173 0.03715 0.04633 0.08267 ( 1)  0.479 +-  0.860
   8 A   0.39854 0.09521 0.07535 0.06502 0.05784 0.05199 0.04674 0.04179 0.03724 0.04645 0.08383 ( 1)  0.484 +-  0.872
   9 I   0.39926 0.09537 0.07544 0.06508 0.05786 0.05199 0.04672 0.04176 0.03719 0.04638 0.08296 ( 1)  0.480 +-  0.861
  10 A   0.39854 0.09521 0.07535 0.06502 0.05784 0.05199 0.04674 0.04179 0.03724 0.04645 0.08383 ( 1)  0.484 +-  0.872
  11 L   0.39955 0.09544 0.07548 0.06510 0.05787 0.05198 0.04670 0.04173 0.03715 0.04633 0.08267 ( 1)  0.479 +-  0.860
  12 L   0.39955 0.09544 0.07548 0.06510 0.05787 0.05198 0.04670 0.04173 0.03715 0.04633 0.08267 ( 1)  0.479 +-  0.860
  13 G   0.39905 0.09533 0.07542 0.06506 0.05785 0.05198 0.04672 0.04176 0.03720 0.04639 0.08323 ( 1)  0.481 +-  0.865
  14 C   0.39033 0.09337 0.07422 0.06435 0.05752 0.05196 0.04695 0.04219 0.03777 0.04722 0.09412 ( 1)  0.530 +-  0.997
  15 L   0.39955 0.09544 0.07548 0.06510 0.05787 0.05198 0.04670 0.04173 0.03715 0.04633 0.08267 ( 1)  0.479 +-  0.860
  16 A   0.39854 0.09521 0.07535 0.06502 0.05784 0.05199 0.04674 0.04179 0.03724 0.04645 0.08383 ( 1)  0.484 +-  0.872
  17 A   0.39854 0.09521 0.07535 0.06502 0.05784 0.05199 0.04674 0.04179 0.03724 0.04645 0.08383 ( 1)  0.484 +-  0.872
  18 G   0.39905 0.09533 0.07542 0.06506 0.05785 0.05198 0.04672 0.04176 0.03720 0.04639 0.08323 ( 1)  0.481 +-  0.865
  19 A   0.39854 0.09521 0.07535 0.06502 0.05784 0.05199 0.04674 0.04179 0.03724 0.04645 0.08383 ( 1)  0.484 +-  0.872
  20 A   0.39201 0.09375 0.07445 0.06449 0.05760 0.05198 0.04692 0.04212 0.03767 0.04708 0.09194 ( 1)  0.520 +-  0.970
  21 A   0.05526 0.03262 0.04093 0.04771 0.05303 0.05684 0.05904 0.05954 0.05853 0.07507 0.46144 (11)  2.130 +-  2.476
  22 Q   0.39611 0.09467 0.07502 0.06483 0.05776 0.05200 0.04682 0.04193 0.03741 0.04670 0.08674 ( 1)  0.496 +-  0.906
  23 N   0.39056 0.09342 0.07425 0.06437 0.05753 0.05196 0.04695 0.04218 0.03775 0.04720 0.09382 ( 1)  0.528 +-  0.993
  24 P   0.39855 0.09521 0.07535 0.06502 0.05784 0.05199 0.04674 0.04179 0.03724 0.04645 0.08380 ( 1)  0.484 +-  0.872
  25 C   0.39759 0.09500 0.07522 0.06495 0.05781 0.05200 0.04678 0.04185 0.03731 0.04656 0.08492 ( 1)  0.488 +-  0.884
  26 C   0.39759 0.09500 0.07522 0.06495 0.05781 0.05200 0.04678 0.04185 0.03731 0.04656 0.08492 ( 1)  0.488 +-  0.884
  27 G   0.38966 0.09322 0.07412 0.06429 0.05749 0.05195 0.04696 0.04221 0.03780 0.04727 0.09501 ( 1)  0.534 +-  1.008
  28 P   0.39421 0.09424 0.07476 0.06468 0.05769 0.05199 0.04687 0.04202 0.03754 0.04688 0.08912 ( 1)  0.507 +-  0.935
  29 R   0.39909 0.09533 0.07542 0.06506 0.05786 0.05198 0.04672 0.04176 0.03719 0.04639 0.08318 ( 1)  0.481 +-  0.865
  30 Q   0.39611 0.09467 0.07502 0.06483 0.05776 0.05200 0.04682 0.04193 0.03741 0.04670 0.08674 ( 1)  0.496 +-  0.906
  31 F   0.39885 0.09528 0.07539 0.06505 0.05785 0.05199 0.04674 0.04178 0.03722 0.04643 0.08342 ( 1)  0.482 +-  0.866
  32 Q   0.39611 0.09467 0.07502 0.06483 0.05776 0.05200 0.04682 0.04193 0.03741 0.04670 0.08674 ( 1)  0.496 +-  0.906
  33 A   0.39421 0.09424 0.07475 0.06468 0.05769 0.05199 0.04687 0.04202 0.03754 0.04688 0.08913 ( 1)  0.507 +-  0.935
  34 L   0.39435 0.09427 0.07477 0.06469 0.05769 0.05199 0.04687 0.04201 0.03752 0.04687 0.08896 ( 1)  0.506 +-  0.934
  35 L   0.39435 0.09427 0.07477 0.06469 0.05769 0.05199 0.04687 0.04201 0.03752 0.04687 0.08896 ( 1)  0.506 +-  0.934
  36 A   0.39854 0.09521 0.07535 0.06502 0.05784 0.05199 0.04674 0.04179 0.03724 0.04645 0.08383 ( 1)  0.484 +-  0.872
  37 I   0.39926 0.09537 0.07544 0.06508 0.05786 0.05199 0.04672 0.04176 0.03719 0.04638 0.08296 ( 1)  0.480 +-  0.861
  38 R   0.38956 0.09320 0.07411 0.06428 0.05749 0.05195 0.04696 0.04222 0.03781 0.04728 0.09515 ( 1)  0.535 +-  1.010
  39 F   0.39885 0.09528 0.07539 0.06505 0.05785 0.05199 0.04674 0.04178 0.03722 0.04643 0.08342 ( 1)  0.482 +-  0.866
  40 S   0.39843 0.09519 0.07533 0.06502 0.05784 0.05199 0.04675 0.04181 0.03725 0.04647 0.08393 ( 1)  0.484 +-  0.872
  41 P   0.39421 0.09424 0.07476 0.06468 0.05769 0.05199 0.04687 0.04202 0.03754 0.04688 0.08912 ( 1)  0.507 +-  0.935
  42 N   0.39056 0.09342 0.07425 0.06437 0.05753 0.05196 0.04695 0.04218 0.03775 0.04720 0.09382 ( 1)  0.528 +-  0.993
  43 S   0.39843 0.09519 0.07533 0.06502 0.05784 0.05199 0.04675 0.04181 0.03725 0.04647 0.08393 ( 1)  0.484 +-  0.872
  44 T   0.39698 0.09486 0.07514 0.06490 0.05779 0.05200 0.04680 0.04189 0.03735 0.04662 0.08567 ( 1)  0.492 +-  0.893
  45 Y   0.39643 0.09474 0.07506 0.06486 0.05777 0.05200 0.04682 0.04192 0.03739 0.04667 0.08633 ( 1)  0.495 +-  0.901
  46 R   0.39102 0.09352 0.07431 0.06441 0.05755 0.05197 0.04694 0.04216 0.03773 0.04716 0.09321 ( 1)  0.525 +-  0.985
  47 E   0.39198 0.09374 0.07445 0.06449 0.05760 0.05198 0.04692 0.04212 0.03767 0.04708 0.09197 ( 1)  0.520 +-  0.970
  48 A   0.39854 0.09521 0.07535 0.06502 0.05784 0.05199 0.04674 0.04179 0.03724 0.04645 0.08383 ( 1)  0.484 +-  0.872
  49 F   0.39885 0.09528 0.07539 0.06505 0.05785 0.05199 0.04674 0.04178 0.03722 0.04643 0.08342 ( 1)  0.482 +-  0.866
  50 S   0.39642 0.09474 0.07506 0.06486 0.05777 0.05200 0.04682 0.04192 0.03739 0.04667 0.08635 ( 1)  0.495 +-  0.901
  51 N   0.39782 0.09505 0.07525 0.06497 0.05782 0.05200 0.04677 0.04184 0.03729 0.04653 0.08465 ( 1)  0.487 +-  0.881
  52 L   0.39435 0.09427 0.07477 0.06469 0.05769 0.05199 0.04687 0.04201 0.03752 0.04687 0.08896 ( 1)  0.506 +-  0.934
  53 A   0.39421 0.09424 0.07475 0.06468 0.05769 0.05199 0.04687 0.04202 0.03754 0.04688 0.08913 ( 1)  0.507 +-  0.935
  54 F   0.39885 0.09528 0.07539 0.06505 0.05785 0.05199 0.04674 0.04178 0.03722 0.04643 0.08342 ( 1)  0.482 +-  0.866
  55 D   0.39988 0.09551 0.07553 0.06513 0.05788 0.05198 0.04670 0.04172 0.03714 0.04631 0.08223 ( 1)  0.477 +-  0.853
  56 F   0.39885 0.09528 0.07539 0.06505 0.05785 0.05199 0.04674 0.04178 0.03722 0.04643 0.08342 ( 1)  0.482 +-  0.866
  57 T   0.39698 0.09486 0.07514 0.06490 0.05779 0.05200 0.04680 0.04189 0.03735 0.04662 0.08567 ( 1)  0.492 +-  0.893
  58 R   0.39909 0.09533 0.07542 0.06506 0.05786 0.05198 0.04672 0.04176 0.03719 0.04639 0.08318 ( 1)  0.481 +-  0.865
  59 Q   0.39611 0.09467 0.07502 0.06483 0.05776 0.05200 0.04682 0.04193 0.03741 0.04670 0.08674 ( 1)  0.496 +-  0.906
  60 M   0.39625 0.09470 0.07504 0.06485 0.05777 0.05200 0.04682 0.04192 0.03740 0.04669 0.08657 ( 1)  0.496 +-  0.904
  61 V   0.39476 0.09436 0.07483 0.06472 0.05771 0.05199 0.04686 0.04199 0.03750 0.04683 0.08845 ( 1)  0.504 +-  0.928
  62 A   0.39854 0.09521 0.07535 0.06502 0.05784 0.05199 0.04674 0.04179 0.03724 0.04645 0.08383 ( 1)  0.484 +-  0.872
  63 S   0.39843 0.09519 0.07533 0.06502 0.05784 0.05199 0.04675 0.04181 0.03725 0.04647 0.08393 ( 1)  0.484 +-  0.872
  64 N   0.39782 0.09505 0.07525 0.06497 0.05782 0.05200 0.04677 0.04184 0.03729 0.04653 0.08465 ( 1)  0.487 +-  0.881
  65 E   0.39597 0.09463 0.07500 0.06482 0.05776 0.05200 0.04683 0.04194 0.03742 0.04672 0.08691 ( 1)  0.497 +-  0.908
  66 T   0.39330 0.09403 0.07463 0.06460 0.05765 0.05199 0.04690 0.04207 0.03759 0.04697 0.09027 ( 1)  0.512 +-  0.949
  67 L   0.39435 0.09427 0.07477 0.06469 0.05769 0.05199 0.04687 0.04201 0.03752 0.04687 0.08896 ( 1)  0.506 +-  0.934
  68 I   0.39093 0.09350 0.07430 0.06440 0.05755 0.05197 0.04694 0.04217 0.03773 0.04717 0.09333 ( 1)  0.526 +-  0.987
  69 G   0.39905 0.09533 0.07542 0.06506 0.05785 0.05198 0.04672 0.04176 0.03720 0.04639 0.08323 ( 1)  0.481 +-  0.865
  70 G   0.39905 0.09533 0.07542 0.06506 0.05785 0.05198 0.04672 0.04176 0.03720 0.04639 0.08323 ( 1)  0.481 +-  0.865
  71 R   0.39909 0.09533 0.07542 0.06506 0.05786 0.05198 0.04672 0.04176 0.03719 0.04639 0.08318 ( 1)  0.481 +-  0.865
  72 L   0.39435 0.09427 0.07477 0.06469 0.05769 0.05199 0.04687 0.04201 0.03752 0.04687 0.08896 ( 1)  0.506 +-  0.934
  73 V   0.39476 0.09436 0.07483 0.06472 0.05771 0.05199 0.04686 0.04199 0.03750 0.04683 0.08845 ( 1)  0.504 +-  0.928
  74 T   0.38968 0.09322 0.07412 0.06429 0.05749 0.05195 0.04696 0.04221 0.03780 0.04727 0.09498 ( 1)  0.534 +-  1.008
  75 N   0.05658 0.03324 0.04163 0.04845 0.05377 0.05755 0.05970 0.06013 0.05904 0.07562 0.45429 (11)  2.093 +-  2.451
  76 Q   0.39611 0.09467 0.07502 0.06483 0.05776 0.05200 0.04682 0.04193 0.03741 0.04670 0.08674 ( 1)  0.496 +-  0.906
  77 R   0.39909 0.09533 0.07542 0.06506 0.05786 0.05198 0.04672 0.04176 0.03719 0.04639 0.08318 ( 1)  0.481 +-  0.865
  78 V   0.39476 0.09436 0.07483 0.06472 0.05771 0.05199 0.04686 0.04199 0.03750 0.04683 0.08845 ( 1)  0.504 +-  0.928
  79 L   0.39435 0.09427 0.07477 0.06469 0.05769 0.05199 0.04687 0.04201 0.03752 0.04687 0.08896 ( 1)  0.506 +-  0.934
  80 V   0.39001 0.09330 0.07417 0.06432 0.05751 0.05196 0.04696 0.04220 0.03778 0.04725 0.09454 ( 1)  0.532 +-  1.002
  81 D   0.39988 0.09551 0.07553 0.06513 0.05788 0.05198 0.04670 0.04172 0.03714 0.04631 0.08223 ( 1)  0.477 +-  0.853
  82 G   0.39905 0.09533 0.07542 0.06506 0.05785 0.05198 0.04672 0.04176 0.03720 0.04639 0.08323 ( 1)  0.481 +-  0.865
  83 H   0.39985 0.09551 0.07552 0.06512 0.05788 0.05198 0.04670 0.04172 0.03714 0.04631 0.08226 ( 1)  0.477 +-  0.853
  84 R   0.39407 0.09421 0.07474 0.06467 0.05768 0.05199 0.04688 0.04203 0.03755 0.04690 0.08929 ( 1)  0.508 +-  0.937
  85 R   0.38996 0.09329 0.07416 0.06432 0.05751 0.05196 0.04696 0.04220 0.03779 0.04725 0.09462 ( 1)  0.532 +-  1.003
  86 T   0.39330 0.09403 0.07463 0.06460 0.05765 0.05199 0.04690 0.04207 0.03759 0.04697 0.09027 ( 1)  0.512 +-  0.949
  87 M   0.39625 0.09470 0.07504 0.06485 0.05777 0.05200 0.04682 0.04192 0.03740 0.04669 0.08657 ( 1)  0.496 +-  0.904
  88 Y   0.39643 0.09474 0.07506 0.06486 0.05777 0.05200 0.04682 0.04192 0.03739 0.04667 0.08633 ( 1)  0.495 +-  0.901
  89 I   0.39926 0.09537 0.07544 0.06508 0.05786 0.05199 0.04672 0.04176 0.03719 0.04638 0.08296 ( 1)  0.480 +-  0.861
  90 V   0.39476 0.09436 0.07483 0.06472 0.05771 0.05199 0.04686 0.04199 0.03750 0.04683 0.08845 ( 1)  0.504 +-  0.928
  91 D   0.39988 0.09551 0.07553 0.06513 0.05788 0.05198 0.04670 0.04172 0.03714 0.04631 0.08223 ( 1)  0.477 +-  0.853
  92 H   0.39985 0.09551 0.07552 0.06512 0.05788 0.05198 0.04670 0.04172 0.03714 0.04631 0.08226 ( 1)  0.477 +-  0.853
  93 R   0.39909 0.09533 0.07542 0.06506 0.05786 0.05198 0.04672 0.04176 0.03719 0.04639 0.08318 ( 1)  0.481 +-  0.865
  94 S   0.39843 0.09519 0.07533 0.06502 0.05784 0.05199 0.04675 0.04181 0.03725 0.04647 0.08393 ( 1)  0.484 +-  0.872
  95 R   0.39909 0.09533 0.07542 0.06506 0.05786 0.05198 0.04672 0.04176 0.03719 0.04639 0.08318 ( 1)  0.481 +-  0.865
  96 E   0.39198 0.09374 0.07445 0.06449 0.05760 0.05198 0.04692 0.04212 0.03767 0.04708 0.09197 ( 1)  0.520 +-  0.970
  97 C   0.39759 0.09500 0.07522 0.06495 0.05781 0.05200 0.04678 0.04185 0.03731 0.04656 0.08492 ( 1)  0.488 +-  0.884
  98 R   0.39909 0.09533 0.07542 0.06506 0.05786 0.05198 0.04672 0.04176 0.03719 0.04639 0.08318 ( 1)  0.481 +-  0.865
  99 I   0.39926 0.09537 0.07544 0.06508 0.05786 0.05199 0.04672 0.04176 0.03719 0.04638 0.08296 ( 1)  0.480 +-  0.861
 100 V   0.39945 0.09542 0.07547 0.06509 0.05786 0.05198 0.04670 0.04173 0.03716 0.04634 0.08279 ( 1)  0.480 +-  0.861
 101 A   0.39854 0.09521 0.07535 0.06502 0.05784 0.05199 0.04674 0.04179 0.03724 0.04645 0.08383 ( 1)  0.484 +-  0.872
 102 L   0.39435 0.09427 0.07477 0.06469 0.05769 0.05199 0.04687 0.04201 0.03752 0.04687 0.08896 ( 1)  0.506 +-  0.934
 103 T   0.39330 0.09403 0.07463 0.06460 0.05765 0.05199 0.04690 0.04207 0.03759 0.04697 0.09027 ( 1)  0.512 +-  0.949
 104 R   0.39909 0.09533 0.07542 0.06506 0.05786 0.05198 0.04672 0.04176 0.03719 0.04639 0.08318 ( 1)  0.481 +-  0.865
 105 G   0.38966 0.09322 0.07412 0.06429 0.05749 0.05195 0.04696 0.04221 0.03780 0.04727 0.09501 ( 1)  0.534 +-  1.008
 106 V   0.39001 0.09330 0.07417 0.06432 0.05751 0.05196 0.04696 0.04220 0.03778 0.04725 0.09454 ( 1)  0.532 +-  1.002
 107 E   0.39597 0.09463 0.07500 0.06482 0.05776 0.05200 0.04683 0.04194 0.03742 0.04672 0.08691 ( 1)  0.497 +-  0.908
 108 A   0.39421 0.09424 0.07475 0.06468 0.05769 0.05199 0.04687 0.04202 0.03754 0.04688 0.08913 ( 1)  0.507 +-  0.935
 109 P   0.39855 0.09521 0.07535 0.06502 0.05784 0.05199 0.04674 0.04179 0.03724 0.04645 0.08380 ( 1)  0.484 +-  0.872
 110 C   0.39759 0.09500 0.07522 0.06495 0.05781 0.05200 0.04678 0.04185 0.03731 0.04656 0.08492 ( 1)  0.488 +-  0.884
 111 V   0.39476 0.09436 0.07483 0.06472 0.05771 0.05199 0.04686 0.04199 0.03750 0.04683 0.08845 ( 1)  0.504 +-  0.928
 112 P   0.39855 0.09521 0.07535 0.06502 0.05784 0.05199 0.04674 0.04179 0.03724 0.04645 0.08380 ( 1)  0.484 +-  0.872
 113 N   0.39782 0.09505 0.07525 0.06497 0.05782 0.05200 0.04677 0.04184 0.03729 0.04653 0.08465 ( 1)  0.487 +-  0.881
 114 N   0.39056 0.09342 0.07425 0.06437 0.05753 0.05196 0.04695 0.04218 0.03775 0.04720 0.09382 ( 1)  0.528 +-  0.993
 115 F   0.39885 0.09528 0.07539 0.06505 0.05785 0.05199 0.04674 0.04178 0.03722 0.04643 0.08342 ( 1)  0.482 +-  0.866
 116 R   0.39909 0.09533 0.07542 0.06506 0.05786 0.05198 0.04672 0.04176 0.03719 0.04639 0.08318 ( 1)  0.481 +-  0.865
 117 G   0.39905 0.09533 0.07542 0.06506 0.05785 0.05198 0.04672 0.04176 0.03720 0.04639 0.08323 ( 1)  0.481 +-  0.865
 118 E   0.39597 0.09463 0.07500 0.06482 0.05776 0.05200 0.04683 0.04194 0.03742 0.04672 0.08691 ( 1)  0.497 +-  0.908
 119 G   0.39905 0.09533 0.07542 0.06506 0.05785 0.05198 0.04672 0.04176 0.03720 0.04639 0.08323 ( 1)  0.481 +-  0.865
 120 T   0.39698 0.09486 0.07514 0.06490 0.05779 0.05200 0.04680 0.04189 0.03735 0.04662 0.08567 ( 1)  0.492 +-  0.893
 121 L   0.39002 0.09330 0.07417 0.06432 0.05751 0.05196 0.04696 0.04220 0.03778 0.04724 0.09453 ( 1)  0.532 +-  1.002
 122 H   0.39985 0.09551 0.07552 0.06512 0.05788 0.05198 0.04670 0.04172 0.03714 0.04631 0.08226 ( 1)  0.477 +-  0.853
 123 F   0.39885 0.09528 0.07539 0.06505 0.05785 0.05199 0.04674 0.04178 0.03722 0.04643 0.08342 ( 1)  0.482 +-  0.866
 124 G   0.39451 0.09431 0.07480 0.06470 0.05770 0.05199 0.04687 0.04201 0.03752 0.04685 0.08875 ( 1)  0.505 +-  0.931
 125 A   0.39854 0.09521 0.07535 0.06502 0.05784 0.05199 0.04674 0.04179 0.03724 0.04645 0.08383 ( 1)  0.484 +-  0.872
 126 G   0.39905 0.09533 0.07542 0.06506 0.05785 0.05198 0.04672 0.04176 0.03720 0.04639 0.08323 ( 1)  0.481 +-  0.865
 127 R   0.39407 0.09421 0.07474 0.06467 0.05768 0.05199 0.04688 0.04203 0.03755 0.04690 0.08929 ( 1)  0.508 +-  0.937
 128 D   0.39988 0.09551 0.07553 0.06513 0.05788 0.05198 0.04670 0.04172 0.03714 0.04631 0.08223 ( 1)  0.477 +-  0.853
 129 L   0.39955 0.09544 0.07548 0.06510 0.05787 0.05198 0.04670 0.04173 0.03715 0.04633 0.08267 ( 1)  0.479 +-  0.860
 130 L   0.39955 0.09544 0.07548 0.06510 0.05787 0.05198 0.04670 0.04173 0.03715 0.04633 0.08267 ( 1)  0.479 +-  0.860
 131 S   0.39843 0.09519 0.07533 0.06502 0.05784 0.05199 0.04675 0.04181 0.03725 0.04647 0.08393 ( 1)  0.484 +-  0.872
 132 F   0.39885 0.09528 0.07539 0.06505 0.05785 0.05199 0.04674 0.04178 0.03722 0.04643 0.08342 ( 1)  0.482 +-  0.866
 133 N   0.39782 0.09505 0.07525 0.06497 0.05782 0.05200 0.04677 0.04184 0.03729 0.04653 0.08465 ( 1)  0.487 +-  0.881
 134 S   0.39843 0.09519 0.07533 0.06502 0.05784 0.05199 0.04675 0.04181 0.03725 0.04647 0.08393 ( 1)  0.484 +-  0.872
 135 F   0.39885 0.09528 0.07539 0.06505 0.05785 0.05199 0.04674 0.04178 0.03722 0.04643 0.08342 ( 1)  0.482 +-  0.866
 136 R   0.39909 0.09533 0.07542 0.06506 0.05786 0.05198 0.04672 0.04176 0.03719 0.04639 0.08318 ( 1)  0.481 +-  0.865
 137 G   0.39905 0.09533 0.07542 0.06506 0.05785 0.05198 0.04672 0.04176 0.03720 0.04639 0.08323 ( 1)  0.481 +-  0.865
 138 R   0.38956 0.09320 0.07411 0.06428 0.05749 0.05195 0.04696 0.04222 0.03781 0.04728 0.09515 ( 1)  0.535 +-  1.010
 139 V   0.39476 0.09436 0.07483 0.06472 0.05771 0.05199 0.04686 0.04199 0.03750 0.04683 0.08845 ( 1)  0.504 +-  0.928
 140 G   0.39905 0.09533 0.07542 0.06506 0.05785 0.05198 0.04672 0.04176 0.03720 0.04639 0.08323 ( 1)  0.481 +-  0.865
 141 E   0.39597 0.09463 0.07500 0.06482 0.05776 0.05200 0.04683 0.04194 0.03742 0.04672 0.08691 ( 1)  0.497 +-  0.908
 142 F   0.39885 0.09528 0.07539 0.06505 0.05785 0.05199 0.04674 0.04178 0.03722 0.04643 0.08342 ( 1)  0.482 +-  0.866
 143 E   0.39597 0.09463 0.07500 0.06482 0.05776 0.05200 0.04683 0.04194 0.03742 0.04672 0.08691 ( 1)  0.497 +-  0.908
 144 A   0.38988 0.09327 0.07415 0.06431 0.05750 0.05196 0.04696 0.04221 0.03779 0.04726 0.09471 ( 1)  0.532 +-  1.004
 145 Q   0.39195 0.09373 0.07444 0.06449 0.05760 0.05198 0.04693 0.04213 0.03768 0.04709 0.09200 ( 1)  0.520 +-  0.970
 146 V   0.39476 0.09436 0.07483 0.06472 0.05771 0.05199 0.04686 0.04199 0.03750 0.04683 0.08845 ( 1)  0.504 +-  0.928
 147 S   0.39642 0.09474 0.07506 0.06486 0.05777 0.05200 0.04682 0.04192 0.03739 0.04667 0.08635 ( 1)  0.495 +-  0.901
 148 V   0.39945 0.09542 0.07547 0.06509 0.05786 0.05198 0.04670 0.04173 0.03716 0.04634 0.08279 ( 1)  0.480 +-  0.861
 149 T   0.39698 0.09486 0.07514 0.06490 0.05779 0.05200 0.04680 0.04189 0.03735 0.04662 0.08567 ( 1)  0.492 +-  0.893
 150 K   0.39425 0.09425 0.07476 0.06468 0.05769 0.05199 0.04687 0.04202 0.03754 0.04688 0.08906 ( 1)  0.507 +-  0.934
 151 A   0.39854 0.09521 0.07535 0.06502 0.05784 0.05199 0.04674 0.04179 0.03724 0.04645 0.08383 ( 1)  0.484 +-  0.872
 152 S   0.38961 0.09321 0.07411 0.06429 0.05749 0.05195 0.04696 0.04222 0.03780 0.04728 0.09508 ( 1)  0.534 +-  1.009
 153 C   0.39759 0.09500 0.07522 0.06495 0.05781 0.05200 0.04678 0.04185 0.03731 0.04656 0.08492 ( 1)  0.488 +-  0.884
 154 V   0.39476 0.09436 0.07483 0.06472 0.05771 0.05199 0.04686 0.04199 0.03750 0.04683 0.08845 ( 1)  0.504 +-  0.928
 155 P   0.39855 0.09521 0.07535 0.06502 0.05784 0.05199 0.04674 0.04179 0.03724 0.04645 0.08380 ( 1)  0.484 +-  0.872
 156 I   0.39926 0.09537 0.07544 0.06508 0.05786 0.05199 0.04672 0.04176 0.03719 0.04638 0.08296 ( 1)  0.480 +-  0.861
 157 S   0.38926 0.09313 0.07407 0.06426 0.05747 0.05195 0.04697 0.04223 0.03782 0.04731 0.09554 ( 1)  0.536 +-  1.015
 158 Q   0.39611 0.09467 0.07502 0.06483 0.05776 0.05200 0.04682 0.04193 0.03741 0.04670 0.08674 ( 1)  0.496 +-  0.906
 159 S   0.39290 0.09394 0.07457 0.06457 0.05763 0.05198 0.04690 0.04208 0.03761 0.04700 0.09081 ( 1)  0.515 +-  0.957
 160 V   0.39945 0.09542 0.07547 0.06509 0.05786 0.05198 0.04670 0.04173 0.03716 0.04634 0.08279 ( 1)  0.480 +-  0.861
 161 F   0.39885 0.09528 0.07539 0.06505 0.05785 0.05199 0.04674 0.04178 0.03722 0.04643 0.08342 ( 1)  0.482 +-  0.866
 162 N   0.39782 0.09505 0.07525 0.06497 0.05782 0.05200 0.04677 0.04184 0.03729 0.04653 0.08465 ( 1)  0.487 +-  0.881
 163 H   0.39985 0.09551 0.07552 0.06512 0.05788 0.05198 0.04670 0.04172 0.03714 0.04631 0.08226 ( 1)  0.477 +-  0.853
 164 R   0.39909 0.09533 0.07542 0.06506 0.05786 0.05198 0.04672 0.04176 0.03719 0.04639 0.08318 ( 1)  0.481 +-  0.865
 165 F   0.39078 0.09347 0.07428 0.06439 0.05754 0.05197 0.04695 0.04217 0.03774 0.04718 0.09353 ( 1)  0.527 +-  0.990
 166 H   0.39985 0.09551 0.07552 0.06512 0.05788 0.05198 0.04670 0.04172 0.03714 0.04631 0.08226 ( 1)  0.477 +-  0.853
 167 E   0.39597 0.09463 0.07500 0.06482 0.05776 0.05200 0.04683 0.04194 0.03742 0.04672 0.08691 ( 1)  0.497 +-  0.908
 168 V   0.39945 0.09542 0.07547 0.06509 0.05786 0.05198 0.04670 0.04173 0.03716 0.04634 0.08279 ( 1)  0.480 +-  0.861
 169 E   0.39597 0.09463 0.07500 0.06482 0.05776 0.05200 0.04683 0.04194 0.03742 0.04672 0.08691 ( 1)  0.497 +-  0.908
 170 S   0.39843 0.09519 0.07533 0.06502 0.05784 0.05199 0.04675 0.04181 0.03725 0.04647 0.08393 ( 1)  0.484 +-  0.872
 171 Y   0.39643 0.09474 0.07506 0.06486 0.05777 0.05200 0.04682 0.04192 0.03739 0.04667 0.08633 ( 1)  0.495 +-  0.901
 172 L   0.39435 0.09427 0.07477 0.06469 0.05769 0.05199 0.04687 0.04201 0.03752 0.04687 0.08896 ( 1)  0.506 +-  0.934
 173 N   0.39782 0.09505 0.07525 0.06497 0.05782 0.05200 0.04677 0.04184 0.03729 0.04653 0.08465 ( 1)  0.487 +-  0.881
 174 V   0.39476 0.09436 0.07483 0.06472 0.05771 0.05199 0.04686 0.04199 0.03750 0.04683 0.08845 ( 1)  0.504 +-  0.928
 175 T   0.39698 0.09486 0.07514 0.06490 0.05779 0.05200 0.04680 0.04189 0.03735 0.04662 0.08567 ( 1)  0.492 +-  0.893
 176 L   0.39955 0.09544 0.07548 0.06510 0.05787 0.05198 0.04670 0.04173 0.03715 0.04633 0.08267 ( 1)  0.479 +-  0.860
 177 G   0.38966 0.09322 0.07412 0.06429 0.05749 0.05195 0.04696 0.04221 0.03780 0.04727 0.09501 ( 1)  0.534 +-  1.008
 178 V   0.39945 0.09542 0.07547 0.06509 0.05786 0.05198 0.04670 0.04173 0.03716 0.04634 0.08279 ( 1)  0.480 +-  0.861
 179 R   0.39373 0.09413 0.07469 0.06464 0.05767 0.05199 0.04688 0.04204 0.03756 0.04692 0.08974 ( 1)  0.510 +-  0.943
 180 D   0.39988 0.09551 0.07553 0.06513 0.05788 0.05198 0.04670 0.04172 0.03714 0.04631 0.08223 ( 1)  0.477 +-  0.853
 181 P   0.39855 0.09521 0.07535 0.06502 0.05784 0.05199 0.04674 0.04179 0.03724 0.04645 0.08380 ( 1)  0.484 +-  0.872
 182 A   0.39854 0.09521 0.07535 0.06502 0.05784 0.05199 0.04674 0.04179 0.03724 0.04645 0.08383 ( 1)  0.484 +-  0.872
 183 V   0.39476 0.09436 0.07483 0.06472 0.05771 0.05199 0.04686 0.04199 0.03750 0.04683 0.08845 ( 1)  0.504 +-  0.928
 184 F   0.39885 0.09528 0.07539 0.06505 0.05785 0.05199 0.04674 0.04178 0.03722 0.04643 0.08342 ( 1)  0.482 +-  0.866
 185 R   0.39909 0.09533 0.07542 0.06506 0.05786 0.05198 0.04672 0.04176 0.03719 0.04639 0.08318 ( 1)  0.481 +-  0.865
 186 V   0.39476 0.09436 0.07483 0.06472 0.05771 0.05199 0.04686 0.04199 0.03750 0.04683 0.08845 ( 1)  0.504 +-  0.928
 187 P   0.38972 0.09323 0.07413 0.06430 0.05749 0.05195 0.04696 0.04221 0.03780 0.04727 0.09493 ( 1)  0.534 +-  1.007
 188 P   0.39421 0.09424 0.07476 0.06468 0.05769 0.05199 0.04687 0.04202 0.03754 0.04688 0.08912 ( 1)  0.507 +-  0.935
 189 E   0.39597 0.09463 0.07500 0.06482 0.05776 0.05200 0.04683 0.04194 0.03742 0.04672 0.08691 ( 1)  0.497 +-  0.908
 190 C   0.39759 0.09500 0.07522 0.06495 0.05781 0.05200 0.04678 0.04185 0.03731 0.04656 0.08492 ( 1)  0.488 +-  0.884
 191 S   0.39244 0.09384 0.07451 0.06453 0.05762 0.05198 0.04691 0.04210 0.03765 0.04704 0.09137 ( 1)  0.517 +-  0.963
 192 R   0.39373 0.09413 0.07469 0.06464 0.05767 0.05199 0.04688 0.04204 0.03756 0.04692 0.08974 ( 1)  0.510 +-  0.943
 193 S   0.39642 0.09474 0.07506 0.06486 0.05777 0.05200 0.04682 0.04192 0.03739 0.04667 0.08635 ( 1)  0.495 +-  0.901
 194 G   0.39905 0.09533 0.07542 0.06506 0.05785 0.05198 0.04672 0.04176 0.03720 0.04639 0.08323 ( 1)  0.481 +-  0.865
 195 L   0.39435 0.09427 0.07477 0.06469 0.05769 0.05199 0.04687 0.04201 0.03752 0.04687 0.08896 ( 1)  0.506 +-  0.934
 196 A   0.39421 0.09424 0.07475 0.06468 0.05769 0.05199 0.04687 0.04202 0.03754 0.04688 0.08913 ( 1)  0.507 +-  0.935
 197 V   0.39945 0.09542 0.07547 0.06509 0.05786 0.05198 0.04670 0.04173 0.03716 0.04634 0.08279 ( 1)  0.480 +-  0.861
 198 S   0.39843 0.09519 0.07533 0.06502 0.05784 0.05199 0.04675 0.04181 0.03725 0.04647 0.08393 ( 1)  0.484 +-  0.872
 199 Q   0.39611 0.09467 0.07502 0.06483 0.05776 0.05200 0.04682 0.04193 0.03741 0.04670 0.08674 ( 1)  0.496 +-  0.906
 200 L   0.39435 0.09427 0.07477 0.06469 0.05769 0.05199 0.04687 0.04201 0.03752 0.04687 0.08896 ( 1)  0.506 +-  0.934
 201 S   0.39642 0.09474 0.07506 0.06486 0.05777 0.05200 0.04682 0.04192 0.03739 0.04667 0.08635 ( 1)  0.495 +-  0.901
 202 Q   0.39611 0.09467 0.07502 0.06483 0.05776 0.05200 0.04682 0.04193 0.03741 0.04670 0.08674 ( 1)  0.496 +-  0.906
 203 Q   0.39611 0.09467 0.07502 0.06483 0.05776 0.05200 0.04682 0.04193 0.03741 0.04670 0.08674 ( 1)  0.496 +-  0.906
 204 Q   0.39611 0.09467 0.07502 0.06483 0.05776 0.05200 0.04682 0.04193 0.03741 0.04670 0.08674 ( 1)  0.496 +-  0.906
 205 L   0.39955 0.09544 0.07548 0.06510 0.05787 0.05198 0.04670 0.04173 0.03715 0.04633 0.08267 ( 1)  0.479 +-  0.860
 206 P   0.05611 0.03302 0.04138 0.04819 0.05350 0.05729 0.05946 0.05992 0.05885 0.07542 0.45685 (11)  2.107 +-  2.460
 207 A   0.39854 0.09521 0.07535 0.06502 0.05784 0.05199 0.04674 0.04179 0.03724 0.04645 0.08383 ( 1)  0.484 +-  0.872
 208 S   0.39843 0.09519 0.07533 0.06502 0.05784 0.05199 0.04675 0.04181 0.03725 0.04647 0.08393 ( 1)  0.484 +-  0.872
 209 S   0.39642 0.09474 0.07506 0.06486 0.05777 0.05200 0.04682 0.04192 0.03739 0.04667 0.08635 ( 1)  0.495 +-  0.901
 210 V   0.39476 0.09436 0.07483 0.06472 0.05771 0.05199 0.04686 0.04199 0.03750 0.04683 0.08845 ( 1)  0.504 +-  0.928
 211 L   0.39435 0.09427 0.07477 0.06469 0.05769 0.05199 0.04687 0.04201 0.03752 0.04687 0.08896 ( 1)  0.506 +-  0.934
 212 M   0.39625 0.09470 0.07504 0.06485 0.05777 0.05200 0.04682 0.04192 0.03740 0.04669 0.08657 ( 1)  0.496 +-  0.904
 213 K   0.39425 0.09425 0.07476 0.06468 0.05769 0.05199 0.04687 0.04202 0.03754 0.04688 0.08906 ( 1)  0.507 +-  0.934
 214 S   0.39843 0.09519 0.07533 0.06502 0.05784 0.05199 0.04675 0.04181 0.03725 0.04647 0.08393 ( 1)  0.484 +-  0.872
 215 F   0.39885 0.09528 0.07539 0.06505 0.05785 0.05199 0.04674 0.04178 0.03722 0.04643 0.08342 ( 1)  0.482 +-  0.866
 216 L   0.39955 0.09544 0.07548 0.06510 0.05787 0.05198 0.04670 0.04173 0.03715 0.04633 0.08267 ( 1)  0.479 +-  0.860
 217 L   0.39002 0.09330 0.07417 0.06432 0.05751 0.05196 0.04696 0.04220 0.03778 0.04724 0.09453 ( 1)  0.532 +-  1.002
 218 G   0.39905 0.09533 0.07542 0.06506 0.05785 0.05198 0.04672 0.04176 0.03720 0.04639 0.08323 ( 1)  0.481 +-  0.865
 219 F   0.39885 0.09528 0.07539 0.06505 0.05785 0.05199 0.04674 0.04178 0.03722 0.04643 0.08342 ( 1)  0.482 +-  0.866

Positively selected sites

	Prob(w>1)  mean w


