Supplemental results for CODEML (seqf: algn  treef: tree)


dN/dS (w) for site classes (K=9)

p:   0.02519  0.02519  0.02519  0.02519  0.02519  0.02519  0.02519  0.02519  0.79851
w:   0.00000  0.00000  0.00000  0.00000  0.00000  0.00000  0.00000  0.00000  1.02615

Naive Empirical Bayes (NEB) probabilities for 9 classes & postmean_w & P(w>1)
(amino acids refer to 1st sequence: Mcor.12610)

   1 M   0.08972 0.08972 0.08972 0.08972 0.08972 0.08972 0.08972 0.08972 0.28224 ( 9)  0.290  0.282
   2 S   0.05732 0.05732 0.05732 0.05732 0.05732 0.05732 0.05732 0.05732 0.54145 ( 9)  0.556  0.541
   3 P   0.00000 0.00000 0.00000 0.00000 0.00000 0.00000 0.00000 0.00000 1.00000 ( 9)  1.026  1.000
   4 V   0.00000 0.00000 0.00000 0.00000 0.00000 0.00000 0.00000 0.00000 1.00000 ( 9)  1.026  1.000
   5 A   0.00000 0.00000 0.00000 0.00000 0.00000 0.00000 0.00000 0.00000 1.00000 ( 9)  1.026  1.000
   6 R   0.00000 0.00000 0.00000 0.00000 0.00000 0.00000 0.00000 0.00000 1.00000 ( 9)  1.026  1.000
   7 I   0.08846 0.08846 0.08846 0.08846 0.08846 0.08846 0.08846 0.08846 0.29230 ( 9)  0.300  0.292
   8 L   0.00000 0.00000 0.00000 0.00000 0.00000 0.00000 0.00000 0.00000 1.00000 ( 9)  1.026  1.000
   9 N   0.00000 0.00000 0.00000 0.00000 0.00000 0.00000 0.00000 0.00000 1.00000 ( 9)  1.026  1.000
  10 P   0.00000 0.00000 0.00000 0.00000 0.00000 0.00000 0.00000 0.00000 1.00000 ( 9)  1.026  1.000
  11 P   0.08633 0.08633 0.08633 0.08633 0.08633 0.08633 0.08633 0.08633 0.30934 ( 9)  0.317  0.309
  12 L   0.00000 0.00000 0.00000 0.00000 0.00000 0.00000 0.00000 0.00000 1.00000 ( 9)  1.026  1.000
  13 I   0.00000 0.00000 0.00000 0.00000 0.00000 0.00000 0.00000 0.00000 1.00000 ( 9)  1.026  1.000
  14 S   0.00000 0.00000 0.00000 0.00000 0.00000 0.00000 0.00000 0.00000 1.00000 ( 9)  1.026  1.000
  15 T   0.05739 0.05739 0.05739 0.05739 0.05739 0.05739 0.05739 0.05739 0.54089 ( 9)  0.555  0.541
  16 N   0.05412 0.05412 0.05412 0.05412 0.05412 0.05412 0.05412 0.05412 0.56704 ( 9)  0.582  0.567
  17 I   0.00000 0.00000 0.00000 0.00000 0.00000 0.00000 0.00000 0.00000 1.00000 ( 9)  1.026  1.000
  18 Y   0.00000 0.00000 0.00000 0.00000 0.00000 0.00000 0.00000 0.00000 1.00000 ( 9)  1.026  1.000
  19 L   0.06530 0.06530 0.06530 0.06530 0.06530 0.06530 0.06530 0.06530 0.47759 ( 9)  0.490  0.478
  20 G   0.00000 0.00000 0.00000 0.00000 0.00000 0.00000 0.00000 0.00000 1.00000 ( 9)  1.026  1.000
  21 L   0.00000 0.00000 0.00000 0.00000 0.00000 0.00000 0.00000 0.00000 1.00000 ( 9)  1.026  1.000
  22 S   0.08065 0.08065 0.08065 0.08065 0.08065 0.08065 0.08065 0.08065 0.35476 ( 9)  0.364  0.355
  23 S   0.00000 0.00000 0.00000 0.00000 0.00000 0.00000 0.00000 0.00000 1.00000 ( 9)  1.026  1.000

Positively selected sites

	Prob(w>1)  mean w

     2 S      0.541         0.556
     3 P      1.000**       1.026
     4 V      1.000**       1.026
     5 A      1.000**       1.026
     6 R      1.000**       1.026
     8 L      1.000**       1.026
     9 N      1.000**       1.026
    10 P      1.000**       1.026
    12 L      1.000**       1.026
    13 I      1.000**       1.026
    14 S      1.000**       1.026
    15 T      0.541         0.555
    16 N      0.567         0.582
    17 I      1.000**       1.026
    18 Y      1.000**       1.026
    20 G      1.000**       1.026
    21 L      1.000**       1.026
    23 S      1.000**       1.026


lnL =  -261.278026

Bayes Empirical Bayes (BEB) probabilities for 11 classes (class) & postmean_w
(amino acids refer to 1st sequence: Mcor.12610)

   1 M   0.22249 0.12724 0.10871 0.09314 0.07945 0.06767 0.05794 0.05060 0.04705 0.10992 0.03579 ( 1)  0.438 +-  0.370
   2 S   0.15174 0.09095 0.08510 0.08020 0.07533 0.07060 0.06641 0.06348 0.06416 0.15240 0.09964 (10)  0.591 +-  0.460
   3 P   0.00087 0.00474 0.01224 0.02240 0.03440 0.04752 0.06133 0.07618 0.09522 0.23947 0.40563 (11)  1.201 +-  0.732
   4 V   0.03238 0.04547 0.06286 0.07452 0.08133 0.08442 0.08508 0.08496 0.08771 0.20007 0.16120 (10)  0.768 +-  0.443
   5 A   0.00070 0.00394 0.01040 0.01945 0.03050 0.04301 0.05664 0.07176 0.09150 0.23477 0.43733 (11)  1.270 +-  0.822
   6 R   0.00930 0.01706 0.02777 0.03833 0.04842 0.05794 0.06706 0.07662 0.08995 0.22186 0.34569 (11)  1.097 +-  0.738
   7 I   0.21999 0.12562 0.10736 0.09213 0.07882 0.06742 0.05803 0.05101 0.04778 0.11212 0.03973 ( 1)  0.446 +-  0.379
   8 L   0.03026 0.04314 0.06006 0.07171 0.07885 0.08251 0.08387 0.08453 0.08812 0.20228 0.17466 (10)  0.790 +-  0.461
   9 N   0.02123 0.03286 0.04827 0.06057 0.06983 0.07643 0.08109 0.08508 0.09202 0.21446 0.21816 (11)  0.862 +-  0.489
  10 P   0.00007 0.00117 0.00477 0.01151 0.02142 0.03410 0.04910 0.06648 0.08904 0.23421 0.48813 (11)  1.431 +-  1.132
  11 P   0.21477 0.12307 0.10598 0.09165 0.07899 0.06804 0.05895 0.05212 0.04906 0.11509 0.04229 ( 1)  0.454 +-  0.383
  12 L   0.01919 0.03052 0.04577 0.05843 0.06832 0.07566 0.08104 0.08568 0.09318 0.21718 0.22503 (11)  0.876 +-  0.497
  13 I   0.00126 0.00644 0.01593 0.02804 0.04149 0.05528 0.06889 0.08266 0.09989 0.24345 0.35666 (11)  1.107 +-  0.619
  14 S   0.00004 0.00075 0.00326 0.00835 0.01643 0.02760 0.04184 0.05953 0.08364 0.23042 0.52814 (11)  1.452 +-  0.969
  15 T   0.15186 0.09099 0.08510 0.08017 0.07528 0.07055 0.06635 0.06342 0.06411 0.15233 0.09985 (10)  0.591 +-  0.461
  16 N   0.14508 0.08760 0.08282 0.07885 0.07479 0.07075 0.06711 0.06464 0.06577 0.15631 0.10630 (10)  0.606 +-  0.465
  17 I   0.02061 0.03209 0.04724 0.05940 0.06864 0.07534 0.08018 0.08444 0.09169 0.21449 0.22589 (11)  0.875 +-  0.508
  18 Y   0.01242 0.02158 0.03398 0.04547 0.05576 0.06480 0.07288 0.08094 0.09244 0.22301 0.29671 (11)  0.996 +-  0.599
  19 L   0.16868 0.09969 0.09127 0.08409 0.07721 0.07076 0.06509 0.06090 0.06034 0.14258 0.07939 ( 1)  0.548 +-  0.434
  20 G   0.00034 0.00204 0.00564 0.01107 0.01822 0.02697 0.03734 0.04979 0.06693 0.18302 0.59863 (11)  1.896 +-  1.803
  21 L   0.00079 0.00436 0.01136 0.02096 0.03247 0.04523 0.05889 0.07378 0.09307 0.23639 0.42270 (11)  1.241 +-  0.796
  22 S   0.20171 0.11644 0.10195 0.08972 0.07872 0.06901 0.06083 0.05468 0.05227 0.12293 0.05176 ( 1)  0.479 +-  0.399
  23 S   0.01480 0.02476 0.03803 0.04976 0.05974 0.06805 0.07511 0.08195 0.09206 0.21997 0.27579 (11)  0.962 +-  0.590

Positively selected sites

	Prob(w>1)  mean w

    14 S      0.528         1.452 +- 0.969
    20 G      0.599         1.896 +- 1.803

