Supplemental results for CODEML (seqf: algn  treef: tree)


dN/dS (w) for site classes (K=9)

p:   0.00808  0.00808  0.00808  0.00808  0.00808  0.00808  0.00808  0.00808  0.93534
w:   0.00000  0.00000  0.00000  0.00000  0.00000  0.00000  0.00000  0.00000  1.21809

Naive Empirical Bayes (NEB) probabilities for 9 classes & postmean_w & P(w>1)
(amino acids refer to 1st sequence: Mlig.20844)

   1 M   0.09402 0.09402 0.09402 0.09402 0.09402 0.09402 0.09402 0.09402 0.24785 ( 9)  0.302  0.248
   2 L   0.05439 0.05439 0.05439 0.05439 0.05439 0.05439 0.05439 0.05439 0.56487 ( 9)  0.688  0.565
   3 A   0.07004 0.07004 0.07004 0.07004 0.07004 0.07004 0.07004 0.07004 0.43970 ( 9)  0.536  0.440
   4 P   0.06947 0.06947 0.06947 0.06947 0.06947 0.06947 0.06947 0.06947 0.44427 ( 9)  0.541  0.444
   5 I   0.07747 0.07747 0.07747 0.07747 0.07747 0.07747 0.07747 0.07747 0.38021 ( 9)  0.463  0.380
   6 L   0.05439 0.05439 0.05439 0.05439 0.05439 0.05439 0.05439 0.05439 0.56487 ( 9)  0.688  0.565
   7 Q   0.08106 0.08106 0.08106 0.08106 0.08106 0.08106 0.08106 0.08106 0.35150 ( 9)  0.428  0.351
   8 Q   0.08106 0.08106 0.08106 0.08106 0.08106 0.08106 0.08106 0.08106 0.35150 ( 9)  0.428  0.351
   9 Q   0.08106 0.08106 0.08106 0.08106 0.08106 0.08106 0.08106 0.08106 0.35150 ( 9)  0.428  0.351
  10 Q   0.08106 0.08106 0.08106 0.08106 0.08106 0.08106 0.08106 0.08106 0.35150 ( 9)  0.428  0.351
  11 Q   0.00000 0.00000 0.00000 0.00000 0.00000 0.00000 0.00000 0.00000 1.00000 ( 9)  1.218  1.000
  12 Q   0.00000 0.00000 0.00000 0.00000 0.00000 0.00000 0.00000 0.00000 1.00000 ( 9)  1.218  1.000
  13 Q   0.00000 0.00000 0.00000 0.00000 0.00000 0.00000 0.00000 0.00000 1.00000 ( 9)  1.218  1.000
  14 N   0.08905 0.08905 0.08905 0.08905 0.08905 0.08905 0.08905 0.08905 0.28761 ( 9)  0.350  0.288
  15 G   0.00000 0.00000 0.00000 0.00000 0.00000 0.00000 0.00000 0.00000 1.00000 ( 9)  1.218  1.000
  16 S   0.00000 0.00000 0.00000 0.00000 0.00000 0.00000 0.00000 0.00000 1.00000 ( 9)  1.218  1.000
  17 N   0.00000 0.00000 0.00000 0.00000 0.00000 0.00000 0.00000 0.00000 1.00000 ( 9)  1.218  1.000
  18 S   0.00000 0.00000 0.00000 0.00000 0.00000 0.00000 0.00000 0.00000 1.00000 ( 9)  1.218  1.000
  19 N   0.00000 0.00000 0.00000 0.00000 0.00000 0.00000 0.00000 0.00000 1.00000 ( 9)  1.218  1.000
  20 G   0.00000 0.00000 0.00000 0.00000 0.00000 0.00000 0.00000 0.00000 1.00000 ( 9)  1.218  1.000
  21 S   0.06595 0.06595 0.06595 0.06595 0.06595 0.06595 0.06595 0.06595 0.47236 ( 9)  0.575  0.472
  22 I   0.00000 0.00000 0.00000 0.00000 0.00000 0.00000 0.00000 0.00000 1.00000 ( 9)  1.218  1.000
  23 T   0.00000 0.00000 0.00000 0.00000 0.00000 0.00000 0.00000 0.00000 1.00000 ( 9)  1.218  1.000
  24 S   0.00000 0.00000 0.00000 0.00000 0.00000 0.00000 0.00000 0.00000 1.00000 ( 9)  1.218  1.000
  25 N   0.00000 0.00000 0.00000 0.00000 0.00000 0.00000 0.00000 0.00000 1.00000 ( 9)  1.218  1.000
  26 G   0.00000 0.00000 0.00000 0.00000 0.00000 0.00000 0.00000 0.00000 1.00000 ( 9)  1.218  1.000
  27 Y   0.00000 0.00000 0.00000 0.00000 0.00000 0.00000 0.00000 0.00000 1.00000 ( 9)  1.218  1.000
  28 G   0.00000 0.00000 0.00000 0.00000 0.00000 0.00000 0.00000 0.00000 1.00000 ( 9)  1.218  1.000
  29 H   0.00000 0.00000 0.00000 0.00000 0.00000 0.00000 0.00000 0.00000 1.00000 ( 9)  1.218  1.000
  30 H   0.00000 0.00000 0.00000 0.00000 0.00000 0.00000 0.00000 0.00000 1.00000 ( 9)  1.218  1.000
  31 R   0.00000 0.00000 0.00000 0.00000 0.00000 0.00000 0.00000 0.00000 1.00000 ( 9)  1.218  1.000
  32 L   0.00000 0.00000 0.00000 0.00000 0.00000 0.00000 0.00000 0.00000 1.00000 ( 9)  1.218  1.000
  33 L   0.00000 0.00000 0.00000 0.00000 0.00000 0.00000 0.00000 0.00000 1.00000 ( 9)  1.218  1.000
  34 N   0.00000 0.00000 0.00000 0.00000 0.00000 0.00000 0.00000 0.00000 1.00000 ( 9)  1.218  1.000
  35 G   0.00000 0.00000 0.00000 0.00000 0.00000 0.00000 0.00000 0.00000 1.00000 ( 9)  1.218  1.000
  36 D   0.00000 0.00000 0.00000 0.00000 0.00000 0.00000 0.00000 0.00000 1.00000 ( 9)  1.218  1.000
  37 R   0.00000 0.00000 0.00000 0.00000 0.00000 0.00000 0.00000 0.00000 1.00000 ( 9)  1.218  1.000
  38 Q   0.00000 0.00000 0.00000 0.00000 0.00000 0.00000 0.00000 0.00000 1.00000 ( 9)  1.218  1.000
  39 Q   0.08106 0.08106 0.08106 0.08106 0.08106 0.08106 0.08106 0.08106 0.35150 ( 9)  0.428  0.351
  40 H   0.00000 0.00000 0.00000 0.00000 0.00000 0.00000 0.00000 0.00000 1.00000 ( 9)  1.218  1.000
  41 L   0.00000 0.00000 0.00000 0.00000 0.00000 0.00000 0.00000 0.00000 1.00000 ( 9)  1.218  1.000
  42 Q   0.08106 0.08106 0.08106 0.08106 0.08106 0.08106 0.08106 0.08106 0.35150 ( 9)  0.428  0.351
  43 Q   0.08106 0.08106 0.08106 0.08106 0.08106 0.08106 0.08106 0.08106 0.35150 ( 9)  0.428  0.351
  44 Q   0.05041 0.05041 0.05041 0.05041 0.05041 0.05041 0.05041 0.05041 0.59669 ( 9)  0.727  0.597
  45 Q   0.00000 0.00000 0.00000 0.00000 0.00000 0.00000 0.00000 0.00000 1.00000 ( 9)  1.218  1.000
  46 Q   0.08106 0.08106 0.08106 0.08106 0.08106 0.08106 0.08106 0.08106 0.35150 ( 9)  0.428  0.351
  47 Q   0.05041 0.05041 0.05041 0.05041 0.05041 0.05041 0.05041 0.05041 0.59669 ( 9)  0.727  0.597
  48 Q   0.00000 0.00000 0.00000 0.00000 0.00000 0.00000 0.00000 0.00000 1.00000 ( 9)  1.218  1.000
  49 P   0.00000 0.00000 0.00000 0.00000 0.00000 0.00000 0.00000 0.00000 1.00000 ( 9)  1.218  1.000
  50 K   0.00000 0.00000 0.00000 0.00000 0.00000 0.00000 0.00000 0.00000 1.00000 ( 9)  1.218  1.000
  51 L   0.00000 0.00000 0.00000 0.00000 0.00000 0.00000 0.00000 0.00000 1.00000 ( 9)  1.218  1.000
  52 F   0.00000 0.00000 0.00000 0.00000 0.00000 0.00000 0.00000 0.00000 1.00000 ( 9)  1.218  1.000
  53 S   0.00000 0.00000 0.00000 0.00000 0.00000 0.00000 0.00000 0.00000 1.00000 ( 9)  1.218  1.000
  54 Y   0.00000 0.00000 0.00000 0.00000 0.00000 0.00000 0.00000 0.00000 1.00000 ( 9)  1.218  1.000
  55 K   0.00000 0.00000 0.00000 0.00000 0.00000 0.00000 0.00000 0.00000 1.00000 ( 9)  1.218  1.000
  56 L   0.00000 0.00000 0.00000 0.00000 0.00000 0.00000 0.00000 0.00000 1.00000 ( 9)  1.218  1.000
  57 V   0.00000 0.00000 0.00000 0.00000 0.00000 0.00000 0.00000 0.00000 1.00000 ( 9)  1.218  1.000
  58 Q   0.00000 0.00000 0.00000 0.00000 0.00000 0.00000 0.00000 0.00000 1.00000 ( 9)  1.218  1.000
  59 L   0.00000 0.00000 0.00000 0.00000 0.00000 0.00000 0.00000 0.00000 1.00000 ( 9)  1.218  1.000
  60 Q   0.00000 0.00000 0.00000 0.00000 0.00000 0.00000 0.00000 0.00000 1.00000 ( 9)  1.218  1.000
  61 H   0.00000 0.00000 0.00000 0.00000 0.00000 0.00000 0.00000 0.00000 1.00000 ( 9)  1.218  1.000
  62 S   0.00000 0.00000 0.00000 0.00000 0.00000 0.00000 0.00000 0.00000 1.00000 ( 9)  1.218  1.000
  63 Y   0.00000 0.00000 0.00000 0.00000 0.00000 0.00000 0.00000 0.00000 1.00000 ( 9)  1.218  1.000
  64 T   0.00000 0.00000 0.00000 0.00000 0.00000 0.00000 0.00000 0.00000 1.00000 ( 9)  1.218  1.000
  65 G   0.00000 0.00000 0.00000 0.00000 0.00000 0.00000 0.00000 0.00000 1.00000 ( 9)  1.218  1.000
  66 L   0.00000 0.00000 0.00000 0.00000 0.00000 0.00000 0.00000 0.00000 1.00000 ( 9)  1.218  1.000
  67 P   0.00000 0.00000 0.00000 0.00000 0.00000 0.00000 0.00000 0.00000 1.00000 ( 9)  1.218  1.000
  68 F   0.00000 0.00000 0.00000 0.00000 0.00000 0.00000 0.00000 0.00000 1.00000 ( 9)  1.218  1.000
  69 G   0.00000 0.00000 0.00000 0.00000 0.00000 0.00000 0.00000 0.00000 1.00000 ( 9)  1.218  1.000
  70 F   0.00000 0.00000 0.00000 0.00000 0.00000 0.00000 0.00000 0.00000 1.00000 ( 9)  1.218  1.000
  71 T   0.00000 0.00000 0.00000 0.00000 0.00000 0.00000 0.00000 0.00000 1.00000 ( 9)  1.218  1.000
  72 N   0.00000 0.00000 0.00000 0.00000 0.00000 0.00000 0.00000 0.00000 1.00000 ( 9)  1.218  1.000
  73 E   0.00000 0.00000 0.00000 0.00000 0.00000 0.00000 0.00000 0.00000 1.00000 ( 9)  1.218  1.000
  74 G   0.00000 0.00000 0.00000 0.00000 0.00000 0.00000 0.00000 0.00000 1.00000 ( 9)  1.218  1.000
  75 N   0.00000 0.00000 0.00000 0.00000 0.00000 0.00000 0.00000 0.00000 1.00000 ( 9)  1.218  1.000
  76 Y   0.00000 0.00000 0.00000 0.00000 0.00000 0.00000 0.00000 0.00000 1.00000 ( 9)  1.218  1.000
  77 C   0.00000 0.00000 0.00000 0.00000 0.00000 0.00000 0.00000 0.00000 1.00000 ( 9)  1.218  1.000
  78 Y   0.00000 0.00000 0.00000 0.00000 0.00000 0.00000 0.00000 0.00000 1.00000 ( 9)  1.218  1.000
  79 M   0.00000 0.00000 0.00000 0.00000 0.00000 0.00000 0.00000 0.00000 1.00000 ( 9)  1.218  1.000
  80 I   0.00000 0.00000 0.00000 0.00000 0.00000 0.00000 0.00000 0.00000 1.00000 ( 9)  1.218  1.000
  81 S   0.00000 0.00000 0.00000 0.00000 0.00000 0.00000 0.00000 0.00000 1.00000 ( 9)  1.218  1.000
  82 V   0.00000 0.00000 0.00000 0.00000 0.00000 0.00000 0.00000 0.00000 1.00000 ( 9)  1.218  1.000
  83 L   0.00000 0.00000 0.00000 0.00000 0.00000 0.00000 0.00000 0.00000 1.00000 ( 9)  1.218  1.000
  84 Q   0.00000 0.00000 0.00000 0.00000 0.00000 0.00000 0.00000 0.00000 1.00000 ( 9)  1.218  1.000
  85 S   0.00000 0.00000 0.00000 0.00000 0.00000 0.00000 0.00000 0.00000 1.00000 ( 9)  1.218  1.000
  86 L   0.05439 0.05439 0.05439 0.05439 0.05439 0.05439 0.05439 0.05439 0.56487 ( 9)  0.688  0.565
  87 L   0.00000 0.00000 0.00000 0.00000 0.00000 0.00000 0.00000 0.00000 1.00000 ( 9)  1.218  1.000
  88 H   0.00000 0.00000 0.00000 0.00000 0.00000 0.00000 0.00000 0.00000 1.00000 ( 9)  1.218  1.000
  89 T   0.00000 0.00000 0.00000 0.00000 0.00000 0.00000 0.00000 0.00000 1.00000 ( 9)  1.218  1.000
  90 P   0.00000 0.00000 0.00000 0.00000 0.00000 0.00000 0.00000 0.00000 1.00000 ( 9)  1.218  1.000
  91 A   0.00000 0.00000 0.00000 0.00000 0.00000 0.00000 0.00000 0.00000 1.00000 ( 9)  1.218  1.000
  92 F   0.00000 0.00000 0.00000 0.00000 0.00000 0.00000 0.00000 0.00000 1.00000 ( 9)  1.218  1.000
  93 I   0.00000 0.00000 0.00000 0.00000 0.00000 0.00000 0.00000 0.00000 1.00000 ( 9)  1.218  1.000
  94 N   0.00000 0.00000 0.00000 0.00000 0.00000 0.00000 0.00000 0.00000 1.00000 ( 9)  1.218  1.000
  95 F   0.00000 0.00000 0.00000 0.00000 0.00000 0.00000 0.00000 0.00000 1.00000 ( 9)  1.218  1.000
  96 V   0.00000 0.00000 0.00000 0.00000 0.00000 0.00000 0.00000 0.00000 1.00000 ( 9)  1.218  1.000
  97 L   0.00000 0.00000 0.00000 0.00000 0.00000 0.00000 0.00000 0.00000 1.00000 ( 9)  1.218  1.000
  98 S   0.05358 0.05358 0.05358 0.05358 0.05358 0.05358 0.05358 0.05358 0.57137 ( 9)  0.696  0.571
  99 S   0.00000 0.00000 0.00000 0.00000 0.00000 0.00000 0.00000 0.00000 1.00000 ( 9)  1.218  1.000
 100 H   0.00000 0.00000 0.00000 0.00000 0.00000 0.00000 0.00000 0.00000 1.00000 ( 9)  1.218  1.000
 101 V   0.00000 0.00000 0.00000 0.00000 0.00000 0.00000 0.00000 0.00000 1.00000 ( 9)  1.218  1.000
 102 S   0.00000 0.00000 0.00000 0.00000 0.00000 0.00000 0.00000 0.00000 1.00000 ( 9)  1.218  1.000
 103 T   0.00000 0.00000 0.00000 0.00000 0.00000 0.00000 0.00000 0.00000 1.00000 ( 9)  1.218  1.000
 104 C   0.00000 0.00000 0.00000 0.00000 0.00000 0.00000 0.00000 0.00000 1.00000 ( 9)  1.218  1.000
 105 R   0.00000 0.00000 0.00000 0.00000 0.00000 0.00000 0.00000 0.00000 1.00000 ( 9)  1.218  1.000
 106 I   0.00000 0.00000 0.00000 0.00000 0.00000 0.00000 0.00000 0.00000 1.00000 ( 9)  1.218  1.000
 107 V   0.00000 0.00000 0.00000 0.00000 0.00000 0.00000 0.00000 0.00000 1.00000 ( 9)  1.218  1.000
 108 P   0.00000 0.00000 0.00000 0.00000 0.00000 0.00000 0.00000 0.00000 1.00000 ( 9)  1.218  1.000
 109 S   0.00000 0.00000 0.00000 0.00000 0.00000 0.00000 0.00000 0.00000 1.00000 ( 9)  1.218  1.000
 110 V   0.00000 0.00000 0.00000 0.00000 0.00000 0.00000 0.00000 0.00000 1.00000 ( 9)  1.218  1.000
 111 D   0.00000 0.00000 0.00000 0.00000 0.00000 0.00000 0.00000 0.00000 1.00000 ( 9)  1.218  1.000
 112 K   0.00000 0.00000 0.00000 0.00000 0.00000 0.00000 0.00000 0.00000 1.00000 ( 9)  1.218  1.000
 113 W   0.00000 0.00000 0.00000 0.00000 0.00000 0.00000 0.00000 0.00000 1.00000 ( 9)  1.218  1.000
 114 C   0.00000 0.00000 0.00000 0.00000 0.00000 0.00000 0.00000 0.00000 1.00000 ( 9)  1.218  1.000
 115 A   0.00000 0.00000 0.00000 0.00000 0.00000 0.00000 0.00000 0.00000 1.00000 ( 9)  1.218  1.000
 116 V   0.00000 0.00000 0.00000 0.00000 0.00000 0.00000 0.00000 0.00000 1.00000 ( 9)  1.218  1.000
 117 C   0.00000 0.00000 0.00000 0.00000 0.00000 0.00000 0.00000 0.00000 1.00000 ( 9)  1.218  1.000
 118 E   0.00000 0.00000 0.00000 0.00000 0.00000 0.00000 0.00000 0.00000 1.00000 ( 9)  1.218  1.000
 119 F   0.00000 0.00000 0.00000 0.00000 0.00000 0.00000 0.00000 0.00000 1.00000 ( 9)  1.218  1.000
 120 V   0.00000 0.00000 0.00000 0.00000 0.00000 0.00000 0.00000 0.00000 1.00000 ( 9)  1.218  1.000
 121 R   0.00000 0.00000 0.00000 0.00000 0.00000 0.00000 0.00000 0.00000 1.00000 ( 9)  1.218  1.000
 122 Y   0.08562 0.08562 0.08562 0.08562 0.08562 0.08562 0.08562 0.08562 0.31505 ( 9)  0.384  0.315
 123 Y   0.00000 0.00000 0.00000 0.00000 0.00000 0.00000 0.00000 0.00000 1.00000 ( 9)  1.218  1.000
 124 K   0.00000 0.00000 0.00000 0.00000 0.00000 0.00000 0.00000 0.00000 1.00000 ( 9)  1.218  1.000
 125 R   0.00000 0.00000 0.00000 0.00000 0.00000 0.00000 0.00000 0.00000 1.00000 ( 9)  1.218  1.000
 126 Y   0.00000 0.00000 0.00000 0.00000 0.00000 0.00000 0.00000 0.00000 1.00000 ( 9)  1.218  1.000
 127 S   0.00000 0.00000 0.00000 0.00000 0.00000 0.00000 0.00000 0.00000 1.00000 ( 9)  1.218  1.000
 128 C   0.00000 0.00000 0.00000 0.00000 0.00000 0.00000 0.00000 0.00000 1.00000 ( 9)  1.218  1.000
 129 G   0.00000 0.00000 0.00000 0.00000 0.00000 0.00000 0.00000 0.00000 1.00000 ( 9)  1.218  1.000
 130 P   0.00000 0.00000 0.00000 0.00000 0.00000 0.00000 0.00000 0.00000 1.00000 ( 9)  1.218  1.000
 131 G   0.00000 0.00000 0.00000 0.00000 0.00000 0.00000 0.00000 0.00000 1.00000 ( 9)  1.218  1.000
 132 S   0.00000 0.00000 0.00000 0.00000 0.00000 0.00000 0.00000 0.00000 1.00000 ( 9)  1.218  1.000
 133 A   0.00000 0.00000 0.00000 0.00000 0.00000 0.00000 0.00000 0.00000 1.00000 ( 9)  1.218  1.000
 134 C   0.00000 0.00000 0.00000 0.00000 0.00000 0.00000 0.00000 0.00000 1.00000 ( 9)  1.218  1.000
 135 Y   0.00000 0.00000 0.00000 0.00000 0.00000 0.00000 0.00000 0.00000 1.00000 ( 9)  1.218  1.000
 136 P   0.00000 0.00000 0.00000 0.00000 0.00000 0.00000 0.00000 0.00000 1.00000 ( 9)  1.218  1.000
 137 R   0.00000 0.00000 0.00000 0.00000 0.00000 0.00000 0.00000 0.00000 1.00000 ( 9)  1.218  1.000
 138 A   0.00000 0.00000 0.00000 0.00000 0.00000 0.00000 0.00000 0.00000 1.00000 ( 9)  1.218  1.000
 139 F   0.00000 0.00000 0.00000 0.00000 0.00000 0.00000 0.00000 0.00000 1.00000 ( 9)  1.218  1.000
 140 M   0.00000 0.00000 0.00000 0.00000 0.00000 0.00000 0.00000 0.00000 1.00000 ( 9)  1.218  1.000
 141 N   0.00000 0.00000 0.00000 0.00000 0.00000 0.00000 0.00000 0.00000 1.00000 ( 9)  1.218  1.000
 142 R   0.00000 0.00000 0.00000 0.00000 0.00000 0.00000 0.00000 0.00000 1.00000 ( 9)  1.218  1.000
 143 L   0.00000 0.00000 0.00000 0.00000 0.00000 0.00000 0.00000 0.00000 1.00000 ( 9)  1.218  1.000
 144 S   0.00000 0.00000 0.00000 0.00000 0.00000 0.00000 0.00000 0.00000 1.00000 ( 9)  1.218  1.000
 145 A   0.00000 0.00000 0.00000 0.00000 0.00000 0.00000 0.00000 0.00000 1.00000 ( 9)  1.218  1.000
 146 I   0.00000 0.00000 0.00000 0.00000 0.00000 0.00000 0.00000 0.00000 1.00000 ( 9)  1.218  1.000
 147 S   0.00000 0.00000 0.00000 0.00000 0.00000 0.00000 0.00000 0.00000 1.00000 ( 9)  1.218  1.000
 148 P   0.00000 0.00000 0.00000 0.00000 0.00000 0.00000 0.00000 0.00000 1.00000 ( 9)  1.218  1.000
 149 T   0.00000 0.00000 0.00000 0.00000 0.00000 0.00000 0.00000 0.00000 1.00000 ( 9)  1.218  1.000
 150 M   0.00000 0.00000 0.00000 0.00000 0.00000 0.00000 0.00000 0.00000 1.00000 ( 9)  1.218  1.000
 151 R   0.00000 0.00000 0.00000 0.00000 0.00000 0.00000 0.00000 0.00000 1.00000 ( 9)  1.218  1.000
 152 L   0.00000 0.00000 0.00000 0.00000 0.00000 0.00000 0.00000 0.00000 1.00000 ( 9)  1.218  1.000
 153 N   0.00000 0.00000 0.00000 0.00000 0.00000 0.00000 0.00000 0.00000 1.00000 ( 9)  1.218  1.000
 154 R   0.00000 0.00000 0.00000 0.00000 0.00000 0.00000 0.00000 0.00000 1.00000 ( 9)  1.218  1.000
 155 Q   0.00000 0.00000 0.00000 0.00000 0.00000 0.00000 0.00000 0.00000 1.00000 ( 9)  1.218  1.000
 156 E   0.00000 0.00000 0.00000 0.00000 0.00000 0.00000 0.00000 0.00000 1.00000 ( 9)  1.218  1.000
 157 D   0.00000 0.00000 0.00000 0.00000 0.00000 0.00000 0.00000 0.00000 1.00000 ( 9)  1.218  1.000
 158 A   0.00000 0.00000 0.00000 0.00000 0.00000 0.00000 0.00000 0.00000 1.00000 ( 9)  1.218  1.000
 159 H   0.00000 0.00000 0.00000 0.00000 0.00000 0.00000 0.00000 0.00000 1.00000 ( 9)  1.218  1.000
 160 E   0.00000 0.00000 0.00000 0.00000 0.00000 0.00000 0.00000 0.00000 1.00000 ( 9)  1.218  1.000
 161 F   0.00000 0.00000 0.00000 0.00000 0.00000 0.00000 0.00000 0.00000 1.00000 ( 9)  1.218  1.000
 162 L   0.00000 0.00000 0.00000 0.00000 0.00000 0.00000 0.00000 0.00000 1.00000 ( 9)  1.218  1.000
 163 R   0.00000 0.00000 0.00000 0.00000 0.00000 0.00000 0.00000 0.00000 1.00000 ( 9)  1.218  1.000
 164 G   0.00000 0.00000 0.00000 0.00000 0.00000 0.00000 0.00000 0.00000 1.00000 ( 9)  1.218  1.000
 165 L   0.01933 0.01933 0.01933 0.01933 0.01933 0.01933 0.01933 0.01933 0.84533 ( 9)  1.030  0.845
 166 L   0.00000 0.00000 0.00000 0.00000 0.00000 0.00000 0.00000 0.00000 1.00000 ( 9)  1.218  1.000
 167 D   0.00000 0.00000 0.00000 0.00000 0.00000 0.00000 0.00000 0.00000 1.00000 ( 9)  1.218  1.000
 168 Y   0.00000 0.00000 0.00000 0.00000 0.00000 0.00000 0.00000 0.00000 1.00000 ( 9)  1.218  1.000
 169 M   0.00000 0.00000 0.00000 0.00000 0.00000 0.00000 0.00000 0.00000 1.00000 ( 9)  1.218  1.000
 170 E   0.00000 0.00000 0.00000 0.00000 0.00000 0.00000 0.00000 0.00000 1.00000 ( 9)  1.218  1.000
 171 S   0.00000 0.00000 0.00000 0.00000 0.00000 0.00000 0.00000 0.00000 1.00000 ( 9)  1.218  1.000
 172 N   0.00000 0.00000 0.00000 0.00000 0.00000 0.00000 0.00000 0.00000 1.00000 ( 9)  1.218  1.000
 173 C   0.00000 0.00000 0.00000 0.00000 0.00000 0.00000 0.00000 0.00000 1.00000 ( 9)  1.218  1.000
 174 L   0.00000 0.00000 0.00000 0.00000 0.00000 0.00000 0.00000 0.00000 1.00000 ( 9)  1.218  1.000
 175 H   0.00000 0.00000 0.00000 0.00000 0.00000 0.00000 0.00000 0.00000 1.00000 ( 9)  1.218  1.000
 176 G   0.00000 0.00000 0.00000 0.00000 0.00000 0.00000 0.00000 0.00000 1.00000 ( 9)  1.218  1.000
 177 Y   0.00000 0.00000 0.00000 0.00000 0.00000 0.00000 0.00000 0.00000 1.00000 ( 9)  1.218  1.000
 178 T   0.00000 0.00000 0.00000 0.00000 0.00000 0.00000 0.00000 0.00000 1.00000 ( 9)  1.218  1.000
 179 G   0.00000 0.00000 0.00000 0.00000 0.00000 0.00000 0.00000 0.00000 1.00000 ( 9)  1.218  1.000
 180 A   0.00000 0.00000 0.00000 0.00000 0.00000 0.00000 0.00000 0.00000 1.00000 ( 9)  1.218  1.000
 181 E   0.00000 0.00000 0.00000 0.00000 0.00000 0.00000 0.00000 0.00000 1.00000 ( 9)  1.218  1.000
 182 S   0.00000 0.00000 0.00000 0.00000 0.00000 0.00000 0.00000 0.00000 1.00000 ( 9)  1.218  1.000
 183 K   0.00000 0.00000 0.00000 0.00000 0.00000 0.00000 0.00000 0.00000 1.00000 ( 9)  1.218  1.000
 184 R   0.00000 0.00000 0.00000 0.00000 0.00000 0.00000 0.00000 0.00000 1.00000 ( 9)  1.218  1.000
 185 A   0.00000 0.00000 0.00000 0.00000 0.00000 0.00000 0.00000 0.00000 1.00000 ( 9)  1.218  1.000
 186 S   0.00000 0.00000 0.00000 0.00000 0.00000 0.00000 0.00000 0.00000 1.00000 ( 9)  1.218  1.000
 187 N   0.00000 0.00000 0.00000 0.00000 0.00000 0.00000 0.00000 0.00000 1.00000 ( 9)  1.218  1.000
 188 P   0.00000 0.00000 0.00000 0.00000 0.00000 0.00000 0.00000 0.00000 1.00000 ( 9)  1.218  1.000
 189 I   0.00000 0.00000 0.00000 0.00000 0.00000 0.00000 0.00000 0.00000 1.00000 ( 9)  1.218  1.000
 190 R   0.00000 0.00000 0.00000 0.00000 0.00000 0.00000 0.00000 0.00000 1.00000 ( 9)  1.218  1.000
 191 V   0.00000 0.00000 0.00000 0.00000 0.00000 0.00000 0.00000 0.00000 1.00000 ( 9)  1.218  1.000
 192 L   0.00000 0.00000 0.00000 0.00000 0.00000 0.00000 0.00000 0.00000 1.00000 ( 9)  1.218  1.000
 193 F   0.00000 0.00000 0.00000 0.00000 0.00000 0.00000 0.00000 0.00000 1.00000 ( 9)  1.218  1.000
 194 C   0.00000 0.00000 0.00000 0.00000 0.00000 0.00000 0.00000 0.00000 1.00000 ( 9)  1.218  1.000
 195 G   0.00000 0.00000 0.00000 0.00000 0.00000 0.00000 0.00000 0.00000 1.00000 ( 9)  1.218  1.000
 196 K   0.00000 0.00000 0.00000 0.00000 0.00000 0.00000 0.00000 0.00000 1.00000 ( 9)  1.218  1.000
 197 L   0.00000 0.00000 0.00000 0.00000 0.00000 0.00000 0.00000 0.00000 1.00000 ( 9)  1.218  1.000
 198 K   0.00000 0.00000 0.00000 0.00000 0.00000 0.00000 0.00000 0.00000 1.00000 ( 9)  1.218  1.000
 199 S   0.07197 0.07197 0.07197 0.07197 0.07197 0.07197 0.07197 0.07197 0.42421 ( 9)  0.517  0.424
 200 S   0.00000 0.00000 0.00000 0.00000 0.00000 0.00000 0.00000 0.00000 1.00000 ( 9)  1.218  1.000
 201 V   0.00000 0.00000 0.00000 0.00000 0.00000 0.00000 0.00000 0.00000 1.00000 ( 9)  1.218  1.000
 202 L   0.00000 0.00000 0.00000 0.00000 0.00000 0.00000 0.00000 0.00000 1.00000 ( 9)  1.218  1.000
 203 C   0.00000 0.00000 0.00000 0.00000 0.00000 0.00000 0.00000 0.00000 1.00000 ( 9)  1.218  1.000
 204 S   0.00000 0.00000 0.00000 0.00000 0.00000 0.00000 0.00000 0.00000 1.00000 ( 9)  1.218  1.000
 205 K   0.00000 0.00000 0.00000 0.00000 0.00000 0.00000 0.00000 0.00000 1.00000 ( 9)  1.218  1.000
 206 C   0.00000 0.00000 0.00000 0.00000 0.00000 0.00000 0.00000 0.00000 1.00000 ( 9)  1.218  1.000
 207 G   0.00000 0.00000 0.00000 0.00000 0.00000 0.00000 0.00000 0.00000 1.00000 ( 9)  1.218  1.000
 208 A   0.00000 0.00000 0.00000 0.00000 0.00000 0.00000 0.00000 0.00000 1.00000 ( 9)  1.218  1.000
 209 Q   0.00000 0.00000 0.00000 0.00000 0.00000 0.00000 0.00000 0.00000 1.00000 ( 9)  1.218  1.000
 210 S   0.00000 0.00000 0.00000 0.00000 0.00000 0.00000 0.00000 0.00000 1.00000 ( 9)  1.218  1.000
 211 Q   0.00000 0.00000 0.00000 0.00000 0.00000 0.00000 0.00000 0.00000 1.00000 ( 9)  1.218  1.000
 212 T   0.00000 0.00000 0.00000 0.00000 0.00000 0.00000 0.00000 0.00000 1.00000 ( 9)  1.218  1.000
 213 F   0.00000 0.00000 0.00000 0.00000 0.00000 0.00000 0.00000 0.00000 1.00000 ( 9)  1.218  1.000
 214 D   0.05227 0.05227 0.05227 0.05227 0.05227 0.05227 0.05227 0.05227 0.58185 ( 9)  0.709  0.582
 215 D   0.00000 0.00000 0.00000 0.00000 0.00000 0.00000 0.00000 0.00000 1.00000 ( 9)  1.218  1.000
 216 F   0.00000 0.00000 0.00000 0.00000 0.00000 0.00000 0.00000 0.00000 1.00000 ( 9)  1.218  1.000
 217 M   0.00000 0.00000 0.00000 0.00000 0.00000 0.00000 0.00000 0.00000 1.00000 ( 9)  1.218  1.000
 218 D   0.00000 0.00000 0.00000 0.00000 0.00000 0.00000 0.00000 0.00000 1.00000 ( 9)  1.218  1.000
 219 L   0.00000 0.00000 0.00000 0.00000 0.00000 0.00000 0.00000 0.00000 1.00000 ( 9)  1.218  1.000
 220 S   0.00000 0.00000 0.00000 0.00000 0.00000 0.00000 0.00000 0.00000 1.00000 ( 9)  1.218  1.000
 221 L   0.00000 0.00000 0.00000 0.00000 0.00000 0.00000 0.00000 0.00000 1.00000 ( 9)  1.218  1.000
 222 C   0.00000 0.00000 0.00000 0.00000 0.00000 0.00000 0.00000 0.00000 1.00000 ( 9)  1.218  1.000
 223 I   0.00000 0.00000 0.00000 0.00000 0.00000 0.00000 0.00000 0.00000 1.00000 ( 9)  1.218  1.000
 224 Q   0.00000 0.00000 0.00000 0.00000 0.00000 0.00000 0.00000 0.00000 1.00000 ( 9)  1.218  1.000
 225 S   0.09264 0.09264 0.09264 0.09264 0.09264 0.09264 0.09264 0.09264 0.25888 ( 9)  0.315  0.259
 226 S   0.00000 0.00000 0.00000 0.00000 0.00000 0.00000 0.00000 0.00000 1.00000 ( 9)  1.218  1.000
 227 N   0.08068 0.08068 0.08068 0.08068 0.08068 0.08068 0.08068 0.08068 0.35455 ( 9)  0.432  0.355

Positively selected sites

	Prob(w>1)  mean w

     2 L      0.565         0.688
     6 L      0.565         0.688
    11 Q      1.000**       1.218
    12 Q      1.000**       1.218
    13 Q      1.000**       1.218
    15 G      1.000**       1.218
    16 S      1.000**       1.218
    17 N      1.000**       1.218
    18 S      1.000**       1.218
    19 N      1.000**       1.218
    20 G      1.000**       1.218
    22 I      1.000**       1.218
    23 T      1.000**       1.218
    24 S      1.000**       1.218
    25 N      1.000**       1.218
    26 G      1.000**       1.218
    27 Y      1.000**       1.218
    28 G      1.000**       1.218
    29 H      1.000**       1.218
    30 H      1.000**       1.218
    31 R      1.000**       1.218
    32 L      1.000**       1.218
    33 L      1.000**       1.218
    34 N      1.000**       1.218
    35 G      1.000**       1.218
    36 D      1.000**       1.218
    37 R      1.000**       1.218
    38 Q      1.000**       1.218
    40 H      1.000**       1.218
    41 L      1.000**       1.218
    44 Q      0.597         0.727
    45 Q      1.000**       1.218
    47 Q      0.597         0.727
    48 Q      1.000**       1.218
    49 P      1.000**       1.218
    50 K      1.000**       1.218
    51 L      1.000**       1.218
    52 F      1.000**       1.218
    53 S      1.000**       1.218
    54 Y      1.000**       1.218
    55 K      1.000**       1.218
    56 L      1.000**       1.218
    57 V      1.000**       1.218
    58 Q      1.000**       1.218
    59 L      1.000**       1.218
    60 Q      1.000**       1.218
    61 H      1.000**       1.218
    62 S      1.000**       1.218
    63 Y      1.000**       1.218
    64 T      1.000**       1.218
    65 G      1.000**       1.218
    66 L      1.000**       1.218
    67 P      1.000**       1.218
    68 F      1.000**       1.218
    69 G      1.000**       1.218
    70 F      1.000**       1.218
    71 T      1.000**       1.218
    72 N      1.000**       1.218
    73 E      1.000**       1.218
    74 G      1.000**       1.218
    75 N      1.000**       1.218
    76 Y      1.000**       1.218
    77 C      1.000**       1.218
    78 Y      1.000**       1.218
    79 M      1.000**       1.218
    80 I      1.000**       1.218
    81 S      1.000**       1.218
    82 V      1.000**       1.218
    83 L      1.000**       1.218
    84 Q      1.000**       1.218
    85 S      1.000**       1.218
    86 L      0.565         0.688
    87 L      1.000**       1.218
    88 H      1.000**       1.218
    89 T      1.000**       1.218
    90 P      1.000**       1.218
    91 A      1.000**       1.218
    92 F      1.000**       1.218
    93 I      1.000**       1.218
    94 N      1.000**       1.218
    95 F      1.000**       1.218
    96 V      1.000**       1.218
    97 L      1.000**       1.218
    98 S      0.571         0.696
    99 S      1.000**       1.218
   100 H      1.000**       1.218
   101 V      1.000**       1.218
   102 S      1.000**       1.218
   103 T      1.000**       1.218
   104 C      1.000**       1.218
   105 R      1.000**       1.218
   106 I      1.000**       1.218
   107 V      1.000**       1.218
   108 P      1.000**       1.218
   109 S      1.000**       1.218
   110 V      1.000**       1.218
   111 D      1.000**       1.218
   112 K      1.000**       1.218
   113 W      1.000**       1.218
   114 C      1.000**       1.218
   115 A      1.000**       1.218
   116 V      1.000**       1.218
   117 C      1.000**       1.218
   118 E      1.000**       1.218
   119 F      1.000**       1.218
   120 V      1.000**       1.218
   121 R      1.000**       1.218
   123 Y      1.000**       1.218
   124 K      1.000**       1.218
   125 R      1.000**       1.218
   126 Y      1.000**       1.218
   127 S      1.000**       1.218
   128 C      1.000**       1.218
   129 G      1.000**       1.218
   130 P      1.000**       1.218
   131 G      1.000**       1.218
   132 S      1.000**       1.218
   133 A      1.000**       1.218
   134 C      1.000**       1.218
   135 Y      1.000**       1.218
   136 P      1.000**       1.218
   137 R      1.000**       1.218
   138 A      1.000**       1.218
   139 F      1.000**       1.218
   140 M      1.000**       1.218
   141 N      1.000**       1.218
   142 R      1.000**       1.218
   143 L      1.000**       1.218
   144 S      1.000**       1.218
   145 A      1.000**       1.218
   146 I      1.000**       1.218
   147 S      1.000**       1.218
   148 P      1.000**       1.218
   149 T      1.000**       1.218
   150 M      1.000**       1.218
   151 R      1.000**       1.218
   152 L      1.000**       1.218
   153 N      1.000**       1.218
   154 R      1.000**       1.218
   155 Q      1.000**       1.218
   156 E      1.000**       1.218
   157 D      1.000**       1.218
   158 A      1.000**       1.218
   159 H      1.000**       1.218
   160 E      1.000**       1.218
   161 F      1.000**       1.218
   162 L      1.000**       1.218
   163 R      1.000**       1.218
   164 G      1.000**       1.218
   165 L      0.845         1.030
   166 L      1.000**       1.218
   167 D      1.000**       1.218
   168 Y      1.000**       1.218
   169 M      1.000**       1.218
   170 E      1.000**       1.218
   171 S      1.000**       1.218
   172 N      1.000**       1.218
   173 C      1.000**       1.218
   174 L      1.000**       1.218
   175 H      1.000**       1.218
   176 G      1.000**       1.218
   177 Y      1.000**       1.218
   178 T      1.000**       1.218
   179 G      1.000**       1.218
   180 A      1.000**       1.218
   181 E      1.000**       1.218
   182 S      1.000**       1.218
   183 K      1.000**       1.218
   184 R      1.000**       1.218
   185 A      1.000**       1.218
   186 S      1.000**       1.218
   187 N      1.000**       1.218
   188 P      1.000**       1.218
   189 I      1.000**       1.218
   190 R      1.000**       1.218
   191 V      1.000**       1.218
   192 L      1.000**       1.218
   193 F      1.000**       1.218
   194 C      1.000**       1.218
   195 G      1.000**       1.218
   196 K      1.000**       1.218
   197 L      1.000**       1.218
   198 K      1.000**       1.218
   200 S      1.000**       1.218
   201 V      1.000**       1.218
   202 L      1.000**       1.218
   203 C      1.000**       1.218
   204 S      1.000**       1.218
   205 K      1.000**       1.218
   206 C      1.000**       1.218
   207 G      1.000**       1.218
   208 A      1.000**       1.218
   209 Q      1.000**       1.218
   210 S      1.000**       1.218
   211 Q      1.000**       1.218
   212 T      1.000**       1.218
   213 F      1.000**       1.218
   214 D      0.582         0.709
   215 D      1.000**       1.218
   216 F      1.000**       1.218
   217 M      1.000**       1.218
   218 D      1.000**       1.218
   219 L      1.000**       1.218
   220 S      1.000**       1.218
   221 L      1.000**       1.218
   222 C      1.000**       1.218
   223 I      1.000**       1.218
   224 Q      1.000**       1.218
   226 S      1.000**       1.218


lnL = -1820.352641

Bayes Empirical Bayes (BEB) probabilities for 11 classes (class) & postmean_w
(amino acids refer to 1st sequence: Mlig.20844)

   1 M   0.46763 0.07431 0.03296 0.02073 0.01608 0.01407 0.01327 0.01332 0.01466 0.04486 0.28809 ( 1)  1.864 +-  3.053
   2 L   0.26362 0.05985 0.03507 0.02562 0.02135 0.01933 0.01852 0.01871 0.02061 0.06378 0.45354 (11)  2.884 +-  3.442
   3 A   0.38113 0.10928 0.06997 0.04924 0.03669 0.02867 0.02347 0.02035 0.01952 0.05475 0.20693 ( 1)  1.404 +-  2.629
   4 P   0.34470 0.07723 0.04148 0.02735 0.02092 0.01784 0.01646 0.01626 0.01770 0.05457 0.36551 (11)  2.347 +-  3.274
   5 I   0.37229 0.07076 0.03576 0.02380 0.01887 0.01668 0.01581 0.01589 0.01747 0.05374 0.35893 ( 1)  2.303 +-  3.262
   6 L   0.26362 0.05985 0.03507 0.02562 0.02135 0.01933 0.01852 0.01871 0.02061 0.06378 0.45354 (11)  2.884 +-  3.442
   7 Q   0.36977 0.06126 0.03210 0.02293 0.01904 0.01718 0.01640 0.01649 0.01809 0.05526 0.37148 (11)  2.379 +-  3.294
   8 Q   0.36977 0.06126 0.03210 0.02293 0.01904 0.01718 0.01640 0.01649 0.01809 0.05526 0.37148 (11)  2.379 +-  3.294
   9 Q   0.36977 0.06126 0.03210 0.02293 0.01904 0.01718 0.01640 0.01649 0.01809 0.05526 0.37148 (11)  2.379 +-  3.294
  10 Q   0.36977 0.06126 0.03210 0.02293 0.01904 0.01718 0.01640 0.01649 0.01809 0.05526 0.37148 (11)  2.379 +-  3.294
  11 Q   0.02248 0.02811 0.02956 0.02791 0.02620 0.02506 0.02459 0.02505 0.02764 0.08617 0.67722 (11)  4.256 +-  3.469
  12 Q   0.00159 0.00575 0.01113 0.01552 0.01878 0.02121 0.02325 0.02548 0.02947 0.09288 0.75493 (11)  4.714 +-  3.376
  13 Q   0.00079 0.00353 0.00791 0.01223 0.01594 0.01900 0.02167 0.02447 0.02895 0.09254 0.77298 (11)  4.816 +-  3.351
  14 N   0.44459 0.08776 0.04371 0.02775 0.02058 0.01691 0.01500 0.01427 0.01505 0.04518 0.26920 ( 1)  1.760 +-  2.974
  15 G   0.02296 0.02416 0.02680 0.02659 0.02577 0.02512 0.02493 0.02557 0.02830 0.08791 0.68189 (11)  4.283 +-  3.463
  16 S   0.00534 0.01009 0.01440 0.01705 0.01889 0.02039 0.02189 0.02385 0.02766 0.08853 0.75191 (11)  4.692 +-  3.389
  17 N   0.00017 0.00119 0.00361 0.00696 0.01070 0.01443 0.01805 0.02186 0.02728 0.09062 0.80514 (11)  4.996 +-  3.302
  18 S   0.00606 0.01241 0.01824 0.02141 0.02304 0.02396 0.02476 0.02602 0.02923 0.09100 0.72386 (11)  4.534 +-  3.417
  19 N   0.09297 0.04259 0.03248 0.02731 0.02460 0.02321 0.02271 0.02316 0.02561 0.07982 0.60554 (11)  3.817 +-  3.517
  20 G   0.04670 0.03577 0.03590 0.03378 0.03127 0.02907 0.02751 0.02697 0.02867 0.08650 0.61784 (11)  3.909 +-  3.492
  21 S   0.33686 0.09481 0.05986 0.04202 0.03155 0.02504 0.02097 0.01870 0.01853 0.05379 0.29788 ( 1)  1.965 +-  3.063
  22 I   0.01283 0.01605 0.02014 0.02194 0.02280 0.02337 0.02406 0.02533 0.02857 0.08948 0.71542 (11)  4.481 +-  3.431
  23 T   0.00122 0.00410 0.00826 0.01219 0.01554 0.01837 0.02090 0.02364 0.02806 0.09044 0.77728 (11)  4.840 +-  3.348
  24 S   0.05401 0.03473 0.03093 0.02745 0.02506 0.02368 0.02317 0.02366 0.02624 0.08232 0.64876 (11)  4.080 +-  3.498
  25 N   0.00042 0.00274 0.00716 0.01189 0.01603 0.01940 0.02223 0.02507 0.02955 0.09382 0.77169 (11)  4.810 +-  3.350
  26 G   0.00103 0.00392 0.00833 0.01256 0.01614 0.01909 0.02166 0.02437 0.02877 0.09199 0.77215 (11)  4.811 +-  3.353
  27 Y   0.03583 0.03043 0.02913 0.02683 0.02523 0.02437 0.02417 0.02483 0.02756 0.08595 0.66568 (11)  4.184 +-  3.480
  28 G   0.01525 0.01865 0.02262 0.02384 0.02406 0.02410 0.02439 0.02536 0.02836 0.08858 0.70479 (11)  4.419 +-  3.442
  29 H   0.00371 0.00460 0.00789 0.01163 0.01522 0.01841 0.02128 0.02427 0.02889 0.09262 0.77147 (11)  4.806 +-  3.355
  30 H   0.00882 0.00865 0.01261 0.01614 0.01889 0.02103 0.02290 0.02505 0.02897 0.09154 0.74541 (11)  4.655 +-  3.394
  31 R   0.00369 0.00862 0.01409 0.01801 0.02067 0.02251 0.02403 0.02583 0.02945 0.09218 0.74092 (11)  4.633 +-  3.395
  32 L   0.00223 0.00630 0.01164 0.01614 0.01959 0.02217 0.02428 0.02651 0.03048 0.09509 0.74557 (11)  4.660 +-  3.385
  33 L   0.00416 0.00975 0.01525 0.01871 0.02086 0.02238 0.02372 0.02545 0.02907 0.09137 0.73929 (11)  4.622 +-  3.399
  34 N   0.00400 0.00967 0.01532 0.01885 0.02102 0.02251 0.02382 0.02553 0.02911 0.09144 0.73873 (11)  4.619 +-  3.399
  35 G   0.00106 0.00407 0.00849 0.01262 0.01608 0.01894 0.02146 0.02415 0.02853 0.09145 0.77316 (11)  4.817 +-  3.352
  36 D   0.02430 0.02852 0.02905 0.02718 0.02558 0.02461 0.02431 0.02491 0.02760 0.08621 0.67773 (11)  4.258 +-  3.470
  37 R   0.00507 0.00814 0.01267 0.01619 0.01884 0.02093 0.02279 0.02495 0.02891 0.09156 0.74996 (11)  4.682 +-  3.386
  38 Q   0.06366 0.03523 0.03001 0.02669 0.02473 0.02368 0.02335 0.02391 0.02650 0.08268 0.63957 (11)  4.024 +-  3.503
  39 Q   0.36977 0.06126 0.03210 0.02293 0.01904 0.01718 0.01640 0.01649 0.01809 0.05526 0.37148 (11)  2.379 +-  3.294
  40 H   0.13031 0.05718 0.03998 0.03083 0.02594 0.02328 0.02198 0.02188 0.02381 0.07400 0.55082 (11)  3.487 +-  3.513
  41 L   0.06366 0.03523 0.03001 0.02669 0.02473 0.02368 0.02335 0.02391 0.02650 0.08268 0.63957 (11)  4.024 +-  3.503
  42 Q   0.36977 0.06126 0.03210 0.02293 0.01904 0.01718 0.01640 0.01649 0.01809 0.05526 0.37148 (11)  2.379 +-  3.294
  43 Q   0.36977 0.06126 0.03210 0.02293 0.01904 0.01718 0.01640 0.01649 0.01809 0.05526 0.37148 (11)  2.379 +-  3.294
  44 Q   0.22411 0.05179 0.03431 0.02715 0.02341 0.02133 0.02032 0.02031 0.02214 0.06800 0.48714 (11)  3.094 +-  3.478
  45 Q   0.06366 0.03523 0.03001 0.02669 0.02473 0.02368 0.02335 0.02391 0.02650 0.08268 0.63957 (11)  4.024 +-  3.503
  46 Q   0.36977 0.06126 0.03210 0.02293 0.01904 0.01718 0.01640 0.01649 0.01809 0.05526 0.37148 (11)  2.379 +-  3.294
  47 Q   0.22411 0.05179 0.03431 0.02715 0.02341 0.02133 0.02032 0.02031 0.02214 0.06800 0.48714 (11)  3.094 +-  3.478
  48 Q   0.06158 0.04242 0.03874 0.03400 0.03011 0.02736 0.02569 0.02524 0.02704 0.08273 0.60509 (11)  3.826 +-  3.501
  49 P   0.00567 0.01167 0.01723 0.02038 0.02212 0.02320 0.02416 0.02556 0.02887 0.09036 0.73077 (11)  4.574 +-  3.410
  50 K   0.00648 0.01278 0.01828 0.02114 0.02261 0.02350 0.02433 0.02564 0.02891 0.09036 0.72597 (11)  4.545 +-  3.416
  51 L   0.02488 0.02015 0.02148 0.02196 0.02231 0.02275 0.02344 0.02474 0.02798 0.08794 0.70238 (11)  4.401 +-  3.450
  52 F   0.02464 0.02585 0.02816 0.02755 0.02642 0.02553 0.02517 0.02566 0.02827 0.08762 0.67512 (11)  4.244 +-  3.468
  53 S   0.08236 0.04829 0.04001 0.03321 0.02855 0.02563 0.02404 0.02374 0.02565 0.07935 0.58918 (11)  3.725 +-  3.510
  54 Y   0.01454 0.02042 0.02383 0.02438 0.02424 0.02412 0.02434 0.02529 0.02827 0.08842 0.70216 (11)  4.403 +-  3.445
  55 K   0.01284 0.01922 0.02322 0.02420 0.02429 0.02429 0.02456 0.02551 0.02850 0.08895 0.70443 (11)  4.417 +-  3.442
  56 L   0.05099 0.03324 0.02985 0.02674 0.02466 0.02350 0.02314 0.02373 0.02637 0.08273 0.65505 (11)  4.118 +-  3.495
  57 V   0.00582 0.01144 0.01650 0.01940 0.02115 0.02238 0.02355 0.02517 0.02868 0.09031 0.73559 (11)  4.600 +-  3.406
  58 Q   0.06366 0.03523 0.03001 0.02669 0.02473 0.02368 0.02335 0.02391 0.02650 0.08268 0.63957 (11)  4.024 +-  3.503
  59 L   0.06366 0.03523 0.03001 0.02669 0.02473 0.02368 0.02335 0.02391 0.02650 0.08268 0.63957 (11)  4.024 +-  3.503
  60 Q   0.12528 0.05128 0.03578 0.02837 0.02462 0.02268 0.02186 0.02207 0.02426 0.07559 0.56822 (11)  3.590 +-  3.520
  61 H   0.00386 0.00949 0.01516 0.01884 0.02119 0.02281 0.02420 0.02593 0.02953 0.09237 0.73664 (11)  4.608 +-  3.400
  62 S   0.00442 0.01100 0.01718 0.02072 0.02268 0.02389 0.02492 0.02636 0.02973 0.09243 0.72667 (11)  4.551 +-  3.411
  63 Y   0.00552 0.01069 0.01536 0.01810 0.01982 0.02113 0.02242 0.02418 0.02782 0.08859 0.74637 (11)  4.661 +-  3.395
  64 T   0.00119 0.00416 0.00874 0.01328 0.01725 0.02055 0.02339 0.02628 0.03083 0.09696 0.75737 (11)  4.726 +-  3.367
  65 G   0.00422 0.00925 0.01448 0.01802 0.02040 0.02212 0.02362 0.02547 0.02916 0.09171 0.74156 (11)  4.635 +-  3.396
  66 L   0.01298 0.01588 0.01994 0.02182 0.02272 0.02331 0.02398 0.02522 0.02841 0.08902 0.71673 (11)  4.489 +-  3.430
  67 P   0.00033 0.00189 0.00526 0.00947 0.01367 0.01746 0.02083 0.02422 0.02917 0.09380 0.78391 (11)  4.878 +-  3.333
  68 F   0.00380 0.00841 0.01338 0.01690 0.01932 0.02111 0.02269 0.02461 0.02837 0.08998 0.75143 (11)  4.692 +-  3.386
  69 G   0.01017 0.01692 0.02191 0.02383 0.02451 0.02481 0.02521 0.02621 0.02922 0.09065 0.70655 (11)  4.432 +-  3.436
  70 F   0.00117 0.00433 0.00876 0.01279 0.01613 0.01889 0.02134 0.02399 0.02834 0.09096 0.77330 (11)  4.817 +-  3.353
  71 T   0.04636 0.03016 0.02769 0.02540 0.02384 0.02299 0.02281 0.02352 0.02626 0.08271 0.66826 (11)  4.196 +-  3.488
  72 N   0.00451 0.01156 0.01791 0.02130 0.02299 0.02392 0.02472 0.02599 0.02922 0.09105 0.72681 (11)  4.551 +-  3.413
  73 E   0.00799 0.01184 0.01678 0.01983 0.02170 0.02298 0.02411 0.02567 0.02912 0.09112 0.72887 (11)  4.561 +-  3.413
  74 G   0.00072 0.00380 0.00892 0.01387 0.01788 0.02095 0.02344 0.02596 0.03016 0.09471 0.75958 (11)  4.741 +-  3.366
  75 N   0.11480 0.05333 0.03856 0.03026 0.02576 0.02337 0.02230 0.02238 0.02450 0.07631 0.56843 (11)  3.593 +-  3.516
  76 Y   0.03313 0.02997 0.03053 0.02865 0.02676 0.02546 0.02487 0.02525 0.02777 0.08618 0.66142 (11)  4.161 +-  3.480
  77 C   0.01013 0.01141 0.01422 0.01612 0.01772 0.01928 0.02097 0.02314 0.02714 0.08762 0.75225 (11)  4.691 +-  3.393
  78 Y   0.00143 0.00667 0.01294 0.01749 0.02047 0.02246 0.02405 0.02590 0.02957 0.09257 0.74647 (11)  4.666 +-  3.386
  79 M   0.11918 0.05376 0.03772 0.02913 0.02470 0.02247 0.02155 0.02177 0.02399 0.07517 0.57057 (11)  3.604 +-  3.521
  80 I   0.00110 0.00409 0.00834 0.01228 0.01560 0.01839 0.02090 0.02361 0.02802 0.09035 0.77733 (11)  4.840 +-  3.348
  81 S   0.00104 0.00390 0.00833 0.01267 0.01640 0.01947 0.02211 0.02485 0.02926 0.09308 0.76890 (11)  4.793 +-  3.356
  82 V   0.05888 0.03513 0.03010 0.02646 0.02431 0.02323 0.02296 0.02362 0.02630 0.08251 0.64649 (11)  4.065 +-  3.500
  83 L   0.05163 0.03214 0.02861 0.02599 0.02442 0.02360 0.02344 0.02413 0.02684 0.08391 0.65529 (11)  4.119 +-  3.493
  84 Q   0.00079 0.00353 0.00791 0.01223 0.01594 0.01900 0.02167 0.02447 0.02895 0.09254 0.77298 (11)  4.816 +-  3.351
  85 S   0.00084 0.00231 0.00557 0.00954 0.01351 0.01713 0.02041 0.02376 0.02871 0.09280 0.78542 (11)  4.886 +-  3.332
  86 L   0.26362 0.05985 0.03507 0.02562 0.02135 0.01933 0.01852 0.01871 0.02061 0.06378 0.45354 (11)  2.884 +-  3.442
  87 L   0.05280 0.03174 0.02800 0.02549 0.02407 0.02339 0.02332 0.02408 0.02684 0.08396 0.65631 (11)  4.124 +-  3.493
  88 H   0.00767 0.01421 0.01934 0.02166 0.02275 0.02343 0.02417 0.02547 0.02874 0.09003 0.72252 (11)  4.524 +-  3.421
  89 T   0.06150 0.03873 0.03371 0.02924 0.02620 0.02438 0.02356 0.02382 0.02620 0.08175 0.63091 (11)  3.974 +-  3.505
  90 P   0.05451 0.03686 0.03350 0.02969 0.02677 0.02487 0.02392 0.02406 0.02634 0.08204 0.63742 (11)  4.015 +-  3.501
  91 A   0.00117 0.00465 0.00996 0.01497 0.01904 0.02216 0.02467 0.02718 0.03136 0.09737 0.74747 (11)  4.672 +-  3.379
  92 F   0.04222 0.02683 0.02534 0.02404 0.02316 0.02275 0.02285 0.02375 0.02665 0.08398 0.67843 (11)  4.256 +-  3.479
  93 I   0.04414 0.02690 0.02516 0.02385 0.02303 0.02269 0.02286 0.02381 0.02674 0.08421 0.67661 (11)  4.245 +-  3.480
  94 N   0.00560 0.00966 0.01382 0.01682 0.01908 0.02091 0.02259 0.02463 0.02848 0.09040 0.74801 (11)  4.671 +-  3.391
  95 F   0.05525 0.03562 0.03233 0.02914 0.02676 0.02518 0.02437 0.02453 0.02681 0.08301 0.63701 (11)  4.014 +-  3.500
  96 V   0.04819 0.03389 0.03180 0.02891 0.02655 0.02494 0.02414 0.02433 0.02666 0.08289 0.64770 (11)  4.078 +-  3.495
  97 L   0.00289 0.01010 0.01722 0.02121 0.02316 0.02417 0.02498 0.02624 0.02947 0.09164 0.72892 (11)  4.565 +-  3.408
  98 S   0.24997 0.05729 0.03593 0.02751 0.02319 0.02075 0.01947 0.01927 0.02088 0.06413 0.46160 (11)  2.939 +-  3.452
  99 S   0.00133 0.00445 0.00887 0.01293 0.01631 0.01910 0.02156 0.02421 0.02856 0.09148 0.77120 (11)  4.805 +-  3.355
 100 H   0.00814 0.01440 0.01925 0.02147 0.02258 0.02332 0.02412 0.02547 0.02877 0.09013 0.72234 (11)  4.523 +-  3.421
 101 V   0.00152 0.00522 0.01038 0.01491 0.01845 0.02116 0.02339 0.02575 0.02983 0.09379 0.75561 (11)  4.718 +-  3.373
 102 S   0.04673 0.03570 0.03594 0.03399 0.03164 0.02956 0.02809 0.02759 0.02933 0.08811 0.61330 (11)  3.882 +-  3.489
 103 T   0.00606 0.01298 0.01989 0.02392 0.02598 0.02694 0.02754 0.02850 0.03142 0.09543 0.70134 (11)  4.406 +-  3.430
 104 C   0.00904 0.01582 0.02216 0.02510 0.02610 0.02626 0.02629 0.02688 0.02951 0.09053 0.70232 (11)  4.411 +-  3.438
 105 R   0.02993 0.02753 0.03014 0.02977 0.02842 0.02705 0.02613 0.02610 0.02825 0.08658 0.66011 (11)  4.158 +-  3.478
 106 I   0.01033 0.01404 0.01865 0.02107 0.02236 0.02322 0.02408 0.02545 0.02877 0.09013 0.72189 (11)  4.520 +-  3.422
 107 V   0.00135 0.00507 0.01027 0.01478 0.01826 0.02088 0.02306 0.02539 0.02946 0.09296 0.75852 (11)  4.734 +-  3.371
 108 P   0.00615 0.01170 0.01647 0.01906 0.02060 0.02172 0.02286 0.02449 0.02803 0.08886 0.74007 (11)  4.625 +-  3.403
 109 S   0.00127 0.00472 0.00945 0.01358 0.01686 0.01947 0.02176 0.02425 0.02848 0.09106 0.76911 (11)  4.794 +-  3.359
 110 V   0.04778 0.03066 0.02785 0.02542 0.02381 0.02296 0.02279 0.02350 0.02624 0.08264 0.66636 (11)  4.185 +-  3.489
 111 D   0.00488 0.01230 0.01871 0.02190 0.02335 0.02411 0.02480 0.02600 0.02918 0.09090 0.72387 (11)  4.534 +-  3.416
 112 K   0.00033 0.00185 0.00512 0.00921 0.01331 0.01703 0.02038 0.02378 0.02876 0.09300 0.78723 (11)  4.897 +-  3.328
 113 W   0.13861 0.07030 0.05070 0.03757 0.02966 0.02502 0.02248 0.02155 0.02285 0.07056 0.51070 (11)  3.251 +-  3.485
 114 C   0.00493 0.01043 0.01582 0.01915 0.02117 0.02252 0.02369 0.02528 0.02876 0.09038 0.73788 (11)  4.615 +-  3.402
 115 A   0.01028 0.01312 0.01771 0.02052 0.02221 0.02332 0.02431 0.02573 0.02904 0.09065 0.72310 (11)  4.528 +-  3.420
 116 V   0.00625 0.01319 0.01996 0.02382 0.02575 0.02665 0.02723 0.02819 0.03113 0.09482 0.70302 (11)  4.415 +-  3.430
 117 C   0.00050 0.00280 0.00690 0.01126 0.01519 0.01853 0.02144 0.02445 0.02909 0.09312 0.77673 (11)  4.838 +-  3.344
 118 E   0.00158 0.00547 0.01072 0.01515 0.01852 0.02104 0.02312 0.02538 0.02938 0.09264 0.75699 (11)  4.726 +-  3.373
 119 F   0.04320 0.03229 0.03112 0.02862 0.02643 0.02495 0.02425 0.02455 0.02698 0.08398 0.65362 (11)  4.113 +-  3.490
 120 V   0.00682 0.01286 0.01810 0.02088 0.02239 0.02336 0.02427 0.02566 0.02898 0.09066 0.72602 (11)  4.545 +-  3.416
 121 R   0.00026 0.00168 0.00467 0.00840 0.01221 0.01578 0.01911 0.02257 0.02763 0.09064 0.79705 (11)  4.951 +-  3.315
 122 Y   0.43302 0.11292 0.06542 0.04253 0.02987 0.02242 0.01796 0.01550 0.01500 0.04302 0.20233 ( 1)  1.373 +-  2.652
 123 Y   0.01081 0.01765 0.02249 0.02411 0.02448 0.02454 0.02477 0.02567 0.02861 0.08912 0.70775 (11)  4.438 +-  3.437
 124 K   0.00543 0.00886 0.01401 0.01780 0.02039 0.02223 0.02377 0.02563 0.02931 0.09194 0.74064 (11)  4.630 +-  3.397
 125 R   0.00078 0.00410 0.00954 0.01467 0.01869 0.02168 0.02402 0.02639 0.03045 0.09509 0.75461 (11)  4.713 +-  3.372
 126 Y   0.00442 0.01100 0.01718 0.02072 0.02268 0.02389 0.02492 0.02636 0.02973 0.09243 0.72667 (11)  4.551 +-  3.411
 127 S   0.12451 0.06041 0.04292 0.03247 0.02674 0.02366 0.02219 0.02201 0.02392 0.07438 0.54678 (11)  3.464 +-  3.509
 128 C   0.04653 0.03276 0.03077 0.02797 0.02567 0.02412 0.02338 0.02364 0.02602 0.08150 0.65765 (11)  4.136 +-  3.493
 129 G   0.00663 0.01287 0.01846 0.02147 0.02307 0.02404 0.02490 0.02624 0.02952 0.09181 0.72099 (11)  4.516 +-  3.419
 130 P   0.00607 0.01198 0.01733 0.02030 0.02197 0.02305 0.02404 0.02551 0.02890 0.09061 0.73024 (11)  4.569 +-  3.411
 131 G   0.00701 0.01401 0.02031 0.02352 0.02493 0.02552 0.02595 0.02687 0.02979 0.09173 0.71036 (11)  4.457 +-  3.428
 132 S   0.06261 0.04188 0.03747 0.03242 0.02844 0.02572 0.02418 0.02389 0.02584 0.08018 0.61736 (11)  3.896 +-  3.507
 133 A   0.00339 0.00790 0.01279 0.01625 0.01865 0.02046 0.02208 0.02408 0.02790 0.08907 0.75743 (11)  4.726 +-  3.379
 134 C   0.02802 0.02857 0.03305 0.03352 0.03227 0.03061 0.02924 0.02875 0.03052 0.09122 0.63423 (11)  4.010 +-  3.476
 135 Y   0.00097 0.00395 0.00860 0.01308 0.01680 0.01980 0.02234 0.02500 0.02934 0.09316 0.76696 (11)  4.782 +-  3.359
 136 P   0.05321 0.03456 0.03099 0.02763 0.02530 0.02395 0.02344 0.02391 0.02646 0.08280 0.64775 (11)  4.074 +-  3.497
 137 R   0.00435 0.00932 0.01431 0.01754 0.01966 0.02120 0.02259 0.02438 0.02802 0.08898 0.74966 (11)  4.682 +-  3.390
 138 A   0.00104 0.00392 0.00809 0.01202 0.01538 0.01821 0.02075 0.02350 0.02794 0.09023 0.77892 (11)  4.849 +-  3.345
 139 F   0.02003 0.02578 0.02760 0.02646 0.02522 0.02445 0.02429 0.02499 0.02778 0.08690 0.68650 (11)  4.310 +-  3.461
 140 M   0.02196 0.02635 0.02725 0.02585 0.02466 0.02403 0.02399 0.02479 0.02765 0.08667 0.68679 (11)  4.311 +-  3.463
 141 N   0.00488 0.01032 0.01569 0.01911 0.02128 0.02278 0.02407 0.02573 0.02925 0.09159 0.73530 (11)  4.600 +-  3.403
 142 R   0.00338 0.00597 0.01049 0.01469 0.01811 0.02078 0.02300 0.02534 0.02939 0.09267 0.75618 (11)  4.720 +-  3.375
 143 L   0.00289 0.01010 0.01722 0.02121 0.02316 0.02417 0.02498 0.02624 0.02947 0.09164 0.72892 (11)  4.565 +-  3.408
 144 S   0.00097 0.00376 0.00790 0.01182 0.01519 0.01804 0.02061 0.02339 0.02787 0.09013 0.78031 (11)  4.857 +-  3.343
 145 A   0.00017 0.00124 0.00378 0.00726 0.01109 0.01486 0.01849 0.02229 0.02768 0.09146 0.80167 (11)  4.976 +-  3.307
 146 I   0.00085 0.00340 0.00742 0.01146 0.01506 0.01816 0.02094 0.02387 0.02848 0.09176 0.77859 (11)  4.847 +-  3.344
 147 S   0.01249 0.01489 0.01903 0.02119 0.02234 0.02310 0.02391 0.02525 0.02855 0.08954 0.71970 (11)  4.506 +-  3.426
 148 P   0.04746 0.03432 0.03293 0.03029 0.02791 0.02618 0.02520 0.02522 0.02741 0.08443 0.63865 (11)  4.026 +-  3.494
 149 T   0.00972 0.01277 0.01706 0.01958 0.02114 0.02226 0.02336 0.02492 0.02837 0.08940 0.73142 (11)  4.575 +-  3.413
 150 M   0.02597 0.02020 0.02157 0.02218 0.02258 0.02299 0.02362 0.02485 0.02803 0.08791 0.70009 (11)  4.387 +-  3.452
 151 R   0.04718 0.03153 0.02900 0.02641 0.02457 0.02350 0.02316 0.02373 0.02637 0.08277 0.66177 (11)  4.159 +-  3.491
 152 L   0.00773 0.01448 0.02019 0.02295 0.02422 0.02488 0.02547 0.02659 0.02968 0.09184 0.71197 (11)  4.464 +-  3.428
 153 N   0.00196 0.00594 0.01103 0.01522 0.01840 0.02084 0.02292 0.02522 0.02928 0.09258 0.75661 (11)  4.723 +-  3.374
 154 R   0.00735 0.01081 0.01551 0.01863 0.02070 0.02220 0.02356 0.02531 0.02891 0.09091 0.73611 (11)  4.603 +-  3.405
 155 Q   0.04054 0.02691 0.02742 0.02695 0.02603 0.02519 0.02475 0.02515 0.02762 0.08550 0.66393 (11)  4.175 +-  3.482
 156 E   0.13833 0.06935 0.04966 0.03668 0.02896 0.02451 0.02212 0.02132 0.02272 0.07044 0.51589 (11)  3.281 +-  3.491
 157 D   0.04236 0.03339 0.03269 0.02995 0.02735 0.02548 0.02449 0.02458 0.02686 0.08351 0.64932 (11)  4.088 +-  3.491
 158 A   0.00684 0.01318 0.01843 0.02103 0.02236 0.02323 0.02410 0.02549 0.02882 0.09033 0.72619 (11)  4.546 +-  3.416
 159 H   0.02452 0.02960 0.03039 0.02825 0.02628 0.02502 0.02450 0.02494 0.02751 0.08583 0.67317 (11)  4.231 +-  3.473
 160 E   0.00256 0.00721 0.01268 0.01678 0.01965 0.02172 0.02347 0.02548 0.02930 0.09223 0.74891 (11)  4.678 +-  3.385
 161 F   0.12618 0.06733 0.05073 0.03865 0.03090 0.02612 0.02337 0.02226 0.02346 0.07204 0.51896 (11)  3.304 +-  3.488
 162 L   0.01059 0.01105 0.01491 0.01798 0.02025 0.02197 0.02348 0.02531 0.02897 0.09106 0.73443 (11)  4.592 +-  3.408
 163 R   0.05770 0.03783 0.03406 0.03016 0.02723 0.02533 0.02436 0.02447 0.02674 0.08291 0.62921 (11)  3.966 +-  3.501
 164 G   0.00556 0.01123 0.01656 0.01973 0.02163 0.02292 0.02408 0.02567 0.02915 0.09132 0.73214 (11)  4.581 +-  3.408
 165 L   0.09632 0.02805 0.02276 0.02131 0.02091 0.02100 0.02149 0.02265 0.02565 0.08069 0.63916 (11)  4.013 +-  3.515
 166 L   0.00416 0.00975 0.01525 0.01871 0.02086 0.02238 0.02372 0.02545 0.02907 0.09137 0.73929 (11)  4.622 +-  3.399
 167 D   0.04467 0.02659 0.02363 0.02198 0.02133 0.02132 0.02181 0.02303 0.02618 0.08321 0.68623 (11)  4.300 +-  3.477
 168 Y   0.00143 0.00667 0.01294 0.01749 0.02047 0.02246 0.02405 0.02590 0.02957 0.09257 0.74647 (11)  4.666 +-  3.386
 169 M   0.00380 0.00937 0.01487 0.01843 0.02075 0.02240 0.02384 0.02564 0.02929 0.09191 0.73971 (11)  4.625 +-  3.397
 170 E   0.00029 0.00241 0.00682 0.01171 0.01601 0.01947 0.02234 0.02520 0.02967 0.09407 0.77202 (11)  4.812 +-  3.349
 171 S   0.00950 0.01091 0.01461 0.01734 0.01937 0.02101 0.02256 0.02450 0.02828 0.08976 0.74218 (11)  4.636 +-  3.401
 172 N   0.00241 0.00696 0.01266 0.01717 0.02043 0.02276 0.02463 0.02667 0.03050 0.09489 0.74093 (11)  4.634 +-  3.391
 173 C   0.01578 0.02562 0.03158 0.03198 0.03042 0.02860 0.02725 0.02690 0.02884 0.08789 0.66514 (11)  4.193 +-  3.468
 174 L   0.00882 0.00865 0.01261 0.01614 0.01889 0.02103 0.02290 0.02505 0.02897 0.09154 0.74541 (11)  4.655 +-  3.394
 175 H   0.00122 0.00436 0.00878 0.01278 0.01608 0.01880 0.02122 0.02385 0.02820 0.09067 0.77404 (11)  4.821 +-  3.352
 176 G   0.00148 0.00500 0.01022 0.01511 0.01914 0.02230 0.02486 0.02743 0.03169 0.09826 0.74451 (11)  4.654 +-  3.381
 177 Y   0.00417 0.00939 0.01480 0.01842 0.02079 0.02245 0.02387 0.02564 0.02926 0.09177 0.73945 (11)  4.624 +-  3.398
 178 T   0.00205 0.00598 0.01109 0.01537 0.01865 0.02114 0.02322 0.02547 0.02947 0.09286 0.75469 (11)  4.712 +-  3.376
 179 G   0.06688 0.04253 0.03690 0.03159 0.02782 0.02544 0.02421 0.02415 0.02629 0.08148 0.61272 (11)  3.867 +-  3.507
 180 A   0.05378 0.03755 0.03388 0.02963 0.02649 0.02455 0.02364 0.02385 0.02622 0.08194 0.63846 (11)  4.020 +-  3.501
 181 E   0.00255 0.00677 0.01187 0.01590 0.01888 0.02112 0.02304 0.02520 0.02914 0.09206 0.75346 (11)  4.704 +-  3.379
 182 S   0.00296 0.00744 0.01257 0.01644 0.01922 0.02131 0.02312 0.02520 0.02907 0.09181 0.75086 (11)  4.689 +-  3.383
 183 K   0.00543 0.00886 0.01401 0.01780 0.02039 0.02223 0.02377 0.02563 0.02931 0.09194 0.74064 (11)  4.630 +-  3.397
 184 R   0.00432 0.00940 0.01465 0.01818 0.02053 0.02222 0.02367 0.02548 0.02912 0.09150 0.74092 (11)  4.632 +-  3.397
 185 A   0.05304 0.03782 0.03591 0.03260 0.02957 0.02728 0.02585 0.02551 0.02740 0.08381 0.62120 (11)  3.924 +-  3.498
 186 S   0.00450 0.00895 0.01344 0.01655 0.01883 0.02064 0.02234 0.02440 0.02829 0.09007 0.75198 (11)  4.694 +-  3.386
 187 N   0.00420 0.00960 0.01531 0.01908 0.02144 0.02298 0.02425 0.02586 0.02932 0.09163 0.73633 (11)  4.607 +-  3.401
 188 P   0.00157 0.00565 0.01100 0.01539 0.01864 0.02106 0.02308 0.02529 0.02926 0.09235 0.75670 (11)  4.724 +-  3.374
 189 I   0.01119 0.01553 0.01990 0.02184 0.02274 0.02332 0.02400 0.02526 0.02848 0.08929 0.71845 (11)  4.500 +-  3.428
 190 R   0.00489 0.01015 0.01531 0.01859 0.02069 0.02218 0.02351 0.02522 0.02879 0.09061 0.74008 (11)  4.627 +-  3.399
 191 V   0.05308 0.03400 0.03024 0.02695 0.02478 0.02358 0.02318 0.02373 0.02634 0.08258 0.65154 (11)  4.097 +-  3.497
 192 L   0.02240 0.01975 0.02160 0.02222 0.02256 0.02294 0.02357 0.02482 0.02803 0.08802 0.70407 (11)  4.412 +-  3.447
 193 F   0.12148 0.05787 0.04165 0.03221 0.02696 0.02406 0.02260 0.02239 0.02427 0.07521 0.55129 (11)  3.492 +-  3.509
 194 C   0.03928 0.02943 0.02896 0.02715 0.02540 0.02414 0.02355 0.02390 0.02636 0.08257 0.66927 (11)  4.206 +-  3.484
 195 G   0.00050 0.00269 0.00693 0.01162 0.01583 0.01929 0.02220 0.02511 0.02964 0.09407 0.77212 (11)  4.812 +-  3.350
 196 K   0.00834 0.01547 0.02073 0.02281 0.02361 0.02402 0.02455 0.02568 0.02880 0.08993 0.71607 (11)  4.487 +-  3.427
 197 L   0.00433 0.01078 0.01706 0.02072 0.02270 0.02384 0.02478 0.02614 0.02942 0.09159 0.72865 (11)  4.562 +-  3.410
 198 K   0.00178 0.00534 0.00995 0.01389 0.01704 0.01961 0.02189 0.02442 0.02868 0.09165 0.76575 (11)  4.774 +-  3.363
 199 S   0.35869 0.09152 0.05281 0.03492 0.02545 0.02015 0.01722 0.01592 0.01647 0.04976 0.31709 ( 1)  2.063 +-  3.136
 200 S   0.00118 0.00440 0.00905 0.01334 0.01687 0.01972 0.02218 0.02479 0.02909 0.09257 0.76681 (11)  4.781 +-  3.360
 201 V   0.05236 0.03393 0.03049 0.02734 0.02522 0.02401 0.02360 0.02411 0.02670 0.08339 0.64886 (11)  4.082 +-  3.496
 202 L   0.00289 0.00816 0.01409 0.01826 0.02099 0.02286 0.02438 0.02618 0.02983 0.09311 0.73924 (11)  4.623 +-  3.395
 203 C   0.05575 0.03849 0.03583 0.03215 0.02899 0.02667 0.02525 0.02494 0.02682 0.08235 0.62274 (11)  3.933 +-  3.502
 204 S   0.00193 0.00584 0.01098 0.01533 0.01871 0.02132 0.02353 0.02590 0.03003 0.09443 0.75200 (11)  4.695 +-  3.378
 205 K   0.00050 0.00326 0.00784 0.01235 0.01619 0.01932 0.02203 0.02483 0.02931 0.09334 0.77103 (11)  4.805 +-  3.352
 206 C   0.08479 0.04974 0.04076 0.03348 0.02859 0.02556 0.02393 0.02360 0.02548 0.07883 0.58525 (11)  3.701 +-  3.511
 207 G   0.06688 0.04253 0.03690 0.03159 0.02782 0.02544 0.02421 0.02415 0.02629 0.08148 0.61272 (11)  3.867 +-  3.507
 208 A   0.00658 0.01312 0.01845 0.02106 0.02240 0.02328 0.02416 0.02556 0.02890 0.09053 0.72594 (11)  4.544 +-  3.416
 209 Q   0.00118 0.00461 0.00952 0.01392 0.01745 0.02024 0.02261 0.02514 0.02938 0.09312 0.76284 (11)  4.758 +-  3.365
 210 S   0.00118 0.00461 0.00952 0.01392 0.01745 0.02024 0.02261 0.02514 0.02938 0.09312 0.76285 (11)  4.758 +-  3.365
 211 Q   0.00526 0.01079 0.01596 0.01905 0.02093 0.02225 0.02345 0.02509 0.02861 0.09015 0.73845 (11)  4.617 +-  3.402
 212 T   0.00151 0.00528 0.01022 0.01439 0.01763 0.02017 0.02237 0.02478 0.02893 0.09197 0.76277 (11)  4.758 +-  3.367
 213 F   0.01690 0.02299 0.02571 0.02545 0.02481 0.02444 0.02452 0.02539 0.02831 0.08838 0.69310 (11)  4.350 +-  3.453
 214 D   0.23338 0.05254 0.03410 0.02669 0.02277 0.02057 0.01951 0.01950 0.02132 0.06588 0.48377 (11)  3.072 +-  3.479
 215 D   0.00496 0.00915 0.01334 0.01636 0.01867 0.02056 0.02232 0.02443 0.02834 0.09020 0.75166 (11)  4.692 +-  3.386
 216 F   0.02003 0.02578 0.02760 0.02646 0.02522 0.02445 0.02429 0.02499 0.02778 0.08690 0.68650 (11)  4.310 +-  3.461
 217 M   0.00084 0.00442 0.00988 0.01471 0.01835 0.02103 0.02321 0.02553 0.02957 0.09318 0.75928 (11)  4.739 +-  3.369
 218 D   0.00454 0.01002 0.01563 0.01924 0.02148 0.02296 0.02420 0.02581 0.02929 0.09159 0.73524 (11)  4.600 +-  3.403
 219 L   0.00793 0.01414 0.01909 0.02140 0.02255 0.02331 0.02412 0.02546 0.02876 0.09012 0.72312 (11)  4.528 +-  3.420
 220 S   0.00814 0.01449 0.01943 0.02164 0.02269 0.02338 0.02414 0.02546 0.02874 0.09005 0.72184 (11)  4.520 +-  3.422
 221 L   0.00271 0.00725 0.01264 0.01673 0.01963 0.02175 0.02352 0.02556 0.02939 0.09245 0.74836 (11)  4.675 +-  3.385
 222 C   0.01522 0.02156 0.02490 0.02521 0.02491 0.02469 0.02483 0.02570 0.02861 0.08907 0.69530 (11)  4.364 +-  3.450
 223 I   0.00539 0.01282 0.01870 0.02146 0.02277 0.02357 0.02437 0.02570 0.02899 0.09068 0.72556 (11)  4.543 +-  3.416
 224 Q   0.00165 0.00638 0.01223 0.01662 0.01963 0.02178 0.02356 0.02560 0.02944 0.09259 0.75052 (11)  4.688 +-  3.382
 225 S   0.46795 0.08507 0.03907 0.02381 0.01759 0.01474 0.01345 0.01317 0.01423 0.04332 0.26760 ( 1)  1.743 +-  2.973
 226 S   0.02913 0.02349 0.02391 0.02364 0.02349 0.02357 0.02399 0.02506 0.02811 0.08783 0.68777 (11)  4.315 +-  3.462
 227 N   0.36895 0.06194 0.03283 0.02349 0.01942 0.01742 0.01654 0.01658 0.01815 0.05540 0.36927 (11)  2.366 +-  3.287

Positively selected sites

	Prob(w>1)  mean w

    11 Q      0.677         4.256 +- 3.469
    12 Q      0.755         4.714 +- 3.376
    13 Q      0.773         4.816 +- 3.351
    15 G      0.682         4.283 +- 3.463
    16 S      0.752         4.692 +- 3.389
    17 N      0.805         4.996 +- 3.302
    18 S      0.724         4.534 +- 3.417
    19 N      0.606         3.817 +- 3.517
    20 G      0.618         3.909 +- 3.492
    22 I      0.715         4.481 +- 3.431
    23 T      0.777         4.840 +- 3.348
    24 S      0.649         4.080 +- 3.498
    25 N      0.772         4.810 +- 3.350
    26 G      0.772         4.811 +- 3.353
    27 Y      0.666         4.184 +- 3.480
    28 G      0.705         4.419 +- 3.442
    29 H      0.771         4.806 +- 3.355
    30 H      0.745         4.655 +- 3.394
    31 R      0.741         4.633 +- 3.395
    32 L      0.746         4.660 +- 3.385
    33 L      0.739         4.622 +- 3.399
    34 N      0.739         4.619 +- 3.399
    35 G      0.773         4.817 +- 3.352
    36 D      0.678         4.258 +- 3.470
    37 R      0.750         4.682 +- 3.386
    38 Q      0.640         4.024 +- 3.503
    40 H      0.551         3.487 +- 3.513
    41 L      0.640         4.024 +- 3.503
    45 Q      0.640         4.024 +- 3.503
    48 Q      0.605         3.826 +- 3.501
    49 P      0.731         4.574 +- 3.410
    50 K      0.726         4.545 +- 3.416
    51 L      0.702         4.401 +- 3.450
    52 F      0.675         4.244 +- 3.468
    53 S      0.589         3.725 +- 3.510
    54 Y      0.702         4.403 +- 3.445
    55 K      0.704         4.417 +- 3.442
    56 L      0.655         4.118 +- 3.495
    57 V      0.736         4.600 +- 3.406
    58 Q      0.640         4.024 +- 3.503
    59 L      0.640         4.024 +- 3.503
    60 Q      0.568         3.590 +- 3.520
    61 H      0.737         4.608 +- 3.400
    62 S      0.727         4.551 +- 3.411
    63 Y      0.746         4.661 +- 3.395
    64 T      0.757         4.726 +- 3.367
    65 G      0.742         4.635 +- 3.396
    66 L      0.717         4.489 +- 3.430
    67 P      0.784         4.878 +- 3.333
    68 F      0.751         4.692 +- 3.386
    69 G      0.707         4.432 +- 3.436
    70 F      0.773         4.817 +- 3.353
    71 T      0.668         4.196 +- 3.488
    72 N      0.727         4.551 +- 3.413
    73 E      0.729         4.561 +- 3.413
    74 G      0.760         4.741 +- 3.366
    75 N      0.568         3.593 +- 3.516
    76 Y      0.661         4.161 +- 3.480
    77 C      0.752         4.691 +- 3.393
    78 Y      0.746         4.666 +- 3.386
    79 M      0.571         3.604 +- 3.521
    80 I      0.777         4.840 +- 3.348
    81 S      0.769         4.793 +- 3.356
    82 V      0.646         4.065 +- 3.500
    83 L      0.655         4.119 +- 3.493
    84 Q      0.773         4.816 +- 3.351
    85 S      0.785         4.886 +- 3.332
    87 L      0.656         4.124 +- 3.493
    88 H      0.723         4.524 +- 3.421
    89 T      0.631         3.974 +- 3.505
    90 P      0.637         4.015 +- 3.501
    91 A      0.747         4.672 +- 3.379
    92 F      0.678         4.256 +- 3.479
    93 I      0.677         4.245 +- 3.480
    94 N      0.748         4.671 +- 3.391
    95 F      0.637         4.014 +- 3.500
    96 V      0.648         4.078 +- 3.495
    97 L      0.729         4.565 +- 3.408
    99 S      0.771         4.805 +- 3.355
   100 H      0.722         4.523 +- 3.421
   101 V      0.756         4.718 +- 3.373
   102 S      0.613         3.882 +- 3.489
   103 T      0.701         4.406 +- 3.430
   104 C      0.702         4.411 +- 3.438
   105 R      0.660         4.158 +- 3.478
   106 I      0.722         4.520 +- 3.422
   107 V      0.759         4.734 +- 3.371
   108 P      0.740         4.625 +- 3.403
   109 S      0.769         4.794 +- 3.359
   110 V      0.666         4.185 +- 3.489
   111 D      0.724         4.534 +- 3.416
   112 K      0.787         4.897 +- 3.328
   113 W      0.511         3.251 +- 3.485
   114 C      0.738         4.615 +- 3.402
   115 A      0.723         4.528 +- 3.420
   116 V      0.703         4.415 +- 3.430
   117 C      0.777         4.838 +- 3.344
   118 E      0.757         4.726 +- 3.373
   119 F      0.654         4.113 +- 3.490
   120 V      0.726         4.545 +- 3.416
   121 R      0.797         4.951 +- 3.315
   123 Y      0.708         4.438 +- 3.437
   124 K      0.741         4.630 +- 3.397
   125 R      0.755         4.713 +- 3.372
   126 Y      0.727         4.551 +- 3.411
   127 S      0.547         3.464 +- 3.509
   128 C      0.658         4.136 +- 3.493
   129 G      0.721         4.516 +- 3.419
   130 P      0.730         4.569 +- 3.411
   131 G      0.710         4.457 +- 3.428
   132 S      0.617         3.896 +- 3.507
   133 A      0.757         4.726 +- 3.379
   134 C      0.634         4.010 +- 3.476
   135 Y      0.767         4.782 +- 3.359
   136 P      0.648         4.074 +- 3.497
   137 R      0.750         4.682 +- 3.390
   138 A      0.779         4.849 +- 3.345
   139 F      0.687         4.310 +- 3.461
   140 M      0.687         4.311 +- 3.463
   141 N      0.735         4.600 +- 3.403
   142 R      0.756         4.720 +- 3.375
   143 L      0.729         4.565 +- 3.408
   144 S      0.780         4.857 +- 3.343
   145 A      0.802         4.976 +- 3.307
   146 I      0.779         4.847 +- 3.344
   147 S      0.720         4.506 +- 3.426
   148 P      0.639         4.026 +- 3.494
   149 T      0.731         4.575 +- 3.413
   150 M      0.700         4.387 +- 3.452
   151 R      0.662         4.159 +- 3.491
   152 L      0.712         4.464 +- 3.428
   153 N      0.757         4.723 +- 3.374
   154 R      0.736         4.603 +- 3.405
   155 Q      0.664         4.175 +- 3.482
   156 E      0.516         3.281 +- 3.491
   157 D      0.649         4.088 +- 3.491
   158 A      0.726         4.546 +- 3.416
   159 H      0.673         4.231 +- 3.473
   160 E      0.749         4.678 +- 3.385
   161 F      0.519         3.304 +- 3.488
   162 L      0.734         4.592 +- 3.408
   163 R      0.629         3.966 +- 3.501
   164 G      0.732         4.581 +- 3.408
   165 L      0.639         4.013 +- 3.515
   166 L      0.739         4.622 +- 3.399
   167 D      0.686         4.300 +- 3.477
   168 Y      0.746         4.666 +- 3.386
   169 M      0.740         4.625 +- 3.397
   170 E      0.772         4.812 +- 3.349
   171 S      0.742         4.636 +- 3.401
   172 N      0.741         4.634 +- 3.391
   173 C      0.665         4.193 +- 3.468
   174 L      0.745         4.655 +- 3.394
   175 H      0.774         4.821 +- 3.352
   176 G      0.745         4.654 +- 3.381
   177 Y      0.739         4.624 +- 3.398
   178 T      0.755         4.712 +- 3.376
   179 G      0.613         3.867 +- 3.507
   180 A      0.638         4.020 +- 3.501
   181 E      0.753         4.704 +- 3.379
   182 S      0.751         4.689 +- 3.383
   183 K      0.741         4.630 +- 3.397
   184 R      0.741         4.632 +- 3.397
   185 A      0.621         3.924 +- 3.498
   186 S      0.752         4.694 +- 3.386
   187 N      0.736         4.607 +- 3.401
   188 P      0.757         4.724 +- 3.374
   189 I      0.718         4.500 +- 3.428
   190 R      0.740         4.627 +- 3.399
   191 V      0.652         4.097 +- 3.497
   192 L      0.704         4.412 +- 3.447
   193 F      0.551         3.492 +- 3.509
   194 C      0.669         4.206 +- 3.484
   195 G      0.772         4.812 +- 3.350
   196 K      0.716         4.487 +- 3.427
   197 L      0.729         4.562 +- 3.410
   198 K      0.766         4.774 +- 3.363
   200 S      0.767         4.781 +- 3.360
   201 V      0.649         4.082 +- 3.496
   202 L      0.739         4.623 +- 3.395
   203 C      0.623         3.933 +- 3.502
   204 S      0.752         4.695 +- 3.378
   205 K      0.771         4.805 +- 3.352
   206 C      0.585         3.701 +- 3.511
   207 G      0.613         3.867 +- 3.507
   208 A      0.726         4.544 +- 3.416
   209 Q      0.763         4.758 +- 3.365
   210 S      0.763         4.758 +- 3.365
   211 Q      0.738         4.617 +- 3.402
   212 T      0.763         4.758 +- 3.367
   213 F      0.693         4.350 +- 3.453
   215 D      0.752         4.692 +- 3.386
   216 F      0.687         4.310 +- 3.461
   217 M      0.759         4.739 +- 3.369
   218 D      0.735         4.600 +- 3.403
   219 L      0.723         4.528 +- 3.420
   220 S      0.722         4.520 +- 3.422
   221 L      0.748         4.675 +- 3.385
   222 C      0.695         4.364 +- 3.450
   223 I      0.726         4.543 +- 3.416
   224 Q      0.751         4.688 +- 3.382
   226 S      0.688         4.315 +- 3.462

