Supplemental results for CODEML (seqf: algn  treef: tree)


dN/dS (w) for site classes (K=3)

p:   1.00000  0.00000  0.00000
w:   0.00000  1.00000  1.00000

Naive Empirical Bayes (NEB) probabilities for 3 classes & postmean_w
(amino acids refer to 1st sequence: Smat.5688)

   1 M   1.00000 0.00000 0.00000 ( 1)  0.000
   2 T   1.00000 0.00000 0.00000 ( 1)  0.000
   3 E   1.00000 0.00000 0.00000 ( 1)  0.000
   4 L   1.00000 0.00000 0.00000 ( 1)  0.000
   5 R   1.00000 0.00000 0.00000 ( 1)  0.000
   6 K   1.00000 0.00000 0.00000 ( 1)  0.000
   7 L   1.00000 0.00000 0.00000 ( 1)  0.000
   8 G   1.00000 0.00000 0.00000 ( 1)  0.000
   9 F   1.00000 0.00000 0.00000 ( 1)  0.000
  10 S   1.00000 0.00000 0.00000 ( 1)  0.000
  11 S   1.00000 0.00000 0.00000 ( 1)  0.000
  12 I   1.00000 0.00000 0.00000 ( 1)  0.000
  13 T   1.00000 0.00000 0.00000 ( 1)  0.000
  14 V   1.00000 0.00000 0.00000 ( 1)  0.000
  15 I   1.00000 0.00000 0.00000 ( 1)  0.000
  16 C   1.00000 0.00000 0.00000 ( 1)  0.000
  17 I   1.00000 0.00000 0.00000 ( 1)  0.000
  18 G   1.00000 0.00000 0.00000 ( 1)  0.000
  19 Y   1.00000 0.00000 0.00000 ( 1)  0.000
  20 I   1.00000 0.00000 0.00000 ( 1)  0.000
  21 I   1.00000 0.00000 0.00000 ( 1)  0.000
  22 L   1.00000 0.00000 0.00000 ( 1)  0.000
  23 C   1.00000 0.00000 0.00000 ( 1)  0.000
  24 F   1.00000 0.00000 0.00000 ( 1)  0.000
  25 L   1.00000 0.00000 0.00000 ( 1)  0.000
  26 N   1.00000 0.00000 0.00000 ( 1)  0.000
  27 K   1.00000 0.00000 0.00000 ( 1)  0.000
  28 S   1.00000 0.00000 0.00000 ( 1)  0.000
  29 T   1.00000 0.00000 0.00000 ( 1)  0.000
  30 D   1.00000 0.00000 0.00000 ( 1)  0.000
  31 S   1.00000 0.00000 0.00000 ( 1)  0.000
  32 Y   1.00000 0.00000 0.00000 ( 1)  0.000
  33 T   1.00000 0.00000 0.00000 ( 1)  0.000
  34 Y   1.00000 0.00000 0.00000 ( 1)  0.000
  35 H   1.00000 0.00000 0.00000 ( 1)  0.000
  36 V   1.00000 0.00000 0.00000 ( 1)  0.000
  37 N   1.00000 0.00000 0.00000 ( 1)  0.000
  38 P   1.00000 0.00000 0.00000 ( 1)  0.000
  39 S   1.00000 0.00000 0.00000 ( 1)  0.000
  40 I   1.00000 0.00000 0.00000 ( 1)  0.000
  41 E   1.00000 0.00000 0.00000 ( 1)  0.000
  42 L   1.00000 0.00000 0.00000 ( 1)  0.000
  43 N   1.00000 0.00000 0.00000 ( 1)  0.000
  44 D   1.00000 0.00000 0.00000 ( 1)  0.000
  45 Q   1.00000 0.00000 0.00000 ( 1)  0.000
  46 L   1.00000 0.00000 0.00000 ( 1)  0.000
  47 I   1.00000 0.00000 0.00000 ( 1)  0.000
  48 T   1.00000 0.00000 0.00000 ( 1)  0.000
  49 N   1.00000 0.00000 0.00000 ( 1)  0.000
  50 K   1.00000 0.00000 0.00000 ( 1)  0.000
  51 K   1.00000 0.00000 0.00000 ( 1)  0.000
  52 Y   1.00000 0.00000 0.00000 ( 1)  0.000
  53 G   1.00000 0.00000 0.00000 ( 1)  0.000
  54 K   1.00000 0.00000 0.00000 ( 1)  0.000
  55 L   1.00000 0.00000 0.00000 ( 1)  0.000
  56 E   1.00000 0.00000 0.00000 ( 1)  0.000
  57 K   1.00000 0.00000 0.00000 ( 1)  0.000
  58 I   1.00000 0.00000 0.00000 ( 1)  0.000
  59 D   1.00000 0.00000 0.00000 ( 1)  0.000
  60 L   1.00000 0.00000 0.00000 ( 1)  0.000
  61 M   1.00000 0.00000 0.00000 ( 1)  0.000
  62 N   1.00000 0.00000 0.00000 ( 1)  0.000
  63 Y   1.00000 0.00000 0.00000 ( 1)  0.000
  64 S   1.00000 0.00000 0.00000 ( 1)  0.000
  65 G   1.00000 0.00000 0.00000 ( 1)  0.000
  66 A   1.00000 0.00000 0.00000 ( 1)  0.000
  67 E   1.00000 0.00000 0.00000 ( 1)  0.000
  68 S   1.00000 0.00000 0.00000 ( 1)  0.000
  69 L   1.00000 0.00000 0.00000 ( 1)  0.000
  70 I   1.00000 0.00000 0.00000 ( 1)  0.000
  71 Y   1.00000 0.00000 0.00000 ( 1)  0.000
  72 H   1.00000 0.00000 0.00000 ( 1)  0.000
  73 D   1.00000 0.00000 0.00000 ( 1)  0.000
  74 G   1.00000 0.00000 0.00000 ( 1)  0.000
  75 S   1.00000 0.00000 0.00000 ( 1)  0.000
  76 L   1.00000 0.00000 0.00000 ( 1)  0.000
  77 Y   1.00000 0.00000 0.00000 ( 1)  0.000
  78 A   1.00000 0.00000 0.00000 ( 1)  0.000
  79 T   1.00000 0.00000 0.00000 ( 1)  0.000
  80 V   1.00000 0.00000 0.00000 ( 1)  0.000
  81 I   1.00000 0.00000 0.00000 ( 1)  0.000
  82 Q   1.00000 0.00000 0.00000 ( 1)  0.000
  83 G   1.00000 0.00000 0.00000 ( 1)  0.000
  84 K   1.00000 0.00000 0.00000 ( 1)  0.000
  85 I   1.00000 0.00000 0.00000 ( 1)  0.000
  86 L   1.00000 0.00000 0.00000 ( 1)  0.000
  87 K   1.00000 0.00000 0.00000 ( 1)  0.000
  88 I   1.00000 0.00000 0.00000 ( 1)  0.000
  89 N   1.00000 0.00000 0.00000 ( 1)  0.000
  90 D   1.00000 0.00000 0.00000 ( 1)  0.000
  91 S   1.00000 0.00000 0.00000 ( 1)  0.000
  92 G   1.00000 0.00000 0.00000 ( 1)  0.000
  93 I   1.00000 0.00000 0.00000 ( 1)  0.000
  94 Y   1.00000 0.00000 0.00000 ( 1)  0.000
  95 V   1.00000 0.00000 0.00000 ( 1)  0.000
  96 H   1.00000 0.00000 0.00000 ( 1)  0.000
  97 A   1.00000 0.00000 0.00000 ( 1)  0.000
  98 T   1.00000 0.00000 0.00000 ( 1)  0.000
  99 L   1.00000 0.00000 0.00000 ( 1)  0.000
 100 G   1.00000 0.00000 0.00000 ( 1)  0.000
 101 S   1.00000 0.00000 0.00000 ( 1)  0.000
 102 P   1.00000 0.00000 0.00000 ( 1)  0.000
 103 N   1.00000 0.00000 0.00000 ( 1)  0.000
 104 C   1.00000 0.00000 0.00000 ( 1)  0.000
 105 V   1.00000 0.00000 0.00000 ( 1)  0.000
 106 G   1.00000 0.00000 0.00000 ( 1)  0.000
 107 V   1.00000 0.00000 0.00000 ( 1)  0.000
 108 H   1.00000 0.00000 0.00000 ( 1)  0.000
 109 E   1.00000 0.00000 0.00000 ( 1)  0.000
 110 C   1.00000 0.00000 0.00000 ( 1)  0.000
 111 G   1.00000 0.00000 0.00000 ( 1)  0.000
 112 R   1.00000 0.00000 0.00000 ( 1)  0.000
 113 P   1.00000 0.00000 0.00000 ( 1)  0.000
 114 L   1.00000 0.00000 0.00000 ( 1)  0.000
 115 G   1.00000 0.00000 0.00000 ( 1)  0.000
 116 L   1.00000 0.00000 0.00000 ( 1)  0.000
 117 K   1.00000 0.00000 0.00000 ( 1)  0.000
 118 L   1.00000 0.00000 0.00000 ( 1)  0.000
 119 F   1.00000 0.00000 0.00000 ( 1)  0.000
 120 N   1.00000 0.00000 0.00000 ( 1)  0.000
 121 N   1.00000 0.00000 0.00000 ( 1)  0.000
 122 S   1.00000 0.00000 0.00000 ( 1)  0.000
 123 E   1.00000 0.00000 0.00000 ( 1)  0.000
 124 N   1.00000 0.00000 0.00000 ( 1)  0.000
 125 F   1.00000 0.00000 0.00000 ( 1)  0.000
 126 L   1.00000 0.00000 0.00000 ( 1)  0.000
 127 V   1.00000 0.00000 0.00000 ( 1)  0.000
 128 T   1.00000 0.00000 0.00000 ( 1)  0.000
 129 D   1.00000 0.00000 0.00000 ( 1)  0.000
 130 A   1.00000 0.00000 0.00000 ( 1)  0.000
 131 Y   1.00000 0.00000 0.00000 ( 1)  0.000
 132 L   1.00000 0.00000 0.00000 ( 1)  0.000
 133 G   1.00000 0.00000 0.00000 ( 1)  0.000
 134 V   1.00000 0.00000 0.00000 ( 1)  0.000
 135 F   1.00000 0.00000 0.00000 ( 1)  0.000
 136 S   1.00000 0.00000 0.00000 ( 1)  0.000
 137 V   1.00000 0.00000 0.00000 ( 1)  0.000
 138 S   1.00000 0.00000 0.00000 ( 1)  0.000
 139 V   1.00000 0.00000 0.00000 ( 1)  0.000
 140 K   1.00000 0.00000 0.00000 ( 1)  0.000
 141 D   1.00000 0.00000 0.00000 ( 1)  0.000
 142 G   1.00000 0.00000 0.00000 ( 1)  0.000
 143 S   1.00000 0.00000 0.00000 ( 1)  0.000
 144 V   1.00000 0.00000 0.00000 ( 1)  0.000
 145 K   1.00000 0.00000 0.00000 ( 1)  0.000
 146 K   1.00000 0.00000 0.00000 ( 1)  0.000
 147 L   1.00000 0.00000 0.00000 ( 1)  0.000
 148 F   1.00000 0.00000 0.00000 ( 1)  0.000
 149 P   1.00000 0.00000 0.00000 ( 1)  0.000
 150 L   1.00000 0.00000 0.00000 ( 1)  0.000
 151 D   1.00000 0.00000 0.00000 ( 1)  0.000
 152 E   1.00000 0.00000 0.00000 ( 1)  0.000
 153 D   1.00000 0.00000 0.00000 ( 1)  0.000
 154 F   1.00000 0.00000 0.00000 ( 1)  0.000
 155 K   1.00000 0.00000 0.00000 ( 1)  0.000
 156 V   1.00000 0.00000 0.00000 ( 1)  0.000
 157 T   1.00000 0.00000 0.00000 ( 1)  0.000
 158 F   1.00000 0.00000 0.00000 ( 1)  0.000
 159 F   1.00000 0.00000 0.00000 ( 1)  0.000
 160 D   1.00000 0.00000 0.00000 ( 1)  0.000
 161 D   1.00000 0.00000 0.00000 ( 1)  0.000
 162 S   1.00000 0.00000 0.00000 ( 1)  0.000
 163 V   1.00000 0.00000 0.00000 ( 1)  0.000
 164 M   1.00000 0.00000 0.00000 ( 1)  0.000
 165 L   1.00000 0.00000 0.00000 ( 1)  0.000
 166 P   1.00000 0.00000 0.00000 ( 1)  0.000
 167 N   1.00000 0.00000 0.00000 ( 1)  0.000
 168 G   1.00000 0.00000 0.00000 ( 1)  0.000
 169 S   1.00000 0.00000 0.00000 ( 1)  0.000
 170 L   1.00000 0.00000 0.00000 ( 1)  0.000
 171 V   1.00000 0.00000 0.00000 ( 1)  0.000
 172 I   1.00000 0.00000 0.00000 ( 1)  0.000
 173 T   1.00000 0.00000 0.00000 ( 1)  0.000
 174 E   1.00000 0.00000 0.00000 ( 1)  0.000
 175 A   1.00000 0.00000 0.00000 ( 1)  0.000
 176 S   1.00000 0.00000 0.00000 ( 1)  0.000
 177 T   1.00000 0.00000 0.00000 ( 1)  0.000
 178 K   1.00000 0.00000 0.00000 ( 1)  0.000
 179 N   1.00000 0.00000 0.00000 ( 1)  0.000
 180 T   1.00000 0.00000 0.00000 ( 1)  0.000
 181 L   1.00000 0.00000 0.00000 ( 1)  0.000
 182 R   1.00000 0.00000 0.00000 ( 1)  0.000
 183 H   1.00000 0.00000 0.00000 ( 1)  0.000
 184 L   1.00000 0.00000 0.00000 ( 1)  0.000
 185 W   1.00000 0.00000 0.00000 ( 1)  0.000
 186 T   1.00000 0.00000 0.00000 ( 1)  0.000
 187 T   1.00000 0.00000 0.00000 ( 1)  0.000
 188 I   1.00000 0.00000 0.00000 ( 1)  0.000
 189 L   1.00000 0.00000 0.00000 ( 1)  0.000
 190 E   1.00000 0.00000 0.00000 ( 1)  0.000
 191 G   1.00000 0.00000 0.00000 ( 1)  0.000
 192 L   1.00000 0.00000 0.00000 ( 1)  0.000
 193 P   1.00000 0.00000 0.00000 ( 1)  0.000
 194 S   1.00000 0.00000 0.00000 ( 1)  0.000
 195 G   1.00000 0.00000 0.00000 ( 1)  0.000
 196 R   1.00000 0.00000 0.00000 ( 1)  0.000
 197 L   1.00000 0.00000 0.00000 ( 1)  0.000
 198 T   1.00000 0.00000 0.00000 ( 1)  0.000
 199 M   1.00000 0.00000 0.00000 ( 1)  0.000
 200 A   1.00000 0.00000 0.00000 ( 1)  0.000
 201 D   1.00000 0.00000 0.00000 ( 1)  0.000
 202 T   1.00000 0.00000 0.00000 ( 1)  0.000
 203 K   1.00000 0.00000 0.00000 ( 1)  0.000
 204 T   1.00000 0.00000 0.00000 ( 1)  0.000
 205 G   1.00000 0.00000 0.00000 ( 1)  0.000
 206 Q   1.00000 0.00000 0.00000 ( 1)  0.000
 207 Y   1.00000 0.00000 0.00000 ( 1)  0.000
 208 N   1.00000 0.00000 0.00000 ( 1)  0.000
 209 H   1.00000 0.00000 0.00000 ( 1)  0.000
 210 I   1.00000 0.00000 0.00000 ( 1)  0.000
 211 M   1.00000 0.00000 0.00000 ( 1)  0.000
 212 D   1.00000 0.00000 0.00000 ( 1)  0.000
 213 G   1.00000 0.00000 0.00000 ( 1)  0.000
 214 L   1.00000 0.00000 0.00000 ( 1)  0.000
 215 R   1.00000 0.00000 0.00000 ( 1)  0.000
 216 F   1.00000 0.00000 0.00000 ( 1)  0.000
 217 P   1.00000 0.00000 0.00000 ( 1)  0.000
 218 N   1.00000 0.00000 0.00000 ( 1)  0.000
 219 G   1.00000 0.00000 0.00000 ( 1)  0.000
 220 I   1.00000 0.00000 0.00000 ( 1)  0.000
 221 E   1.00000 0.00000 0.00000 ( 1)  0.000
 222 I   1.00000 0.00000 0.00000 ( 1)  0.000
 223 S   1.00000 0.00000 0.00000 ( 1)  0.000
 224 S   1.00000 0.00000 0.00000 ( 1)  0.000
 225 D   1.00000 0.00000 0.00000 ( 1)  0.000
 226 G   1.00000 0.00000 0.00000 ( 1)  0.000
 227 K   1.00000 0.00000 0.00000 ( 1)  0.000
 228 S   1.00000 0.00000 0.00000 ( 1)  0.000
 229 I   1.00000 0.00000 0.00000 ( 1)  0.000
 230 L   1.00000 0.00000 0.00000 ( 1)  0.000
 231 L   1.00000 0.00000 0.00000 ( 1)  0.000
 232 V   1.00000 0.00000 0.00000 ( 1)  0.000
 233 E   1.00000 0.00000 0.00000 ( 1)  0.000
 234 T   1.00000 0.00000 0.00000 ( 1)  0.000
 235 M   1.00000 0.00000 0.00000 ( 1)  0.000
 236 K   1.00000 0.00000 0.00000 ( 1)  0.000
 237 L   1.00000 0.00000 0.00000 ( 1)  0.000
 238 Q   1.00000 0.00000 0.00000 ( 1)  0.000
 239 I   1.00000 0.00000 0.00000 ( 1)  0.000
 240 L   1.00000 0.00000 0.00000 ( 1)  0.000
 241 R   1.00000 0.00000 0.00000 ( 1)  0.000
 242 I   1.00000 0.00000 0.00000 ( 1)  0.000
 243 P   1.00000 0.00000 0.00000 ( 1)  0.000
 244 L   1.00000 0.00000 0.00000 ( 1)  0.000
 245 D   1.00000 0.00000 0.00000 ( 1)  0.000
 246 G   1.00000 0.00000 0.00000 ( 1)  0.000
 247 G   1.00000 0.00000 0.00000 ( 1)  0.000
 248 E   1.00000 0.00000 0.00000 ( 1)  0.000
 249 V   1.00000 0.00000 0.00000 ( 1)  0.000
 250 T   1.00000 0.00000 0.00000 ( 1)  0.000
 251 V   1.00000 0.00000 0.00000 ( 1)  0.000
 252 F   1.00000 0.00000 0.00000 ( 1)  0.000
 253 S   1.00000 0.00000 0.00000 ( 1)  0.000
 254 D   1.00000 0.00000 0.00000 ( 1)  0.000
 255 G   1.00000 0.00000 0.00000 ( 1)  0.000
 256 L   1.00000 0.00000 0.00000 ( 1)  0.000
 257 P   1.00000 0.00000 0.00000 ( 1)  0.000
 258 G   1.00000 0.00000 0.00000 ( 1)  0.000
 259 F   1.00000 0.00000 0.00000 ( 1)  0.000
 260 P   1.00000 0.00000 0.00000 ( 1)  0.000
 261 D   1.00000 0.00000 0.00000 ( 1)  0.000
 262 N   1.00000 0.00000 0.00000 ( 1)  0.000
 263 I   1.00000 0.00000 0.00000 ( 1)  0.000
 264 K   1.00000 0.00000 0.00000 ( 1)  0.000
 265 A   1.00000 0.00000 0.00000 ( 1)  0.000
 266 S   1.00000 0.00000 0.00000 ( 1)  0.000
 267 P   1.00000 0.00000 0.00000 ( 1)  0.000
 268 R   1.00000 0.00000 0.00000 ( 1)  0.000
 269 G   1.00000 0.00000 0.00000 ( 1)  0.000
 270 G   1.00000 0.00000 0.00000 ( 1)  0.000
 271 Y   1.00000 0.00000 0.00000 ( 1)  0.000
 272 W   1.00000 0.00000 0.00000 ( 1)  0.000
 273 V   1.00000 0.00000 0.00000 ( 1)  0.000
 274 P   1.00000 0.00000 0.00000 ( 1)  0.000
 275 V   1.00000 0.00000 0.00000 ( 1)  0.000
 276 S   1.00000 0.00000 0.00000 ( 1)  0.000
 277 P   1.00000 0.00000 0.00000 ( 1)  0.000
 278 L   1.00000 0.00000 0.00000 ( 1)  0.000
 279 R   1.00000 0.00000 0.00000 ( 1)  0.000
 280 D   1.00000 0.00000 0.00000 ( 1)  0.000
 281 E   1.00000 0.00000 0.00000 ( 1)  0.000
 282 P   1.00000 0.00000 0.00000 ( 1)  0.000
 283 L   1.00000 0.00000 0.00000 ( 1)  0.000
 284 S   1.00000 0.00000 0.00000 ( 1)  0.000
 285 E   1.00000 0.00000 0.00000 ( 1)  0.000
 286 L   1.00000 0.00000 0.00000 ( 1)  0.000
 287 L   1.00000 0.00000 0.00000 ( 1)  0.000
 288 L   1.00000 0.00000 0.00000 ( 1)  0.000
 289 N   1.00000 0.00000 0.00000 ( 1)  0.000
 290 Y   1.00000 0.00000 0.00000 ( 1)  0.000
 291 L   1.00000 0.00000 0.00000 ( 1)  0.000
 292 P   1.00000 0.00000 0.00000 ( 1)  0.000
 293 A   1.00000 0.00000 0.00000 ( 1)  0.000
 294 Y   1.00000 0.00000 0.00000 ( 1)  0.000
 295 P   1.00000 0.00000 0.00000 ( 1)  0.000
 296 C   1.00000 0.00000 0.00000 ( 1)  0.000
 297 I   1.00000 0.00000 0.00000 ( 1)  0.000
 298 R   1.00000 0.00000 0.00000 ( 1)  0.000
 299 Q   1.00000 0.00000 0.00000 ( 1)  0.000
 300 L   1.00000 0.00000 0.00000 ( 1)  0.000
 301 A   1.00000 0.00000 0.00000 ( 1)  0.000
 302 S   1.00000 0.00000 0.00000 ( 1)  0.000
 303 S   1.00000 0.00000 0.00000 ( 1)  0.000
 304 I   1.00000 0.00000 0.00000 ( 1)  0.000
 305 I   1.00000 0.00000 0.00000 ( 1)  0.000
 306 S   1.00000 0.00000 0.00000 ( 1)  0.000
 307 M   1.00000 0.00000 0.00000 ( 1)  0.000
 308 L   1.00000 0.00000 0.00000 ( 1)  0.000
 309 P   1.00000 0.00000 0.00000 ( 1)  0.000
 310 F   1.00000 0.00000 0.00000 ( 1)  0.000
 311 T   1.00000 0.00000 0.00000 ( 1)  0.000
 312 L   1.00000 0.00000 0.00000 ( 1)  0.000
 313 I   1.00000 0.00000 0.00000 ( 1)  0.000
 314 P   1.00000 0.00000 0.00000 ( 1)  0.000
 315 K   1.00000 0.00000 0.00000 ( 1)  0.000
 316 G   1.00000 0.00000 0.00000 ( 1)  0.000
 317 K   1.00000 0.00000 0.00000 ( 1)  0.000
 318 S   1.00000 0.00000 0.00000 ( 1)  0.000
 319 S   1.00000 0.00000 0.00000 ( 1)  0.000
 320 M   1.00000 0.00000 0.00000 ( 1)  0.000
 321 L   1.00000 0.00000 0.00000 ( 1)  0.000
 322 I   1.00000 0.00000 0.00000 ( 1)  0.000
 323 R   1.00000 0.00000 0.00000 ( 1)  0.000
 324 L   1.00000 0.00000 0.00000 ( 1)  0.000
 325 D   1.00000 0.00000 0.00000 ( 1)  0.000
 326 E   1.00000 0.00000 0.00000 ( 1)  0.000
 327 N   1.00000 0.00000 0.00000 ( 1)  0.000
 328 G   1.00000 0.00000 0.00000 ( 1)  0.000
 329 Q   1.00000 0.00000 0.00000 ( 1)  0.000
 330 I   1.00000 0.00000 0.00000 ( 1)  0.000
 331 I   1.00000 0.00000 0.00000 ( 1)  0.000
 332 E   1.00000 0.00000 0.00000 ( 1)  0.000
 333 I   1.00000 0.00000 0.00000 ( 1)  0.000
 334 W   1.00000 0.00000 0.00000 ( 1)  0.000
 335 K   1.00000 0.00000 0.00000 ( 1)  0.000
 336 D   1.00000 0.00000 0.00000 ( 1)  0.000
 337 F   1.00000 0.00000 0.00000 ( 1)  0.000
 338 Q   1.00000 0.00000 0.00000 ( 1)  0.000
 339 N   1.00000 0.00000 0.00000 ( 1)  0.000
 340 E   1.00000 0.00000 0.00000 ( 1)  0.000
 341 L   1.00000 0.00000 0.00000 ( 1)  0.000
 342 P   1.00000 0.00000 0.00000 ( 1)  0.000
 343 N   1.00000 0.00000 0.00000 ( 1)  0.000
 344 A   1.00000 0.00000 0.00000 ( 1)  0.000
 345 C   1.00000 0.00000 0.00000 ( 1)  0.000
 346 E   1.00000 0.00000 0.00000 ( 1)  0.000
 347 V   1.00000 0.00000 0.00000 ( 1)  0.000
 348 L   1.00000 0.00000 0.00000 ( 1)  0.000
 349 E   1.00000 0.00000 0.00000 ( 1)  0.000
 350 H   1.00000 0.00000 0.00000 ( 1)  0.000
 351 D   1.00000 0.00000 0.00000 ( 1)  0.000
 352 D   1.00000 0.00000 0.00000 ( 1)  0.000
 353 T   1.00000 0.00000 0.00000 ( 1)  0.000
 354 L   1.00000 0.00000 0.00000 ( 1)  0.000
 355 Y   1.00000 0.00000 0.00000 ( 1)  0.000
 356 T   1.00000 0.00000 0.00000 ( 1)  0.000
 357 G   1.00000 0.00000 0.00000 ( 1)  0.000
 358 S   1.00000 0.00000 0.00000 ( 1)  0.000
 359 F   1.00000 0.00000 0.00000 ( 1)  0.000
 360 Y   1.00000 0.00000 0.00000 ( 1)  0.000
 361 L   1.00000 0.00000 0.00000 ( 1)  0.000
 362 P   1.00000 0.00000 0.00000 ( 1)  0.000
 363 Y   1.00000 0.00000 0.00000 ( 1)  0.000
 364 I   1.00000 0.00000 0.00000 ( 1)  0.000
 365 G   1.00000 0.00000 0.00000 ( 1)  0.000
 366 R   1.00000 0.00000 0.00000 ( 1)  0.000
 367 L   1.00000 0.00000 0.00000 ( 1)  0.000
 368 R   1.00000 0.00000 0.00000 ( 1)  0.000
 369 R   1.00000 0.00000 0.00000 ( 1)  0.000
 370 L   1.00000 0.00000 0.00000 ( 1)  0.000
 371 S   1.00000 0.00000 0.00000 ( 1)  0.000
 372 N   1.00000 0.00000 0.00000 ( 1)  0.000

Positively selected sites

	Prob(w>1)  mean w



lnL = -1454.001069

Bayes Empirical Bayes (BEB) probabilities for 3 classes (class) & postmean_w
(amino acids refer to 1st sequence: Smat.5688)

   1 M   0.33595 0.33528 0.32877 ( 1)  2.454 +-  2.952
   2 T   0.33595 0.33528 0.32877 ( 1)  2.454 +-  2.952
   3 E   0.33596 0.33529 0.32876 ( 1)  2.454 +-  2.952
   4 L   0.33594 0.33527 0.32879 ( 1)  2.454 +-  2.952
   5 R   0.33595 0.33528 0.32877 ( 1)  2.454 +-  2.952
   6 K   0.33596 0.33529 0.32875 ( 1)  2.454 +-  2.952
   7 L   0.33596 0.33529 0.32876 ( 1)  2.454 +-  2.952
   8 G   0.33595 0.33528 0.32877 ( 1)  2.454 +-  2.952
   9 F   0.33597 0.33529 0.32874 ( 1)  2.454 +-  2.952
  10 S   0.33596 0.33529 0.32875 ( 1)  2.454 +-  2.952
  11 S   0.33594 0.33527 0.32879 ( 1)  2.454 +-  2.952
  12 I   0.33595 0.33528 0.32876 ( 1)  2.454 +-  2.952
  13 T   0.33595 0.33528 0.32877 ( 1)  2.454 +-  2.952
  14 V   0.33594 0.33527 0.32879 ( 1)  2.454 +-  2.952
  15 I   0.33596 0.33529 0.32875 ( 1)  2.454 +-  2.952
  16 C   0.33595 0.33528 0.32876 ( 1)  2.454 +-  2.952
  17 I   0.33596 0.33529 0.32875 ( 1)  2.454 +-  2.952
  18 G   0.33594 0.33527 0.32879 ( 1)  2.454 +-  2.952
  19 Y   0.33596 0.33529 0.32875 ( 1)  2.454 +-  2.952
  20 I   0.33595 0.33528 0.32876 ( 1)  2.454 +-  2.952
  21 I   0.33595 0.33528 0.32876 ( 1)  2.454 +-  2.952
  22 L   0.33594 0.33527 0.32879 ( 1)  2.454 +-  2.952
  23 C   0.33595 0.33528 0.32876 ( 1)  2.454 +-  2.952
  24 F   0.33597 0.33529 0.32874 ( 1)  2.454 +-  2.952
  25 L   0.33594 0.33527 0.32879 ( 1)  2.454 +-  2.952
  26 N   0.33597 0.33529 0.32874 ( 1)  2.454 +-  2.952
  27 K   0.33596 0.33529 0.32875 ( 1)  2.454 +-  2.952
  28 S   0.33594 0.33527 0.32879 ( 1)  2.454 +-  2.952
  29 T   0.33594 0.33527 0.32879 ( 1)  2.454 +-  2.952
  30 D   0.33597 0.33529 0.32874 ( 1)  2.454 +-  2.952
  31 S   0.33594 0.33527 0.32879 ( 1)  2.454 +-  2.952
  32 Y   0.33596 0.33529 0.32875 ( 1)  2.454 +-  2.952
  33 T   0.33595 0.33528 0.32876 ( 1)  2.454 +-  2.952
  34 Y   0.33596 0.33529 0.32875 ( 1)  2.454 +-  2.952
  35 H   0.33596 0.33529 0.32875 ( 1)  2.454 +-  2.952
  36 V   0.33596 0.33528 0.32876 ( 1)  2.454 +-  2.952
  37 N   0.33597 0.33529 0.32874 ( 1)  2.454 +-  2.952
  38 P   0.33595 0.33528 0.32877 ( 1)  2.454 +-  2.952
  39 S   0.33594 0.33527 0.32879 ( 1)  2.454 +-  2.952
  40 I   0.33596 0.33529 0.32875 ( 1)  2.454 +-  2.952
  41 E   0.33595 0.33528 0.32877 ( 1)  2.454 +-  2.952
  42 L   0.33594 0.33527 0.32879 ( 1)  2.454 +-  2.952
  43 N   0.33597 0.33529 0.32874 ( 1)  2.454 +-  2.952
  44 D   0.33595 0.33528 0.32877 ( 1)  2.454 +-  2.952
  45 Q   0.33596 0.33529 0.32875 ( 1)  2.454 +-  2.952
  46 L   0.33596 0.33529 0.32876 ( 1)  2.454 +-  2.952
  47 I   0.33596 0.33529 0.32875 ( 1)  2.454 +-  2.952
  48 T   0.33595 0.33528 0.32877 ( 1)  2.454 +-  2.952
  49 N   0.33597 0.33529 0.32874 ( 1)  2.454 +-  2.952
  50 K   0.33595 0.33528 0.32877 ( 1)  2.454 +-  2.952
  51 K   0.33596 0.33529 0.32875 ( 1)  2.454 +-  2.952
  52 Y   0.33596 0.33529 0.32875 ( 1)  2.454 +-  2.952
  53 G   0.33595 0.33528 0.32878 ( 1)  2.454 +-  2.952
  54 K   0.33595 0.33528 0.32877 ( 1)  2.454 +-  2.952
  55 L   0.33596 0.33528 0.32876 ( 1)  2.454 +-  2.952
  56 E   0.33596 0.33529 0.32876 ( 1)  2.454 +-  2.952
  57 K   0.33595 0.33528 0.32877 ( 1)  2.454 +-  2.952
  58 I   0.33596 0.33529 0.32875 ( 1)  2.454 +-  2.952
  59 D   0.33597 0.33529 0.32874 ( 1)  2.454 +-  2.952
  60 L   0.33596 0.33528 0.32876 ( 1)  2.454 +-  2.952
  61 M   0.33595 0.33528 0.32877 ( 1)  2.454 +-  2.952
  62 N   0.33597 0.33529 0.32874 ( 1)  2.454 +-  2.952
  63 Y   0.33594 0.33527 0.32879 ( 1)  2.454 +-  2.952
  64 S   0.33596 0.33529 0.32875 ( 1)  2.454 +-  2.952
  65 G   0.33594 0.33527 0.32879 ( 1)  2.454 +-  2.952
  66 A   0.33595 0.33528 0.32877 ( 1)  2.454 +-  2.952
  67 E   0.33596 0.33529 0.32876 ( 1)  2.454 +-  2.952
  68 S   0.33596 0.33529 0.32875 ( 1)  2.454 +-  2.952
  69 L   0.33596 0.33528 0.32876 ( 1)  2.454 +-  2.952
  70 I   0.33596 0.33529 0.32875 ( 1)  2.454 +-  2.952
  71 Y   0.33596 0.33529 0.32875 ( 1)  2.454 +-  2.952
  72 H   0.33596 0.33529 0.32875 ( 1)  2.454 +-  2.952
  73 D   0.33597 0.33529 0.32874 ( 1)  2.454 +-  2.952
  74 G   0.33595 0.33528 0.32877 ( 1)  2.454 +-  2.952
  75 S   0.33594 0.33527 0.32879 ( 1)  2.454 +-  2.952
  76 L   0.33595 0.33528 0.32877 ( 1)  2.454 +-  2.952
  77 Y   0.33596 0.33529 0.32875 ( 1)  2.454 +-  2.952
  78 A   0.33594 0.33527 0.32879 ( 1)  2.454 +-  2.952
  79 T   0.33595 0.33528 0.32877 ( 1)  2.454 +-  2.952
  80 V   0.33594 0.33527 0.32879 ( 1)  2.454 +-  2.952
  81 I   0.33596 0.33529 0.32875 ( 1)  2.454 +-  2.952
  82 Q   0.33596 0.33529 0.32875 ( 1)  2.454 +-  2.952
  83 G   0.33594 0.33527 0.32879 ( 1)  2.454 +-  2.952
  84 K   0.33596 0.33529 0.32875 ( 1)  2.454 +-  2.952
  85 I   0.33595 0.33528 0.32876 ( 1)  2.454 +-  2.952
  86 L   0.33596 0.33528 0.32876 ( 1)  2.454 +-  2.952
  87 K   0.33596 0.33529 0.32875 ( 1)  2.454 +-  2.952
  88 I   0.33595 0.33528 0.32876 ( 1)  2.454 +-  2.952
  89 N   0.33597 0.33529 0.32874 ( 1)  2.454 +-  2.952
  90 D   0.33597 0.33529 0.32874 ( 1)  2.454 +-  2.952
  91 S   0.33595 0.33528 0.32877 ( 1)  2.454 +-  2.952
  92 G   0.33594 0.33527 0.32879 ( 1)  2.454 +-  2.952
  93 I   0.33596 0.33529 0.32875 ( 1)  2.454 +-  2.952
  94 Y   0.33596 0.33529 0.32875 ( 1)  2.454 +-  2.952
  95 V   0.33596 0.33528 0.32876 ( 1)  2.454 +-  2.952
  96 H   0.33596 0.33529 0.32875 ( 1)  2.454 +-  2.952
  97 A   0.33595 0.33528 0.32877 ( 1)  2.454 +-  2.952
  98 T   0.33595 0.33528 0.32877 ( 1)  2.454 +-  2.952
  99 L   0.33596 0.33529 0.32876 ( 1)  2.454 +-  2.952
 100 G   0.33595 0.33528 0.32877 ( 1)  2.454 +-  2.952
 101 S   0.33594 0.33527 0.32879 ( 1)  2.454 +-  2.952
 102 P   0.33595 0.33528 0.32877 ( 1)  2.454 +-  2.952
 103 N   0.33595 0.33528 0.32877 ( 1)  2.454 +-  2.952
 104 C   0.33594 0.33527 0.32879 ( 1)  2.454 +-  2.952
 105 V   0.33596 0.33528 0.32876 ( 1)  2.454 +-  2.952
 106 G   0.33595 0.33528 0.32877 ( 1)  2.454 +-  2.952
 107 V   0.33595 0.33528 0.32876 ( 1)  2.454 +-  2.952
 108 H   0.33596 0.33529 0.32875 ( 1)  2.454 +-  2.952
 109 E   0.33596 0.33529 0.32876 ( 1)  2.454 +-  2.952
 110 C   0.33595 0.33528 0.32876 ( 1)  2.454 +-  2.952
 111 G   0.33595 0.33528 0.32877 ( 1)  2.454 +-  2.952
 112 R   0.33595 0.33528 0.32877 ( 1)  2.454 +-  2.952
 113 P   0.33595 0.33528 0.32877 ( 1)  2.454 +-  2.952
 114 L   0.33596 0.33528 0.32876 ( 1)  2.454 +-  2.952
 115 G   0.33595 0.33528 0.32877 ( 1)  2.454 +-  2.952
 116 L   0.33596 0.33528 0.32876 ( 1)  2.454 +-  2.952
 117 K   0.33596 0.33529 0.32875 ( 1)  2.454 +-  2.952
 118 L   0.33595 0.33528 0.32877 ( 1)  2.454 +-  2.952
 119 F   0.33595 0.33528 0.32877 ( 1)  2.454 +-  2.952
 120 N   0.33595 0.33528 0.32877 ( 1)  2.454 +-  2.952
 121 N   0.33597 0.33529 0.32874 ( 1)  2.454 +-  2.952
 122 S   0.33594 0.33527 0.32879 ( 1)  2.454 +-  2.952
 123 E   0.33595 0.33528 0.32877 ( 1)  2.454 +-  2.952
 124 N   0.33597 0.33529 0.32874 ( 1)  2.454 +-  2.952
 125 F   0.33595 0.33528 0.32877 ( 1)  2.454 +-  2.952
 126 L   0.33595 0.33528 0.32877 ( 1)  2.454 +-  2.952
 127 V   0.33594 0.33527 0.32879 ( 1)  2.454 +-  2.952
 128 T   0.33594 0.33527 0.32879 ( 1)  2.454 +-  2.952
 129 D   0.33597 0.33529 0.32874 ( 1)  2.454 +-  2.952
 130 A   0.33594 0.33527 0.32879 ( 1)  2.454 +-  2.952
 131 Y   0.33596 0.33529 0.32875 ( 1)  2.454 +-  2.952
 132 L   0.33596 0.33528 0.32876 ( 1)  2.454 +-  2.952
 133 G   0.33595 0.33528 0.32877 ( 1)  2.454 +-  2.952
 134 V   0.33595 0.33528 0.32876 ( 1)  2.454 +-  2.952
 135 F   0.33595 0.33528 0.32877 ( 1)  2.454 +-  2.952
 136 S   0.33595 0.33528 0.32877 ( 1)  2.454 +-  2.952
 137 V   0.33594 0.33527 0.32879 ( 1)  2.454 +-  2.952
 138 S   0.33594 0.33527 0.32879 ( 1)  2.454 +-  2.952
 139 V   0.33595 0.33528 0.32876 ( 1)  2.454 +-  2.952
 140 K   0.33596 0.33529 0.32875 ( 1)  2.454 +-  2.952
 141 D   0.33597 0.33529 0.32874 ( 1)  2.454 +-  2.952
 142 G   0.33595 0.33528 0.32877 ( 1)  2.454 +-  2.952
 143 S   0.33596 0.33529 0.32875 ( 1)  2.454 +-  2.952
 144 V   0.33594 0.33527 0.32879 ( 1)  2.454 +-  2.952
 145 K   0.33596 0.33529 0.32875 ( 1)  2.454 +-  2.952
 146 K   0.33596 0.33529 0.32875 ( 1)  2.454 +-  2.952
 147 L   0.33595 0.33528 0.32877 ( 1)  2.454 +-  2.952
 148 F   0.33595 0.33528 0.32877 ( 1)  2.454 +-  2.952
 149 P   0.33595 0.33528 0.32877 ( 1)  2.454 +-  2.952
 150 L   0.33596 0.33528 0.32876 ( 1)  2.454 +-  2.952
 151 D   0.33597 0.33529 0.32874 ( 1)  2.454 +-  2.952
 152 E   0.33596 0.33529 0.32876 ( 1)  2.454 +-  2.952
 153 D   0.33597 0.33529 0.32874 ( 1)  2.454 +-  2.952
 154 F   0.33595 0.33528 0.32877 ( 1)  2.454 +-  2.952
 155 K   0.33596 0.33529 0.32875 ( 1)  2.454 +-  2.952
 156 V   0.33596 0.33528 0.32876 ( 1)  2.454 +-  2.952
 157 T   0.33595 0.33528 0.32877 ( 1)  2.454 +-  2.952
 158 F   0.33597 0.33529 0.32874 ( 1)  2.454 +-  2.952
 159 F   0.33597 0.33529 0.32874 ( 1)  2.454 +-  2.952
 160 D   0.33597 0.33529 0.32874 ( 1)  2.454 +-  2.952
 161 D   0.33597 0.33529 0.32874 ( 1)  2.454 +-  2.952
 162 S   0.33594 0.33527 0.32879 ( 1)  2.454 +-  2.952
 163 V   0.33595 0.33528 0.32876 ( 1)  2.454 +-  2.952
 164 M   0.33595 0.33528 0.32877 ( 1)  2.454 +-  2.952
 165 L   0.33596 0.33528 0.32876 ( 1)  2.454 +-  2.952
 166 P   0.33594 0.33527 0.32879 ( 1)  2.454 +-  2.952
 167 N   0.33595 0.33528 0.32877 ( 1)  2.454 +-  2.952
 168 G   0.33595 0.33528 0.32877 ( 1)  2.454 +-  2.952
 169 S   0.33596 0.33529 0.32875 ( 1)  2.454 +-  2.952
 170 L   0.33596 0.33529 0.32876 ( 1)  2.454 +-  2.952
 171 V   0.33596 0.33528 0.32876 ( 1)  2.454 +-  2.952
 172 I   0.33596 0.33529 0.32875 ( 1)  2.454 +-  2.952
 173 T   0.33595 0.33528 0.32876 ( 1)  2.454 +-  2.952
 174 E   0.33596 0.33529 0.32876 ( 1)  2.454 +-  2.952
 175 A   0.33595 0.33528 0.32877 ( 1)  2.454 +-  2.952
 176 S   0.33596 0.33529 0.32875 ( 1)  2.454 +-  2.952
 177 T   0.33595 0.33528 0.32877 ( 1)  2.454 +-  2.952
 178 K   0.33596 0.33529 0.32875 ( 1)  2.454 +-  2.952
 179 N   0.33597 0.33529 0.32874 ( 1)  2.454 +-  2.952
 180 T   0.33595 0.33528 0.32876 ( 1)  2.454 +-  2.952
 181 L   0.33596 0.33528 0.32876 ( 1)  2.454 +-  2.952
 182 R   0.33594 0.33527 0.32878 ( 1)  2.454 +-  2.952
 183 H   0.33596 0.33529 0.32875 ( 1)  2.454 +-  2.952
 184 L   0.33596 0.33528 0.32876 ( 1)  2.454 +-  2.952
 185 W   0.33594 0.33527 0.32878 ( 1)  2.454 +-  2.952
 186 T   0.33595 0.33528 0.32877 ( 1)  2.454 +-  2.952
 187 T   0.33595 0.33528 0.32877 ( 1)  2.454 +-  2.952
 188 I   0.33596 0.33529 0.32875 ( 1)  2.454 +-  2.952
 189 L   0.33596 0.33528 0.32876 ( 1)  2.454 +-  2.952
 190 E   0.33595 0.33528 0.32877 ( 1)  2.454 +-  2.952
 191 G   0.33595 0.33528 0.32878 ( 1)  2.454 +-  2.952
 192 L   0.33595 0.33528 0.32876 ( 1)  2.454 +-  2.952
 193 P   0.33595 0.33528 0.32877 ( 1)  2.454 +-  2.952
 194 S   0.33596 0.33529 0.32875 ( 1)  2.454 +-  2.952
 195 G   0.33594 0.33527 0.32879 ( 1)  2.454 +-  2.952
 196 R   0.33595 0.33528 0.32877 ( 1)  2.454 +-  2.952
 197 L   0.33595 0.33528 0.32876 ( 1)  2.454 +-  2.952
 198 T   0.33595 0.33528 0.32877 ( 1)  2.454 +-  2.952
 199 M   0.33595 0.33528 0.32877 ( 1)  2.454 +-  2.952
 200 A   0.33595 0.33528 0.32877 ( 1)  2.454 +-  2.952
 201 D   0.33597 0.33529 0.32874 ( 1)  2.454 +-  2.952
 202 T   0.33595 0.33528 0.32877 ( 1)  2.454 +-  2.952
 203 K   0.33596 0.33529 0.32875 ( 1)  2.454 +-  2.952
 204 T   0.33595 0.33528 0.32876 ( 1)  2.454 +-  2.952
 205 G   0.33595 0.33528 0.32877 ( 1)  2.454 +-  2.952
 206 Q   0.33596 0.33529 0.32875 ( 1)  2.454 +-  2.952
 207 Y   0.33594 0.33527 0.32879 ( 1)  2.454 +-  2.952
 208 N   0.33597 0.33529 0.32874 ( 1)  2.454 +-  2.952
 209 H   0.33595 0.33528 0.32878 ( 1)  2.454 +-  2.952
 210 I   0.33595 0.33528 0.32876 ( 1)  2.454 +-  2.952
 211 M   0.33595 0.33528 0.32877 ( 1)  2.454 +-  2.952
 212 D   0.33597 0.33529 0.32874 ( 1)  2.454 +-  2.952
 213 G   0.33595 0.33528 0.32877 ( 1)  2.454 +-  2.952
 214 L   0.33596 0.33528 0.32876 ( 1)  2.454 +-  2.952
 215 R   0.33594 0.33527 0.32879 ( 1)  2.454 +-  2.952
 216 F   0.33597 0.33529 0.32874 ( 1)  2.454 +-  2.952
 217 P   0.33594 0.33527 0.32879 ( 1)  2.454 +-  2.952
 218 N   0.33595 0.33528 0.32877 ( 1)  2.454 +-  2.952
 219 G   0.33595 0.33528 0.32878 ( 1)  2.454 +-  2.952
 220 I   0.33594 0.33527 0.32878 ( 1)  2.454 +-  2.952
 221 E   0.33596 0.33529 0.32876 ( 1)  2.454 +-  2.952
 222 I   0.33596 0.33529 0.32875 ( 1)  2.454 +-  2.952
 223 S   0.33595 0.33528 0.32877 ( 1)  2.454 +-  2.952
 224 S   0.33596 0.33529 0.32875 ( 1)  2.454 +-  2.952
 225 D   0.33595 0.33528 0.32877 ( 1)  2.454 +-  2.952
 226 G   0.33595 0.33528 0.32878 ( 1)  2.454 +-  2.952
 227 K   0.33596 0.33529 0.32875 ( 1)  2.454 +-  2.952
 228 S   0.33594 0.33527 0.32879 ( 1)  2.454 +-  2.952
 229 I   0.33595 0.33528 0.32876 ( 1)  2.454 +-  2.952
 230 L   0.33596 0.33528 0.32876 ( 1)  2.454 +-  2.952
 231 L   0.33594 0.33527 0.32879 ( 1)  2.454 +-  2.952
 232 V   0.33596 0.33528 0.32876 ( 1)  2.454 +-  2.952
 233 E   0.33596 0.33529 0.32876 ( 1)  2.454 +-  2.952
 234 T   0.33595 0.33528 0.32877 ( 1)  2.454 +-  2.952
 235 M   0.33595 0.33528 0.32877 ( 1)  2.454 +-  2.952
 236 K   0.33596 0.33529 0.32875 ( 1)  2.454 +-  2.952
 237 L   0.33596 0.33529 0.32876 ( 1)  2.454 +-  2.952
 238 Q   0.33596 0.33529 0.32875 ( 1)  2.454 +-  2.952
 239 I   0.33596 0.33529 0.32875 ( 1)  2.454 +-  2.952
 240 L   0.33595 0.33528 0.32876 ( 1)  2.454 +-  2.952
 241 R   0.33594 0.33527 0.32878 ( 1)  2.454 +-  2.952
 242 I   0.33596 0.33529 0.32875 ( 1)  2.454 +-  2.952
 243 P   0.33595 0.33528 0.32877 ( 1)  2.454 +-  2.952
 244 L   0.33596 0.33528 0.32876 ( 1)  2.454 +-  2.952
 245 D   0.33595 0.33528 0.32877 ( 1)  2.454 +-  2.952
 246 G   0.33595 0.33528 0.32878 ( 1)  2.454 +-  2.952
 247 G   0.33595 0.33528 0.32877 ( 1)  2.454 +-  2.952
 248 E   0.33596 0.33529 0.32876 ( 1)  2.454 +-  2.952
 249 V   0.33594 0.33527 0.32879 ( 1)  2.454 +-  2.952
 250 T   0.33594 0.33527 0.32879 ( 1)  2.454 +-  2.952
 251 V   0.33594 0.33527 0.32879 ( 1)  2.454 +-  2.952
 252 F   0.33595 0.33528 0.32877 ( 1)  2.454 +-  2.952
 253 S   0.33596 0.33529 0.32875 ( 1)  2.454 +-  2.952
 254 D   0.33597 0.33529 0.32874 ( 1)  2.454 +-  2.952
 255 G   0.33594 0.33527 0.32879 ( 1)  2.454 +-  2.952
 256 L   0.33595 0.33528 0.32876 ( 1)  2.454 +-  2.952
 257 P   0.33595 0.33528 0.32877 ( 1)  2.454 +-  2.952
 258 G   0.33595 0.33528 0.32877 ( 1)  2.454 +-  2.952
 259 F   0.33597 0.33529 0.32874 ( 1)  2.454 +-  2.952
 260 P   0.33594 0.33527 0.32879 ( 1)  2.454 +-  2.952
 261 D   0.33597 0.33529 0.32874 ( 1)  2.454 +-  2.952
 262 N   0.33597 0.33529 0.32874 ( 1)  2.454 +-  2.952
 263 I   0.33594 0.33527 0.32878 ( 1)  2.454 +-  2.952
 264 K   0.33596 0.33529 0.32875 ( 1)  2.454 +-  2.952
 265 A   0.33594 0.33527 0.32879 ( 1)  2.454 +-  2.952
 266 S   0.33596 0.33529 0.32875 ( 1)  2.454 +-  2.952
 267 P   0.33595 0.33528 0.32877 ( 1)  2.454 +-  2.952
 268 R   0.33595 0.33528 0.32877 ( 1)  2.454 +-  2.952
 269 G   0.33595 0.33528 0.32877 ( 1)  2.454 +-  2.952
 270 G   0.33595 0.33528 0.32878 ( 1)  2.454 +-  2.952
 271 Y   0.33596 0.33529 0.32875 ( 1)  2.454 +-  2.952
 272 W   0.33594 0.33527 0.32878 ( 1)  2.454 +-  2.952
 273 V   0.33594 0.33527 0.32879 ( 1)  2.454 +-  2.952
 274 P   0.33595 0.33528 0.32877 ( 1)  2.454 +-  2.952
 275 V   0.33595 0.33528 0.32876 ( 1)  2.454 +-  2.952
 276 S   0.33594 0.33527 0.32879 ( 1)  2.454 +-  2.952
 277 P   0.33595 0.33528 0.32877 ( 1)  2.454 +-  2.952
 278 L   0.33596 0.33529 0.32876 ( 1)  2.454 +-  2.952
 279 R   0.33595 0.33528 0.32877 ( 1)  2.454 +-  2.952
 280 D   0.33595 0.33528 0.32877 ( 1)  2.454 +-  2.952
 281 E   0.33595 0.33528 0.32877 ( 1)  2.454 +-  2.952
 282 P   0.33595 0.33528 0.32877 ( 1)  2.454 +-  2.952
 283 L   0.33595 0.33528 0.32876 ( 1)  2.454 +-  2.952
 284 S   0.33595 0.33528 0.32877 ( 1)  2.454 +-  2.952
 285 E   0.33596 0.33529 0.32876 ( 1)  2.454 +-  2.952
 286 L   0.33596 0.33529 0.32876 ( 1)  2.454 +-  2.952
 287 L   0.33595 0.33528 0.32876 ( 1)  2.454 +-  2.952
 288 L   0.33594 0.33527 0.32879 ( 1)  2.454 +-  2.952
 289 N   0.33597 0.33529 0.32874 ( 1)  2.454 +-  2.952
 290 Y   0.33596 0.33529 0.32875 ( 1)  2.454 +-  2.952
 291 L   0.33595 0.33528 0.32876 ( 1)  2.454 +-  2.952
 292 P   0.33595 0.33528 0.32877 ( 1)  2.454 +-  2.952
 293 A   0.33595 0.33528 0.32877 ( 1)  2.454 +-  2.952
 294 Y   0.33596 0.33529 0.32875 ( 1)  2.454 +-  2.952
 295 P   0.33595 0.33528 0.32877 ( 1)  2.454 +-  2.952
 296 C   0.33595 0.33528 0.32876 ( 1)  2.454 +-  2.952
 297 I   0.33596 0.33529 0.32875 ( 1)  2.454 +-  2.952
 298 R   0.33595 0.33528 0.32877 ( 1)  2.454 +-  2.952
 299 Q   0.33595 0.33528 0.32878 ( 1)  2.454 +-  2.952
 300 L   0.33595 0.33528 0.32877 ( 1)  2.454 +-  2.952
 301 A   0.33595 0.33528 0.32877 ( 1)  2.454 +-  2.952
 302 S   0.33594 0.33527 0.32879 ( 1)  2.454 +-  2.952
 303 S   0.33596 0.33529 0.32875 ( 1)  2.454 +-  2.952
 304 I   0.33596 0.33529 0.32875 ( 1)  2.454 +-  2.952
 305 I   0.33594 0.33527 0.32878 ( 1)  2.454 +-  2.952
 306 S   0.33594 0.33527 0.32879 ( 1)  2.454 +-  2.952
 307 M   0.33595 0.33528 0.32877 ( 1)  2.454 +-  2.952
 308 L   0.33596 0.33529 0.32876 ( 1)  2.454 +-  2.952
 309 P   0.33595 0.33528 0.32877 ( 1)  2.454 +-  2.952
 310 F   0.33595 0.33528 0.32877 ( 1)  2.454 +-  2.952
 311 T   0.33595 0.33528 0.32877 ( 1)  2.454 +-  2.952
 312 L   0.33595 0.33528 0.32876 ( 1)  2.454 +-  2.952
 313 I   0.33594 0.33527 0.32878 ( 1)  2.454 +-  2.952
 314 P   0.33594 0.33527 0.32879 ( 1)  2.454 +-  2.952
 315 K   0.33596 0.33529 0.32875 ( 1)  2.454 +-  2.952
 316 G   0.33595 0.33528 0.32878 ( 1)  2.454 +-  2.952
 317 K   0.33596 0.33529 0.32875 ( 1)  2.454 +-  2.952
 318 S   0.33594 0.33527 0.32879 ( 1)  2.454 +-  2.952
 319 S   0.33594 0.33527 0.32879 ( 1)  2.454 +-  2.952
 320 M   0.33595 0.33528 0.32877 ( 1)  2.454 +-  2.952
 321 L   0.33596 0.33528 0.32876 ( 1)  2.454 +-  2.952
 322 I   0.33596 0.33529 0.32875 ( 1)  2.454 +-  2.952
 323 R   0.33595 0.33528 0.32877 ( 1)  2.454 +-  2.952
 324 L   0.33596 0.33528 0.32876 ( 1)  2.454 +-  2.952
 325 D   0.33597 0.33529 0.32874 ( 1)  2.454 +-  2.952
 326 E   0.33596 0.33529 0.32876 ( 1)  2.454 +-  2.952
 327 N   0.33597 0.33529 0.32874 ( 1)  2.454 +-  2.952
 328 G   0.33595 0.33528 0.32878 ( 1)  2.454 +-  2.952
 329 Q   0.33595 0.33528 0.32878 ( 1)  2.454 +-  2.952
 330 I   0.33595 0.33528 0.32876 ( 1)  2.454 +-  2.952
 331 I   0.33596 0.33529 0.32875 ( 1)  2.454 +-  2.952
 332 E   0.33596 0.33529 0.32876 ( 1)  2.454 +-  2.952
 333 I   0.33596 0.33529 0.32875 ( 1)  2.454 +-  2.952
 334 W   0.33594 0.33527 0.32878 ( 1)  2.454 +-  2.952
 335 K   0.33596 0.33529 0.32875 ( 1)  2.454 +-  2.952
 336 D   0.33597 0.33529 0.32874 ( 1)  2.454 +-  2.952
 337 F   0.33597 0.33529 0.32874 ( 1)  2.454 +-  2.952
 338 Q   0.33596 0.33529 0.32875 ( 1)  2.454 +-  2.952
 339 N   0.33597 0.33529 0.32874 ( 1)  2.454 +-  2.952
 340 E   0.33596 0.33529 0.32876 ( 1)  2.454 +-  2.952
 341 L   0.33596 0.33528 0.32876 ( 1)  2.454 +-  2.952
 342 P   0.33595 0.33528 0.32877 ( 1)  2.454 +-  2.952
 343 N   0.33597 0.33529 0.32874 ( 1)  2.454 +-  2.952
 344 A   0.33595 0.33528 0.32877 ( 1)  2.454 +-  2.952
 345 C   0.33595 0.33528 0.32876 ( 1)  2.454 +-  2.952
 346 E   0.33596 0.33529 0.32876 ( 1)  2.454 +-  2.952
 347 V   0.33595 0.33528 0.32876 ( 1)  2.454 +-  2.952
 348 L   0.33595 0.33528 0.32876 ( 1)  2.454 +-  2.952
 349 E   0.33596 0.33529 0.32876 ( 1)  2.454 +-  2.952
 350 H   0.33596 0.33529 0.32875 ( 1)  2.454 +-  2.952
 351 D   0.33597 0.33529 0.32874 ( 1)  2.454 +-  2.952
 352 D   0.33597 0.33529 0.32874 ( 1)  2.454 +-  2.952
 353 T   0.33595 0.33528 0.32876 ( 1)  2.454 +-  2.952
 354 L   0.33596 0.33528 0.32876 ( 1)  2.454 +-  2.952
 355 Y   0.33594 0.33527 0.32879 ( 1)  2.454 +-  2.952
 356 T   0.33595 0.33528 0.32876 ( 1)  2.454 +-  2.952
 357 G   0.33595 0.33528 0.32878 ( 1)  2.454 +-  2.952
 358 S   0.33594 0.33528 0.32878 ( 1)  2.454 +-  2.952
 359 F   0.33597 0.33529 0.32874 ( 1)  2.454 +-  2.952
 360 Y   0.33596 0.33529 0.32875 ( 1)  2.454 +-  2.952
 361 L   0.33595 0.33528 0.32876 ( 1)  2.454 +-  2.952
 362 P   0.33595 0.33528 0.32877 ( 1)  2.454 +-  2.952
 363 Y   0.33594 0.33527 0.32879 ( 1)  2.454 +-  2.952
 364 I   0.33596 0.33529 0.32875 ( 1)  2.454 +-  2.952
 365 G   0.33595 0.33528 0.32877 ( 1)  2.454 +-  2.952
 366 R   0.33595 0.33528 0.32877 ( 1)  2.454 +-  2.952
 367 L   0.33596 0.33528 0.32876 ( 1)  2.454 +-  2.952
 368 R   0.33595 0.33528 0.32877 ( 1)  2.454 +-  2.952
 369 R   0.33595 0.33528 0.32877 ( 1)  2.454 +-  2.952
 370 L   0.33595 0.33528 0.32877 ( 1)  2.454 +-  2.952
 371 S   0.33594 0.33527 0.32879 ( 1)  2.454 +-  2.952
 372 N   0.33597 0.33529 0.32874 ( 1)  2.454 +-  2.952

Positively selected sites

	Prob(w>1)  mean w


