Supplemental results for CODEML (seqf: algn  treef: tree)


dN/dS (w) for site classes (K=3)

p:   0.13691  0.00000  0.86309
w:   1.00000  1.00000 430.40013

Naive Empirical Bayes (NEB) probabilities for 3 classes & postmean_w & P(w>1)
(amino acids refer to 1st sequence: Mlig.20641)

   1 M   0.86218 0.00000 0.13782 ( 1) 60.179  0.138
   2 Y   0.69425 0.00000 0.30575 ( 1) 132.288  0.306
   3 S   0.88390 0.00000 0.11610 ( 1) 50.854  0.116
   4 T   0.90823 0.00000 0.09177 ( 1) 40.408  0.092
   5 K   0.76084 0.00000 0.23916 ( 1) 103.695  0.239
   6 I   0.69688 0.00000 0.30312 ( 1) 131.158  0.303
   7 I   0.69688 0.00000 0.30312 ( 1) 131.158  0.303
   8 L   0.94249 0.00000 0.05751 ( 1) 25.695  0.058
   9 I   0.79340 0.00000 0.20660 ( 1) 89.713  0.207
  10 I   0.69688 0.00000 0.30312 ( 1) 131.158  0.303
  11 S   0.94266 0.00000 0.05734 ( 1) 25.623  0.057
  12 I   0.69688 0.00000 0.30312 ( 1) 131.158  0.303
  13 L   0.20111 0.00000 0.79889 ( 3) 344.043  0.799
  14 Y   0.88529 0.00000 0.11471 ( 1) 50.258  0.115
  15 F   0.72489 0.00000 0.27511 ( 1) 119.131  0.275
  16 V   0.92904 0.00000 0.07096 ( 1) 31.472  0.071
  17 C   0.85178 0.00000 0.14822 ( 1) 64.647  0.148
  18 E   0.87047 0.00000 0.12953 ( 1) 56.621  0.130
  19 E   0.87047 0.00000 0.12953 ( 1) 56.621  0.130
  20 C   0.85178 0.00000 0.14822 ( 1) 64.647  0.148
  21 L   0.88198 0.00000 0.11802 ( 1) 51.678  0.118
  22 C   0.85178 0.00000 0.14822 ( 1) 64.647  0.148
  23 R   0.94598 0.00000 0.05402 ( 1) 24.197  0.054
  24 T   0.78382 0.00000 0.21618 ( 1) 93.827  0.216
  25 S   0.88390 0.00000 0.11610 ( 1) 50.854  0.116
  26 I   0.01499 0.00000 0.98501 ( 3) 423.963  0.985
  27 C   0.01302 0.00000 0.98698 ( 3) 424.811  0.987
  28 V   0.00055 0.00000 0.99945 ( 3) 430.164  0.999
  29 Y   0.00285 0.00000 0.99715 ( 3) 429.177  0.997
  30 S   0.00346 0.00000 0.99654 ( 3) 428.916  0.997
  31 P   0.19281 0.00000 0.80719 ( 3) 347.609  0.807
  32 H   0.01760 0.00000 0.98240 ( 3) 422.842  0.982
  33 I   0.18695 0.00000 0.81305 ( 3) 350.122  0.813
  34 M   0.00066 0.00000 0.99934 ( 3) 430.115  0.999
  35 D   0.01700 0.00000 0.98300 ( 3) 423.101  0.983
  36 F   0.00017 0.00000 0.99983 ( 3) 430.328  1.000
  37 P   0.00016 0.00000 0.99984 ( 3) 430.333  1.000
  38 V   0.00033 0.00000 0.99967 ( 3) 430.260  1.000
  39 S   0.00572 0.00000 0.99428 ( 3) 427.944  0.994
  40 M   0.00029 0.00000 0.99971 ( 3) 430.277  1.000
  41 E   0.00040 0.00000 0.99960 ( 3) 430.230  1.000
  42 S   0.14790 0.00000 0.85210 ( 3) 366.890  0.852
  43 F   0.00050 0.00000 0.99950 ( 3) 430.186  1.000
  44 E   0.00041 0.00000 0.99959 ( 3) 430.223  1.000
  45 P   0.00069 0.00000 0.99931 ( 3) 430.102  0.999
  46 K   0.18460 0.00000 0.81540 ( 3) 351.132  0.815
  47 N   0.00659 0.00000 0.99341 ( 3) 427.569  0.993
  48 D   0.00858 0.00000 0.99142 ( 3) 426.717  0.991
  49 Y   0.00680 0.00000 0.99320 ( 3) 427.481  0.993
  50 S   0.00680 0.00000 0.99320 ( 3) 427.481  0.993
  51 Y   0.15455 0.00000 0.84545 ( 3) 364.034  0.845
  52 C   0.00019 0.00000 0.99981 ( 3) 430.318  1.000
  53 Q   0.86983 0.00000 0.13017 ( 1) 56.897  0.130
  54 Q   0.01498 0.00000 0.98502 ( 3) 423.969  0.985
  55 N   0.00085 0.00000 0.99915 ( 3) 430.035  0.999
  56 L   0.01252 0.00000 0.98748 ( 3) 425.024  0.987
  57 I   0.00059 0.00000 0.99941 ( 3) 430.145  0.999
  58 S   0.21581 0.00000 0.78419 ( 3) 337.733  0.784
  59 S   0.00037 0.00000 0.99963 ( 3) 430.241  1.000
  60 D   0.00066 0.00000 0.99934 ( 3) 430.115  0.999
  61 M   0.20382 0.00000 0.79618 ( 3) 342.880  0.796
  62 I   0.01224 0.00000 0.98776 ( 3) 425.142  0.988
  63 K   0.00728 0.00000 0.99272 ( 3) 427.275  0.993
  64 A   0.00005 0.00000 0.99995 ( 3) 430.377  1.000
  65 W   0.00026 0.00000 0.99974 ( 3) 430.290  1.000
  66 N   0.14505 0.00000 0.85495 ( 3) 368.116  0.855
  67 S   0.14505 0.00000 0.85495 ( 3) 368.116  0.855
  68 N   0.00046 0.00000 0.99954 ( 3) 430.204  1.000
  69 V   0.00038 0.00000 0.99962 ( 3) 430.239  1.000
  70 H   0.01293 0.00000 0.98707 ( 3) 424.849  0.987
  71 V   0.00042 0.00000 0.99958 ( 3) 430.221  1.000
  72 S   0.00059 0.00000 0.99941 ( 3) 430.145  0.999
  73 I   0.18695 0.00000 0.81305 ( 3) 350.122  0.813
  74 M   0.01436 0.00000 0.98564 ( 3) 424.234  0.986
  75 F   0.00033 0.00000 0.99967 ( 3) 430.260  1.000
  76 H   0.21433 0.00000 0.78567 ( 3) 338.366  0.786
  77 Q   0.00572 0.00000 0.99428 ( 3) 427.946  0.994
  78 L   0.00041 0.00000 0.99959 ( 3) 430.222  1.000
  79 Y   0.18958 0.00000 0.81042 ( 3) 348.996  0.810
  80 S   0.19801 0.00000 0.80199 ( 3) 345.374  0.802
  81 C   0.00042 0.00000 0.99958 ( 3) 430.222  1.000
  82 V   0.00564 0.00000 0.99436 ( 3) 427.977  0.994
  83 M   0.00991 0.00000 0.99009 ( 3) 426.147  0.990
  84 V   0.01088 0.00000 0.98912 ( 3) 425.730  0.989
  85 E   0.01128 0.00000 0.98872 ( 3) 425.555  0.989
  86 N   0.00026 0.00000 0.99974 ( 3) 430.288  1.000
  87 G   0.00015 0.00000 0.99985 ( 3) 430.335  1.000
  88 S   0.01053 0.00000 0.98947 ( 3) 425.878  0.989
  89 Y   0.00030 0.00000 0.99970 ( 3) 430.271  1.000
  90 L   0.00721 0.00000 0.99279 ( 3) 427.306  0.993
  91 K   0.15774 0.00000 0.84226 ( 3) 362.665  0.842
  92 R   0.01063 0.00000 0.98937 ( 3) 425.835  0.989
  93 N   0.00940 0.00000 0.99060 ( 3) 426.362  0.991
  94 E   0.00006 0.00000 0.99994 ( 3) 430.376  1.000
  95 S   0.00704 0.00000 0.99296 ( 3) 427.376  0.993
  96 C   0.19160 0.00000 0.80840 ( 3) 348.126  0.808
  97 F   0.00112 0.00000 0.99888 ( 3) 429.919  0.999
  98 E   0.19461 0.00000 0.80539 ( 3) 346.834  0.805
  99 D   0.18693 0.00000 0.81307 ( 3) 350.131  0.813
 100 V   0.00023 0.00000 0.99977 ( 3) 430.303  1.000
 101 K   0.20262 0.00000 0.79738 ( 3) 343.396  0.797
 102 Q   0.91478 0.00000 0.08522 ( 1) 37.592  0.085
 103 Q   0.00033 0.00000 0.99967 ( 3) 430.259  1.000
 104 F   0.00837 0.00000 0.99163 ( 3) 426.806  0.992
 105 R   0.00465 0.00000 0.99535 ( 3) 428.405  0.995
 106 H   0.00680 0.00000 0.99320 ( 3) 427.481  0.993
 107 L   0.18558 0.00000 0.81442 ( 3) 350.713  0.814
 108 I   0.17340 0.00000 0.82660 ( 3) 355.943  0.827
 109 N   0.18460 0.00000 0.81540 ( 3) 351.132  0.815
 110 K   0.00980 0.00000 0.99020 ( 3) 426.193  0.990
 111 P   0.16254 0.00000 0.83746 ( 3) 360.604  0.837
 112 L   0.00008 0.00000 0.99992 ( 3) 430.366  1.000
 113 C   0.16043 0.00000 0.83957 ( 3) 361.511  0.840
 114 C   0.01257 0.00000 0.98743 ( 3) 425.003  0.987
 115 T   0.01143 0.00000 0.98857 ( 3) 425.492  0.989
 116 I   0.01778 0.00000 0.98222 ( 3) 422.765  0.982
 117 N   0.00080 0.00000 0.99920 ( 3) 430.055  0.999
 118 L   0.00026 0.00000 0.99974 ( 3) 430.288  1.000
 119 P   0.00031 0.00000 0.99969 ( 3) 430.269  1.000
 120 L   0.00010 0.00000 0.99990 ( 3) 430.359  1.000
 121 E   0.01055 0.00000 0.98945 ( 3) 425.869  0.989
 122 H   0.00028 0.00000 0.99972 ( 3) 430.279  1.000
 123 S   0.00514 0.00000 0.99486 ( 3) 428.192  0.995
 124 K   0.00009 0.00000 0.99991 ( 3) 430.361  1.000
 125 C   0.00537 0.00000 0.99463 ( 3) 428.096  0.995
 126 Y   0.00099 0.00000 0.99901 ( 3) 429.975  0.999
 127 M   0.00057 0.00000 0.99943 ( 3) 430.157  0.999
 128 S   0.01146 0.00000 0.98854 ( 3) 425.480  0.989
 129 T   0.01525 0.00000 0.98475 ( 3) 423.851  0.985
 130 N   0.14369 0.00000 0.85631 ( 3) 368.698  0.856
 131 D   0.00049 0.00000 0.99951 ( 3) 430.191  1.000
 132 L   0.00031 0.00000 0.99969 ( 3) 430.267  1.000
 133 C   0.00054 0.00000 0.99946 ( 3) 430.169  0.999
 134 K   0.01243 0.00000 0.98757 ( 3) 425.063  0.988
 135 R   0.20550 0.00000 0.79450 ( 3) 342.160  0.795
 136 R   0.00855 0.00000 0.99145 ( 3) 426.729  0.991
 137 N   0.01271 0.00000 0.98729 ( 3) 424.941  0.987
 138 V   0.00079 0.00000 0.99921 ( 3) 430.059  0.999
 139 K   0.00571 0.00000 0.99429 ( 3) 427.948  0.994
 140 R   0.00676 0.00000 0.99324 ( 3) 427.496  0.993
 141 I   0.19595 0.00000 0.80405 ( 3) 346.260  0.804
 142 L   0.00096 0.00000 0.99904 ( 3) 429.988  0.999
 143 N   0.17950 0.00000 0.82050 ( 3) 353.322  0.820
 144 Y   0.17950 0.00000 0.82050 ( 3) 353.322  0.820
 145 N   0.00019 0.00000 0.99981 ( 3) 430.319  1.000
 146 A   0.00019 0.00000 0.99981 ( 3) 430.319  1.000
 147 N   0.00011 0.00000 0.99989 ( 3) 430.354  1.000
 148 G   0.00011 0.00000 0.99989 ( 3) 430.354  1.000
 149 N   0.00585 0.00000 0.99415 ( 3) 427.886  0.994
 150 S   0.00019 0.00000 0.99981 ( 3) 430.320  1.000
 151 L   0.00035 0.00000 0.99965 ( 3) 430.249  1.000
 152 A   0.00036 0.00000 0.99964 ( 3) 430.248  1.000
 153 I   0.01778 0.00000 0.98222 ( 3) 422.765  0.982
 154 N   0.01525 0.00000 0.98475 ( 3) 423.851  0.985
 155 T   0.01062 0.00000 0.98938 ( 3) 425.839  0.989
 156 I   0.00031 0.00000 0.99969 ( 3) 430.268  1.000
 157 C   0.00028 0.00000 0.99972 ( 3) 430.279  1.000
 158 N   0.01250 0.00000 0.98750 ( 3) 425.035  0.988
 159 Q   0.91478 0.00000 0.08522 ( 1) 37.592  0.085
 160 Q   0.00961 0.00000 0.99039 ( 3) 426.273  0.990
 161 L   0.01248 0.00000 0.98752 ( 3) 425.042  0.988
 162 Y   0.00565 0.00000 0.99435 ( 3) 427.974  0.994
 163 Q   0.00231 0.00000 0.99769 ( 3) 429.409  0.998
 164 Y   0.00023 0.00000 0.99977 ( 3) 430.303  1.000
 165 T   0.00860 0.00000 0.99140 ( 3) 426.709  0.991
 166 E   0.00025 0.00000 0.99975 ( 3) 430.291  1.000
 167 C   0.01285 0.00000 0.98715 ( 3) 424.882  0.987
 168 N   0.14539 0.00000 0.85461 ( 3) 367.969  0.855
 169 N   0.00036 0.00000 0.99964 ( 3) 430.246  1.000
 170 L   0.00046 0.00000 0.99954 ( 3) 430.205  1.000
 171 H   0.18047 0.00000 0.81953 ( 3) 352.908  0.820
 172 N   0.14369 0.00000 0.85631 ( 3) 368.698  0.856
 173 D   0.01273 0.00000 0.98727 ( 3) 424.933  0.987
 174 K   0.19605 0.00000 0.80395 ( 3) 346.215  0.804
 175 Q   0.00083 0.00000 0.99917 ( 3) 430.043  0.999
 176 T   0.00068 0.00000 0.99932 ( 3) 430.108  0.999
 177 S   0.00057 0.00000 0.99943 ( 3) 430.154  0.999
 178 N   0.02036 0.00000 0.97964 ( 3) 421.659  0.980
 179 F   0.00658 0.00000 0.99342 ( 3) 427.577  0.993
 180 C   0.00009 0.00000 0.99991 ( 3) 430.361  1.000
 181 K   0.00877 0.00000 0.99123 ( 3) 426.634  0.991
 182 V   0.00010 0.00000 0.99990 ( 3) 430.356  1.000
 183 W   0.00008 0.00000 0.99992 ( 3) 430.368  1.000
 184 N   0.19718 0.00000 0.80282 ( 3) 345.733  0.803
 185 K   0.18009 0.00000 0.81991 ( 3) 353.069  0.820
 186 N   0.01778 0.00000 0.98222 ( 3) 422.765  0.982
 187 I   0.19681 0.00000 0.80319 ( 3) 345.889  0.803
 188 L   0.00753 0.00000 0.99247 ( 3) 427.169  0.992
 189 T   0.00864 0.00000 0.99136 ( 3) 426.689  0.991
 190 L   0.00096 0.00000 0.99904 ( 3) 429.988  0.999
 191 N   0.17950 0.00000 0.82050 ( 3) 353.322  0.820
 192 Y   0.00055 0.00000 0.99945 ( 3) 430.164  0.999
 193 V   0.00707 0.00000 0.99293 ( 3) 427.365  0.993
 194 S   0.00954 0.00000 0.99046 ( 3) 426.302  0.990
 195 F   0.00023 0.00000 0.99977 ( 3) 430.300  1.000
 196 G   0.00386 0.00000 0.99614 ( 3) 428.743  0.996
 197 C   0.00009 0.00000 0.99991 ( 3) 430.362  1.000
 198 L   0.00035 0.00000 0.99965 ( 3) 430.250  1.000
 199 T   0.00012 0.00000 0.99988 ( 3) 430.347  1.000
 200 R   0.97128 0.00000 0.02872 ( 1) 13.333  0.029
 201 R   0.00323 0.00000 0.99677 ( 3) 429.012  0.997
 202 Q   0.00007 0.00000 0.99993 ( 3) 430.369  1.000
 203 L   0.01600 0.00000 0.98400 ( 3) 423.530  0.984
 204 I   0.00742 0.00000 0.99258 ( 3) 427.212  0.993
 205 A   0.00654 0.00000 0.99346 ( 3) 427.594  0.993
 206 D   0.00632 0.00000 0.99368 ( 3) 427.685  0.994
 207 S   0.00478 0.00000 0.99522 ( 3) 428.346  0.995
 208 P   0.00641 0.00000 0.99359 ( 3) 427.648  0.994
 209 S   0.00494 0.00000 0.99506 ( 3) 428.278  0.995
 210 A   0.00489 0.00000 0.99511 ( 3) 428.299  0.995
 211 E   0.00007 0.00000 0.99993 ( 3) 430.368  1.000
 212 S   0.00632 0.00000 0.99368 ( 3) 427.685  0.994
 213 D   0.21645 0.00000 0.78355 ( 3) 337.458  0.784
 214 A   0.00363 0.00000 0.99637 ( 3) 428.842  0.996
 215 T   0.00376 0.00000 0.99624 ( 3) 428.784  0.996
 216 V   0.00031 0.00000 0.99969 ( 3) 430.267  1.000
 217 S   0.00023 0.00000 0.99977 ( 3) 430.301  1.000
 218 L   0.16333 0.00000 0.83667 ( 3) 360.268  0.837
 219 L   0.00023 0.00000 0.99977 ( 3) 430.299  1.000
 220 A   0.00365 0.00000 0.99635 ( 3) 428.831  0.996
 221 G   0.00005 0.00000 0.99995 ( 3) 430.377  1.000
 222 S   0.00954 0.00000 0.99046 ( 3) 426.302  0.990
 223 F   0.00658 0.00000 0.99342 ( 3) 427.577  0.993
 224 C   0.00329 0.00000 0.99671 ( 3) 428.987  0.997
 225 H   0.00571 0.00000 0.99429 ( 3) 427.946  0.994
 226 L   0.00350 0.00000 0.99650 ( 3) 428.897  0.996
 227 S   0.17030 0.00000 0.82970 ( 3) 357.275  0.830
 228 P   0.00004 0.00000 0.99996 ( 3) 430.384  1.000
 229 G   0.00333 0.00000 0.99667 ( 3) 428.971  0.997
 230 R   0.01063 0.00000 0.98937 ( 3) 425.835  0.989
 231 N   0.01285 0.00000 0.98715 ( 3) 424.882  0.987

Positively selected sites

	Prob(w>1)  mean w

    13 L      0.799         344.043
    26 I      0.985*        423.963
    27 C      0.987*        424.811
    28 V      0.999**       430.164
    29 Y      0.997**       429.177
    30 S      0.997**       428.916
    31 P      0.807         347.609
    32 H      0.982*        422.842
    33 I      0.813         350.122
    34 M      0.999**       430.115
    35 D      0.983*        423.101
    36 F      1.000**       430.328
    37 P      1.000**       430.333
    38 V      1.000**       430.260
    39 S      0.994**       427.944
    40 M      1.000**       430.277
    41 E      1.000**       430.230
    42 S      0.852         366.890
    43 F      1.000**       430.186
    44 E      1.000**       430.223
    45 P      0.999**       430.102
    46 K      0.815         351.132
    47 N      0.993**       427.569
    48 D      0.991**       426.717
    49 Y      0.993**       427.481
    50 S      0.993**       427.481
    51 Y      0.845         364.034
    52 C      1.000**       430.318
    54 Q      0.985*        423.969
    55 N      0.999**       430.035
    56 L      0.987*        425.024
    57 I      0.999**       430.145
    58 S      0.784         337.733
    59 S      1.000**       430.241
    60 D      0.999**       430.115
    61 M      0.796         342.880
    62 I      0.988*        425.142
    63 K      0.993**       427.275
    64 A      1.000**       430.377
    65 W      1.000**       430.290
    66 N      0.855         368.116
    67 S      0.855         368.116
    68 N      1.000**       430.204
    69 V      1.000**       430.239
    70 H      0.987*        424.849
    71 V      1.000**       430.221
    72 S      0.999**       430.145
    73 I      0.813         350.122
    74 M      0.986*        424.234
    75 F      1.000**       430.260
    76 H      0.786         338.366
    77 Q      0.994**       427.946
    78 L      1.000**       430.222
    79 Y      0.810         348.996
    80 S      0.802         345.374
    81 C      1.000**       430.222
    82 V      0.994**       427.977
    83 M      0.990**       426.147
    84 V      0.989*        425.730
    85 E      0.989*        425.555
    86 N      1.000**       430.288
    87 G      1.000**       430.335
    88 S      0.989*        425.878
    89 Y      1.000**       430.271
    90 L      0.993**       427.306
    91 K      0.842         362.665
    92 R      0.989*        425.835
    93 N      0.991**       426.362
    94 E      1.000**       430.376
    95 S      0.993**       427.376
    96 C      0.808         348.126
    97 F      0.999**       429.919
    98 E      0.805         346.834
    99 D      0.813         350.131
   100 V      1.000**       430.303
   101 K      0.797         343.396
   103 Q      1.000**       430.259
   104 F      0.992**       426.806
   105 R      0.995**       428.405
   106 H      0.993**       427.481
   107 L      0.814         350.713
   108 I      0.827         355.943
   109 N      0.815         351.132
   110 K      0.990**       426.193
   111 P      0.837         360.604
   112 L      1.000**       430.366
   113 C      0.840         361.511
   114 C      0.987*        425.003
   115 T      0.989*        425.492
   116 I      0.982*        422.765
   117 N      0.999**       430.055
   118 L      1.000**       430.288
   119 P      1.000**       430.269
   120 L      1.000**       430.359
   121 E      0.989*        425.869
   122 H      1.000**       430.279
   123 S      0.995**       428.192
   124 K      1.000**       430.361
   125 C      0.995**       428.096
   126 Y      0.999**       429.975
   127 M      0.999**       430.157
   128 S      0.989*        425.480
   129 T      0.985*        423.851
   130 N      0.856         368.698
   131 D      1.000**       430.191
   132 L      1.000**       430.267
   133 C      0.999**       430.169
   134 K      0.988*        425.063
   135 R      0.795         342.160
   136 R      0.991**       426.729
   137 N      0.987*        424.941
   138 V      0.999**       430.059
   139 K      0.994**       427.948
   140 R      0.993**       427.496
   141 I      0.804         346.260
   142 L      0.999**       429.988
   143 N      0.820         353.322
   144 Y      0.820         353.322
   145 N      1.000**       430.319
   146 A      1.000**       430.319
   147 N      1.000**       430.354
   148 G      1.000**       430.354
   149 N      0.994**       427.886
   150 S      1.000**       430.320
   151 L      1.000**       430.249
   152 A      1.000**       430.248
   153 I      0.982*        422.765
   154 N      0.985*        423.851
   155 T      0.989*        425.839
   156 I      1.000**       430.268
   157 C      1.000**       430.279
   158 N      0.988*        425.035
   160 Q      0.990**       426.273
   161 L      0.988*        425.042
   162 Y      0.994**       427.974
   163 Q      0.998**       429.409
   164 Y      1.000**       430.303
   165 T      0.991**       426.709
   166 E      1.000**       430.291
   167 C      0.987*        424.882
   168 N      0.855         367.969
   169 N      1.000**       430.246
   170 L      1.000**       430.205
   171 H      0.820         352.908
   172 N      0.856         368.698
   173 D      0.987*        424.933
   174 K      0.804         346.215
   175 Q      0.999**       430.043
   176 T      0.999**       430.108
   177 S      0.999**       430.154
   178 N      0.980*        421.659
   179 F      0.993**       427.577
   180 C      1.000**       430.361
   181 K      0.991**       426.634
   182 V      1.000**       430.356
   183 W      1.000**       430.368
   184 N      0.803         345.733
   185 K      0.820         353.069
   186 N      0.982*        422.765
   187 I      0.803         345.889
   188 L      0.992**       427.169
   189 T      0.991**       426.689
   190 L      0.999**       429.988
   191 N      0.820         353.322
   192 Y      0.999**       430.164
   193 V      0.993**       427.365
   194 S      0.990**       426.302
   195 F      1.000**       430.300
   196 G      0.996**       428.743
   197 C      1.000**       430.362
   198 L      1.000**       430.250
   199 T      1.000**       430.347
   201 R      0.997**       429.012
   202 Q      1.000**       430.369
   203 L      0.984*        423.530
   204 I      0.993**       427.212
   205 A      0.993**       427.594
   206 D      0.994**       427.685
   207 S      0.995**       428.346
   208 P      0.994**       427.648
   209 S      0.995**       428.278
   210 A      0.995**       428.299
   211 E      1.000**       430.368
   212 S      0.994**       427.685
   213 D      0.784         337.458
   214 A      0.996**       428.842
   215 T      0.996**       428.784
   216 V      1.000**       430.267
   217 S      1.000**       430.301
   218 L      0.837         360.268
   219 L      1.000**       430.299
   220 A      0.996**       428.831
   221 G      1.000**       430.377
   222 S      0.990**       426.302
   223 F      0.993**       427.577
   224 C      0.997**       428.987
   225 H      0.994**       427.946
   226 L      0.996**       428.897
   227 S      0.830         357.275
   228 P      1.000**       430.384
   229 G      0.997**       428.971
   230 R      0.989*        425.835
   231 N      0.987*        424.882


lnL = -1779.041512

Bayes Empirical Bayes (BEB) probabilities for 3 classes (class) & postmean_w
(amino acids refer to 1st sequence: Mlig.20641)

   1 M   0.22601 0.19257 0.58142 ( 3)  6.404 +-  4.832
   2 Y   0.17568 0.14647 0.67785 ( 3)  7.346 +-  4.579
   3 S   0.07999 0.07557 0.84443 ( 3)  8.981 +-  3.542
   4 T   0.09922 0.09240 0.80838 ( 3)  8.628 +-  3.847
   5 K   0.18634 0.15802 0.65564 ( 3)  7.130 +-  4.654
   6 I   0.18951 0.15591 0.65458 ( 3)  7.118 +-  4.661
   7 I   0.18951 0.15591 0.65458 ( 3)  7.118 +-  4.661
   8 L   0.08005 0.07587 0.84408 ( 3)  8.978 +-  3.545
   9 I   0.15250 0.13376 0.71374 ( 3)  7.700 +-  4.424
  10 I   0.18951 0.15591 0.65458 ( 3)  7.118 +-  4.661
  11 S   0.11950 0.11012 0.77038 ( 3)  8.257 +-  4.112
  12 I   0.18951 0.15591 0.65458 ( 3)  7.118 +-  4.661
  13 L   0.08743 0.07908 0.83350 ( 3)  8.873 +-  3.644
  14 Y   0.08949 0.08375 0.82676 ( 3)  8.808 +-  3.699
  15 F   0.20566 0.16599 0.62835 ( 3)  6.859 +-  4.738
  16 V   0.09272 0.08694 0.82035 ( 3)  8.745 +-  3.752
  17 C   0.21627 0.18491 0.59881 ( 3)  6.575 +-  4.800
  18 E   0.16225 0.14436 0.69339 ( 3)  7.502 +-  4.512
  19 E   0.16225 0.14436 0.69339 ( 3)  7.502 +-  4.512
  20 C   0.21627 0.18491 0.59881 ( 3)  6.575 +-  4.800
  21 L   0.14156 0.12794 0.73051 ( 3)  7.866 +-  4.340
  22 C   0.21627 0.18491 0.59881 ( 3)  6.575 +-  4.800
  23 R   0.07383 0.07038 0.85579 ( 3)  9.092 +-  3.432
  24 T   0.19834 0.16830 0.63336 ( 3)  6.912 +-  4.720
  25 S   0.07999 0.07557 0.84443 ( 3)  8.981 +-  3.542
  26 I   0.00087 0.00248 0.99666 ( 3) 10.468 +-  0.552
  27 C   0.00069 0.00200 0.99731 ( 3) 10.474 +-  0.495
  28 V   0.00035 0.00101 0.99864 ( 3) 10.487 +-  0.352
  29 Y   0.00172 0.00340 0.99488 ( 3) 10.451 +-  0.686
  30 S   0.00297 0.00588 0.99115 ( 3) 10.415 +-  0.901
  31 P   0.01288 0.02374 0.96338 ( 3) 10.147 +-  1.809
  32 H   0.00108 0.00305 0.99588 ( 3) 10.461 +-  0.613
  33 I   0.01839 0.03323 0.94839 ( 3) 10.003 +-  2.131
  34 M   0.00007 0.00028 0.99965 ( 3) 10.497 +-  0.178
  35 D   0.00105 0.00298 0.99598 ( 3) 10.462 +-  0.606
  36 F   0.00010 0.00030 0.99960 ( 3) 10.496 +-  0.190
  37 P   0.00012 0.00036 0.99953 ( 3) 10.495 +-  0.208
  38 V   0.00012 0.00039 0.99949 ( 3) 10.495 +-  0.216
  39 S   0.00040 0.00119 0.99840 ( 3) 10.485 +-  0.382
  40 M   0.00006 0.00020 0.99974 ( 3) 10.497 +-  0.155
  41 E   0.00006 0.00022 0.99972 ( 3) 10.497 +-  0.159
  42 S   0.01081 0.02004 0.96915 ( 3) 10.203 +-  1.665
  43 F   0.00007 0.00025 0.99968 ( 3) 10.497 +-  0.170
  44 E   0.00006 0.00023 0.99971 ( 3) 10.497 +-  0.162
  45 P   0.00008 0.00028 0.99964 ( 3) 10.497 +-  0.180
  46 K   0.01750 0.03138 0.95112 ( 3) 10.029 +-  2.077
  47 N   0.00196 0.00374 0.99430 ( 3) 10.445 +-  0.724
  48 D   0.00328 0.00620 0.99052 ( 3) 10.409 +-  0.932
  49 Y   0.00309 0.00585 0.99106 ( 3) 10.414 +-  0.906
  50 S   0.00309 0.00585 0.99106 ( 3) 10.414 +-  0.906
  51 Y   0.01047 0.01958 0.96995 ( 3) 10.211 +-  1.643
  52 C   0.00003 0.00013 0.99983 ( 3) 10.498 +-  0.123
  53 Q   0.17394 0.15334 0.67272 ( 3)  7.300 +-  4.592
  54 Q   0.00123 0.00347 0.99530 ( 3) 10.455 +-  0.655
  55 N   0.00015 0.00049 0.99936 ( 3) 10.494 +-  0.241
  56 L   0.00457 0.00858 0.98685 ( 3) 10.373 +-  1.096
  57 I   0.00018 0.00056 0.99926 ( 3) 10.493 +-  0.261
  58 S   0.07513 0.07097 0.85390 ( 3)  9.073 +-  3.451
  59 S   0.00035 0.00103 0.99862 ( 3) 10.487 +-  0.355
  60 D   0.00007 0.00028 0.99965 ( 3) 10.497 +-  0.178
  61 M   0.01141 0.02137 0.96722 ( 3) 10.185 +-  1.714
  62 I   0.00166 0.00367 0.99467 ( 3) 10.449 +-  0.699
  63 K   0.00047 0.00138 0.99815 ( 3) 10.482 +-  0.412
  64 A   0.00011 0.00033 0.99956 ( 3) 10.496 +-  0.202
  65 W   0.00004 0.00017 0.99979 ( 3) 10.498 +-  0.139
  66 N   0.01255 0.02290 0.96454 ( 3) 10.159 +-  1.781
  67 S   0.01255 0.02290 0.96454 ( 3) 10.159 +-  1.781
  68 N   0.00010 0.00032 0.99958 ( 3) 10.496 +-  0.195
  69 V   0.00010 0.00031 0.99960 ( 3) 10.496 +-  0.192
  70 H   0.00076 0.00218 0.99706 ( 3) 10.472 +-  0.518
  71 V   0.00014 0.00044 0.99942 ( 3) 10.494 +-  0.230
  72 S   0.00018 0.00056 0.99926 ( 3) 10.493 +-  0.261
  73 I   0.01839 0.03323 0.94839 ( 3) 10.003 +-  2.131
  74 M   0.00119 0.00336 0.99545 ( 3) 10.456 +-  0.644
  75 F   0.00018 0.00053 0.99929 ( 3) 10.493 +-  0.254
  76 H   0.00838 0.01599 0.97563 ( 3) 10.266 +-  1.484
  77 Q   0.00229 0.00447 0.99325 ( 3) 10.435 +-  0.788
  78 L   0.00013 0.00039 0.99949 ( 3) 10.495 +-  0.216
  79 Y   0.01262 0.02325 0.96412 ( 3) 10.155 +-  1.791
  80 S   0.01151 0.02153 0.96695 ( 3) 10.182 +-  1.721
  81 C   0.00011 0.00036 0.99953 ( 3) 10.496 +-  0.206
  82 V   0.00084 0.00216 0.99700 ( 3) 10.471 +-  0.524
  83 M   0.00105 0.00275 0.99620 ( 3) 10.464 +-  0.590
  84 V   0.00149 0.00358 0.99493 ( 3) 10.451 +-  0.681
  85 E   0.00101 0.00286 0.99613 ( 3) 10.463 +-  0.594
  86 N   0.00006 0.00022 0.99972 ( 3) 10.497 +-  0.161
  87 G   0.00011 0.00032 0.99957 ( 3) 10.496 +-  0.198
  88 S   0.00669 0.01261 0.98070 ( 3) 10.314 +-  1.324
  89 Y   0.00006 0.00023 0.99971 ( 3) 10.497 +-  0.163
  90 L   0.00059 0.00172 0.99769 ( 3) 10.478 +-  0.460
  91 K   0.00850 0.01609 0.97542 ( 3) 10.263 +-  1.490
  92 R   0.00093 0.00266 0.99641 ( 3) 10.466 +-  0.573
  93 N   0.00084 0.00240 0.99677 ( 3) 10.469 +-  0.543
  94 E   0.00007 0.00021 0.99972 ( 3) 10.497 +-  0.160
  95 S   0.00319 0.00611 0.99070 ( 3) 10.411 +-  0.924
  96 C   0.01381 0.02528 0.96091 ( 3) 10.124 +-  1.866
  97 F   0.00012 0.00044 0.99944 ( 3) 10.495 +-  0.226
  98 E   0.01595 0.02924 0.95480 ( 3) 10.065 +-  2.000
  99 D   0.01402 0.02559 0.96039 ( 3) 10.119 +-  1.878
 100 V   0.00009 0.00028 0.99964 ( 3) 10.497 +-  0.182
 101 K   0.00967 0.01826 0.97207 ( 3) 10.231 +-  1.586
 102 Q   0.13935 0.12652 0.73413 ( 3)  7.902 +-  4.321
 103 Q   0.00005 0.00019 0.99976 ( 3) 10.498 +-  0.149
 104 F   0.00053 0.00156 0.99791 ( 3) 10.480 +-  0.437
 105 R   0.00250 0.00479 0.99271 ( 3) 10.430 +-  0.818
 106 H   0.00323 0.00611 0.99066 ( 3) 10.410 +-  0.926
 107 L   0.01306 0.02403 0.96291 ( 3) 10.143 +-  1.820
 108 I   0.01593 0.02834 0.95573 ( 3) 10.074 +-  1.982
 109 N   0.01750 0.03138 0.95112 ( 3) 10.029 +-  2.077
 110 K   0.00055 0.00159 0.99786 ( 3) 10.480 +-  0.442
 111 P   0.00493 0.00960 0.98548 ( 3) 10.360 +-  1.151
 112 L   0.00009 0.00028 0.99962 ( 3) 10.496 +-  0.185
 113 C   0.06820 0.06170 0.87010 ( 3)  9.230 +-  3.288
 114 C   0.00068 0.00196 0.99736 ( 3) 10.475 +-  0.491
 115 T   0.00277 0.00529 0.99194 ( 3) 10.422 +-  0.860
 116 I   0.00244 0.00528 0.99227 ( 3) 10.426 +-  0.841
 117 N   0.00009 0.00033 0.99958 ( 3) 10.496 +-  0.194
 118 L   0.00005 0.00016 0.99979 ( 3) 10.498 +-  0.139
 119 P   0.00007 0.00021 0.99973 ( 3) 10.497 +-  0.158
 120 L   0.00005 0.00014 0.99981 ( 3) 10.498 +-  0.132
 121 E   0.00079 0.00228 0.99693 ( 3) 10.471 +-  0.529
 122 H   0.00012 0.00035 0.99953 ( 3) 10.496 +-  0.206
 123 S   0.00039 0.00115 0.99847 ( 3) 10.485 +-  0.374
 124 K   0.00003 0.00012 0.99986 ( 3) 10.499 +-  0.115
 125 C   0.00378 0.00725 0.98897 ( 3) 10.394 +-  1.005
 126 Y   0.00009 0.00036 0.99955 ( 3) 10.496 +-  0.202
 127 M   0.00007 0.00025 0.99968 ( 3) 10.497 +-  0.170
 128 S   0.00477 0.00893 0.98630 ( 3) 10.368 +-  1.119
 129 T   0.00205 0.00465 0.99330 ( 3) 10.436 +-  0.783
 130 N   0.01282 0.02331 0.96388 ( 3) 10.152 +-  1.797
 131 D   0.00010 0.00034 0.99956 ( 3) 10.496 +-  0.201
 132 L   0.00016 0.00048 0.99936 ( 3) 10.494 +-  0.242
 133 C   0.00007 0.00025 0.99968 ( 3) 10.497 +-  0.170
 134 K   0.00105 0.00298 0.99597 ( 3) 10.461 +-  0.606
 135 R   0.00994 0.01873 0.97134 ( 3) 10.224 +-  1.606
 136 R   0.00076 0.00219 0.99705 ( 3) 10.472 +-  0.519
 137 N   0.00081 0.00231 0.99688 ( 3) 10.470 +-  0.533
 138 V   0.00010 0.00035 0.99955 ( 3) 10.496 +-  0.203
 139 K   0.00122 0.00242 0.99636 ( 3) 10.465 +-  0.579
 140 R   0.00108 0.00257 0.99636 ( 3) 10.465 +-  0.578
 141 I   0.00994 0.01870 0.97136 ( 3) 10.224 +-  1.605
 142 L   0.00011 0.00040 0.99949 ( 3) 10.495 +-  0.216
 143 N   0.01574 0.02813 0.95613 ( 3) 10.078 +-  1.973
 144 Y   0.01574 0.02813 0.95613 ( 3) 10.078 +-  1.973
 145 N   0.00020 0.00059 0.99922 ( 3) 10.492 +-  0.268
 146 A   0.00020 0.00059 0.99922 ( 3) 10.492 +-  0.268
 147 N   0.00014 0.00041 0.99945 ( 3) 10.495 +-  0.224
 148 G   0.00014 0.00041 0.99945 ( 3) 10.495 +-  0.224
 149 N   0.00187 0.00359 0.99454 ( 3) 10.448 +-  0.709
 150 S   0.00003 0.00013 0.99984 ( 3) 10.498 +-  0.122
 151 L   0.00005 0.00020 0.99975 ( 3) 10.498 +-  0.152
 152 A   0.00012 0.00037 0.99951 ( 3) 10.495 +-  0.212
 153 I   0.00244 0.00528 0.99227 ( 3) 10.426 +-  0.841
 154 N   0.00205 0.00465 0.99330 ( 3) 10.436 +-  0.783
 155 T   0.00278 0.00531 0.99192 ( 3) 10.422 +-  0.862
 156 I   0.00021 0.00060 0.99919 ( 3) 10.492 +-  0.272
 157 C   0.00021 0.00063 0.99916 ( 3) 10.492 +-  0.277
 158 N   0.00100 0.00285 0.99614 ( 3) 10.463 +-  0.593
 159 Q   0.13935 0.12652 0.73413 ( 3)  7.902 +-  4.321
 160 Q   0.00116 0.00293 0.99591 ( 3) 10.461 +-  0.612
 161 L   0.00070 0.00203 0.99727 ( 3) 10.474 +-  0.499
 162 Y   0.00061 0.00177 0.99762 ( 3) 10.477 +-  0.466
 163 Q   0.00030 0.00091 0.99879 ( 3) 10.488 +-  0.333
 164 Y   0.00006 0.00022 0.99971 ( 3) 10.497 +-  0.161
 165 T   0.00051 0.00150 0.99799 ( 3) 10.481 +-  0.429
 166 E   0.00004 0.00016 0.99980 ( 3) 10.498 +-  0.136
 167 C   0.00081 0.00234 0.99685 ( 3) 10.470 +-  0.536
 168 N   0.04429 0.03887 0.91684 ( 3)  9.686 +-  2.703
 169 N   0.00006 0.00022 0.99973 ( 3) 10.497 +-  0.158
 170 L   0.00007 0.00024 0.99969 ( 3) 10.497 +-  0.168
 171 H   0.01617 0.02892 0.95491 ( 3) 10.066 +-  1.999
 172 N   0.01282 0.02331 0.96388 ( 3) 10.152 +-  1.797
 173 D   0.00110 0.00310 0.99580 ( 3) 10.460 +-  0.619
 174 K   0.01234 0.02287 0.96479 ( 3) 10.161 +-  1.775
 175 Q   0.00010 0.00036 0.99954 ( 3) 10.496 +-  0.206
 176 T   0.00010 0.00034 0.99956 ( 3) 10.496 +-  0.201
 177 S   0.00016 0.00050 0.99934 ( 3) 10.494 +-  0.246
 178 N   0.00132 0.00369 0.99499 ( 3) 10.452 +-  0.676
 179 F   0.00278 0.00529 0.99192 ( 3) 10.422 +-  0.861
 180 C   0.00003 0.00012 0.99986 ( 3) 10.499 +-  0.115
 181 K   0.00055 0.00159 0.99786 ( 3) 10.480 +-  0.442
 182 V   0.00008 0.00025 0.99967 ( 3) 10.497 +-  0.174
 183 W   0.00002 0.00009 0.99989 ( 3) 10.499 +-  0.102
 184 N   0.01450 0.02672 0.95877 ( 3) 10.103 +-  1.914
 185 K   0.01968 0.03492 0.94540 ( 3)  9.974 +-  2.189
 186 N   0.00244 0.00528 0.99227 ( 3) 10.426 +-  0.841
 187 I   0.00777 0.01477 0.97746 ( 3) 10.283 +-  1.429
 188 L   0.00037 0.00109 0.99854 ( 3) 10.486 +-  0.365
 189 T   0.00047 0.00139 0.99813 ( 3) 10.482 +-  0.413
 190 L   0.00011 0.00040 0.99949 ( 3) 10.495 +-  0.216
 191 N   0.01574 0.02813 0.95613 ( 3) 10.078 +-  1.973
 192 Y   0.00011 0.00037 0.99952 ( 3) 10.495 +-  0.209
 193 V   0.00035 0.00104 0.99861 ( 3) 10.487 +-  0.357
 194 S   0.00161 0.00365 0.99473 ( 3) 10.449 +-  0.695
 195 F   0.00008 0.00026 0.99966 ( 3) 10.497 +-  0.175
 196 G   0.00049 0.00123 0.99828 ( 3) 10.484 +-  0.397
 197 C   0.00007 0.00023 0.99970 ( 3) 10.497 +-  0.166
 198 L   0.00011 0.00034 0.99955 ( 3) 10.496 +-  0.203
 199 T   0.00021 0.00061 0.99918 ( 3) 10.492 +-  0.274
 200 R   0.06608 0.06350 0.87042 ( 3)  9.235 +-  3.280
 201 R   0.00057 0.00143 0.99800 ( 3) 10.481 +-  0.429
 202 Q   0.00006 0.00013 0.99981 ( 3) 10.498 +-  0.131
 203 L   0.00191 0.00442 0.99367 ( 3) 10.439 +-  0.761
 204 I   0.00047 0.00138 0.99816 ( 3) 10.482 +-  0.410
 205 A   0.00298 0.00568 0.99134 ( 3) 10.417 +-  0.892
 206 D   0.00028 0.00085 0.99887 ( 3) 10.489 +-  0.321
 207 S   0.00346 0.00681 0.98973 ( 3) 10.401 +-  0.970
 208 P   0.00412 0.00792 0.98795 ( 3) 10.384 +-  1.050
 209 S   0.00576 0.01104 0.98320 ( 3) 10.338 +-  1.237
 210 A   0.00069 0.00169 0.99763 ( 3) 10.477 +-  0.466
 211 E   0.00003 0.00011 0.99986 ( 3) 10.499 +-  0.114
 212 S   0.00028 0.00085 0.99887 ( 3) 10.489 +-  0.321
 213 D   0.00487 0.00949 0.98563 ( 3) 10.362 +-  1.145
 214 A   0.00297 0.00584 0.99119 ( 3) 10.415 +-  0.899
 215 T   0.00027 0.00080 0.99893 ( 3) 10.490 +-  0.313
 216 V   0.00010 0.00031 0.99959 ( 3) 10.496 +-  0.193
 217 S   0.00013 0.00037 0.99950 ( 3) 10.495 +-  0.214
 218 L   0.07546 0.07061 0.85393 ( 3)  9.073 +-  3.452
 219 L   0.00014 0.00042 0.99944 ( 3) 10.495 +-  0.227
 220 A   0.00455 0.00883 0.98663 ( 3) 10.371 +-  1.105
 221 G   0.00010 0.00030 0.99960 ( 3) 10.496 +-  0.191
 222 S   0.00161 0.00365 0.99473 ( 3) 10.449 +-  0.695
 223 F   0.00278 0.00529 0.99192 ( 3) 10.422 +-  0.861
 224 C   0.00024 0.00071 0.99905 ( 3) 10.491 +-  0.295
 225 H   0.00073 0.00178 0.99749 ( 3) 10.476 +-  0.480
 226 L   0.00051 0.00113 0.99835 ( 3) 10.484 +-  0.389
 227 S   0.00332 0.00658 0.99010 ( 3) 10.405 +-  0.952
 228 P   0.00009 0.00027 0.99964 ( 3) 10.497 +-  0.182
 229 G   0.00080 0.00188 0.99732 ( 3) 10.474 +-  0.496
 230 R   0.00093 0.00266 0.99641 ( 3) 10.466 +-  0.573
 231 N   0.00081 0.00234 0.99685 ( 3) 10.470 +-  0.536

Positively selected sites

	Prob(w>1)  mean w

     1 M      0.581         6.404 +- 4.832
     2 Y      0.678         7.346 +- 4.579
     3 S      0.844         8.981 +- 3.542
     4 T      0.808         8.628 +- 3.847
     5 K      0.656         7.130 +- 4.654
     6 I      0.655         7.118 +- 4.661
     7 I      0.655         7.118 +- 4.661
     8 L      0.844         8.978 +- 3.545
     9 I      0.714         7.700 +- 4.424
    10 I      0.655         7.118 +- 4.661
    11 S      0.770         8.257 +- 4.112
    12 I      0.655         7.118 +- 4.661
    13 L      0.833         8.873 +- 3.644
    14 Y      0.827         8.808 +- 3.699
    15 F      0.628         6.859 +- 4.738
    16 V      0.820         8.745 +- 3.752
    17 C      0.599         6.575 +- 4.800
    18 E      0.693         7.502 +- 4.512
    19 E      0.693         7.502 +- 4.512
    20 C      0.599         6.575 +- 4.800
    21 L      0.731         7.866 +- 4.340
    22 C      0.599         6.575 +- 4.800
    23 R      0.856         9.092 +- 3.432
    24 T      0.633         6.912 +- 4.720
    25 S      0.844         8.981 +- 3.542
    26 I      0.997**       10.468 +- 0.552
    27 C      0.997**       10.474 +- 0.495
    28 V      0.999**       10.487 +- 0.352
    29 Y      0.995**       10.451 +- 0.686
    30 S      0.991**       10.415 +- 0.901
    31 P      0.963*        10.147 +- 1.809
    32 H      0.996**       10.461 +- 0.613
    33 I      0.948         10.003 +- 2.131
    34 M      1.000**       10.497 +- 0.178
    35 D      0.996**       10.462 +- 0.606
    36 F      1.000**       10.496 +- 0.190
    37 P      1.000**       10.495 +- 0.208
    38 V      0.999**       10.495 +- 0.216
    39 S      0.998**       10.485 +- 0.382
    40 M      1.000**       10.497 +- 0.155
    41 E      1.000**       10.497 +- 0.159
    42 S      0.969*        10.203 +- 1.665
    43 F      1.000**       10.497 +- 0.170
    44 E      1.000**       10.497 +- 0.162
    45 P      1.000**       10.497 +- 0.180
    46 K      0.951*        10.029 +- 2.077
    47 N      0.994**       10.445 +- 0.724
    48 D      0.991**       10.409 +- 0.932
    49 Y      0.991**       10.414 +- 0.906
    50 S      0.991**       10.414 +- 0.906
    51 Y      0.970*        10.211 +- 1.643
    52 C      1.000**       10.498 +- 0.123
    53 Q      0.673         7.300 +- 4.592
    54 Q      0.995**       10.455 +- 0.655
    55 N      0.999**       10.494 +- 0.241
    56 L      0.987*        10.373 +- 1.096
    57 I      0.999**       10.493 +- 0.261
    58 S      0.854         9.073 +- 3.451
    59 S      0.999**       10.487 +- 0.355
    60 D      1.000**       10.497 +- 0.178
    61 M      0.967*        10.185 +- 1.714
    62 I      0.995**       10.449 +- 0.699
    63 K      0.998**       10.482 +- 0.412
    64 A      1.000**       10.496 +- 0.202
    65 W      1.000**       10.498 +- 0.139
    66 N      0.965*        10.159 +- 1.781
    67 S      0.965*        10.159 +- 1.781
    68 N      1.000**       10.496 +- 0.195
    69 V      1.000**       10.496 +- 0.192
    70 H      0.997**       10.472 +- 0.518
    71 V      0.999**       10.494 +- 0.230
    72 S      0.999**       10.493 +- 0.261
    73 I      0.948         10.003 +- 2.131
    74 M      0.995**       10.456 +- 0.644
    75 F      0.999**       10.493 +- 0.254
    76 H      0.976*        10.266 +- 1.484
    77 Q      0.993**       10.435 +- 0.788
    78 L      0.999**       10.495 +- 0.216
    79 Y      0.964*        10.155 +- 1.791
    80 S      0.967*        10.182 +- 1.721
    81 C      1.000**       10.496 +- 0.206
    82 V      0.997**       10.471 +- 0.524
    83 M      0.996**       10.464 +- 0.590
    84 V      0.995**       10.451 +- 0.681
    85 E      0.996**       10.463 +- 0.594
    86 N      1.000**       10.497 +- 0.161
    87 G      1.000**       10.496 +- 0.198
    88 S      0.981*        10.314 +- 1.324
    89 Y      1.000**       10.497 +- 0.163
    90 L      0.998**       10.478 +- 0.460
    91 K      0.975*        10.263 +- 1.490
    92 R      0.996**       10.466 +- 0.573
    93 N      0.997**       10.469 +- 0.543
    94 E      1.000**       10.497 +- 0.160
    95 S      0.991**       10.411 +- 0.924
    96 C      0.961*        10.124 +- 1.866
    97 F      0.999**       10.495 +- 0.226
    98 E      0.955*        10.065 +- 2.000
    99 D      0.960*        10.119 +- 1.878
   100 V      1.000**       10.497 +- 0.182
   101 K      0.972*        10.231 +- 1.586
   102 Q      0.734         7.902 +- 4.321
   103 Q      1.000**       10.498 +- 0.149
   104 F      0.998**       10.480 +- 0.437
   105 R      0.993**       10.430 +- 0.818
   106 H      0.991**       10.410 +- 0.926
   107 L      0.963*        10.143 +- 1.820
   108 I      0.956*        10.074 +- 1.982
   109 N      0.951*        10.029 +- 2.077
   110 K      0.998**       10.480 +- 0.442
   111 P      0.985*        10.360 +- 1.151
   112 L      1.000**       10.496 +- 0.185
   113 C      0.870         9.230 +- 3.288
   114 C      0.997**       10.475 +- 0.491
   115 T      0.992**       10.422 +- 0.860
   116 I      0.992**       10.426 +- 0.841
   117 N      1.000**       10.496 +- 0.194
   118 L      1.000**       10.498 +- 0.139
   119 P      1.000**       10.497 +- 0.158
   120 L      1.000**       10.498 +- 0.132
   121 E      0.997**       10.471 +- 0.529
   122 H      1.000**       10.496 +- 0.206
   123 S      0.998**       10.485 +- 0.374
   124 K      1.000**       10.499 +- 0.115
   125 C      0.989*        10.394 +- 1.005
   126 Y      1.000**       10.496 +- 0.202
   127 M      1.000**       10.497 +- 0.170
   128 S      0.986*        10.368 +- 1.119
   129 T      0.993**       10.436 +- 0.783
   130 N      0.964*        10.152 +- 1.797
   131 D      1.000**       10.496 +- 0.201
   132 L      0.999**       10.494 +- 0.242
   133 C      1.000**       10.497 +- 0.170
   134 K      0.996**       10.461 +- 0.606
   135 R      0.971*        10.224 +- 1.606
   136 R      0.997**       10.472 +- 0.519
   137 N      0.997**       10.470 +- 0.533
   138 V      1.000**       10.496 +- 0.203
   139 K      0.996**       10.465 +- 0.579
   140 R      0.996**       10.465 +- 0.578
   141 I      0.971*        10.224 +- 1.605
   142 L      0.999**       10.495 +- 0.216
   143 N      0.956*        10.078 +- 1.973
   144 Y      0.956*        10.078 +- 1.973
   145 N      0.999**       10.492 +- 0.268
   146 A      0.999**       10.492 +- 0.268
   147 N      0.999**       10.495 +- 0.224
   148 G      0.999**       10.495 +- 0.224
   149 N      0.995**       10.448 +- 0.709
   150 S      1.000**       10.498 +- 0.122
   151 L      1.000**       10.498 +- 0.152
   152 A      1.000**       10.495 +- 0.212
   153 I      0.992**       10.426 +- 0.841
   154 N      0.993**       10.436 +- 0.783
   155 T      0.992**       10.422 +- 0.862
   156 I      0.999**       10.492 +- 0.272
   157 C      0.999**       10.492 +- 0.277
   158 N      0.996**       10.463 +- 0.593
   159 Q      0.734         7.902 +- 4.321
   160 Q      0.996**       10.461 +- 0.612
   161 L      0.997**       10.474 +- 0.499
   162 Y      0.998**       10.477 +- 0.466
   163 Q      0.999**       10.488 +- 0.333
   164 Y      1.000**       10.497 +- 0.161
   165 T      0.998**       10.481 +- 0.429
   166 E      1.000**       10.498 +- 0.136
   167 C      0.997**       10.470 +- 0.536
   168 N      0.917         9.686 +- 2.703
   169 N      1.000**       10.497 +- 0.158
   170 L      1.000**       10.497 +- 0.168
   171 H      0.955*        10.066 +- 1.999
   172 N      0.964*        10.152 +- 1.797
   173 D      0.996**       10.460 +- 0.619
   174 K      0.965*        10.161 +- 1.775
   175 Q      1.000**       10.496 +- 0.206
   176 T      1.000**       10.496 +- 0.201
   177 S      0.999**       10.494 +- 0.246
   178 N      0.995**       10.452 +- 0.676
   179 F      0.992**       10.422 +- 0.861
   180 C      1.000**       10.499 +- 0.115
   181 K      0.998**       10.480 +- 0.442
   182 V      1.000**       10.497 +- 0.174
   183 W      1.000**       10.499 +- 0.102
   184 N      0.959*        10.103 +- 1.914
   185 K      0.945         9.974 +- 2.189
   186 N      0.992**       10.426 +- 0.841
   187 I      0.977*        10.283 +- 1.429
   188 L      0.999**       10.486 +- 0.365
   189 T      0.998**       10.482 +- 0.413
   190 L      0.999**       10.495 +- 0.216
   191 N      0.956*        10.078 +- 1.973
   192 Y      1.000**       10.495 +- 0.209
   193 V      0.999**       10.487 +- 0.357
   194 S      0.995**       10.449 +- 0.695
   195 F      1.000**       10.497 +- 0.175
   196 G      0.998**       10.484 +- 0.397
   197 C      1.000**       10.497 +- 0.166
   198 L      1.000**       10.496 +- 0.203
   199 T      0.999**       10.492 +- 0.274
   200 R      0.870         9.235 +- 3.280
   201 R      0.998**       10.481 +- 0.429
   202 Q      1.000**       10.498 +- 0.131
   203 L      0.994**       10.439 +- 0.761
   204 I      0.998**       10.482 +- 0.410
   205 A      0.991**       10.417 +- 0.892
   206 D      0.999**       10.489 +- 0.321
   207 S      0.990*        10.401 +- 0.970
   208 P      0.988*        10.384 +- 1.050
   209 S      0.983*        10.338 +- 1.237
   210 A      0.998**       10.477 +- 0.466
   211 E      1.000**       10.499 +- 0.114
   212 S      0.999**       10.489 +- 0.321
   213 D      0.986*        10.362 +- 1.145
   214 A      0.991**       10.415 +- 0.899
   215 T      0.999**       10.490 +- 0.313
   216 V      1.000**       10.496 +- 0.193
   217 S      0.999**       10.495 +- 0.214
   218 L      0.854         9.073 +- 3.452
   219 L      0.999**       10.495 +- 0.227
   220 A      0.987*        10.371 +- 1.105
   221 G      1.000**       10.496 +- 0.191
   222 S      0.995**       10.449 +- 0.695
   223 F      0.992**       10.422 +- 0.861
   224 C      0.999**       10.491 +- 0.295
   225 H      0.997**       10.476 +- 0.480
   226 L      0.998**       10.484 +- 0.389
   227 S      0.990**       10.405 +- 0.952
   228 P      1.000**       10.497 +- 0.182
   229 G      0.997**       10.474 +- 0.496
   230 R      0.996**       10.466 +- 0.573
   231 N      0.997**       10.470 +- 0.536

