Supplemental results for CODEML (seqf: algn  treef: tree)


dN/dS (w) for site classes (K=9)

p:   0.12500  0.12500  0.12500  0.12500  0.12500  0.12500  0.12500  0.12500  0.00001
w:   0.01877  0.02718  0.03347  0.03939  0.04560  0.05277  0.06227  0.07976  1.00000

Naive Empirical Bayes (NEB) probabilities for 9 classes & postmean_w
(amino acids refer to 1st sequence: Smed.15734)

   1 I   0.12554 0.12537 0.12524 0.12511 0.12498 0.12484 0.12464 0.12428 0.00001 ( 1)  0.045
   2 Y   0.12555 0.12538 0.12524 0.12512 0.12498 0.12483 0.12463 0.12426 0.00001 ( 1)  0.045
   3 S   0.12519 0.12513 0.12508 0.12504 0.12499 0.12494 0.12487 0.12475 0.00001 ( 1)  0.045
   4 C   0.12545 0.12531 0.12520 0.12509 0.12499 0.12486 0.12470 0.12440 0.00001 ( 1)  0.045
   5 I   0.12554 0.12537 0.12524 0.12511 0.12498 0.12484 0.12464 0.12428 0.00001 ( 1)  0.045
   6 S   0.12544 0.12530 0.12519 0.12509 0.12499 0.12487 0.12471 0.12441 0.00001 ( 1)  0.045
   7 V   0.12519 0.12513 0.12508 0.12504 0.12499 0.12494 0.12487 0.12475 0.00001 ( 1)  0.045
   8 C   0.12545 0.12531 0.12520 0.12509 0.12499 0.12486 0.12470 0.12440 0.00001 ( 1)  0.045
   9 P   0.12528 0.12519 0.12512 0.12506 0.12499 0.12492 0.12481 0.12463 0.00001 ( 1)  0.045
  10 S   0.12544 0.12530 0.12519 0.12509 0.12499 0.12487 0.12471 0.12441 0.00001 ( 1)  0.045
  11 N   0.12577 0.12552 0.12534 0.12516 0.12498 0.12477 0.12449 0.12397 0.00001 ( 1)  0.045
  12 Y   0.12524 0.12516 0.12510 0.12505 0.12499 0.12493 0.12484 0.12468 0.00001 ( 1)  0.045
  13 I   0.12554 0.12537 0.12524 0.12511 0.12498 0.12484 0.12464 0.12428 0.00001 ( 1)  0.045
  14 E   0.12548 0.12532 0.12521 0.12510 0.12499 0.12485 0.12468 0.12436 0.00001 ( 1)  0.045
  15 Y   0.12555 0.12538 0.12524 0.12512 0.12498 0.12483 0.12463 0.12426 0.00001 ( 1)  0.045
  16 K   0.12560 0.12540 0.12526 0.12512 0.12498 0.12482 0.12460 0.12421 0.00001 ( 1)  0.045
  17 D   0.12536 0.12525 0.12516 0.12508 0.12499 0.12489 0.12476 0.12451 0.00001 ( 1)  0.045
  18 S   0.12519 0.12513 0.12508 0.12504 0.12499 0.12494 0.12487 0.12475 0.00001 ( 1)  0.045
  19 C   0.12521 0.12514 0.12509 0.12504 0.12499 0.12494 0.12486 0.12472 0.00001 ( 1)  0.045
  20 F   0.12558 0.12539 0.12525 0.12512 0.12498 0.12482 0.12461 0.12423 0.00001 ( 1)  0.045
  21 S   0.12509 0.12506 0.12504 0.12502 0.12500 0.12497 0.12494 0.12488 0.00001 ( 1)  0.045
  22 E   0.12548 0.12532 0.12521 0.12510 0.12499 0.12485 0.12468 0.12436 0.00001 ( 1)  0.045
  23 F   0.12531 0.12521 0.12513 0.12506 0.12499 0.12491 0.12479 0.12459 0.00001 ( 1)  0.045
  24 T   0.12548 0.12533 0.12521 0.12510 0.12499 0.12485 0.12468 0.12435 0.00001 ( 1)  0.045
  25 S   0.12544 0.12530 0.12519 0.12509 0.12499 0.12487 0.12471 0.12441 0.00001 ( 1)  0.045
  26 K   0.12560 0.12540 0.12526 0.12512 0.12498 0.12482 0.12460 0.12421 0.00001 ( 1)  0.045
  27 K   0.12560 0.12540 0.12526 0.12512 0.12498 0.12482 0.12460 0.12421 0.00001 ( 1)  0.045
  28 S   0.12528 0.12519 0.12512 0.12506 0.12499 0.12491 0.12481 0.12463 0.00001 ( 1)  0.045
  29 F   0.12558 0.12539 0.12525 0.12512 0.12498 0.12482 0.12461 0.12423 0.00001 ( 1)  0.045
  30 C   0.12545 0.12531 0.12520 0.12509 0.12499 0.12486 0.12470 0.12440 0.00001 ( 1)  0.045
  31 Q   0.12536 0.12525 0.12516 0.12508 0.12499 0.12489 0.12476 0.12451 0.00001 ( 1)  0.045
  32 S   0.12519 0.12513 0.12508 0.12504 0.12499 0.12494 0.12487 0.12474 0.00001 ( 1)  0.045
  33 N   0.12577 0.12552 0.12534 0.12516 0.12498 0.12477 0.12449 0.12397 0.00001 ( 1)  0.045
  34 E   0.12548 0.12532 0.12521 0.12510 0.12499 0.12485 0.12468 0.12436 0.00001 ( 1)  0.045
  35 Y   0.12555 0.12538 0.12524 0.12512 0.12498 0.12483 0.12463 0.12426 0.00001 ( 1)  0.045
  36 C   0.12521 0.12514 0.12509 0.12504 0.12499 0.12494 0.12486 0.12472 0.00001 ( 1)  0.045
  37 Q   0.12518 0.12512 0.12508 0.12504 0.12499 0.12494 0.12488 0.12475 0.00001 ( 1)  0.045
  38 S   0.12509 0.12506 0.12504 0.12502 0.12500 0.12497 0.12494 0.12488 0.00001 ( 1)  0.045
  39 M   0.12540 0.12527 0.12517 0.12508 0.12499 0.12488 0.12473 0.12446 0.00001 ( 1)  0.045
  40 N   0.12577 0.12552 0.12534 0.12516 0.12498 0.12477 0.12449 0.12397 0.00001 ( 1)  0.045
  41 G   0.12518 0.12512 0.12508 0.12504 0.12499 0.12494 0.12488 0.12476 0.00001 ( 1)  0.045
  42 R   0.12542 0.12529 0.12518 0.12509 0.12499 0.12487 0.12472 0.12443 0.00001 ( 1)  0.045
  43 L   0.12508 0.12505 0.12503 0.12502 0.12500 0.12497 0.12495 0.12489 0.00001 ( 1)  0.045
  44 I   0.12554 0.12537 0.12524 0.12511 0.12498 0.12484 0.12464 0.12428 0.00001 ( 1)  0.045
  45 G   0.12536 0.12525 0.12516 0.12508 0.12499 0.12489 0.12476 0.12451 0.00001 ( 1)  0.045
  46 E   0.12537 0.12525 0.12516 0.12508 0.12499 0.12488 0.12475 0.12450 0.00001 ( 1)  0.045
  47 D   0.12567 0.12546 0.12529 0.12514 0.12498 0.12480 0.12455 0.12410 0.00001 ( 1)  0.045
  48 D   0.12567 0.12546 0.12529 0.12514 0.12498 0.12480 0.12455 0.12410 0.00001 ( 1)  0.045
  49 L   0.12532 0.12522 0.12514 0.12507 0.12499 0.12490 0.12478 0.12457 0.00001 ( 1)  0.045
  50 E   0.12548 0.12532 0.12521 0.12510 0.12499 0.12485 0.12468 0.12436 0.00001 ( 1)  0.045
  51 K   0.12539 0.12526 0.12517 0.12508 0.12499 0.12488 0.12474 0.12448 0.00001 ( 1)  0.045
  52 V   0.12519 0.12513 0.12508 0.12504 0.12499 0.12494 0.12487 0.12475 0.00001 ( 1)  0.045
  53 I   0.12554 0.12537 0.12524 0.12511 0.12498 0.12484 0.12464 0.12428 0.00001 ( 1)  0.045
  54 T   0.05246 0.07590 0.09339 0.10982 0.12702 0.14688 0.17311 0.22123 0.00020 ( 8)  0.053
  55 F   0.12558 0.12539 0.12525 0.12512 0.12498 0.12482 0.12461 0.12423 0.00001 ( 1)  0.045
  56 K   0.12560 0.12540 0.12526 0.12512 0.12498 0.12482 0.12460 0.12421 0.00001 ( 1)  0.045
  57 K   0.12560 0.12540 0.12526 0.12512 0.12498 0.12482 0.12460 0.12421 0.00001 ( 1)  0.045
  58 N   0.12545 0.12531 0.12520 0.12509 0.12499 0.12486 0.12470 0.12440 0.00001 ( 1)  0.045
  59 I   0.12545 0.12530 0.12519 0.12509 0.12499 0.12486 0.12470 0.12440 0.00001 ( 1)  0.045
  60 T   0.12539 0.12527 0.12517 0.12508 0.12499 0.12488 0.12474 0.12448 0.00001 ( 1)  0.045
  61 S   0.12544 0.12530 0.12519 0.12509 0.12499 0.12487 0.12471 0.12441 0.00001 ( 1)  0.045
  62 L   0.12532 0.12522 0.12514 0.12507 0.12499 0.12490 0.12478 0.12457 0.00001 ( 1)  0.045
  63 I   0.12554 0.12537 0.12524 0.12511 0.12498 0.12484 0.12464 0.12428 0.00001 ( 1)  0.045
  64 G   0.12525 0.12517 0.12511 0.12505 0.12499 0.12492 0.12483 0.12466 0.00001 ( 1)  0.045
  65 M   0.12540 0.12527 0.12517 0.12508 0.12499 0.12488 0.12473 0.12446 0.00001 ( 1)  0.045
  66 A   0.12530 0.12521 0.12513 0.12506 0.12499 0.12491 0.12480 0.12459 0.00001 ( 1)  0.045
  67 D   0.12567 0.12546 0.12529 0.12514 0.12498 0.12480 0.12455 0.12410 0.00001 ( 1)  0.045
  68 L   0.12522 0.12515 0.12510 0.12505 0.12499 0.12493 0.12485 0.12471 0.00001 ( 1)  0.045
  69 L   0.12532 0.12522 0.12514 0.12507 0.12499 0.12490 0.12478 0.12457 0.00001 ( 1)  0.045
  70 N   0.12545 0.12531 0.12520 0.12509 0.12499 0.12486 0.12470 0.12440 0.00001 ( 1)  0.045
  71 E   0.12548 0.12532 0.12521 0.12510 0.12499 0.12485 0.12468 0.12436 0.00001 ( 1)  0.045
  72 R   0.12542 0.12529 0.12518 0.12509 0.12499 0.12487 0.12472 0.12443 0.00001 ( 1)  0.045
  73 K   0.12560 0.12540 0.12526 0.12512 0.12498 0.12482 0.12460 0.12421 0.00001 ( 1)  0.045
  74 N   0.12577 0.12552 0.12534 0.12516 0.12498 0.12477 0.12449 0.12397 0.00001 ( 1)  0.045
  75 N   0.12545 0.12531 0.12520 0.12509 0.12499 0.12486 0.12470 0.12440 0.00001 ( 1)  0.045
  76 K   0.12560 0.12540 0.12526 0.12512 0.12498 0.12482 0.12460 0.12421 0.00001 ( 1)  0.045
  77 S   0.12544 0.12530 0.12519 0.12509 0.12499 0.12487 0.12471 0.12441 0.00001 ( 1)  0.045
  78 L   0.12512 0.12508 0.12505 0.12502 0.12500 0.12496 0.12492 0.12484 0.00001 ( 1)  0.045
  79 W   0.12516 0.12511 0.12507 0.12503 0.12499 0.12495 0.12489 0.12479 0.00001 ( 1)  0.045
  80 Q   0.12536 0.12525 0.12516 0.12508 0.12499 0.12489 0.12476 0.12451 0.00001 ( 1)  0.045
  81 T   0.12521 0.12514 0.12509 0.12504 0.12499 0.12494 0.12486 0.12472 0.00001 ( 1)  0.045
  82 F   0.12558 0.12539 0.12525 0.12512 0.12498 0.12482 0.12461 0.12423 0.00001 ( 1)  0.045
  83 D   0.12567 0.12546 0.12529 0.12514 0.12498 0.12480 0.12455 0.12410 0.00001 ( 1)  0.045
  84 N   0.12577 0.12552 0.12534 0.12516 0.12498 0.12477 0.12449 0.12397 0.00001 ( 1)  0.045
  85 K   0.12560 0.12540 0.12526 0.12512 0.12498 0.12482 0.12460 0.12421 0.00001 ( 1)  0.045
  86 V   0.12543 0.12529 0.12519 0.12509 0.12499 0.12487 0.12471 0.12443 0.00001 ( 1)  0.045
  87 N   0.12545 0.12531 0.12520 0.12509 0.12499 0.12486 0.12470 0.12440 0.00001 ( 1)  0.045
  88 D   0.12567 0.12546 0.12529 0.12514 0.12498 0.12480 0.12455 0.12410 0.00001 ( 1)  0.045
  89 N   0.12545 0.12531 0.12520 0.12509 0.12499 0.12486 0.12470 0.12440 0.00001 ( 1)  0.045
  90 M   0.12540 0.12527 0.12517 0.12508 0.12499 0.12488 0.12473 0.12446 0.00001 ( 1)  0.045
  91 K   0.12560 0.12540 0.12526 0.12512 0.12498 0.12482 0.12460 0.12421 0.00001 ( 1)  0.045
  92 L   0.12532 0.12522 0.12514 0.12507 0.12499 0.12490 0.12478 0.12457 0.00001 ( 1)  0.045
  93 W   0.12516 0.12511 0.12507 0.12503 0.12499 0.12495 0.12489 0.12479 0.00001 ( 1)  0.045
  94 H   0.12529 0.12519 0.12512 0.12506 0.12499 0.12491 0.12481 0.12462 0.00001 ( 1)  0.045
  95 F   0.12544 0.12530 0.12519 0.12509 0.12499 0.12487 0.12471 0.12441 0.00001 ( 1)  0.045
  96 S   0.12544 0.12530 0.12519 0.12509 0.12499 0.12487 0.12471 0.12441 0.00001 ( 1)  0.045
  97 E   0.12548 0.12532 0.12521 0.12510 0.12499 0.12485 0.12468 0.12436 0.00001 ( 1)  0.045
  98 P   0.12528 0.12519 0.12512 0.12506 0.12499 0.12492 0.12481 0.12463 0.00001 ( 1)  0.045
  99 T   0.12521 0.12514 0.12509 0.12504 0.12499 0.12494 0.12486 0.12472 0.00001 ( 1)  0.045
 100 S   0.12555 0.12537 0.12524 0.12511 0.12498 0.12483 0.12463 0.12426 0.00001 ( 1)  0.045
 101 S   0.12555 0.12537 0.12524 0.12511 0.12498 0.12483 0.12463 0.12426 0.00001 ( 1)  0.045
 102 Q   0.12536 0.12525 0.12516 0.12508 0.12499 0.12489 0.12476 0.12451 0.00001 ( 1)  0.045
 103 S   0.12544 0.12530 0.12519 0.12509 0.12499 0.12487 0.12471 0.12441 0.00001 ( 1)  0.045
 104 G   0.12536 0.12525 0.12516 0.12508 0.12499 0.12489 0.12476 0.12451 0.00001 ( 1)  0.045
 105 E   0.12548 0.12532 0.12521 0.12510 0.12499 0.12485 0.12468 0.12436 0.00001 ( 1)  0.045
 106 D   0.12567 0.12546 0.12529 0.12514 0.12498 0.12480 0.12455 0.12410 0.00001 ( 1)  0.045
 107 C   0.12545 0.12531 0.12520 0.12509 0.12499 0.12486 0.12470 0.12440 0.00001 ( 1)  0.045
 108 V   0.12543 0.12529 0.12519 0.12509 0.12499 0.12487 0.12471 0.12443 0.00001 ( 1)  0.045
 109 Q   0.12518 0.12512 0.12508 0.12504 0.12499 0.12494 0.12488 0.12475 0.00001 ( 1)  0.045
 110 I   0.12545 0.12530 0.12519 0.12509 0.12499 0.12486 0.12470 0.12440 0.00001 ( 1)  0.045
 111 Y   0.12555 0.12538 0.12524 0.12512 0.12498 0.12483 0.12463 0.12426 0.00001 ( 1)  0.045
 112 D   0.12567 0.12546 0.12529 0.12514 0.12498 0.12480 0.12455 0.12410 0.00001 ( 1)  0.045
 113 Q   0.12536 0.12525 0.12516 0.12508 0.12499 0.12489 0.12476 0.12451 0.00001 ( 1)  0.045
 114 K   0.12560 0.12540 0.12526 0.12512 0.12498 0.12482 0.12460 0.12421 0.00001 ( 1)  0.045
 115 A   0.12530 0.12521 0.12513 0.12506 0.12499 0.12491 0.12480 0.12459 0.00001 ( 1)  0.045
 116 N   0.12577 0.12552 0.12534 0.12516 0.12498 0.12477 0.12449 0.12397 0.00001 ( 1)  0.045
 117 D   0.12536 0.12525 0.12516 0.12508 0.12499 0.12489 0.12476 0.12451 0.00001 ( 1)  0.045
 118 I   0.12545 0.12530 0.12519 0.12509 0.12499 0.12486 0.12470 0.12440 0.00001 ( 1)  0.045
 119 T   0.12521 0.12514 0.12509 0.12504 0.12499 0.12494 0.12486 0.12472 0.00001 ( 1)  0.045
 120 C   0.12521 0.12514 0.12509 0.12504 0.12499 0.12494 0.12486 0.12472 0.00001 ( 1)  0.045
 121 K   0.12560 0.12540 0.12526 0.12512 0.12498 0.12482 0.12460 0.12421 0.00001 ( 1)  0.045
 122 Y   0.12555 0.12538 0.12524 0.12512 0.12498 0.12483 0.12463 0.12426 0.00001 ( 1)  0.045
 123 L   0.12515 0.12510 0.12507 0.12503 0.12499 0.12495 0.12490 0.12479 0.00001 ( 1)  0.045
 124 N   0.12577 0.12552 0.12534 0.12516 0.12498 0.12477 0.12449 0.12397 0.00001 ( 1)  0.045
 125 E   0.12528 0.12519 0.12512 0.12506 0.12499 0.12491 0.12481 0.12462 0.00001 ( 1)  0.045
 126 G   0.12525 0.12517 0.12511 0.12505 0.12499 0.12492 0.12483 0.12466 0.00001 ( 1)  0.045
 127 M   0.12540 0.12527 0.12517 0.12508 0.12499 0.12488 0.12473 0.12446 0.00001 ( 1)  0.045
 128 C   0.12545 0.12531 0.12520 0.12509 0.12499 0.12486 0.12470 0.12440 0.00001 ( 1)  0.045
 129 I   0.12554 0.12537 0.12524 0.12511 0.12498 0.12484 0.12464 0.12428 0.00001 ( 1)  0.045
 130 Y   0.12555 0.12538 0.12524 0.12512 0.12498 0.12483 0.12463 0.12426 0.00001 ( 1)  0.045
 131 Y   0.12524 0.12516 0.12510 0.12505 0.12499 0.12493 0.12484 0.12468 0.00001 ( 1)  0.045
 132 K   0.12539 0.12526 0.12517 0.12508 0.12499 0.12488 0.12474 0.12448 0.00001 ( 1)  0.045
 133 E   0.12528 0.12519 0.12512 0.12506 0.12499 0.12491 0.12481 0.12462 0.00001 ( 1)  0.045
 134 T   0.12521 0.12514 0.12509 0.12504 0.12499 0.12494 0.12486 0.12472 0.00001 ( 1)  0.045
 135 S   0.12544 0.12530 0.12519 0.12509 0.12499 0.12487 0.12471 0.12441 0.00001 ( 1)  0.045
 136 R   0.12542 0.12529 0.12518 0.12509 0.12499 0.12487 0.12472 0.12443 0.00001 ( 1)  0.045
 137 K   0.12560 0.12540 0.12526 0.12512 0.12498 0.12482 0.12460 0.12421 0.00001 ( 1)  0.045
 138 S   0.12519 0.12513 0.12508 0.12504 0.12499 0.12494 0.12487 0.12475 0.00001 ( 1)  0.045
 139 L   0.12532 0.12522 0.12514 0.12507 0.12499 0.12490 0.12478 0.12457 0.00001 ( 1)  0.045
 140 I   0.12554 0.12537 0.12524 0.12511 0.12498 0.12484 0.12464 0.12428 0.00001 ( 1)  0.045
 141 L   0.12536 0.12524 0.12515 0.12507 0.12499 0.12489 0.12476 0.12452 0.00001 ( 1)  0.045
 142 S   0.12519 0.12513 0.12508 0.12504 0.12499 0.12494 0.12487 0.12475 0.00001 ( 1)  0.045
 143 M   0.12540 0.12527 0.12517 0.12508 0.12499 0.12488 0.12473 0.12446 0.00001 ( 1)  0.045
 144 D   0.12567 0.12546 0.12529 0.12514 0.12498 0.12480 0.12455 0.12410 0.00001 ( 1)  0.045
 145 H   0.12558 0.12539 0.12525 0.12512 0.12498 0.12482 0.12461 0.12422 0.00001 ( 1)  0.045
 146 I   0.12554 0.12537 0.12524 0.12511 0.12498 0.12484 0.12464 0.12428 0.00001 ( 1)  0.045
 147 D   0.12567 0.12546 0.12529 0.12514 0.12498 0.12480 0.12455 0.12410 0.00001 ( 1)  0.045
 148 L   0.12521 0.12514 0.12509 0.12504 0.12499 0.12494 0.12486 0.12472 0.00001 ( 1)  0.045
 149 F   0.12531 0.12521 0.12513 0.12506 0.12499 0.12491 0.12479 0.12459 0.00001 ( 1)  0.045
 150 N   0.12545 0.12531 0.12520 0.12509 0.12499 0.12486 0.12470 0.12440 0.00001 ( 1)  0.045
 151 N   0.12577 0.12552 0.12534 0.12516 0.12498 0.12477 0.12449 0.12397 0.00001 ( 1)  0.045
 152 D   0.12567 0.12546 0.12529 0.12514 0.12498 0.12480 0.12455 0.12410 0.00001 ( 1)  0.045
 153 Q   0.12536 0.12525 0.12516 0.12508 0.12499 0.12489 0.12476 0.12451 0.00001 ( 1)  0.045
 154 E   0.12548 0.12532 0.12521 0.12510 0.12499 0.12485 0.12468 0.12436 0.00001 ( 1)  0.045
 155 E   0.12548 0.12532 0.12521 0.12510 0.12499 0.12485 0.12468 0.12436 0.00001 ( 1)  0.045
 156 G   0.12525 0.12517 0.12511 0.12505 0.12499 0.12492 0.12483 0.12466 0.00001 ( 1)  0.045
 157 C   0.12521 0.12514 0.12509 0.12504 0.12499 0.12494 0.12486 0.12472 0.00001 ( 1)  0.045
 158 Y   0.12555 0.12538 0.12524 0.12512 0.12498 0.12483 0.12463 0.12426 0.00001 ( 1)  0.045
 159 E   0.12548 0.12532 0.12521 0.12510 0.12499 0.12485 0.12468 0.12436 0.00001 ( 1)  0.045
 160 S   0.12555 0.12537 0.12524 0.12511 0.12498 0.12483 0.12463 0.12426 0.00001 ( 1)  0.045
 161 Y   0.12555 0.12538 0.12524 0.12512 0.12498 0.12483 0.12463 0.12426 0.00001 ( 1)  0.045
 162 T   0.12515 0.12510 0.12506 0.12503 0.12499 0.12495 0.12490 0.12480 0.00001 ( 1)  0.045
 163 I   0.12545 0.12530 0.12519 0.12509 0.12499 0.12486 0.12470 0.12440 0.00001 ( 1)  0.045
 164 S   0.12544 0.12530 0.12519 0.12509 0.12499 0.12487 0.12471 0.12441 0.00001 ( 1)  0.045
 165 L   0.12532 0.12522 0.12514 0.12507 0.12499 0.12490 0.12478 0.12457 0.00001 ( 1)  0.045
 166 L   0.12508 0.12505 0.12503 0.12502 0.12500 0.12497 0.12495 0.12489 0.00001 ( 1)  0.045
 167 K   0.12560 0.12540 0.12526 0.12512 0.12498 0.12482 0.12460 0.12421 0.00001 ( 1)  0.045
 168 C   0.12521 0.12514 0.12509 0.12504 0.12499 0.12494 0.12486 0.12472 0.00001 ( 1)  0.045
 169 A   0.12537 0.12525 0.12516 0.12508 0.12499 0.12489 0.12475 0.12450 0.00001 ( 1)  0.045
 170 F   0.12531 0.12521 0.12513 0.12506 0.12499 0.12491 0.12479 0.12459 0.00001 ( 1)  0.045

Positively selected sites

	Prob(w>1)  mean w



lnL =  -676.389900

Bayes Empirical Bayes (BEB) probabilities for 11 classes (class) & postmean_w
(amino acids refer to 1st sequence: Smed.15734)

   1 I   0.72830 0.07108 0.04397 0.03143 0.02386 0.01866 0.01476 0.01168 0.00915 0.00820 0.03892 ( 1)  0.217 +-  0.559
   2 Y   0.72840 0.07107 0.04395 0.03140 0.02384 0.01863 0.01474 0.01166 0.00913 0.00818 0.03898 ( 1)  0.218 +-  0.564
   3 S   0.71548 0.07036 0.04397 0.03174 0.02435 0.01923 0.01537 0.01228 0.00972 0.00879 0.04871 ( 1)  0.254 +-  0.684
   4 C   0.72554 0.07095 0.04400 0.03153 0.02400 0.01881 0.01492 0.01183 0.00929 0.00834 0.04079 ( 1)  0.224 +-  0.578
   5 I   0.72830 0.07108 0.04397 0.03143 0.02386 0.01866 0.01476 0.01168 0.00915 0.00820 0.03892 ( 1)  0.217 +-  0.559
   6 S   0.72508 0.07092 0.04400 0.03154 0.02402 0.01883 0.01494 0.01185 0.00931 0.00836 0.04115 ( 1)  0.225 +-  0.584
   7 V   0.71551 0.07037 0.04397 0.03175 0.02435 0.01923 0.01537 0.01228 0.00972 0.00879 0.04865 ( 1)  0.253 +-  0.683
   8 C   0.72554 0.07095 0.04400 0.03153 0.02400 0.01881 0.01492 0.01183 0.00929 0.00834 0.04079 ( 1)  0.224 +-  0.578
   9 P   0.71916 0.07059 0.04400 0.03168 0.02424 0.01910 0.01522 0.01213 0.00958 0.00864 0.04566 ( 1)  0.242 +-  0.641
  10 S   0.72508 0.07092 0.04400 0.03154 0.02402 0.01883 0.01494 0.01185 0.00931 0.00836 0.04115 ( 1)  0.225 +-  0.584
  11 N   0.73492 0.07138 0.04387 0.03116 0.02351 0.01826 0.01436 0.01129 0.00879 0.00783 0.03464 ( 1)  0.203 +-  0.516
  12 Y   0.71759 0.07049 0.04398 0.03170 0.02428 0.01915 0.01528 0.01219 0.00963 0.00870 0.04700 ( 1)  0.247 +-  0.662
  13 I   0.72830 0.07108 0.04397 0.03143 0.02386 0.01866 0.01476 0.01168 0.00915 0.00820 0.03892 ( 1)  0.217 +-  0.559
  14 E   0.72629 0.07098 0.04399 0.03149 0.02396 0.01876 0.01487 0.01178 0.00925 0.00830 0.04033 ( 1)  0.222 +-  0.575
  15 Y   0.72840 0.07107 0.04395 0.03140 0.02384 0.01863 0.01474 0.01166 0.00913 0.00818 0.03898 ( 1)  0.218 +-  0.564
  16 K   0.72980 0.07115 0.04395 0.03136 0.02378 0.01856 0.01467 0.01159 0.00906 0.00811 0.03797 ( 1)  0.214 +-  0.551
  17 D   0.72239 0.07077 0.04400 0.03161 0.02412 0.01895 0.01507 0.01198 0.00943 0.00849 0.04318 ( 1)  0.232 +-  0.610
  18 S   0.71548 0.07036 0.04397 0.03174 0.02435 0.01923 0.01537 0.01228 0.00972 0.00879 0.04871 ( 1)  0.254 +-  0.684
  19 C   0.71631 0.07042 0.04398 0.03173 0.02433 0.01921 0.01534 0.01225 0.00969 0.00876 0.04799 ( 1)  0.251 +-  0.673
  20 F   0.72958 0.07115 0.04397 0.03139 0.02381 0.01860 0.01470 0.01161 0.00909 0.00813 0.03796 ( 1)  0.214 +-  0.546
  21 S   0.71123 0.07010 0.04392 0.03180 0.02447 0.01938 0.01554 0.01245 0.00988 0.00896 0.05226 ( 1)  0.268 +-  0.733
  22 E   0.72629 0.07098 0.04399 0.03149 0.02396 0.01876 0.01487 0.01178 0.00925 0.00830 0.04033 ( 1)  0.222 +-  0.575
  23 F   0.72036 0.07066 0.04400 0.03165 0.02420 0.01904 0.01517 0.01208 0.00952 0.00858 0.04475 ( 1)  0.238 +-  0.630
  24 T   0.72654 0.07100 0.04399 0.03149 0.02395 0.01876 0.01487 0.01178 0.00924 0.00829 0.04009 ( 1)  0.221 +-  0.571
  25 S   0.72508 0.07092 0.04400 0.03154 0.02402 0.01883 0.01494 0.01185 0.00931 0.00836 0.04115 ( 1)  0.225 +-  0.584
  26 K   0.72980 0.07115 0.04395 0.03136 0.02378 0.01856 0.01467 0.01159 0.00906 0.00811 0.03797 ( 1)  0.214 +-  0.551
  27 K   0.72980 0.07115 0.04395 0.03136 0.02378 0.01856 0.01467 0.01159 0.00906 0.00811 0.03797 ( 1)  0.214 +-  0.551
  28 S   0.71925 0.07059 0.04400 0.03168 0.02424 0.01909 0.01522 0.01213 0.00957 0.00863 0.04560 ( 1)  0.241 +-  0.641
  29 F   0.72958 0.07115 0.04397 0.03139 0.02381 0.01860 0.01470 0.01161 0.00909 0.00813 0.03796 ( 1)  0.214 +-  0.546
  30 C   0.72554 0.07095 0.04400 0.03153 0.02400 0.01881 0.01492 0.01183 0.00929 0.00834 0.04079 ( 1)  0.224 +-  0.578
  31 Q   0.72245 0.07078 0.04400 0.03161 0.02412 0.01895 0.01507 0.01198 0.00943 0.00849 0.04311 ( 1)  0.232 +-  0.608
  32 S   0.71571 0.07038 0.04397 0.03174 0.02435 0.01923 0.01537 0.01228 0.00971 0.00878 0.04849 ( 1)  0.253 +-  0.680
  33 N   0.73492 0.07138 0.04387 0.03116 0.02351 0.01826 0.01436 0.01129 0.00879 0.00783 0.03464 ( 1)  0.203 +-  0.516
  34 E   0.72629 0.07098 0.04399 0.03149 0.02396 0.01876 0.01487 0.01178 0.00925 0.00830 0.04033 ( 1)  0.222 +-  0.575
  35 Y   0.72840 0.07107 0.04395 0.03140 0.02384 0.01863 0.01474 0.01166 0.00913 0.00818 0.03898 ( 1)  0.218 +-  0.564
  36 C   0.71631 0.07042 0.04398 0.03173 0.02433 0.01921 0.01534 0.01225 0.00969 0.00876 0.04799 ( 1)  0.251 +-  0.673
  37 Q   0.71537 0.07036 0.04397 0.03175 0.02436 0.01924 0.01538 0.01229 0.00973 0.00880 0.04875 ( 1)  0.254 +-  0.684
  38 S   0.71123 0.07010 0.04392 0.03180 0.02447 0.01938 0.01554 0.01245 0.00988 0.00896 0.05226 ( 1)  0.268 +-  0.733
  39 M   0.72388 0.07086 0.04401 0.03158 0.02407 0.01889 0.01501 0.01192 0.00937 0.00842 0.04199 ( 1)  0.228 +-  0.593
  40 N   0.73492 0.07138 0.04387 0.03116 0.02351 0.01826 0.01436 0.01129 0.00879 0.00783 0.03464 ( 1)  0.203 +-  0.516
  41 G   0.71527 0.07035 0.04397 0.03175 0.02436 0.01924 0.01538 0.01229 0.00973 0.00880 0.04886 ( 1)  0.254 +-  0.686
  42 R   0.72454 0.07089 0.04400 0.03155 0.02404 0.01886 0.01497 0.01188 0.00934 0.00839 0.04154 ( 1)  0.226 +-  0.588
  43 L   0.71090 0.07008 0.04392 0.03181 0.02448 0.01939 0.01555 0.01247 0.00989 0.00897 0.05254 ( 1)  0.269 +-  0.736
  44 I   0.72830 0.07108 0.04397 0.03143 0.02386 0.01866 0.01476 0.01168 0.00915 0.00820 0.03892 ( 1)  0.217 +-  0.559
  45 G   0.72242 0.07078 0.04400 0.03161 0.02412 0.01896 0.01507 0.01198 0.00943 0.00849 0.04312 ( 1)  0.232 +-  0.608
  46 E   0.71662 0.07019 0.04366 0.03139 0.02399 0.01888 0.01505 0.01199 0.00947 0.00855 0.05021 ( 1)  0.267 +-  0.760
  47 D   0.73250 0.07129 0.04394 0.03129 0.02367 0.01843 0.01453 0.01145 0.00893 0.00798 0.03599 ( 1)  0.207 +-  0.524
  48 D   0.73250 0.07129 0.04394 0.03129 0.02367 0.01843 0.01453 0.01145 0.00893 0.00798 0.03599 ( 1)  0.207 +-  0.524
  49 L   0.72071 0.07067 0.04399 0.03164 0.02418 0.01902 0.01514 0.01205 0.00950 0.00856 0.04453 ( 1)  0.238 +-  0.629
  50 E   0.72629 0.07098 0.04399 0.03149 0.02396 0.01876 0.01487 0.01178 0.00925 0.00830 0.04033 ( 1)  0.222 +-  0.575
  51 K   0.72326 0.07082 0.04400 0.03159 0.02409 0.01891 0.01503 0.01194 0.00939 0.00845 0.04251 ( 1)  0.230 +-  0.601
  52 V   0.71551 0.07037 0.04397 0.03175 0.02435 0.01923 0.01537 0.01228 0.00972 0.00879 0.04865 ( 1)  0.253 +-  0.683
  53 I   0.72830 0.07108 0.04397 0.03143 0.02386 0.01866 0.01476 0.01168 0.00915 0.00820 0.03892 ( 1)  0.217 +-  0.559
  54 T   0.17851 0.04711 0.04760 0.04696 0.04534 0.04291 0.03978 0.03599 0.03161 0.03030 0.45390 (11)  1.659 +-  2.030
  55 F   0.72958 0.07115 0.04397 0.03139 0.02381 0.01860 0.01470 0.01161 0.00909 0.00813 0.03796 ( 1)  0.214 +-  0.546
  56 K   0.72980 0.07115 0.04395 0.03136 0.02378 0.01856 0.01467 0.01159 0.00906 0.00811 0.03797 ( 1)  0.214 +-  0.551
  57 K   0.72980 0.07115 0.04395 0.03136 0.02378 0.01856 0.01467 0.01159 0.00906 0.00811 0.03797 ( 1)  0.214 +-  0.551
  58 N   0.72536 0.07093 0.04399 0.03152 0.02400 0.01881 0.01492 0.01183 0.00929 0.00834 0.04100 ( 1)  0.225 +-  0.584
  59 I   0.72520 0.07092 0.04399 0.03152 0.02400 0.01881 0.01493 0.01184 0.00930 0.00835 0.04114 ( 1)  0.225 +-  0.586
  60 T   0.72338 0.07083 0.04400 0.03158 0.02408 0.01891 0.01502 0.01193 0.00939 0.00844 0.04244 ( 1)  0.230 +-  0.601
  61 S   0.72508 0.07092 0.04400 0.03154 0.02402 0.01883 0.01494 0.01185 0.00931 0.00836 0.04115 ( 1)  0.225 +-  0.584
  62 L   0.72071 0.07067 0.04399 0.03164 0.02418 0.01902 0.01514 0.01205 0.00950 0.00856 0.04453 ( 1)  0.238 +-  0.629
  63 I   0.72830 0.07108 0.04397 0.03143 0.02386 0.01866 0.01476 0.01168 0.00915 0.00820 0.03892 ( 1)  0.217 +-  0.559
  64 G   0.71815 0.07053 0.04399 0.03170 0.02427 0.01913 0.01527 0.01217 0.00961 0.00868 0.04649 ( 1)  0.245 +-  0.653
  65 M   0.72388 0.07086 0.04401 0.03158 0.02407 0.01889 0.01501 0.01192 0.00937 0.00842 0.04199 ( 1)  0.228 +-  0.593
  66 A   0.72016 0.07065 0.04400 0.03166 0.02420 0.01905 0.01518 0.01209 0.00953 0.00859 0.04489 ( 1)  0.239 +-  0.632
  67 D   0.73250 0.07129 0.04394 0.03129 0.02367 0.01843 0.01453 0.01145 0.00893 0.00798 0.03599 ( 1)  0.207 +-  0.524
  68 L   0.71686 0.07045 0.04398 0.03172 0.02431 0.01918 0.01532 0.01223 0.00967 0.00874 0.04754 ( 1)  0.249 +-  0.667
  69 L   0.72071 0.07067 0.04399 0.03164 0.02418 0.01902 0.01514 0.01205 0.00950 0.00856 0.04453 ( 1)  0.238 +-  0.629
  70 N   0.72536 0.07093 0.04399 0.03152 0.02400 0.01881 0.01492 0.01183 0.00929 0.00834 0.04100 ( 1)  0.225 +-  0.584
  71 E   0.72629 0.07098 0.04399 0.03149 0.02396 0.01876 0.01487 0.01178 0.00925 0.00830 0.04033 ( 1)  0.222 +-  0.575
  72 R   0.72454 0.07089 0.04400 0.03155 0.02404 0.01886 0.01497 0.01188 0.00934 0.00839 0.04154 ( 1)  0.226 +-  0.588
  73 K   0.72980 0.07115 0.04395 0.03136 0.02378 0.01856 0.01467 0.01159 0.00906 0.00811 0.03797 ( 1)  0.214 +-  0.551
  74 N   0.73492 0.07138 0.04387 0.03116 0.02351 0.01826 0.01436 0.01129 0.00879 0.00783 0.03464 ( 1)  0.203 +-  0.516
  75 N   0.72536 0.07093 0.04399 0.03152 0.02400 0.01881 0.01492 0.01183 0.00929 0.00834 0.04100 ( 1)  0.225 +-  0.584
  76 K   0.72980 0.07115 0.04395 0.03136 0.02378 0.01856 0.01467 0.01159 0.00906 0.00811 0.03797 ( 1)  0.214 +-  0.551
  77 S   0.72508 0.07092 0.04400 0.03154 0.02402 0.01883 0.01494 0.01185 0.00931 0.00836 0.04115 ( 1)  0.225 +-  0.584
  78 L   0.71253 0.07018 0.04394 0.03179 0.02443 0.01934 0.01549 0.01240 0.00983 0.00891 0.05117 ( 1)  0.264 +-  0.719
  79 W   0.71436 0.07030 0.04396 0.03176 0.02439 0.01928 0.01542 0.01233 0.00977 0.00884 0.04960 ( 1)  0.257 +-  0.695
  80 Q   0.72245 0.07078 0.04400 0.03161 0.02412 0.01895 0.01507 0.01198 0.00943 0.00849 0.04311 ( 1)  0.232 +-  0.608
  81 T   0.71647 0.07043 0.04398 0.03173 0.02432 0.01920 0.01533 0.01224 0.00968 0.00875 0.04786 ( 1)  0.250 +-  0.672
  82 F   0.72958 0.07115 0.04397 0.03139 0.02381 0.01860 0.01470 0.01161 0.00909 0.00813 0.03796 ( 1)  0.214 +-  0.546
  83 D   0.73250 0.07129 0.04394 0.03129 0.02367 0.01843 0.01453 0.01145 0.00893 0.00798 0.03599 ( 1)  0.207 +-  0.524
  84 N   0.73492 0.07138 0.04387 0.03116 0.02351 0.01826 0.01436 0.01129 0.00879 0.00783 0.03464 ( 1)  0.203 +-  0.516
  85 K   0.72980 0.07115 0.04395 0.03136 0.02378 0.01856 0.01467 0.01159 0.00906 0.00811 0.03797 ( 1)  0.214 +-  0.551
  86 V   0.72468 0.07090 0.04400 0.03155 0.02403 0.01885 0.01496 0.01187 0.00933 0.00838 0.04146 ( 1)  0.226 +-  0.588
  87 N   0.72536 0.07093 0.04399 0.03152 0.02400 0.01881 0.01492 0.01183 0.00929 0.00834 0.04100 ( 1)  0.225 +-  0.584
  88 D   0.73250 0.07129 0.04394 0.03129 0.02367 0.01843 0.01453 0.01145 0.00893 0.00798 0.03599 ( 1)  0.207 +-  0.524
  89 N   0.72536 0.07093 0.04399 0.03152 0.02400 0.01881 0.01492 0.01183 0.00929 0.00834 0.04100 ( 1)  0.225 +-  0.584
  90 M   0.72388 0.07086 0.04401 0.03158 0.02407 0.01889 0.01501 0.01192 0.00937 0.00842 0.04199 ( 1)  0.228 +-  0.593
  91 K   0.72980 0.07115 0.04395 0.03136 0.02378 0.01856 0.01467 0.01159 0.00906 0.00811 0.03797 ( 1)  0.214 +-  0.551
  92 L   0.72071 0.07067 0.04399 0.03164 0.02418 0.01902 0.01514 0.01205 0.00950 0.00856 0.04453 ( 1)  0.238 +-  0.629
  93 W   0.71436 0.07030 0.04396 0.03176 0.02439 0.01928 0.01542 0.01233 0.00977 0.00884 0.04960 ( 1)  0.257 +-  0.695
  94 H   0.71951 0.07061 0.04400 0.03168 0.02423 0.01908 0.01521 0.01212 0.00956 0.00862 0.04539 ( 1)  0.241 +-  0.638
  95 F   0.72083 0.07051 0.04376 0.03139 0.02393 0.01879 0.01493 0.01187 0.00934 0.00841 0.04623 ( 1)  0.250 +-  0.701
  96 S   0.72508 0.07092 0.04400 0.03154 0.02402 0.01883 0.01494 0.01185 0.00931 0.00836 0.04115 ( 1)  0.225 +-  0.584
  97 E   0.72629 0.07098 0.04399 0.03149 0.02396 0.01876 0.01487 0.01178 0.00925 0.00830 0.04033 ( 1)  0.222 +-  0.575
  98 P   0.71916 0.07059 0.04400 0.03168 0.02424 0.01910 0.01522 0.01213 0.00958 0.00864 0.04566 ( 1)  0.242 +-  0.641
  99 T   0.71647 0.07043 0.04398 0.03173 0.02432 0.01920 0.01533 0.01224 0.00968 0.00875 0.04786 ( 1)  0.250 +-  0.672
 100 S   0.72890 0.07113 0.04399 0.03143 0.02386 0.01864 0.01475 0.01166 0.00913 0.00818 0.03835 ( 1)  0.215 +-  0.548
 101 S   0.72890 0.07113 0.04399 0.03143 0.02386 0.01864 0.01475 0.01166 0.00913 0.00818 0.03835 ( 1)  0.215 +-  0.548
 102 Q   0.72245 0.07078 0.04400 0.03161 0.02412 0.01895 0.01507 0.01198 0.00943 0.00849 0.04311 ( 1)  0.232 +-  0.608
 103 S   0.72508 0.07092 0.04400 0.03154 0.02402 0.01883 0.01494 0.01185 0.00931 0.00836 0.04115 ( 1)  0.225 +-  0.584
 104 G   0.72242 0.07078 0.04400 0.03161 0.02412 0.01896 0.01507 0.01198 0.00943 0.00849 0.04312 ( 1)  0.232 +-  0.608
 105 E   0.72629 0.07098 0.04399 0.03149 0.02396 0.01876 0.01487 0.01178 0.00925 0.00830 0.04033 ( 1)  0.222 +-  0.575
 106 D   0.73250 0.07129 0.04394 0.03129 0.02367 0.01843 0.01453 0.01145 0.00893 0.00798 0.03599 ( 1)  0.207 +-  0.524
 107 C   0.72554 0.07095 0.04400 0.03153 0.02400 0.01881 0.01492 0.01183 0.00929 0.00834 0.04079 ( 1)  0.224 +-  0.578
 108 V   0.72468 0.07090 0.04400 0.03155 0.02403 0.01885 0.01496 0.01187 0.00933 0.00838 0.04146 ( 1)  0.226 +-  0.588
 109 Q   0.71537 0.07036 0.04397 0.03175 0.02436 0.01924 0.01538 0.01229 0.00973 0.00880 0.04875 ( 1)  0.254 +-  0.684
 110 I   0.72520 0.07092 0.04399 0.03152 0.02400 0.01881 0.01493 0.01184 0.00930 0.00835 0.04114 ( 1)  0.225 +-  0.586
 111 Y   0.72840 0.07107 0.04395 0.03140 0.02384 0.01863 0.01474 0.01166 0.00913 0.00818 0.03898 ( 1)  0.218 +-  0.564
 112 D   0.73250 0.07129 0.04394 0.03129 0.02367 0.01843 0.01453 0.01145 0.00893 0.00798 0.03599 ( 1)  0.207 +-  0.524
 113 Q   0.72245 0.07078 0.04400 0.03161 0.02412 0.01895 0.01507 0.01198 0.00943 0.00849 0.04311 ( 1)  0.232 +-  0.608
 114 K   0.72980 0.07115 0.04395 0.03136 0.02378 0.01856 0.01467 0.01159 0.00906 0.00811 0.03797 ( 1)  0.214 +-  0.551
 115 A   0.72016 0.07065 0.04400 0.03166 0.02420 0.01905 0.01518 0.01209 0.00953 0.00859 0.04489 ( 1)  0.239 +-  0.632
 116 N   0.73492 0.07138 0.04387 0.03116 0.02351 0.01826 0.01436 0.01129 0.00879 0.00783 0.03464 ( 1)  0.203 +-  0.516
 117 D   0.72239 0.07077 0.04400 0.03161 0.02412 0.01895 0.01507 0.01198 0.00943 0.00849 0.04318 ( 1)  0.232 +-  0.610
 118 I   0.72520 0.07092 0.04399 0.03152 0.02400 0.01881 0.01493 0.01184 0.00930 0.00835 0.04114 ( 1)  0.225 +-  0.586
 119 T   0.71647 0.07043 0.04398 0.03173 0.02432 0.01920 0.01533 0.01224 0.00968 0.00875 0.04786 ( 1)  0.250 +-  0.672
 120 C   0.71631 0.07042 0.04398 0.03173 0.02433 0.01921 0.01534 0.01225 0.00969 0.00876 0.04799 ( 1)  0.251 +-  0.673
 121 K   0.72980 0.07115 0.04395 0.03136 0.02378 0.01856 0.01467 0.01159 0.00906 0.00811 0.03797 ( 1)  0.214 +-  0.551
 122 Y   0.72840 0.07107 0.04395 0.03140 0.02384 0.01863 0.01474 0.01166 0.00913 0.00818 0.03898 ( 1)  0.218 +-  0.564
 123 L   0.71421 0.07029 0.04396 0.03177 0.02439 0.01928 0.01543 0.01234 0.00977 0.00885 0.04972 ( 1)  0.257 +-  0.697
 124 N   0.73492 0.07138 0.04387 0.03116 0.02351 0.01826 0.01436 0.01129 0.00879 0.00783 0.03464 ( 1)  0.203 +-  0.516
 125 E   0.71930 0.07060 0.04399 0.03168 0.02423 0.01909 0.01522 0.01212 0.00957 0.00863 0.04557 ( 1)  0.241 +-  0.641
 126 G   0.71815 0.07053 0.04399 0.03170 0.02427 0.01913 0.01527 0.01217 0.00961 0.00868 0.04649 ( 1)  0.245 +-  0.653
 127 M   0.72388 0.07086 0.04401 0.03158 0.02407 0.01889 0.01501 0.01192 0.00937 0.00842 0.04199 ( 1)  0.228 +-  0.593
 128 C   0.72554 0.07095 0.04400 0.03153 0.02400 0.01881 0.01492 0.01183 0.00929 0.00834 0.04079 ( 1)  0.224 +-  0.578
 129 I   0.72830 0.07108 0.04397 0.03143 0.02386 0.01866 0.01476 0.01168 0.00915 0.00820 0.03892 ( 1)  0.217 +-  0.559
 130 Y   0.72840 0.07107 0.04395 0.03140 0.02384 0.01863 0.01474 0.01166 0.00913 0.00818 0.03898 ( 1)  0.218 +-  0.564
 131 Y   0.71759 0.07049 0.04398 0.03170 0.02428 0.01915 0.01528 0.01219 0.00963 0.00870 0.04700 ( 1)  0.247 +-  0.662
 132 K   0.72326 0.07082 0.04400 0.03159 0.02409 0.01891 0.01503 0.01194 0.00939 0.00845 0.04251 ( 1)  0.230 +-  0.601
 133 E   0.71930 0.07060 0.04399 0.03168 0.02423 0.01909 0.01522 0.01212 0.00957 0.00863 0.04557 ( 1)  0.241 +-  0.641
 134 T   0.71647 0.07043 0.04398 0.03173 0.02432 0.01920 0.01533 0.01224 0.00968 0.00875 0.04786 ( 1)  0.250 +-  0.672
 135 S   0.72508 0.07092 0.04400 0.03154 0.02402 0.01883 0.01494 0.01185 0.00931 0.00836 0.04115 ( 1)  0.225 +-  0.584
 136 R   0.72454 0.07089 0.04400 0.03155 0.02404 0.01886 0.01497 0.01188 0.00934 0.00839 0.04154 ( 1)  0.226 +-  0.588
 137 K   0.72980 0.07115 0.04395 0.03136 0.02378 0.01856 0.01467 0.01159 0.00906 0.00811 0.03797 ( 1)  0.214 +-  0.551
 138 S   0.71548 0.07036 0.04397 0.03174 0.02435 0.01923 0.01537 0.01228 0.00972 0.00879 0.04871 ( 1)  0.254 +-  0.684
 139 L   0.72071 0.07067 0.04399 0.03164 0.02418 0.01902 0.01514 0.01205 0.00950 0.00856 0.04453 ( 1)  0.238 +-  0.629
 140 I   0.72830 0.07108 0.04397 0.03143 0.02386 0.01866 0.01476 0.01168 0.00915 0.00820 0.03892 ( 1)  0.217 +-  0.559
 141 L   0.72220 0.07077 0.04401 0.03162 0.02414 0.01897 0.01509 0.01199 0.00944 0.00850 0.04327 ( 1)  0.233 +-  0.609
 142 S   0.71548 0.07036 0.04397 0.03174 0.02435 0.01923 0.01537 0.01228 0.00972 0.00879 0.04871 ( 1)  0.254 +-  0.684
 143 M   0.72388 0.07086 0.04401 0.03158 0.02407 0.01889 0.01501 0.01192 0.00937 0.00842 0.04199 ( 1)  0.228 +-  0.593
 144 D   0.73250 0.07129 0.04394 0.03129 0.02367 0.01843 0.01453 0.01145 0.00893 0.00798 0.03599 ( 1)  0.207 +-  0.524
 145 H   0.73002 0.07119 0.04399 0.03140 0.02381 0.01859 0.01469 0.01160 0.00908 0.00812 0.03751 ( 1)  0.212 +-  0.536
 146 I   0.72830 0.07108 0.04397 0.03143 0.02386 0.01866 0.01476 0.01168 0.00915 0.00820 0.03892 ( 1)  0.217 +-  0.559
 147 D   0.73250 0.07129 0.04394 0.03129 0.02367 0.01843 0.01453 0.01145 0.00893 0.00798 0.03599 ( 1)  0.207 +-  0.524
 148 L   0.71649 0.07043 0.04398 0.03173 0.02432 0.01920 0.01534 0.01225 0.00968 0.00875 0.04783 ( 1)  0.250 +-  0.671
 149 F   0.72036 0.07066 0.04400 0.03165 0.02420 0.01904 0.01517 0.01208 0.00952 0.00858 0.04475 ( 1)  0.238 +-  0.630
 150 N   0.72536 0.07093 0.04399 0.03152 0.02400 0.01881 0.01492 0.01183 0.00929 0.00834 0.04100 ( 1)  0.225 +-  0.584
 151 N   0.73492 0.07138 0.04387 0.03116 0.02351 0.01826 0.01436 0.01129 0.00879 0.00783 0.03464 ( 1)  0.203 +-  0.516
 152 D   0.73250 0.07129 0.04394 0.03129 0.02367 0.01843 0.01453 0.01145 0.00893 0.00798 0.03599 ( 1)  0.207 +-  0.524
 153 Q   0.72245 0.07078 0.04400 0.03161 0.02412 0.01895 0.01507 0.01198 0.00943 0.00849 0.04311 ( 1)  0.232 +-  0.608
 154 E   0.72629 0.07098 0.04399 0.03149 0.02396 0.01876 0.01487 0.01178 0.00925 0.00830 0.04033 ( 1)  0.222 +-  0.575
 155 E   0.72629 0.07098 0.04399 0.03149 0.02396 0.01876 0.01487 0.01178 0.00925 0.00830 0.04033 ( 1)  0.222 +-  0.575
 156 G   0.71815 0.07053 0.04399 0.03170 0.02427 0.01913 0.01527 0.01217 0.00961 0.00868 0.04649 ( 1)  0.245 +-  0.653
 157 C   0.71631 0.07042 0.04398 0.03173 0.02433 0.01921 0.01534 0.01225 0.00969 0.00876 0.04799 ( 1)  0.251 +-  0.673
 158 Y   0.72840 0.07107 0.04395 0.03140 0.02384 0.01863 0.01474 0.01166 0.00913 0.00818 0.03898 ( 1)  0.218 +-  0.564
 159 E   0.72629 0.07098 0.04399 0.03149 0.02396 0.01876 0.01487 0.01178 0.00925 0.00830 0.04033 ( 1)  0.222 +-  0.575
 160 S   0.72890 0.07113 0.04399 0.03143 0.02386 0.01864 0.01475 0.01166 0.00913 0.00818 0.03835 ( 1)  0.215 +-  0.548
 161 Y   0.72840 0.07107 0.04395 0.03140 0.02384 0.01863 0.01474 0.01166 0.00913 0.00818 0.03898 ( 1)  0.218 +-  0.564
 162 T   0.71391 0.07027 0.04395 0.03177 0.02440 0.01929 0.01544 0.01235 0.00978 0.00886 0.04998 ( 1)  0.259 +-  0.701
 163 I   0.72520 0.07092 0.04399 0.03152 0.02400 0.01881 0.01493 0.01184 0.00930 0.00835 0.04114 ( 1)  0.225 +-  0.586
 164 S   0.72508 0.07092 0.04400 0.03154 0.02402 0.01883 0.01494 0.01185 0.00931 0.00836 0.04115 ( 1)  0.225 +-  0.584
 165 L   0.72071 0.07067 0.04399 0.03164 0.02418 0.01902 0.01514 0.01205 0.00950 0.00856 0.04453 ( 1)  0.238 +-  0.629
 166 L   0.71090 0.07008 0.04392 0.03181 0.02448 0.01939 0.01555 0.01247 0.00989 0.00897 0.05254 ( 1)  0.269 +-  0.736
 167 K   0.72980 0.07115 0.04395 0.03136 0.02378 0.01856 0.01467 0.01159 0.00906 0.00811 0.03797 ( 1)  0.214 +-  0.551
 168 C   0.71631 0.07042 0.04398 0.03173 0.02433 0.01921 0.01534 0.01225 0.00969 0.00876 0.04799 ( 1)  0.251 +-  0.673
 169 A   0.72279 0.07080 0.04400 0.03160 0.02411 0.01894 0.01506 0.01196 0.00942 0.00847 0.04285 ( 1)  0.231 +-  0.605
 170 F   0.72036 0.07066 0.04400 0.03165 0.02420 0.01904 0.01517 0.01208 0.00952 0.00858 0.04475 ( 1)  0.238 +-  0.630

Positively selected sites

	Prob(w>1)  mean w


