Supplemental results for CODEML (seqf: algn  treef: tree)


dN/dS (w) for site classes (K=2)

p:   0.29373  0.70627
w:   0.00000  1.00000

Naive Empirical Bayes (NEB) probabilities for 2 classes & postmean_w
(amino acids refer to 1st sequence: Mlig.22765)

   1 M   0.33398 0.66602 ( 2)  0.666
   2 S   0.30186 0.69814 ( 2)  0.698
   3 G   0.32049 0.67951 ( 2)  0.680
   4 R   0.30423 0.69577 ( 2)  0.696
   5 P   0.30403 0.69597 ( 2)  0.696
   6 I   0.32627 0.67373 ( 2)  0.674
   7 S   0.32025 0.67975 ( 2)  0.680
   8 D   0.00000 1.00000 ( 2)  1.000
   9 Y   0.31892 0.68108 ( 2)  0.681
  10 L   0.31116 0.68884 ( 2)  0.689
  11 S   0.32041 0.67959 ( 2)  0.680
  12 E   0.32565 0.67435 ( 2)  0.674
  13 R   0.32058 0.67942 ( 2)  0.679
  14 S   0.32133 0.67867 ( 2)  0.679
  15 Y   0.31874 0.68126 ( 2)  0.681
  16 S   0.32052 0.67948 ( 2)  0.679
  17 A   0.32370 0.67630 ( 2)  0.676
  18 V   0.32364 0.67636 ( 2)  0.676
  19 C   0.31952 0.68048 ( 2)  0.680
  20 H   0.00000 1.00000 ( 2)  1.000
  21 V   0.32364 0.67636 ( 2)  0.676
  22 L   0.31116 0.68884 ( 2)  0.689
  23 H   0.32406 0.67594 ( 2)  0.676
  24 I   0.32627 0.67373 ( 2)  0.674
  25 F   0.32608 0.67392 ( 2)  0.674
  26 L   0.31591 0.68409 ( 2)  0.684
  27 T   0.32164 0.67836 ( 2)  0.678
  28 A   0.32349 0.67651 ( 2)  0.677
  29 N   0.00000 1.00000 ( 2)  1.000
  30 H   0.32425 0.67575 ( 2)  0.676
  31 P   0.32389 0.67611 ( 2)  0.676
  32 R   0.00000 1.00000 ( 2)  1.000
  33 M   0.33398 0.66602 ( 2)  0.666
  34 L   0.31591 0.68409 ( 2)  0.684
  35 L   0.31591 0.68409 ( 2)  0.684
  36 Q   0.32015 0.67985 ( 2)  0.680
  37 Q   0.30559 0.69441 ( 2)  0.694
  38 D   0.32411 0.67589 ( 2)  0.676
  39 R   0.32058 0.67942 ( 2)  0.679
  40 L   0.00000 1.00000 ( 2)  1.000
  41 T   0.32164 0.67836 ( 2)  0.678
  42 E   0.32565 0.67435 ( 2)  0.674
  43 F   0.32561 0.67439 ( 2)  0.674
  44 A   0.32370 0.67630 ( 2)  0.676
  45 R   0.32140 0.67860 ( 2)  0.679
  46 H   0.32425 0.67575 ( 2)  0.676
  47 G   0.32049 0.67951 ( 2)  0.680
  48 L   0.31591 0.68409 ( 2)  0.684
  49 N   0.32219 0.67781 ( 2)  0.678
  50 G   0.32239 0.67761 ( 2)  0.678
  51 P   0.32368 0.67632 ( 2)  0.676
  52 E   0.32565 0.67435 ( 2)  0.674
  53 H   0.32425 0.67575 ( 2)  0.676
  54 I   0.32627 0.67373 ( 2)  0.674
  55 Q   0.32015 0.67985 ( 2)  0.680
  56 C   0.31934 0.68066 ( 2)  0.681
  57 A   0.32370 0.67630 ( 2)  0.676
  58 K   0.32330 0.67670 ( 2)  0.677
  59 L   0.31591 0.68409 ( 2)  0.684
  60 G   0.32049 0.67951 ( 2)  0.680
  61 F   0.32587 0.67413 ( 2)  0.674
  62 F   0.32608 0.67392 ( 2)  0.674
  63 P   0.32579 0.67421 ( 2)  0.674
  64 L   0.32338 0.67662 ( 2)  0.677
  65 P   0.32389 0.67611 ( 2)  0.676
  66 S   0.30186 0.69814 ( 2)  0.698
  67 P   0.32389 0.67611 ( 2)  0.676
  68 D   0.00000 1.00000 ( 2)  1.000
  69 G   0.32068 0.67932 ( 2)  0.679
  70 G   0.32068 0.67932 ( 2)  0.679
  71 A   0.30395 0.69605 ( 2)  0.696
  72 I   0.32605 0.67395 ( 2)  0.674
  73 G   0.00000 1.00000 ( 2)  1.000
  74 Y   0.00000 1.00000 ( 2)  1.000
  75 S   0.32115 0.67885 ( 2)  0.679
  76 T   0.32144 0.67856 ( 2)  0.679
  77 A   0.00000 1.00000 ( 2)  1.000
  78 M   0.33398 0.66602 ( 2)  0.666
  79 V   0.32385 0.67615 ( 2)  0.676
  80 A   0.00000 1.00000 ( 2)  1.000
  81 C   0.31934 0.68066 ( 2)  0.681
  82 F   0.32587 0.67413 ( 2)  0.674
  83 S   0.32115 0.67885 ( 2)  0.679
  84 C   0.31934 0.68066 ( 2)  0.681
  85 G   0.32049 0.67951 ( 2)  0.680
  86 F   0.32587 0.67413 ( 2)  0.674
  87 E   0.32565 0.67435 ( 2)  0.674
  88 C   0.31934 0.68066 ( 2)  0.681
  89 K   0.32330 0.67670 ( 2)  0.677
  90 L   0.31591 0.68409 ( 2)  0.684
  91 S   0.32022 0.67978 ( 2)  0.680
  92 S   0.32115 0.67885 ( 2)  0.679
  93 V   0.32364 0.67636 ( 2)  0.676
  94 K   0.00000 1.00000 ( 2)  1.000
  95 H   0.32425 0.67575 ( 2)  0.676
  96 R   0.30033 0.69967 ( 2)  0.700
  97 I   0.32605 0.67395 ( 2)  0.674
  98 L   0.32338 0.67662 ( 2)  0.677
  99 G   0.32049 0.67951 ( 2)  0.680
 100 S   0.32115 0.67885 ( 2)  0.679
 101 F   0.32587 0.67413 ( 2)  0.674
 102 N   0.32201 0.67799 ( 2)  0.678
 103 R   0.32140 0.67860 ( 2)  0.679
 104 L   0.31591 0.68409 ( 2)  0.684
 105 H   0.32406 0.67594 ( 2)  0.676
 106 C   0.31934 0.68066 ( 2)  0.681
 107 P   0.32579 0.67421 ( 2)  0.674
 108 L   0.31591 0.68409 ( 2)  0.684
 109 Q   0.32015 0.67985 ( 2)  0.680
 110 A   0.32370 0.67630 ( 2)  0.676
 111 A   0.32357 0.67643 ( 2)  0.676
 112 R   0.32077 0.67923 ( 2)  0.679
 113 C   0.31952 0.68048 ( 2)  0.680
 114 P   0.32368 0.67632 ( 2)  0.676
 115 K   0.32330 0.67670 ( 2)  0.677
 116 Q   0.32015 0.67985 ( 2)  0.680
 117 Q   0.31234 0.68766 ( 2)  0.688
 118 P   0.30403 0.69597 ( 2)  0.696
 119 M   0.33398 0.66602 ( 2)  0.666
 120 R   0.00000 1.00000 ( 2)  1.000
 121 Q   0.32015 0.67985 ( 2)  0.680
 122 E   0.32565 0.67435 ( 2)  0.674
 123 L   0.32338 0.67662 ( 2)  0.677
 124 L   0.31116 0.68884 ( 2)  0.689
 125 G   0.32068 0.67932 ( 2)  0.679
 126 V   0.00000 1.00000 ( 2)  1.000
 127 G   0.32239 0.67761 ( 2)  0.678
 128 P   0.32389 0.67611 ( 2)  0.676
 129 S   0.32052 0.67948 ( 2)  0.679
 130 D   0.32411 0.67589 ( 2)  0.676
 131 F   0.32561 0.67439 ( 2)  0.674
 132 P   0.32579 0.67421 ( 2)  0.674
 133 S   0.32115 0.67885 ( 2)  0.679
 134 P   0.32389 0.67611 ( 2)  0.676
 135 M   0.00000 1.00000 ( 2)  1.000
 136 Q   0.32015 0.67985 ( 2)  0.680
 137 L   0.32338 0.67662 ( 2)  0.677
 138 A   0.30395 0.69605 ( 2)  0.696
 139 Q   0.32015 0.67985 ( 2)  0.680
 140 L   0.32338 0.67662 ( 2)  0.677
 141 L   0.31591 0.68409 ( 2)  0.684
 142 T   0.32164 0.67836 ( 2)  0.678
 143 F   0.32587 0.67413 ( 2)  0.674
 144 I   0.32627 0.67373 ( 2)  0.674
 145 Q   0.32015 0.67985 ( 2)  0.680
 146 S   0.32115 0.67885 ( 2)  0.679
 147 N   0.32219 0.67781 ( 2)  0.678
 148 C   0.31952 0.68048 ( 2)  0.680
 149 G   0.32049 0.67951 ( 2)  0.680
 150 T   0.30323 0.69677 ( 2)  0.697
 151 V   0.30405 0.69595 ( 2)  0.696
 152 L   0.30842 0.69158 ( 2)  0.692
 153 T   0.32144 0.67856 ( 2)  0.679
 154 E   0.32565 0.67435 ( 2)  0.674
 155 M   0.33398 0.66602 ( 2)  0.666
 156 F   0.32608 0.67392 ( 2)  0.674
 157 P   0.32579 0.67421 ( 2)  0.674
 158 P   0.31484 0.68516 ( 2)  0.685
 159 D   0.32411 0.67589 ( 2)  0.676
 160 A   0.30395 0.69605 ( 2)  0.696
 161 V   0.32385 0.67615 ( 2)  0.676
 162 L   0.31591 0.68409 ( 2)  0.684
 163 L   0.23009 0.76991 ( 2)  0.770
 164 C   0.31952 0.68048 ( 2)  0.680
 165 A   0.32357 0.67643 ( 2)  0.676
 166 A   0.32349 0.67651 ( 2)  0.677
 167 T   0.32144 0.67856 ( 2)  0.679
 168 M   0.33398 0.66602 ( 2)  0.666
 169 L   0.32317 0.67683 ( 2)  0.677
 170 V   0.32574 0.67426 ( 2)  0.674
 171 T   0.32164 0.67836 ( 2)  0.678
 172 E   0.32565 0.67435 ( 2)  0.674
 173 R   0.32058 0.67942 ( 2)  0.679
 174 R   0.30033 0.69967 ( 2)  0.700
 175 S   0.32041 0.67959 ( 2)  0.680
 176 L   0.31591 0.68409 ( 2)  0.684
 177 L   0.30139 0.69861 ( 2)  0.699
 178 S   0.00000 1.00000 ( 2)  1.000
 179 L   0.31591 0.68409 ( 2)  0.684
 180 Q   0.32015 0.67985 ( 2)  0.680
 181 P   0.32368 0.67632 ( 2)  0.676
 182 G   0.32239 0.67761 ( 2)  0.678
 183 Y   0.31892 0.68108 ( 2)  0.681
 184 L   0.31591 0.68409 ( 2)  0.684
 185 V   0.32385 0.67615 ( 2)  0.676
 186 E   0.32565 0.67435 ( 2)  0.674
 187 R   0.32058 0.67942 ( 2)  0.679
 188 L   0.31591 0.68409 ( 2)  0.684
 189 Q   0.30559 0.69441 ( 2)  0.694
 190 A   0.32370 0.67630 ( 2)  0.676
 191 S   0.32115 0.67885 ( 2)  0.679
 192 D   0.00000 1.00000 ( 2)  1.000
 193 W   0.31495 0.68505 ( 2)  0.685
 194 N   0.32201 0.67799 ( 2)  0.678
 195 R   0.32077 0.67923 ( 2)  0.679
 196 Q   0.30559 0.69441 ( 2)  0.694
 197 S   0.32052 0.67948 ( 2)  0.679
 198 L   0.31591 0.68409 ( 2)  0.684
 199 W   0.31495 0.68505 ( 2)  0.685
 200 Q   0.30559 0.69441 ( 2)  0.694
 201 F   0.32587 0.67413 ( 2)  0.674
 202 P   0.32368 0.67632 ( 2)  0.676
 203 V   0.32574 0.67426 ( 2)  0.674
 204 L   0.32338 0.67662 ( 2)  0.677
 205 D   0.32392 0.67608 ( 2)  0.676
 206 E   0.32565 0.67435 ( 2)  0.674
 207 A   0.32560 0.67440 ( 2)  0.674
 208 S   0.30186 0.69814 ( 2)  0.698
 209 T   0.32164 0.67836 ( 2)  0.678
 210 F   0.32608 0.67392 ( 2)  0.674
 211 T   0.32164 0.67836 ( 2)  0.678
 212 G   0.32049 0.67951 ( 2)  0.680
 213 D   0.32392 0.67608 ( 2)  0.676
 214 F   0.32587 0.67413 ( 2)  0.674
 215 I   0.32605 0.67395 ( 2)  0.674
 216 N   0.32201 0.67799 ( 2)  0.678
 217 L   0.31591 0.68409 ( 2)  0.684
 218 I   0.00000 1.00000 ( 2)  1.000
 219 S   0.32115 0.67885 ( 2)  0.679
 220 A   0.32370 0.67630 ( 2)  0.676
 221 G   0.32068 0.67932 ( 2)  0.679
 222 P   0.32368 0.67632 ( 2)  0.676
 223 G   0.30248 0.69752 ( 2)  0.698
 224 A   0.32370 0.67630 ( 2)  0.676
 225 V   0.32364 0.67636 ( 2)  0.676
 226 D   0.32392 0.67608 ( 2)  0.676
 227 P   0.00000 1.00000 ( 2)  1.000
 228 R   0.31241 0.68759 ( 2)  0.688
 229 D   0.32411 0.67589 ( 2)  0.676
 230 V   0.32385 0.67615 ( 2)  0.676
 231 Q   0.32015 0.67985 ( 2)  0.680
 232 G   0.32068 0.67932 ( 2)  0.679
 233 I   0.32587 0.67413 ( 2)  0.674
 234 G   0.32049 0.67951 ( 2)  0.680
 235 Y   0.31892 0.68108 ( 2)  0.681
 236 L   0.30139 0.69861 ( 2)  0.699
 237 I   0.00000 1.00000 ( 2)  1.000
 238 S   0.32115 0.67885 ( 2)  0.679
 239 E   0.00000 1.00000 ( 2)  1.000
 240 A   0.32370 0.67630 ( 2)  0.676
 241 V   0.32574 0.67426 ( 2)  0.674
 242 M   0.33398 0.66602 ( 2)  0.666
 243 A   0.32370 0.67630 ( 2)  0.676


lnL = -1139.273569

