Supplemental results for CODEML (seqf: algn  treef: tree)


dN/dS (w) for site classes (K=3)

p:   0.68362  0.17317  0.14321
w:   0.46115  1.00000  2.00254

Naive Empirical Bayes (NEB) probabilities for 3 classes & postmean_w & P(w>1)
(amino acids refer to 1st sequence: Scur.317)

   1 M   0.68362 0.17317 0.14321 ( 1)  0.775  0.143
   2 E   0.68362 0.17317 0.14321 ( 1)  0.775  0.143
   3 S   0.68362 0.17317 0.14321 ( 1)  0.775  0.143
   4 R   0.68362 0.17317 0.14321 ( 1)  0.775  0.143
   5 S   0.68362 0.17317 0.14321 ( 1)  0.775  0.143
   6 G   0.68362 0.17317 0.14321 ( 1)  0.775  0.143
   7 S   0.68362 0.17317 0.14321 ( 1)  0.775  0.143
   8 G   0.68362 0.17317 0.14321 ( 1)  0.775  0.143
   9 A   0.68362 0.17317 0.14321 ( 1)  0.775  0.143
  10 T   0.68362 0.17317 0.14321 ( 1)  0.775  0.143
  11 P   0.68362 0.17317 0.14321 ( 1)  0.775  0.143
  12 A   0.68362 0.17317 0.14321 ( 1)  0.775  0.143
  13 A   0.68362 0.17317 0.14321 ( 1)  0.775  0.143
  14 N   0.68362 0.17317 0.14321 ( 1)  0.775  0.143
  15 P   0.68362 0.17317 0.14321 ( 1)  0.775  0.143
  16 V   0.68362 0.17317 0.14321 ( 1)  0.775  0.143
  17 T   0.68362 0.17317 0.14321 ( 1)  0.775  0.143
  18 H   0.68362 0.17317 0.14321 ( 1)  0.775  0.143
  19 L   0.68362 0.17317 0.14321 ( 1)  0.775  0.143
  20 S   0.68362 0.17317 0.14321 ( 1)  0.775  0.143
  21 K   0.68362 0.17317 0.14321 ( 1)  0.775  0.143
  22 T   0.68362 0.17317 0.14321 ( 1)  0.775  0.143
  23 V   0.68362 0.17317 0.14321 ( 1)  0.775  0.143
  24 S   0.68362 0.17317 0.14321 ( 1)  0.775  0.143
  25 Y   0.68362 0.17317 0.14321 ( 1)  0.775  0.143
  26 I   0.68362 0.17317 0.14321 ( 1)  0.775  0.143
  27 C   0.68362 0.17317 0.14321 ( 1)  0.775  0.143
  28 G   0.68362 0.17317 0.14321 ( 1)  0.775  0.143
  29 E   0.68362 0.17317 0.14321 ( 1)  0.775  0.143
  30 C   0.68362 0.17317 0.14321 ( 1)  0.775  0.143
  31 R   0.68362 0.17317 0.14321 ( 1)  0.775  0.143
  32 A   0.68362 0.17317 0.14321 ( 1)  0.775  0.143
  33 E   0.68362 0.17317 0.14321 ( 1)  0.775  0.143
  34 N   0.68362 0.17317 0.14321 ( 1)  0.775  0.143
  35 E   0.68362 0.17317 0.14321 ( 1)  0.775  0.143
  36 I   0.68362 0.17317 0.14321 ( 1)  0.775  0.143
  37 R   0.68362 0.17317 0.14321 ( 1)  0.775  0.143
  38 P   0.68362 0.17317 0.14321 ( 1)  0.775  0.143
  39 R   0.68362 0.17317 0.14321 ( 1)  0.775  0.143
  40 E   0.68362 0.17317 0.14321 ( 1)  0.775  0.143
  41 L   0.68362 0.17317 0.14321 ( 1)  0.775  0.143
  42 V   0.68362 0.17317 0.14321 ( 1)  0.775  0.143
  43 R   0.68362 0.17317 0.14321 ( 1)  0.775  0.143
  44 C   0.68362 0.17317 0.14321 ( 1)  0.775  0.143
  45 L   0.68362 0.17317 0.14321 ( 1)  0.775  0.143
  46 E   0.68362 0.17317 0.14321 ( 1)  0.775  0.143
  47 C   0.68362 0.17317 0.14321 ( 1)  0.775  0.143
  48 G   0.68362 0.17317 0.14321 ( 1)  0.775  0.143
  49 H   0.68362 0.17317 0.14321 ( 1)  0.775  0.143
  50 R   0.68362 0.17317 0.14321 ( 1)  0.775  0.143
  51 V   0.68362 0.17317 0.14321 ( 1)  0.775  0.143
  52 L   0.68362 0.17317 0.14321 ( 1)  0.775  0.143
  53 Y   0.68362 0.17317 0.14321 ( 1)  0.775  0.143
  54 K   0.68362 0.17317 0.14321 ( 1)  0.775  0.143
  55 K   0.68362 0.17317 0.14321 ( 1)  0.775  0.143
  56 R   0.68362 0.17317 0.14321 ( 1)  0.775  0.143
  57 S   0.68362 0.17317 0.14321 ( 1)  0.775  0.143
  58 K   0.68362 0.17317 0.14321 ( 1)  0.775  0.143
  59 R   0.68362 0.17317 0.14321 ( 1)  0.775  0.143
  60 M   0.68362 0.17317 0.14321 ( 1)  0.775  0.143
  61 S   0.68362 0.17317 0.14321 ( 1)  0.775  0.143
  62 V   0.68362 0.17317 0.14321 ( 1)  0.775  0.143
  63 F   0.68362 0.17317 0.14321 ( 1)  0.775  0.143
  64 E   0.68362 0.17317 0.14321 ( 1)  0.775  0.143
  65 A   0.68362 0.17317 0.14321 ( 1)  0.775  0.143
  66 R   0.68362 0.17317 0.14321 ( 1)  0.775  0.143

Positively selected sites

	Prob(w>1)  mean w



lnL =  -262.820389

Bayes Empirical Bayes (BEB) probabilities for 3 classes (class) & postmean_w
(amino acids refer to 1st sequence: Scur.317)

   1 M   0.33342 0.33340 0.33318 ( 1)  2.499 +-  2.989
   2 E   0.33342 0.33340 0.33319 ( 1)  2.499 +-  2.989
   3 S   0.33342 0.33340 0.33318 ( 1)  2.499 +-  2.989
   4 R   0.33342 0.33340 0.33318 ( 1)  2.499 +-  2.989
   5 S   0.33342 0.33340 0.33318 ( 1)  2.499 +-  2.989
   6 G   0.33342 0.33340 0.33319 ( 1)  2.499 +-  2.989
   7 S   0.33342 0.33340 0.33318 ( 1)  2.499 +-  2.989
   8 G   0.33342 0.33340 0.33318 ( 1)  2.499 +-  2.989
   9 A   0.33342 0.33340 0.33319 ( 1)  2.499 +-  2.989
  10 T   0.33342 0.33340 0.33319 ( 1)  2.499 +-  2.989
  11 P   0.33342 0.33340 0.33319 ( 1)  2.499 +-  2.989
  12 A   0.33342 0.33340 0.33319 ( 1)  2.499 +-  2.989
  13 A   0.33342 0.33340 0.33318 ( 1)  2.499 +-  2.989
  14 N   0.33342 0.33340 0.33318 ( 1)  2.499 +-  2.989
  15 P   0.33342 0.33340 0.33319 ( 1)  2.499 +-  2.989
  16 V   0.33342 0.33340 0.33318 ( 1)  2.499 +-  2.989
  17 T   0.33342 0.33340 0.33318 ( 1)  2.499 +-  2.989
  18 H   0.33342 0.33340 0.33319 ( 1)  2.499 +-  2.989
  19 L   0.33342 0.33340 0.33319 ( 1)  2.499 +-  2.989
  20 S   0.33342 0.33340 0.33319 ( 1)  2.499 +-  2.989
  21 K   0.33342 0.33340 0.33318 ( 1)  2.499 +-  2.989
  22 T   0.33342 0.33340 0.33318 ( 1)  2.499 +-  2.989
  23 V   0.33342 0.33340 0.33318 ( 1)  2.499 +-  2.989
  24 S   0.33342 0.33340 0.33319 ( 1)  2.499 +-  2.989
  25 Y   0.33342 0.33340 0.33319 ( 1)  2.499 +-  2.989
  26 I   0.33342 0.33340 0.33318 ( 1)  2.499 +-  2.989
  27 C   0.33342 0.33340 0.33319 ( 1)  2.499 +-  2.989
  28 G   0.33342 0.33340 0.33318 ( 1)  2.499 +-  2.989
  29 E   0.33342 0.33340 0.33318 ( 1)  2.499 +-  2.989
  30 C   0.33342 0.33340 0.33318 ( 1)  2.499 +-  2.989
  31 R   0.33342 0.33340 0.33319 ( 1)  2.499 +-  2.989
  32 A   0.33342 0.33340 0.33318 ( 1)  2.499 +-  2.989
  33 E   0.33342 0.33340 0.33318 ( 1)  2.499 +-  2.989
  34 N   0.33342 0.33340 0.33318 ( 1)  2.499 +-  2.989
  35 E   0.33342 0.33340 0.33318 ( 1)  2.499 +-  2.989
  36 I   0.33342 0.33340 0.33318 ( 1)  2.499 +-  2.989
  37 R   0.33342 0.33340 0.33319 ( 1)  2.499 +-  2.989
  38 P   0.33342 0.33339 0.33319 ( 1)  2.499 +-  2.989
  39 R   0.33342 0.33340 0.33318 ( 1)  2.499 +-  2.989
  40 E   0.33342 0.33340 0.33318 ( 1)  2.499 +-  2.989
  41 L   0.33342 0.33340 0.33319 ( 1)  2.499 +-  2.989
  42 V   0.33342 0.33340 0.33318 ( 1)  2.499 +-  2.989
  43 R   0.33342 0.33340 0.33319 ( 1)  2.499 +-  2.989
  44 C   0.33342 0.33340 0.33318 ( 1)  2.499 +-  2.989
  45 L   0.33342 0.33340 0.33319 ( 1)  2.499 +-  2.989
  46 E   0.33342 0.33340 0.33319 ( 1)  2.499 +-  2.989
  47 C   0.33342 0.33340 0.33318 ( 1)  2.499 +-  2.989
  48 G   0.33342 0.33340 0.33318 ( 1)  2.499 +-  2.989
  49 H   0.33342 0.33340 0.33319 ( 1)  2.499 +-  2.989
  50 R   0.33342 0.33340 0.33318 ( 1)  2.499 +-  2.989
  51 V   0.33342 0.33340 0.33318 ( 1)  2.499 +-  2.989
  52 L   0.33342 0.33340 0.33319 ( 1)  2.499 +-  2.989
  53 Y   0.33342 0.33339 0.33319 ( 1)  2.499 +-  2.989
  54 K   0.33342 0.33340 0.33319 ( 1)  2.499 +-  2.989
  55 K   0.33342 0.33340 0.33318 ( 1)  2.499 +-  2.989
  56 R   0.33342 0.33340 0.33319 ( 1)  2.499 +-  2.989
  57 S   0.33342 0.33340 0.33319 ( 1)  2.499 +-  2.989
  58 K   0.33342 0.33340 0.33318 ( 1)  2.499 +-  2.989
  59 R   0.33342 0.33340 0.33319 ( 1)  2.499 +-  2.989
  60 M   0.33342 0.33340 0.33318 ( 1)  2.499 +-  2.989
  61 S   0.33342 0.33340 0.33318 ( 1)  2.499 +-  2.989
  62 V   0.33342 0.33340 0.33318 ( 1)  2.499 +-  2.989
  63 F   0.33342 0.33340 0.33319 ( 1)  2.499 +-  2.989
  64 E   0.33342 0.33340 0.33318 ( 1)  2.499 +-  2.989
  65 A   0.33342 0.33340 0.33318 ( 1)  2.499 +-  2.989
  66 R   0.33342 0.33340 0.33319 ( 1)  2.499 +-  2.989

Positively selected sites

	Prob(w>1)  mean w


