Supplemental results for CODEML (seqf: algn  treef: tree)


dN/dS (w) for site classes (K=3)

p:   1.00000  0.00000  0.00000
w:   0.00000  1.00000  1.00000

Naive Empirical Bayes (NEB) probabilities for 3 classes & postmean_w
(amino acids refer to 1st sequence: Treg.9517)

   1 M   1.00000 0.00000 -0.00000 ( 1)  0.000
   2 D   1.00000 0.00000 -0.00000 ( 1)  0.000
   3 K   1.00000 0.00000 -0.00000 ( 1)  0.000
   4 E   1.00000 0.00000 -0.00000 ( 1)  0.000
   5 P   1.00000 0.00000 -0.00000 ( 1)  0.000
   6 L   1.00000 0.00000 -0.00000 ( 1)  0.000
   7 T   1.00000 0.00000 -0.00000 ( 1)  0.000
   8 P   1.00000 0.00000 -0.00000 ( 1)  0.000
   9 V   1.00000 0.00000 -0.00000 ( 1)  0.000
  10 P   1.00000 0.00000 -0.00000 ( 1)  0.000
  11 S   1.00000 0.00000 -0.00000 ( 1)  0.000
  12 E   1.00000 0.00000 -0.00000 ( 1)  0.000
  13 Q   1.00000 0.00000 -0.00000 ( 1)  0.000
  14 L   1.00000 0.00000 -0.00000 ( 1)  0.000
  15 L   1.00000 0.00000 -0.00000 ( 1)  0.000
  16 G   1.00000 0.00000 -0.00000 ( 1)  0.000
  17 P   1.00000 0.00000 -0.00000 ( 1)  0.000
  18 G   1.00000 0.00000 -0.00000 ( 1)  0.000
  19 Y   1.00000 0.00000 -0.00000 ( 1)  0.000
  20 G   1.00000 0.00000 -0.00000 ( 1)  0.000
  21 Q   1.00000 0.00000 -0.00000 ( 1)  0.000
  22 G   1.00000 0.00000 -0.00000 ( 1)  0.000
  23 V   1.00000 0.00000 -0.00000 ( 1)  0.000
  24 W   1.00000 0.00000 -0.00000 ( 1)  0.000
  25 P   1.00000 0.00000 -0.00000 ( 1)  0.000
  26 L   1.00000 0.00000 -0.00000 ( 1)  0.000
  27 R   1.00000 0.00000 -0.00000 ( 1)  0.000
  28 E   1.00000 0.00000 -0.00000 ( 1)  0.000
  29 R   1.00000 0.00000 -0.00000 ( 1)  0.000
  30 L   1.00000 0.00000 -0.00000 ( 1)  0.000
  31 A   1.00000 0.00000 -0.00000 ( 1)  0.000
  32 L   1.00000 0.00000 -0.00000 ( 1)  0.000
  33 A   1.00000 0.00000 -0.00000 ( 1)  0.000
  34 T   1.00000 0.00000 -0.00000 ( 1)  0.000
  35 A   1.00000 0.00000 -0.00000 ( 1)  0.000
  36 L   1.00000 0.00000 -0.00000 ( 1)  0.000
  37 L   1.00000 0.00000 -0.00000 ( 1)  0.000
  38 D   1.00000 0.00000 -0.00000 ( 1)  0.000
  39 V   1.00000 0.00000 -0.00000 ( 1)  0.000
  40 D   1.00000 0.00000 -0.00000 ( 1)  0.000
  41 N   1.00000 0.00000 -0.00000 ( 1)  0.000
  42 Q   1.00000 0.00000 -0.00000 ( 1)  0.000
  43 Q   1.00000 0.00000 -0.00000 ( 1)  0.000
  44 G   1.00000 0.00000 -0.00000 ( 1)  0.000
  45 T   1.00000 0.00000 -0.00000 ( 1)  0.000
  46 W   1.00000 0.00000 -0.00000 ( 1)  0.000
  47 S   1.00000 0.00000 -0.00000 ( 1)  0.000
  48 S   1.00000 0.00000 -0.00000 ( 1)  0.000
  49 T   1.00000 0.00000 -0.00000 ( 1)  0.000
  50 S   1.00000 0.00000 -0.00000 ( 1)  0.000
  51 R   1.00000 0.00000 -0.00000 ( 1)  0.000
  52 R   1.00000 0.00000 -0.00000 ( 1)  0.000
  53 L   1.00000 0.00000 -0.00000 ( 1)  0.000
  54 M   1.00000 0.00000 -0.00000 ( 1)  0.000
  55 P   1.00000 0.00000 -0.00000 ( 1)  0.000
  56 F   1.00000 0.00000 -0.00000 ( 1)  0.000
  57 S   1.00000 0.00000 -0.00000 ( 1)  0.000
  58 K   1.00000 0.00000 -0.00000 ( 1)  0.000
  59 P   1.00000 0.00000 -0.00000 ( 1)  0.000
  60 G   1.00000 0.00000 -0.00000 ( 1)  0.000
  61 R   1.00000 0.00000 -0.00000 ( 1)  0.000
  62 P   1.00000 0.00000 -0.00000 ( 1)  0.000
  63 P   1.00000 0.00000 -0.00000 ( 1)  0.000
  64 T   1.00000 0.00000 -0.00000 ( 1)  0.000
  65 W   1.00000 0.00000 -0.00000 ( 1)  0.000
  66 C   1.00000 0.00000 -0.00000 ( 1)  0.000
  67 S   1.00000 0.00000 -0.00000 ( 1)  0.000
  68 P   1.00000 0.00000 -0.00000 ( 1)  0.000
  69 R   1.00000 0.00000 -0.00000 ( 1)  0.000
  70 A   1.00000 0.00000 -0.00000 ( 1)  0.000
  71 C   1.00000 0.00000 -0.00000 ( 1)  0.000
  72 A   1.00000 0.00000 -0.00000 ( 1)  0.000
  73 K   1.00000 0.00000 -0.00000 ( 1)  0.000
  74 Q   1.00000 0.00000 -0.00000 ( 1)  0.000
  75 Y   1.00000 0.00000 -0.00000 ( 1)  0.000
  76 A   1.00000 0.00000 -0.00000 ( 1)  0.000
  77 L   1.00000 0.00000 -0.00000 ( 1)  0.000
  78 L   1.00000 0.00000 -0.00000 ( 1)  0.000
  79 L   1.00000 0.00000 -0.00000 ( 1)  0.000
  80 D   1.00000 0.00000 -0.00000 ( 1)  0.000
  81 S   1.00000 0.00000 -0.00000 ( 1)  0.000
  82 I   1.00000 0.00000 -0.00000 ( 1)  0.000
  83 E   1.00000 0.00000 -0.00000 ( 1)  0.000
  84 L   1.00000 0.00000 -0.00000 ( 1)  0.000
  85 V   1.00000 0.00000 -0.00000 ( 1)  0.000
  86 K   1.00000 0.00000 -0.00000 ( 1)  0.000
  87 R   1.00000 0.00000 -0.00000 ( 1)  0.000
  88 Q   1.00000 0.00000 -0.00000 ( 1)  0.000
  89 N   1.00000 0.00000 -0.00000 ( 1)  0.000
  90 M   1.00000 0.00000 -0.00000 ( 1)  0.000
  91 P   1.00000 0.00000 -0.00000 ( 1)  0.000
  92 G   1.00000 0.00000 -0.00000 ( 1)  0.000
  93 S   1.00000 0.00000 -0.00000 ( 1)  0.000
  94 D   1.00000 0.00000 -0.00000 ( 1)  0.000
  95 S   1.00000 0.00000 -0.00000 ( 1)  0.000
  96 Q   1.00000 0.00000 -0.00000 ( 1)  0.000
  97 S   1.00000 0.00000 -0.00000 ( 1)  0.000
  98 S   1.00000 0.00000 -0.00000 ( 1)  0.000
  99 Q   1.00000 0.00000 -0.00000 ( 1)  0.000
 100 L   1.00000 0.00000 -0.00000 ( 1)  0.000
 101 S   1.00000 0.00000 -0.00000 ( 1)  0.000
 102 L   1.00000 0.00000 -0.00000 ( 1)  0.000
 103 A   1.00000 0.00000 -0.00000 ( 1)  0.000
 104 E   1.00000 0.00000 -0.00000 ( 1)  0.000
 105 R   1.00000 0.00000 -0.00000 ( 1)  0.000
 106 V   1.00000 0.00000 -0.00000 ( 1)  0.000
 107 V   1.00000 0.00000 -0.00000 ( 1)  0.000
 108 K   1.00000 0.00000 -0.00000 ( 1)  0.000
 109 R   1.00000 0.00000 -0.00000 ( 1)  0.000
 110 L   1.00000 0.00000 -0.00000 ( 1)  0.000
 111 S   1.00000 0.00000 -0.00000 ( 1)  0.000
 112 A   1.00000 0.00000 -0.00000 ( 1)  0.000
 113 E   1.00000 0.00000 -0.00000 ( 1)  0.000
 114 R   1.00000 0.00000 -0.00000 ( 1)  0.000
 115 A   1.00000 0.00000 -0.00000 ( 1)  0.000
 116 E   1.00000 0.00000 -0.00000 ( 1)  0.000
 117 E   1.00000 0.00000 -0.00000 ( 1)  0.000
 118 L   1.00000 0.00000 -0.00000 ( 1)  0.000
 119 R   1.00000 0.00000 -0.00000 ( 1)  0.000
 120 S   1.00000 0.00000 -0.00000 ( 1)  0.000
 121 R   1.00000 0.00000 -0.00000 ( 1)  0.000
 122 I   1.00000 0.00000 -0.00000 ( 1)  0.000
 123 Q   1.00000 0.00000 -0.00000 ( 1)  0.000
 124 R   1.00000 0.00000 -0.00000 ( 1)  0.000
 125 E   1.00000 0.00000 -0.00000 ( 1)  0.000
 126 Q   1.00000 0.00000 -0.00000 ( 1)  0.000
 127 K   1.00000 0.00000 -0.00000 ( 1)  0.000
 128 Y   1.00000 0.00000 -0.00000 ( 1)  0.000
 129 Y   1.00000 0.00000 -0.00000 ( 1)  0.000
 130 S   1.00000 0.00000 -0.00000 ( 1)  0.000
 131 S   1.00000 0.00000 -0.00000 ( 1)  0.000
 132 L   1.00000 0.00000 -0.00000 ( 1)  0.000
 133 K   1.00000 0.00000 -0.00000 ( 1)  0.000
 134 S   1.00000 0.00000 -0.00000 ( 1)  0.000
 135 I   1.00000 0.00000 -0.00000 ( 1)  0.000
 136 I   1.00000 0.00000 -0.00000 ( 1)  0.000
 137 S   1.00000 0.00000 -0.00000 ( 1)  0.000
 138 N   1.00000 0.00000 -0.00000 ( 1)  0.000
 139 V   1.00000 0.00000 -0.00000 ( 1)  0.000
 140 E   1.00000 0.00000 -0.00000 ( 1)  0.000
 141 S   1.00000 0.00000 -0.00000 ( 1)  0.000
 142 G   1.00000 0.00000 -0.00000 ( 1)  0.000
 143 M   1.00000 0.00000 -0.00000 ( 1)  0.000
 144 Y   1.00000 0.00000 -0.00000 ( 1)  0.000
 145 D   1.00000 0.00000 -0.00000 ( 1)  0.000
 146 S   1.00000 0.00000 -0.00000 ( 1)  0.000
 147 Q   1.00000 0.00000 -0.00000 ( 1)  0.000
 148 L   1.00000 0.00000 -0.00000 ( 1)  0.000
 149 P   1.00000 0.00000 -0.00000 ( 1)  0.000
 150 T   1.00000 0.00000 -0.00000 ( 1)  0.000
 151 L   1.00000 0.00000 -0.00000 ( 1)  0.000
 152 L   1.00000 0.00000 -0.00000 ( 1)  0.000
 153 E   1.00000 0.00000 -0.00000 ( 1)  0.000
 154 Q   1.00000 0.00000 -0.00000 ( 1)  0.000
 155 I   1.00000 0.00000 -0.00000 ( 1)  0.000
 156 K   1.00000 0.00000 -0.00000 ( 1)  0.000
 157 S   1.00000 0.00000 -0.00000 ( 1)  0.000
 158 F   1.00000 0.00000 -0.00000 ( 1)  0.000
 159 T   1.00000 0.00000 -0.00000 ( 1)  0.000
 160 E   1.00000 0.00000 -0.00000 ( 1)  0.000
 161 S   1.00000 0.00000 -0.00000 ( 1)  0.000
 162 K   1.00000 0.00000 -0.00000 ( 1)  0.000
 163 N   1.00000 0.00000 -0.00000 ( 1)  0.000
 164 K   1.00000 0.00000 -0.00000 ( 1)  0.000
 165 P   1.00000 0.00000 -0.00000 ( 1)  0.000
 166 E   1.00000 0.00000 -0.00000 ( 1)  0.000
 167 N   1.00000 0.00000 -0.00000 ( 1)  0.000
 168 V   1.00000 0.00000 -0.00000 ( 1)  0.000
 169 T   1.00000 0.00000 -0.00000 ( 1)  0.000
 170 P   1.00000 0.00000 -0.00000 ( 1)  0.000
 171 N   1.00000 0.00000 -0.00000 ( 1)  0.000
 172 K   1.00000 0.00000 -0.00000 ( 1)  0.000
 173 S   1.00000 0.00000 -0.00000 ( 1)  0.000
 174 T   1.00000 0.00000 -0.00000 ( 1)  0.000
 175 S   1.00000 0.00000 -0.00000 ( 1)  0.000

Positively selected sites

	Prob(w>1)  mean w



lnL =  -718.240347

Bayes Empirical Bayes (BEB) probabilities for 3 classes (class) & postmean_w
(amino acids refer to 1st sequence: Treg.9517)

   1 M   0.61193 0.28415 0.10392 ( 1)  0.754 +-  1.005
   2 D   0.61009 0.28438 0.10554 ( 1)  0.761 +-  1.025
   3 K   0.61002 0.28438 0.10560 ( 1)  0.762 +-  1.026
   4 E   0.60906 0.28453 0.10641 ( 1)  0.765 +-  1.036
   5 P   0.60961 0.28445 0.10594 ( 1)  0.763 +-  1.030
   6 L   0.60618 0.28489 0.10893 ( 1)  0.777 +-  1.065
   7 T   0.60897 0.28454 0.10648 ( 1)  0.766 +-  1.036
   8 P   0.60961 0.28445 0.10594 ( 1)  0.763 +-  1.030
   9 V   0.61002 0.28441 0.10558 ( 1)  0.761 +-  1.025
  10 P   0.60961 0.28445 0.10594 ( 1)  0.763 +-  1.030
  11 S   0.60971 0.28444 0.10585 ( 1)  0.763 +-  1.029
  12 E   0.60906 0.28453 0.10641 ( 1)  0.765 +-  1.036
  13 Q   0.60628 0.28486 0.10886 ( 1)  0.777 +-  1.065
  14 L   0.60972 0.28444 0.10584 ( 1)  0.763 +-  1.029
  15 L   0.60972 0.28444 0.10584 ( 1)  0.763 +-  1.029
  16 G   0.61009 0.28440 0.10551 ( 1)  0.761 +-  1.024
  17 P   0.60961 0.28445 0.10594 ( 1)  0.763 +-  1.030
  18 G   0.61009 0.28440 0.10551 ( 1)  0.761 +-  1.024
  19 Y   0.60983 0.28442 0.10575 ( 1)  0.762 +-  1.028
  20 G   0.61009 0.28440 0.10551 ( 1)  0.761 +-  1.024
  21 Q   0.60628 0.28486 0.10886 ( 1)  0.777 +-  1.065
  22 G   0.61009 0.28440 0.10551 ( 1)  0.761 +-  1.024
  23 V   0.61002 0.28441 0.10557 ( 1)  0.761 +-  1.025
  24 W   0.60588 0.28492 0.10920 ( 1)  0.779 +-  1.069
  25 P   0.60961 0.28445 0.10594 ( 1)  0.763 +-  1.030
  26 L   0.60618 0.28489 0.10893 ( 1)  0.778 +-  1.066
  27 R   0.60986 0.28443 0.10571 ( 1)  0.762 +-  1.027
  28 E   0.60906 0.28453 0.10641 ( 1)  0.765 +-  1.036
  29 R   0.60886 0.28457 0.10657 ( 1)  0.766 +-  1.037
  30 L   0.60618 0.28489 0.10893 ( 1)  0.778 +-  1.066
  31 A   0.61001 0.28440 0.10559 ( 1)  0.762 +-  1.026
  32 L   0.60667 0.28483 0.10850 ( 1)  0.775 +-  1.060
  33 A   0.61001 0.28440 0.10559 ( 1)  0.762 +-  1.026
  34 T   0.60999 0.28440 0.10562 ( 1)  0.762 +-  1.026
  35 A   0.61001 0.28440 0.10559 ( 1)  0.762 +-  1.026
  36 L   0.60972 0.28444 0.10584 ( 1)  0.763 +-  1.029
  37 L   0.60667 0.28483 0.10850 ( 1)  0.775 +-  1.060
  38 D   0.60635 0.28487 0.10878 ( 1)  0.777 +-  1.064
  39 V   0.61002 0.28441 0.10557 ( 1)  0.761 +-  1.025
  40 D   0.61009 0.28438 0.10554 ( 1)  0.761 +-  1.025
  41 N   0.61002 0.28438 0.10560 ( 1)  0.762 +-  1.026
  42 Q   0.60586 0.28491 0.10923 ( 1)  0.779 +-  1.069
  43 Q   0.60586 0.28491 0.10923 ( 1)  0.779 +-  1.069
  44 G   0.61009 0.28440 0.10551 ( 1)  0.761 +-  1.024
  45 T   0.60630 0.28488 0.10882 ( 1)  0.777 +-  1.064
  46 W   0.60588 0.28492 0.10920 ( 1)  0.779 +-  1.069
  47 S   0.60618 0.28489 0.10893 ( 1)  0.777 +-  1.065
  48 S   0.60972 0.28444 0.10584 ( 1)  0.763 +-  1.029
  49 T   0.60630 0.28488 0.10882 ( 1)  0.777 +-  1.064
  50 S   0.61015 0.28439 0.10546 ( 1)  0.761 +-  1.024
  51 R   0.60986 0.28443 0.10571 ( 1)  0.762 +-  1.027
  52 R   0.60986 0.28443 0.10571 ( 1)  0.762 +-  1.027
  53 L   0.60662 0.28483 0.10854 ( 1)  0.776 +-  1.061
  54 M   0.61193 0.28415 0.10392 ( 1)  0.754 +-  1.005
  55 P   0.60961 0.28445 0.10594 ( 1)  0.763 +-  1.030
  56 F   0.60966 0.28446 0.10588 ( 1)  0.763 +-  1.029
  57 S   0.60972 0.28444 0.10584 ( 1)  0.763 +-  1.029
  58 K   0.61002 0.28438 0.10560 ( 1)  0.762 +-  1.026
  59 P   0.60961 0.28445 0.10594 ( 1)  0.763 +-  1.030
  60 G   0.61009 0.28440 0.10551 ( 1)  0.761 +-  1.024
  61 R   0.60886 0.28457 0.10657 ( 1)  0.766 +-  1.037
  62 P   0.60961 0.28445 0.10594 ( 1)  0.763 +-  1.030
  63 P   0.60961 0.28445 0.10594 ( 1)  0.763 +-  1.030
  64 T   0.60999 0.28440 0.10562 ( 1)  0.762 +-  1.026
  65 W   0.60588 0.28492 0.10920 ( 1)  0.779 +-  1.069
  66 C   0.60968 0.28446 0.10585 ( 1)  0.763 +-  1.028
  67 S   0.60874 0.28458 0.10668 ( 1)  0.767 +-  1.038
  68 P   0.60961 0.28445 0.10594 ( 1)  0.763 +-  1.030
  69 R   0.61014 0.28439 0.10547 ( 1)  0.761 +-  1.024
  70 A   0.61001 0.28440 0.10559 ( 1)  0.762 +-  1.026
  71 C   0.60968 0.28446 0.10585 ( 1)  0.763 +-  1.028
  72 A   0.60900 0.28454 0.10646 ( 1)  0.766 +-  1.036
  73 K   0.61002 0.28438 0.10560 ( 1)  0.762 +-  1.026
  74 Q   0.60586 0.28491 0.10923 ( 1)  0.779 +-  1.069
  75 Y   0.60623 0.28489 0.10889 ( 1)  0.777 +-  1.065
  76 A   0.60631 0.28488 0.10881 ( 1)  0.777 +-  1.064
  77 L   0.60667 0.28483 0.10850 ( 1)  0.775 +-  1.060
  78 L   0.60972 0.28444 0.10584 ( 1)  0.763 +-  1.029
  79 L   0.60720 0.28476 0.10804 ( 1)  0.773 +-  1.055
  80 D   0.61009 0.28438 0.10554 ( 1)  0.761 +-  1.025
  81 S   0.60971 0.28444 0.10585 ( 1)  0.763 +-  1.029
  82 I   0.61004 0.28440 0.10556 ( 1)  0.761 +-  1.025
  83 E   0.61008 0.28438 0.10554 ( 1)  0.761 +-  1.025
  84 L   0.60618 0.28489 0.10893 ( 1)  0.778 +-  1.066
  85 V   0.60630 0.28488 0.10882 ( 1)  0.777 +-  1.064
  86 K   0.60900 0.28453 0.10646 ( 1)  0.766 +-  1.036
  87 R   0.60766 0.28471 0.10763 ( 1)  0.771 +-  1.050
  88 Q   0.60628 0.28486 0.10886 ( 1)  0.777 +-  1.065
  89 N   0.61002 0.28438 0.10560 ( 1)  0.762 +-  1.026
  90 M   0.61193 0.28415 0.10392 ( 1)  0.754 +-  1.005
  91 P   0.60866 0.28458 0.10676 ( 1)  0.767 +-  1.040
  92 G   0.60905 0.28455 0.10640 ( 1)  0.765 +-  1.035
  93 S   0.61015 0.28439 0.10546 ( 1)  0.761 +-  1.024
  94 D   0.60635 0.28487 0.10878 ( 1)  0.777 +-  1.064
  95 S   0.60971 0.28444 0.10585 ( 1)  0.763 +-  1.029
  96 Q   0.60586 0.28491 0.10923 ( 1)  0.779 +-  1.069
  97 S   0.60971 0.28444 0.10585 ( 1)  0.763 +-  1.029
  98 S   0.61015 0.28439 0.10546 ( 1)  0.761 +-  1.024
  99 Q   0.60586 0.28491 0.10923 ( 1)  0.779 +-  1.069
 100 L   0.60662 0.28483 0.10854 ( 1)  0.776 +-  1.061
 101 S   0.61015 0.28439 0.10546 ( 1)  0.761 +-  1.024
 102 L   0.60667 0.28483 0.10850 ( 1)  0.775 +-  1.060
 103 A   0.61001 0.28440 0.10559 ( 1)  0.762 +-  1.026
 104 E   0.60906 0.28453 0.10641 ( 1)  0.765 +-  1.036
 105 R   0.60986 0.28443 0.10571 ( 1)  0.762 +-  1.027
 106 V   0.61002 0.28441 0.10558 ( 1)  0.761 +-  1.025
 107 V   0.60900 0.28455 0.10645 ( 1)  0.766 +-  1.036
 108 K   0.60900 0.28453 0.10646 ( 1)  0.766 +-  1.036
 109 R   0.60986 0.28443 0.10571 ( 1)  0.762 +-  1.027
 110 L   0.60720 0.28476 0.10804 ( 1)  0.773 +-  1.055
 111 S   0.61015 0.28439 0.10546 ( 1)  0.761 +-  1.024
 112 A   0.61001 0.28440 0.10559 ( 1)  0.762 +-  1.026
 113 E   0.61008 0.28438 0.10554 ( 1)  0.761 +-  1.025
 114 R   0.60766 0.28471 0.10763 ( 1)  0.771 +-  1.050
 115 A   0.61001 0.28440 0.10559 ( 1)  0.762 +-  1.026
 116 E   0.61008 0.28438 0.10554 ( 1)  0.761 +-  1.025
 117 E   0.61008 0.28438 0.10554 ( 1)  0.761 +-  1.025
 118 L   0.60667 0.28483 0.10850 ( 1)  0.775 +-  1.060
 119 R   0.60910 0.28454 0.10636 ( 1)  0.765 +-  1.034
 120 S   0.60874 0.28458 0.10668 ( 1)  0.767 +-  1.038
 121 R   0.60766 0.28471 0.10763 ( 1)  0.771 +-  1.050
 122 I   0.61244 0.28406 0.10350 ( 1)  0.752 +-  1.001
 123 Q   0.60628 0.28486 0.10886 ( 1)  0.777 +-  1.065
 124 R   0.60986 0.28443 0.10571 ( 1)  0.762 +-  1.027
 125 E   0.61008 0.28438 0.10554 ( 1)  0.761 +-  1.025
 126 Q   0.60586 0.28491 0.10923 ( 1)  0.779 +-  1.069
 127 K   0.60900 0.28453 0.10646 ( 1)  0.766 +-  1.036
 128 Y   0.60623 0.28489 0.10889 ( 1)  0.777 +-  1.065
 129 Y   0.60623 0.28489 0.10889 ( 1)  0.777 +-  1.065
 130 S   0.61015 0.28439 0.10546 ( 1)  0.761 +-  1.024
 131 S   0.60971 0.28444 0.10585 ( 1)  0.763 +-  1.029
 132 L   0.60618 0.28489 0.10893 ( 1)  0.778 +-  1.066
 133 K   0.61002 0.28438 0.10560 ( 1)  0.762 +-  1.026
 134 S   0.61015 0.28439 0.10546 ( 1)  0.761 +-  1.024
 135 I   0.61004 0.28440 0.10556 ( 1)  0.761 +-  1.025
 136 I   0.61004 0.28440 0.10556 ( 1)  0.761 +-  1.025
 137 S   0.60874 0.28458 0.10668 ( 1)  0.767 +-  1.038
 138 N   0.60632 0.28487 0.10880 ( 1)  0.777 +-  1.064
 139 V   0.60900 0.28455 0.10645 ( 1)  0.766 +-  1.036
 140 E   0.61008 0.28438 0.10554 ( 1)  0.761 +-  1.025
 141 S   0.60972 0.28444 0.10584 ( 1)  0.763 +-  1.029
 142 G   0.60633 0.28488 0.10879 ( 1)  0.777 +-  1.064
 143 M   0.61193 0.28415 0.10392 ( 1)  0.754 +-  1.005
 144 Y   0.60623 0.28489 0.10889 ( 1)  0.777 +-  1.065
 145 D   0.60635 0.28487 0.10878 ( 1)  0.777 +-  1.064
 146 S   0.61015 0.28439 0.10546 ( 1)  0.761 +-  1.024
 147 Q   0.60586 0.28491 0.10923 ( 1)  0.779 +-  1.069
 148 L   0.60642 0.28486 0.10872 ( 1)  0.776 +-  1.063
 149 P   0.60614 0.28490 0.10897 ( 1)  0.778 +-  1.066
 150 T   0.60998 0.28440 0.10562 ( 1)  0.762 +-  1.026
 151 L   0.60618 0.28489 0.10893 ( 1)  0.778 +-  1.066
 152 L   0.60642 0.28486 0.10872 ( 1)  0.776 +-  1.063
 153 E   0.60906 0.28453 0.10641 ( 1)  0.765 +-  1.036
 154 Q   0.60628 0.28486 0.10886 ( 1)  0.777 +-  1.065
 155 I   0.60631 0.28488 0.10881 ( 1)  0.777 +-  1.064
 156 K   0.60900 0.28453 0.10646 ( 1)  0.766 +-  1.036
 157 S   0.60972 0.28444 0.10584 ( 1)  0.763 +-  1.029
 158 F   0.60615 0.28490 0.10895 ( 1)  0.778 +-  1.066
 159 T   0.60630 0.28488 0.10882 ( 1)  0.777 +-  1.064
 160 E   0.61008 0.28438 0.10554 ( 1)  0.761 +-  1.025
 161 S   0.60971 0.28444 0.10585 ( 1)  0.763 +-  1.029
 162 K   0.61002 0.28438 0.10560 ( 1)  0.762 +-  1.026
 163 N   0.60632 0.28487 0.10880 ( 1)  0.777 +-  1.064
 164 K   0.61002 0.28438 0.10560 ( 1)  0.762 +-  1.026
 165 P   0.60866 0.28458 0.10676 ( 1)  0.767 +-  1.040
 166 E   0.61008 0.28438 0.10554 ( 1)  0.761 +-  1.025
 167 N   0.61002 0.28438 0.10560 ( 1)  0.762 +-  1.026
 168 V   0.61002 0.28441 0.10558 ( 1)  0.761 +-  1.025
 169 T   0.60999 0.28440 0.10562 ( 1)  0.762 +-  1.026
 170 P   0.60614 0.28490 0.10897 ( 1)  0.778 +-  1.066
 171 N   0.60632 0.28487 0.10880 ( 1)  0.777 +-  1.064
 172 K   0.60900 0.28453 0.10646 ( 1)  0.766 +-  1.036
 173 S   0.61015 0.28439 0.10546 ( 1)  0.761 +-  1.024
 174 T   0.60998 0.28440 0.10562 ( 1)  0.762 +-  1.026
 175 S   0.60972 0.28444 0.10584 ( 1)  0.763 +-  1.029

Positively selected sites

	Prob(w>1)  mean w


