Supplemental results for CODEML (seqf: algn  treef: tree)


dN/dS (w) for site classes (K=3)

p:   0.99650  0.00000  0.00350
w:   0.00000  1.00000 999.00000

Naive Empirical Bayes (NEB) probabilities for 3 classes & postmean_w & P(w>1)
(amino acids refer to 1st sequence: Treg.4617)

   1 M   0.99968 0.00000 0.00032 ( 1)  0.317  0.000
   2 A   0.99963 0.00000 0.00037 ( 1)  0.373  0.000
   3 T   0.99945 0.00000 0.00055 ( 1)  0.552  0.001
   4 D   0.99963 0.00000 0.00037 ( 1)  0.371  0.000
   5 N   0.99961 0.00000 0.00039 ( 1)  0.394  0.000
   6 D   0.99963 0.00000 0.00037 ( 1)  0.371  0.000
   7 I   0.99953 0.00000 0.00047 ( 1)  0.472  0.000
   8 L   0.99913 0.00000 0.00087 ( 1)  0.872  0.001
   9 D   0.99963 0.00000 0.00037 ( 1)  0.371  0.000
  10 I   0.99953 0.00000 0.00047 ( 1)  0.472  0.000
  11 I   0.99949 0.00000 0.00051 ( 1)  0.508  0.001
  12 K   0.99929 0.00000 0.00071 ( 1)  0.707  0.001
  13 A   0.99942 0.00000 0.00058 ( 1)  0.583  0.001
  14 I   0.99953 0.00000 0.00047 ( 1)  0.472  0.000
  15 K   0.99946 0.00000 0.00054 ( 1)  0.542  0.001
  16 R   0.99945 0.00000 0.00055 ( 1)  0.546  0.001
  17 D   0.99963 0.00000 0.00037 ( 1)  0.371  0.000
  18 E   0.99945 0.00000 0.00055 ( 1)  0.545  0.001
  19 N   0.99961 0.00000 0.00039 ( 1)  0.394  0.000
  20 D   0.99963 0.00000 0.00037 ( 1)  0.371  0.000
  21 T   0.99893 0.00000 0.00107 ( 1)  1.064  0.001
  22 S   0.99910 0.00000 0.00090 ( 1)  0.894  0.001
  23 V   0.99953 0.00000 0.00047 ( 1)  0.467  0.000
  24 E   0.99945 0.00000 0.00055 ( 1)  0.545  0.001
  25 F   0.99956 0.00000 0.00044 ( 1)  0.441  0.000
  26 P   0.99957 0.00000 0.00043 ( 1)  0.433  0.000
  27 F   0.99956 0.00000 0.00044 ( 1)  0.441  0.000
  28 E   0.99925 0.00000 0.00075 ( 1)  0.746  0.001
  29 R   0.99851 0.00000 0.00149 ( 1)  1.490  0.001
  30 I   0.99953 0.00000 0.00047 ( 1)  0.472  0.000
  31 S   0.99910 0.00000 0.00090 ( 1)  0.894  0.001
  32 R   0.99945 0.00000 0.00055 ( 1)  0.546  0.001
  33 L   0.99913 0.00000 0.00087 ( 1)  0.872  0.001
  34 L   0.99964 0.00000 0.00036 ( 1)  0.363  0.000
  35 L   0.99964 0.00000 0.00036 ( 1)  0.363  0.000
  36 D   0.99963 0.00000 0.00037 ( 1)  0.371  0.000
  37 E   0.99945 0.00000 0.00055 ( 1)  0.545  0.001
  38 K   0.99946 0.00000 0.00054 ( 1)  0.542  0.001
  39 G   0.99963 0.00000 0.00037 ( 1)  0.370  0.000
  40 L   0.99964 0.00000 0.00036 ( 1)  0.363  0.000
  41 P   0.99925 0.00000 0.00075 ( 1)  0.748  0.001
  42 D   0.99963 0.00000 0.00037 ( 1)  0.371  0.000
  43 A   0.99889 0.00000 0.00111 ( 1)  1.113  0.001
  44 L   0.99834 0.00000 0.00166 ( 1)  1.655  0.002
  45 V   0.99953 0.00000 0.00047 ( 1)  0.467  0.000
  46 E   0.99945 0.00000 0.00055 ( 1)  0.545  0.001
  47 C   0.99962 0.00000 0.00038 ( 1)  0.384  0.000
  48 I   0.99953 0.00000 0.00047 ( 1)  0.472  0.000
  49 V   0.99938 0.00000 0.00062 ( 1)  0.617  0.001
  50 S   0.99970 0.00000 0.00030 ( 1)  0.299  0.000
  51 A   0.99963 0.00000 0.00037 ( 1)  0.373  0.000
  52 A   0.99889 0.00000 0.00111 ( 1)  1.113  0.001
  53 F   0.99925 0.00000 0.00075 ( 1)  0.752  0.001
  54 D   0.99963 0.00000 0.00037 ( 1)  0.371  0.000
  55 P   0.99925 0.00000 0.00075 ( 1)  0.748  0.001
  56 S   0.99910 0.00000 0.00090 ( 1)  0.894  0.001
  57 L   0.99964 0.00000 0.00036 ( 1)  0.363  0.000
  58 I   0.99949 0.00000 0.00051 ( 1)  0.508  0.001
  59 R   0.99919 0.00000 0.00081 ( 1)  0.805  0.001
  60 L   0.99834 0.00000 0.00166 ( 1)  1.655  0.002
  61 K   0.99946 0.00000 0.00054 ( 1)  0.542  0.001
  62 G   0.99963 0.00000 0.00037 ( 1)  0.370  0.000
  63 F   0.99956 0.00000 0.00044 ( 1)  0.441  0.000
  64 E   0.99925 0.00000 0.00075 ( 1)  0.746  0.001
  65 L   0.99913 0.00000 0.00087 ( 1)  0.872  0.001
  66 L   0.99923 0.00000 0.00077 ( 1)  0.774  0.001
  67 F   0.99956 0.00000 0.00044 ( 1)  0.441  0.000
  68 P   0.99957 0.00000 0.00043 ( 1)  0.433  0.000
  69 G   0.99963 0.00000 0.00037 ( 1)  0.370  0.000
  70 L   0.99964 0.00000 0.00036 ( 1)  0.363  0.000
  71 W   0.99860 0.00000 0.00140 ( 1)  1.402  0.001
  72 K   0.99946 0.00000 0.00054 ( 1)  0.542  0.001
  73 C   0.00000 0.00000 1.00000 ( 3) 998.998  1.000
  74 A   0.99901 0.00000 0.00099 ( 1)  0.986  0.001
  75 F   0.99956 0.00000 0.00044 ( 1)  0.441  0.000
  76 L   0.99884 0.00000 0.00116 ( 1)  1.155  0.001
  77 R   0.99946 0.00000 0.00054 ( 1)  0.543  0.001
  78 A   0.99942 0.00000 0.00058 ( 1)  0.583  0.001
  79 S   0.99910 0.00000 0.00090 ( 1)  0.894  0.001
  80 E   0.99925 0.00000 0.00075 ( 1)  0.746  0.001
  81 V   0.99938 0.00000 0.00062 ( 1)  0.617  0.001
  82 N   0.99926 0.00000 0.00074 ( 1)  0.736  0.001
  83 W   0.99860 0.00000 0.00140 ( 1)  1.402  0.001
  84 R   0.99946 0.00000 0.00054 ( 1)  0.543  0.001
  85 S   0.99910 0.00000 0.00090 ( 1)  0.894  0.001
  86 S   0.99877 0.00000 0.00123 ( 1)  1.232  0.001
  87 Q   0.99906 0.00000 0.00094 ( 1)  0.937  0.001
  88 V   0.99909 0.00000 0.00091 ( 1)  0.910  0.001
  89 F   0.99956 0.00000 0.00044 ( 1)  0.441  0.000
  90 P   0.99957 0.00000 0.00043 ( 1)  0.433  0.000
  91 V   0.99909 0.00000 0.00091 ( 1)  0.910  0.001
  92 L   0.99913 0.00000 0.00087 ( 1)  0.872  0.001
  93 N   0.99961 0.00000 0.00039 ( 1)  0.394  0.000
  94 Q   0.99906 0.00000 0.00094 ( 1)  0.937  0.001
  95 I   0.99953 0.00000 0.00047 ( 1)  0.472  0.000
  96 V   0.99938 0.00000 0.00062 ( 1)  0.617  0.001
  97 R   0.99843 0.00000 0.00157 ( 1)  1.570  0.002
  98 F   0.99925 0.00000 0.00075 ( 1)  0.752  0.001
  99 N   0.99926 0.00000 0.00074 ( 1)  0.736  0.001
 100 S   0.99960 0.00000 0.00040 ( 1)  0.404  0.000
 101 F   0.99956 0.00000 0.00044 ( 1)  0.441  0.000
 102 V   0.99938 0.00000 0.00062 ( 1)  0.617  0.001
 103 D   0.99924 0.00000 0.00076 ( 1)  0.762  0.001
 104 F   0.99925 0.00000 0.00075 ( 1)  0.752  0.001
 105 A   0.99963 0.00000 0.00037 ( 1)  0.373  0.000
 106 D   0.99924 0.00000 0.00076 ( 1)  0.762  0.001
 107 Q   0.99871 0.00000 0.00129 ( 1)  1.285  0.001
 108 F   0.99956 0.00000 0.00044 ( 1)  0.441  0.000
 109 A   0.99942 0.00000 0.00058 ( 1)  0.583  0.001
 110 S   0.99960 0.00000 0.00040 ( 1)  0.404  0.000
 111 I   0.99909 0.00000 0.00091 ( 1)  0.911  0.001
 112 L   0.99884 0.00000 0.00116 ( 1)  1.155  0.001
 113 V   0.99893 0.00000 0.00107 ( 1)  1.071  0.001
 114 T   0.99963 0.00000 0.00037 ( 1)  0.372  0.000
 115 S   0.99910 0.00000 0.00090 ( 1)  0.894  0.001
 116 V   0.99953 0.00000 0.00047 ( 1)  0.467  0.000
 117 E   0.99945 0.00000 0.00055 ( 1)  0.545  0.001
 118 K   0.99946 0.00000 0.00054 ( 1)  0.542  0.001
 119 A   0.99889 0.00000 0.00111 ( 1)  1.113  0.001
 120 S   0.99960 0.00000 0.00040 ( 1)  0.404  0.000
 121 K   0.99946 0.00000 0.00054 ( 1)  0.542  0.001
 122 L   0.99923 0.00000 0.00077 ( 1)  0.774  0.001
 123 Y   0.99945 0.00000 0.00055 ( 1)  0.552  0.001
 124 M   0.99968 0.00000 0.00032 ( 1)  0.317  0.000
 125 F   0.99925 0.00000 0.00075 ( 1)  0.752  0.001
 126 D   0.99924 0.00000 0.00076 ( 1)  0.762  0.001
 127 A   0.99901 0.00000 0.00099 ( 1)  0.986  0.001
 128 D   0.99963 0.00000 0.00037 ( 1)  0.371  0.000
 129 C   0.99962 0.00000 0.00038 ( 1)  0.384  0.000
 130 I   0.99953 0.00000 0.00047 ( 1)  0.472  0.000
 131 S   0.99877 0.00000 0.00123 ( 1)  1.232  0.001
 132 F   0.99956 0.00000 0.00044 ( 1)  0.441  0.000
 133 L   0.99923 0.00000 0.00077 ( 1)  0.774  0.001
 134 D   0.99963 0.00000 0.00037 ( 1)  0.371  0.000
 135 A   0.99942 0.00000 0.00058 ( 1)  0.583  0.001
 136 L   0.99964 0.00000 0.00036 ( 1)  0.363  0.000
 137 L   0.99923 0.00000 0.00077 ( 1)  0.774  0.001
 138 Q   0.99871 0.00000 0.00129 ( 1)  1.285  0.001
 139 F   0.99956 0.00000 0.00044 ( 1)  0.441  0.000
 140 G   0.99877 0.00000 0.00123 ( 1)  1.224  0.001
 141 M   0.99968 0.00000 0.00032 ( 1)  0.317  0.000
 142 K   0.99946 0.00000 0.00054 ( 1)  0.542  0.001
 143 H   0.99906 0.00000 0.00094 ( 1)  0.943  0.001
 144 N   0.99961 0.00000 0.00039 ( 1)  0.394  0.000
 145 V   0.99953 0.00000 0.00047 ( 1)  0.467  0.000
 146 D   0.99924 0.00000 0.00076 ( 1)  0.762  0.001
 147 L   0.99913 0.00000 0.00087 ( 1)  0.872  0.001
 148 N   0.99961 0.00000 0.00039 ( 1)  0.394  0.000
 149 D   0.99963 0.00000 0.00037 ( 1)  0.371  0.000
 150 A   0.99889 0.00000 0.00111 ( 1)  1.113  0.001
 151 L   0.99964 0.00000 0.00036 ( 1)  0.363  0.000
 152 L   0.99923 0.00000 0.00077 ( 1)  0.774  0.001
 153 K   0.99946 0.00000 0.00054 ( 1)  0.542  0.001
 154 S   0.99909 0.00000 0.00091 ( 1)  0.914  0.001
 155 V   0.99893 0.00000 0.00107 ( 1)  1.071  0.001
 156 I   0.99953 0.00000 0.00047 ( 1)  0.472  0.000
 157 I   0.99953 0.00000 0.00047 ( 1)  0.472  0.000
 158 C   0.99962 0.00000 0.00038 ( 1)  0.384  0.000
 159 G   0.99963 0.00000 0.00037 ( 1)  0.370  0.000
 160 N   0.99961 0.00000 0.00039 ( 1)  0.394  0.000
 161 E   0.99945 0.00000 0.00055 ( 1)  0.545  0.001
 162 F   0.99925 0.00000 0.00075 ( 1)  0.752  0.001
 163 D   0.99963 0.00000 0.00037 ( 1)  0.371  0.000
 164 S   0.99877 0.00000 0.00123 ( 1)  1.232  0.001
 165 S   0.99910 0.00000 0.00090 ( 1)  0.894  0.001
 166 C   0.99962 0.00000 0.00038 ( 1)  0.384  0.000
 167 K   0.99929 0.00000 0.00071 ( 1)  0.707  0.001
 168 D   0.99963 0.00000 0.00037 ( 1)  0.371  0.000
 169 D   0.99924 0.00000 0.00076 ( 1)  0.762  0.001
 170 S   0.99910 0.00000 0.00090 ( 1)  0.894  0.001
 171 L   0.99834 0.00000 0.00166 ( 1)  1.655  0.002
 172 W   0.99860 0.00000 0.00140 ( 1)  1.402  0.001
 173 N   0.99961 0.00000 0.00039 ( 1)  0.394  0.000
 174 R   0.99843 0.00000 0.00157 ( 1)  1.570  0.002
 175 L   0.99913 0.00000 0.00087 ( 1)  0.872  0.001
 176 I   0.99953 0.00000 0.00047 ( 1)  0.472  0.000
 177 L   0.99923 0.00000 0.00077 ( 1)  0.774  0.001
 178 I   0.99949 0.00000 0.00051 ( 1)  0.508  0.001
 179 I   0.99949 0.00000 0.00051 ( 1)  0.508  0.001
 180 K   0.99929 0.00000 0.00071 ( 1)  0.707  0.001
 181 L   0.99913 0.00000 0.00087 ( 1)  0.872  0.001
 182 I   0.99949 0.00000 0.00051 ( 1)  0.508  0.001
 183 N   0.99926 0.00000 0.00074 ( 1)  0.736  0.001
 184 L   0.99923 0.00000 0.00077 ( 1)  0.774  0.001
 185 M   0.99968 0.00000 0.00032 ( 1)  0.317  0.000
 186 K   0.99946 0.00000 0.00054 ( 1)  0.542  0.001
 187 S   0.99910 0.00000 0.00090 ( 1)  0.894  0.001
 188 V   0.99893 0.00000 0.00107 ( 1)  1.071  0.001
 189 D   0.99924 0.00000 0.00076 ( 1)  0.762  0.001
 190 V   0.99953 0.00000 0.00047 ( 1)  0.467  0.000
 191 T   0.99963 0.00000 0.00037 ( 1)  0.372  0.000
 192 N   0.99926 0.00000 0.00074 ( 1)  0.736  0.001
 193 N   0.99961 0.00000 0.00039 ( 1)  0.394  0.000
 194 L   0.99913 0.00000 0.00087 ( 1)  0.872  0.001
 195 L   0.99913 0.00000 0.00087 ( 1)  0.872  0.001
 196 E   0.99945 0.00000 0.00055 ( 1)  0.545  0.001
 197 S   0.99877 0.00000 0.00123 ( 1)  1.232  0.001
 198 L   0.99834 0.00000 0.00166 ( 1)  1.655  0.002
 199 K   0.99946 0.00000 0.00054 ( 1)  0.542  0.001
 200 Q   0.99906 0.00000 0.00094 ( 1)  0.937  0.001
 201 P   0.99877 0.00000 0.00123 ( 1)  1.227  0.001
 202 I   0.99953 0.00000 0.00047 ( 1)  0.472  0.000
 203 S   0.99910 0.00000 0.00090 ( 1)  0.894  0.001
 204 F   0.99956 0.00000 0.00044 ( 1)  0.441  0.000
 205 C   0.99886 0.00000 0.00114 ( 1)  1.143  0.001
 206 L   0.99913 0.00000 0.00087 ( 1)  0.872  0.001
 207 D   0.99924 0.00000 0.00076 ( 1)  0.762  0.001
 208 C   0.99886 0.00000 0.00114 ( 1)  1.143  0.001
 209 L   0.99913 0.00000 0.00087 ( 1)  0.872  0.001
 210 K   0.99929 0.00000 0.00071 ( 1)  0.707  0.001
 211 T   0.99963 0.00000 0.00037 ( 1)  0.372  0.000
 212 K   0.99946 0.00000 0.00054 ( 1)  0.542  0.001
 213 R   0.99946 0.00000 0.00054 ( 1)  0.543  0.001
 214 F   0.99956 0.00000 0.00044 ( 1)  0.441  0.000
 215 S   0.99885 0.00000 0.00115 ( 1)  1.149  0.001
 216 S   0.99909 0.00000 0.00091 ( 1)  0.914  0.001
 217 M   0.99968 0.00000 0.00032 ( 1)  0.317  0.000
 218 S   0.99970 0.00000 0.00030 ( 1)  0.299  0.000
 219 K   0.99946 0.00000 0.00054 ( 1)  0.542  0.001
 220 Q   0.99871 0.00000 0.00129 ( 1)  1.285  0.001
 221 F   0.99925 0.00000 0.00075 ( 1)  0.752  0.001
 222 C   0.99962 0.00000 0.00038 ( 1)  0.384  0.000
 223 L   0.99964 0.00000 0.00036 ( 1)  0.363  0.000
 224 V   0.99893 0.00000 0.00107 ( 1)  1.071  0.001
 225 L   0.99964 0.00000 0.00036 ( 1)  0.363  0.000
 226 Q   0.99871 0.00000 0.00129 ( 1)  1.285  0.001
 227 F   0.99956 0.00000 0.00044 ( 1)  0.441  0.000
 228 L   0.99913 0.00000 0.00087 ( 1)  0.872  0.001
 229 A   0.99963 0.00000 0.00037 ( 1)  0.373  0.000
 230 A   0.99963 0.00000 0.00037 ( 1)  0.373  0.000
 231 L   0.99913 0.00000 0.00087 ( 1)  0.872  0.001
 232 T   0.99945 0.00000 0.00055 ( 1)  0.552  0.001
 233 T   0.99963 0.00000 0.00037 ( 1)  0.372  0.000
 234 L   0.99913 0.00000 0.00087 ( 1)  0.872  0.001
 235 Y   0.99945 0.00000 0.00055 ( 1)  0.552  0.001
 236 Q   0.99871 0.00000 0.00129 ( 1)  1.285  0.001
 237 S   0.99877 0.00000 0.00123 ( 1)  1.232  0.001
 238 L   0.99964 0.00000 0.00036 ( 1)  0.363  0.000
 239 K   0.99946 0.00000 0.00054 ( 1)  0.542  0.001
 240 W   0.99860 0.00000 0.00140 ( 1)  1.402  0.001
 241 L   0.99923 0.00000 0.00077 ( 1)  0.774  0.001
 242 E   0.99945 0.00000 0.00055 ( 1)  0.545  0.001
 243 D   0.99963 0.00000 0.00037 ( 1)  0.371  0.000
 244 F   0.99956 0.00000 0.00044 ( 1)  0.441  0.000
 245 C   0.99886 0.00000 0.00114 ( 1)  1.143  0.001
 246 C   0.99962 0.00000 0.00038 ( 1)  0.384  0.000
 247 K   0.99946 0.00000 0.00054 ( 1)  0.542  0.001
 248 S   0.99960 0.00000 0.00040 ( 1)  0.404  0.000
 249 N   0.99961 0.00000 0.00039 ( 1)  0.394  0.000
 250 N   0.99926 0.00000 0.00074 ( 1)  0.736  0.001
 251 G   0.99963 0.00000 0.00037 ( 1)  0.370  0.000
 252 E   0.99945 0.00000 0.00055 ( 1)  0.545  0.001
 253 P   0.99925 0.00000 0.00075 ( 1)  0.748  0.001
 254 F   0.99956 0.00000 0.00044 ( 1)  0.441  0.000
 255 I   0.99949 0.00000 0.00051 ( 1)  0.508  0.001
 256 L   0.99923 0.00000 0.00077 ( 1)  0.774  0.001
 257 I   0.99953 0.00000 0.00047 ( 1)  0.472  0.000
 258 V   0.99953 0.00000 0.00047 ( 1)  0.467  0.000
 259 T   0.99893 0.00000 0.00107 ( 1)  1.064  0.001
 260 T   0.99963 0.00000 0.00037 ( 1)  0.372  0.000
 261 V   0.99893 0.00000 0.00107 ( 1)  1.071  0.001
 262 I   0.99909 0.00000 0.00091 ( 1)  0.911  0.001
 263 I   0.99953 0.00000 0.00047 ( 1)  0.472  0.000
 264 E   0.99945 0.00000 0.00055 ( 1)  0.545  0.001
 265 L   0.99834 0.00000 0.00166 ( 1)  1.655  0.002
 266 R   0.99945 0.00000 0.00055 ( 1)  0.546  0.001
 267 L   0.99834 0.00000 0.00166 ( 1)  1.655  0.002
 268 Y   0.99945 0.00000 0.00055 ( 1)  0.552  0.001
 269 L   0.99834 0.00000 0.00166 ( 1)  1.655  0.002
 270 A   0.99963 0.00000 0.00037 ( 1)  0.373  0.000
 271 Y   0.99872 0.00000 0.00128 ( 1)  1.283  0.001
 272 R   0.99851 0.00000 0.00149 ( 1)  1.490  0.001
 273 R   0.00000 0.00000 1.00000 ( 3) 999.000  1.000
 274 S   0.99910 0.00000 0.00090 ( 1)  0.894  0.001
 275 P   0.99957 0.00000 0.00043 ( 1)  0.433  0.000
 276 N   0.99926 0.00000 0.00074 ( 1)  0.736  0.001
 277 R   0.99946 0.00000 0.00054 ( 1)  0.543  0.001
 278 Y   0.99945 0.00000 0.00055 ( 1)  0.552  0.001
 279 K   0.99929 0.00000 0.00071 ( 1)  0.707  0.001
 280 S   0.99909 0.00000 0.00091 ( 1)  0.914  0.001
 281 I   0.99953 0.00000 0.00047 ( 1)  0.472  0.000
 282 Y   0.99945 0.00000 0.00055 ( 1)  0.552  0.001
 283 K   0.99946 0.00000 0.00054 ( 1)  0.542  0.001
 284 Q   0.99906 0.00000 0.00094 ( 1)  0.937  0.001
 285 Q   0.99871 0.00000 0.00129 ( 1)  1.285  0.001
 286 S   0.99910 0.00000 0.00090 ( 1)  0.894  0.001
 287 F   0.99956 0.00000 0.00044 ( 1)  0.441  0.000
 288 V   0.99909 0.00000 0.00091 ( 1)  0.910  0.001
 289 E   0.99925 0.00000 0.00075 ( 1)  0.746  0.001
 290 L   0.99913 0.00000 0.00087 ( 1)  0.872  0.001
 291 S   0.99970 0.00000 0.00030 ( 1)  0.299  0.000
 292 T   0.99963 0.00000 0.00037 ( 1)  0.372  0.000
 293 R   0.99843 0.00000 0.00157 ( 1)  1.570  0.002
 294 S   0.99970 0.00000 0.00030 ( 1)  0.299  0.000
 295 S   0.99970 0.00000 0.00030 ( 1)  0.299  0.000
 296 T   0.99963 0.00000 0.00037 ( 1)  0.372  0.000
 297 V   0.99938 0.00000 0.00062 ( 1)  0.617  0.001
 298 H   0.99906 0.00000 0.00094 ( 1)  0.943  0.001
 299 R   0.99843 0.00000 0.00157 ( 1)  1.568  0.002
 300 F   0.99956 0.00000 0.00044 ( 1)  0.441  0.000
 301 P   0.99957 0.00000 0.00043 ( 1)  0.433  0.000
 302 T   0.99945 0.00000 0.00055 ( 1)  0.552  0.001
 303 D   0.99963 0.00000 0.00037 ( 1)  0.371  0.000
 304 I   0.99909 0.00000 0.00091 ( 1)  0.911  0.001
 305 M   0.99968 0.00000 0.00032 ( 1)  0.317  0.000
 306 V   0.99953 0.00000 0.00047 ( 1)  0.467  0.000
 307 D   0.99924 0.00000 0.00076 ( 1)  0.762  0.001
 308 V   0.99909 0.00000 0.00091 ( 1)  0.910  0.001
 309 H   0.99965 0.00000 0.00035 ( 1)  0.350  0.000
 310 P   0.99957 0.00000 0.00043 ( 1)  0.433  0.000
 311 L   0.99923 0.00000 0.00077 ( 1)  0.774  0.001
 312 I   0.99949 0.00000 0.00051 ( 1)  0.508  0.001
 313 I   0.99953 0.00000 0.00047 ( 1)  0.472  0.000
 314 K   0.99929 0.00000 0.00071 ( 1)  0.707  0.001
 315 R   0.99843 0.00000 0.00157 ( 1)  1.568  0.002
 316 N   0.99961 0.00000 0.00039 ( 1)  0.394  0.000
 317 I   0.99949 0.00000 0.00051 ( 1)  0.508  0.001
 318 S   0.99877 0.00000 0.00123 ( 1)  1.232  0.001
 319 E   0.99945 0.00000 0.00055 ( 1)  0.545  0.001
 320 A   0.99942 0.00000 0.00058 ( 1)  0.583  0.001
 321 C   0.99962 0.00000 0.00038 ( 1)  0.384  0.000
 322 A   0.99889 0.00000 0.00111 ( 1)  1.113  0.001
 323 V   0.99893 0.00000 0.00107 ( 1)  1.071  0.001
 324 I   0.99953 0.00000 0.00047 ( 1)  0.472  0.000
 325 F   0.99956 0.00000 0.00044 ( 1)  0.441  0.000
 326 Q   0.99906 0.00000 0.00094 ( 1)  0.937  0.001
 327 Y   0.99872 0.00000 0.00128 ( 1)  1.283  0.001
 328 S   0.99909 0.00000 0.00091 ( 1)  0.914  0.001
 329 L   0.99923 0.00000 0.00077 ( 1)  0.774  0.001
 330 K   0.99946 0.00000 0.00054 ( 1)  0.542  0.001
 331 E   0.99945 0.00000 0.00055 ( 1)  0.545  0.001
 332 I   0.99949 0.00000 0.00051 ( 1)  0.508  0.001
 333 E   0.99945 0.00000 0.00055 ( 1)  0.545  0.001
 334 K   0.99946 0.00000 0.00054 ( 1)  0.542  0.001
 335 G   0.99877 0.00000 0.00123 ( 1)  1.224  0.001
 336 N   0.99961 0.00000 0.00039 ( 1)  0.394  0.000
 337 N   0.99926 0.00000 0.00074 ( 1)  0.736  0.001
 338 T   0.99963 0.00000 0.00037 ( 1)  0.372  0.000
 339 V   0.99893 0.00000 0.00107 ( 1)  1.071  0.001
 340 D   0.99963 0.00000 0.00037 ( 1)  0.371  0.000
 341 T   0.99909 0.00000 0.00091 ( 1)  0.908  0.001
 342 V   0.99938 0.00000 0.00062 ( 1)  0.617  0.001
 343 D   0.99963 0.00000 0.00037 ( 1)  0.371  0.000
 344 N   0.99961 0.00000 0.00039 ( 1)  0.394  0.000
 345 C   0.99962 0.00000 0.00038 ( 1)  0.384  0.000
 346 D   0.99924 0.00000 0.00076 ( 1)  0.762  0.001
 347 N   0.99961 0.00000 0.00039 ( 1)  0.394  0.000
 348 S   0.99960 0.00000 0.00040 ( 1)  0.404  0.000
 349 S   0.99970 0.00000 0.00030 ( 1)  0.299  0.000
 350 D   0.99924 0.00000 0.00076 ( 1)  0.762  0.001
 351 I   0.99909 0.00000 0.00091 ( 1)  0.911  0.001
 352 A   0.99889 0.00000 0.00111 ( 1)  1.113  0.001
 353 S   0.99960 0.00000 0.00040 ( 1)  0.404  0.000
 354 T   0.99963 0.00000 0.00037 ( 1)  0.372  0.000
 355 G   0.99877 0.00000 0.00123 ( 1)  1.224  0.001
 356 C   0.99886 0.00000 0.00114 ( 1)  1.143  0.001
 357 L   0.99923 0.00000 0.00077 ( 1)  0.774  0.001
 358 I   0.99953 0.00000 0.00047 ( 1)  0.472  0.000
 359 A   0.99963 0.00000 0.00037 ( 1)  0.373  0.000
 360 Y   0.99945 0.00000 0.00055 ( 1)  0.552  0.001
 361 A   0.99889 0.00000 0.00111 ( 1)  1.113  0.001
 362 S   0.99910 0.00000 0.00090 ( 1)  0.894  0.001
 363 N   0.99961 0.00000 0.00039 ( 1)  0.394  0.000
 364 E   0.99945 0.00000 0.00055 ( 1)  0.545  0.001
 365 T   0.99945 0.00000 0.00055 ( 1)  0.552  0.001
 366 V   0.99909 0.00000 0.00091 ( 1)  0.910  0.001
 367 K   0.99929 0.00000 0.00071 ( 1)  0.707  0.001
 368 N   0.99961 0.00000 0.00039 ( 1)  0.394  0.000
 369 M   0.99968 0.00000 0.00032 ( 1)  0.317  0.000
 370 W   0.99860 0.00000 0.00140 ( 1)  1.402  0.001
 371 L   0.99923 0.00000 0.00077 ( 1)  0.774  0.001
 372 Q   0.99906 0.00000 0.00094 ( 1)  0.937  0.001
 373 C   0.99886 0.00000 0.00114 ( 1)  1.143  0.001
 374 V   0.99938 0.00000 0.00062 ( 1)  0.617  0.001
 375 D   0.99963 0.00000 0.00037 ( 1)  0.371  0.000
 376 A   0.99963 0.00000 0.00037 ( 1)  0.373  0.000
 377 G   0.99963 0.00000 0.00037 ( 1)  0.370  0.000
 378 E   0.99945 0.00000 0.00055 ( 1)  0.545  0.001
 379 D   0.99963 0.00000 0.00037 ( 1)  0.371  0.000
 380 L   0.99884 0.00000 0.00116 ( 1)  1.155  0.001
 381 L   0.99891 0.00000 0.00109 ( 1)  1.088  0.001
 382 D   0.99924 0.00000 0.00076 ( 1)  0.762  0.001
 383 F   0.99925 0.00000 0.00075 ( 1)  0.752  0.001
 384 L   0.99913 0.00000 0.00087 ( 1)  0.872  0.001
 385 L   0.99923 0.00000 0.00077 ( 1)  0.774  0.001
 386 A   0.99963 0.00000 0.00037 ( 1)  0.373  0.000
 387 Y   0.99872 0.00000 0.00128 ( 1)  1.283  0.001
 388 R   0.99919 0.00000 0.00081 ( 1)  0.805  0.001
 389 A   0.99963 0.00000 0.00037 ( 1)  0.373  0.000
 390 I   0.99953 0.00000 0.00047 ( 1)  0.472  0.000
 391 V   0.99909 0.00000 0.00091 ( 1)  0.910  0.001
 392 K   0.99946 0.00000 0.00054 ( 1)  0.542  0.001
 393 R   0.99843 0.00000 0.00157 ( 1)  1.570  0.002
 394 D   0.99963 0.00000 0.00037 ( 1)  0.371  0.000
 395 Y   0.99872 0.00000 0.00128 ( 1)  1.283  0.001
 396 N   0.99961 0.00000 0.00039 ( 1)  0.394  0.000
 397 C   0.99886 0.00000 0.00114 ( 1)  1.143  0.001
 398 D   0.99924 0.00000 0.00076 ( 1)  0.762  0.001
 399 I   0.99949 0.00000 0.00051 ( 1)  0.508  0.001
 400 R   0.99945 0.00000 0.00055 ( 1)  0.546  0.001
 401 F   0.99925 0.00000 0.00075 ( 1)  0.752  0.001
 402 L   0.99923 0.00000 0.00077 ( 1)  0.774  0.001
 403 W   0.99860 0.00000 0.00140 ( 1)  1.402  0.001
 404 D   0.99963 0.00000 0.00037 ( 1)  0.371  0.000
 405 D   0.99963 0.00000 0.00037 ( 1)  0.371  0.000
 406 K   0.99946 0.00000 0.00054 ( 1)  0.542  0.001
 407 A   0.99889 0.00000 0.00111 ( 1)  1.113  0.001
 408 K   0.99946 0.00000 0.00054 ( 1)  0.542  0.001
 409 P   0.99925 0.00000 0.00075 ( 1)  0.748  0.001
 410 N   0.99926 0.00000 0.00074 ( 1)  0.736  0.001
 411 I   0.99949 0.00000 0.00051 ( 1)  0.508  0.001
 412 S   0.99910 0.00000 0.00090 ( 1)  0.894  0.001
 413 I   0.99953 0.00000 0.00047 ( 1)  0.472  0.000
 414 D   0.99963 0.00000 0.00037 ( 1)  0.371  0.000
 415 A   0.99942 0.00000 0.00058 ( 1)  0.583  0.001
 416 L   0.99964 0.00000 0.00036 ( 1)  0.363  0.000
 417 L   0.99834 0.00000 0.00166 ( 1)  1.655  0.002
 418 I   0.99949 0.00000 0.00051 ( 1)  0.508  0.001
 419 E   0.99945 0.00000 0.00055 ( 1)  0.545  0.001
 420 V   0.99938 0.00000 0.00062 ( 1)  0.617  0.001
 421 Y   0.99872 0.00000 0.00128 ( 1)  1.283  0.001
 422 F   0.99925 0.00000 0.00075 ( 1)  0.752  0.001
 423 S   0.99970 0.00000 0.00030 ( 1)  0.299  0.000
 424 W   0.99860 0.00000 0.00140 ( 1)  1.402  0.001
 425 L   0.99913 0.00000 0.00087 ( 1)  0.872  0.001
 426 A   0.99942 0.00000 0.00058 ( 1)  0.583  0.001
 427 V   0.99953 0.00000 0.00047 ( 1)  0.467  0.000
 428 Y   0.99872 0.00000 0.00128 ( 1)  1.283  0.001
 429 F   0.99925 0.00000 0.00075 ( 1)  0.752  0.001
 430 T   0.99893 0.00000 0.00107 ( 1)  1.064  0.001
 431 T   0.99945 0.00000 0.00055 ( 1)  0.552  0.001
 432 R   0.99945 0.00000 0.00055 ( 1)  0.546  0.001
 433 C   0.99962 0.00000 0.00038 ( 1)  0.384  0.000
 434 M   0.99968 0.00000 0.00032 ( 1)  0.317  0.000
 435 Q   0.99871 0.00000 0.00129 ( 1)  1.285  0.001
 436 C   0.99962 0.00000 0.00038 ( 1)  0.384  0.000
 437 E   0.99945 0.00000 0.00055 ( 1)  0.545  0.001
 438 N   0.99961 0.00000 0.00039 ( 1)  0.394  0.000
 439 A   0.99963 0.00000 0.00037 ( 1)  0.373  0.000
 440 S   0.99970 0.00000 0.00030 ( 1)  0.299  0.000
 441 E   0.99925 0.00000 0.00075 ( 1)  0.746  0.001
 442 T   0.99963 0.00000 0.00037 ( 1)  0.372  0.000
 443 A   0.99942 0.00000 0.00058 ( 1)  0.583  0.001
 444 S   0.99960 0.00000 0.00040 ( 1)  0.404  0.000
 445 A   0.99963 0.00000 0.00037 ( 1)  0.373  0.000
 446 F   0.99956 0.00000 0.00044 ( 1)  0.441  0.000
 447 E   0.99945 0.00000 0.00055 ( 1)  0.545  0.001
 448 R   0.99946 0.00000 0.00054 ( 1)  0.543  0.001
 449 L   0.99884 0.00000 0.00116 ( 1)  1.155  0.001
 450 F   0.99925 0.00000 0.00075 ( 1)  0.752  0.001
 451 N   0.99961 0.00000 0.00039 ( 1)  0.394  0.000
 452 K   0.99929 0.00000 0.00071 ( 1)  0.707  0.001
 453 Y   0.99945 0.00000 0.00055 ( 1)  0.552  0.001
 454 L   0.99923 0.00000 0.00077 ( 1)  0.774  0.001
 455 A   0.99963 0.00000 0.00037 ( 1)  0.373  0.000
 456 P   0.99877 0.00000 0.00123 ( 1)  1.227  0.001
 457 I   0.99953 0.00000 0.00047 ( 1)  0.472  0.000
 458 S   0.99910 0.00000 0.00090 ( 1)  0.894  0.001
 459 L   0.99834 0.00000 0.00166 ( 1)  1.655  0.002
 460 I   0.99953 0.00000 0.00047 ( 1)  0.472  0.000
 461 L   0.99913 0.00000 0.00087 ( 1)  0.872  0.001
 462 T   0.99963 0.00000 0.00037 ( 1)  0.372  0.000
 463 S   0.99910 0.00000 0.00090 ( 1)  0.894  0.001
 464 L   0.99891 0.00000 0.00109 ( 1)  1.088  0.001
 465 T   0.99909 0.00000 0.00091 ( 1)  0.908  0.001
 466 T   0.99945 0.00000 0.00055 ( 1)  0.552  0.001
 467 H   0.99965 0.00000 0.00035 ( 1)  0.350  0.000
 468 H   0.99906 0.00000 0.00094 ( 1)  0.943  0.001
 469 F   0.99956 0.00000 0.00044 ( 1)  0.441  0.000
 470 K   0.99929 0.00000 0.00071 ( 1)  0.707  0.001
 471 K   0.99946 0.00000 0.00054 ( 1)  0.542  0.001
 472 Y   0.99945 0.00000 0.00055 ( 1)  0.552  0.001
 473 S   0.99885 0.00000 0.00115 ( 1)  1.149  0.001
 474 M   0.99968 0.00000 0.00032 ( 1)  0.317  0.000
 475 L   0.99923 0.00000 0.00077 ( 1)  0.774  0.001
 476 S   0.99960 0.00000 0.00040 ( 1)  0.404  0.000
 477 D   0.99963 0.00000 0.00037 ( 1)  0.371  0.000
 478 P   0.99864 0.00000 0.00136 ( 1)  1.357  0.001
 479 K   0.99946 0.00000 0.00054 ( 1)  0.542  0.001
 480 N   0.99961 0.00000 0.00039 ( 1)  0.394  0.000
 481 H   0.99965 0.00000 0.00035 ( 1)  0.350  0.000
 482 S   0.99960 0.00000 0.00040 ( 1)  0.404  0.000
 483 S   0.99960 0.00000 0.00040 ( 1)  0.404  0.000
 484 D   0.99924 0.00000 0.00076 ( 1)  0.762  0.001
 485 D   0.99963 0.00000 0.00037 ( 1)  0.371  0.000
 486 L   0.99964 0.00000 0.00036 ( 1)  0.363  0.000
 487 K   0.99929 0.00000 0.00071 ( 1)  0.707  0.001
 488 W   0.99860 0.00000 0.00140 ( 1)  1.402  0.001
 489 I   0.99953 0.00000 0.00047 ( 1)  0.472  0.000
 490 Q   0.99906 0.00000 0.00094 ( 1)  0.937  0.001
 491 S   0.99910 0.00000 0.00090 ( 1)  0.894  0.001
 492 V   0.99909 0.00000 0.00091 ( 1)  0.910  0.001
 493 A   0.99942 0.00000 0.00058 ( 1)  0.583  0.001
 494 N   0.99926 0.00000 0.00074 ( 1)  0.736  0.001
 495 I   0.99953 0.00000 0.00047 ( 1)  0.472  0.000
 496 C   0.99962 0.00000 0.00038 ( 1)  0.384  0.000
 497 S   0.99970 0.00000 0.00030 ( 1)  0.299  0.000
 498 V   0.99938 0.00000 0.00062 ( 1)  0.617  0.001
 499 I   0.99949 0.00000 0.00051 ( 1)  0.508  0.001
 500 N   0.99961 0.00000 0.00039 ( 1)  0.394  0.000
 501 Q   0.99906 0.00000 0.00094 ( 1)  0.937  0.001
 502 L   0.99923 0.00000 0.00077 ( 1)  0.774  0.001
 503 Y   0.99945 0.00000 0.00055 ( 1)  0.552  0.001
 504 T   0.99945 0.00000 0.00055 ( 1)  0.552  0.001
 505 I   0.99949 0.00000 0.00051 ( 1)  0.508  0.001
 506 T   0.99963 0.00000 0.00037 ( 1)  0.372  0.000
 507 S   0.99910 0.00000 0.00090 ( 1)  0.894  0.001
 508 N   0.99961 0.00000 0.00039 ( 1)  0.394  0.000
 509 P   0.99957 0.00000 0.00043 ( 1)  0.433  0.000
 510 K   0.99929 0.00000 0.00071 ( 1)  0.707  0.001
 511 F   0.99956 0.00000 0.00044 ( 1)  0.441  0.000
 512 F   0.99925 0.00000 0.00075 ( 1)  0.752  0.001
 513 T   0.99963 0.00000 0.00037 ( 1)  0.372  0.000
 514 G   0.99963 0.00000 0.00037 ( 1)  0.370  0.000
 515 W   0.99860 0.00000 0.00140 ( 1)  1.402  0.001
 516 F   0.99956 0.00000 0.00044 ( 1)  0.441  0.000
 517 P   0.99925 0.00000 0.00075 ( 1)  0.748  0.001
 518 W   0.99860 0.00000 0.00140 ( 1)  1.402  0.001
 519 D   0.99963 0.00000 0.00037 ( 1)  0.371  0.000
 520 S   0.99960 0.00000 0.00040 ( 1)  0.404  0.000
 521 V   0.99953 0.00000 0.00047 ( 1)  0.467  0.000
 522 D   0.99924 0.00000 0.00076 ( 1)  0.762  0.001
 523 K   0.99929 0.00000 0.00071 ( 1)  0.707  0.001
 524 P   0.99925 0.00000 0.00075 ( 1)  0.748  0.001
 525 F   0.99956 0.00000 0.00044 ( 1)  0.441  0.000
 526 C   0.99962 0.00000 0.00038 ( 1)  0.384  0.000
 527 G   0.99963 0.00000 0.00037 ( 1)  0.370  0.000
 528 E   0.99945 0.00000 0.00055 ( 1)  0.545  0.001
 529 M   0.99968 0.00000 0.00032 ( 1)  0.317  0.000
 530 V   0.99953 0.00000 0.00047 ( 1)  0.467  0.000
 531 C   0.99962 0.00000 0.00038 ( 1)  0.384  0.000
 532 N   0.99961 0.00000 0.00039 ( 1)  0.394  0.000
 533 W   0.99860 0.00000 0.00140 ( 1)  1.402  0.001
 534 L   0.99913 0.00000 0.00087 ( 1)  0.872  0.001
 535 K   0.99929 0.00000 0.00071 ( 1)  0.707  0.001
 536 K   0.99946 0.00000 0.00054 ( 1)  0.542  0.001
 537 I   0.99953 0.00000 0.00047 ( 1)  0.472  0.000
 538 W   0.99860 0.00000 0.00140 ( 1)  1.402  0.001
 539 N   0.99961 0.00000 0.00039 ( 1)  0.394  0.000
 540 V   0.99953 0.00000 0.00047 ( 1)  0.467  0.000
 541 D   0.99963 0.00000 0.00037 ( 1)  0.371  0.000
 542 F   0.99956 0.00000 0.00044 ( 1)  0.441  0.000
 543 L   0.99884 0.00000 0.00116 ( 1)  1.155  0.001
 544 S   0.99970 0.00000 0.00030 ( 1)  0.299  0.000
 545 T   0.99963 0.00000 0.00037 ( 1)  0.372  0.000
 546 Q   0.99871 0.00000 0.00129 ( 1)  1.285  0.001
 547 I   0.99949 0.00000 0.00051 ( 1)  0.508  0.001
 548 C   0.99886 0.00000 0.00114 ( 1)  1.143  0.001
 549 S   0.99910 0.00000 0.00090 ( 1)  0.894  0.001
 550 S   0.99910 0.00000 0.00090 ( 1)  0.894  0.001
 551 S   0.99970 0.00000 0.00030 ( 1)  0.299  0.000
 552 P   0.99925 0.00000 0.00075 ( 1)  0.748  0.001
 553 V   0.99953 0.00000 0.00047 ( 1)  0.467  0.000
 554 I   0.99949 0.00000 0.00051 ( 1)  0.508  0.001
 555 E   0.99945 0.00000 0.00055 ( 1)  0.545  0.001
 556 V   0.99909 0.00000 0.00091 ( 1)  0.910  0.001
 557 L   0.99964 0.00000 0.00036 ( 1)  0.363  0.000
 558 T   0.99945 0.00000 0.00055 ( 1)  0.552  0.001
 559 N   0.99926 0.00000 0.00074 ( 1)  0.736  0.001
 560 I   0.99953 0.00000 0.00047 ( 1)  0.472  0.000
 561 L   0.99834 0.00000 0.00166 ( 1)  1.655  0.002
 562 E   0.99945 0.00000 0.00055 ( 1)  0.545  0.001
 563 L   0.99834 0.00000 0.00166 ( 1)  1.655  0.002
 564 I   0.99953 0.00000 0.00047 ( 1)  0.472  0.000
 565 N   0.99961 0.00000 0.00039 ( 1)  0.394  0.000
 566 S   0.99970 0.00000 0.00030 ( 1)  0.299  0.000
 567 C   0.99886 0.00000 0.00114 ( 1)  1.143  0.001
 568 I   0.99949 0.00000 0.00051 ( 1)  0.508  0.001
 569 L   0.99913 0.00000 0.00087 ( 1)  0.872  0.001
 570 D   0.99963 0.00000 0.00037 ( 1)  0.371  0.000
 571 S   0.99910 0.00000 0.00090 ( 1)  0.894  0.001
 572 Q   0.99871 0.00000 0.00129 ( 1)  1.285  0.001
 573 I   0.99949 0.00000 0.00051 ( 1)  0.508  0.001
 574 V   0.99893 0.00000 0.00107 ( 1)  1.071  0.001
 575 K   0.99929 0.00000 0.00071 ( 1)  0.707  0.001
 576 S   0.99877 0.00000 0.00123 ( 1)  1.232  0.001
 577 T   0.99909 0.00000 0.00091 ( 1)  0.908  0.001
 578 E   0.99945 0.00000 0.00055 ( 1)  0.545  0.001
 579 N   0.99961 0.00000 0.00039 ( 1)  0.394  0.000
 580 I   0.99953 0.00000 0.00047 ( 1)  0.472  0.000
 581 K   0.99946 0.00000 0.00054 ( 1)  0.542  0.001
 582 Q   0.99871 0.00000 0.00129 ( 1)  1.285  0.001
 583 R   0.99945 0.00000 0.00055 ( 1)  0.546  0.001
 584 D   0.99963 0.00000 0.00037 ( 1)  0.371  0.000
 585 L   0.99923 0.00000 0.00077 ( 1)  0.774  0.001
 586 F   0.99925 0.00000 0.00075 ( 1)  0.752  0.001
 587 T   0.99909 0.00000 0.00091 ( 1)  0.908  0.001
 588 W   0.99860 0.00000 0.00140 ( 1)  1.402  0.001
 589 L   0.99834 0.00000 0.00166 ( 1)  1.655  0.002
 590 A   0.99942 0.00000 0.00058 ( 1)  0.583  0.001
 591 E   0.99945 0.00000 0.00055 ( 1)  0.545  0.001
 592 P   0.99864 0.00000 0.00136 ( 1)  1.357  0.001
 593 G   0.99877 0.00000 0.00123 ( 1)  1.224  0.001
 594 E   0.99945 0.00000 0.00055 ( 1)  0.545  0.001
 595 L   0.99923 0.00000 0.00077 ( 1)  0.774  0.001
 596 F   0.99956 0.00000 0.00044 ( 1)  0.441  0.000
 597 H   0.99906 0.00000 0.00094 ( 1)  0.943  0.001
 598 L   0.99923 0.00000 0.00077 ( 1)  0.774  0.001
 599 F   0.99925 0.00000 0.00075 ( 1)  0.752  0.001
 600 T   0.99963 0.00000 0.00037 ( 1)  0.372  0.000
 601 G   0.99963 0.00000 0.00037 ( 1)  0.370  0.000
 602 S   0.99970 0.00000 0.00030 ( 1)  0.299  0.000
 603 W   0.99860 0.00000 0.00140 ( 1)  1.402  0.001
 604 I   0.99949 0.00000 0.00051 ( 1)  0.508  0.001
 605 S   0.99960 0.00000 0.00040 ( 1)  0.404  0.000
 606 F   0.99956 0.00000 0.00044 ( 1)  0.441  0.000
 607 Y   0.99872 0.00000 0.00128 ( 1)  1.283  0.001
 608 D   0.99963 0.00000 0.00037 ( 1)  0.371  0.000
 609 V   0.99953 0.00000 0.00047 ( 1)  0.467  0.000
 610 V   0.99953 0.00000 0.00047 ( 1)  0.467  0.000
 611 V   0.99909 0.00000 0.00091 ( 1)  0.910  0.001
 612 N   0.99961 0.00000 0.00039 ( 1)  0.394  0.000
 613 Q   0.99906 0.00000 0.00094 ( 1)  0.937  0.001
 614 P   0.99925 0.00000 0.00075 ( 1)  0.748  0.001
 615 S   0.99909 0.00000 0.00091 ( 1)  0.914  0.001
 616 L   0.99923 0.00000 0.00077 ( 1)  0.774  0.001
 617 C   0.99886 0.00000 0.00114 ( 1)  1.143  0.001
 618 I   0.99949 0.00000 0.00051 ( 1)  0.508  0.001
 619 E   0.99945 0.00000 0.00055 ( 1)  0.545  0.001
 620 Y   0.99945 0.00000 0.00055 ( 1)  0.552  0.001
 621 I   0.99953 0.00000 0.00047 ( 1)  0.472  0.000
 622 C   0.99962 0.00000 0.00038 ( 1)  0.384  0.000
 623 T   0.99945 0.00000 0.00055 ( 1)  0.552  0.001
 624 V   0.99953 0.00000 0.00047 ( 1)  0.467  0.000
 625 V   0.99893 0.00000 0.00107 ( 1)  1.071  0.001
 626 K   0.99946 0.00000 0.00054 ( 1)  0.542  0.001
 627 L   0.99834 0.00000 0.00166 ( 1)  1.655  0.002
 628 W   0.99860 0.00000 0.00140 ( 1)  1.402  0.001
 629 I   0.99949 0.00000 0.00051 ( 1)  0.508  0.001
 630 I   0.99953 0.00000 0.00047 ( 1)  0.472  0.000
 631 Y   0.99945 0.00000 0.00055 ( 1)  0.552  0.001
 632 Q   0.99906 0.00000 0.00094 ( 1)  0.937  0.001
 633 K   0.99946 0.00000 0.00054 ( 1)  0.542  0.001
 634 W   0.99860 0.00000 0.00140 ( 1)  1.402  0.001
 635 S   0.99885 0.00000 0.00115 ( 1)  1.149  0.001
 636 K   0.99946 0.00000 0.00054 ( 1)  0.542  0.001
 637 E   0.99945 0.00000 0.00055 ( 1)  0.545  0.001
 638 F   0.99956 0.00000 0.00044 ( 1)  0.441  0.000
 639 S   0.99970 0.00000 0.00030 ( 1)  0.299  0.000
 640 P   0.99925 0.00000 0.00075 ( 1)  0.748  0.001
 641 V   0.99953 0.00000 0.00047 ( 1)  0.467  0.000
 642 L   0.99884 0.00000 0.00116 ( 1)  1.155  0.001
 643 N   0.99961 0.00000 0.00039 ( 1)  0.394  0.000
 644 D   0.99924 0.00000 0.00076 ( 1)  0.762  0.001
 645 T   0.99945 0.00000 0.00055 ( 1)  0.552  0.001
 646 V   0.99893 0.00000 0.00107 ( 1)  1.071  0.001
 647 K   0.99929 0.00000 0.00071 ( 1)  0.707  0.001
 648 K   0.99929 0.00000 0.00071 ( 1)  0.707  0.001
 649 S   0.99910 0.00000 0.00090 ( 1)  0.894  0.001
 650 L   0.99923 0.00000 0.00077 ( 1)  0.774  0.001
 651 F   0.99925 0.00000 0.00075 ( 1)  0.752  0.001
 652 N   0.99961 0.00000 0.00039 ( 1)  0.394  0.000
 653 I   0.99953 0.00000 0.00047 ( 1)  0.472  0.000
 654 P   0.99925 0.00000 0.00075 ( 1)  0.748  0.001
 655 D   0.99963 0.00000 0.00037 ( 1)  0.371  0.000
 656 D   0.99924 0.00000 0.00076 ( 1)  0.762  0.001
 657 L   0.99884 0.00000 0.00116 ( 1)  1.155  0.001
 658 F   0.99925 0.00000 0.00075 ( 1)  0.752  0.001
 659 I   0.99953 0.00000 0.00047 ( 1)  0.472  0.000
 660 G   0.99963 0.00000 0.00037 ( 1)  0.370  0.000
 661 K   0.99946 0.00000 0.00054 ( 1)  0.542  0.001
 662 I   0.99953 0.00000 0.00047 ( 1)  0.472  0.000
 663 L   0.99884 0.00000 0.00116 ( 1)  1.155  0.001
 664 Y   0.99945 0.00000 0.00055 ( 1)  0.552  0.001
 665 L   0.99884 0.00000 0.00116 ( 1)  1.155  0.001
 666 S   0.99877 0.00000 0.00123 ( 1)  1.232  0.001
 667 S   0.99970 0.00000 0.00030 ( 1)  0.299  0.000
 668 S   0.99960 0.00000 0.00040 ( 1)  0.404  0.000
 669 A   0.99963 0.00000 0.00037 ( 1)  0.373  0.000
 670 L   0.99913 0.00000 0.00087 ( 1)  0.872  0.001
 671 S   0.99910 0.00000 0.00090 ( 1)  0.894  0.001
 672 N   0.99926 0.00000 0.00074 ( 1)  0.736  0.001
 673 S   0.99960 0.00000 0.00040 ( 1)  0.404  0.000
 674 S   0.99910 0.00000 0.00090 ( 1)  0.894  0.001
 675 V   0.99893 0.00000 0.00107 ( 1)  1.071  0.001
 676 F   0.99925 0.00000 0.00075 ( 1)  0.752  0.001
 677 Y   0.99945 0.00000 0.00055 ( 1)  0.552  0.001
 678 H   0.99965 0.00000 0.00035 ( 1)  0.350  0.000
 679 L   0.99964 0.00000 0.00036 ( 1)  0.363  0.000
 680 R   0.99945 0.00000 0.00055 ( 1)  0.546  0.001
 681 H   0.99965 0.00000 0.00035 ( 1)  0.350  0.000
 682 L   0.99964 0.00000 0.00036 ( 1)  0.363  0.000
 683 S   0.99910 0.00000 0.00090 ( 1)  0.894  0.001
 684 Q   0.99906 0.00000 0.00094 ( 1)  0.937  0.001
 685 V   0.99953 0.00000 0.00047 ( 1)  0.467  0.000
 686 F   0.99925 0.00000 0.00075 ( 1)  0.752  0.001
 687 K   0.99946 0.00000 0.00054 ( 1)  0.542  0.001
 688 E   0.99945 0.00000 0.00055 ( 1)  0.545  0.001
 689 A   0.99963 0.00000 0.00037 ( 1)  0.373  0.000
 690 T   0.99945 0.00000 0.00055 ( 1)  0.552  0.001
 691 E   0.99945 0.00000 0.00055 ( 1)  0.545  0.001
 692 Y   0.99872 0.00000 0.00128 ( 1)  1.283  0.001
 693 D   0.99963 0.00000 0.00037 ( 1)  0.371  0.000
 694 D   0.99963 0.00000 0.00037 ( 1)  0.371  0.000
 695 R   0.99851 0.00000 0.00149 ( 1)  1.490  0.001
 696 F   0.99956 0.00000 0.00044 ( 1)  0.441  0.000
 697 V   0.99938 0.00000 0.00062 ( 1)  0.617  0.001
 698 N   0.99961 0.00000 0.00039 ( 1)  0.394  0.000
 699 A   0.99889 0.00000 0.00111 ( 1)  1.113  0.001
 700 A   0.99889 0.00000 0.00111 ( 1)  1.113  0.001
 701 C   0.99962 0.00000 0.00038 ( 1)  0.384  0.000
 702 V   0.99909 0.00000 0.00091 ( 1)  0.910  0.001
 703 V   0.99953 0.00000 0.00047 ( 1)  0.467  0.000
 704 E   0.99945 0.00000 0.00055 ( 1)  0.545  0.001
 705 N   0.99961 0.00000 0.00039 ( 1)  0.394  0.000
 706 Y   0.99945 0.00000 0.00055 ( 1)  0.552  0.001
 707 M   0.99968 0.00000 0.00032 ( 1)  0.317  0.000
 708 F   0.99956 0.00000 0.00044 ( 1)  0.441  0.000
 709 V   0.99938 0.00000 0.00062 ( 1)  0.617  0.001
 710 F   0.99956 0.00000 0.00044 ( 1)  0.441  0.000
 711 D   0.99963 0.00000 0.00037 ( 1)  0.371  0.000
 712 L   0.99834 0.00000 0.00166 ( 1)  1.655  0.002

Positively selected sites

	Prob(w>1)  mean w

    73 C      1.000**       998.998
   273 R      1.000**       999.000


lnL = -2832.132376

Bayes Empirical Bayes (BEB) probabilities for 3 classes (class) & postmean_w
(amino acids refer to 1st sequence: Treg.4617)

   1 M   0.39931 0.37415 0.22654 ( 1)  1.698 +-  2.225
   2 A   0.39919 0.37408 0.22674 ( 1)  1.700 +-  2.227
   3 T   0.39884 0.37388 0.22728 ( 1)  1.703 +-  2.231
   4 D   0.39942 0.37421 0.22636 ( 1)  1.697 +-  2.224
   5 N   0.39946 0.37423 0.22630 ( 1)  1.697 +-  2.223
   6 D   0.39942 0.37421 0.22636 ( 1)  1.697 +-  2.224
   7 I   0.39948 0.37424 0.22628 ( 1)  1.697 +-  2.223
   8 L   0.39850 0.37369 0.22780 ( 1)  1.707 +-  2.235
   9 D   0.39942 0.37421 0.22636 ( 1)  1.697 +-  2.224
  10 I   0.39948 0.37424 0.22628 ( 1)  1.697 +-  2.223
  11 I   0.39922 0.37410 0.22669 ( 1)  1.699 +-  2.226
  12 K   0.39864 0.37377 0.22759 ( 1)  1.705 +-  2.233
  13 A   0.39878 0.37385 0.22737 ( 1)  1.704 +-  2.231
  14 I   0.39948 0.37424 0.22628 ( 1)  1.697 +-  2.223
  15 K   0.39896 0.37395 0.22709 ( 1)  1.702 +-  2.229
  16 R   0.39869 0.37380 0.22752 ( 1)  1.705 +-  2.233
  17 D   0.39942 0.37421 0.22636 ( 1)  1.697 +-  2.224
  18 E   0.39892 0.37392 0.22716 ( 1)  1.702 +-  2.230
  19 N   0.39946 0.37423 0.22630 ( 1)  1.697 +-  2.223
  20 D   0.39942 0.37421 0.22636 ( 1)  1.697 +-  2.224
  21 T   0.39839 0.37362 0.22799 ( 1)  1.708 +-  2.236
  22 S   0.39855 0.37372 0.22773 ( 1)  1.706 +-  2.234
  23 V   0.39937 0.37418 0.22644 ( 1)  1.698 +-  2.224
  24 E   0.39892 0.37392 0.22716 ( 1)  1.702 +-  2.230
  25 F   0.39946 0.37423 0.22630 ( 1)  1.697 +-  2.223
  26 P   0.39888 0.37390 0.22722 ( 1)  1.703 +-  2.230
  27 F   0.39946 0.37423 0.22630 ( 1)  1.697 +-  2.223
  28 E   0.39860 0.37375 0.22765 ( 1)  1.706 +-  2.234
  29 R   0.39818 0.37351 0.22831 ( 1)  1.710 +-  2.238
  30 I   0.39948 0.37424 0.22628 ( 1)  1.697 +-  2.223
  31 S   0.39855 0.37372 0.22773 ( 1)  1.706 +-  2.234
  32 R   0.39869 0.37380 0.22752 ( 1)  1.705 +-  2.233
  33 L   0.39850 0.37369 0.22780 ( 1)  1.707 +-  2.235
  34 L   0.39920 0.37409 0.22671 ( 1)  1.700 +-  2.226
  35 L   0.39920 0.37409 0.22671 ( 1)  1.700 +-  2.226
  36 D   0.39942 0.37421 0.22636 ( 1)  1.697 +-  2.224
  37 E   0.39892 0.37392 0.22716 ( 1)  1.702 +-  2.230
  38 K   0.39896 0.37395 0.22709 ( 1)  1.702 +-  2.229
  39 G   0.39901 0.37398 0.22702 ( 1)  1.701 +-  2.229
  40 L   0.39920 0.37409 0.22671 ( 1)  1.700 +-  2.226
  41 P   0.39856 0.37372 0.22771 ( 1)  1.706 +-  2.234
  42 D   0.39942 0.37421 0.22636 ( 1)  1.697 +-  2.224
  43 A   0.39835 0.37361 0.22804 ( 1)  1.708 +-  2.236
  44 L   0.39814 0.37348 0.22838 ( 1)  1.710 +-  2.239
  45 V   0.39937 0.37418 0.22644 ( 1)  1.698 +-  2.224
  46 E   0.39892 0.37392 0.22716 ( 1)  1.702 +-  2.230
  47 C   0.39904 0.37400 0.22696 ( 1)  1.701 +-  2.228
  48 I   0.39948 0.37424 0.22628 ( 1)  1.697 +-  2.223
  49 V   0.39892 0.37393 0.22716 ( 1)  1.702 +-  2.230
  50 S   0.39921 0.37409 0.22670 ( 1)  1.699 +-  2.226
  51 A   0.39919 0.37408 0.22674 ( 1)  1.700 +-  2.227
  52 A   0.39835 0.37361 0.22804 ( 1)  1.708 +-  2.236
  53 F   0.39862 0.37376 0.22762 ( 1)  1.705 +-  2.233
  54 D   0.39942 0.37421 0.22636 ( 1)  1.697 +-  2.224
  55 P   0.39856 0.37372 0.22771 ( 1)  1.706 +-  2.234
  56 S   0.39855 0.37372 0.22773 ( 1)  1.706 +-  2.234
  57 L   0.39920 0.37409 0.22671 ( 1)  1.700 +-  2.226
  58 I   0.39922 0.37410 0.22669 ( 1)  1.699 +-  2.226
  59 R   0.39849 0.37368 0.22782 ( 1)  1.707 +-  2.235
  60 L   0.39814 0.37348 0.22838 ( 1)  1.710 +-  2.239
  61 K   0.39896 0.37395 0.22709 ( 1)  1.702 +-  2.229
  62 G   0.39901 0.37398 0.22702 ( 1)  1.701 +-  2.229
  63 F   0.39946 0.37423 0.22630 ( 1)  1.697 +-  2.223
  64 E   0.39860 0.37375 0.22765 ( 1)  1.706 +-  2.234
  65 L   0.39850 0.37369 0.22780 ( 1)  1.707 +-  2.235
  66 L   0.39867 0.37378 0.22755 ( 1)  1.705 +-  2.233
  67 F   0.39946 0.37423 0.22630 ( 1)  1.697 +-  2.223
  68 P   0.39888 0.37390 0.22722 ( 1)  1.703 +-  2.230
  69 G   0.39901 0.37398 0.22702 ( 1)  1.701 +-  2.229
  70 L   0.39920 0.37409 0.22671 ( 1)  1.700 +-  2.226
  71 W   0.39821 0.37352 0.22827 ( 1)  1.710 +-  2.238
  72 K   0.39896 0.37395 0.22709 ( 1)  1.702 +-  2.229
  73 C   0.13792 0.26247 0.59961 ( 3)  4.000 +-  3.345
  74 A   0.39842 0.37365 0.22793 ( 1)  1.707 +-  2.236
  75 F   0.39946 0.37423 0.22630 ( 1)  1.697 +-  2.223
  76 L   0.39834 0.37360 0.22807 ( 1)  1.708 +-  2.237
  77 R   0.39875 0.37383 0.22741 ( 1)  1.704 +-  2.232
  78 A   0.39878 0.37385 0.22737 ( 1)  1.704 +-  2.231
  79 S   0.39855 0.37372 0.22773 ( 1)  1.706 +-  2.234
  80 E   0.39860 0.37375 0.22765 ( 1)  1.706 +-  2.234
  81 V   0.39892 0.37393 0.22716 ( 1)  1.702 +-  2.230
  82 N   0.39861 0.37375 0.22764 ( 1)  1.705 +-  2.233
  83 W   0.39821 0.37352 0.22827 ( 1)  1.710 +-  2.238
  84 R   0.39875 0.37383 0.22741 ( 1)  1.704 +-  2.232
  85 S   0.39855 0.37372 0.22773 ( 1)  1.706 +-  2.234
  86 S   0.39831 0.37358 0.22810 ( 1)  1.708 +-  2.237
  87 Q   0.39843 0.37365 0.22792 ( 1)  1.707 +-  2.236
  88 V   0.39851 0.37369 0.22780 ( 1)  1.706 +-  2.235
  89 F   0.39946 0.37423 0.22630 ( 1)  1.697 +-  2.223
  90 P   0.39888 0.37390 0.22722 ( 1)  1.703 +-  2.230
  91 V   0.39851 0.37369 0.22780 ( 1)  1.706 +-  2.235
  92 L   0.39850 0.37369 0.22780 ( 1)  1.707 +-  2.235
  93 N   0.39946 0.37423 0.22630 ( 1)  1.697 +-  2.223
  94 Q   0.39843 0.37365 0.22792 ( 1)  1.707 +-  2.236
  95 I   0.39948 0.37424 0.22628 ( 1)  1.697 +-  2.223
  96 V   0.39892 0.37393 0.22716 ( 1)  1.702 +-  2.230
  97 R   0.39815 0.37349 0.22835 ( 1)  1.710 +-  2.239
  98 F   0.39862 0.37376 0.22762 ( 1)  1.705 +-  2.233
  99 N   0.39861 0.37375 0.22764 ( 1)  1.705 +-  2.233
 100 S   0.39914 0.37405 0.22680 ( 1)  1.700 +-  2.227
 101 F   0.39946 0.37423 0.22630 ( 1)  1.697 +-  2.223
 102 V   0.39892 0.37393 0.22716 ( 1)  1.702 +-  2.230
 103 D   0.39858 0.37373 0.22769 ( 1)  1.706 +-  2.234
 104 F   0.39862 0.37376 0.22762 ( 1)  1.705 +-  2.233
 105 A   0.39919 0.37408 0.22674 ( 1)  1.700 +-  2.227
 106 D   0.39858 0.37373 0.22769 ( 1)  1.706 +-  2.234
 107 Q   0.39825 0.37355 0.22820 ( 1)  1.709 +-  2.238
 108 F   0.39946 0.37423 0.22630 ( 1)  1.697 +-  2.223
 109 A   0.39878 0.37385 0.22737 ( 1)  1.704 +-  2.231
 110 S   0.39914 0.37405 0.22680 ( 1)  1.700 +-  2.227
 111 I   0.39854 0.37371 0.22775 ( 1)  1.706 +-  2.234
 112 L   0.39834 0.37360 0.22807 ( 1)  1.708 +-  2.237
 113 V   0.39843 0.37365 0.22792 ( 1)  1.707 +-  2.236
 114 T   0.39926 0.37412 0.22661 ( 1)  1.699 +-  2.226
 115 S   0.39855 0.37372 0.22773 ( 1)  1.706 +-  2.234
 116 V   0.39937 0.37418 0.22644 ( 1)  1.698 +-  2.224
 117 E   0.39892 0.37392 0.22716 ( 1)  1.702 +-  2.230
 118 K   0.39896 0.37395 0.22709 ( 1)  1.702 +-  2.229
 119 A   0.39835 0.37361 0.22804 ( 1)  1.708 +-  2.236
 120 S   0.39914 0.37405 0.22680 ( 1)  1.700 +-  2.227
 121 K   0.39896 0.37395 0.22709 ( 1)  1.702 +-  2.229
 122 L   0.39867 0.37378 0.22755 ( 1)  1.705 +-  2.233
 123 Y   0.39907 0.37401 0.22692 ( 1)  1.701 +-  2.228
 124 M   0.39931 0.37415 0.22654 ( 1)  1.698 +-  2.225
 125 F   0.39862 0.37376 0.22762 ( 1)  1.705 +-  2.233
 126 D   0.39858 0.37373 0.22769 ( 1)  1.706 +-  2.234
 127 A   0.39842 0.37365 0.22793 ( 1)  1.707 +-  2.236
 128 D   0.39942 0.37421 0.22636 ( 1)  1.697 +-  2.224
 129 C   0.39904 0.37400 0.22696 ( 1)  1.701 +-  2.228
 130 I   0.39948 0.37424 0.22628 ( 1)  1.697 +-  2.223
 131 S   0.39831 0.37358 0.22810 ( 1)  1.708 +-  2.237
 132 F   0.39946 0.37423 0.22630 ( 1)  1.697 +-  2.223
 133 L   0.39867 0.37378 0.22755 ( 1)  1.705 +-  2.233
 134 D   0.39942 0.37421 0.22636 ( 1)  1.697 +-  2.224
 135 A   0.39878 0.37385 0.22737 ( 1)  1.704 +-  2.231
 136 L   0.39920 0.37409 0.22671 ( 1)  1.700 +-  2.226
 137 L   0.39867 0.37378 0.22755 ( 1)  1.705 +-  2.233
 138 Q   0.39825 0.37355 0.22820 ( 1)  1.709 +-  2.238
 139 F   0.39946 0.37423 0.22630 ( 1)  1.697 +-  2.223
 140 G   0.39828 0.37356 0.22816 ( 1)  1.709 +-  2.237
 141 M   0.39931 0.37415 0.22654 ( 1)  1.698 +-  2.225
 142 K   0.39896 0.37395 0.22709 ( 1)  1.702 +-  2.229
 143 H   0.39842 0.37364 0.22794 ( 1)  1.707 +-  2.236
 144 N   0.39946 0.37423 0.22630 ( 1)  1.697 +-  2.223
 145 V   0.39937 0.37418 0.22644 ( 1)  1.698 +-  2.224
 146 D   0.39858 0.37373 0.22769 ( 1)  1.706 +-  2.234
 147 L   0.39850 0.37369 0.22780 ( 1)  1.707 +-  2.235
 148 N   0.39946 0.37423 0.22630 ( 1)  1.697 +-  2.223
 149 D   0.39942 0.37421 0.22636 ( 1)  1.697 +-  2.224
 150 A   0.39835 0.37361 0.22804 ( 1)  1.708 +-  2.236
 151 L   0.39920 0.37409 0.22671 ( 1)  1.700 +-  2.226
 152 L   0.39867 0.37378 0.22755 ( 1)  1.705 +-  2.233
 153 K   0.39896 0.37395 0.22709 ( 1)  1.702 +-  2.229
 154 S   0.39842 0.37365 0.22793 ( 1)  1.707 +-  2.236
 155 V   0.39843 0.37365 0.22792 ( 1)  1.707 +-  2.236
 156 I   0.39948 0.37424 0.22628 ( 1)  1.697 +-  2.223
 157 I   0.39948 0.37424 0.22628 ( 1)  1.697 +-  2.223
 158 C   0.39904 0.37400 0.22696 ( 1)  1.701 +-  2.228
 159 G   0.39901 0.37398 0.22702 ( 1)  1.701 +-  2.229
 160 N   0.39946 0.37423 0.22630 ( 1)  1.697 +-  2.223
 161 E   0.39892 0.37392 0.22716 ( 1)  1.702 +-  2.230
 162 F   0.39862 0.37376 0.22762 ( 1)  1.705 +-  2.233
 163 D   0.39942 0.37421 0.22636 ( 1)  1.697 +-  2.224
 164 S   0.39831 0.37358 0.22810 ( 1)  1.708 +-  2.237
 165 S   0.39855 0.37372 0.22773 ( 1)  1.706 +-  2.234
 166 C   0.39904 0.37400 0.22696 ( 1)  1.701 +-  2.228
 167 K   0.39864 0.37377 0.22759 ( 1)  1.705 +-  2.233
 168 D   0.39942 0.37421 0.22636 ( 1)  1.697 +-  2.224
 169 D   0.39858 0.37373 0.22769 ( 1)  1.706 +-  2.234
 170 S   0.39855 0.37372 0.22773 ( 1)  1.706 +-  2.234
 171 L   0.39814 0.37348 0.22838 ( 1)  1.710 +-  2.239
 172 W   0.39821 0.37352 0.22827 ( 1)  1.710 +-  2.238
 173 N   0.39946 0.37423 0.22630 ( 1)  1.697 +-  2.223
 174 R   0.39815 0.37349 0.22835 ( 1)  1.710 +-  2.239
 175 L   0.39850 0.37369 0.22780 ( 1)  1.707 +-  2.235
 176 I   0.39948 0.37424 0.22628 ( 1)  1.697 +-  2.223
 177 L   0.39867 0.37378 0.22755 ( 1)  1.705 +-  2.233
 178 I   0.39922 0.37410 0.22669 ( 1)  1.699 +-  2.226
 179 I   0.39922 0.37410 0.22669 ( 1)  1.699 +-  2.226
 180 K   0.39864 0.37377 0.22759 ( 1)  1.705 +-  2.233
 181 L   0.39850 0.37369 0.22780 ( 1)  1.707 +-  2.235
 182 I   0.39922 0.37410 0.22669 ( 1)  1.699 +-  2.226
 183 N   0.39861 0.37375 0.22764 ( 1)  1.705 +-  2.233
 184 L   0.39867 0.37378 0.22755 ( 1)  1.705 +-  2.233
 185 M   0.39931 0.37415 0.22654 ( 1)  1.698 +-  2.225
 186 K   0.39896 0.37395 0.22709 ( 1)  1.702 +-  2.229
 187 S   0.39855 0.37372 0.22773 ( 1)  1.706 +-  2.234
 188 V   0.39843 0.37365 0.22792 ( 1)  1.707 +-  2.236
 189 D   0.39858 0.37373 0.22769 ( 1)  1.706 +-  2.234
 190 V   0.39937 0.37418 0.22644 ( 1)  1.698 +-  2.224
 191 T   0.39926 0.37412 0.22661 ( 1)  1.699 +-  2.226
 192 N   0.39861 0.37375 0.22764 ( 1)  1.705 +-  2.233
 193 N   0.39946 0.37423 0.22630 ( 1)  1.697 +-  2.223
 194 L   0.39850 0.37369 0.22780 ( 1)  1.707 +-  2.235
 195 L   0.39850 0.37369 0.22780 ( 1)  1.707 +-  2.235
 196 E   0.39892 0.37392 0.22716 ( 1)  1.702 +-  2.230
 197 S   0.39831 0.37358 0.22810 ( 1)  1.708 +-  2.237
 198 L   0.39814 0.37348 0.22838 ( 1)  1.710 +-  2.239
 199 K   0.39896 0.37395 0.22709 ( 1)  1.702 +-  2.229
 200 Q   0.39843 0.37365 0.22792 ( 1)  1.707 +-  2.236
 201 P   0.39828 0.37357 0.22815 ( 1)  1.709 +-  2.237
 202 I   0.39948 0.37424 0.22628 ( 1)  1.697 +-  2.223
 203 S   0.39855 0.37372 0.22773 ( 1)  1.706 +-  2.234
 204 F   0.39946 0.37423 0.22630 ( 1)  1.697 +-  2.223
 205 C   0.39832 0.37359 0.22809 ( 1)  1.708 +-  2.237
 206 L   0.39850 0.37369 0.22780 ( 1)  1.707 +-  2.235
 207 D   0.39858 0.37373 0.22769 ( 1)  1.706 +-  2.234
 208 C   0.39832 0.37359 0.22809 ( 1)  1.708 +-  2.237
 209 L   0.39850 0.37369 0.22780 ( 1)  1.707 +-  2.235
 210 K   0.39864 0.37377 0.22759 ( 1)  1.705 +-  2.233
 211 T   0.39926 0.37412 0.22661 ( 1)  1.699 +-  2.226
 212 K   0.39896 0.37395 0.22709 ( 1)  1.702 +-  2.229
 213 R   0.39875 0.37383 0.22741 ( 1)  1.704 +-  2.232
 214 F   0.39946 0.37423 0.22630 ( 1)  1.697 +-  2.223
 215 S   0.39834 0.37360 0.22807 ( 1)  1.708 +-  2.237
 216 S   0.39842 0.37365 0.22793 ( 1)  1.707 +-  2.236
 217 M   0.39931 0.37415 0.22654 ( 1)  1.698 +-  2.225
 218 S   0.39921 0.37409 0.22670 ( 1)  1.699 +-  2.226
 219 K   0.39896 0.37395 0.22709 ( 1)  1.702 +-  2.229
 220 Q   0.39825 0.37355 0.22820 ( 1)  1.709 +-  2.238
 221 F   0.39862 0.37376 0.22762 ( 1)  1.705 +-  2.233
 222 C   0.39904 0.37400 0.22696 ( 1)  1.701 +-  2.228
 223 L   0.39920 0.37409 0.22671 ( 1)  1.700 +-  2.226
 224 V   0.39843 0.37365 0.22792 ( 1)  1.707 +-  2.236
 225 L   0.39920 0.37409 0.22671 ( 1)  1.700 +-  2.226
 226 Q   0.39825 0.37355 0.22820 ( 1)  1.709 +-  2.238
 227 F   0.39946 0.37423 0.22630 ( 1)  1.697 +-  2.223
 228 L   0.39850 0.37369 0.22780 ( 1)  1.707 +-  2.235
 229 A   0.39919 0.37408 0.22674 ( 1)  1.700 +-  2.227
 230 A   0.39919 0.37408 0.22674 ( 1)  1.700 +-  2.227
 231 L   0.39850 0.37369 0.22780 ( 1)  1.707 +-  2.235
 232 T   0.39884 0.37388 0.22728 ( 1)  1.703 +-  2.231
 233 T   0.39926 0.37412 0.22661 ( 1)  1.699 +-  2.226
 234 L   0.39850 0.37369 0.22780 ( 1)  1.707 +-  2.235
 235 Y   0.39907 0.37401 0.22692 ( 1)  1.701 +-  2.228
 236 Q   0.39825 0.37355 0.22820 ( 1)  1.709 +-  2.238
 237 S   0.39831 0.37358 0.22810 ( 1)  1.708 +-  2.237
 238 L   0.39920 0.37409 0.22671 ( 1)  1.700 +-  2.226
 239 K   0.39896 0.37395 0.22709 ( 1)  1.702 +-  2.229
 240 W   0.39821 0.37352 0.22827 ( 1)  1.710 +-  2.238
 241 L   0.39867 0.37378 0.22755 ( 1)  1.705 +-  2.233
 242 E   0.39892 0.37392 0.22716 ( 1)  1.702 +-  2.230
 243 D   0.39942 0.37421 0.22636 ( 1)  1.697 +-  2.224
 244 F   0.39946 0.37423 0.22630 ( 1)  1.697 +-  2.223
 245 C   0.39832 0.37359 0.22809 ( 1)  1.708 +-  2.237
 246 C   0.39904 0.37400 0.22696 ( 1)  1.701 +-  2.228
 247 K   0.39896 0.37395 0.22709 ( 1)  1.702 +-  2.229
 248 S   0.39914 0.37405 0.22680 ( 1)  1.700 +-  2.227
 249 N   0.39946 0.37423 0.22630 ( 1)  1.697 +-  2.223
 250 N   0.39861 0.37375 0.22764 ( 1)  1.705 +-  2.233
 251 G   0.39901 0.37398 0.22702 ( 1)  1.701 +-  2.229
 252 E   0.39892 0.37392 0.22716 ( 1)  1.702 +-  2.230
 253 P   0.39856 0.37372 0.22771 ( 1)  1.706 +-  2.234
 254 F   0.39946 0.37423 0.22630 ( 1)  1.697 +-  2.223
 255 I   0.39922 0.37410 0.22669 ( 1)  1.699 +-  2.226
 256 L   0.39867 0.37378 0.22755 ( 1)  1.705 +-  2.233
 257 I   0.39948 0.37424 0.22628 ( 1)  1.697 +-  2.223
 258 V   0.39937 0.37418 0.22644 ( 1)  1.698 +-  2.224
 259 T   0.39839 0.37362 0.22799 ( 1)  1.708 +-  2.236
 260 T   0.39926 0.37412 0.22661 ( 1)  1.699 +-  2.226
 261 V   0.39843 0.37365 0.22792 ( 1)  1.707 +-  2.236
 262 I   0.39854 0.37371 0.22775 ( 1)  1.706 +-  2.234
 263 I   0.39948 0.37424 0.22628 ( 1)  1.697 +-  2.223
 264 E   0.39892 0.37392 0.22716 ( 1)  1.702 +-  2.230
 265 L   0.39814 0.37348 0.22838 ( 1)  1.710 +-  2.239
 266 R   0.39869 0.37380 0.22752 ( 1)  1.705 +-  2.233
 267 L   0.39814 0.37348 0.22838 ( 1)  1.710 +-  2.239
 268 Y   0.39907 0.37401 0.22692 ( 1)  1.701 +-  2.228
 269 L   0.39814 0.37348 0.22838 ( 1)  1.710 +-  2.239
 270 A   0.39919 0.37408 0.22674 ( 1)  1.700 +-  2.227
 271 Y   0.39831 0.37358 0.22812 ( 1)  1.709 +-  2.237
 272 R   0.39818 0.37351 0.22831 ( 1)  1.710 +-  2.238
 273 R   0.06799 0.15435 0.77766 ( 3)  5.090 +-  3.306
 274 S   0.39855 0.37372 0.22773 ( 1)  1.706 +-  2.234
 275 P   0.39888 0.37390 0.22722 ( 1)  1.703 +-  2.230
 276 N   0.39861 0.37375 0.22764 ( 1)  1.705 +-  2.233
 277 R   0.39875 0.37383 0.22741 ( 1)  1.704 +-  2.232
 278 Y   0.39907 0.37401 0.22692 ( 1)  1.701 +-  2.228
 279 K   0.39864 0.37377 0.22759 ( 1)  1.705 +-  2.233
 280 S   0.39842 0.37365 0.22793 ( 1)  1.707 +-  2.236
 281 I   0.39948 0.37424 0.22628 ( 1)  1.697 +-  2.223
 282 Y   0.39907 0.37401 0.22692 ( 1)  1.701 +-  2.228
 283 K   0.39896 0.37395 0.22709 ( 1)  1.702 +-  2.229
 284 Q   0.39843 0.37365 0.22792 ( 1)  1.707 +-  2.236
 285 Q   0.39825 0.37355 0.22820 ( 1)  1.709 +-  2.238
 286 S   0.39855 0.37372 0.22773 ( 1)  1.706 +-  2.234
 287 F   0.39946 0.37423 0.22630 ( 1)  1.697 +-  2.223
 288 V   0.39851 0.37369 0.22780 ( 1)  1.706 +-  2.235
 289 E   0.39860 0.37375 0.22765 ( 1)  1.706 +-  2.234
 290 L   0.39850 0.37369 0.22780 ( 1)  1.707 +-  2.235
 291 S   0.39921 0.37409 0.22670 ( 1)  1.699 +-  2.226
 292 T   0.39926 0.37412 0.22661 ( 1)  1.699 +-  2.226
 293 R   0.39815 0.37349 0.22835 ( 1)  1.710 +-  2.239
 294 S   0.39921 0.37409 0.22670 ( 1)  1.699 +-  2.226
 295 S   0.39921 0.37409 0.22670 ( 1)  1.699 +-  2.226
 296 T   0.39926 0.37412 0.22661 ( 1)  1.699 +-  2.226
 297 V   0.39892 0.37393 0.22716 ( 1)  1.702 +-  2.230
 298 H   0.39842 0.37364 0.22794 ( 1)  1.707 +-  2.236
 299 R   0.39815 0.37349 0.22836 ( 1)  1.710 +-  2.239
 300 F   0.39946 0.37423 0.22630 ( 1)  1.697 +-  2.223
 301 P   0.39888 0.37390 0.22722 ( 1)  1.703 +-  2.230
 302 T   0.39884 0.37388 0.22728 ( 1)  1.703 +-  2.231
 303 D   0.39942 0.37421 0.22636 ( 1)  1.697 +-  2.224
 304 I   0.39854 0.37371 0.22775 ( 1)  1.706 +-  2.234
 305 M   0.39931 0.37415 0.22654 ( 1)  1.698 +-  2.225
 306 V   0.39937 0.37418 0.22644 ( 1)  1.698 +-  2.224
 307 D   0.39858 0.37373 0.22769 ( 1)  1.706 +-  2.234
 308 V   0.39851 0.37369 0.22780 ( 1)  1.706 +-  2.235
 309 H   0.39917 0.37407 0.22676 ( 1)  1.700 +-  2.227
 310 P   0.39888 0.37390 0.22722 ( 1)  1.703 +-  2.230
 311 L   0.39867 0.37378 0.22755 ( 1)  1.705 +-  2.233
 312 I   0.39922 0.37410 0.22669 ( 1)  1.699 +-  2.226
 313 I   0.39948 0.37424 0.22628 ( 1)  1.697 +-  2.223
 314 K   0.39864 0.37377 0.22759 ( 1)  1.705 +-  2.233
 315 R   0.39815 0.37349 0.22836 ( 1)  1.710 +-  2.239
 316 N   0.39946 0.37423 0.22630 ( 1)  1.697 +-  2.223
 317 I   0.39922 0.37410 0.22669 ( 1)  1.699 +-  2.226
 318 S   0.39831 0.37358 0.22810 ( 1)  1.708 +-  2.237
 319 E   0.39892 0.37392 0.22716 ( 1)  1.702 +-  2.230
 320 A   0.39878 0.37385 0.22737 ( 1)  1.704 +-  2.231
 321 C   0.39904 0.37400 0.22696 ( 1)  1.701 +-  2.228
 322 A   0.39835 0.37361 0.22804 ( 1)  1.708 +-  2.236
 323 V   0.39843 0.37365 0.22792 ( 1)  1.707 +-  2.236
 324 I   0.39948 0.37424 0.22628 ( 1)  1.697 +-  2.223
 325 F   0.39946 0.37423 0.22630 ( 1)  1.697 +-  2.223
 326 Q   0.39843 0.37365 0.22792 ( 1)  1.707 +-  2.236
 327 Y   0.39831 0.37358 0.22812 ( 1)  1.709 +-  2.237
 328 S   0.39842 0.37365 0.22793 ( 1)  1.707 +-  2.236
 329 L   0.39867 0.37378 0.22755 ( 1)  1.705 +-  2.233
 330 K   0.39896 0.37395 0.22709 ( 1)  1.702 +-  2.229
 331 E   0.39892 0.37392 0.22716 ( 1)  1.702 +-  2.230
 332 I   0.39922 0.37410 0.22669 ( 1)  1.699 +-  2.226
 333 E   0.39892 0.37392 0.22716 ( 1)  1.702 +-  2.230
 334 K   0.39896 0.37395 0.22709 ( 1)  1.702 +-  2.229
 335 G   0.39828 0.37356 0.22816 ( 1)  1.709 +-  2.237
 336 N   0.39946 0.37423 0.22630 ( 1)  1.697 +-  2.223
 337 N   0.39861 0.37375 0.22764 ( 1)  1.705 +-  2.233
 338 T   0.39926 0.37412 0.22661 ( 1)  1.699 +-  2.226
 339 V   0.39843 0.37365 0.22792 ( 1)  1.707 +-  2.236
 340 D   0.39942 0.37421 0.22636 ( 1)  1.697 +-  2.224
 341 T   0.39846 0.37367 0.22787 ( 1)  1.707 +-  2.235
 342 V   0.39892 0.37393 0.22716 ( 1)  1.702 +-  2.230
 343 D   0.39942 0.37421 0.22636 ( 1)  1.697 +-  2.224
 344 N   0.39946 0.37423 0.22630 ( 1)  1.697 +-  2.223
 345 C   0.39904 0.37400 0.22696 ( 1)  1.701 +-  2.228
 346 D   0.39858 0.37373 0.22769 ( 1)  1.706 +-  2.234
 347 N   0.39946 0.37423 0.22630 ( 1)  1.697 +-  2.223
 348 S   0.39914 0.37405 0.22680 ( 1)  1.700 +-  2.227
 349 S   0.39921 0.37409 0.22670 ( 1)  1.699 +-  2.226
 350 D   0.39858 0.37373 0.22769 ( 1)  1.706 +-  2.234
 351 I   0.39854 0.37371 0.22775 ( 1)  1.706 +-  2.234
 352 A   0.39835 0.37361 0.22804 ( 1)  1.708 +-  2.236
 353 S   0.39914 0.37405 0.22680 ( 1)  1.700 +-  2.227
 354 T   0.39926 0.37412 0.22661 ( 1)  1.699 +-  2.226
 355 G   0.39828 0.37356 0.22816 ( 1)  1.709 +-  2.237
 356 C   0.39832 0.37359 0.22809 ( 1)  1.708 +-  2.237
 357 L   0.39867 0.37378 0.22755 ( 1)  1.705 +-  2.233
 358 I   0.39948 0.37424 0.22628 ( 1)  1.697 +-  2.223
 359 A   0.39919 0.37408 0.22674 ( 1)  1.700 +-  2.227
 360 Y   0.39907 0.37401 0.22692 ( 1)  1.701 +-  2.228
 361 A   0.39835 0.37361 0.22804 ( 1)  1.708 +-  2.236
 362 S   0.39855 0.37372 0.22773 ( 1)  1.706 +-  2.234
 363 N   0.39946 0.37423 0.22630 ( 1)  1.697 +-  2.223
 364 E   0.39892 0.37392 0.22716 ( 1)  1.702 +-  2.230
 365 T   0.39884 0.37388 0.22728 ( 1)  1.703 +-  2.231
 366 V   0.39851 0.37369 0.22780 ( 1)  1.706 +-  2.235
 367 K   0.39864 0.37377 0.22759 ( 1)  1.705 +-  2.233
 368 N   0.39946 0.37423 0.22630 ( 1)  1.697 +-  2.223
 369 M   0.39931 0.37415 0.22654 ( 1)  1.698 +-  2.225
 370 W   0.39821 0.37352 0.22827 ( 1)  1.710 +-  2.238
 371 L   0.39867 0.37378 0.22755 ( 1)  1.705 +-  2.233
 372 Q   0.39843 0.37365 0.22792 ( 1)  1.707 +-  2.236
 373 C   0.39832 0.37359 0.22809 ( 1)  1.708 +-  2.237
 374 V   0.39892 0.37393 0.22716 ( 1)  1.702 +-  2.230
 375 D   0.39942 0.37421 0.22636 ( 1)  1.697 +-  2.224
 376 A   0.39919 0.37408 0.22674 ( 1)  1.700 +-  2.227
 377 G   0.39901 0.37398 0.22702 ( 1)  1.701 +-  2.229
 378 E   0.39892 0.37392 0.22716 ( 1)  1.702 +-  2.230
 379 D   0.39942 0.37421 0.22636 ( 1)  1.697 +-  2.224
 380 L   0.39834 0.37360 0.22807 ( 1)  1.708 +-  2.237
 381 L   0.39836 0.37361 0.22803 ( 1)  1.708 +-  2.236
 382 D   0.39858 0.37373 0.22769 ( 1)  1.706 +-  2.234
 383 F   0.39862 0.37376 0.22762 ( 1)  1.705 +-  2.233
 384 L   0.39850 0.37369 0.22780 ( 1)  1.707 +-  2.235
 385 L   0.39867 0.37378 0.22755 ( 1)  1.705 +-  2.233
 386 A   0.39919 0.37408 0.22674 ( 1)  1.700 +-  2.227
 387 Y   0.39831 0.37358 0.22812 ( 1)  1.709 +-  2.237
 388 R   0.39849 0.37368 0.22782 ( 1)  1.707 +-  2.235
 389 A   0.39919 0.37408 0.22674 ( 1)  1.700 +-  2.227
 390 I   0.39948 0.37424 0.22628 ( 1)  1.697 +-  2.223
 391 V   0.39851 0.37369 0.22780 ( 1)  1.706 +-  2.235
 392 K   0.39896 0.37395 0.22709 ( 1)  1.702 +-  2.229
 393 R   0.39815 0.37349 0.22835 ( 1)  1.710 +-  2.239
 394 D   0.39942 0.37421 0.22636 ( 1)  1.697 +-  2.224
 395 Y   0.39831 0.37358 0.22812 ( 1)  1.709 +-  2.237
 396 N   0.39946 0.37423 0.22630 ( 1)  1.697 +-  2.223
 397 C   0.39832 0.37359 0.22809 ( 1)  1.708 +-  2.237
 398 D   0.39858 0.37373 0.22769 ( 1)  1.706 +-  2.234
 399 I   0.39922 0.37410 0.22669 ( 1)  1.699 +-  2.226
 400 R   0.39869 0.37380 0.22752 ( 1)  1.705 +-  2.233
 401 F   0.39862 0.37376 0.22762 ( 1)  1.705 +-  2.233
 402 L   0.39867 0.37378 0.22755 ( 1)  1.705 +-  2.233
 403 W   0.39821 0.37352 0.22827 ( 1)  1.710 +-  2.238
 404 D   0.39942 0.37421 0.22636 ( 1)  1.697 +-  2.224
 405 D   0.39942 0.37421 0.22636 ( 1)  1.697 +-  2.224
 406 K   0.39896 0.37395 0.22709 ( 1)  1.702 +-  2.229
 407 A   0.39835 0.37361 0.22804 ( 1)  1.708 +-  2.236
 408 K   0.39896 0.37395 0.22709 ( 1)  1.702 +-  2.229
 409 P   0.39856 0.37372 0.22771 ( 1)  1.706 +-  2.234
 410 N   0.39861 0.37375 0.22764 ( 1)  1.705 +-  2.233
 411 I   0.39922 0.37410 0.22669 ( 1)  1.699 +-  2.226
 412 S   0.39855 0.37372 0.22773 ( 1)  1.706 +-  2.234
 413 I   0.39948 0.37424 0.22628 ( 1)  1.697 +-  2.223
 414 D   0.39942 0.37421 0.22636 ( 1)  1.697 +-  2.224
 415 A   0.39878 0.37385 0.22737 ( 1)  1.704 +-  2.231
 416 L   0.39920 0.37409 0.22671 ( 1)  1.700 +-  2.226
 417 L   0.39814 0.37348 0.22838 ( 1)  1.710 +-  2.239
 418 I   0.39922 0.37410 0.22669 ( 1)  1.699 +-  2.226
 419 E   0.39892 0.37392 0.22716 ( 1)  1.702 +-  2.230
 420 V   0.39892 0.37393 0.22716 ( 1)  1.702 +-  2.230
 421 Y   0.39831 0.37358 0.22812 ( 1)  1.709 +-  2.237
 422 F   0.39862 0.37376 0.22762 ( 1)  1.705 +-  2.233
 423 S   0.39921 0.37409 0.22670 ( 1)  1.699 +-  2.226
 424 W   0.39821 0.37352 0.22827 ( 1)  1.710 +-  2.238
 425 L   0.39850 0.37369 0.22780 ( 1)  1.707 +-  2.235
 426 A   0.39878 0.37385 0.22737 ( 1)  1.704 +-  2.231
 427 V   0.39937 0.37418 0.22644 ( 1)  1.698 +-  2.224
 428 Y   0.39831 0.37358 0.22812 ( 1)  1.709 +-  2.237
 429 F   0.39862 0.37376 0.22762 ( 1)  1.705 +-  2.233
 430 T   0.39839 0.37362 0.22799 ( 1)  1.708 +-  2.236
 431 T   0.39884 0.37388 0.22728 ( 1)  1.703 +-  2.231
 432 R   0.39869 0.37380 0.22752 ( 1)  1.705 +-  2.233
 433 C   0.39904 0.37400 0.22696 ( 1)  1.701 +-  2.228
 434 M   0.39931 0.37415 0.22654 ( 1)  1.698 +-  2.225
 435 Q   0.39825 0.37355 0.22820 ( 1)  1.709 +-  2.238
 436 C   0.39904 0.37400 0.22696 ( 1)  1.701 +-  2.228
 437 E   0.39892 0.37392 0.22716 ( 1)  1.702 +-  2.230
 438 N   0.39946 0.37423 0.22630 ( 1)  1.697 +-  2.223
 439 A   0.39919 0.37408 0.22674 ( 1)  1.700 +-  2.227
 440 S   0.39921 0.37409 0.22670 ( 1)  1.699 +-  2.226
 441 E   0.39860 0.37375 0.22765 ( 1)  1.706 +-  2.234
 442 T   0.39926 0.37412 0.22661 ( 1)  1.699 +-  2.226
 443 A   0.39878 0.37385 0.22737 ( 1)  1.704 +-  2.231
 444 S   0.39914 0.37405 0.22680 ( 1)  1.700 +-  2.227
 445 A   0.39919 0.37408 0.22674 ( 1)  1.700 +-  2.227
 446 F   0.39946 0.37423 0.22630 ( 1)  1.697 +-  2.223
 447 E   0.39892 0.37392 0.22716 ( 1)  1.702 +-  2.230
 448 R   0.39875 0.37383 0.22741 ( 1)  1.704 +-  2.232
 449 L   0.39834 0.37360 0.22807 ( 1)  1.708 +-  2.237
 450 F   0.39862 0.37376 0.22762 ( 1)  1.705 +-  2.233
 451 N   0.39946 0.37423 0.22630 ( 1)  1.697 +-  2.223
 452 K   0.39864 0.37377 0.22759 ( 1)  1.705 +-  2.233
 453 Y   0.39907 0.37401 0.22692 ( 1)  1.701 +-  2.228
 454 L   0.39867 0.37378 0.22755 ( 1)  1.705 +-  2.233
 455 A   0.39919 0.37408 0.22674 ( 1)  1.700 +-  2.227
 456 P   0.39828 0.37357 0.22815 ( 1)  1.709 +-  2.237
 457 I   0.39948 0.37424 0.22628 ( 1)  1.697 +-  2.223
 458 S   0.39855 0.37372 0.22773 ( 1)  1.706 +-  2.234
 459 L   0.39814 0.37348 0.22838 ( 1)  1.710 +-  2.239
 460 I   0.39948 0.37424 0.22628 ( 1)  1.697 +-  2.223
 461 L   0.39850 0.37369 0.22780 ( 1)  1.707 +-  2.235
 462 T   0.39926 0.37412 0.22661 ( 1)  1.699 +-  2.226
 463 S   0.39855 0.37372 0.22773 ( 1)  1.706 +-  2.234
 464 L   0.39836 0.37361 0.22803 ( 1)  1.708 +-  2.236
 465 T   0.39846 0.37367 0.22787 ( 1)  1.707 +-  2.235
 466 T   0.39884 0.37388 0.22728 ( 1)  1.703 +-  2.231
 467 H   0.39917 0.37407 0.22676 ( 1)  1.700 +-  2.227
 468 H   0.39842 0.37364 0.22794 ( 1)  1.707 +-  2.236
 469 F   0.39946 0.37423 0.22630 ( 1)  1.697 +-  2.223
 470 K   0.39864 0.37377 0.22759 ( 1)  1.705 +-  2.233
 471 K   0.39896 0.37395 0.22709 ( 1)  1.702 +-  2.229
 472 Y   0.39907 0.37401 0.22692 ( 1)  1.701 +-  2.228
 473 S   0.39834 0.37360 0.22807 ( 1)  1.708 +-  2.237
 474 M   0.39931 0.37415 0.22654 ( 1)  1.698 +-  2.225
 475 L   0.39867 0.37378 0.22755 ( 1)  1.705 +-  2.233
 476 S   0.39914 0.37405 0.22680 ( 1)  1.700 +-  2.227
 477 D   0.39942 0.37421 0.22636 ( 1)  1.697 +-  2.224
 478 P   0.39823 0.37353 0.22824 ( 1)  1.709 +-  2.238
 479 K   0.39896 0.37395 0.22709 ( 1)  1.702 +-  2.229
 480 N   0.39946 0.37423 0.22630 ( 1)  1.697 +-  2.223
 481 H   0.39917 0.37407 0.22676 ( 1)  1.700 +-  2.227
 482 S   0.39914 0.37405 0.22680 ( 1)  1.700 +-  2.227
 483 S   0.39914 0.37405 0.22680 ( 1)  1.700 +-  2.227
 484 D   0.39858 0.37373 0.22769 ( 1)  1.706 +-  2.234
 485 D   0.39942 0.37421 0.22636 ( 1)  1.697 +-  2.224
 486 L   0.39920 0.37409 0.22671 ( 1)  1.700 +-  2.226
 487 K   0.39864 0.37377 0.22759 ( 1)  1.705 +-  2.233
 488 W   0.39821 0.37352 0.22827 ( 1)  1.710 +-  2.238
 489 I   0.39948 0.37424 0.22628 ( 1)  1.697 +-  2.223
 490 Q   0.39843 0.37365 0.22792 ( 1)  1.707 +-  2.236
 491 S   0.39855 0.37372 0.22773 ( 1)  1.706 +-  2.234
 492 V   0.39851 0.37369 0.22780 ( 1)  1.706 +-  2.235
 493 A   0.39878 0.37385 0.22737 ( 1)  1.704 +-  2.231
 494 N   0.39861 0.37375 0.22764 ( 1)  1.705 +-  2.233
 495 I   0.39948 0.37424 0.22628 ( 1)  1.697 +-  2.223
 496 C   0.39904 0.37400 0.22696 ( 1)  1.701 +-  2.228
 497 S   0.39921 0.37409 0.22670 ( 1)  1.699 +-  2.226
 498 V   0.39892 0.37393 0.22716 ( 1)  1.702 +-  2.230
 499 I   0.39922 0.37410 0.22669 ( 1)  1.699 +-  2.226
 500 N   0.39946 0.37423 0.22630 ( 1)  1.697 +-  2.223
 501 Q   0.39843 0.37365 0.22792 ( 1)  1.707 +-  2.236
 502 L   0.39867 0.37378 0.22755 ( 1)  1.705 +-  2.233
 503 Y   0.39907 0.37401 0.22692 ( 1)  1.701 +-  2.228
 504 T   0.39884 0.37388 0.22728 ( 1)  1.703 +-  2.231
 505 I   0.39922 0.37410 0.22669 ( 1)  1.699 +-  2.226
 506 T   0.39926 0.37412 0.22661 ( 1)  1.699 +-  2.226
 507 S   0.39855 0.37372 0.22773 ( 1)  1.706 +-  2.234
 508 N   0.39946 0.37423 0.22630 ( 1)  1.697 +-  2.223
 509 P   0.39888 0.37390 0.22722 ( 1)  1.703 +-  2.230
 510 K   0.39864 0.37377 0.22759 ( 1)  1.705 +-  2.233
 511 F   0.39946 0.37423 0.22630 ( 1)  1.697 +-  2.223
 512 F   0.39862 0.37376 0.22762 ( 1)  1.705 +-  2.233
 513 T   0.39926 0.37412 0.22661 ( 1)  1.699 +-  2.226
 514 G   0.39901 0.37398 0.22702 ( 1)  1.701 +-  2.229
 515 W   0.39821 0.37352 0.22827 ( 1)  1.710 +-  2.238
 516 F   0.39946 0.37423 0.22630 ( 1)  1.697 +-  2.223
 517 P   0.39856 0.37372 0.22771 ( 1)  1.706 +-  2.234
 518 W   0.39821 0.37352 0.22827 ( 1)  1.710 +-  2.238
 519 D   0.39942 0.37421 0.22636 ( 1)  1.697 +-  2.224
 520 S   0.39914 0.37405 0.22680 ( 1)  1.700 +-  2.227
 521 V   0.39937 0.37418 0.22644 ( 1)  1.698 +-  2.224
 522 D   0.39858 0.37373 0.22769 ( 1)  1.706 +-  2.234
 523 K   0.39864 0.37377 0.22759 ( 1)  1.705 +-  2.233
 524 P   0.39856 0.37372 0.22771 ( 1)  1.706 +-  2.234
 525 F   0.39946 0.37423 0.22630 ( 1)  1.697 +-  2.223
 526 C   0.39904 0.37400 0.22696 ( 1)  1.701 +-  2.228
 527 G   0.39901 0.37398 0.22702 ( 1)  1.701 +-  2.229
 528 E   0.39892 0.37392 0.22716 ( 1)  1.702 +-  2.230
 529 M   0.39931 0.37415 0.22654 ( 1)  1.698 +-  2.225
 530 V   0.39937 0.37418 0.22644 ( 1)  1.698 +-  2.224
 531 C   0.39904 0.37400 0.22696 ( 1)  1.701 +-  2.228
 532 N   0.39946 0.37423 0.22630 ( 1)  1.697 +-  2.223
 533 W   0.39821 0.37352 0.22827 ( 1)  1.710 +-  2.238
 534 L   0.39850 0.37369 0.22780 ( 1)  1.707 +-  2.235
 535 K   0.39864 0.37377 0.22759 ( 1)  1.705 +-  2.233
 536 K   0.39896 0.37395 0.22709 ( 1)  1.702 +-  2.229
 537 I   0.39948 0.37424 0.22628 ( 1)  1.697 +-  2.223
 538 W   0.39821 0.37352 0.22827 ( 1)  1.710 +-  2.238
 539 N   0.39946 0.37423 0.22630 ( 1)  1.697 +-  2.223
 540 V   0.39937 0.37418 0.22644 ( 1)  1.698 +-  2.224
 541 D   0.39942 0.37421 0.22636 ( 1)  1.697 +-  2.224
 542 F   0.39946 0.37423 0.22630 ( 1)  1.697 +-  2.223
 543 L   0.39834 0.37360 0.22807 ( 1)  1.708 +-  2.237
 544 S   0.39921 0.37409 0.22670 ( 1)  1.699 +-  2.226
 545 T   0.39926 0.37412 0.22661 ( 1)  1.699 +-  2.226
 546 Q   0.39825 0.37355 0.22820 ( 1)  1.709 +-  2.238
 547 I   0.39922 0.37410 0.22669 ( 1)  1.699 +-  2.226
 548 C   0.39832 0.37359 0.22809 ( 1)  1.708 +-  2.237
 549 S   0.39855 0.37372 0.22773 ( 1)  1.706 +-  2.234
 550 S   0.39855 0.37372 0.22773 ( 1)  1.706 +-  2.234
 551 S   0.39921 0.37409 0.22670 ( 1)  1.699 +-  2.226
 552 P   0.39856 0.37372 0.22771 ( 1)  1.706 +-  2.234
 553 V   0.39937 0.37418 0.22644 ( 1)  1.698 +-  2.224
 554 I   0.39922 0.37410 0.22669 ( 1)  1.699 +-  2.226
 555 E   0.39892 0.37392 0.22716 ( 1)  1.702 +-  2.230
 556 V   0.39851 0.37369 0.22780 ( 1)  1.706 +-  2.235
 557 L   0.39920 0.37409 0.22671 ( 1)  1.700 +-  2.226
 558 T   0.39884 0.37388 0.22728 ( 1)  1.703 +-  2.231
 559 N   0.39861 0.37375 0.22764 ( 1)  1.705 +-  2.233
 560 I   0.39948 0.37424 0.22628 ( 1)  1.697 +-  2.223
 561 L   0.39814 0.37348 0.22838 ( 1)  1.710 +-  2.239
 562 E   0.39892 0.37392 0.22716 ( 1)  1.702 +-  2.230
 563 L   0.39814 0.37348 0.22838 ( 1)  1.710 +-  2.239
 564 I   0.39948 0.37424 0.22628 ( 1)  1.697 +-  2.223
 565 N   0.39946 0.37423 0.22630 ( 1)  1.697 +-  2.223
 566 S   0.39921 0.37409 0.22670 ( 1)  1.699 +-  2.226
 567 C   0.39832 0.37359 0.22809 ( 1)  1.708 +-  2.237
 568 I   0.39922 0.37410 0.22669 ( 1)  1.699 +-  2.226
 569 L   0.39850 0.37369 0.22780 ( 1)  1.707 +-  2.235
 570 D   0.39942 0.37421 0.22636 ( 1)  1.697 +-  2.224
 571 S   0.39855 0.37372 0.22773 ( 1)  1.706 +-  2.234
 572 Q   0.39825 0.37355 0.22820 ( 1)  1.709 +-  2.238
 573 I   0.39922 0.37410 0.22669 ( 1)  1.699 +-  2.226
 574 V   0.39843 0.37365 0.22792 ( 1)  1.707 +-  2.236
 575 K   0.39864 0.37377 0.22759 ( 1)  1.705 +-  2.233
 576 S   0.39831 0.37358 0.22810 ( 1)  1.708 +-  2.237
 577 T   0.39846 0.37367 0.22787 ( 1)  1.707 +-  2.235
 578 E   0.39892 0.37392 0.22716 ( 1)  1.702 +-  2.230
 579 N   0.39946 0.37423 0.22630 ( 1)  1.697 +-  2.223
 580 I   0.39948 0.37424 0.22628 ( 1)  1.697 +-  2.223
 581 K   0.39896 0.37395 0.22709 ( 1)  1.702 +-  2.229
 582 Q   0.39825 0.37355 0.22820 ( 1)  1.709 +-  2.238
 583 R   0.39869 0.37380 0.22752 ( 1)  1.705 +-  2.233
 584 D   0.39942 0.37421 0.22636 ( 1)  1.697 +-  2.224
 585 L   0.39867 0.37378 0.22755 ( 1)  1.705 +-  2.233
 586 F   0.39862 0.37376 0.22762 ( 1)  1.705 +-  2.233
 587 T   0.39846 0.37367 0.22787 ( 1)  1.707 +-  2.235
 588 W   0.39821 0.37352 0.22827 ( 1)  1.710 +-  2.238
 589 L   0.39814 0.37348 0.22838 ( 1)  1.710 +-  2.239
 590 A   0.39878 0.37385 0.22737 ( 1)  1.704 +-  2.231
 591 E   0.39892 0.37392 0.22716 ( 1)  1.702 +-  2.230
 592 P   0.39823 0.37353 0.22824 ( 1)  1.709 +-  2.238
 593 G   0.39828 0.37356 0.22816 ( 1)  1.709 +-  2.237
 594 E   0.39892 0.37392 0.22716 ( 1)  1.702 +-  2.230
 595 L   0.39867 0.37378 0.22755 ( 1)  1.705 +-  2.233
 596 F   0.39946 0.37423 0.22630 ( 1)  1.697 +-  2.223
 597 H   0.39842 0.37364 0.22794 ( 1)  1.707 +-  2.236
 598 L   0.39867 0.37378 0.22755 ( 1)  1.705 +-  2.233
 599 F   0.39862 0.37376 0.22762 ( 1)  1.705 +-  2.233
 600 T   0.39926 0.37412 0.22661 ( 1)  1.699 +-  2.226
 601 G   0.39901 0.37398 0.22702 ( 1)  1.701 +-  2.229
 602 S   0.39921 0.37409 0.22670 ( 1)  1.699 +-  2.226
 603 W   0.39821 0.37352 0.22827 ( 1)  1.710 +-  2.238
 604 I   0.39922 0.37410 0.22669 ( 1)  1.699 +-  2.226
 605 S   0.39914 0.37405 0.22680 ( 1)  1.700 +-  2.227
 606 F   0.39946 0.37423 0.22630 ( 1)  1.697 +-  2.223
 607 Y   0.39831 0.37358 0.22812 ( 1)  1.709 +-  2.237
 608 D   0.39942 0.37421 0.22636 ( 1)  1.697 +-  2.224
 609 V   0.39937 0.37418 0.22644 ( 1)  1.698 +-  2.224
 610 V   0.39937 0.37418 0.22644 ( 1)  1.698 +-  2.224
 611 V   0.39851 0.37369 0.22780 ( 1)  1.706 +-  2.235
 612 N   0.39946 0.37423 0.22630 ( 1)  1.697 +-  2.223
 613 Q   0.39843 0.37365 0.22792 ( 1)  1.707 +-  2.236
 614 P   0.39856 0.37372 0.22771 ( 1)  1.706 +-  2.234
 615 S   0.39842 0.37365 0.22793 ( 1)  1.707 +-  2.236
 616 L   0.39867 0.37378 0.22755 ( 1)  1.705 +-  2.233
 617 C   0.39832 0.37359 0.22809 ( 1)  1.708 +-  2.237
 618 I   0.39922 0.37410 0.22669 ( 1)  1.699 +-  2.226
 619 E   0.39892 0.37392 0.22716 ( 1)  1.702 +-  2.230
 620 Y   0.39907 0.37401 0.22692 ( 1)  1.701 +-  2.228
 621 I   0.39948 0.37424 0.22628 ( 1)  1.697 +-  2.223
 622 C   0.39904 0.37400 0.22696 ( 1)  1.701 +-  2.228
 623 T   0.39884 0.37388 0.22728 ( 1)  1.703 +-  2.231
 624 V   0.39937 0.37418 0.22644 ( 1)  1.698 +-  2.224
 625 V   0.39843 0.37365 0.22792 ( 1)  1.707 +-  2.236
 626 K   0.39896 0.37395 0.22709 ( 1)  1.702 +-  2.229
 627 L   0.39814 0.37348 0.22838 ( 1)  1.710 +-  2.239
 628 W   0.39821 0.37352 0.22827 ( 1)  1.710 +-  2.238
 629 I   0.39922 0.37410 0.22669 ( 1)  1.699 +-  2.226
 630 I   0.39948 0.37424 0.22628 ( 1)  1.697 +-  2.223
 631 Y   0.39907 0.37401 0.22692 ( 1)  1.701 +-  2.228
 632 Q   0.39843 0.37365 0.22792 ( 1)  1.707 +-  2.236
 633 K   0.39896 0.37395 0.22709 ( 1)  1.702 +-  2.229
 634 W   0.39821 0.37352 0.22827 ( 1)  1.710 +-  2.238
 635 S   0.39834 0.37360 0.22807 ( 1)  1.708 +-  2.237
 636 K   0.39896 0.37395 0.22709 ( 1)  1.702 +-  2.229
 637 E   0.39892 0.37392 0.22716 ( 1)  1.702 +-  2.230
 638 F   0.39946 0.37423 0.22630 ( 1)  1.697 +-  2.223
 639 S   0.39921 0.37409 0.22670 ( 1)  1.699 +-  2.226
 640 P   0.39856 0.37372 0.22771 ( 1)  1.706 +-  2.234
 641 V   0.39937 0.37418 0.22644 ( 1)  1.698 +-  2.224
 642 L   0.39834 0.37360 0.22807 ( 1)  1.708 +-  2.237
 643 N   0.39946 0.37423 0.22630 ( 1)  1.697 +-  2.223
 644 D   0.39858 0.37373 0.22769 ( 1)  1.706 +-  2.234
 645 T   0.39884 0.37388 0.22728 ( 1)  1.703 +-  2.231
 646 V   0.39843 0.37365 0.22792 ( 1)  1.707 +-  2.236
 647 K   0.39864 0.37377 0.22759 ( 1)  1.705 +-  2.233
 648 K   0.39864 0.37377 0.22759 ( 1)  1.705 +-  2.233
 649 S   0.39855 0.37372 0.22773 ( 1)  1.706 +-  2.234
 650 L   0.39867 0.37378 0.22755 ( 1)  1.705 +-  2.233
 651 F   0.39862 0.37376 0.22762 ( 1)  1.705 +-  2.233
 652 N   0.39946 0.37423 0.22630 ( 1)  1.697 +-  2.223
 653 I   0.39948 0.37424 0.22628 ( 1)  1.697 +-  2.223
 654 P   0.39856 0.37372 0.22771 ( 1)  1.706 +-  2.234
 655 D   0.39942 0.37421 0.22636 ( 1)  1.697 +-  2.224
 656 D   0.39858 0.37373 0.22769 ( 1)  1.706 +-  2.234
 657 L   0.39834 0.37360 0.22807 ( 1)  1.708 +-  2.237
 658 F   0.39862 0.37376 0.22762 ( 1)  1.705 +-  2.233
 659 I   0.39948 0.37424 0.22628 ( 1)  1.697 +-  2.223
 660 G   0.39901 0.37398 0.22702 ( 1)  1.701 +-  2.229
 661 K   0.39896 0.37395 0.22709 ( 1)  1.702 +-  2.229
 662 I   0.39948 0.37424 0.22628 ( 1)  1.697 +-  2.223
 663 L   0.39834 0.37360 0.22807 ( 1)  1.708 +-  2.237
 664 Y   0.39907 0.37401 0.22692 ( 1)  1.701 +-  2.228
 665 L   0.39834 0.37360 0.22807 ( 1)  1.708 +-  2.237
 666 S   0.39831 0.37358 0.22810 ( 1)  1.708 +-  2.237
 667 S   0.39921 0.37409 0.22670 ( 1)  1.699 +-  2.226
 668 S   0.39914 0.37405 0.22680 ( 1)  1.700 +-  2.227
 669 A   0.39919 0.37408 0.22674 ( 1)  1.700 +-  2.227
 670 L   0.39850 0.37369 0.22780 ( 1)  1.707 +-  2.235
 671 S   0.39855 0.37372 0.22773 ( 1)  1.706 +-  2.234
 672 N   0.39861 0.37375 0.22764 ( 1)  1.705 +-  2.233
 673 S   0.39914 0.37405 0.22680 ( 1)  1.700 +-  2.227
 674 S   0.39855 0.37372 0.22773 ( 1)  1.706 +-  2.234
 675 V   0.39843 0.37365 0.22792 ( 1)  1.707 +-  2.236
 676 F   0.39862 0.37376 0.22762 ( 1)  1.705 +-  2.233
 677 Y   0.39907 0.37401 0.22692 ( 1)  1.701 +-  2.228
 678 H   0.39917 0.37407 0.22676 ( 1)  1.700 +-  2.227
 679 L   0.39920 0.37409 0.22671 ( 1)  1.700 +-  2.226
 680 R   0.39869 0.37380 0.22752 ( 1)  1.705 +-  2.233
 681 H   0.39917 0.37407 0.22676 ( 1)  1.700 +-  2.227
 682 L   0.39920 0.37409 0.22671 ( 1)  1.700 +-  2.226
 683 S   0.39855 0.37372 0.22773 ( 1)  1.706 +-  2.234
 684 Q   0.39843 0.37365 0.22792 ( 1)  1.707 +-  2.236
 685 V   0.39937 0.37418 0.22644 ( 1)  1.698 +-  2.224
 686 F   0.39862 0.37376 0.22762 ( 1)  1.705 +-  2.233
 687 K   0.39896 0.37395 0.22709 ( 1)  1.702 +-  2.229
 688 E   0.39892 0.37392 0.22716 ( 1)  1.702 +-  2.230
 689 A   0.39919 0.37408 0.22674 ( 1)  1.700 +-  2.227
 690 T   0.39884 0.37388 0.22728 ( 1)  1.703 +-  2.231
 691 E   0.39892 0.37392 0.22716 ( 1)  1.702 +-  2.230
 692 Y   0.39831 0.37358 0.22812 ( 1)  1.709 +-  2.237
 693 D   0.39942 0.37421 0.22636 ( 1)  1.697 +-  2.224
 694 D   0.39942 0.37421 0.22636 ( 1)  1.697 +-  2.224
 695 R   0.39818 0.37351 0.22831 ( 1)  1.710 +-  2.238
 696 F   0.39946 0.37423 0.22630 ( 1)  1.697 +-  2.223
 697 V   0.39892 0.37393 0.22716 ( 1)  1.702 +-  2.230
 698 N   0.39946 0.37423 0.22630 ( 1)  1.697 +-  2.223
 699 A   0.39835 0.37361 0.22804 ( 1)  1.708 +-  2.236
 700 A   0.39835 0.37361 0.22804 ( 1)  1.708 +-  2.236
 701 C   0.39904 0.37400 0.22696 ( 1)  1.701 +-  2.228
 702 V   0.39851 0.37369 0.22780 ( 1)  1.706 +-  2.235
 703 V   0.39937 0.37418 0.22644 ( 1)  1.698 +-  2.224
 704 E   0.39892 0.37392 0.22716 ( 1)  1.702 +-  2.230
 705 N   0.39946 0.37423 0.22630 ( 1)  1.697 +-  2.223
 706 Y   0.39907 0.37401 0.22692 ( 1)  1.701 +-  2.228
 707 M   0.39931 0.37415 0.22654 ( 1)  1.698 +-  2.225
 708 F   0.39946 0.37423 0.22630 ( 1)  1.697 +-  2.223
 709 V   0.39892 0.37393 0.22716 ( 1)  1.702 +-  2.230
 710 F   0.39946 0.37423 0.22630 ( 1)  1.697 +-  2.223
 711 D   0.39942 0.37421 0.22636 ( 1)  1.697 +-  2.224
 712 L   0.39814 0.37348 0.22838 ( 1)  1.710 +-  2.239

Positively selected sites

	Prob(w>1)  mean w

    73 C      0.600         4.000 +- 3.345
   273 R      0.778         5.090 +- 3.306

