Supplemental results for CODEML (seqf: algn  treef: tree)


dN/dS (w) for site classes (K=3)

p:   1.00000  0.00000  0.00000
w:   0.05553  1.00000  1.00000

Naive Empirical Bayes (NEB) probabilities for 3 classes & postmean_w
(amino acids refer to 1st sequence: Mlig.31395)

   1 M   1.00000 0.00000 0.00000 ( 1)  0.056
   2 E   1.00000 0.00000 0.00000 ( 1)  0.056
   3 H   1.00000 0.00000 0.00000 ( 1)  0.056
   4 C   1.00000 0.00000 0.00000 ( 1)  0.056
   5 D   1.00000 0.00000 0.00000 ( 1)  0.056
   6 V   1.00000 0.00000 0.00000 ( 1)  0.056
   7 P   1.00000 0.00000 0.00000 ( 1)  0.056
   8 S   1.00000 0.00000 0.00000 ( 1)  0.056
   9 D   1.00000 0.00000 0.00000 ( 1)  0.056
  10 Y   1.00000 0.00000 0.00000 ( 1)  0.056
  11 R   1.00000 0.00000 0.00000 ( 1)  0.056
  12 L   1.00000 0.00000 0.00000 ( 1)  0.056
  13 D   1.00000 0.00000 0.00000 ( 1)  0.056
  14 E   1.00000 0.00000 0.00000 ( 1)  0.056
  15 R   1.00000 0.00000 0.00000 ( 1)  0.056
  16 M   1.00000 0.00000 0.00000 ( 1)  0.056
  17 A   1.00000 0.00000 0.00000 ( 1)  0.056
  18 A   1.00000 0.00000 0.00000 ( 1)  0.056
  19 D   1.00000 0.00000 0.00000 ( 1)  0.056
  20 S   1.00000 0.00000 0.00000 ( 1)  0.056
  21 C   1.00000 0.00000 0.00000 ( 1)  0.056
  22 T   1.00000 0.00000 0.00000 ( 1)  0.056
  23 E   1.00000 0.00000 0.00000 ( 1)  0.056
  24 I   1.00000 0.00000 0.00000 ( 1)  0.056
  25 R   1.00000 0.00000 0.00000 ( 1)  0.056
  26 Q   1.00000 0.00000 0.00000 ( 1)  0.056
  27 T   1.00000 0.00000 0.00000 ( 1)  0.056
  28 Y   1.00000 0.00000 0.00000 ( 1)  0.056
  29 V   1.00000 0.00000 0.00000 ( 1)  0.056
  30 T   1.00000 0.00000 0.00000 ( 1)  0.056
  31 E   1.00000 0.00000 0.00000 ( 1)  0.056
  32 T   1.00000 0.00000 0.00000 ( 1)  0.056
  33 M   1.00000 0.00000 0.00000 ( 1)  0.056
  34 S   1.00000 0.00000 0.00000 ( 1)  0.056
  35 Q   1.00000 0.00000 0.00000 ( 1)  0.056
  36 E   1.00000 0.00000 0.00000 ( 1)  0.056
  37 E   1.00000 0.00000 0.00000 ( 1)  0.056
  38 A   1.00000 0.00000 0.00000 ( 1)  0.056
  39 D   1.00000 0.00000 0.00000 ( 1)  0.056
  40 F   1.00000 0.00000 0.00000 ( 1)  0.056
  41 P   1.00000 0.00000 0.00000 ( 1)  0.056
  42 L   1.00000 0.00000 0.00000 ( 1)  0.056
  43 A   1.00000 0.00000 0.00000 ( 1)  0.056
  44 F   1.00000 0.00000 0.00000 ( 1)  0.056
  45 S   1.00000 0.00000 0.00000 ( 1)  0.056
  46 L   1.00000 0.00000 0.00000 ( 1)  0.056
  47 V   1.00000 0.00000 0.00000 ( 1)  0.056
  48 V   1.00000 0.00000 0.00000 ( 1)  0.056
  49 F   1.00000 0.00000 0.00000 ( 1)  0.056
  50 K   1.00000 0.00000 0.00000 ( 1)  0.056
  51 D   1.00000 0.00000 0.00000 ( 1)  0.056
  52 F   1.00000 0.00000 0.00000 ( 1)  0.056
  53 Y   1.00000 0.00000 0.00000 ( 1)  0.056
  54 Q   1.00000 0.00000 0.00000 ( 1)  0.056
  55 V   1.00000 0.00000 0.00000 ( 1)  0.056
  56 E   1.00000 0.00000 0.00000 ( 1)  0.056
  57 K   1.00000 0.00000 0.00000 ( 1)  0.056
  58 L   1.00000 0.00000 0.00000 ( 1)  0.056
  59 F   1.00000 0.00000 0.00000 ( 1)  0.056
  60 R   1.00000 0.00000 0.00000 ( 1)  0.056
  61 A   1.00000 0.00000 0.00000 ( 1)  0.056
  62 V   1.00000 0.00000 0.00000 ( 1)  0.056
  63 Y   1.00000 0.00000 0.00000 ( 1)  0.056
  64 R   1.00000 0.00000 0.00000 ( 1)  0.056
  65 P   1.00000 0.00000 0.00000 ( 1)  0.056
  66 E   1.00000 0.00000 0.00000 ( 1)  0.056
  67 H   1.00000 0.00000 0.00000 ( 1)  0.056
  68 F   1.00000 0.00000 0.00000 ( 1)  0.056
  69 Y   1.00000 0.00000 0.00000 ( 1)  0.056
  70 C   1.00000 0.00000 0.00000 ( 1)  0.056
  71 F   1.00000 0.00000 0.00000 ( 1)  0.056
  72 H   1.00000 0.00000 0.00000 ( 1)  0.056
  73 V   1.00000 0.00000 0.00000 ( 1)  0.056
  74 D   1.00000 0.00000 0.00000 ( 1)  0.056
  75 N   1.00000 0.00000 0.00000 ( 1)  0.056
  76 K   1.00000 0.00000 0.00000 ( 1)  0.056
  77 S   1.00000 0.00000 0.00000 ( 1)  0.056
  78 S   1.00000 0.00000 0.00000 ( 1)  0.056
  79 N   1.00000 0.00000 0.00000 ( 1)  0.056
  80 A   1.00000 0.00000 0.00000 ( 1)  0.056
  81 F   1.00000 0.00000 0.00000 ( 1)  0.056
  82 F   1.00000 0.00000 0.00000 ( 1)  0.056
  83 Q   1.00000 0.00000 0.00000 ( 1)  0.056
  84 A   1.00000 0.00000 0.00000 ( 1)  0.056
  85 V   1.00000 0.00000 0.00000 ( 1)  0.056
  86 T   1.00000 0.00000 0.00000 ( 1)  0.056
  87 K   1.00000 0.00000 0.00000 ( 1)  0.056
  88 Y   1.00000 0.00000 0.00000 ( 1)  0.056
  89 A   1.00000 0.00000 0.00000 ( 1)  0.056
  90 S   1.00000 0.00000 0.00000 ( 1)  0.056
  91 C   1.00000 0.00000 0.00000 ( 1)  0.056
  92 F   1.00000 0.00000 0.00000 ( 1)  0.056
  93 P   1.00000 0.00000 0.00000 ( 1)  0.056
  94 N   1.00000 0.00000 0.00000 ( 1)  0.056
  95 V   1.00000 0.00000 0.00000 ( 1)  0.056
  96 I   1.00000 0.00000 0.00000 ( 1)  0.056
  97 V   1.00000 0.00000 0.00000 ( 1)  0.056
  98 S   1.00000 0.00000 0.00000 ( 1)  0.056
  99 E   1.00000 0.00000 0.00000 ( 1)  0.056
 100 S   1.00000 0.00000 0.00000 ( 1)  0.056
 101 R   1.00000 0.00000 0.00000 ( 1)  0.056
 102 S   1.00000 0.00000 0.00000 ( 1)  0.056
 103 N   1.00000 0.00000 0.00000 ( 1)  0.056
 104 V   1.00000 0.00000 0.00000 ( 1)  0.056
 105 N   1.00000 0.00000 0.00000 ( 1)  0.056
 106 W   1.00000 0.00000 0.00000 ( 1)  0.056
 107 G   1.00000 0.00000 0.00000 ( 1)  0.056
 108 T   1.00000 0.00000 0.00000 ( 1)  0.056
 109 F   1.00000 0.00000 0.00000 ( 1)  0.056
 110 T   1.00000 0.00000 0.00000 ( 1)  0.056
 111 V   1.00000 0.00000 0.00000 ( 1)  0.056
 112 L   1.00000 0.00000 0.00000 ( 1)  0.056
 113 E   1.00000 0.00000 0.00000 ( 1)  0.056
 114 A   1.00000 0.00000 0.00000 ( 1)  0.056
 115 D   1.00000 0.00000 0.00000 ( 1)  0.056
 116 L   1.00000 0.00000 0.00000 ( 1)  0.056
 117 H   1.00000 0.00000 0.00000 ( 1)  0.056
 118 C   1.00000 0.00000 0.00000 ( 1)  0.056

Positively selected sites

	Prob(w>1)  mean w



lnL = -1437.628704

Bayes Empirical Bayes (BEB) probabilities for 3 classes (class) & postmean_w
(amino acids refer to 1st sequence: Mlig.31395)

   1 M   0.34272 0.32940 0.32788 ( 1)  2.455 +-  2.976
   2 E   0.33459 0.33347 0.33193 ( 1)  2.483 +-  2.984
   3 H   0.33622 0.33266 0.33112 ( 1)  2.478 +-  2.982
   4 C   0.33862 0.33145 0.32993 ( 1)  2.470 +-  2.980
   5 D   0.33752 0.33201 0.33047 ( 1)  2.473 +-  2.981
   6 V   0.33762 0.33195 0.33043 ( 1)  2.473 +-  2.981
   7 P   0.33806 0.33173 0.33021 ( 1)  2.472 +-  2.981
   8 S   0.34136 0.33007 0.32857 ( 1)  2.460 +-  2.978
   9 D   0.33678 0.33239 0.33084 ( 1)  2.476 +-  2.982
  10 Y   0.33555 0.33298 0.33147 ( 1)  2.480 +-  2.983
  11 R   0.33774 0.33189 0.33037 ( 1)  2.473 +-  2.981
  12 L   0.33818 0.33167 0.33016 ( 1)  2.471 +-  2.981
  13 D   0.33872 0.33140 0.32988 ( 1)  2.469 +-  2.980
  14 E   0.33463 0.33345 0.33192 ( 1)  2.483 +-  2.984
  15 R   0.33629 0.33262 0.33110 ( 1)  2.478 +-  2.982
  16 M   0.33704 0.33225 0.33072 ( 1)  2.475 +-  2.982
  17 A   0.33809 0.33171 0.33020 ( 1)  2.471 +-  2.981
  18 A   0.33794 0.33179 0.33027 ( 1)  2.472 +-  2.981
  19 D   0.33737 0.33208 0.33055 ( 1)  2.474 +-  2.981
  20 S   0.33571 0.33291 0.33138 ( 1)  2.480 +-  2.983
  21 C   0.34022 0.33064 0.32914 ( 1)  2.464 +-  2.979
  22 T   0.33782 0.33185 0.33033 ( 1)  2.472 +-  2.981
  23 E   0.33737 0.33208 0.33055 ( 1)  2.474 +-  2.981
  24 I   0.33679 0.33237 0.33084 ( 1)  2.476 +-  2.982
  25 R   0.33683 0.33234 0.33083 ( 1)  2.476 +-  2.982
  26 Q   0.33571 0.33291 0.33138 ( 1)  2.480 +-  2.983
  27 T   0.34197 0.32977 0.32826 ( 1)  2.458 +-  2.977
  28 Y   0.33613 0.33270 0.33117 ( 1)  2.478 +-  2.982
  29 V   0.33650 0.33251 0.33099 ( 1)  2.477 +-  2.982
  30 T   0.33998 0.33076 0.32926 ( 1)  2.465 +-  2.979
  31 E   0.33433 0.33360 0.33207 ( 1)  2.484 +-  2.984
  32 T   0.34169 0.32991 0.32840 ( 1)  2.459 +-  2.977
  33 M   0.33637 0.33258 0.33105 ( 1)  2.477 +-  2.982
  34 S   0.33517 0.33318 0.33165 ( 1)  2.481 +-  2.983
  35 Q   0.33838 0.33157 0.33005 ( 1)  2.470 +-  2.980
  36 E   0.33629 0.33262 0.33109 ( 1)  2.478 +-  2.982
  37 E   0.34049 0.33051 0.32899 ( 1)  2.463 +-  2.978
  38 A   0.33499 0.33326 0.33175 ( 1)  2.482 +-  2.983
  39 D   0.33788 0.33183 0.33029 ( 1)  2.472 +-  2.981
  40 F   0.33487 0.33332 0.33180 ( 1)  2.483 +-  2.984
  41 P   0.33835 0.33158 0.33007 ( 1)  2.471 +-  2.980
  42 L   0.33599 0.33276 0.33125 ( 1)  2.479 +-  2.983
  43 A   0.33300 0.33425 0.33274 ( 2)  2.489 +-  2.985
  44 F   0.33905 0.33123 0.32972 ( 1)  2.468 +-  2.980
  45 S   0.33528 0.33311 0.33161 ( 1)  2.481 +-  2.983
  46 L   0.33832 0.33160 0.33008 ( 1)  2.471 +-  2.980
  47 V   0.33978 0.33086 0.32936 ( 1)  2.466 +-  2.979
  48 V   0.33978 0.33086 0.32936 ( 1)  2.466 +-  2.979
  49 F   0.33799 0.33177 0.33024 ( 1)  2.472 +-  2.981
  50 K   0.33626 0.33263 0.33111 ( 1)  2.478 +-  2.982
  51 D   0.34041 0.33056 0.32902 ( 1)  2.463 +-  2.978
  52 F   0.33776 0.33188 0.33035 ( 1)  2.473 +-  2.981
  53 Y   0.33724 0.33214 0.33062 ( 1)  2.474 +-  2.981
  54 Q   0.33817 0.33168 0.33016 ( 1)  2.471 +-  2.981
  55 V   0.33645 0.33253 0.33102 ( 1)  2.477 +-  2.982
  56 E   0.33957 0.33098 0.32945 ( 1)  2.466 +-  2.979
  57 K   0.33810 0.33171 0.33019 ( 1)  2.471 +-  2.981
  58 L   0.33842 0.33154 0.33004 ( 1)  2.470 +-  2.980
  59 F   0.33682 0.33236 0.33083 ( 1)  2.476 +-  2.982
  60 R   0.33552 0.33299 0.33148 ( 1)  2.480 +-  2.983
  61 A   0.33211 0.33470 0.33318 ( 2)  2.492 +-  2.986
  62 V   0.33954 0.33098 0.32947 ( 1)  2.466 +-  2.979
  63 Y   0.33681 0.33236 0.33084 ( 1)  2.476 +-  2.982
  64 R   0.33978 0.33086 0.32936 ( 1)  2.466 +-  2.979
  65 P   0.33800 0.33175 0.33024 ( 1)  2.472 +-  2.981
  66 E   0.33616 0.33269 0.33115 ( 1)  2.478 +-  2.982
  67 H   0.33592 0.33281 0.33127 ( 1)  2.479 +-  2.983
  68 F   0.33688 0.33232 0.33080 ( 1)  2.476 +-  2.982
  69 Y   0.33691 0.33230 0.33079 ( 1)  2.476 +-  2.982
  70 C   0.33997 0.33076 0.32926 ( 1)  2.465 +-  2.979
  71 F   0.33506 0.33324 0.33170 ( 1)  2.482 +-  2.983
  72 H   0.33703 0.33225 0.33071 ( 1)  2.475 +-  2.981
  73 V   0.33967 0.33093 0.32940 ( 1)  2.466 +-  2.979
  74 D   0.33634 0.33259 0.33106 ( 1)  2.477 +-  2.982
  75 N   0.33217 0.33468 0.33315 ( 2)  2.492 +-  2.986
  76 K   0.33740 0.33206 0.33054 ( 1)  2.474 +-  2.981
  77 S   0.33541 0.33304 0.33155 ( 1)  2.481 +-  2.983
  78 S   0.33662 0.33245 0.33093 ( 1)  2.476 +-  2.982
  79 N   0.33682 0.33236 0.33082 ( 1)  2.476 +-  2.982
  80 A   0.33834 0.33158 0.33008 ( 1)  2.471 +-  2.980
  81 F   0.33588 0.33283 0.33129 ( 1)  2.479 +-  2.983
  82 F   0.33558 0.33297 0.33145 ( 1)  2.480 +-  2.983
  83 Q   0.33630 0.33261 0.33109 ( 1)  2.478 +-  2.982
  84 A   0.33817 0.33167 0.33016 ( 1)  2.471 +-  2.981
  85 V   0.33896 0.33128 0.32976 ( 1)  2.468 +-  2.980
  86 T   0.33537 0.33307 0.33156 ( 1)  2.481 +-  2.983
  87 K   0.34019 0.33066 0.32915 ( 1)  2.464 +-  2.979
  88 Y   0.33678 0.33237 0.33085 ( 1)  2.476 +-  2.982
  89 A   0.33281 0.33435 0.33284 ( 2)  2.490 +-  2.985
  90 S   0.33414 0.33370 0.33217 ( 1)  2.485 +-  2.984
  91 C   0.33323 0.33415 0.33262 ( 2)  2.488 +-  2.985
  92 F   0.33593 0.33279 0.33128 ( 1)  2.479 +-  2.983
  93 P   0.33821 0.33165 0.33015 ( 1)  2.471 +-  2.981
  94 N   0.33515 0.33320 0.33166 ( 1)  2.481 +-  2.983
  95 V   0.33884 0.33133 0.32983 ( 1)  2.469 +-  2.980
  96 I   0.34022 0.33064 0.32914 ( 1)  2.464 +-  2.979
  97 V   0.33596 0.33278 0.33126 ( 1)  2.479 +-  2.983
  98 S   0.33616 0.33268 0.33116 ( 1)  2.478 +-  2.982
  99 E   0.33283 0.33435 0.33281 ( 2)  2.489 +-  2.985
 100 S   0.33876 0.33138 0.32986 ( 1)  2.469 +-  2.980
 101 R   0.33516 0.33317 0.33166 ( 1)  2.482 +-  2.983
 102 S   0.33526 0.33313 0.33161 ( 1)  2.481 +-  2.983
 103 N   0.33461 0.33347 0.33193 ( 1)  2.483 +-  2.984
 104 V   0.33626 0.33263 0.33111 ( 1)  2.478 +-  2.982
 105 N   0.33527 0.33314 0.33160 ( 1)  2.481 +-  2.983
 106 W   0.33428 0.33362 0.33210 ( 1)  2.485 +-  2.984
 107 G   0.33571 0.33289 0.33139 ( 1)  2.480 +-  2.983
 108 T   0.33729 0.33211 0.33060 ( 1)  2.474 +-  2.981
 109 F   0.33546 0.33304 0.33150 ( 1)  2.480 +-  2.983
 110 T   0.33358 0.33396 0.33246 ( 2)  2.487 +-  2.985
 111 V   0.33897 0.33127 0.32976 ( 1)  2.468 +-  2.980
 112 L   0.33775 0.33188 0.33037 ( 1)  2.473 +-  2.981
 113 E   0.33662 0.33246 0.33092 ( 1)  2.476 +-  2.982
 114 A   0.34227 0.32962 0.32811 ( 1)  2.457 +-  2.977
 115 D   0.34019 0.33067 0.32913 ( 1)  2.464 +-  2.979
 116 L   0.33603 0.33274 0.33123 ( 1)  2.479 +-  2.982
 117 H   0.33681 0.33237 0.33082 ( 1)  2.476 +-  2.982
 118 C   0.34079 0.33036 0.32885 ( 1)  2.462 +-  2.978

Positively selected sites

	Prob(w>1)  mean w


