Supplemental results for CODEML (seqf: algn  treef: tree)


dN/dS (w) for site classes (K=3)

p:   0.96997  0.00000  0.03003
w:   0.03928  1.00000  3.61060

Naive Empirical Bayes (NEB) probabilities for 3 classes & postmean_w & P(w>1)
(amino acids refer to 1st sequence: Mlig.19714)

   1 M   0.99894 0.00000 0.00106 ( 1)  0.043  0.001
   2 L   0.99634 0.00000 0.00366 ( 1)  0.052  0.004
   3 A   0.98445 0.00000 0.01555 ( 1)  0.095  0.016
   4 A   0.95075 0.00000 0.04925 ( 1)  0.215  0.049
   5 N   0.72858 0.00000 0.27142 ( 1)  1.009  0.271
   6 K   0.56034 0.00000 0.43966 ( 1)  1.609  0.440
   7 R   0.99102 0.00000 0.00898 ( 1)  0.071  0.009
   8 H   0.98936 0.00000 0.01064 ( 1)  0.077  0.011
   9 I   0.55637 0.00000 0.44363 ( 1)  1.624  0.444
  10 I   0.99794 0.00000 0.00206 ( 1)  0.047  0.002
  11 S   0.99841 0.00000 0.00159 ( 1)  0.045  0.002
  12 S   0.99840 0.00000 0.00160 ( 1)  0.045  0.002
  13 Y   0.99915 0.00000 0.00085 ( 1)  0.042  0.001
  14 L   0.99639 0.00000 0.00361 ( 1)  0.052  0.004
  15 V   0.99647 0.00000 0.00353 ( 1)  0.052  0.004
  16 M   0.99894 0.00000 0.00106 ( 1)  0.043  0.001
  17 M   0.96912 0.00000 0.03088 ( 1)  0.150  0.031
  18 V   0.99644 0.00000 0.00356 ( 1)  0.052  0.004
  19 L   0.98374 0.00000 0.01626 ( 1)  0.097  0.016
  20 F   0.99831 0.00000 0.00169 ( 1)  0.045  0.002
  21 F   0.98828 0.00000 0.01172 ( 1)  0.081  0.012
  22 C   0.99247 0.00000 0.00753 ( 1)  0.066  0.008
  23 K   0.99926 0.00000 0.00074 ( 1)  0.042  0.001
  24 T   0.98560 0.00000 0.01440 ( 1)  0.091  0.014
  25 S   0.99805 0.00000 0.00195 ( 1)  0.046  0.002
  26 E   0.99897 0.00000 0.00103 ( 1)  0.043  0.001
  27 S   0.99898 0.00000 0.00102 ( 1)  0.043  0.001
  28 L   0.99634 0.00000 0.00366 ( 1)  0.052  0.004
  29 L   0.99634 0.00000 0.00366 ( 1)  0.052  0.004
  30 Q   0.99929 0.00000 0.00071 ( 1)  0.042  0.001
  31 P   0.99833 0.00000 0.00167 ( 1)  0.045  0.002
  32 S   0.99774 0.00000 0.00226 ( 1)  0.047  0.002
  33 V   0.98172 0.00000 0.01828 ( 1)  0.105  0.018
  34 R   0.99806 0.00000 0.00194 ( 1)  0.046  0.002
  35 I   0.99782 0.00000 0.00218 ( 1)  0.047  0.002
  36 Y   0.97773 0.00000 0.02227 ( 1)  0.119  0.022
  37 V   0.98656 0.00000 0.01344 ( 1)  0.087  0.013
  38 Y   0.99915 0.00000 0.00085 ( 1)  0.042  0.001
  39 Q   0.99929 0.00000 0.00071 ( 1)  0.042  0.001
  40 Q   0.99929 0.00000 0.00071 ( 1)  0.042  0.001
  41 V   0.99644 0.00000 0.00356 ( 1)  0.052  0.004
  42 C   0.99913 0.00000 0.00087 ( 1)  0.042  0.001
  43 M   0.44328 0.00000 0.55672 ( 3)  2.027  0.557
  44 S   0.97596 0.00000 0.02404 ( 1)  0.125  0.024
  45 K   0.99209 0.00000 0.00791 ( 1)  0.068  0.008
  46 G   0.99783 0.00000 0.00217 ( 1)  0.047  0.002
  47 I   0.99783 0.00000 0.00217 ( 1)  0.047  0.002
  48 S   0.98695 0.00000 0.01305 ( 1)  0.086  0.013
  49 L   0.97435 0.00000 0.02565 ( 1)  0.131  0.026
  50 A   0.94326 0.00000 0.05674 ( 1)  0.242  0.057
  51 V   0.99644 0.00000 0.00356 ( 1)  0.052  0.004
  52 C   0.99913 0.00000 0.00087 ( 1)  0.042  0.001
  53 E   0.98476 0.00000 0.01524 ( 1)  0.094  0.015
  54 S   0.99798 0.00000 0.00202 ( 1)  0.047  0.002
  55 H   0.98328 0.00000 0.01672 ( 1)  0.099  0.017
  56 S   0.57146 0.00000 0.42854 ( 1)  1.570  0.429
  57 Q   0.95964 0.00000 0.04036 ( 1)  0.183  0.040
  58 G   0.99784 0.00000 0.00216 ( 1)  0.047  0.002
  59 D   0.99876 0.00000 0.00124 ( 1)  0.044  0.001
  60 S   0.93584 0.00000 0.06416 ( 1)  0.268  0.064
  61 Q   0.98538 0.00000 0.01462 ( 1)  0.092  0.015
  62 S   0.99813 0.00000 0.00187 ( 1)  0.046  0.002
  63 K   0.83487 0.00000 0.16513 ( 1)  0.629  0.165
  64 N   0.87795 0.00000 0.12205 ( 1)  0.475  0.122
  65 R   0.99806 0.00000 0.00194 ( 1)  0.046  0.002
  66 L   0.90943 0.00000 0.09057 ( 1)  0.363  0.091
  67 H   0.98936 0.00000 0.01064 ( 1)  0.077  0.011
  68 M   0.99894 0.00000 0.00106 ( 1)  0.043  0.001
  69 T   0.99786 0.00000 0.00214 ( 1)  0.047  0.002
  70 D   0.94055 0.00000 0.05945 ( 1)  0.252  0.059
  71 E   0.98856 0.00000 0.01144 ( 1)  0.080  0.011
  72 Q   0.97042 0.00000 0.02958 ( 1)  0.145  0.030
  73 Q   0.97926 0.00000 0.02074 ( 1)  0.113  0.021
  74 S   0.99166 0.00000 0.00834 ( 1)  0.069  0.008
  75 I   0.79184 0.00000 0.20816 ( 1)  0.783  0.208
  76 V   0.94628 0.00000 0.05372 ( 1)  0.231  0.054
  77 Q   0.99929 0.00000 0.00071 ( 1)  0.042  0.001
  78 R   0.99779 0.00000 0.00221 ( 1)  0.047  0.002
  79 T   0.96810 0.00000 0.03190 ( 1)  0.153  0.032
  80 A   0.99757 0.00000 0.00243 ( 1)  0.048  0.002
  81 S   0.99764 0.00000 0.00236 ( 1)  0.048  0.002
  82 K   0.98478 0.00000 0.01522 ( 1)  0.094  0.015
  83 Y   0.99915 0.00000 0.00085 ( 1)  0.042  0.001
  84 L   0.99573 0.00000 0.00427 ( 1)  0.055  0.004
  85 L   0.99644 0.00000 0.00356 ( 1)  0.052  0.004
  86 A   0.99737 0.00000 0.00263 ( 1)  0.049  0.003
  87 Y   0.99915 0.00000 0.00085 ( 1)  0.042  0.001
  88 R   0.99770 0.00000 0.00230 ( 1)  0.048  0.002
  89 M   0.98423 0.00000 0.01577 ( 1)  0.096  0.016
  90 L   0.99634 0.00000 0.00366 ( 1)  0.052  0.004
  91 V   0.94471 0.00000 0.05529 ( 1)  0.237  0.055
  92 N   0.99908 0.00000 0.00092 ( 1)  0.043  0.001
  93 L   0.99634 0.00000 0.00366 ( 1)  0.052  0.004
  94 P   0.99833 0.00000 0.00167 ( 1)  0.045  0.002
  95 A   0.99750 0.00000 0.00250 ( 1)  0.048  0.003
  96 V   0.99644 0.00000 0.00356 ( 1)  0.052  0.004
  97 F   0.99861 0.00000 0.00139 ( 1)  0.044  0.001
  98 F   0.99861 0.00000 0.00139 ( 1)  0.044  0.001
  99 S   0.97601 0.00000 0.02399 ( 1)  0.125  0.024
 100 V   0.95593 0.00000 0.04407 ( 1)  0.197  0.044
 101 F   0.99861 0.00000 0.00139 ( 1)  0.044  0.001
 102 A   0.99753 0.00000 0.00247 ( 1)  0.048  0.002
 103 G   0.99709 0.00000 0.00291 ( 1)  0.050  0.003
 104 S   0.99833 0.00000 0.00167 ( 1)  0.045  0.002
 105 W   0.99943 0.00000 0.00057 ( 1)  0.041  0.001
 106 S   0.99911 0.00000 0.00089 ( 1)  0.042  0.001
 107 D   0.99881 0.00000 0.00119 ( 1)  0.044  0.001
 108 R   0.99807 0.00000 0.00193 ( 1)  0.046  0.002
 109 V   0.99647 0.00000 0.00353 ( 1)  0.052  0.004
 110 G   0.99738 0.00000 0.00262 ( 1)  0.049  0.003
 111 R   0.99844 0.00000 0.00156 ( 1)  0.045  0.002
 112 K   0.99923 0.00000 0.00077 ( 1)  0.042  0.001
 113 Y   0.99918 0.00000 0.00082 ( 1)  0.042  0.001
 114 P   0.99807 0.00000 0.00193 ( 1)  0.046  0.002
 115 M   0.99894 0.00000 0.00106 ( 1)  0.043  0.001
 116 M   0.99894 0.00000 0.00106 ( 1)  0.043  0.001
 117 L   0.99634 0.00000 0.00366 ( 1)  0.052  0.004
 118 P   0.99776 0.00000 0.00224 ( 1)  0.047  0.002
 119 P   0.99776 0.00000 0.00224 ( 1)  0.047  0.002
 120 L   0.99540 0.00000 0.00460 ( 1)  0.056  0.005
 121 G   0.99783 0.00000 0.00217 ( 1)  0.047  0.002
 122 A   0.99701 0.00000 0.00299 ( 1)  0.050  0.003
 123 I   0.98092 0.00000 0.01908 ( 1)  0.107  0.019
 124 L   0.99620 0.00000 0.00380 ( 1)  0.053  0.004
 125 A   0.99696 0.00000 0.00304 ( 1)  0.050  0.003
 126 T   0.90623 0.00000 0.09377 ( 1)  0.374  0.094
 127 V   0.95604 0.00000 0.04396 ( 1)  0.196  0.044
 128 C   0.99913 0.00000 0.00087 ( 1)  0.042  0.001
 129 Y   0.97773 0.00000 0.02227 ( 1)  0.119  0.022
 130 G   0.16520 0.00000 0.83480 ( 3)  3.021  0.835
 131 A   0.98511 0.00000 0.01489 ( 1)  0.092  0.015
 132 S   0.98472 0.00000 0.01528 ( 1)  0.094  0.015
 133 S   0.99911 0.00000 0.00089 ( 1)  0.042  0.001
 134 A   0.99760 0.00000 0.00240 ( 1)  0.048  0.002
 135 I   0.98659 0.00000 0.01341 ( 1)  0.087  0.013
 136 D   0.97331 0.00000 0.02669 ( 1)  0.135  0.027
 137 D   0.98861 0.00000 0.01139 ( 1)  0.080  0.011
 138 S   0.96042 0.00000 0.03958 ( 1)  0.181  0.040
 139 T   0.98449 0.00000 0.01551 ( 1)  0.095  0.016
 140 N   0.95109 0.00000 0.04891 ( 1)  0.214  0.049
 141 L   0.99669 0.00000 0.00331 ( 1)  0.051  0.003
 142 G   0.96026 0.00000 0.03974 ( 1)  0.181  0.040
 143 W   0.99943 0.00000 0.00057 ( 1)  0.041  0.001
 144 V   0.99644 0.00000 0.00356 ( 1)  0.052  0.004
 145 M   0.99894 0.00000 0.00106 ( 1)  0.043  0.001
 146 A   0.98576 0.00000 0.01424 ( 1)  0.090  0.014
 147 G   0.99757 0.00000 0.00243 ( 1)  0.048  0.002
 148 A   0.99690 0.00000 0.00310 ( 1)  0.050  0.003
 149 A   0.97846 0.00000 0.02154 ( 1)  0.116  0.022
 150 V   0.99644 0.00000 0.00356 ( 1)  0.052  0.004
 151 Y   0.99915 0.00000 0.00085 ( 1)  0.042  0.001
 152 G   0.99784 0.00000 0.00216 ( 1)  0.047  0.002
 153 F   0.99866 0.00000 0.00134 ( 1)  0.044  0.001
 154 F   0.99861 0.00000 0.00139 ( 1)  0.044  0.001
 155 G   0.99784 0.00000 0.00216 ( 1)  0.047  0.002
 156 K   0.99923 0.00000 0.00077 ( 1)  0.042  0.001
 157 S   0.99800 0.00000 0.00200 ( 1)  0.046  0.002
 158 T   0.99820 0.00000 0.00180 ( 1)  0.046  0.002
 159 V   0.99614 0.00000 0.00386 ( 1)  0.053  0.004
 160 M   0.99894 0.00000 0.00106 ( 1)  0.043  0.001
 161 T   0.99819 0.00000 0.00181 ( 1)  0.046  0.002
 162 I   0.98813 0.00000 0.01187 ( 1)  0.082  0.012
 163 A   0.99753 0.00000 0.00247 ( 1)  0.048  0.002
 164 C   0.99917 0.00000 0.00083 ( 1)  0.042  0.001
 165 S   0.99907 0.00000 0.00093 ( 1)  0.043  0.001
 166 S   0.99907 0.00000 0.00093 ( 1)  0.043  0.001
 167 Y   0.99915 0.00000 0.00085 ( 1)  0.042  0.001
 168 V   0.99639 0.00000 0.00361 ( 1)  0.052  0.004
 169 A   0.99753 0.00000 0.00247 ( 1)  0.048  0.002
 170 D   0.99876 0.00000 0.00124 ( 1)  0.044  0.001
 171 I   0.97506 0.00000 0.02494 ( 1)  0.128  0.025

Positively selected sites

	Prob(w>1)  mean w

    43 M      0.557         2.027
   130 G      0.835         3.021


lnL = -1150.034164

Bayes Empirical Bayes (BEB) probabilities for 3 classes (class) & postmean_w
(amino acids refer to 1st sequence: Mlig.19714)

   1 M   0.99650 0.00228 0.00121 ( 1)  0.058 +-  0.193
   2 L   0.98992 0.00597 0.00412 ( 1)  0.077 +-  0.381
   3 A   0.96447 0.02232 0.01322 ( 1)  0.136 +-  0.651
   4 A   0.90126 0.06080 0.03794 ( 1)  0.293 +-  1.083
   5 N   0.62025 0.23158 0.14817 ( 1)  1.012 +-  2.023
   6 K   0.45698 0.29985 0.24317 ( 1)  1.639 +-  2.570
   7 R   0.97898 0.01325 0.00777 ( 1)  0.101 +-  0.506
   8 H   0.97552 0.01525 0.00922 ( 1)  0.110 +-  0.554
   9 I   0.43345 0.32718 0.23937 ( 1)  1.599 +-  2.468
  10 I   0.99421 0.00339 0.00240 ( 1)  0.066 +-  0.291
  11 S   0.99519 0.00305 0.00176 ( 1)  0.062 +-  0.243
  12 S   0.99527 0.00298 0.00175 ( 1)  0.061 +-  0.239
  13 Y   0.99742 0.00163 0.00095 ( 1)  0.056 +-  0.178
  14 L   0.99002 0.00595 0.00403 ( 1)  0.076 +-  0.377
  15 V   0.98989 0.00622 0.00389 ( 1)  0.075 +-  0.358
  16 M   0.99650 0.00228 0.00121 ( 1)  0.058 +-  0.193
  17 M   0.93518 0.03775 0.02706 ( 1)  0.226 +-  0.965
  18 V   0.98949 0.00656 0.00395 ( 1)  0.076 +-  0.359
  19 L   0.96376 0.02271 0.01353 ( 1)  0.137 +-  0.652
  20 F   0.99519 0.00281 0.00199 ( 1)  0.063 +-  0.266
  21 F   0.97288 0.01703 0.01009 ( 1)  0.115 +-  0.571
  22 C   0.98233 0.01109 0.00658 ( 1)  0.093 +-  0.469
  23 K   0.99770 0.00149 0.00081 ( 1)  0.055 +-  0.164
  24 T   0.96665 0.02115 0.01220 ( 1)  0.129 +-  0.621
  25 S   0.99460 0.00322 0.00217 ( 1)  0.064 +-  0.271
  26 E   0.99686 0.00199 0.00115 ( 1)  0.058 +-  0.194
  27 S   0.99706 0.00176 0.00119 ( 1)  0.058 +-  0.207
  28 L   0.98992 0.00597 0.00412 ( 1)  0.077 +-  0.381
  29 L   0.98992 0.00597 0.00412 ( 1)  0.077 +-  0.381
  30 Q   0.99789 0.00132 0.00080 ( 1)  0.055 +-  0.167
  31 P   0.99505 0.00309 0.00186 ( 1)  0.062 +-  0.248
  32 S   0.99394 0.00334 0.00271 ( 1)  0.068 +-  0.324
  33 V   0.96079 0.02289 0.01632 ( 1)  0.156 +-  0.753
  34 R   0.99387 0.00397 0.00216 ( 1)  0.065 +-  0.273
  35 I   0.99397 0.00353 0.00250 ( 1)  0.066 +-  0.293
  36 Y   0.94985 0.03194 0.01821 ( 1)  0.168 +-  0.753
  37 V   0.96830 0.02036 0.01135 ( 1)  0.123 +-  0.592
  38 Y   0.99742 0.00163 0.00095 ( 1)  0.056 +-  0.178
  39 Q   0.99789 0.00132 0.00080 ( 1)  0.055 +-  0.167
  40 Q   0.99789 0.00132 0.00080 ( 1)  0.055 +-  0.167
  41 V   0.98949 0.00656 0.00395 ( 1)  0.076 +-  0.359
  42 C   0.99738 0.00166 0.00096 ( 1)  0.056 +-  0.179
  43 M   0.38310 0.14140 0.47550 ( 3)  3.128 +-  3.514
  44 S   0.95138 0.02622 0.02240 ( 1)  0.197 +-  0.917
  45 K   0.98077 0.01244 0.00678 ( 1)  0.095 +-  0.470
  46 G   0.99382 0.00381 0.00237 ( 1)  0.065 +-  0.279
  47 I   0.99406 0.00344 0.00250 ( 1)  0.066 +-  0.297
  48 S   0.97030 0.01854 0.01116 ( 1)  0.122 +-  0.601
  49 L   0.94366 0.03534 0.02100 ( 1)  0.188 +-  0.827
  50 A   0.89052 0.06073 0.04875 ( 1)  0.367 +-  1.307
  51 V   0.98949 0.00656 0.00395 ( 1)  0.076 +-  0.359
  52 C   0.99738 0.00166 0.00096 ( 1)  0.056 +-  0.179
  53 E   0.96617 0.02107 0.01276 ( 1)  0.132 +-  0.636
  54 S   0.99428 0.00326 0.00245 ( 1)  0.066 +-  0.307
  55 H   0.96544 0.02009 0.01447 ( 1)  0.144 +-  0.708
  56 S   0.46675 0.30189 0.23136 ( 1)  1.555 +-  2.484
  57 Q   0.91799 0.04821 0.03380 ( 1)  0.271 +-  1.079
  58 G   0.99368 0.00394 0.00238 ( 1)  0.065 +-  0.279
  59 D   0.99623 0.00239 0.00137 ( 1)  0.059 +-  0.210
  60 S   0.87990 0.06823 0.05187 ( 1)  0.383 +-  1.313
  61 Q   0.96743 0.02042 0.01215 ( 1)  0.129 +-  0.631
  62 S   0.99424 0.00351 0.00225 ( 1)  0.065 +-  0.292
  63 K   0.73267 0.16817 0.09916 ( 1)  0.691 +-  1.671
  64 N   0.80566 0.11263 0.08170 ( 1)  0.591 +-  1.658
  65 R   0.99387 0.00397 0.00216 ( 1)  0.065 +-  0.273
  66 L   0.84055 0.08479 0.07466 ( 1)  0.534 +-  1.610
  67 H   0.97552 0.01525 0.00922 ( 1)  0.110 +-  0.554
  68 M   0.99650 0.00228 0.00121 ( 1)  0.058 +-  0.193
  69 T   0.99409 0.00348 0.00242 ( 1)  0.066 +-  0.289
  70 D   0.89510 0.06609 0.03881 ( 1)  0.302 +-  1.098
  71 E   0.97322 0.01619 0.01059 ( 1)  0.122 +-  0.626
  72 Q   0.94005 0.03377 0.02618 ( 1)  0.221 +-  0.971
  73 Q   0.95440 0.02841 0.01719 ( 1)  0.161 +-  0.743
  74 S   0.98040 0.01247 0.00712 ( 1)  0.096 +-  0.478
  75 I   0.69811 0.17213 0.12976 ( 1)  0.897 +-  2.006
  76 V   0.89565 0.06056 0.04379 ( 1)  0.332 +-  1.206
  77 Q   0.99789 0.00132 0.00080 ( 1)  0.055 +-  0.167
  78 R   0.99395 0.00361 0.00244 ( 1)  0.066 +-  0.292
  79 T   0.93245 0.04155 0.02601 ( 1)  0.218 +-  0.916
  80 A   0.99293 0.00442 0.00264 ( 1)  0.067 +-  0.291
  81 S   0.99379 0.00336 0.00286 ( 1)  0.069 +-  0.332
  82 K   0.96603 0.02126 0.01271 ( 1)  0.132 +-  0.638
  83 Y   0.99742 0.00163 0.00095 ( 1)  0.056 +-  0.178
  84 L   0.98859 0.00667 0.00474 ( 1)  0.081 +-  0.405
  85 L   0.99019 0.00581 0.00400 ( 1)  0.076 +-  0.375
  86 A   0.99244 0.00465 0.00291 ( 1)  0.069 +-  0.308
  87 Y   0.99742 0.00163 0.00095 ( 1)  0.056 +-  0.178
  88 R   0.99380 0.00363 0.00257 ( 1)  0.067 +-  0.299
  89 M   0.96644 0.01930 0.01426 ( 1)  0.142 +-  0.706
  90 L   0.98992 0.00597 0.00412 ( 1)  0.077 +-  0.381
  91 V   0.89532 0.05745 0.04723 ( 1)  0.356 +-  1.287
  92 N   0.99722 0.00176 0.00102 ( 1)  0.057 +-  0.182
  93 L   0.98992 0.00597 0.00412 ( 1)  0.077 +-  0.381
  94 P   0.99505 0.00309 0.00186 ( 1)  0.062 +-  0.248
  95 A   0.99275 0.00448 0.00276 ( 1)  0.068 +-  0.301
  96 V   0.98949 0.00656 0.00395 ( 1)  0.076 +-  0.359
  97 F   0.99571 0.00274 0.00155 ( 1)  0.060 +-  0.222
  98 F   0.99571 0.00274 0.00155 ( 1)  0.060 +-  0.222
  99 S   0.94817 0.03186 0.01997 ( 1)  0.179 +-  0.805
 100 V   0.91069 0.05292 0.03639 ( 1)  0.286 +-  1.101
 101 F   0.99571 0.00274 0.00155 ( 1)  0.060 +-  0.222
 102 A   0.99259 0.00468 0.00273 ( 1)  0.068 +-  0.295
 103 G   0.99234 0.00413 0.00352 ( 1)  0.073 +-  0.368
 104 S   0.99509 0.00305 0.00186 ( 1)  0.062 +-  0.250
 105 W   0.99832 0.00103 0.00065 ( 1)  0.054 +-  0.150
 106 S   0.99730 0.00172 0.00098 ( 1)  0.056 +-  0.178
 107 D   0.99639 0.00231 0.00131 ( 1)  0.058 +-  0.204
 108 R   0.99453 0.00338 0.00209 ( 1)  0.064 +-  0.266
 109 V   0.98989 0.00622 0.00389 ( 1)  0.075 +-  0.358
 110 G   0.99283 0.00409 0.00308 ( 1)  0.070 +-  0.337
 111 R   0.99542 0.00285 0.00173 ( 1)  0.061 +-  0.241
 112 K   0.99767 0.00148 0.00086 ( 1)  0.056 +-  0.169
 113 Y   0.99741 0.00169 0.00091 ( 1)  0.056 +-  0.174
 114 P   0.99463 0.00324 0.00214 ( 1)  0.064 +-  0.267
 115 M   0.99650 0.00228 0.00121 ( 1)  0.058 +-  0.193
 116 M   0.99650 0.00228 0.00121 ( 1)  0.058 +-  0.193
 117 L   0.98992 0.00597 0.00412 ( 1)  0.077 +-  0.381
 118 P   0.99406 0.00331 0.00263 ( 1)  0.067 +-  0.312
 119 P   0.99406 0.00331 0.00263 ( 1)  0.067 +-  0.312
 120 L   0.98799 0.00672 0.00529 ( 1)  0.084 +-  0.440
 121 G   0.99382 0.00381 0.00237 ( 1)  0.065 +-  0.279
 122 A   0.99181 0.00469 0.00350 ( 1)  0.073 +-  0.356
 123 I   0.95949 0.02312 0.01740 ( 1)  0.163 +-  0.788
 124 L   0.98934 0.00661 0.00405 ( 1)  0.076 +-  0.363
 125 A   0.99183 0.00462 0.00354 ( 1)  0.073 +-  0.359
 126 T   0.84225 0.09826 0.05949 ( 1)  0.437 +-  1.351
 127 V   0.90931 0.05565 0.03504 ( 1)  0.276 +-  1.053
 128 C   0.99738 0.00166 0.00096 ( 1)  0.056 +-  0.179
 129 Y   0.94985 0.03194 0.01821 ( 1)  0.168 +-  0.753
 130 G   0.14557 0.18308 0.67136 ( 3)  4.288 +-  3.437
 131 A   0.96552 0.02167 0.01280 ( 1)  0.133 +-  0.641
 132 S   0.96722 0.01873 0.01405 ( 1)  0.142 +-  0.715
 133 S   0.99730 0.00172 0.00098 ( 1)  0.056 +-  0.178
 134 A   0.99285 0.00451 0.00264 ( 1)  0.067 +-  0.292
 135 I   0.96867 0.01966 0.01167 ( 1)  0.126 +-  0.612
 136 D   0.94601 0.02945 0.02454 ( 1)  0.212 +-  0.958
 137 D   0.97382 0.01632 0.00986 ( 1)  0.114 +-  0.566
 138 S   0.91500 0.05341 0.03159 ( 1)  0.254 +-  0.989
 139 T   0.96411 0.02273 0.01317 ( 1)  0.136 +-  0.649
 140 N   0.90499 0.05352 0.04149 ( 1)  0.320 +-  1.204
 141 L   0.99070 0.00576 0.00354 ( 1)  0.073 +-  0.340
 142 G   0.91527 0.05290 0.03182 ( 1)  0.256 +-  1.000
 143 W   0.99832 0.00103 0.00065 ( 1)  0.054 +-  0.150
 144 V   0.98949 0.00656 0.00395 ( 1)  0.076 +-  0.359
 145 M   0.99650 0.00228 0.00121 ( 1)  0.058 +-  0.193
 146 A   0.96685 0.02080 0.01235 ( 1)  0.130 +-  0.630
 147 G   0.99332 0.00393 0.00274 ( 1)  0.068 +-  0.309
 148 A   0.99149 0.00485 0.00366 ( 1)  0.074 +-  0.364
 149 A   0.95554 0.02502 0.01944 ( 1)  0.177 +-  0.836
 150 V   0.98949 0.00656 0.00395 ( 1)  0.076 +-  0.359
 151 Y   0.99742 0.00163 0.00095 ( 1)  0.056 +-  0.178
 152 G   0.99368 0.00394 0.00238 ( 1)  0.065 +-  0.279
 153 F   0.99589 0.00263 0.00148 ( 1)  0.060 +-  0.216
 154 F   0.99571 0.00274 0.00155 ( 1)  0.060 +-  0.222
 155 G   0.99368 0.00394 0.00238 ( 1)  0.065 +-  0.279
 156 K   0.99767 0.00148 0.00086 ( 1)  0.056 +-  0.169
 157 S   0.99447 0.00317 0.00236 ( 1)  0.065 +-  0.295
 158 T   0.99464 0.00336 0.00200 ( 1)  0.063 +-  0.255
 159 V   0.98908 0.00655 0.00436 ( 1)  0.078 +-  0.386
 160 M   0.99650 0.00228 0.00121 ( 1)  0.058 +-  0.193
 161 T   0.99462 0.00339 0.00200 ( 1)  0.063 +-  0.253
 162 I   0.97215 0.01788 0.00996 ( 1)  0.114 +-  0.552
 163 A   0.99259 0.00468 0.00273 ( 1)  0.068 +-  0.295
 164 C   0.99742 0.00166 0.00092 ( 1)  0.056 +-  0.174
 165 S   0.99719 0.00177 0.00104 ( 1)  0.057 +-  0.183
 166 S   0.99719 0.00177 0.00104 ( 1)  0.057 +-  0.183
 167 Y   0.99742 0.00163 0.00095 ( 1)  0.056 +-  0.178
 168 V   0.98964 0.00635 0.00401 ( 1)  0.076 +-  0.363
 169 A   0.99259 0.00468 0.00273 ( 1)  0.068 +-  0.295
 170 D   0.99623 0.00239 0.00137 ( 1)  0.059 +-  0.210
 171 I   0.94974 0.02711 0.02315 ( 1)  0.201 +-  0.927

Positively selected sites

	Prob(w>1)  mean w

   130 G      0.671         4.288 +- 3.437

