Supplemental results for CODEML (seqf: algn  treef: tree)


dN/dS (w) for site classes (K=8)

p:   0.12500  0.12500  0.12500  0.12500  0.12500  0.12500  0.12500  0.12500
w:   0.12451  0.14392  0.15667  0.16774  0.17862  0.19047  0.20522  0.23029

Naive Empirical Bayes (NEB) probabilities for 8 classes & postmean_w
(amino acids refer to 1st sequence: Mlig.12598)

   1 M   0.12613 0.12569 0.12540 0.12515 0.12491 0.12464 0.12431 0.12375 ( 1)  0.174
   2 G   0.12594 0.12557 0.12534 0.12513 0.12492 0.12470 0.12443 0.12396 ( 1)  0.175
   3 G   0.12537 0.12523 0.12513 0.12505 0.12497 0.12488 0.12477 0.12459 ( 1)  0.175
   4 C   0.12578 0.12547 0.12528 0.12511 0.12494 0.12476 0.12453 0.12414 ( 1)  0.175
   5 F   0.12592 0.12556 0.12533 0.12513 0.12493 0.12471 0.12444 0.12398 ( 1)  0.175
   6 A   0.12550 0.12530 0.12518 0.12507 0.12496 0.12484 0.12470 0.12445 ( 1)  0.175
   7 K   0.12601 0.12562 0.12536 0.12514 0.12492 0.12468 0.12439 0.12389 ( 1)  0.175
   8 P   0.12560 0.12536 0.12521 0.12508 0.12495 0.12481 0.12464 0.12434 ( 1)  0.175
   9 G   0.12594 0.12557 0.12534 0.12513 0.12492 0.12470 0.12443 0.12396 ( 1)  0.175
  10 I   0.12601 0.12562 0.12536 0.12514 0.12492 0.12468 0.12439 0.12389 ( 1)  0.175
  11 K   0.12601 0.12562 0.12536 0.12514 0.12492 0.12468 0.12439 0.12389 ( 1)  0.175
  12 P   0.12560 0.12536 0.12521 0.12508 0.12495 0.12481 0.12464 0.12434 ( 1)  0.175
  13 A   0.12536 0.12522 0.12513 0.12505 0.12497 0.12489 0.12478 0.12460 ( 1)  0.175
  14 E   0.12576 0.12547 0.12527 0.12510 0.12494 0.12476 0.12454 0.12416 ( 1)  0.175
  15 R   0.12584 0.12552 0.12530 0.12512 0.12493 0.12473 0.12449 0.12407 ( 1)  0.175
  16 A   0.12550 0.12530 0.12518 0.12507 0.12496 0.12484 0.12470 0.12445 ( 1)  0.175
  17 A   0.12591 0.12555 0.12532 0.12512 0.12493 0.12471 0.12445 0.12400 ( 1)  0.175
  18 A   0.12550 0.12530 0.12518 0.12507 0.12496 0.12484 0.12470 0.12445 ( 1)  0.175
  19 M   0.12613 0.12569 0.12540 0.12515 0.12491 0.12464 0.12431 0.12375 ( 1)  0.174
  20 E   0.12576 0.12547 0.12527 0.12510 0.12494 0.12476 0.12454 0.12416 ( 1)  0.175
  21 K   0.12601 0.12562 0.12536 0.12514 0.12492 0.12468 0.12439 0.12389 ( 1)  0.175
  22 Y   0.12585 0.12552 0.12530 0.12512 0.12493 0.12473 0.12448 0.12406 ( 1)  0.175
  23 K   0.12568 0.12542 0.12524 0.12509 0.12495 0.12478 0.12458 0.12425 ( 1)  0.175
  24 L   0.12530 0.12518 0.12511 0.12504 0.12498 0.12491 0.12482 0.12467 ( 1)  0.175
  25 S   0.12553 0.12532 0.12519 0.12507 0.12496 0.12483 0.12468 0.12442 ( 1)  0.175
  26 E   0.08951 0.10329 0.11233 0.12016 0.12784 0.13619 0.14656 0.16412 ( 8)  0.180
  27 E   0.09004 0.10370 0.11261 0.12032 0.12786 0.13604 0.14617 0.16325 ( 8)  0.180
  28 E   0.12576 0.12547 0.12527 0.12510 0.12494 0.12476 0.12454 0.12416 ( 1)  0.175
  29 I   0.12601 0.12562 0.12536 0.12514 0.12492 0.12468 0.12439 0.12389 ( 1)  0.175
  30 R   0.12551 0.12531 0.12518 0.12507 0.12496 0.12484 0.12469 0.12444 ( 1)  0.175
  31 K   0.12568 0.12542 0.12524 0.12509 0.12495 0.12478 0.12458 0.12425 ( 1)  0.175
  32 I   0.12547 0.12529 0.12517 0.12506 0.12496 0.12485 0.12472 0.12448 ( 1)  0.175
  33 E   0.12576 0.12547 0.12527 0.12510 0.12494 0.12476 0.12454 0.12416 ( 1)  0.175
  34 E   0.12576 0.12547 0.12527 0.12510 0.12494 0.12476 0.12454 0.12416 ( 1)  0.175
  35 F   0.12546 0.12528 0.12516 0.12506 0.12496 0.12486 0.12472 0.12450 ( 1)  0.175
  36 F   0.12546 0.12528 0.12516 0.12506 0.12496 0.12486 0.12472 0.12450 ( 1)  0.175
  37 Y   0.12585 0.12552 0.12530 0.12512 0.12493 0.12473 0.12448 0.12406 ( 1)  0.175
  38 D   0.12630 0.12579 0.12546 0.12518 0.12490 0.12459 0.12421 0.12357 ( 1)  0.174
  39 R   0.08971 0.10344 0.11244 0.12022 0.12785 0.13613 0.14641 0.16380 ( 8)  0.180
  40 A   0.12536 0.12522 0.12513 0.12505 0.12497 0.12489 0.12478 0.12460 ( 1)  0.175
  41 S   0.12553 0.12532 0.12519 0.12507 0.12496 0.12483 0.12468 0.12442 ( 1)  0.175
  42 K   0.12601 0.12562 0.12536 0.12514 0.12492 0.12468 0.12439 0.12389 ( 1)  0.175
  43 R   0.12551 0.12531 0.12518 0.12507 0.12496 0.12484 0.12469 0.12444 ( 1)  0.175
  44 K   0.12568 0.12542 0.12524 0.12509 0.12495 0.12478 0.12458 0.12425 ( 1)  0.175
  45 Y   0.12585 0.12552 0.12530 0.12512 0.12493 0.12473 0.12448 0.12406 ( 1)  0.175
  46 V   0.12588 0.12554 0.12531 0.12512 0.12493 0.12472 0.12447 0.12403 ( 1)  0.175
  47 T   0.12532 0.12520 0.12511 0.12504 0.12497 0.12490 0.12481 0.12465 ( 1)  0.175
  48 Y   0.12585 0.12552 0.12530 0.12512 0.12493 0.12473 0.12448 0.12406 ( 1)  0.175
  49 S   0.12553 0.12532 0.12519 0.12507 0.12496 0.12483 0.12468 0.12442 ( 1)  0.175
  50 G   0.12594 0.12557 0.12534 0.12513 0.12492 0.12470 0.12443 0.12396 ( 1)  0.175
  51 F   0.12592 0.12556 0.12533 0.12513 0.12493 0.12471 0.12444 0.12398 ( 1)  0.175
  52 R   0.12565 0.12540 0.12523 0.12509 0.12495 0.12479 0.12460 0.12428 ( 1)  0.175
  53 T   0.12576 0.12546 0.12527 0.12510 0.12494 0.12476 0.12454 0.12417 ( 1)  0.175
  54 L   0.12574 0.12545 0.12527 0.12510 0.12494 0.12477 0.12455 0.12418 ( 1)  0.175
  55 Y   0.12585 0.12552 0.12530 0.12512 0.12493 0.12473 0.12448 0.12406 ( 1)  0.175
  56 A   0.12585 0.12552 0.12530 0.12512 0.12493 0.12473 0.12449 0.12407 ( 1)  0.175
  57 S   0.12596 0.12559 0.12534 0.12513 0.12492 0.12470 0.12442 0.12394 ( 1)  0.175
  58 S   0.12569 0.12542 0.12525 0.12509 0.12494 0.12478 0.12458 0.12424 ( 1)  0.175
  59 R   0.12540 0.12525 0.12514 0.12506 0.12497 0.12487 0.12476 0.12456 ( 1)  0.175
  60 F   0.12592 0.12556 0.12533 0.12513 0.12493 0.12471 0.12444 0.12398 ( 1)  0.175
  61 D   0.12601 0.12561 0.12536 0.12514 0.12492 0.12468 0.12439 0.12390 ( 1)  0.175
  62 Q   0.12547 0.12529 0.12517 0.12506 0.12496 0.12485 0.12471 0.12448 ( 1)  0.175
  63 E   0.12589 0.12554 0.12532 0.12512 0.12493 0.12472 0.12446 0.12402 ( 1)  0.175
  64 E   0.12610 0.12567 0.12539 0.12515 0.12491 0.12465 0.12433 0.12379 ( 1)  0.175
  65 A   0.12585 0.12552 0.12530 0.12512 0.12493 0.12473 0.12449 0.12407 ( 1)  0.175
  66 D   0.12630 0.12579 0.12546 0.12518 0.12490 0.12459 0.12421 0.12357 ( 1)  0.174
  67 M   0.12613 0.12569 0.12540 0.12515 0.12491 0.12464 0.12431 0.12375 ( 1)  0.174
  68 Q   0.12570 0.12543 0.12525 0.12510 0.12494 0.12478 0.12458 0.12423 ( 1)  0.175
  69 A   0.12585 0.12552 0.12530 0.12512 0.12493 0.12473 0.12449 0.12407 ( 1)  0.175
  70 V   0.12588 0.12554 0.12531 0.12512 0.12493 0.12472 0.12447 0.12403 ( 1)  0.175
  71 F   0.12592 0.12556 0.12533 0.12513 0.12493 0.12471 0.12444 0.12398 ( 1)  0.175
  72 R   0.12553 0.12533 0.12519 0.12507 0.12496 0.12483 0.12468 0.12441 ( 1)  0.175
  73 T   0.12576 0.12546 0.12527 0.12510 0.12494 0.12476 0.12454 0.12417 ( 1)  0.175
  74 I   0.12547 0.12529 0.12517 0.12506 0.12496 0.12485 0.12472 0.12448 ( 1)  0.175
  75 A   0.12591 0.12555 0.12532 0.12512 0.12493 0.12471 0.12445 0.12400 ( 1)  0.175
  76 R   0.12553 0.12533 0.12519 0.12507 0.12496 0.12483 0.12468 0.12441 ( 1)  0.175
  77 P   0.12546 0.12528 0.12517 0.12506 0.12496 0.12485 0.12472 0.12449 ( 1)  0.175
  78 P   0.12525 0.12515 0.12509 0.12503 0.12498 0.12492 0.12485 0.12472 ( 1)  0.175
  79 Q   0.12570 0.12543 0.12525 0.12510 0.12494 0.12478 0.12458 0.12423 ( 1)  0.175
  80 L   0.12530 0.12518 0.12511 0.12504 0.12498 0.12491 0.12482 0.12467 ( 1)  0.175
  81 D   0.12570 0.12543 0.12525 0.12510 0.12494 0.12478 0.12458 0.12423 ( 1)  0.175
  82 G   0.12537 0.12523 0.12513 0.12505 0.12497 0.12488 0.12477 0.12459 ( 1)  0.175
  83 R   0.12524 0.12515 0.12509 0.12503 0.12498 0.12492 0.12485 0.12473 ( 1)  0.175
  84 I   0.12601 0.12562 0.12536 0.12514 0.12492 0.12468 0.12439 0.12389 ( 1)  0.175
  85 D   0.12570 0.12543 0.12525 0.12510 0.12494 0.12478 0.12458 0.12423 ( 1)  0.175
  86 F   0.12592 0.12556 0.12533 0.12513 0.12493 0.12471 0.12444 0.12398 ( 1)  0.175
  87 D   0.12630 0.12579 0.12546 0.12518 0.12490 0.12459 0.12421 0.12357 ( 1)  0.174
  88 S   0.12553 0.12532 0.12519 0.12507 0.12496 0.12483 0.12468 0.12442 ( 1)  0.175
  89 F   0.12546 0.12528 0.12516 0.12506 0.12496 0.12486 0.12472 0.12450 ( 1)  0.175
  90 V   0.12560 0.12537 0.12522 0.12508 0.12495 0.12481 0.12463 0.12433 ( 1)  0.175
  91 R   0.12524 0.12515 0.12509 0.12503 0.12498 0.12492 0.12485 0.12473 ( 1)  0.175
  92 L   0.12574 0.12545 0.12527 0.12510 0.12494 0.12477 0.12455 0.12418 ( 1)  0.175
  93 I   0.12601 0.12562 0.12536 0.12514 0.12492 0.12468 0.12439 0.12389 ( 1)  0.175
  94 L   0.12551 0.12531 0.12518 0.12507 0.12496 0.12484 0.12469 0.12443 ( 1)  0.175
  95 L   0.12551 0.12531 0.12518 0.12507 0.12496 0.12484 0.12469 0.12443 ( 1)  0.175
  96 C   0.12578 0.12547 0.12528 0.12511 0.12494 0.12476 0.12453 0.12414 ( 1)  0.175
  97 N   0.12621 0.12574 0.12543 0.12516 0.12490 0.12462 0.12427 0.12367 ( 1)  0.174
  98 R   0.12565 0.12540 0.12523 0.12509 0.12495 0.12479 0.12460 0.12428 ( 1)  0.175
  99 G   0.12594 0.12557 0.12534 0.12513 0.12492 0.12470 0.12443 0.12396 ( 1)  0.175
 100 K   0.12568 0.12542 0.12524 0.12509 0.12495 0.12478 0.12458 0.12425 ( 1)  0.175
 101 E   0.12576 0.12547 0.12527 0.12510 0.12494 0.12476 0.12454 0.12416 ( 1)  0.175
 102 V   0.12560 0.12537 0.12522 0.12508 0.12495 0.12481 0.12463 0.12433 ( 1)  0.175
 103 E   0.12576 0.12547 0.12527 0.12510 0.12494 0.12476 0.12454 0.12416 ( 1)  0.175
 104 G   0.12594 0.12557 0.12534 0.12513 0.12492 0.12470 0.12443 0.12396 ( 1)  0.175
 105 A   0.12585 0.12552 0.12530 0.12512 0.12493 0.12473 0.12449 0.12407 ( 1)  0.175
 106 S   0.12596 0.12559 0.12534 0.12513 0.12492 0.12470 0.12442 0.12394 ( 1)  0.175
 107 E   0.12610 0.12567 0.12539 0.12515 0.12491 0.12465 0.12433 0.12379 ( 1)  0.175
 108 E   0.12610 0.12567 0.12539 0.12515 0.12491 0.12465 0.12433 0.12379 ( 1)  0.175
 109 D   0.12570 0.12543 0.12525 0.12510 0.12494 0.12478 0.12458 0.12423 ( 1)  0.175
 110 R   0.12584 0.12552 0.12530 0.12512 0.12493 0.12473 0.12449 0.12407 ( 1)  0.175
 111 M   0.12613 0.12569 0.12540 0.12515 0.12491 0.12464 0.12431 0.12375 ( 1)  0.174
 112 R   0.12551 0.12531 0.12518 0.12507 0.12496 0.12484 0.12469 0.12444 ( 1)  0.175
 113 V   0.08942 0.10322 0.11228 0.12013 0.12784 0.13621 0.14662 0.16428 ( 8)  0.180
 114 L   0.12574 0.12545 0.12527 0.12510 0.12494 0.12477 0.12455 0.12418 ( 1)  0.175
 115 F   0.12592 0.12556 0.12533 0.12513 0.12493 0.12471 0.12444 0.12398 ( 1)  0.175
 116 D   0.12630 0.12579 0.12546 0.12518 0.12490 0.12459 0.12421 0.12357 ( 1)  0.174
 117 V   0.12588 0.12554 0.12531 0.12512 0.12493 0.12472 0.12447 0.12403 ( 1)  0.175
 118 M   0.12613 0.12569 0.12540 0.12515 0.12491 0.12464 0.12431 0.12375 ( 1)  0.174
 119 D   0.12630 0.12579 0.12546 0.12518 0.12490 0.12459 0.12421 0.12357 ( 1)  0.174
 120 S   0.12527 0.12517 0.12510 0.12504 0.12498 0.12491 0.12483 0.12470 ( 1)  0.175
 121 D   0.12630 0.12579 0.12546 0.12518 0.12490 0.12459 0.12421 0.12357 ( 1)  0.174
 122 G   0.12594 0.12557 0.12534 0.12513 0.12492 0.12470 0.12443 0.12396 ( 1)  0.175
 123 S   0.12596 0.12559 0.12534 0.12513 0.12492 0.12470 0.12442 0.12394 ( 1)  0.175
 124 E   0.12610 0.12567 0.12539 0.12515 0.12491 0.12465 0.12433 0.12379 ( 1)  0.175
 125 S   0.12569 0.12542 0.12525 0.12509 0.12494 0.12478 0.12458 0.12424 ( 1)  0.175
 126 I   0.12571 0.12543 0.12525 0.12510 0.12494 0.12478 0.12457 0.12422 ( 1)  0.175
 127 S   0.12553 0.12532 0.12519 0.12507 0.12496 0.12483 0.12468 0.12442 ( 1)  0.175
 128 K   0.12601 0.12562 0.12536 0.12514 0.12492 0.12468 0.12439 0.12389 ( 1)  0.175
 129 P   0.12560 0.12536 0.12521 0.12508 0.12495 0.12481 0.12464 0.12434 ( 1)  0.175
 130 E   0.12576 0.12547 0.12527 0.12510 0.12494 0.12476 0.12454 0.12416 ( 1)  0.175
 131 F   0.12592 0.12556 0.12533 0.12513 0.12493 0.12471 0.12444 0.12398 ( 1)  0.175
 132 Q   0.12570 0.12543 0.12525 0.12510 0.12494 0.12478 0.12458 0.12423 ( 1)  0.175
 133 R   0.12553 0.12533 0.12519 0.12507 0.12496 0.12483 0.12468 0.12441 ( 1)  0.175
 134 F   0.12546 0.12528 0.12516 0.12506 0.12496 0.12486 0.12472 0.12450 ( 1)  0.175
 135 L   0.12530 0.12518 0.12511 0.12504 0.12498 0.12491 0.12482 0.12467 ( 1)  0.175
 136 L   0.12551 0.12531 0.12518 0.12507 0.12496 0.12484 0.12469 0.12443 ( 1)  0.175
 137 N   0.12562 0.12538 0.12522 0.12508 0.12495 0.12481 0.12463 0.12432 ( 1)  0.175
 138 F   0.12592 0.12556 0.12533 0.12513 0.12493 0.12471 0.12444 0.12398 ( 1)  0.175
 139 V   0.12588 0.12554 0.12531 0.12512 0.12493 0.12472 0.12447 0.12403 ( 1)  0.175
 140 D   0.12570 0.12543 0.12525 0.12510 0.12494 0.12478 0.12458 0.12423 ( 1)  0.175
 141 D   0.12630 0.12579 0.12546 0.12518 0.12490 0.12459 0.12421 0.12357 ( 1)  0.174
 142 D   0.12570 0.12543 0.12525 0.12510 0.12494 0.12478 0.12458 0.12423 ( 1)  0.175
 143 T   0.12576 0.12546 0.12527 0.12510 0.12494 0.12476 0.12454 0.12417 ( 1)  0.175
 144 A   0.12591 0.12555 0.12532 0.12512 0.12493 0.12471 0.12445 0.12400 ( 1)  0.175
 145 T   0.12544 0.12527 0.12516 0.12506 0.12496 0.12486 0.12473 0.12451 ( 1)  0.175
 146 S   0.12596 0.12559 0.12534 0.12513 0.12492 0.12470 0.12442 0.12394 ( 1)  0.175
 147 Q   0.12570 0.12543 0.12525 0.12510 0.12494 0.12478 0.12458 0.12423 ( 1)  0.175
 148 M   0.12613 0.12569 0.12540 0.12515 0.12491 0.12464 0.12431 0.12375 ( 1)  0.174
 149 F   0.12546 0.12528 0.12516 0.12506 0.12496 0.12486 0.12472 0.12450 ( 1)  0.175
 150 D   0.12630 0.12579 0.12546 0.12518 0.12490 0.12459 0.12421 0.12357 ( 1)  0.174
 151 K   0.12601 0.12562 0.12536 0.12514 0.12492 0.12468 0.12439 0.12389 ( 1)  0.175
 152 L   0.12551 0.12531 0.12518 0.12507 0.12496 0.12484 0.12469 0.12443 ( 1)  0.175
 153 D   0.12570 0.12543 0.12525 0.12510 0.12494 0.12478 0.12458 0.12423 ( 1)  0.175
 154 S   0.12553 0.12532 0.12519 0.12507 0.12496 0.12483 0.12468 0.12442 ( 1)  0.175
 155 D   0.12570 0.12543 0.12525 0.12510 0.12494 0.12478 0.12458 0.12423 ( 1)  0.175
 156 Q   0.12570 0.12543 0.12525 0.12510 0.12494 0.12478 0.12458 0.12423 ( 1)  0.175
 157 S   0.12545 0.12528 0.12516 0.12506 0.12496 0.12486 0.12472 0.12450 ( 1)  0.175
 158 E   0.12576 0.12547 0.12527 0.12510 0.12494 0.12476 0.12454 0.12416 ( 1)  0.175
 159 E   0.12610 0.12567 0.12539 0.12515 0.12491 0.12465 0.12433 0.12379 ( 1)  0.175
 160 I   0.12601 0.12562 0.12536 0.12514 0.12492 0.12468 0.12439 0.12389 ( 1)  0.175
 161 D   0.12630 0.12579 0.12546 0.12518 0.12490 0.12459 0.12421 0.12357 ( 1)  0.174
 162 F   0.12592 0.12556 0.12533 0.12513 0.12493 0.12471 0.12444 0.12398 ( 1)  0.175
 163 Q   0.12547 0.12529 0.12517 0.12506 0.12496 0.12485 0.12471 0.12448 ( 1)  0.175
 164 E   0.12576 0.12547 0.12527 0.12510 0.12494 0.12476 0.12454 0.12416 ( 1)  0.175
 165 F   0.12592 0.12556 0.12533 0.12513 0.12493 0.12471 0.12444 0.12398 ( 1)  0.175
 166 S   0.12596 0.12559 0.12534 0.12513 0.12492 0.12470 0.12442 0.12394 ( 1)  0.175
 167 S   0.12553 0.12532 0.12519 0.12507 0.12496 0.12483 0.12468 0.12442 ( 1)  0.175
 168 F   0.12546 0.12528 0.12516 0.12506 0.12496 0.12486 0.12472 0.12450 ( 1)  0.175
 169 C   0.12578 0.12547 0.12528 0.12511 0.12494 0.12476 0.12453 0.12414 ( 1)  0.175
 170 K   0.12568 0.12542 0.12524 0.12509 0.12495 0.12478 0.12458 0.12425 ( 1)  0.175
 171 S   0.12569 0.12542 0.12525 0.12509 0.12494 0.12478 0.12458 0.12424 ( 1)  0.175
 172 N   0.12621 0.12574 0.12543 0.12516 0.12490 0.12462 0.12427 0.12367 ( 1)  0.174
 173 R   0.12584 0.12552 0.12530 0.12512 0.12493 0.12473 0.12449 0.12407 ( 1)  0.175
 174 K   0.12568 0.12542 0.12524 0.12509 0.12495 0.12478 0.12458 0.12425 ( 1)  0.175
 175 V   0.12588 0.12554 0.12531 0.12512 0.12493 0.12472 0.12447 0.12403 ( 1)  0.175
 176 Y   0.12585 0.12552 0.12530 0.12512 0.12493 0.12473 0.12448 0.12406 ( 1)  0.175
 177 R   0.12584 0.12552 0.12530 0.12512 0.12493 0.12473 0.12449 0.12407 ( 1)  0.175
 178 K   0.12568 0.12542 0.12524 0.12509 0.12495 0.12478 0.12458 0.12425 ( 1)  0.175
 179 M   0.12613 0.12569 0.12540 0.12515 0.12491 0.12464 0.12431 0.12375 ( 1)  0.174
 180 C   0.12578 0.12547 0.12528 0.12511 0.12494 0.12476 0.12453 0.12414 ( 1)  0.175
 181 L   0.12574 0.12545 0.12527 0.12510 0.12494 0.12477 0.12455 0.12418 ( 1)  0.175
 182 Y   0.12585 0.12552 0.12530 0.12512 0.12493 0.12473 0.12448 0.12406 ( 1)  0.175
 183 V   0.12588 0.12554 0.12531 0.12512 0.12493 0.12472 0.12447 0.12403 ( 1)  0.175
 184 F   0.12592 0.12556 0.12533 0.12513 0.12493 0.12471 0.12444 0.12398 ( 1)  0.175
 185 P   0.12564 0.12539 0.12523 0.12509 0.12495 0.12480 0.12461 0.12430 ( 1)  0.175
 186 S   0.12553 0.12532 0.12519 0.12507 0.12496 0.12483 0.12468 0.12442 ( 1)  0.175
 187 G   0.12594 0.12557 0.12534 0.12513 0.12492 0.12470 0.12443 0.12396 ( 1)  0.175


lnL =  -803.730597

