Supplemental results for CODEML (seqf: algn  treef: tree)


dN/dS (w) for site classes (K=2)

p:   0.99999  0.00001
w:   0.46477  1.00000

Naive Empirical Bayes (NEB) probabilities for 2 classes & postmean_w
(amino acids refer to 1st sequence: Mlig.17625)

   1 M   0.99999 0.00001 ( 1)  0.465
   2 S   0.99999 0.00001 ( 1)  0.465
   3 D   0.99999 0.00001 ( 1)  0.465
   4 S   0.99999 0.00001 ( 1)  0.465
   5 S   0.99999 0.00001 ( 1)  0.465
   6 G   0.99999 0.00001 ( 1)  0.465
   7 V   0.99999 0.00001 ( 1)  0.465
   8 Q   0.99999 0.00001 ( 1)  0.465
   9 P   0.99999 0.00001 ( 1)  0.465
  10 A   0.99999 0.00001 ( 1)  0.465
  11 E   0.99999 0.00001 ( 1)  0.465
  12 D   0.99999 0.00001 ( 1)  0.465
  13 D   0.99999 0.00001 ( 1)  0.465
  14 D   0.99999 0.00001 ( 1)  0.465
  15 G   0.99999 0.00001 ( 1)  0.465
  16 L   0.99999 0.00001 ( 1)  0.465
  17 R   0.99999 0.00001 ( 1)  0.465
  18 W   0.99999 0.00001 ( 1)  0.465
  19 E   0.99999 0.00001 ( 1)  0.465
  20 D   0.99999 0.00001 ( 1)  0.465
  21 T   0.99999 0.00001 ( 1)  0.465
  22 A   0.99999 0.00001 ( 1)  0.465
  23 A   0.99999 0.00001 ( 1)  0.465
  24 A   0.99999 0.00001 ( 1)  0.465
  25 A   0.99999 0.00001 ( 1)  0.465
  26 V   0.99999 0.00001 ( 1)  0.465
  27 A   0.99999 0.00001 ( 1)  0.465
  28 A   0.99999 0.00001 ( 1)  0.465
  29 V   0.99999 0.00001 ( 1)  0.465
  30 A   0.99999 0.00001 ( 1)  0.465
  31 L   0.99998 0.00002 ( 1)  0.465
  32 E   0.99999 0.00001 ( 1)  0.465
  33 A   0.99999 0.00001 ( 1)  0.465
  34 A   0.99999 0.00001 ( 1)  0.465
  35 A   0.99999 0.00001 ( 1)  0.465
  36 G   0.99999 0.00001 ( 1)  0.465
  37 G   0.99999 0.00001 ( 1)  0.465
  38 A   0.99999 0.00001 ( 1)  0.465
  39 A   0.99999 0.00001 ( 1)  0.465
  40 V   0.99999 0.00001 ( 1)  0.465
  41 A   0.99999 0.00001 ( 1)  0.465
  42 T   0.99999 0.00001 ( 1)  0.465
  43 E   0.99999 0.00001 ( 1)  0.465
  44 D   0.99999 0.00001 ( 1)  0.465
  45 E   0.99999 0.00001 ( 1)  0.465
  46 T   0.99999 0.00001 ( 1)  0.465
  47 E   0.99999 0.00001 ( 1)  0.465
  48 A   0.99999 0.00001 ( 1)  0.465
  49 D   0.99999 0.00001 ( 1)  0.465
  50 F   0.99998 0.00002 ( 1)  0.465
  51 E   0.99999 0.00001 ( 1)  0.465
  52 C   0.99999 0.00001 ( 1)  0.465
  53 S   0.99999 0.00001 ( 1)  0.465
  54 L   0.99999 0.00001 ( 1)  0.465
  55 K   0.99999 0.00001 ( 1)  0.465
  56 R   0.99999 0.00001 ( 1)  0.465
  57 V   0.99999 0.00001 ( 1)  0.465
  58 D   0.99999 0.00001 ( 1)  0.465
  59 S   0.99999 0.00001 ( 1)  0.465
  60 L   0.99999 0.00001 ( 1)  0.465
  61 T   0.99999 0.00001 ( 1)  0.465
  62 L   0.99999 0.00001 ( 1)  0.465
  63 A   0.99999 0.00001 ( 1)  0.465
  64 L   0.99999 0.00001 ( 1)  0.465
  65 R   0.99999 0.00001 ( 1)  0.465
  66 A   0.99999 0.00001 ( 1)  0.465
  67 L   0.99999 0.00001 ( 1)  0.465
  68 Q   0.99999 0.00001 ( 1)  0.465
  69 A   0.99999 0.00001 ( 1)  0.465
  70 G   0.99999 0.00001 ( 1)  0.465
  71 G   0.99999 0.00001 ( 1)  0.465
  72 L   0.99999 0.00001 ( 1)  0.465
  73 Q   0.99999 0.00001 ( 1)  0.465
  74 Y   0.99999 0.00001 ( 1)  0.465
  75 S   0.99999 0.00001 ( 1)  0.465
  76 Q   0.99999 0.00001 ( 1)  0.465
  77 D   0.99999 0.00001 ( 1)  0.465
  78 N   0.99999 0.00001 ( 1)  0.465
  79 A   0.99999 0.00001 ( 1)  0.465
  80 A   0.99999 0.00001 ( 1)  0.465
  81 N   0.99999 0.00001 ( 1)  0.465
  82 S   0.99999 0.00001 ( 1)  0.465
  83 G   0.99999 0.00001 ( 1)  0.465
  84 D   0.99999 0.00001 ( 1)  0.465
  85 S   0.99999 0.00001 ( 1)  0.465
  86 S   0.99999 0.00001 ( 1)  0.465
  87 R   0.99999 0.00001 ( 1)  0.465
  88 S   0.99999 0.00001 ( 1)  0.465
  89 G   0.99999 0.00001 ( 1)  0.465
  90 S   0.99999 0.00001 ( 1)  0.465
  91 D   0.99999 0.00001 ( 1)  0.465
  92 S   0.99999 0.00001 ( 1)  0.465


lnL =  -709.387917

