Supplemental results for CODEML (seqf: algn  treef: tree)


dN/dS (w) for site classes (K=8)

p:   0.12500  0.12500  0.12500  0.12500  0.12500  0.12500  0.12500  0.12500
w:   0.03812  0.19150  0.38335  0.57600  0.74525  0.87569  0.95954  0.99651

Naive Empirical Bayes (NEB) probabilities for 8 classes & postmean_w
(amino acids refer to 1st sequence: Mlig.13170)

   1 P   0.02284 0.08039 0.12243 0.14420 0.15384 0.15770 0.15910 0.15951 ( 8)  0.711
   2 P   0.23851 0.18695 0.14050 0.11027 0.09207 0.08162 0.07613 0.07395 ( 1)  0.449
   3 A   0.02017 0.07943 0.12159 0.14382 0.15420 0.15878 0.16068 0.16133 ( 8)  0.714
   4 G   0.01020 0.08484 0.12816 0.14789 0.15530 0.15754 0.15802 0.15806 ( 8)  0.714
   5 S   0.00859 0.07680 0.12267 0.14696 0.15768 0.16160 0.16273 0.16295 ( 8)  0.724
   6 L   0.00028 0.01522 0.05377 0.10598 0.15801 0.20000 0.22733 0.23940 ( 8)  0.834
   7 T   0.00104 0.02010 0.06446 0.11684 0.16255 0.19561 0.21550 0.22391 ( 8)  0.818
   8 R   0.00091 0.01789 0.05890 0.11120 0.16022 0.19782 0.22142 0.23163 ( 8)  0.826
   9 S   0.00157 0.02499 0.07366 0.12494 0.16499 0.19138 0.20622 0.21225 ( 8)  0.805
  10 T   0.00771 0.06703 0.11321 0.14243 0.15877 0.16717 0.17112 0.17257 ( 8)  0.739
  11 A   0.01166 0.08282 0.12614 0.14723 0.15565 0.15838 0.15902 0.15910 ( 8)  0.715
  12 F   0.00045 0.02015 0.06425 0.11639 0.16222 0.19572 0.21608 0.22474 ( 8)  0.819
  13 V   0.02011 0.06599 0.11003 0.13976 0.15688 0.16579 0.16996 0.17147 ( 8)  0.732
  14 V   0.26326 0.19048 0.14063 0.10722 0.08697 0.07534 0.06925 0.06684 ( 1)  0.426
  15 C   0.00024 0.01490 0.05378 0.10658 0.15875 0.20026 0.22691 0.23858 ( 8)  0.834
  16 R   0.00172 0.03154 0.07939 0.12731 0.16411 0.18802 0.20128 0.20662 ( 8)  0.796
  17 R   0.31582 0.16137 0.12179 0.09833 0.08423 0.07618 0.07197 0.07031 ( 1)  0.415
  18 C   0.01533 0.05287 0.09660 0.13356 0.15894 0.17435 0.18256 0.18579 ( 8)  0.756
  19 L   0.00062 0.01451 0.05153 0.10363 0.15694 0.20076 0.22960 0.24241 ( 8)  0.837
  20 S   0.00494 0.03273 0.07877 0.12535 0.16217 0.18710 0.20150 0.20745 ( 8)  0.794
  21 Q   0.00101 0.01878 0.06077 0.11289 0.16072 0.19696 0.21956 0.22931 ( 8)  0.823
  22 A   0.00123 0.02252 0.06878 0.12052 0.16357 0.19359 0.21122 0.21857 ( 8)  0.812
  23 A   0.14208 0.22784 0.16122 0.12101 0.09916 0.08753 0.08170 0.07945 ( 2)  0.489
  24 G   0.02445 0.08546 0.12643 0.14543 0.15259 0.15483 0.15537 0.15545 ( 8)  0.703
  25 L   0.00056 0.01997 0.06422 0.11681 0.16276 0.19588 0.21572 0.22407 ( 8)  0.819
  26 P   0.00561 0.05454 0.09894 0.13406 0.15905 0.17522 0.18440 0.18817 ( 8)  0.762
  27 W   0.00094 0.02104 0.06590 0.11792 0.16273 0.19490 0.21421 0.22236 ( 8)  0.816
  28 Q   0.00099 0.01872 0.06072 0.11288 0.16075 0.19700 0.21960 0.22934 ( 8)  0.823
  29 R   0.03796 0.07488 0.11575 0.14068 0.15276 0.15788 0.15977 0.16032 ( 8)  0.706
  30 Q   0.16540 0.08395 0.11642 0.12922 0.13011 0.12726 0.12450 0.12313 ( 1)  0.592
  31 R   0.04810 0.06609 0.10983 0.13851 0.15315 0.15956 0.16200 0.16275 ( 8)  0.708
  32 A   0.00048 0.02174 0.06790 0.11983 0.16351 0.19423 0.21237 0.21996 ( 8)  0.814
  33 L   0.00143 0.02714 0.07725 0.12740 0.16517 0.18959 0.20324 0.20878 ( 8)  0.800
  34 L   0.14213 0.19862 0.15725 0.12683 0.10692 0.09475 0.08810 0.08541 ( 2)  0.509
  35 L   0.44636 0.13713 0.10315 0.08096 0.06699 0.05870 0.05424 0.05247 ( 1)  0.335
  36 Q   0.01435 0.06028 0.10670 0.13981 0.15923 0.16941 0.17423 0.17600 ( 8)  0.743
  37 L   0.05032 0.07965 0.12154 0.14274 0.15044 0.15207 0.15180 0.15144 ( 6)  0.688
  38 H   0.04470 0.07308 0.11367 0.13886 0.15161 0.15746 0.15990 0.16071 ( 8)  0.704
  39 P   0.01475 0.05596 0.10023 0.13496 0.15830 0.17249 0.18013 0.18318 ( 8)  0.752
  40 R   0.01008 0.04004 0.07843 0.11855 0.15508 0.18395 0.20276 0.21111 ( 8)  0.788
  41 Q   0.01329 0.05185 0.09192 0.12669 0.15500 0.17615 0.18960 0.19551 ( 8)  0.765
  42 S   0.00053 0.02336 0.07164 0.12328 0.16467 0.19262 0.20865 0.21524 ( 8)  0.809
  43 A   0.00835 0.07710 0.12208 0.14603 0.15712 0.16175 0.16351 0.16405 ( 8)  0.725
  44 M   0.00062 0.02413 0.07207 0.12334 0.16439 0.19223 0.20829 0.21493 ( 8)  0.808
  45 L   0.01420 0.09289 0.13601 0.15186 0.15419 0.15217 0.14991 0.14877 ( 5)  0.698
  46 T   0.00185 0.02416 0.07222 0.12398 0.16491 0.19203 0.20732 0.21354 ( 8)  0.807
  47 P   0.02675 0.08506 0.12640 0.14572 0.15261 0.15440 0.15458 0.15448 ( 7)  0.701
  48 T   0.06679 0.08082 0.12054 0.13950 0.14646 0.14842 0.14875 0.14873 ( 7)  0.675
  49 A   0.02393 0.09080 0.13219 0.14854 0.15237 0.15182 0.15053 0.14981 ( 5)  0.695
  50 R   0.00048 0.02008 0.06453 0.11669 0.16239 0.19566 0.21581 0.22436 ( 8)  0.819
  51 S   0.01057 0.08585 0.13118 0.15089 0.15638 0.15623 0.15486 0.15404 ( 5)  0.709
  52 F   0.00031 0.01437 0.05129 0.10323 0.15666 0.20087 0.23012 0.24315 ( 8)  0.838
  53 V   0.00915 0.07680 0.12109 0.14519 0.15677 0.16196 0.16414 0.16488 ( 8)  0.726
  54 T   0.00073 0.02894 0.08117 0.13084 0.16627 0.18802 0.19970 0.20433 ( 8)  0.796
  55 V   0.00389 0.02982 0.08206 0.13157 0.16619 0.18688 0.19769 0.20190 ( 8)  0.791
  56 D   0.00824 0.06569 0.11255 0.14290 0.15942 0.16754 0.17118 0.17247 ( 8)  0.740
  57 N   0.01213 0.10245 0.14545 0.15632 0.15337 0.14732 0.14258 0.14037 ( 4)  0.686
  58 L   0.00017 0.01129 0.04569 0.09865 0.15565 0.20358 0.23540 0.24956 ( 8)  0.845
  59 R   0.00644 0.06369 0.10929 0.14036 0.15914 0.16955 0.17477 0.17676 ( 8)  0.746
  60 A   0.00054 0.01896 0.06146 0.11345 0.16089 0.19676 0.21914 0.22880 ( 8)  0.823
  61 W   0.00179 0.01904 0.06010 0.11216 0.16029 0.19695 0.21988 0.22979 ( 8)  0.823
  62 F   0.00070 0.02486 0.07412 0.12566 0.16553 0.19147 0.20591 0.21174 ( 8)  0.805
  63 I   0.00388 0.06966 0.11710 0.14463 0.15912 0.16611 0.16921 0.17029 ( 8)  0.738
  64 D   0.00037 0.01827 0.06066 0.11299 0.16099 0.19728 0.21986 0.22958 ( 8)  0.824
  65 G   0.01298 0.10501 0.14618 0.15557 0.15215 0.14630 0.14191 0.13991 ( 4)  0.683
  66 P   0.00050 0.02192 0.06829 0.12021 0.16364 0.19405 0.21195 0.21942 ( 8)  0.814
  67 E   0.00088 0.01343 0.04923 0.10193 0.15669 0.20181 0.23145 0.24457 ( 8)  0.839
  68 A   0.01085 0.05146 0.09552 0.13225 0.15877 0.17594 0.18563 0.18959 ( 8)  0.762
  69 A   0.27361 0.18262 0.13393 0.10414 0.08677 0.07701 0.07195 0.06996 ( 1)  0.428
  70 D   0.02711 0.09059 0.13085 0.14712 0.15146 0.15160 0.15087 0.15041 ( 6)  0.694
  71 A   0.19586 0.16628 0.13895 0.11846 0.10457 0.09586 0.09100 0.08903 ( 1)  0.499
  72 L   0.26162 0.19651 0.14237 0.10689 0.08580 0.07387 0.06768 0.06525 ( 1)  0.422
  73 R   0.08650 0.16669 0.15107 0.13586 0.12408 0.11589 0.11099 0.10891 ( 2)  0.580
  74 Q   0.28018 0.15575 0.12979 0.10840 0.09280 0.08248 0.07653 0.07407 ( 1)  0.441
  75 G   0.30419 0.19972 0.13802 0.09965 0.07752 0.06528 0.05902 0.05659 ( 1)  0.388
  76 A   0.17541 0.21112 0.15033 0.11554 0.09705 0.08735 0.08253 0.08067 ( 2)  0.480
  77 A   0.10502 0.19521 0.15917 0.13155 0.11376 0.10306 0.09727 0.09495 ( 2)  0.541
  78 A   0.13181 0.22234 0.15897 0.12169 0.10203 0.09177 0.08667 0.08472 ( 2)  0.503
  79 N   0.18015 0.22668 0.16480 0.12197 0.09436 0.07781 0.06890 0.06534 ( 2)  0.453
  80 P   0.27154 0.19231 0.13485 0.10200 0.08445 0.07525 0.07068 0.06892 ( 1)  0.423
  81 P   0.27135 0.19235 0.13489 0.10203 0.08448 0.07527 0.07070 0.06894 ( 1)  0.423
  82 S   0.25384 0.18339 0.13992 0.10981 0.09061 0.07911 0.07290 0.07042 ( 1)  0.439
  83 A   0.11164 0.19409 0.15792 0.13051 0.11287 0.10225 0.09651 0.09420 ( 2)  0.537
  84 D   0.17769 0.26529 0.17280 0.11567 0.08440 0.06788 0.05970 0.05658 ( 2)  0.426
  85 S   0.00921 0.09028 0.13607 0.15323 0.15601 0.15386 0.15132 0.15002 ( 5)  0.704
  86 S   0.45118 0.12457 0.09969 0.08182 0.06937 0.06140 0.05690 0.05506 ( 1)  0.341
  87 S   0.22568 0.17383 0.14108 0.11582 0.09819 0.08691 0.08055 0.07794 ( 1)  0.467
  88 F   0.15864 0.26390 0.17791 0.12116 0.08846 0.07053 0.06145 0.05794 ( 2)  0.439
  89 F   0.08929 0.20563 0.16993 0.13792 0.11526 0.10065 0.09237 0.08897 ( 2)  0.539
  90 V   0.19088 0.23257 0.15879 0.11433 0.08971 0.07651 0.06988 0.06733 ( 2)  0.447
  91 E   0.14788 0.26478 0.17813 0.12183 0.08998 0.07271 0.06402 0.06067 ( 2)  0.447
  92 D   0.10711 0.21426 0.17058 0.13458 0.11003 0.09466 0.08613 0.08266 ( 2)  0.518
  93 A   0.15846 0.21501 0.15352 0.11801 0.09912 0.08921 0.08428 0.08239 ( 2)  0.489
  94 P   0.18919 0.21611 0.15069 0.11337 0.09354 0.08314 0.07797 0.07599 ( 2)  0.465
  95 A   0.29580 0.18339 0.12822 0.09812 0.08227 0.07399 0.06989 0.06831 ( 1)  0.413
  96 A   0.29431 0.18355 0.12854 0.09837 0.08248 0.07418 0.07007 0.06849 ( 1)  0.414
  97 I   0.21525 0.24030 0.16406 0.11415 0.08435 0.06754 0.05887 0.05548 ( 2)  0.417
  98 Q   0.31633 0.20645 0.14091 0.09886 0.07404 0.06016 0.05302 0.05024 ( 1)  0.371
  99 E   0.33865 0.20878 0.13728 0.09387 0.06932 0.05602 0.04932 0.04674 ( 1)  0.354
 100 L   0.19773 0.23446 0.15939 0.11363 0.08812 0.07438 0.06747 0.06481 ( 2)  0.439
 101 V   0.38629 0.18091 0.12023 0.08583 0.06709 0.05715 0.05220 0.05030 ( 1)  0.345
 102 E   0.29154 0.15949 0.13023 0.10671 0.08993 0.07903 0.07282 0.07026 ( 1)  0.429
 103 G   0.39254 0.17618 0.12000 0.08663 0.06739 0.05675 0.05131 0.04920 ( 1)  0.343
 104 S   0.18368 0.18394 0.14858 0.12197 0.10340 0.09152 0.08482 0.08208 ( 2)  0.490
 105 S   0.11434 0.17447 0.15159 0.13218 0.11768 0.10788 0.10213 0.09973 ( 2)  0.552
 106 T   0.10919 0.18236 0.15583 0.13352 0.11700 0.10591 0.09945 0.09675 ( 2)  0.547
 107 D   0.44003 0.18421 0.11659 0.07802 0.05693 0.04579 0.04027 0.03816 ( 1)  0.301
 108 A   0.28655 0.18522 0.13004 0.09952 0.08344 0.07505 0.07088 0.06928 ( 1)  0.419
 109 L   0.26111 0.21769 0.14633 0.10430 0.08089 0.06827 0.06193 0.05949 ( 1)  0.407
 110 A   0.33523 0.17331 0.12100 0.09259 0.07763 0.06982 0.06595 0.06446 ( 1)  0.392
 111 D   0.60274 0.09893 0.07502 0.05915 0.04836 0.04161 0.03785 0.03633 ( 1)  0.250
 112 A   0.39605 0.15756 0.10990 0.08410 0.07052 0.06342 0.05990 0.05855 ( 1)  0.360
 113 A   0.17879 0.21226 0.14991 0.11473 0.09620 0.08652 0.08172 0.07987 ( 2)  0.476
 114 S   0.32715 0.20700 0.13624 0.09441 0.07150 0.05935 0.05332 0.05102 ( 1)  0.366
 115 S   0.14702 0.24812 0.17186 0.12220 0.09392 0.07851 0.07070 0.06768 ( 2)  0.463
 116 L   0.17402 0.21970 0.15930 0.11960 0.09600 0.08265 0.07572 0.07301 ( 2)  0.468
 117 A   0.39133 0.15727 0.11062 0.08502 0.07141 0.06427 0.06072 0.05936 ( 1)  0.363
 118 E   0.15115 0.26409 0.17735 0.12130 0.08958 0.07239 0.06374 0.06040 ( 2)  0.446
 119 P   0.34572 0.17384 0.12084 0.09140 0.07568 0.06743 0.06333 0.06176 ( 1)  0.383
 120 S   0.16021 0.16669 0.14349 0.12510 0.11137 0.10210 0.09666 0.09438 ( 2)  0.524
 121 F   0.19758 0.25334 0.16919 0.11520 0.08411 0.06706 0.05843 0.05509 ( 2)  0.420
 122 A   0.13883 0.22117 0.15754 0.12058 0.10110 0.09093 0.08589 0.08395 ( 2)  0.499
 123 S   0.08065 0.18924 0.16423 0.13915 0.12048 0.10796 0.10066 0.09762 ( 2)  0.561
 124 L   0.23405 0.20545 0.14729 0.11057 0.08875 0.07641 0.07000 0.06749 ( 1)  0.436
 125 G   0.13360 0.24543 0.17274 0.12475 0.09703 0.08172 0.07389 0.07084 ( 2)  0.476
 126 L   0.19773 0.23446 0.15939 0.11363 0.08812 0.07438 0.06747 0.06481 ( 2)  0.439
 127 G   0.41095 0.17270 0.11588 0.08362 0.06505 0.05478 0.04953 0.04749 ( 1)  0.333
 128 T   0.20734 0.25264 0.16453 0.11141 0.08219 0.06672 0.05905 0.05612 ( 2)  0.416
 129 G   0.55869 0.12819 0.08712 0.06290 0.04892 0.04120 0.03725 0.03572 ( 1)  0.259
 130 L   0.47929 0.14027 0.09997 0.07504 0.06024 0.05186 0.04751 0.04581 ( 1)  0.308
 131 W   0.31500 0.18818 0.13715 0.10174 0.07902 0.06546 0.05817 0.05527 ( 1)  0.386
 132 P   0.29464 0.18645 0.13051 0.09872 0.08174 0.07283 0.06841 0.06671 ( 1)  0.411
 133 S   0.16584 0.25437 0.16955 0.11751 0.08899 0.07387 0.06637 0.06350 ( 2)  0.446
 134 S   0.07072 0.19085 0.16609 0.14074 0.12186 0.10919 0.10181 0.09873 ( 2)  0.566
 135 L   0.22092 0.20777 0.15011 0.11270 0.09046 0.07788 0.07135 0.06879 ( 1)  0.443
 136 Q   0.26426 0.18336 0.13935 0.10869 0.08892 0.07699 0.07051 0.06791 ( 1)  0.430
 137 L   0.23362 0.20532 0.14743 0.11068 0.08884 0.07649 0.07007 0.06756 ( 1)  0.436
 138 K   0.16462 0.22284 0.16252 0.12400 0.09847 0.08276 0.07413 0.07065 ( 2)  0.470
 139 W   0.21944 0.21329 0.15660 0.11617 0.09023 0.07474 0.06642 0.06311 ( 1)  0.435


lnL = -1508.916549

