Supplemental results for CODEML (seqf: algn  treef: tree)


dN/dS (w) for site classes (K=8)

p:   0.12500  0.12500  0.12500  0.12500  0.12500  0.12500  0.12500  0.12500
w:   0.29341  0.31725  0.33227  0.34494  0.35711  0.37007  0.38580  0.41167

Naive Empirical Bayes (NEB) probabilities for 8 classes & postmean_w
(amino acids refer to 1st sequence: Mlig.31450)

   1 P   0.10162 0.11143 0.11749 0.12255 0.12737 0.13245 0.13857 0.14852 ( 8)  0.356
   2 S   0.12293 0.12420 0.12477 0.12514 0.12542 0.12565 0.12585 0.12605 ( 8)  0.352
   3 A   0.12370 0.12456 0.12492 0.12514 0.12529 0.12540 0.12548 0.12551 ( 8)  0.352
   4 A   0.12251 0.12396 0.12464 0.12510 0.12547 0.12579 0.12609 0.12644 ( 8)  0.352
   5 A   0.12534 0.12518 0.12509 0.12502 0.12496 0.12489 0.12482 0.12470 ( 1)  0.352
   6 I   0.13235 0.12851 0.12653 0.12507 0.12382 0.12265 0.12139 0.11968 ( 1)  0.350
   7 A   0.13725 0.13130 0.12799 0.12545 0.12320 0.12101 0.11861 0.11519 ( 1)  0.350
   8 A   0.11583 0.12034 0.12281 0.12470 0.12636 0.12798 0.12974 0.13224 ( 8)  0.353
   9 A   0.12394 0.12455 0.12484 0.12504 0.12519 0.12533 0.12547 0.12564 ( 8)  0.352
  10 S   0.12192 0.12364 0.12447 0.12506 0.12554 0.12598 0.12642 0.12697 ( 8)  0.352
  11 Q   0.12904 0.12690 0.12580 0.12501 0.12433 0.12371 0.12305 0.12217 ( 1)  0.351
  12 Q   0.14229 0.13332 0.12866 0.12521 0.12226 0.11946 0.11646 0.11234 ( 1)  0.349
  13 T   0.12304 0.12414 0.12467 0.12504 0.12535 0.12562 0.12590 0.12624 ( 8)  0.352
  14 A   0.13275 0.12872 0.12663 0.12509 0.12377 0.12252 0.12118 0.11934 ( 1)  0.350
  15 A   0.13061 0.12814 0.12663 0.12540 0.12428 0.12314 0.12185 0.11995 ( 1)  0.351
  16 R   0.11719 0.12084 0.12293 0.12458 0.12607 0.12755 0.12921 0.13165 ( 8)  0.353
  17 S   0.11455 0.11961 0.12242 0.12459 0.12651 0.12839 0.13047 0.13345 ( 8)  0.353
  18 P   0.13551 0.13009 0.12726 0.12515 0.12334 0.12162 0.11978 0.11724 ( 1)  0.350
  19 C   0.13861 0.13167 0.12800 0.12526 0.12289 0.12063 0.11818 0.11476 ( 1)  0.350
  20 P   0.12526 0.12506 0.12499 0.12495 0.12493 0.12492 0.12493 0.12497 ( 1)  0.352
  21 G   0.11618 0.12051 0.12288 0.12471 0.12631 0.12786 0.12957 0.13198 ( 8)  0.353
  22 C   0.12239 0.12388 0.12459 0.12508 0.12548 0.12583 0.12617 0.12658 ( 8)  0.352
  23 Y   0.13210 0.12866 0.12674 0.12527 0.12397 0.12269 0.12129 0.11928 ( 1)  0.350
  24 Y   0.12265 0.12391 0.12455 0.12501 0.12539 0.12575 0.12612 0.12661 ( 8)  0.352
  25 S   0.12249 0.12383 0.12451 0.12500 0.12541 0.12580 0.12621 0.12676 ( 8)  0.352
  26 R   0.11536 0.12018 0.12279 0.12476 0.12647 0.12812 0.12991 0.13241 ( 8)  0.353
  27 F   0.12091 0.12307 0.12417 0.12498 0.12566 0.12631 0.12699 0.12791 ( 8)  0.352
  28 A   0.13268 0.12884 0.12677 0.12520 0.12384 0.12252 0.12108 0.11906 ( 1)  0.350
  29 I   0.11429 0.11948 0.12236 0.12459 0.12655 0.12848 0.13060 0.13364 ( 8)  0.353
  30 R   0.12352 0.12435 0.12476 0.12504 0.12526 0.12547 0.12567 0.12593 ( 8)  0.352
  31 V   0.13313 0.12891 0.12672 0.12510 0.12371 0.12239 0.12098 0.11905 ( 1)  0.350
  32 G   0.12367 0.12441 0.12477 0.12503 0.12523 0.12542 0.12561 0.12585 ( 8)  0.352
  33 S   0.12934 0.12751 0.12634 0.12537 0.12448 0.12356 0.12250 0.12091 ( 1)  0.351
  34 A   0.12381 0.12446 0.12479 0.12501 0.12520 0.12538 0.12556 0.12579 ( 8)  0.352
  35 A   0.11441 0.11970 0.12256 0.12472 0.12661 0.12843 0.13041 0.13316 ( 8)  0.353
  36 A   0.13208 0.12841 0.12650 0.12508 0.12387 0.12273 0.12150 0.11982 ( 1)  0.351
  37 A   0.12561 0.12528 0.12512 0.12500 0.12490 0.12481 0.12471 0.12457 ( 1)  0.351
  38 V   0.11491 0.11978 0.12250 0.12460 0.12645 0.12828 0.13029 0.13319 ( 8)  0.353
  39 L   0.12385 0.12450 0.12481 0.12503 0.12521 0.12537 0.12552 0.12571 ( 8)  0.352
  40 C   0.13296 0.12899 0.12684 0.12522 0.12380 0.12243 0.12093 0.11884 ( 1)  0.350
  41 L   0.12338 0.12424 0.12468 0.12500 0.12527 0.12552 0.12578 0.12614 ( 8)  0.352
  42 L   0.12995 0.12771 0.12638 0.12531 0.12435 0.12337 0.12228 0.12066 ( 1)  0.351
  43 F   0.12480 0.12497 0.12503 0.12505 0.12506 0.12506 0.12504 0.12498 ( 5)  0.352
  44 I   0.11640 0.12061 0.12293 0.12471 0.12627 0.12779 0.12946 0.13182 ( 8)  0.353
  45 V   0.12795 0.12661 0.12581 0.12518 0.12460 0.12403 0.12338 0.12244 ( 1)  0.351
  46 S   0.12369 0.12442 0.12477 0.12502 0.12523 0.12542 0.12561 0.12584 ( 8)  0.352
  47 S   0.12058 0.12302 0.12422 0.12508 0.12577 0.12641 0.12705 0.12786 ( 8)  0.352
  48 V   0.11588 0.12032 0.12278 0.12467 0.12633 0.12796 0.12975 0.13230 ( 8)  0.353
  49 Y   0.12186 0.12349 0.12434 0.12497 0.12551 0.12601 0.12654 0.12727 ( 8)  0.352
  50 Y   0.13001 0.12761 0.12626 0.12521 0.12428 0.12337 0.12235 0.12090 ( 1)  0.351
  51 N   0.13707 0.13076 0.12751 0.12511 0.12307 0.12114 0.11908 0.11626 ( 1)  0.350
  52 R   0.13756 0.13104 0.12766 0.12515 0.12301 0.12097 0.11880 0.11581 ( 1)  0.350
  53 P   0.11711 0.12086 0.12298 0.12463 0.12611 0.12757 0.12919 0.13154 ( 8)  0.353
  54 A   0.12231 0.12368 0.12441 0.12495 0.12541 0.12586 0.12635 0.12703 ( 8)  0.352
  55 A   0.12429 0.12473 0.12492 0.12505 0.12514 0.12522 0.12529 0.12536 ( 8)  0.352
  56 Y   0.12130 0.12323 0.12423 0.12497 0.12560 0.12619 0.12682 0.12765 ( 8)  0.352
  57 S   0.12353 0.12430 0.12469 0.12498 0.12523 0.12547 0.12572 0.12607 ( 8)  0.352
  58 S   0.12325 0.12429 0.12477 0.12510 0.12535 0.12556 0.12575 0.12594 ( 8)  0.352
  59 G   0.12301 0.12423 0.12478 0.12514 0.12540 0.12562 0.12581 0.12600 ( 8)  0.352
  60 G   0.12533 0.12524 0.12515 0.12507 0.12498 0.12489 0.12477 0.12458 ( 1)  0.352
  61 A   0.11545 0.12024 0.12282 0.12477 0.12647 0.12809 0.12985 0.13230 ( 8)  0.353
  62 N   0.13123 0.12826 0.12658 0.12528 0.12411 0.12297 0.12170 0.11987 ( 1)  0.351
  63 S   0.12353 0.12431 0.12471 0.12500 0.12524 0.12547 0.12571 0.12603 ( 8)  0.352
  64 I   0.12559 0.12528 0.12512 0.12501 0.12491 0.12481 0.12471 0.12456 ( 1)  0.351
  65 L   0.13865 0.13184 0.12815 0.12535 0.12291 0.12057 0.11803 0.11450 ( 1)  0.350
  66 R   0.12131 0.12331 0.12431 0.12503 0.12563 0.12618 0.12675 0.12749 ( 8)  0.352
  67 S   0.11270 0.11876 0.12208 0.12461 0.12684 0.12899 0.13135 0.13467 ( 8)  0.353
  68 A   0.12393 0.12454 0.12484 0.12504 0.12520 0.12534 0.12548 0.12564 ( 8)  0.352
  69 L   0.12395 0.12454 0.12483 0.12503 0.12519 0.12533 0.12548 0.12566 ( 8)  0.352
  70 Q   0.13267 0.12884 0.12677 0.12521 0.12384 0.12252 0.12108 0.11906 ( 1)  0.350
  71 P   0.12102 0.12320 0.12428 0.12505 0.12569 0.12627 0.12686 0.12763 ( 8)  0.352
  72 A   0.12474 0.12486 0.12493 0.12498 0.12504 0.12509 0.12514 0.12522 ( 8)  0.352
  73 Q   0.12240 0.12388 0.12458 0.12507 0.12547 0.12582 0.12617 0.12661 ( 8)  0.352
  74 L   0.13573 0.13036 0.12747 0.12528 0.12338 0.12154 0.11953 0.11671 ( 1)  0.350
  75 A   0.12895 0.12701 0.12595 0.12513 0.12442 0.12372 0.12296 0.12187 ( 1)  0.351
  76 F   0.11654 0.12071 0.12299 0.12474 0.12626 0.12775 0.12937 0.13165 ( 8)  0.353
  77 D   0.13135 0.12815 0.12643 0.12514 0.12403 0.12295 0.12179 0.12016 ( 1)  0.351
  78 T   0.13201 0.12836 0.12647 0.12507 0.12388 0.12275 0.12155 0.11990 ( 1)  0.351
  79 G   0.11448 0.11969 0.12253 0.12469 0.12658 0.12841 0.13041 0.13321 ( 8)  0.353
  80 S   0.12578 0.12521 0.12500 0.12488 0.12480 0.12476 0.12475 0.12481 ( 1)  0.351
  81 R   0.12432 0.12464 0.12482 0.12496 0.12509 0.12522 0.12537 0.12558 ( 8)  0.352
  82 V   0.12346 0.12429 0.12471 0.12501 0.12526 0.12549 0.12574 0.12606 ( 8)  0.352
  83 G   0.11388 0.11934 0.12234 0.12463 0.12664 0.12860 0.13076 0.13381 ( 8)  0.353
  84 G   0.11637 0.12047 0.12279 0.12460 0.12621 0.12781 0.12959 0.13216 ( 8)  0.353
  85 D   0.12660 0.12575 0.12532 0.12500 0.12474 0.12449 0.12423 0.12387 ( 1)  0.351
  86 R   0.12292 0.12414 0.12471 0.12510 0.12540 0.12566 0.12590 0.12618 ( 8)  0.352
  87 L   0.13858 0.13181 0.12813 0.12535 0.12293 0.12059 0.11806 0.11455 ( 1)  0.350
  88 P   0.13469 0.12967 0.12706 0.12512 0.12347 0.12189 0.12021 0.11789 ( 1)  0.350
  89 A   0.12461 0.12486 0.12497 0.12503 0.12508 0.12512 0.12515 0.12517 ( 8)  0.352
  90 V   0.13184 0.12828 0.12644 0.12507 0.12391 0.12281 0.12163 0.12002 ( 1)  0.351
  91 G   0.11738 0.12099 0.12304 0.12463 0.12606 0.12748 0.12906 0.13135 ( 8)  0.353
  92 G   0.12414 0.12464 0.12487 0.12503 0.12516 0.12527 0.12538 0.12551 ( 8)  0.352
  93 G   0.12526 0.12524 0.12518 0.12510 0.12501 0.12491 0.12477 0.12453 ( 1)  0.352
  94 A   0.11525 0.12015 0.12279 0.12478 0.12650 0.12816 0.12995 0.13242 ( 8)  0.353
  95 D   0.12490 0.12500 0.12503 0.12504 0.12504 0.12503 0.12501 0.12496 ( 4)  0.352
  96 E   0.12213 0.12373 0.12451 0.12506 0.12550 0.12591 0.12632 0.12684 ( 8)  0.352
  97 L   0.13133 0.12836 0.12666 0.12532 0.12412 0.12293 0.12160 0.11969 ( 1)  0.351
  98 H   0.13363 0.12925 0.12692 0.12518 0.12367 0.12222 0.12066 0.11847 ( 1)  0.350
  99 R   0.11211 0.11840 0.12187 0.12454 0.12690 0.12919 0.13171 0.13529 ( 8)  0.354
 100 L   0.12605 0.12550 0.12522 0.12501 0.12484 0.12467 0.12449 0.12423 ( 1)  0.351
 101 A   0.12487 0.12493 0.12497 0.12500 0.12502 0.12504 0.12507 0.12510 ( 8)  0.352
 102 Q   0.13611 0.13034 0.12734 0.12513 0.12323 0.12144 0.11952 0.11689 ( 1)  0.350
 103 H   0.12386 0.12450 0.12481 0.12503 0.12520 0.12536 0.12552 0.12572 ( 8)  0.352
 104 L   0.12420 0.12466 0.12488 0.12503 0.12515 0.12526 0.12536 0.12548 ( 8)  0.352
 105 R   0.11765 0.12113 0.12310 0.12464 0.12603 0.12739 0.12892 0.13114 ( 8)  0.353
 106 L   0.13294 0.12901 0.12687 0.12524 0.12381 0.12243 0.12092 0.11879 ( 1)  0.350
 107 V   0.12518 0.12509 0.12505 0.12501 0.12498 0.12494 0.12491 0.12485 ( 1)  0.352
 108 Y   0.12246 0.12392 0.12461 0.12508 0.12546 0.12580 0.12613 0.12654 ( 8)  0.352
 109 T   0.12238 0.12380 0.12451 0.12502 0.12544 0.12583 0.12624 0.12677 ( 8)  0.352
 110 V   0.12429 0.12476 0.12496 0.12508 0.12516 0.12522 0.12526 0.12526 ( 8)  0.352
 111 T   0.13295 0.12899 0.12685 0.12523 0.12381 0.12243 0.12093 0.11881 ( 1)  0.350
 112 A   0.11482 0.11980 0.12254 0.12464 0.12650 0.12831 0.13029 0.13311 ( 8)  0.353
 113 N   0.12316 0.12403 0.12452 0.12491 0.12525 0.12560 0.12598 0.12655 ( 8)  0.352
 114 S   0.12417 0.12465 0.12488 0.12503 0.12516 0.12526 0.12537 0.12549 ( 8)  0.352
 115 V   0.12215 0.12371 0.12448 0.12503 0.12548 0.12590 0.12634 0.12690 ( 8)  0.352
 116 V   0.11578 0.12029 0.12278 0.12468 0.12636 0.12799 0.12979 0.13233 ( 8)  0.353
 117 F   0.12598 0.12562 0.12535 0.12512 0.12490 0.12466 0.12439 0.12397 ( 1)  0.351
 118 K   0.11413 0.11957 0.12251 0.12474 0.12667 0.12852 0.13053 0.13332 ( 8)  0.353
 119 H   0.13261 0.12883 0.12678 0.12523 0.12386 0.12254 0.12110 0.11905 ( 1)  0.350
 120 V   0.12391 0.12452 0.12482 0.12503 0.12520 0.12535 0.12550 0.12569 ( 8)  0.352
 121 N   0.13411 0.12943 0.12697 0.12514 0.12357 0.12207 0.12047 0.11825 ( 1)  0.350
 122 G   0.11514 0.11996 0.12261 0.12465 0.12645 0.12820 0.13013 0.13286 ( 8)  0.353
 123 Y   0.12340 0.12438 0.12482 0.12510 0.12532 0.12550 0.12566 0.12582 ( 8)  0.352
 124 L   0.12415 0.12465 0.12488 0.12504 0.12516 0.12527 0.12537 0.12548 ( 8)  0.352
 125 H   0.12417 0.12466 0.12489 0.12504 0.12516 0.12526 0.12536 0.12546 ( 8)  0.352
 126 Y   0.12304 0.12421 0.12474 0.12510 0.12538 0.12562 0.12584 0.12607 ( 8)  0.352
 127 L   0.13435 0.12950 0.12698 0.12511 0.12352 0.12200 0.12039 0.11816 ( 1)  0.350
 128 E   0.13115 0.12803 0.12637 0.12513 0.12405 0.12302 0.12190 0.12035 ( 1)  0.351
 129 P   0.12407 0.12462 0.12488 0.12505 0.12518 0.12530 0.12540 0.12551 ( 8)  0.352
 130 T   0.13236 0.12853 0.12655 0.12508 0.12383 0.12264 0.12137 0.11964 ( 1)  0.350
 131 G   0.11658 0.12075 0.12303 0.12476 0.12627 0.12773 0.12932 0.13155 ( 8)  0.353
 132 E   0.11743 0.12107 0.12311 0.12469 0.12609 0.12746 0.12898 0.13116 ( 8)  0.353
 133 A   0.13643 0.13065 0.12757 0.12525 0.12325 0.12132 0.11923 0.11630 ( 1)  0.350
 134 A   0.12623 0.12563 0.12530 0.12505 0.12483 0.12461 0.12436 0.12399 ( 1)  0.351
 135 A   0.12445 0.12482 0.12498 0.12507 0.12513 0.12517 0.12519 0.12519 ( 7)  0.352
 136 D   0.13177 0.12840 0.12657 0.12519 0.12398 0.12281 0.12154 0.11974 ( 1)  0.351
 137 G   0.11208 0.11840 0.12189 0.12456 0.12691 0.12919 0.13171 0.13527 ( 8)  0.354
 138 L   0.13062 0.12778 0.12627 0.12512 0.12414 0.12319 0.12216 0.12073 ( 1)  0.351
 139 P   0.11359 0.11925 0.12233 0.12468 0.12672 0.12870 0.13085 0.13387 ( 8)  0.353
 140 P   0.13458 0.12962 0.12703 0.12512 0.12348 0.12193 0.12026 0.11797 ( 1)  0.350
 141 G   0.13142 0.12838 0.12665 0.12530 0.12410 0.12291 0.12158 0.11966 ( 1)  0.351
 142 D   0.13097 0.12795 0.12634 0.12513 0.12408 0.12307 0.12199 0.12047 ( 1)  0.351
 143 D   0.11749 0.12101 0.12303 0.12461 0.12603 0.12745 0.12903 0.13135 ( 8)  0.353
 144 C   0.13394 0.12949 0.12708 0.12525 0.12365 0.12211 0.12043 0.11806 ( 1)  0.350
 145 L   0.12357 0.12449 0.12489 0.12513 0.12531 0.12544 0.12555 0.12561 ( 8)  0.352
 146 I   0.11572 0.12039 0.12290 0.12479 0.12643 0.12800 0.12970 0.13206 ( 8)  0.353
 147 E   0.11594 0.12041 0.12286 0.12472 0.12636 0.12794 0.12967 0.13211 ( 8)  0.353
 148 Y   0.13676 0.13080 0.12763 0.12525 0.12319 0.12121 0.11907 0.11608 ( 1)  0.350
 149 F   0.12281 0.12410 0.12470 0.12510 0.12542 0.12569 0.12595 0.12623 ( 8)  0.352
 150 Q   0.12688 0.12589 0.12539 0.12502 0.12470 0.12440 0.12408 0.12364 ( 1)  0.351
 151 D   0.13091 0.12810 0.12650 0.12526 0.12416 0.12307 0.12187 0.12013 ( 1)  0.351
 152 E   0.12854 0.12667 0.12571 0.12500 0.12441 0.12386 0.12328 0.12252 ( 1)  0.351
 153 S   0.13452 0.12959 0.12702 0.12512 0.12349 0.12195 0.12029 0.11802 ( 1)  0.350
 154 P   0.13880 0.13161 0.12789 0.12514 0.12280 0.12058 0.11821 0.11496 ( 1)  0.350
 155 Q   0.12456 0.12484 0.12497 0.12504 0.12510 0.12514 0.12517 0.12519 ( 8)  0.352
 156 A   0.12359 0.12434 0.12473 0.12501 0.12524 0.12546 0.12567 0.12595 ( 8)  0.352
 157 V   0.13343 0.12932 0.12704 0.12530 0.12376 0.12226 0.12062 0.11828 ( 1)  0.350
 158 V   0.12369 0.12441 0.12477 0.12502 0.12522 0.12541 0.12561 0.12586 ( 8)  0.352
 159 V   0.11566 0.12013 0.12264 0.12460 0.12633 0.12804 0.12994 0.13266 ( 8)  0.353
 160 E   0.13113 0.12823 0.12658 0.12529 0.12414 0.12300 0.12173 0.11989 ( 1)  0.351
 161 C   0.11521 0.11996 0.12259 0.12463 0.12642 0.12818 0.13012 0.13289 ( 8)  0.353
 162 T   0.11595 0.12022 0.12265 0.12455 0.12625 0.12795 0.12984 0.13260 ( 8)  0.353
 163 A   0.12489 0.12493 0.12496 0.12498 0.12501 0.12504 0.12507 0.12513 ( 8)  0.352
 164 G   0.12234 0.12383 0.12456 0.12506 0.12547 0.12584 0.12621 0.12667 ( 8)  0.352
 165 L   0.12371 0.12442 0.12477 0.12502 0.12522 0.12541 0.12560 0.12584 ( 8)  0.352
 166 A   0.12474 0.12499 0.12506 0.12509 0.12509 0.12507 0.12503 0.12492 ( 5)  0.352
 167 N   0.11615 0.12052 0.12291 0.12473 0.12632 0.12787 0.12956 0.13194 ( 8)  0.353
 168 Q   0.12493 0.12507 0.12509 0.12509 0.12506 0.12502 0.12495 0.12480 ( 3)  0.352
 169 F   0.12273 0.12397 0.12458 0.12502 0.12539 0.12572 0.12607 0.12652 ( 8)  0.352
 170 V   0.11611 0.12047 0.12287 0.12470 0.12632 0.12789 0.12961 0.13204 ( 8)  0.353
 171 A   0.13619 0.13052 0.12750 0.12524 0.12328 0.12140 0.11936 0.11651 ( 1)  0.350
 172 P   0.12480 0.12496 0.12502 0.12505 0.12506 0.12506 0.12505 0.12500 ( 6)  0.352
 173 L   0.13693 0.13099 0.12777 0.12533 0.12320 0.12114 0.11890 0.11575 ( 1)  0.350
 174 L   0.12526 0.12509 0.12502 0.12498 0.12495 0.12492 0.12490 0.12488 ( 1)  0.352
 175 T   0.13257 0.12879 0.12675 0.12520 0.12385 0.12255 0.12113 0.11914 ( 1)  0.350
 176 P   0.12269 0.12404 0.12467 0.12510 0.12544 0.12573 0.12601 0.12633 ( 8)  0.352


lnL = -2126.449870

