Supplemental results for CODEML (seqf: algn  treef: tree)


dN/dS (w) for site classes (K=8)

p:   0.12500  0.12500  0.12500  0.12500  0.12500  0.12500  0.12500  0.12500
w:   0.01693  0.02493  0.03097  0.03667  0.04269  0.04966  0.05894  0.07608

Naive Empirical Bayes (NEB) probabilities for 8 classes & postmean_w
(amino acids refer to 1st sequence: Mlig.45864)

   1 M   0.12692 0.12630 0.12584 0.12540 0.12495 0.12442 0.12372 0.12245 ( 1)  0.042
   2 N   0.12701 0.12636 0.12588 0.12542 0.12494 0.12439 0.12366 0.12233 ( 1)  0.042
   3 L   0.12604 0.12571 0.12546 0.12522 0.12497 0.12469 0.12431 0.12361 ( 1)  0.042
   4 V   0.12600 0.12568 0.12544 0.12521 0.12497 0.12470 0.12433 0.12367 ( 1)  0.042
   5 S   0.12579 0.12554 0.12535 0.12517 0.12498 0.12476 0.12448 0.12394 ( 1)  0.042
   6 G   0.12680 0.12622 0.12579 0.12538 0.12495 0.12446 0.12380 0.12261 ( 1)  0.042
   7 S   0.12529 0.12520 0.12513 0.12506 0.12499 0.12491 0.12481 0.12461 ( 1)  0.042
   8 A   0.12548 0.12533 0.12521 0.12510 0.12499 0.12485 0.12468 0.12435 ( 1)  0.042
   9 V   0.12662 0.12610 0.12571 0.12534 0.12496 0.12451 0.12392 0.12284 ( 1)  0.042
  10 N   0.12701 0.12636 0.12588 0.12542 0.12494 0.12439 0.12366 0.12233 ( 1)  0.042
  11 K   0.12754 0.12672 0.12610 0.12553 0.12492 0.12423 0.12331 0.12165 ( 1)  0.042
  12 L   0.12604 0.12571 0.12546 0.12522 0.12497 0.12469 0.12431 0.12361 ( 1)  0.042
  13 Q   0.12654 0.12605 0.12568 0.12532 0.12496 0.12453 0.12397 0.12295 ( 1)  0.042
  14 Q   0.12654 0.12605 0.12568 0.12532 0.12496 0.12453 0.12397 0.12295 ( 1)  0.042
  15 K   0.12754 0.12672 0.12610 0.12553 0.12492 0.12423 0.12331 0.12165 ( 1)  0.042
  16 Q   0.12654 0.12605 0.12568 0.12532 0.12496 0.12453 0.12397 0.12295 ( 1)  0.042
  17 L   0.12604 0.12571 0.12546 0.12522 0.12497 0.12469 0.12431 0.12361 ( 1)  0.042
  18 L   0.12604 0.12571 0.12546 0.12522 0.12497 0.12469 0.12431 0.12361 ( 1)  0.042
  19 K   0.12754 0.12672 0.12610 0.12553 0.12492 0.12423 0.12331 0.12165 ( 1)  0.042
  20 Q   0.12610 0.12574 0.12548 0.12523 0.12497 0.12467 0.12427 0.12354 ( 1)  0.042
  21 Q   0.12610 0.12574 0.12548 0.12523 0.12497 0.12467 0.12427 0.12354 ( 1)  0.042
  22 E   0.12750 0.12669 0.12609 0.12552 0.12492 0.12424 0.12334 0.12170 ( 1)  0.042
  23 A   0.12662 0.12610 0.12571 0.12534 0.12496 0.12451 0.12392 0.12284 ( 1)  0.042
  24 L   0.12604 0.12571 0.12546 0.12522 0.12497 0.12469 0.12431 0.12361 ( 1)  0.042
  25 D   0.12699 0.12635 0.12587 0.12542 0.12494 0.12440 0.12367 0.12235 ( 1)  0.042
  26 K   0.12587 0.12559 0.12538 0.12518 0.12498 0.12474 0.12442 0.12384 ( 1)  0.042
  27 R   0.12708 0.12641 0.12591 0.12543 0.12494 0.12437 0.12362 0.12225 ( 1)  0.042
  28 R   0.12605 0.12572 0.12546 0.12522 0.12497 0.12468 0.12430 0.12359 ( 1)  0.042
  29 R   0.12574 0.12550 0.12532 0.12516 0.12498 0.12478 0.12451 0.12401 ( 1)  0.042
  30 K   0.12587 0.12559 0.12538 0.12518 0.12498 0.12474 0.12442 0.12384 ( 1)  0.042
  31 G   0.12680 0.12622 0.12579 0.12538 0.12495 0.12446 0.12380 0.12261 ( 1)  0.042
  32 A   0.12621 0.12582 0.12553 0.12526 0.12497 0.12464 0.12420 0.12339 ( 1)  0.042
  33 K   0.05154 0.07542 0.09324 0.10995 0.12738 0.14742 0.17371 0.22134 ( 8)  0.050
  34 L   0.12528 0.12519 0.12512 0.12506 0.12499 0.12492 0.12481 0.12462 ( 1)  0.042
  35 H   0.12612 0.12576 0.12549 0.12524 0.12497 0.12466 0.12426 0.12351 ( 1)  0.042
  36 G   0.12680 0.12622 0.12579 0.12538 0.12495 0.12446 0.12380 0.12261 ( 1)  0.042
  37 E   0.12750 0.12669 0.12609 0.12552 0.12492 0.12424 0.12334 0.12170 ( 1)  0.042
  38 A   0.12621 0.12582 0.12553 0.12526 0.12497 0.12464 0.12420 0.12339 ( 1)  0.042
  39 G   0.12552 0.12535 0.12523 0.12511 0.12499 0.12484 0.12465 0.12430 ( 1)  0.042
  40 A   0.12578 0.12553 0.12534 0.12517 0.12498 0.12476 0.12448 0.12395 ( 1)  0.042
  41 A   0.12548 0.12533 0.12521 0.12510 0.12499 0.12485 0.12468 0.12435 ( 1)  0.042
  42 V   0.12621 0.12582 0.12553 0.12526 0.12497 0.12464 0.12419 0.12339 ( 1)  0.042
  43 C   0.12623 0.12584 0.12554 0.12526 0.12497 0.12463 0.12418 0.12335 ( 1)  0.042
  44 I   0.12629 0.12588 0.12557 0.12527 0.12497 0.12461 0.12414 0.12328 ( 1)  0.042
  45 Q   0.12654 0.12605 0.12568 0.12532 0.12496 0.12453 0.12397 0.12295 ( 1)  0.042
  46 R   0.12661 0.12609 0.12571 0.12534 0.12496 0.12451 0.12393 0.12285 ( 1)  0.042
  47 W   0.12620 0.12582 0.12553 0.12526 0.12497 0.12464 0.12420 0.12339 ( 1)  0.042
  48 F   0.12532 0.12522 0.12514 0.12507 0.12499 0.12490 0.12479 0.12457 ( 1)  0.042
  49 R   0.12661 0.12609 0.12571 0.12534 0.12496 0.12451 0.12393 0.12285 ( 1)  0.042
  50 S   0.12684 0.12625 0.12580 0.12539 0.12495 0.12444 0.12378 0.12255 ( 1)  0.042
  51 N   0.12701 0.12636 0.12588 0.12542 0.12494 0.12439 0.12366 0.12233 ( 1)  0.042
  52 Q   0.12654 0.12605 0.12568 0.12532 0.12496 0.12453 0.12397 0.12295 ( 1)  0.042
  53 K   0.12754 0.12672 0.12610 0.12553 0.12492 0.12423 0.12331 0.12165 ( 1)  0.042


lnL =  -228.079683

