Supplemental results for CODEML (seqf: algn  treef: tree)


dN/dS (w) for site classes (K=9)

p:   0.00000  0.00000  0.00000  0.00000  0.00000  0.00000  0.00000  0.00000  0.99999
w:   0.00000  0.00000  0.00000  0.00000  0.00000  0.00000  0.00000  0.00000  1.00000

Naive Empirical Bayes (NEB) probabilities for 9 classes & postmean_w
(amino acids refer to 1st sequence: Mlig.10398)

   1 I   0.00000 0.00000 0.00000 0.00000 0.00000 0.00000 0.00000 0.00000 1.00000 ( 9)  1.000
   2 S   0.00000 0.00000 0.00000 0.00000 0.00000 0.00000 0.00000 0.00000 1.00000 ( 9)  1.000
   3 E   0.00000 0.00000 0.00000 0.00000 0.00000 0.00000 0.00000 0.00000 1.00000 ( 9)  1.000
   4 L   0.00000 0.00000 0.00000 0.00000 0.00000 0.00000 0.00000 0.00000 1.00000 ( 9)  1.000
   5 Y   0.00000 0.00000 0.00000 0.00000 0.00000 0.00000 0.00000 0.00000 1.00000 ( 9)  1.000
   6 R   0.00000 0.00000 0.00000 0.00000 0.00000 0.00000 0.00000 0.00000 1.00000 ( 9)  1.000
   7 K   0.00000 0.00000 0.00000 0.00000 0.00000 0.00000 0.00000 0.00000 1.00000 ( 9)  1.000
   8 K   0.00000 0.00000 0.00000 0.00000 0.00000 0.00000 0.00000 0.00000 1.00000 ( 9)  1.000
   9 Q   0.00000 0.00000 0.00000 0.00000 0.00000 0.00000 0.00000 0.00000 1.00000 ( 9)  1.000
  10 S   0.00000 0.00000 0.00000 0.00000 0.00000 0.00000 0.00000 0.00000 1.00000 ( 9)  1.000
  11 D   0.00000 0.00000 0.00000 0.00000 0.00000 0.00000 0.00000 0.00000 1.00000 ( 9)  1.000
  12 V   0.00000 0.00000 0.00000 0.00000 0.00000 0.00000 0.00000 0.00000 1.00000 ( 9)  1.000
  13 M   0.00000 0.00000 0.00000 0.00000 0.00000 0.00000 0.00000 0.00000 1.00000 ( 9)  1.000
  14 R   0.00000 0.00000 0.00000 0.00000 0.00000 0.00000 0.00000 0.00000 1.00000 ( 9)  1.000
  15 F   0.00000 0.00000 0.00000 0.00000 0.00000 0.00000 0.00000 0.00000 1.00000 ( 9)  1.000
  16 I   0.00000 0.00000 0.00000 0.00000 0.00000 0.00000 0.00000 0.00000 1.00000 ( 9)  1.000
  17 L   0.00000 0.00000 0.00000 0.00000 0.00000 0.00000 0.00000 0.00000 1.00000 ( 9)  1.000
  18 R   0.00000 0.00000 0.00000 0.00000 0.00000 0.00000 0.00000 0.00000 1.00000 ( 9)  1.000
  19 L   0.00000 0.00000 0.00000 0.00000 0.00000 0.00000 0.00000 0.00000 1.00000 ( 9)  1.000
  20 R   0.00000 0.00000 0.00000 0.00000 0.00000 0.00000 0.00000 0.00000 1.00000 ( 9)  1.000
  21 C   0.00000 0.00000 0.00000 0.00000 0.00000 0.00000 0.00000 0.00000 1.00000 ( 9)  1.000
  22 W   0.00000 0.00000 0.00000 0.00000 0.00000 0.00000 0.00000 0.00000 1.00000 ( 9)  1.000
  23 H   0.00000 0.00000 0.00000 0.00000 0.00000 0.00000 0.00000 0.00000 1.00000 ( 9)  1.000
  24 L   0.00000 0.00000 0.00000 0.00000 0.00000 0.00000 0.00000 0.00000 1.00000 ( 9)  1.000
  25 R   0.00000 0.00000 0.00000 0.00000 0.00000 0.00000 0.00000 0.00000 1.00000 ( 9)  1.000
  26 Q   0.00000 0.00000 0.00000 0.00000 0.00000 0.00000 0.00000 0.00000 1.00000 ( 9)  1.000
  27 R   0.00000 0.00000 0.00000 0.00000 0.00000 0.00000 0.00000 0.00000 1.00000 ( 9)  1.000
  28 H   0.00000 0.00000 0.00000 0.00000 0.00000 0.00000 0.00000 0.00000 1.00000 ( 9)  1.000
  29 V   0.00000 0.00000 0.00000 0.00000 0.00000 0.00000 0.00000 0.00000 1.00000 ( 9)  1.000
  30 I   0.00000 0.00000 0.00000 0.00000 0.00000 0.00000 0.00000 0.00000 1.00000 ( 9)  1.000
  31 H   0.00000 0.00000 0.00000 0.00000 0.00000 0.00000 0.00000 0.00000 1.00000 ( 9)  1.000
  32 R   0.00000 0.00000 0.00000 0.00000 0.00000 0.00000 0.00000 0.00000 1.00000 ( 9)  1.000
  33 A   0.00000 0.00000 0.00000 0.00000 0.00000 0.00000 0.00000 0.00000 1.00000 ( 9)  1.000
  34 T   0.00000 0.00000 0.00000 0.00000 0.00000 0.00000 0.00000 0.00000 1.00000 ( 9)  1.000
  35 K   0.00000 0.00000 0.00000 0.00000 0.00000 0.00000 0.00000 0.00000 1.00000 ( 9)  1.000
  36 P   0.00000 0.00000 0.00000 0.00000 0.00000 0.00000 0.00000 0.00000 1.00000 ( 9)  1.000
  37 T   0.00000 0.00000 0.00000 0.00000 0.00000 0.00000 0.00000 0.00000 1.00000 ( 9)  1.000
  38 R   0.00000 0.00000 0.00000 0.00000 0.00000 0.00000 0.00000 0.00000 1.00000 ( 9)  1.000
  39 P   0.00000 0.00000 0.00000 0.00000 0.00000 0.00000 0.00000 0.00000 1.00000 ( 9)  1.000
  40 D   0.00000 0.00000 0.00000 0.00000 0.00000 0.00000 0.00000 0.00000 1.00000 ( 9)  1.000
  41 R   0.00000 0.00000 0.00000 0.00000 0.00000 0.00000 0.00000 0.00000 1.00000 ( 9)  1.000
  42 A   0.00000 0.00000 0.00000 0.00000 0.00000 0.00000 0.00000 0.00000 1.00000 ( 9)  1.000
  43 R   0.00000 0.00000 0.00000 0.00000 0.00000 0.00000 0.00000 0.00000 1.00000 ( 9)  1.000
  44 R   0.00000 0.00000 0.00000 0.00000 0.00000 0.00000 0.00000 0.00000 1.00000 ( 9)  1.000
  45 L   0.00000 0.00000 0.00000 0.00000 0.00000 0.00000 0.00000 0.00000 1.00000 ( 9)  1.000
  46 G   0.00000 0.00000 0.00000 0.00000 0.00000 0.00000 0.00000 0.00000 1.00000 ( 9)  1.000
  47 Y   0.00000 0.00000 0.00000 0.00000 0.00000 0.00000 0.00000 0.00000 1.00000 ( 9)  1.000
  48 K   0.00000 0.00000 0.00000 0.00000 0.00000 0.00000 0.00000 0.00000 1.00000 ( 9)  1.000
  49 A   0.00000 0.00000 0.00000 0.00000 0.00000 0.00000 0.00000 0.00000 1.00000 ( 9)  1.000
  50 K   0.00000 0.00000 0.00000 0.00000 0.00000 0.00000 0.00000 0.00000 1.00000 ( 9)  1.000
  51 Q   0.00000 0.00000 0.00000 0.00000 0.00000 0.00000 0.00000 0.00000 1.00000 ( 9)  1.000
  52 G   0.00000 0.00000 0.00000 0.00000 0.00000 0.00000 0.00000 0.00000 1.00000 ( 9)  1.000
  53 F   0.00000 0.00000 0.00000 0.00000 0.00000 0.00000 0.00000 0.00000 1.00000 ( 9)  1.000
  54 V   0.00000 0.00000 0.00000 0.00000 0.00000 0.00000 0.00000 0.00000 1.00000 ( 9)  1.000
  55 I   0.00000 0.00000 0.00000 0.00000 0.00000 0.00000 0.00000 0.00000 1.00000 ( 9)  1.000
  56 Y   0.00000 0.00000 0.00000 0.00000 0.00000 0.00000 0.00000 0.00000 1.00000 ( 9)  1.000
  57 R   0.00000 0.00000 0.00000 0.00000 0.00000 0.00000 0.00000 0.00000 1.00000 ( 9)  1.000
  58 I   0.00000 0.00000 0.00000 0.00000 0.00000 0.00000 0.00000 0.00000 1.00000 ( 9)  1.000
  59 R   0.00000 0.00000 0.00000 0.00000 0.00000 0.00000 0.00000 0.00000 1.00000 ( 9)  1.000
  60 I   0.00000 0.00000 0.00000 0.00000 0.00000 0.00000 0.00000 0.00000 1.00000 ( 9)  1.000
  61 R   0.00000 0.00000 0.00000 0.00000 0.00000 0.00000 0.00000 0.00000 1.00000 ( 9)  1.000
  62 R   0.00000 0.00000 0.00000 0.00000 0.00000 0.00000 0.00000 0.00000 1.00000 ( 9)  1.000
  63 G   0.00000 0.00000 0.00000 0.00000 0.00000 0.00000 0.00000 0.00000 1.00000 ( 9)  1.000
  64 G   0.00000 0.00000 0.00000 0.00000 0.00000 0.00000 0.00000 0.00000 1.00000 ( 9)  1.000
  65 R   0.00000 0.00000 0.00000 0.00000 0.00000 0.00000 0.00000 0.00000 1.00000 ( 9)  1.000
  66 K   0.00000 0.00000 0.00000 0.00000 0.00000 0.00000 0.00000 0.00000 1.00000 ( 9)  1.000

Positively selected sites

	Prob(w>1)  mean w



lnL = -1190.551535

Bayes Empirical Bayes (BEB) probabilities for 11 classes (class) & postmean_w
(amino acids refer to 1st sequence: Mlig.10398)

   1 I   0.00386 0.02261 0.02513 0.02494 0.02543 0.02687 0.02928 0.03315 0.04087 0.15724 0.61060 (11)  3.934 +-  3.428
   2 S   0.00000 0.00106 0.00544 0.01120 0.01675 0.02194 0.02715 0.03324 0.04291 0.16314 0.67715 (11)  4.323 +-  3.394
   3 E   0.00000 0.00073 0.00435 0.01026 0.01677 0.02300 0.02895 0.03545 0.04536 0.16934 0.66578 (11)  4.262 +-  3.394
   4 L   0.00004 0.00179 0.00680 0.01312 0.01919 0.02464 0.02980 0.03561 0.04492 0.16764 0.65645 (11)  4.209 +-  3.400
   5 Y   0.00327 0.01270 0.01449 0.01756 0.02121 0.02491 0.02885 0.03382 0.04244 0.16149 0.63924 (11)  4.103 +-  3.417
   6 R   0.00007 0.00395 0.01132 0.01759 0.02247 0.02657 0.03059 0.03551 0.04410 0.16507 0.64275 (11)  4.129 +-  3.408
   7 K   0.00001 0.00124 0.00634 0.01299 0.01913 0.02448 0.02953 0.03526 0.04454 0.16666 0.65983 (11)  4.228 +-  3.399
   8 K   0.00932 0.04363 0.04783 0.04366 0.03887 0.03535 0.03359 0.03407 0.03879 0.14830 0.52657 (11)  3.448 +-  3.408
   9 Q   0.00065 0.01156 0.02162 0.02598 0.02789 0.02937 0.03138 0.03480 0.04215 0.15932 0.61528 (11)  3.968 +-  3.421
  10 S   0.00000 0.00025 0.00263 0.00790 0.01448 0.02115 0.02765 0.03467 0.04502 0.16889 0.67736 (11)  4.327 +-  3.388
  11 D   0.00001 0.00172 0.00669 0.01250 0.01797 0.02298 0.02789 0.03355 0.04269 0.16126 0.67273 (11)  4.303 +-  3.400
  12 V   0.00003 0.00287 0.00966 0.01664 0.02254 0.02743 0.03188 0.03697 0.04559 0.16852 0.63786 (11)  4.106 +-  3.405
  13 M   0.00002 0.00196 0.00762 0.01366 0.01893 0.02368 0.02843 0.03405 0.04329 0.16359 0.66477 (11)  4.254 +-  3.401
  14 R   0.00007 0.00356 0.01067 0.01692 0.02179 0.02593 0.03003 0.03505 0.04375 0.16431 0.64794 (11)  4.158 +-  3.407
  15 F   0.00008 0.00474 0.01279 0.01886 0.02317 0.02678 0.03048 0.03519 0.04365 0.16397 0.64029 (11)  4.114 +-  3.410
  16 I   0.00060 0.00876 0.01532 0.01958 0.02283 0.02583 0.02915 0.03364 0.04186 0.15919 0.64324 (11)  4.129 +-  3.417
  17 L   0.00164 0.01565 0.02570 0.02901 0.03011 0.03112 0.03283 0.03601 0.04316 0.16220 0.59257 (11)  3.839 +-  3.418
  18 R   0.00010 0.00420 0.01060 0.01619 0.02095 0.02522 0.02952 0.03472 0.04357 0.16406 0.65086 (11)  4.174 +-  3.407
  19 L   0.05427 0.03606 0.02635 0.02374 0.02366 0.02481 0.02694 0.03048 0.03769 0.14848 0.56751 (11)  3.664 +-  3.448
  20 R   0.01978 0.02390 0.02242 0.02255 0.02378 0.02575 0.02848 0.03253 0.04032 0.15577 0.60470 (11)  3.894 +-  3.436
  21 C   0.00099 0.00932 0.01580 0.02014 0.02355 0.02671 0.03015 0.03469 0.04299 0.16245 0.63321 (11)  4.071 +-  3.415
  22 W   0.00414 0.03114 0.03551 0.03197 0.02924 0.02837 0.02919 0.03197 0.03879 0.15128 0.58839 (11)  3.802 +-  3.434
  23 H   0.00002 0.00164 0.00641 0.01245 0.01836 0.02378 0.02901 0.03493 0.04437 0.16643 0.66261 (11)  4.243 +-  3.398
  24 L   0.00398 0.01244 0.01669 0.02010 0.02322 0.02630 0.02971 0.03423 0.04249 0.16124 0.62961 (11)  4.048 +-  3.420
  25 R   0.01576 0.01883 0.01932 0.02106 0.02330 0.02587 0.02895 0.03323 0.04124 0.15808 0.61436 (11)  3.953 +-  3.431
  26 Q   0.00814 0.01690 0.01945 0.02155 0.02378 0.02630 0.02936 0.03365 0.04169 0.15925 0.61991 (11)  3.989 +-  3.426
  27 R   0.03074 0.02000 0.01864 0.01990 0.02207 0.02472 0.02793 0.03232 0.04039 0.15602 0.60728 (11)  3.906 +-  3.439
  28 H   0.00158 0.01191 0.01724 0.02030 0.02306 0.02599 0.02939 0.03397 0.04232 0.16101 0.63323 (11)  4.069 +-  3.418
  29 V   0.00002 0.00287 0.00973 0.01619 0.02142 0.02585 0.03014 0.03528 0.04405 0.16502 0.64943 (11)  4.167 +-  3.405
  30 I   0.00067 0.00992 0.01651 0.02030 0.02332 0.02630 0.02969 0.03426 0.04258 0.16154 0.63490 (11)  4.080 +-  3.416
  31 H   0.00134 0.00774 0.01414 0.01908 0.02300 0.02649 0.03014 0.03483 0.04324 0.16304 0.63697 (11)  4.093 +-  3.413
  32 R   0.00162 0.00996 0.01556 0.01956 0.02296 0.02622 0.02977 0.03442 0.04279 0.16202 0.63513 (11)  4.081 +-  3.416
  33 A   0.00001 0.00280 0.01005 0.01666 0.02181 0.02613 0.03031 0.03535 0.04406 0.16498 0.64784 (11)  4.159 +-  3.406
  34 T   0.00078 0.01063 0.01767 0.02135 0.02410 0.02683 0.03002 0.03442 0.04261 0.16152 0.63008 (11)  4.052 +-  3.417
  35 K   0.00009 0.00428 0.01181 0.01798 0.02257 0.02640 0.03023 0.03504 0.04357 0.16376 0.64428 (11)  4.137 +-  3.409
  36 P   0.00039 0.00697 0.01400 0.01898 0.02286 0.02637 0.03006 0.03480 0.04326 0.16315 0.63915 (11)  4.106 +-  3.412
  37 T   0.06197 0.03511 0.02445 0.02248 0.02267 0.02399 0.02629 0.02999 0.03735 0.14782 0.56789 (11)  3.662 +-  3.451
  38 R   0.00088 0.00903 0.01564 0.01983 0.02314 0.02630 0.02979 0.03440 0.04276 0.16193 0.63630 (11)  4.088 +-  3.415
  39 P   0.03904 0.02602 0.02268 0.02242 0.02339 0.02517 0.02774 0.03166 0.03929 0.15296 0.58962 (11)  3.800 +-  3.444
  40 D   0.00010 0.00408 0.01037 0.01615 0.02112 0.02551 0.02982 0.03498 0.04378 0.16445 0.64965 (11)  4.168 +-  3.406
  41 R   0.00052 0.00457 0.00991 0.01525 0.02020 0.02479 0.02937 0.03480 0.04383 0.16492 0.65185 (11)  4.180 +-  3.406
  42 A   0.00015 0.00469 0.01227 0.01841 0.02286 0.02650 0.03013 0.03474 0.04305 0.16192 0.64528 (11)  4.144 +-  3.411
  43 R   0.00186 0.01133 0.01665 0.02029 0.02341 0.02647 0.02987 0.03441 0.04269 0.16177 0.63124 (11)  4.058 +-  3.417
  44 R   0.00656 0.01580 0.01954 0.02201 0.02429 0.02675 0.02973 0.03395 0.04195 0.15983 0.61959 (11)  3.988 +-  3.424
  45 L   0.00210 0.01475 0.02019 0.02267 0.02472 0.02697 0.02978 0.03385 0.04171 0.15881 0.62444 (11)  4.020 +-  3.424
  46 G   0.00064 0.00825 0.01485 0.01930 0.02284 0.02614 0.02971 0.03436 0.04274 0.16169 0.63948 (11)  4.109 +-  3.415
  47 Y   0.00010 0.00524 0.01292 0.01874 0.02318 0.02697 0.03075 0.03546 0.04388 0.16442 0.63834 (11)  4.103 +-  3.410
  48 K   0.00002 0.00213 0.00808 0.01469 0.02043 0.02531 0.02993 0.03531 0.04429 0.16574 0.65407 (11)  4.194 +-  3.403
  49 A   0.00117 0.00819 0.01188 0.01584 0.02031 0.02472 0.02918 0.03450 0.04341 0.16391 0.64690 (11)  4.150 +-  3.410
  50 K   0.00089 0.01539 0.02843 0.03282 0.03318 0.03279 0.03315 0.03523 0.04147 0.15637 0.59030 (11)  3.825 +-  3.422
  51 Q   0.00215 0.01693 0.02337 0.02548 0.02667 0.02811 0.03031 0.03396 0.04151 0.15834 0.61315 (11)  3.952 +-  3.425
  52 G   0.00002 0.00139 0.00595 0.01232 0.01867 0.02435 0.02964 0.03550 0.04483 0.16728 0.66005 (11)  4.229 +-  3.398
  53 F   0.00001 0.00252 0.00956 0.01641 0.02184 0.02630 0.03054 0.03561 0.04432 0.16563 0.64725 (11)  4.156 +-  3.405
  54 V   0.00353 0.02744 0.02849 0.02635 0.02589 0.02687 0.02902 0.03273 0.04030 0.15586 0.60352 (11)  3.891 +-  3.431
  55 I   0.00372 0.02500 0.02580 0.02456 0.02490 0.02645 0.02899 0.03297 0.04075 0.15712 0.60974 (11)  3.928 +-  3.429
  56 Y   0.00042 0.00868 0.01676 0.02166 0.02487 0.02764 0.03072 0.03498 0.04305 0.16233 0.62888 (11)  4.047 +-  3.415
  57 R   0.00003 0.00233 0.00832 0.01470 0.02025 0.02509 0.02974 0.03517 0.04419 0.16557 0.65463 (11)  4.197 +-  3.403
  58 I   0.00062 0.00757 0.01506 0.02004 0.02362 0.02680 0.03024 0.03478 0.04309 0.16259 0.63559 (11)  4.085 +-  3.414
  59 R   0.00344 0.01694 0.02037 0.02221 0.02422 0.02661 0.02959 0.03383 0.04186 0.15973 0.62119 (11)  3.998 +-  3.423
  60 I   0.02558 0.03268 0.02429 0.02252 0.02326 0.02510 0.02778 0.03178 0.03949 0.15380 0.59372 (11)  3.825 +-  3.441
  61 R   0.00221 0.01464 0.01942 0.02195 0.02426 0.02680 0.02987 0.03416 0.04225 0.16069 0.62375 (11)  4.014 +-  3.421
  62 R   0.01057 0.02026 0.02170 0.02284 0.02443 0.02652 0.02929 0.03337 0.04123 0.15809 0.61170 (11)  3.939 +-  3.429
  63 G   0.00133 0.01602 0.02212 0.02386 0.02531 0.02724 0.02991 0.03395 0.04183 0.15956 0.61886 (11)  3.985 +-  3.423
  64 G   0.08615 0.07151 0.04573 0.03403 0.02862 0.02630 0.02595 0.02751 0.03270 0.13253 0.48897 (11)  3.197 +-  3.420
  65 R   0.00846 0.02049 0.02302 0.02401 0.02518 0.02685 0.02924 0.03298 0.04050 0.15536 0.61392 (11)  3.957 +-  3.434
  66 K   0.00000 0.00074 0.00428 0.00986 0.01588 0.02170 0.02740 0.03377 0.04360 0.16466 0.67809 (11)  4.331 +-  3.392

Positively selected sites

	Prob(w>1)  mean w

     1 I      0.611         3.934 +- 3.428
     2 S      0.677         4.323 +- 3.394
     3 E      0.666         4.262 +- 3.394
     4 L      0.656         4.209 +- 3.400
     5 Y      0.639         4.103 +- 3.417
     6 R      0.643         4.129 +- 3.408
     7 K      0.660         4.228 +- 3.399
     8 K      0.527         3.448 +- 3.408
     9 Q      0.615         3.968 +- 3.421
    10 S      0.677         4.327 +- 3.388
    11 D      0.673         4.303 +- 3.400
    12 V      0.638         4.106 +- 3.405
    13 M      0.665         4.254 +- 3.401
    14 R      0.648         4.158 +- 3.407
    15 F      0.640         4.114 +- 3.410
    16 I      0.643         4.129 +- 3.417
    17 L      0.593         3.839 +- 3.418
    18 R      0.651         4.174 +- 3.407
    19 L      0.568         3.664 +- 3.448
    20 R      0.605         3.894 +- 3.436
    21 C      0.633         4.071 +- 3.415
    22 W      0.588         3.802 +- 3.434
    23 H      0.663         4.243 +- 3.398
    24 L      0.630         4.048 +- 3.420
    25 R      0.614         3.953 +- 3.431
    26 Q      0.620         3.989 +- 3.426
    27 R      0.607         3.906 +- 3.439
    28 H      0.633         4.069 +- 3.418
    29 V      0.649         4.167 +- 3.405
    30 I      0.635         4.080 +- 3.416
    31 H      0.637         4.093 +- 3.413
    32 R      0.635         4.081 +- 3.416
    33 A      0.648         4.159 +- 3.406
    34 T      0.630         4.052 +- 3.417
    35 K      0.644         4.137 +- 3.409
    36 P      0.639         4.106 +- 3.412
    37 T      0.568         3.662 +- 3.451
    38 R      0.636         4.088 +- 3.415
    39 P      0.590         3.800 +- 3.444
    40 D      0.650         4.168 +- 3.406
    41 R      0.652         4.180 +- 3.406
    42 A      0.645         4.144 +- 3.411
    43 R      0.631         4.058 +- 3.417
    44 R      0.620         3.988 +- 3.424
    45 L      0.624         4.020 +- 3.424
    46 G      0.639         4.109 +- 3.415
    47 Y      0.638         4.103 +- 3.410
    48 K      0.654         4.194 +- 3.403
    49 A      0.647         4.150 +- 3.410
    50 K      0.590         3.825 +- 3.422
    51 Q      0.613         3.952 +- 3.425
    52 G      0.660         4.229 +- 3.398
    53 F      0.647         4.156 +- 3.405
    54 V      0.604         3.891 +- 3.431
    55 I      0.610         3.928 +- 3.429
    56 Y      0.629         4.047 +- 3.415
    57 R      0.655         4.197 +- 3.403
    58 I      0.636         4.085 +- 3.414
    59 R      0.621         3.998 +- 3.423
    60 I      0.594         3.825 +- 3.441
    61 R      0.624         4.014 +- 3.421
    62 R      0.612         3.939 +- 3.429
    63 G      0.619         3.985 +- 3.423
    65 R      0.614         3.957 +- 3.434
    66 K      0.678         4.331 +- 3.392

