Supplemental results for CODEML (seqf: algn  treef: tree)


dN/dS (w) for site classes (K=9)

p:   0.12500  0.12500  0.12500  0.12500  0.12500  0.12500  0.12500  0.12500  0.00001
w:   0.00028  0.00524  0.02070  0.05185  0.10504  0.19018  0.32733  0.58213  1.68643
(note that p[8] is zero)


Naive Empirical Bayes (NEB) probabilities for 9 classes & postmean_w & P(w>1)
(amino acids refer to 1st sequence: Hdim.3410)

   1 A   0.12500 0.12500 0.12500 0.12500 0.12500 0.12500 0.12500 0.12500 0.00001 ( 1)  0.160  0.000
   2 C   0.12500 0.12500 0.12500 0.12500 0.12500 0.12500 0.12500 0.12500 0.00001 ( 1)  0.160  0.000
   3 H   0.12500 0.12500 0.12500 0.12500 0.12500 0.12500 0.12500 0.12500 0.00001 ( 1)  0.160  0.000
   4 Q   0.12500 0.12500 0.12500 0.12500 0.12500 0.12500 0.12500 0.12500 0.00001 ( 1)  0.160  0.000
   5 V   0.12500 0.12500 0.12500 0.12500 0.12500 0.12500 0.12500 0.12500 0.00001 ( 1)  0.160  0.000
   6 T   0.12500 0.12500 0.12500 0.12500 0.12500 0.12500 0.12500 0.12500 0.00001 ( 1)  0.160  0.000
   7 S   0.12500 0.12500 0.12500 0.12500 0.12500 0.12500 0.12500 0.12500 0.00001 ( 1)  0.160  0.000
   8 L   0.12500 0.12500 0.12500 0.12500 0.12500 0.12500 0.12500 0.12500 0.00001 ( 1)  0.160  0.000
   9 L   0.12500 0.12500 0.12500 0.12500 0.12500 0.12500 0.12500 0.12500 0.00001 ( 1)  0.160  0.000
  10 P   0.12500 0.12500 0.12500 0.12500 0.12500 0.12500 0.12500 0.12500 0.00001 ( 1)  0.160  0.000
  11 L   0.12500 0.12500 0.12500 0.12500 0.12500 0.12500 0.12500 0.12500 0.00001 ( 1)  0.160  0.000
  12 S   0.12500 0.12500 0.12500 0.12500 0.12500 0.12500 0.12500 0.12500 0.00001 ( 1)  0.160  0.000
  13 S   0.12500 0.12500 0.12500 0.12500 0.12500 0.12500 0.12500 0.12500 0.00001 ( 1)  0.160  0.000
  14 L   0.12500 0.12500 0.12500 0.12500 0.12500 0.12500 0.12500 0.12500 0.00001 ( 1)  0.160  0.000
  15 L   0.12500 0.12500 0.12500 0.12500 0.12500 0.12500 0.12500 0.12500 0.00001 ( 1)  0.160  0.000
  16 S   0.12500 0.12500 0.12500 0.12500 0.12500 0.12500 0.12500 0.12500 0.00001 ( 1)  0.160  0.000
  17 T   0.12500 0.12500 0.12500 0.12500 0.12500 0.12500 0.12500 0.12500 0.00001 ( 1)  0.160  0.000
  18 S   0.12500 0.12500 0.12500 0.12500 0.12500 0.12500 0.12500 0.12500 0.00001 ( 1)  0.160  0.000
  19 F   0.12500 0.12500 0.12500 0.12500 0.12500 0.12500 0.12500 0.12500 0.00001 ( 1)  0.160  0.000
  20 T   0.12500 0.12500 0.12500 0.12500 0.12500 0.12500 0.12500 0.12500 0.00001 ( 1)  0.160  0.000
  21 I   0.12500 0.12500 0.12500 0.12500 0.12500 0.12500 0.12500 0.12500 0.00001 ( 1)  0.160  0.000
  22 G   0.12500 0.12500 0.12500 0.12500 0.12500 0.12500 0.12500 0.12500 0.00001 ( 1)  0.160  0.000
  23 L   0.12500 0.12500 0.12500 0.12500 0.12500 0.12500 0.12500 0.12500 0.00001 ( 1)  0.160  0.000
  24 C   0.12500 0.12500 0.12500 0.12500 0.12500 0.12500 0.12500 0.12500 0.00001 ( 1)  0.160  0.000
  25 F   0.12500 0.12500 0.12500 0.12500 0.12500 0.12500 0.12500 0.12500 0.00001 ( 1)  0.160  0.000
  26 S   0.12500 0.12500 0.12500 0.12500 0.12500 0.12500 0.12500 0.12500 0.00001 ( 1)  0.160  0.000
  27 K   0.12500 0.12500 0.12500 0.12500 0.12500 0.12500 0.12500 0.12500 0.00001 ( 1)  0.160  0.000
  28 P   0.12500 0.12500 0.12500 0.12500 0.12500 0.12500 0.12500 0.12500 0.00001 ( 1)  0.160  0.000
  29 D   0.12500 0.12500 0.12500 0.12500 0.12500 0.12500 0.12500 0.12500 0.00001 ( 1)  0.160  0.000
  30 A   0.12500 0.12500 0.12500 0.12500 0.12500 0.12500 0.12500 0.12500 0.00001 ( 1)  0.160  0.000
  31 Q   0.12500 0.12500 0.12500 0.12500 0.12500 0.12500 0.12500 0.12500 0.00001 ( 1)  0.160  0.000
  32 P   0.12500 0.12500 0.12500 0.12500 0.12500 0.12500 0.12500 0.12500 0.00001 ( 1)  0.160  0.000
  33 S   0.12500 0.12500 0.12500 0.12500 0.12500 0.12500 0.12500 0.12500 0.00001 ( 1)  0.160  0.000
  34 V   0.12500 0.12500 0.12500 0.12500 0.12500 0.12500 0.12500 0.12500 0.00001 ( 1)  0.160  0.000
  35 E   0.12500 0.12500 0.12500 0.12500 0.12500 0.12500 0.12500 0.12500 0.00001 ( 1)  0.160  0.000
  36 N   0.12500 0.12500 0.12500 0.12500 0.12500 0.12500 0.12500 0.12500 0.00001 ( 1)  0.160  0.000
  37 R   0.12500 0.12500 0.12500 0.12500 0.12500 0.12500 0.12500 0.12500 0.00001 ( 1)  0.160  0.000
  38 R   0.12500 0.12500 0.12500 0.12500 0.12500 0.12500 0.12500 0.12500 0.00001 ( 1)  0.160  0.000
  39 R   0.12500 0.12500 0.12500 0.12500 0.12500 0.12500 0.12500 0.12500 0.00001 ( 1)  0.160  0.000
  40 H   0.12500 0.12500 0.12500 0.12500 0.12500 0.12500 0.12500 0.12500 0.00001 ( 1)  0.160  0.000
  41 V   0.12500 0.12500 0.12500 0.12500 0.12500 0.12500 0.12500 0.12500 0.00001 ( 1)  0.160  0.000
  42 I   0.12500 0.12500 0.12500 0.12500 0.12500 0.12500 0.12500 0.12500 0.00001 ( 1)  0.160  0.000
  43 L   0.12500 0.12500 0.12500 0.12500 0.12500 0.12500 0.12500 0.12500 0.00001 ( 1)  0.160  0.000
  44 N   0.12500 0.12500 0.12500 0.12500 0.12500 0.12500 0.12500 0.12500 0.00001 ( 1)  0.160  0.000
  45 M   0.12500 0.12500 0.12500 0.12500 0.12500 0.12500 0.12500 0.12500 0.00001 ( 1)  0.160  0.000
  46 L   0.12500 0.12500 0.12500 0.12500 0.12500 0.12500 0.12500 0.12500 0.00001 ( 1)  0.160  0.000
  47 F   0.12500 0.12500 0.12500 0.12500 0.12500 0.12500 0.12500 0.12500 0.00001 ( 1)  0.160  0.000
  48 P   0.12500 0.12500 0.12500 0.12500 0.12500 0.12500 0.12500 0.12500 0.00001 ( 1)  0.160  0.000
  49 V   0.12500 0.12500 0.12500 0.12500 0.12500 0.12500 0.12500 0.12500 0.00001 ( 1)  0.160  0.000
  50 L   0.12500 0.12500 0.12500 0.12500 0.12500 0.12500 0.12500 0.12500 0.00001 ( 1)  0.160  0.000
  51 A   0.12500 0.12500 0.12500 0.12500 0.12500 0.12500 0.12500 0.12500 0.00001 ( 1)  0.160  0.000
  52 F   0.12500 0.12500 0.12500 0.12500 0.12500 0.12500 0.12500 0.12500 0.00001 ( 1)  0.160  0.000
  53 A   0.12500 0.12500 0.12500 0.12500 0.12500 0.12500 0.12500 0.12500 0.00001 ( 1)  0.160  0.000
  54 T   0.12500 0.12500 0.12500 0.12500 0.12500 0.12500 0.12500 0.12500 0.00001 ( 1)  0.160  0.000
  55 P   0.12500 0.12500 0.12500 0.12500 0.12500 0.12500 0.12500 0.12500 0.00001 ( 1)  0.160  0.000
  56 N   0.12500 0.12500 0.12500 0.12500 0.12500 0.12500 0.12500 0.12500 0.00001 ( 1)  0.160  0.000
  57 E   0.12500 0.12500 0.12500 0.12500 0.12500 0.12500 0.12500 0.12500 0.00001 ( 1)  0.160  0.000
  58 A   0.12500 0.12500 0.12500 0.12500 0.12500 0.12500 0.12500 0.12500 0.00001 ( 1)  0.160  0.000
  59 K   0.12500 0.12500 0.12500 0.12500 0.12500 0.12500 0.12500 0.12500 0.00001 ( 1)  0.160  0.000
  60 T   0.12500 0.12500 0.12500 0.12500 0.12500 0.12500 0.12500 0.12500 0.00001 ( 1)  0.160  0.000
  61 L   0.12500 0.12500 0.12500 0.12500 0.12500 0.12500 0.12500 0.12500 0.00001 ( 1)  0.160  0.000
  62 P   0.12500 0.12500 0.12500 0.12500 0.12500 0.12500 0.12500 0.12500 0.00001 ( 1)  0.160  0.000
  63 S   0.12500 0.12500 0.12500 0.12500 0.12500 0.12500 0.12500 0.12500 0.00001 ( 1)  0.160  0.000
  64 P   0.12500 0.12500 0.12500 0.12500 0.12500 0.12500 0.12500 0.12500 0.00001 ( 1)  0.160  0.000
  65 K   0.12500 0.12500 0.12500 0.12500 0.12500 0.12500 0.12500 0.12500 0.00001 ( 1)  0.160  0.000
  66 C   0.12500 0.12500 0.12500 0.12500 0.12500 0.12500 0.12500 0.12500 0.00001 ( 1)  0.160  0.000
  67 P   0.12500 0.12500 0.12500 0.12500 0.12500 0.12500 0.12500 0.12500 0.00001 ( 1)  0.160  0.000
  68 I   0.12500 0.12500 0.12500 0.12500 0.12500 0.12500 0.12500 0.12500 0.00001 ( 1)  0.160  0.000
  69 F   0.12500 0.12500 0.12500 0.12500 0.12500 0.12500 0.12500 0.12500 0.00001 ( 1)  0.160  0.000
  70 F   0.12500 0.12500 0.12500 0.12500 0.12500 0.12500 0.12500 0.12500 0.00001 ( 1)  0.160  0.000
  71 C   0.12500 0.12500 0.12500 0.12500 0.12500 0.12500 0.12500 0.12500 0.00001 ( 1)  0.160  0.000
  72 G   0.12500 0.12500 0.12500 0.12500 0.12500 0.12500 0.12500 0.12500 0.00001 ( 1)  0.160  0.000
  73 V   0.12500 0.12500 0.12500 0.12500 0.12500 0.12500 0.12500 0.12500 0.00001 ( 1)  0.160  0.000
  74 H   0.12500 0.12500 0.12500 0.12500 0.12500 0.12500 0.12500 0.12500 0.00001 ( 1)  0.160  0.000
  75 N   0.12500 0.12500 0.12500 0.12500 0.12500 0.12500 0.12500 0.12500 0.00001 ( 1)  0.160  0.000
  76 A   0.12500 0.12500 0.12500 0.12500 0.12500 0.12500 0.12500 0.12500 0.00001 ( 1)  0.160  0.000
  77 T   0.12500 0.12500 0.12500 0.12500 0.12500 0.12500 0.12500 0.12500 0.00001 ( 1)  0.160  0.000
  78 K   0.12500 0.12500 0.12500 0.12500 0.12500 0.12500 0.12500 0.12500 0.00001 ( 1)  0.160  0.000
  79 A   0.12500 0.12500 0.12500 0.12500 0.12500 0.12500 0.12500 0.12500 0.00001 ( 1)  0.160  0.000
  80 D   0.12500 0.12500 0.12500 0.12500 0.12500 0.12500 0.12500 0.12500 0.00001 ( 1)  0.160  0.000
  81 Q   0.12500 0.12500 0.12500 0.12500 0.12500 0.12500 0.12500 0.12500 0.00001 ( 1)  0.160  0.000
  82 G   0.12500 0.12500 0.12500 0.12500 0.12500 0.12500 0.12500 0.12500 0.00001 ( 1)  0.160  0.000
  83 N   0.12500 0.12500 0.12500 0.12500 0.12500 0.12500 0.12500 0.12500 0.00001 ( 1)  0.160  0.000
  84 L   0.12500 0.12500 0.12500 0.12500 0.12500 0.12500 0.12500 0.12500 0.00001 ( 1)  0.160  0.000
  85 T   0.12500 0.12500 0.12500 0.12500 0.12500 0.12500 0.12500 0.12500 0.00001 ( 1)  0.160  0.000
  86 C   0.12500 0.12500 0.12500 0.12500 0.12500 0.12500 0.12500 0.12500 0.00001 ( 1)  0.160  0.000
  87 S   0.12500 0.12500 0.12500 0.12500 0.12500 0.12500 0.12500 0.12500 0.00001 ( 1)  0.160  0.000
  88 R   0.12500 0.12500 0.12500 0.12500 0.12500 0.12500 0.12500 0.12500 0.00001 ( 1)  0.160  0.000
  89 A   0.12500 0.12500 0.12500 0.12500 0.12500 0.12500 0.12500 0.12500 0.00001 ( 1)  0.160  0.000
  90 F   0.12500 0.12500 0.12500 0.12500 0.12500 0.12500 0.12500 0.12500 0.00001 ( 1)  0.160  0.000
  91 W   0.12500 0.12500 0.12500 0.12500 0.12500 0.12500 0.12500 0.12500 0.00001 ( 1)  0.160  0.000
  92 K   0.12500 0.12500 0.12500 0.12500 0.12500 0.12500 0.12500 0.12500 0.00001 ( 1)  0.160  0.000
  93 V   0.12500 0.12500 0.12500 0.12500 0.12500 0.12500 0.12500 0.12500 0.00001 ( 1)  0.160  0.000

Positively selected sites

	Prob(w>1)  mean w



lnL =  -377.693803

Bayes Empirical Bayes (BEB) probabilities for 11 classes (class) & postmean_w
(amino acids refer to 1st sequence: Hdim.3410)

   1 A   0.10049 0.03976 0.03725 0.03658 0.03641 0.03641 0.03658 0.03724 0.03975 0.10043 0.49911 (11)  3.240 +-  3.422
   2 C   0.10049 0.03976 0.03725 0.03658 0.03641 0.03641 0.03658 0.03724 0.03975 0.10043 0.49911 (11)  3.240 +-  3.422
   3 H   0.10049 0.03976 0.03725 0.03658 0.03641 0.03641 0.03658 0.03724 0.03975 0.10043 0.49911 (11)  3.240 +-  3.422
   4 Q   0.10049 0.03976 0.03725 0.03658 0.03641 0.03641 0.03658 0.03724 0.03975 0.10043 0.49911 (11)  3.240 +-  3.422
   5 V   0.10049 0.03976 0.03725 0.03659 0.03641 0.03641 0.03658 0.03724 0.03975 0.10043 0.49910 (11)  3.240 +-  3.422
   6 T   0.10049 0.03976 0.03725 0.03658 0.03641 0.03641 0.03658 0.03724 0.03975 0.10043 0.49911 (11)  3.240 +-  3.422
   7 S   0.10049 0.03976 0.03725 0.03659 0.03641 0.03641 0.03658 0.03724 0.03975 0.10043 0.49910 (11)  3.240 +-  3.422
   8 L   0.10049 0.03976 0.03725 0.03658 0.03641 0.03641 0.03658 0.03724 0.03975 0.10043 0.49911 (11)  3.240 +-  3.422
   9 L   0.10049 0.03976 0.03725 0.03658 0.03641 0.03641 0.03658 0.03724 0.03975 0.10043 0.49911 (11)  3.240 +-  3.422
  10 P   0.10049 0.03976 0.03725 0.03658 0.03641 0.03641 0.03658 0.03724 0.03975 0.10043 0.49911 (11)  3.240 +-  3.422
  11 L   0.10049 0.03976 0.03725 0.03658 0.03641 0.03641 0.03658 0.03724 0.03975 0.10043 0.49911 (11)  3.240 +-  3.422
  12 S   0.10049 0.03976 0.03725 0.03659 0.03641 0.03641 0.03658 0.03724 0.03975 0.10043 0.49910 (11)  3.240 +-  3.422
  13 S   0.10049 0.03976 0.03725 0.03658 0.03641 0.03641 0.03658 0.03724 0.03975 0.10043 0.49911 (11)  3.240 +-  3.422
  14 L   0.10049 0.03976 0.03725 0.03658 0.03641 0.03641 0.03658 0.03724 0.03975 0.10043 0.49911 (11)  3.240 +-  3.422
  15 L   0.10049 0.03976 0.03725 0.03658 0.03641 0.03641 0.03658 0.03724 0.03975 0.10043 0.49911 (11)  3.240 +-  3.422
  16 S   0.10049 0.03976 0.03725 0.03658 0.03641 0.03641 0.03658 0.03724 0.03975 0.10043 0.49911 (11)  3.240 +-  3.422
  17 T   0.10049 0.03976 0.03725 0.03658 0.03641 0.03641 0.03658 0.03724 0.03975 0.10043 0.49911 (11)  3.240 +-  3.422
  18 S   0.10049 0.03976 0.03725 0.03658 0.03641 0.03641 0.03658 0.03724 0.03975 0.10043 0.49911 (11)  3.240 +-  3.422
  19 F   0.10049 0.03976 0.03725 0.03659 0.03641 0.03641 0.03658 0.03724 0.03975 0.10043 0.49910 (11)  3.240 +-  3.422
  20 T   0.10049 0.03976 0.03725 0.03659 0.03641 0.03641 0.03658 0.03724 0.03975 0.10043 0.49910 (11)  3.240 +-  3.422
  21 I   0.10049 0.03976 0.03725 0.03659 0.03641 0.03641 0.03658 0.03724 0.03975 0.10043 0.49910 (11)  3.240 +-  3.422
  22 G   0.10049 0.03976 0.03725 0.03658 0.03641 0.03641 0.03658 0.03724 0.03975 0.10043 0.49911 (11)  3.240 +-  3.422
  23 L   0.10049 0.03976 0.03725 0.03658 0.03641 0.03641 0.03658 0.03724 0.03975 0.10043 0.49911 (11)  3.240 +-  3.422
  24 C   0.10049 0.03976 0.03725 0.03658 0.03641 0.03641 0.03658 0.03724 0.03975 0.10043 0.49911 (11)  3.240 +-  3.422
  25 F   0.10049 0.03976 0.03725 0.03659 0.03641 0.03641 0.03658 0.03724 0.03975 0.10043 0.49910 (11)  3.240 +-  3.422
  26 S   0.10049 0.03976 0.03725 0.03659 0.03641 0.03641 0.03658 0.03724 0.03975 0.10043 0.49910 (11)  3.240 +-  3.422
  27 K   0.10049 0.03976 0.03725 0.03658 0.03641 0.03641 0.03658 0.03724 0.03975 0.10043 0.49911 (11)  3.240 +-  3.422
  28 P   0.10049 0.03976 0.03725 0.03658 0.03641 0.03641 0.03658 0.03724 0.03975 0.10043 0.49911 (11)  3.240 +-  3.422
  29 D   0.10049 0.03976 0.03725 0.03658 0.03641 0.03641 0.03658 0.03724 0.03975 0.10043 0.49911 (11)  3.240 +-  3.422
  30 A   0.10049 0.03976 0.03725 0.03658 0.03641 0.03641 0.03658 0.03724 0.03975 0.10043 0.49911 (11)  3.240 +-  3.422
  31 Q   0.10049 0.03976 0.03725 0.03658 0.03641 0.03641 0.03658 0.03724 0.03975 0.10043 0.49911 (11)  3.240 +-  3.422
  32 P   0.10049 0.03976 0.03725 0.03658 0.03641 0.03641 0.03658 0.03724 0.03975 0.10043 0.49911 (11)  3.240 +-  3.422
  33 S   0.10049 0.03976 0.03725 0.03659 0.03641 0.03641 0.03658 0.03724 0.03975 0.10043 0.49910 (11)  3.240 +-  3.422
  34 V   0.10049 0.03976 0.03725 0.03658 0.03641 0.03641 0.03658 0.03724 0.03975 0.10043 0.49911 (11)  3.240 +-  3.422
  35 E   0.10049 0.03976 0.03725 0.03658 0.03641 0.03641 0.03658 0.03724 0.03975 0.10043 0.49911 (11)  3.240 +-  3.422
  36 N   0.10049 0.03976 0.03725 0.03658 0.03641 0.03641 0.03658 0.03724 0.03975 0.10043 0.49911 (11)  3.240 +-  3.422
  37 R   0.10049 0.03976 0.03725 0.03658 0.03641 0.03641 0.03658 0.03724 0.03975 0.10043 0.49911 (11)  3.240 +-  3.422
  38 R   0.10049 0.03976 0.03725 0.03658 0.03641 0.03641 0.03658 0.03724 0.03975 0.10043 0.49911 (11)  3.240 +-  3.422
  39 R   0.10049 0.03976 0.03725 0.03658 0.03641 0.03641 0.03658 0.03724 0.03975 0.10043 0.49911 (11)  3.240 +-  3.422
  40 H   0.10049 0.03976 0.03725 0.03658 0.03641 0.03641 0.03658 0.03724 0.03975 0.10043 0.49911 (11)  3.240 +-  3.422
  41 V   0.10049 0.03976 0.03725 0.03658 0.03641 0.03641 0.03658 0.03724 0.03975 0.10043 0.49911 (11)  3.240 +-  3.422
  42 I   0.10049 0.03976 0.03725 0.03659 0.03641 0.03641 0.03658 0.03724 0.03975 0.10043 0.49910 (11)  3.240 +-  3.422
  43 L   0.10049 0.03976 0.03725 0.03658 0.03641 0.03641 0.03658 0.03724 0.03975 0.10043 0.49911 (11)  3.240 +-  3.422
  44 N   0.10049 0.03976 0.03725 0.03658 0.03641 0.03641 0.03658 0.03724 0.03975 0.10043 0.49911 (11)  3.240 +-  3.422
  45 M   0.10049 0.03976 0.03725 0.03659 0.03641 0.03641 0.03658 0.03724 0.03975 0.10043 0.49910 (11)  3.240 +-  3.422
  46 L   0.10049 0.03976 0.03725 0.03658 0.03641 0.03641 0.03658 0.03724 0.03975 0.10043 0.49911 (11)  3.240 +-  3.422
  47 F   0.10049 0.03976 0.03725 0.03659 0.03641 0.03641 0.03658 0.03724 0.03975 0.10043 0.49910 (11)  3.240 +-  3.422
  48 P   0.10049 0.03976 0.03725 0.03658 0.03641 0.03641 0.03658 0.03724 0.03975 0.10043 0.49911 (11)  3.240 +-  3.422
  49 V   0.10049 0.03976 0.03725 0.03659 0.03641 0.03641 0.03658 0.03724 0.03975 0.10043 0.49910 (11)  3.240 +-  3.422
  50 L   0.10049 0.03976 0.03725 0.03658 0.03641 0.03641 0.03658 0.03724 0.03975 0.10043 0.49911 (11)  3.240 +-  3.422
  51 A   0.10049 0.03976 0.03725 0.03658 0.03641 0.03641 0.03658 0.03724 0.03975 0.10043 0.49911 (11)  3.240 +-  3.422
  52 F   0.10049 0.03976 0.03725 0.03659 0.03641 0.03641 0.03658 0.03724 0.03975 0.10043 0.49910 (11)  3.240 +-  3.422
  53 A   0.10049 0.03976 0.03725 0.03658 0.03641 0.03641 0.03658 0.03724 0.03975 0.10043 0.49911 (11)  3.240 +-  3.422
  54 T   0.10049 0.03976 0.03725 0.03658 0.03641 0.03641 0.03658 0.03724 0.03975 0.10043 0.49911 (11)  3.240 +-  3.422
  55 P   0.10049 0.03976 0.03725 0.03658 0.03641 0.03641 0.03658 0.03724 0.03975 0.10043 0.49911 (11)  3.240 +-  3.422
  56 N   0.10049 0.03976 0.03725 0.03659 0.03641 0.03641 0.03658 0.03724 0.03975 0.10043 0.49910 (11)  3.240 +-  3.422
  57 E   0.10049 0.03976 0.03725 0.03658 0.03641 0.03641 0.03658 0.03724 0.03975 0.10043 0.49911 (11)  3.240 +-  3.422
  58 A   0.10049 0.03976 0.03725 0.03659 0.03641 0.03641 0.03658 0.03724 0.03975 0.10043 0.49910 (11)  3.240 +-  3.422
  59 K   0.10049 0.03976 0.03725 0.03658 0.03641 0.03641 0.03658 0.03724 0.03975 0.10043 0.49911 (11)  3.240 +-  3.422
  60 T   0.10049 0.03976 0.03725 0.03658 0.03641 0.03641 0.03658 0.03724 0.03975 0.10043 0.49911 (11)  3.240 +-  3.422
  61 L   0.10049 0.03976 0.03725 0.03658 0.03641 0.03641 0.03658 0.03724 0.03975 0.10043 0.49911 (11)  3.240 +-  3.422
  62 P   0.10049 0.03976 0.03725 0.03658 0.03641 0.03641 0.03658 0.03724 0.03975 0.10043 0.49911 (11)  3.240 +-  3.422
  63 S   0.10049 0.03976 0.03725 0.03658 0.03641 0.03641 0.03658 0.03724 0.03975 0.10043 0.49911 (11)  3.240 +-  3.422
  64 P   0.10049 0.03976 0.03725 0.03659 0.03641 0.03641 0.03658 0.03724 0.03975 0.10043 0.49910 (11)  3.240 +-  3.422
  65 K   0.10049 0.03976 0.03725 0.03658 0.03641 0.03641 0.03658 0.03724 0.03975 0.10043 0.49911 (11)  3.240 +-  3.422
  66 C   0.10049 0.03976 0.03725 0.03658 0.03641 0.03641 0.03658 0.03724 0.03975 0.10043 0.49911 (11)  3.240 +-  3.422
  67 P   0.10049 0.03976 0.03725 0.03658 0.03641 0.03641 0.03658 0.03724 0.03975 0.10043 0.49911 (11)  3.240 +-  3.422
  68 I   0.10049 0.03976 0.03725 0.03659 0.03641 0.03641 0.03658 0.03724 0.03975 0.10043 0.49910 (11)  3.240 +-  3.422
  69 F   0.10049 0.03976 0.03725 0.03659 0.03641 0.03641 0.03658 0.03724 0.03975 0.10043 0.49910 (11)  3.240 +-  3.422
  70 F   0.10049 0.03976 0.03725 0.03659 0.03641 0.03641 0.03658 0.03724 0.03975 0.10043 0.49910 (11)  3.240 +-  3.422
  71 C   0.10049 0.03976 0.03725 0.03658 0.03641 0.03641 0.03658 0.03724 0.03975 0.10043 0.49911 (11)  3.240 +-  3.422
  72 G   0.10049 0.03976 0.03725 0.03658 0.03641 0.03641 0.03658 0.03724 0.03975 0.10043 0.49911 (11)  3.240 +-  3.422
  73 V   0.10049 0.03976 0.03725 0.03658 0.03641 0.03641 0.03658 0.03724 0.03975 0.10043 0.49911 (11)  3.240 +-  3.422
  74 H   0.10049 0.03976 0.03725 0.03658 0.03641 0.03641 0.03658 0.03724 0.03975 0.10043 0.49911 (11)  3.240 +-  3.422
  75 N   0.10049 0.03976 0.03725 0.03659 0.03641 0.03641 0.03658 0.03724 0.03975 0.10043 0.49910 (11)  3.240 +-  3.422
  76 A   0.10049 0.03976 0.03725 0.03659 0.03641 0.03641 0.03658 0.03724 0.03975 0.10043 0.49910 (11)  3.240 +-  3.422
  77 T   0.10049 0.03976 0.03725 0.03659 0.03641 0.03641 0.03658 0.03724 0.03975 0.10043 0.49910 (11)  3.240 +-  3.422
  78 K   0.10049 0.03976 0.03725 0.03658 0.03641 0.03641 0.03658 0.03724 0.03975 0.10043 0.49911 (11)  3.240 +-  3.422
  79 A   0.10049 0.03976 0.03725 0.03658 0.03641 0.03641 0.03658 0.03724 0.03975 0.10043 0.49911 (11)  3.240 +-  3.422
  80 D   0.10049 0.03976 0.03725 0.03658 0.03641 0.03641 0.03658 0.03724 0.03975 0.10043 0.49911 (11)  3.240 +-  3.422
  81 Q   0.10049 0.03976 0.03725 0.03658 0.03641 0.03641 0.03658 0.03724 0.03975 0.10043 0.49911 (11)  3.240 +-  3.422
  82 G   0.10049 0.03976 0.03725 0.03658 0.03641 0.03641 0.03658 0.03724 0.03975 0.10043 0.49911 (11)  3.240 +-  3.422
  83 N   0.10049 0.03976 0.03725 0.03659 0.03641 0.03641 0.03658 0.03724 0.03975 0.10043 0.49910 (11)  3.240 +-  3.422
  84 L   0.10049 0.03976 0.03725 0.03658 0.03641 0.03641 0.03658 0.03724 0.03975 0.10043 0.49911 (11)  3.240 +-  3.422
  85 T   0.10049 0.03976 0.03725 0.03658 0.03641 0.03641 0.03658 0.03724 0.03975 0.10043 0.49911 (11)  3.240 +-  3.422
  86 C   0.10049 0.03976 0.03725 0.03658 0.03641 0.03641 0.03658 0.03724 0.03975 0.10043 0.49911 (11)  3.240 +-  3.422
  87 S   0.10049 0.03976 0.03725 0.03658 0.03641 0.03641 0.03658 0.03724 0.03975 0.10043 0.49911 (11)  3.240 +-  3.422
  88 R   0.10049 0.03976 0.03725 0.03658 0.03641 0.03641 0.03658 0.03724 0.03975 0.10043 0.49911 (11)  3.240 +-  3.422
  89 A   0.10049 0.03976 0.03725 0.03658 0.03641 0.03641 0.03658 0.03724 0.03975 0.10043 0.49911 (11)  3.240 +-  3.422
  90 F   0.10049 0.03976 0.03725 0.03659 0.03641 0.03641 0.03658 0.03724 0.03975 0.10043 0.49910 (11)  3.240 +-  3.422
  91 W   0.10049 0.03976 0.03725 0.03658 0.03641 0.03641 0.03658 0.03724 0.03975 0.10043 0.49911 (11)  3.240 +-  3.422
  92 K   0.10049 0.03976 0.03725 0.03658 0.03641 0.03641 0.03658 0.03724 0.03975 0.10043 0.49911 (11)  3.240 +-  3.422
  93 V   0.10049 0.03976 0.03725 0.03658 0.03641 0.03641 0.03658 0.03724 0.03975 0.10043 0.49911 (11)  3.240 +-  3.422

Positively selected sites

	Prob(w>1)  mean w


