Supplemental results for CODEML (seqf: algn  treef: tree)


dN/dS (w) for site classes (K=2)

p:   0.99999  0.00001
w:   0.20535  1.00000

Naive Empirical Bayes (NEB) probabilities for 2 classes & postmean_w
(amino acids refer to 1st sequence: Mlig.40721)

   1 M   0.99999 0.00001 ( 1)  0.205
   2 Q   0.99999 0.00001 ( 1)  0.205
   3 T   0.99999 0.00001 ( 1)  0.205
   4 S   0.99999 0.00001 ( 1)  0.205
   5 L   0.99999 0.00001 ( 1)  0.205
   6 W   0.99999 0.00001 ( 1)  0.205
   7 T   0.99999 0.00001 ( 1)  0.205
   8 G   0.99999 0.00001 ( 1)  0.205
   9 S   0.99999 0.00001 ( 1)  0.205
  10 A   0.99999 0.00001 ( 1)  0.205
  11 G   0.99999 0.00001 ( 1)  0.205
  12 R   0.99999 0.00001 ( 1)  0.205
  13 G   0.99999 0.00001 ( 1)  0.205
  14 G   0.99999 0.00001 ( 1)  0.205
  15 G   0.99999 0.00001 ( 1)  0.205
  16 G   0.99999 0.00001 ( 1)  0.205
  17 G   0.99999 0.00001 ( 1)  0.205
  18 G   0.99999 0.00001 ( 1)  0.205
  19 S   0.99999 0.00001 ( 1)  0.205
  20 G   0.99999 0.00001 ( 1)  0.205
  21 G   0.99999 0.00001 ( 1)  0.205
  22 G   0.99999 0.00001 ( 1)  0.205
  23 S   0.99999 0.00001 ( 1)  0.205
  24 G   0.99999 0.00001 ( 1)  0.205
  25 R   0.99999 0.00001 ( 1)  0.205
  26 R   0.99999 0.00001 ( 1)  0.205
  27 P   0.99999 0.00001 ( 1)  0.205
  28 S   0.99999 0.00001 ( 1)  0.205
  29 S   0.99999 0.00001 ( 1)  0.205
  30 V   0.99999 0.00001 ( 1)  0.205
  31 A   0.99999 0.00001 ( 1)  0.205
  32 G   0.99999 0.00001 ( 1)  0.205
  33 S   0.99999 0.00001 ( 1)  0.205
  34 V   0.99999 0.00001 ( 1)  0.205
  35 S   0.99999 0.00001 ( 1)  0.205
  36 A   0.99999 0.00001 ( 1)  0.205
  37 A   0.99999 0.00001 ( 1)  0.205
  38 A   0.99995 0.00005 ( 1)  0.205
  39 G   0.99999 0.00001 ( 1)  0.205
  40 G   0.99999 0.00001 ( 1)  0.205
  41 A   0.99999 0.00001 ( 1)  0.205
  42 S   0.99999 0.00001 ( 1)  0.205
  43 A   0.99999 0.00001 ( 1)  0.205
  44 G   0.99999 0.00001 ( 1)  0.205
  45 S   0.99999 0.00001 ( 1)  0.205
  46 S   0.99999 0.00001 ( 1)  0.205
  47 S   0.99999 0.00001 ( 1)  0.205
  48 A   0.99999 0.00001 ( 1)  0.205
  49 G   0.99999 0.00001 ( 1)  0.205
  50 G   0.99999 0.00001 ( 1)  0.205
  51 G   0.99999 0.00001 ( 1)  0.205
  52 F   0.99999 0.00001 ( 1)  0.205
  53 R   0.99999 0.00001 ( 1)  0.205
  54 F   0.99999 0.00001 ( 1)  0.205
  55 A   0.99999 0.00001 ( 1)  0.205
  56 H   0.99999 0.00001 ( 1)  0.205
  57 S   0.99999 0.00001 ( 1)  0.205
  58 E   0.99999 0.00001 ( 1)  0.205
  59 H   0.99999 0.00001 ( 1)  0.205
  60 S   0.99999 0.00001 ( 1)  0.205
  61 K   0.99999 0.00001 ( 1)  0.205
  62 E   0.99999 0.00001 ( 1)  0.205
  63 R   0.99999 0.00001 ( 1)  0.205
  64 H   0.99999 0.00001 ( 1)  0.205
  65 R   0.99999 0.00001 ( 1)  0.205
  66 A   0.99999 0.00001 ( 1)  0.205
  67 E   0.99999 0.00001 ( 1)  0.205
  68 N   0.99999 0.00001 ( 1)  0.205
  69 L   0.99999 0.00001 ( 1)  0.205
  70 S   0.99999 0.00001 ( 1)  0.205
  71 A   0.99999 0.00001 ( 1)  0.205
  72 S   0.99999 0.00001 ( 1)  0.205
  73 R   0.99999 0.00001 ( 1)  0.205
  74 S   0.99999 0.00001 ( 1)  0.205
  75 L   0.99999 0.00001 ( 1)  0.205
  76 L   0.99999 0.00001 ( 1)  0.205
  77 G   0.99999 0.00001 ( 1)  0.205
  78 G   0.99999 0.00001 ( 1)  0.205
  79 S   0.99999 0.00001 ( 1)  0.205
  80 G   0.99999 0.00001 ( 1)  0.205
  81 D   0.99999 0.00001 ( 1)  0.205
  82 I   0.99999 0.00001 ( 1)  0.205
  83 G   0.99999 0.00001 ( 1)  0.205
  84 G   0.99999 0.00001 ( 1)  0.205
  85 S   0.99999 0.00001 ( 1)  0.205
  86 V   0.99999 0.00001 ( 1)  0.205
  87 E   0.99999 0.00001 ( 1)  0.205
  88 L   0.99999 0.00001 ( 1)  0.205
  89 H   0.99999 0.00001 ( 1)  0.205
  90 H   0.99999 0.00001 ( 1)  0.205
  91 P   0.99999 0.00001 ( 1)  0.205
  92 A   0.99999 0.00001 ( 1)  0.205
  93 S   0.99999 0.00001 ( 1)  0.205
  94 A   0.99999 0.00001 ( 1)  0.205
  95 A   0.99999 0.00001 ( 1)  0.205
  96 E   0.99999 0.00001 ( 1)  0.205
  97 A   0.99999 0.00001 ( 1)  0.205
  98 H   0.99999 0.00001 ( 1)  0.205
  99 L   0.99999 0.00001 ( 1)  0.205
 100 A   0.99999 0.00001 ( 1)  0.205
 101 A   0.99999 0.00001 ( 1)  0.205
 102 G   0.99999 0.00001 ( 1)  0.205
 103 C   0.99999 0.00001 ( 1)  0.205
 104 P   0.99999 0.00001 ( 1)  0.205
 105 R   0.99999 0.00001 ( 1)  0.205
 106 L   0.99999 0.00001 ( 1)  0.205
 107 R   0.99999 0.00001 ( 1)  0.205
 108 V   0.99999 0.00001 ( 1)  0.205
 109 L   0.99999 0.00001 ( 1)  0.205
 110 R   0.99999 0.00001 ( 1)  0.205
 111 L   0.99999 0.00001 ( 1)  0.205
 112 A   0.99999 0.00001 ( 1)  0.205
 113 E   0.99999 0.00001 ( 1)  0.205
 114 P   0.99999 0.00001 ( 1)  0.205
 115 P   0.99999 0.00001 ( 1)  0.205
 116 P   0.99999 0.00001 ( 1)  0.205
 117 P   0.99999 0.00001 ( 1)  0.205
 118 S   0.99999 0.00001 ( 1)  0.205
 119 S   0.99999 0.00001 ( 1)  0.205
 120 N   0.99999 0.00001 ( 1)  0.205
 121 S   0.99999 0.00001 ( 1)  0.205
 122 A   0.99999 0.00001 ( 1)  0.205
 123 T   0.99999 0.00001 ( 1)  0.205
 124 P   0.99999 0.00001 ( 1)  0.205
 125 T   0.99999 0.00001 ( 1)  0.205
 126 P   0.99999 0.00001 ( 1)  0.205
 127 S   0.99999 0.00001 ( 1)  0.205
 128 T   0.99999 0.00001 ( 1)  0.205
 129 G   0.99999 0.00001 ( 1)  0.205
 130 G   0.99999 0.00001 ( 1)  0.205
 131 R   0.99999 0.00001 ( 1)  0.205
 132 T   0.99999 0.00001 ( 1)  0.205
 133 L   0.99999 0.00001 ( 1)  0.205
 134 T   0.99999 0.00001 ( 1)  0.205
 135 P   0.99999 0.00001 ( 1)  0.205
 136 P   0.99999 0.00001 ( 1)  0.205
 137 S   0.99999 0.00001 ( 1)  0.205
 138 F   0.99999 0.00001 ( 1)  0.205
 139 L   0.99999 0.00001 ( 1)  0.205
 140 L   0.99999 0.00001 ( 1)  0.205
 141 T   0.99999 0.00001 ( 1)  0.205
 142 L   0.99999 0.00001 ( 1)  0.205
 143 P   0.99999 0.00001 ( 1)  0.205
 144 N   0.99999 0.00001 ( 1)  0.205
 145 D   0.99999 0.00001 ( 1)  0.205
 146 T   0.99999 0.00001 ( 1)  0.205
 147 V   0.99999 0.00001 ( 1)  0.205
 148 D   0.99999 0.00001 ( 1)  0.205
 149 G   0.99999 0.00001 ( 1)  0.205
 150 N   0.99999 0.00001 ( 1)  0.205
 151 L   0.99999 0.00001 ( 1)  0.205
 152 A   0.99999 0.00001 ( 1)  0.205
 153 N   0.99999 0.00001 ( 1)  0.205
 154 Y   0.99999 0.00001 ( 1)  0.205
 155 H   0.99999 0.00001 ( 1)  0.205
 156 G   0.99999 0.00001 ( 1)  0.205
 157 D   0.99999 0.00001 ( 1)  0.205
 158 E   0.99999 0.00001 ( 1)  0.205
 159 D   0.99999 0.00001 ( 1)  0.205
 160 D   0.99999 0.00001 ( 1)  0.205
 161 D   0.99999 0.00001 ( 1)  0.205
 162 E   0.99999 0.00001 ( 1)  0.205
 163 L   0.99999 0.00001 ( 1)  0.205
 164 R   0.99999 0.00001 ( 1)  0.205
 165 Q   0.99999 0.00001 ( 1)  0.205
 166 L   0.99999 0.00001 ( 1)  0.205
 167 Q   0.99999 0.00001 ( 1)  0.205
 168 Q   0.99999 0.00001 ( 1)  0.205
 169 L   0.99999 0.00001 ( 1)  0.205
 170 R   0.99999 0.00001 ( 1)  0.205
 171 Q   0.99999 0.00001 ( 1)  0.205
 172 Q   0.99999 0.00001 ( 1)  0.205
 173 R   0.99999 0.00001 ( 1)  0.205
 174 Q   0.99999 0.00001 ( 1)  0.205
 175 H   0.99999 0.00001 ( 1)  0.205
 176 I   0.99999 0.00001 ( 1)  0.205
 177 E   0.99999 0.00001 ( 1)  0.205
 178 A   0.99999 0.00001 ( 1)  0.205
 179 S   0.99999 0.00001 ( 1)  0.205
 180 I   0.99999 0.00001 ( 1)  0.205
 181 R   0.99999 0.00001 ( 1)  0.205
 182 S   0.99999 0.00001 ( 1)  0.205
 183 L   0.99999 0.00001 ( 1)  0.205
 184 A   0.99999 0.00001 ( 1)  0.205
 185 A   0.99999 0.00001 ( 1)  0.205
 186 S   0.99999 0.00001 ( 1)  0.205
 187 V   0.99999 0.00001 ( 1)  0.205
 188 A   0.99999 0.00001 ( 1)  0.205
 189 S   0.99999 0.00001 ( 1)  0.205
 190 S   0.99999 0.00001 ( 1)  0.205
 191 T   0.99999 0.00001 ( 1)  0.205
 192 Q   0.99999 0.00001 ( 1)  0.205
 193 Q   0.99999 0.00001 ( 1)  0.205
 194 Q   0.99999 0.00001 ( 1)  0.205
 195 L   0.99999 0.00001 ( 1)  0.205
 196 A   0.99999 0.00001 ( 1)  0.205
 197 A   0.99999 0.00001 ( 1)  0.205
 198 T   0.99999 0.00001 ( 1)  0.205
 199 G   0.99999 0.00001 ( 1)  0.205
 200 C   0.99999 0.00001 ( 1)  0.205
 201 A   0.99999 0.00001 ( 1)  0.205
 202 E   0.99999 0.00001 ( 1)  0.205
 203 S   0.99999 0.00001 ( 1)  0.205
 204 A   0.99999 0.00001 ( 1)  0.205
 205 A   0.99999 0.00001 ( 1)  0.205
 206 A   0.99999 0.00001 ( 1)  0.205
 207 E   0.99999 0.00001 ( 1)  0.205
 208 L   0.99999 0.00001 ( 1)  0.205
 209 H   0.99999 0.00001 ( 1)  0.205
 210 V   0.99999 0.00001 ( 1)  0.205
 211 D   0.99999 0.00001 ( 1)  0.205
 212 S   0.99999 0.00001 ( 1)  0.205
 213 R   0.99999 0.00001 ( 1)  0.205
 214 L   0.99999 0.00001 ( 1)  0.205
 215 T   0.99999 0.00001 ( 1)  0.205
 216 P   0.99999 0.00001 ( 1)  0.205
 217 D   0.99999 0.00001 ( 1)  0.205
 218 S   0.99999 0.00001 ( 1)  0.205
 219 P   0.99999 0.00001 ( 1)  0.205
 220 E   0.99999 0.00001 ( 1)  0.205
 221 E   0.99999 0.00001 ( 1)  0.205
 222 Q   0.99999 0.00001 ( 1)  0.205
 223 R   0.99999 0.00001 ( 1)  0.205
 224 R   0.99999 0.00001 ( 1)  0.205
 225 V   0.99999 0.00001 ( 1)  0.205
 226 R   0.99999 0.00001 ( 1)  0.205
 227 R   0.99999 0.00001 ( 1)  0.205
 228 K   0.99999 0.00001 ( 1)  0.205
 229 K   0.99999 0.00001 ( 1)  0.205
 230 L   0.99999 0.00001 ( 1)  0.205
 231 R   0.99999 0.00001 ( 1)  0.205
 232 R   0.99995 0.00005 ( 1)  0.205
 233 R   0.99999 0.00001 ( 1)  0.205
 234 A   0.99999 0.00001 ( 1)  0.205
 235 L   0.99999 0.00001 ( 1)  0.205
 236 V   0.99999 0.00001 ( 1)  0.205
 237 G   0.99999 0.00001 ( 1)  0.205
 238 V   0.99999 0.00001 ( 1)  0.205
 239 Y   0.99999 0.00001 ( 1)  0.205
 240 L   0.99999 0.00001 ( 1)  0.205
 241 T   0.99999 0.00001 ( 1)  0.205
 242 A   0.99999 0.00001 ( 1)  0.205
 243 V   0.99999 0.00001 ( 1)  0.205
 244 L   0.99999 0.00001 ( 1)  0.205
 245 L   0.99999 0.00001 ( 1)  0.205
 246 A   0.99999 0.00001 ( 1)  0.205
 247 V   0.99999 0.00001 ( 1)  0.205
 248 L   0.99999 0.00001 ( 1)  0.205
 249 A   0.99999 0.00001 ( 1)  0.205
 250 V   0.99999 0.00001 ( 1)  0.205
 251 V   0.99999 0.00001 ( 1)  0.205
 252 F   0.99999 0.00001 ( 1)  0.205
 253 L   0.99999 0.00001 ( 1)  0.205
 254 A   0.99999 0.00001 ( 1)  0.205
 255 A   0.99999 0.00001 ( 1)  0.205
 256 K   0.99999 0.00001 ( 1)  0.205
 257 G   0.99999 0.00001 ( 1)  0.205
 258 V   0.99999 0.00001 ( 1)  0.205
 259 F   0.99999 0.00001 ( 1)  0.205
 260 Y   0.99999 0.00001 ( 1)  0.205
 261 T   0.99999 0.00001 ( 1)  0.205
 262 S   0.99995 0.00005 ( 1)  0.205
 263 G   0.99999 0.00001 ( 1)  0.205
 264 V   0.99999 0.00001 ( 1)  0.205
 265 T   0.99999 0.00001 ( 1)  0.205
 266 N   0.99999 0.00001 ( 1)  0.205


lnL = -1073.285999

