Supplemental results for CODEML (seqf: algn  treef: tree)


dN/dS (w) for site classes (K=2)

p:   0.99999  0.00001
w:   0.31022  1.00000

Naive Empirical Bayes (NEB) probabilities for 2 classes & postmean_w
(amino acids refer to 1st sequence: Mlig.47145)

   1 M   0.99999 0.00001 ( 1)  0.310
   2 R   0.99999 0.00001 ( 1)  0.310
   3 C   0.99999 0.00001 ( 1)  0.310
   4 W   0.99999 0.00001 ( 1)  0.310
   5 R   0.99999 0.00001 ( 1)  0.310
   6 K   0.99999 0.00001 ( 1)  0.310
   7 F   0.99999 0.00001 ( 1)  0.310
   8 G   0.99999 0.00001 ( 1)  0.310
   9 C   0.99999 0.00001 ( 1)  0.310
  10 L   0.99999 0.00001 ( 1)  0.310
  11 L   0.99999 0.00001 ( 1)  0.310
  12 S   0.99999 0.00001 ( 1)  0.310
  13 L   0.99999 0.00001 ( 1)  0.310
  14 A   0.99999 0.00001 ( 1)  0.310
  15 G   0.99999 0.00001 ( 1)  0.310
  16 L   0.99999 0.00001 ( 1)  0.310
  17 L   0.99999 0.00001 ( 1)  0.310
  18 A   0.99999 0.00001 ( 1)  0.310
  19 A   0.99999 0.00001 ( 1)  0.310
  20 L   0.99999 0.00001 ( 1)  0.310
  21 C   0.99999 0.00001 ( 1)  0.310
  22 A   0.99999 0.00001 ( 1)  0.310
  23 L   0.99999 0.00001 ( 1)  0.310
  24 T   0.99999 0.00001 ( 1)  0.310
  25 V   0.99999 0.00001 ( 1)  0.310
  26 W   0.99999 0.00001 ( 1)  0.310
  27 L   0.99999 0.00001 ( 1)  0.310
  28 G   0.99999 0.00001 ( 1)  0.310
  29 D   0.99999 0.00001 ( 1)  0.310
  30 C   0.99999 0.00001 ( 1)  0.310
  31 S   0.99999 0.00001 ( 1)  0.310
  32 S   0.99999 0.00001 ( 1)  0.310
  33 R   0.99999 0.00001 ( 1)  0.310
  34 C   0.99999 0.00001 ( 1)  0.310
  35 A   0.99999 0.00001 ( 1)  0.310
  36 A   0.99999 0.00001 ( 1)  0.310
  37 Q   0.99999 0.00001 ( 1)  0.310
  38 P   0.99999 0.00001 ( 1)  0.310
  39 V   0.99999 0.00001 ( 1)  0.310
  40 S   0.99999 0.00001 ( 1)  0.310
  41 S   0.99999 0.00001 ( 1)  0.310
  42 S   0.99999 0.00001 ( 1)  0.310
  43 S   0.99999 0.00001 ( 1)  0.310
  44 T   0.99999 0.00001 ( 1)  0.310
  45 A   0.99999 0.00001 ( 1)  0.310
  46 S   0.99999 0.00001 ( 1)  0.310
  47 P   0.99999 0.00001 ( 1)  0.310
  48 T   0.99999 0.00001 ( 1)  0.310
  49 T   0.99999 0.00001 ( 1)  0.310
  50 P   0.99999 0.00001 ( 1)  0.310
  51 P   0.99999 0.00001 ( 1)  0.310
  52 P   0.99999 0.00001 ( 1)  0.310
  53 L   0.99999 0.00001 ( 1)  0.310
  54 S   0.99999 0.00001 ( 1)  0.310
  55 G   0.99999 0.00001 ( 1)  0.310
  56 R   0.99999 0.00001 ( 1)  0.310
  57 A   0.99999 0.00001 ( 1)  0.310
  58 L   0.99999 0.00001 ( 1)  0.310
  59 R   0.99999 0.00001 ( 1)  0.310
  60 L   0.99999 0.00001 ( 1)  0.310
  61 H   0.99999 0.00001 ( 1)  0.310
  62 R   0.99999 0.00001 ( 1)  0.310
  63 R   0.99999 0.00001 ( 1)  0.310
  64 N   0.99999 0.00001 ( 1)  0.310
  65 C   0.99999 0.00001 ( 1)  0.310
  66 A   0.99999 0.00001 ( 1)  0.310
  67 D   0.99999 0.00001 ( 1)  0.310
  68 S   0.99999 0.00001 ( 1)  0.310
  69 L   0.99999 0.00001 ( 1)  0.310
  70 A   0.99999 0.00001 ( 1)  0.310
  71 A   0.99999 0.00001 ( 1)  0.310
  72 L   0.99999 0.00001 ( 1)  0.310
  73 A   0.99999 0.00001 ( 1)  0.310
  74 D   0.99999 0.00001 ( 1)  0.310
  75 L   0.99999 0.00001 ( 1)  0.310
  76 R   0.99999 0.00001 ( 1)  0.310
  77 R   0.99999 0.00001 ( 1)  0.310
  78 V   0.99999 0.00001 ( 1)  0.310
  79 K   0.99999 0.00001 ( 1)  0.310
  80 A   0.99999 0.00001 ( 1)  0.310
  81 S   0.99999 0.00001 ( 1)  0.310
  82 V   0.99999 0.00001 ( 1)  0.310
  83 R   0.99999 0.00001 ( 1)  0.310
  84 Q   0.99999 0.00001 ( 1)  0.310
  85 E   0.99999 0.00001 ( 1)  0.310
  86 L   0.99999 0.00001 ( 1)  0.310
  87 V   0.99999 0.00001 ( 1)  0.310
  88 R   0.99999 0.00001 ( 1)  0.310
  89 M   0.99999 0.00001 ( 1)  0.310
  90 E   0.99999 0.00001 ( 1)  0.310
  91 R   0.99999 0.00001 ( 1)  0.310
  92 E   0.99999 0.00001 ( 1)  0.310
  93 R   0.99999 0.00001 ( 1)  0.310
  94 T   0.99999 0.00001 ( 1)  0.310
  95 K   0.99999 0.00001 ( 1)  0.310
  96 I   0.99999 0.00001 ( 1)  0.310
  97 M   0.99999 0.00001 ( 1)  0.310
  98 Q   0.99999 0.00001 ( 1)  0.310
  99 Q   0.99999 0.00001 ( 1)  0.310
 100 I   0.99999 0.00001 ( 1)  0.310
 101 R   0.99999 0.00001 ( 1)  0.310
 102 A   0.99999 0.00001 ( 1)  0.310
 103 S   0.99999 0.00001 ( 1)  0.310
 104 R   0.99999 0.00001 ( 1)  0.310
 105 I   0.99999 0.00001 ( 1)  0.310
 106 E   0.99999 0.00001 ( 1)  0.310
 107 L   0.99999 0.00001 ( 1)  0.310
 108 A   0.99999 0.00001 ( 1)  0.310
 109 N   0.99999 0.00001 ( 1)  0.310
 110 L   0.99999 0.00001 ( 1)  0.310
 111 M   0.99999 0.00001 ( 1)  0.310
 112 R   0.99999 0.00001 ( 1)  0.310
 113 N   0.99999 0.00001 ( 1)  0.310
 114 Q   0.99999 0.00001 ( 1)  0.310
 115 R   0.99999 0.00001 ( 1)  0.310
 116 K   0.99999 0.00001 ( 1)  0.310
 117 I   0.99999 0.00001 ( 1)  0.310
 118 S   0.99999 0.00001 ( 1)  0.310
 119 A   0.99999 0.00001 ( 1)  0.310
 120 D   0.99999 0.00001 ( 1)  0.310
 121 T   0.99999 0.00001 ( 1)  0.310
 122 E   0.99999 0.00001 ( 1)  0.310
 123 I   0.99997 0.00003 ( 1)  0.310
 124 A   0.99999 0.00001 ( 1)  0.310
 125 R   0.99999 0.00001 ( 1)  0.310
 126 S   0.99999 0.00001 ( 1)  0.310
 127 D   0.99999 0.00001 ( 1)  0.310
 128 L   0.99999 0.00001 ( 1)  0.310
 129 A   0.99999 0.00001 ( 1)  0.310
 130 A   0.99999 0.00001 ( 1)  0.310
 131 L   0.99999 0.00001 ( 1)  0.310
 132 Q   0.99999 0.00001 ( 1)  0.310
 133 I   0.99999 0.00001 ( 1)  0.310
 134 R   0.99999 0.00001 ( 1)  0.310
 135 L   0.99999 0.00001 ( 1)  0.310
 136 A   0.99999 0.00001 ( 1)  0.310
 137 E   0.99999 0.00001 ( 1)  0.310
 138 A   0.99999 0.00001 ( 1)  0.310
 139 D   0.99999 0.00001 ( 1)  0.310
 140 Q   0.99999 0.00001 ( 1)  0.310
 141 R   0.99999 0.00001 ( 1)  0.310
 142 N   0.99999 0.00001 ( 1)  0.310
 143 L   0.99999 0.00001 ( 1)  0.310
 144 P   0.99999 0.00001 ( 1)  0.310
 145 V   0.99999 0.00001 ( 1)  0.310
 146 L   0.99999 0.00001 ( 1)  0.310
 147 R   0.99999 0.00001 ( 1)  0.310
 148 L   0.99999 0.00001 ( 1)  0.310
 149 P   0.99999 0.00001 ( 1)  0.310
 150 L   0.99999 0.00001 ( 1)  0.310
 151 N   0.99999 0.00001 ( 1)  0.310
 152 I   0.99999 0.00001 ( 1)  0.310
 153 S   0.99999 0.00001 ( 1)  0.310
 154 T   0.99999 0.00001 ( 1)  0.310
 155 L   0.99999 0.00001 ( 1)  0.310
 156 K   0.99999 0.00001 ( 1)  0.310
 157 S   0.99999 0.00001 ( 1)  0.310
 158 A   0.99999 0.00001 ( 1)  0.310
 159 S   0.99999 0.00001 ( 1)  0.310
 160 A   0.99999 0.00001 ( 1)  0.310
 161 V   0.99999 0.00001 ( 1)  0.310
 162 D   0.99999 0.00001 ( 1)  0.310
 163 K   0.99999 0.00001 ( 1)  0.310
 164 A   0.99999 0.00001 ( 1)  0.310
 165 S   0.99999 0.00001 ( 1)  0.310
 166 E   0.99999 0.00001 ( 1)  0.310
 167 G   0.99999 0.00001 ( 1)  0.310
 168 N   0.99999 0.00001 ( 1)  0.310
 169 C   0.99999 0.00001 ( 1)  0.310
 170 G   0.99999 0.00001 ( 1)  0.310
 171 L   0.99999 0.00001 ( 1)  0.310
 172 V   0.99999 0.00001 ( 1)  0.310
 173 D   0.99999 0.00001 ( 1)  0.310
 174 C   0.99999 0.00001 ( 1)  0.310
 175 F   0.99999 0.00001 ( 1)  0.310
 176 D   0.99999 0.00001 ( 1)  0.310
 177 Y   0.99999 0.00001 ( 1)  0.310
 178 A   0.99999 0.00001 ( 1)  0.310
 179 R   0.99999 0.00001 ( 1)  0.310
 180 C   0.99999 0.00001 ( 1)  0.310
 181 G   0.99999 0.00001 ( 1)  0.310
 182 L   0.99999 0.00001 ( 1)  0.310
 183 A   0.99999 0.00001 ( 1)  0.310
 184 D   0.99999 0.00001 ( 1)  0.310
 185 Q   0.99999 0.00001 ( 1)  0.310
 186 R   0.99999 0.00001 ( 1)  0.310
 187 P   0.99999 0.00001 ( 1)  0.310
 188 R   0.99999 0.00001 ( 1)  0.310
 189 F   0.99999 0.00001 ( 1)  0.310
 190 A   0.99999 0.00001 ( 1)  0.310
 191 L   0.99999 0.00001 ( 1)  0.310
 192 L   0.99999 0.00001 ( 1)  0.310
 193 Y   0.99999 0.00001 ( 1)  0.310
 194 S   0.99999 0.00001 ( 1)  0.310
 195 A   0.99999 0.00001 ( 1)  0.310
 196 T   0.99999 0.00001 ( 1)  0.310
 197 D   0.99999 0.00001 ( 1)  0.310
 198 S   0.99999 0.00001 ( 1)  0.310
 199 L   0.99999 0.00001 ( 1)  0.310
 200 T   0.99999 0.00001 ( 1)  0.310
 201 D   0.99999 0.00001 ( 1)  0.310
 202 A   0.99999 0.00001 ( 1)  0.310
 203 A   0.99999 0.00001 ( 1)  0.310
 204 R   0.99999 0.00001 ( 1)  0.310
 205 L   0.99999 0.00001 ( 1)  0.310
 206 L   0.99999 0.00001 ( 1)  0.310
 207 N   0.99999 0.00001 ( 1)  0.310
 208 S   0.99999 0.00001 ( 1)  0.310
 209 S   0.99999 0.00001 ( 1)  0.310
 210 R   0.99999 0.00001 ( 1)  0.310
 211 R   0.99999 0.00001 ( 1)  0.310
 212 L   0.99999 0.00001 ( 1)  0.310
 213 L   0.99999 0.00001 ( 1)  0.310
 214 P   0.99999 0.00001 ( 1)  0.310
 215 D   0.99999 0.00001 ( 1)  0.310
 216 S   0.99997 0.00003 ( 1)  0.310
 217 M   0.99999 0.00001 ( 1)  0.310
 218 S   0.99999 0.00001 ( 1)  0.310
 219 T   0.99999 0.00001 ( 1)  0.310
 220 N   0.99999 0.00001 ( 1)  0.310
 221 V   0.99999 0.00001 ( 1)  0.310
 222 A   0.99999 0.00001 ( 1)  0.310
 223 V   0.99999 0.00001 ( 1)  0.310
 224 R   0.99999 0.00001 ( 1)  0.310
 225 D   0.99999 0.00001 ( 1)  0.310
 226 S   0.99999 0.00001 ( 1)  0.310
 227 C   0.99999 0.00001 ( 1)  0.310
 228 L   0.99999 0.00001 ( 1)  0.310
 229 V   0.99999 0.00001 ( 1)  0.310
 230 L   0.99999 0.00001 ( 1)  0.310
 231 A   0.99999 0.00001 ( 1)  0.310
 232 D   0.99999 0.00001 ( 1)  0.310
 233 V   0.99999 0.00001 ( 1)  0.310
 234 G   0.99999 0.00001 ( 1)  0.310
 235 S   0.99999 0.00001 ( 1)  0.310
 236 S   0.99999 0.00001 ( 1)  0.310
 237 S   0.99999 0.00001 ( 1)  0.310
 238 K   0.99999 0.00001 ( 1)  0.310
 239 S   0.99999 0.00001 ( 1)  0.310
 240 T   0.99999 0.00001 ( 1)  0.310
 241 L   0.99999 0.00001 ( 1)  0.310
 242 S   0.99999 0.00001 ( 1)  0.310
 243 A   0.99999 0.00001 ( 1)  0.310
 244 V   0.99999 0.00001 ( 1)  0.310
 245 P   0.99999 0.00001 ( 1)  0.310
 246 A   0.99999 0.00001 ( 1)  0.310
 247 A   0.99999 0.00001 ( 1)  0.310
 248 T   0.99999 0.00001 ( 1)  0.310
 249 N   0.99999 0.00001 ( 1)  0.310
 250 L   0.99999 0.00001 ( 1)  0.310
 251 V   0.99999 0.00001 ( 1)  0.310
 252 A   0.99999 0.00001 ( 1)  0.310
 253 M   0.99999 0.00001 ( 1)  0.310
 254 L   0.99999 0.00001 ( 1)  0.310
 255 L   0.99999 0.00001 ( 1)  0.310
 256 L   0.99999 0.00001 ( 1)  0.310
 257 P   0.99999 0.00001 ( 1)  0.310
 258 A   0.99999 0.00001 ( 1)  0.310
 259 S   0.99999 0.00001 ( 1)  0.310
 260 A   0.99999 0.00001 ( 1)  0.310
 261 A   0.99999 0.00001 ( 1)  0.310
 262 S   0.99999 0.00001 ( 1)  0.310
 263 E   0.99999 0.00001 ( 1)  0.310
 264 R   0.99999 0.00001 ( 1)  0.310
 265 L   0.99999 0.00001 ( 1)  0.310
 266 R   0.99999 0.00001 ( 1)  0.310
 267 R   0.99999 0.00001 ( 1)  0.310
 268 G   0.99999 0.00001 ( 1)  0.310
 269 L   0.99999 0.00001 ( 1)  0.310
 270 I   0.99999 0.00001 ( 1)  0.310
 271 A   0.99999 0.00001 ( 1)  0.310
 272 E   0.99999 0.00001 ( 1)  0.310
 273 R   0.99999 0.00001 ( 1)  0.310
 274 P   0.99999 0.00001 ( 1)  0.310
 275 R   0.99999 0.00001 ( 1)  0.310
 276 A   0.99999 0.00001 ( 1)  0.310
 277 V   0.99999 0.00001 ( 1)  0.310
 278 V   0.99999 0.00001 ( 1)  0.310
 279 A   0.99999 0.00001 ( 1)  0.310
 280 S   0.99999 0.00001 ( 1)  0.310
 281 R   0.99999 0.00001 ( 1)  0.310
 282 Y   0.99999 0.00001 ( 1)  0.310
 283 Q   0.99999 0.00001 ( 1)  0.310
 284 P   0.99999 0.00001 ( 1)  0.310
 285 S   0.99999 0.00001 ( 1)  0.310
 286 G   0.99999 0.00001 ( 1)  0.310
 287 S   0.99999 0.00001 ( 1)  0.310
 288 Y   0.99999 0.00001 ( 1)  0.310
 289 R   0.99999 0.00001 ( 1)  0.310
 290 P   0.99999 0.00001 ( 1)  0.310
 291 G   0.99999 0.00001 ( 1)  0.310
 292 W   0.99999 0.00001 ( 1)  0.310
 293 D   0.99999 0.00001 ( 1)  0.310
 294 I   0.99999 0.00001 ( 1)  0.310
 295 V   0.99999 0.00001 ( 1)  0.310
 296 M   0.99999 0.00001 ( 1)  0.310
 297 P   0.99999 0.00001 ( 1)  0.310
 298 A   0.99999 0.00001 ( 1)  0.310
 299 K   0.99999 0.00001 ( 1)  0.310
 300 A   0.99999 0.00001 ( 1)  0.310
 301 P   0.99999 0.00001 ( 1)  0.310
 302 F   0.99999 0.00001 ( 1)  0.310
 303 R   0.99999 0.00001 ( 1)  0.310
 304 S   0.99999 0.00001 ( 1)  0.310
 305 A   0.99999 0.00001 ( 1)  0.310
 306 S   0.99999 0.00001 ( 1)  0.310
 307 D   0.99999 0.00001 ( 1)  0.310
 308 L   0.99999 0.00001 ( 1)  0.310
 309 W   0.99999 0.00001 ( 1)  0.310
 310 A   0.99999 0.00001 ( 1)  0.310
 311 A   0.99999 0.00001 ( 1)  0.310
 312 L   0.99999 0.00001 ( 1)  0.310
 313 P   0.99999 0.00001 ( 1)  0.310
 314 P   0.99999 0.00001 ( 1)  0.310
 315 L   0.99999 0.00001 ( 1)  0.310
 316 V   0.99999 0.00001 ( 1)  0.310
 317 P   0.99999 0.00001 ( 1)  0.310
 318 A   0.99999 0.00001 ( 1)  0.310
 319 R   0.99999 0.00001 ( 1)  0.310
 320 R   0.99999 0.00001 ( 1)  0.310
 321 P   0.99999 0.00001 ( 1)  0.310
 322 R   0.99999 0.00001 ( 1)  0.310
 323 L   0.99999 0.00001 ( 1)  0.310
 324 L   0.99999 0.00001 ( 1)  0.310
 325 A   0.99997 0.00003 ( 1)  0.310
 326 A   0.99999 0.00001 ( 1)  0.310
 327 P   0.99999 0.00001 ( 1)  0.310
 328 L   0.99999 0.00001 ( 1)  0.310
 329 L   0.99999 0.00001 ( 1)  0.310
 330 P   0.99999 0.00001 ( 1)  0.310
 331 G   0.99999 0.00001 ( 1)  0.310
 332 A   0.99999 0.00001 ( 1)  0.310
 333 N   0.99999 0.00001 ( 1)  0.310
 334 S   0.99999 0.00001 ( 1)  0.310
 335 S   0.99999 0.00001 ( 1)  0.310
 336 W   0.99999 0.00001 ( 1)  0.310
 337 W   0.99999 0.00001 ( 1)  0.310
 338 R   0.99999 0.00001 ( 1)  0.310
 339 Q   0.99999 0.00001 ( 1)  0.310
 340 I   0.99999 0.00001 ( 1)  0.310
 341 S   0.99999 0.00001 ( 1)  0.310
 342 D   0.99999 0.00001 ( 1)  0.310
 343 V   0.99999 0.00001 ( 1)  0.310
 344 D   0.99999 0.00001 ( 1)  0.310
 345 R   0.99999 0.00001 ( 1)  0.310
 346 L   0.99999 0.00001 ( 1)  0.310
 347 V   0.99999 0.00001 ( 1)  0.310
 348 L   0.99999 0.00001 ( 1)  0.310
 349 D   0.99999 0.00001 ( 1)  0.310
 350 E   0.99999 0.00001 ( 1)  0.310
 351 L   0.99999 0.00001 ( 1)  0.310
 352 Q   0.99999 0.00001 ( 1)  0.310
 353 R   0.99999 0.00001 ( 1)  0.310
 354 L   0.99999 0.00001 ( 1)  0.310
 355 C   0.99999 0.00001 ( 1)  0.310
 356 R   0.99999 0.00001 ( 1)  0.310
 357 S   0.99999 0.00001 ( 1)  0.310
 358 D   0.99999 0.00001 ( 1)  0.310
 359 V   0.99999 0.00001 ( 1)  0.310
 360 V   0.99999 0.00001 ( 1)  0.310
 361 D   0.99999 0.00001 ( 1)  0.310
 362 N   0.99999 0.00001 ( 1)  0.310
 363 L   0.99999 0.00001 ( 1)  0.310
 364 T   0.99999 0.00001 ( 1)  0.310
 365 S   0.99999 0.00001 ( 1)  0.310
 366 K   0.99999 0.00001 ( 1)  0.310
 367 L   0.99997 0.00003 ( 1)  0.310
 368 E   0.99999 0.00001 ( 1)  0.310
 369 L   0.99999 0.00001 ( 1)  0.310
 370 P   0.99999 0.00001 ( 1)  0.310
 371 A   0.99999 0.00001 ( 1)  0.310
 372 L   0.99999 0.00001 ( 1)  0.310
 373 A   0.99999 0.00001 ( 1)  0.310
 374 G   0.99999 0.00001 ( 1)  0.310
 375 A   0.99999 0.00001 ( 1)  0.310
 376 T   0.99999 0.00001 ( 1)  0.310
 377 F   0.99999 0.00001 ( 1)  0.310
 378 C   0.99999 0.00001 ( 1)  0.310
 379 P   0.99999 0.00001 ( 1)  0.310
 380 I   0.99999 0.00001 ( 1)  0.310
 381 L   0.99999 0.00001 ( 1)  0.310
 382 A   0.99999 0.00001 ( 1)  0.310
 383 P   0.99999 0.00001 ( 1)  0.310
 384 A   0.99999 0.00001 ( 1)  0.310
 385 G   0.99999 0.00001 ( 1)  0.310
 386 A   0.99999 0.00001 ( 1)  0.310
 387 P   0.99999 0.00001 ( 1)  0.310
 388 L   0.99999 0.00001 ( 1)  0.310
 389 S   0.99999 0.00001 ( 1)  0.310
 390 T   0.99999 0.00001 ( 1)  0.310
 391 L   0.99999 0.00001 ( 1)  0.310
 392 G   0.99999 0.00001 ( 1)  0.310
 393 G   0.99999 0.00001 ( 1)  0.310
 394 Q   0.99999 0.00001 ( 1)  0.310
 395 R   0.99999 0.00001 ( 1)  0.310
 396 R   0.99999 0.00001 ( 1)  0.310
 397 L   0.99999 0.00001 ( 1)  0.310
 398 L   0.99999 0.00001 ( 1)  0.310
 399 D   0.99999 0.00001 ( 1)  0.310
 400 C   0.99999 0.00001 ( 1)  0.310
 401 L   0.99999 0.00001 ( 1)  0.310
 402 L   0.99999 0.00001 ( 1)  0.310
 403 A   0.99999 0.00001 ( 1)  0.310
 404 G   0.99999 0.00001 ( 1)  0.310
 405 S   0.99999 0.00001 ( 1)  0.310
 406 V   0.99999 0.00001 ( 1)  0.310
 407 P   0.99999 0.00001 ( 1)  0.310
 408 L   0.99999 0.00001 ( 1)  0.310
 409 I   0.99999 0.00001 ( 1)  0.310
 410 L   0.99999 0.00001 ( 1)  0.310
 411 G   0.99999 0.00001 ( 1)  0.310
 412 D   0.99999 0.00001 ( 1)  0.310
 413 M   0.99999 0.00001 ( 1)  0.310
 414 L   0.99999 0.00001 ( 1)  0.310
 415 P   0.99999 0.00001 ( 1)  0.310
 416 P   0.99999 0.00001 ( 1)  0.310
 417 F   0.99999 0.00001 ( 1)  0.310
 418 G   0.99999 0.00001 ( 1)  0.310
 419 D   0.99999 0.00001 ( 1)  0.310
 420 L   0.99999 0.00001 ( 1)  0.310
 421 L   0.99999 0.00001 ( 1)  0.310
 422 E   0.99999 0.00001 ( 1)  0.310
 423 P   0.99999 0.00001 ( 1)  0.310
 424 L   0.99999 0.00001 ( 1)  0.310
 425 W   0.99999 0.00001 ( 1)  0.310
 426 R   0.99999 0.00001 ( 1)  0.310
 427 R   0.99999 0.00001 ( 1)  0.310
 428 A   0.99999 0.00001 ( 1)  0.310
 429 I   0.99999 0.00001 ( 1)  0.310
 430 V   0.99999 0.00001 ( 1)  0.310
 431 R   0.99999 0.00001 ( 1)  0.310
 432 L   0.99999 0.00001 ( 1)  0.310
 433 P   0.99999 0.00001 ( 1)  0.310
 434 R   0.99999 0.00001 ( 1)  0.310
 435 S   0.99999 0.00001 ( 1)  0.310
 436 R   0.99999 0.00001 ( 1)  0.310
 437 S   0.99999 0.00001 ( 1)  0.310
 438 S   0.99999 0.00001 ( 1)  0.310
 439 E   0.99999 0.00001 ( 1)  0.310
 440 L   0.99999 0.00001 ( 1)  0.310
 441 A   0.99999 0.00001 ( 1)  0.310
 442 W   0.99999 0.00001 ( 1)  0.310
 443 L   0.99999 0.00001 ( 1)  0.310
 444 L   0.99999 0.00001 ( 1)  0.310
 445 A   0.99999 0.00001 ( 1)  0.310
 446 T   0.99999 0.00001 ( 1)  0.310
 447 Y   0.99999 0.00001 ( 1)  0.310
 448 S   0.99999 0.00001 ( 1)  0.310
 449 D   0.99999 0.00001 ( 1)  0.310
 450 A   0.99999 0.00001 ( 1)  0.310
 451 T   0.99997 0.00003 ( 1)  0.310
 452 L   0.99999 0.00001 ( 1)  0.310
 453 L   0.99999 0.00001 ( 1)  0.310
 454 E   0.99999 0.00001 ( 1)  0.310
 455 L   0.99999 0.00001 ( 1)  0.310
 456 R   0.99999 0.00001 ( 1)  0.310
 457 R   0.99999 0.00001 ( 1)  0.310
 458 H   0.99999 0.00001 ( 1)  0.310
 459 G   0.99999 0.00001 ( 1)  0.310
 460 R   0.99999 0.00001 ( 1)  0.310
 461 L   0.99999 0.00001 ( 1)  0.310
 462 L   0.99999 0.00001 ( 1)  0.310
 463 L   0.99999 0.00001 ( 1)  0.310
 464 E   0.99999 0.00001 ( 1)  0.310
 465 R   0.99999 0.00001 ( 1)  0.310
 466 H   0.99999 0.00001 ( 1)  0.310
 467 L   0.99999 0.00001 ( 1)  0.310
 468 G   0.99999 0.00001 ( 1)  0.310
 469 T   0.99999 0.00001 ( 1)  0.310
 470 W   0.99999 0.00001 ( 1)  0.310
 471 R   0.99999 0.00001 ( 1)  0.310
 472 A   0.99999 0.00001 ( 1)  0.310
 473 Q   0.99999 0.00001 ( 1)  0.310
 474 A   0.99999 0.00001 ( 1)  0.310
 475 A   0.99999 0.00001 ( 1)  0.310
 476 T   0.99999 0.00001 ( 1)  0.310
 477 L   0.99999 0.00001 ( 1)  0.310
 478 L   0.99999 0.00001 ( 1)  0.310
 479 T   0.99999 0.00001 ( 1)  0.310
 480 L   0.99999 0.00001 ( 1)  0.310
 481 L   0.99999 0.00001 ( 1)  0.310
 482 N   0.99999 0.00001 ( 1)  0.310
 483 R   0.99999 0.00001 ( 1)  0.310
 484 R   0.99999 0.00001 ( 1)  0.310
 485 L   0.99999 0.00001 ( 1)  0.310
 486 G   0.99999 0.00001 ( 1)  0.310
 487 L   0.99999 0.00001 ( 1)  0.310
 488 P   0.99999 0.00001 ( 1)  0.310
 489 G   0.99999 0.00001 ( 1)  0.310
 490 P   0.99999 0.00001 ( 1)  0.310
 491 A   0.99999 0.00001 ( 1)  0.310
 492 A   0.99999 0.00001 ( 1)  0.310
 493 V   0.99999 0.00001 ( 1)  0.310
 494 G   0.99999 0.00001 ( 1)  0.310
 495 P   0.99999 0.00001 ( 1)  0.310
 496 T   0.99999 0.00001 ( 1)  0.310
 497 G   0.99999 0.00001 ( 1)  0.310
 498 S   0.99999 0.00001 ( 1)  0.310
 499 S   0.99999 0.00001 ( 1)  0.310
 500 A   0.99999 0.00001 ( 1)  0.310
 501 L   0.99999 0.00001 ( 1)  0.310
 502 L   0.99999 0.00001 ( 1)  0.310
 503 P   0.99999 0.00001 ( 1)  0.310
 504 G   0.99999 0.00001 ( 1)  0.310
 505 H   0.99999 0.00001 ( 1)  0.310
 506 S   0.99999 0.00001 ( 1)  0.310
 507 R   0.99999 0.00001 ( 1)  0.310
 508 L   0.99999 0.00001 ( 1)  0.310
 509 L   0.99999 0.00001 ( 1)  0.310
 510 M   0.99999 0.00001 ( 1)  0.310
 511 G   0.99999 0.00001 ( 1)  0.310
 512 R   0.99999 0.00001 ( 1)  0.310
 513 V   0.99999 0.00001 ( 1)  0.310
 514 P   0.99999 0.00001 ( 1)  0.310
 515 S   0.99999 0.00001 ( 1)  0.310
 516 H   0.99999 0.00001 ( 1)  0.310
 517 F   0.99999 0.00001 ( 1)  0.310
 518 D   0.99999 0.00001 ( 1)  0.310
 519 E   0.99999 0.00001 ( 1)  0.310
 520 T   0.99999 0.00001 ( 1)  0.310
 521 Q   0.99999 0.00001 ( 1)  0.310
 522 D   0.99999 0.00001 ( 1)  0.310
 523 Y   0.99999 0.00001 ( 1)  0.310
 524 L   0.99999 0.00001 ( 1)  0.310
 525 G   0.99999 0.00001 ( 1)  0.310
 526 A   0.99999 0.00001 ( 1)  0.310
 527 V   0.99999 0.00001 ( 1)  0.310
 528 E   0.99999 0.00001 ( 1)  0.310
 529 P   0.99999 0.00001 ( 1)  0.310
 530 P   0.99999 0.00001 ( 1)  0.310
 531 L   0.99999 0.00001 ( 1)  0.310
 532 D   0.99999 0.00001 ( 1)  0.310
 533 S   0.99999 0.00001 ( 1)  0.310
 534 V   0.99999 0.00001 ( 1)  0.310
 535 L   0.99999 0.00001 ( 1)  0.310
 536 F   0.99999 0.00001 ( 1)  0.310
 537 Q   0.99999 0.00001 ( 1)  0.310
 538 H   0.99999 0.00001 ( 1)  0.310
 539 N   0.99999 0.00001 ( 1)  0.310
 540 Y   0.99999 0.00001 ( 1)  0.310
 541 T   0.99999 0.00001 ( 1)  0.310
 542 A   0.99999 0.00001 ( 1)  0.310
 543 P   0.99999 0.00001 ( 1)  0.310
 544 A   0.99999 0.00001 ( 1)  0.310
 545 P   0.99999 0.00001 ( 1)  0.310
 546 I   0.99999 0.00001 ( 1)  0.310
 547 S   0.99999 0.00001 ( 1)  0.310
 548 Q   0.99999 0.00001 ( 1)  0.310
 549 L   0.99999 0.00001 ( 1)  0.310
 550 P   0.99999 0.00001 ( 1)  0.310
 551 N   0.99999 0.00001 ( 1)  0.310
 552 P   0.99999 0.00001 ( 1)  0.310
 553 L   0.99999 0.00001 ( 1)  0.310
 554 L   0.99999 0.00001 ( 1)  0.310
 555 N   0.99999 0.00001 ( 1)  0.310
 556 Y   0.99999 0.00001 ( 1)  0.310
 557 P   0.99999 0.00001 ( 1)  0.310
 558 S   0.99999 0.00001 ( 1)  0.310
 559 L   0.99999 0.00001 ( 1)  0.310
 560 P   0.99999 0.00001 ( 1)  0.310
 561 G   0.99999 0.00001 ( 1)  0.310
 562 H   0.99999 0.00001 ( 1)  0.310
 563 P   0.99999 0.00001 ( 1)  0.310
 564 P   0.99997 0.00003 ( 1)  0.310
 565 P   0.99999 0.00001 ( 1)  0.310
 566 P   0.99999 0.00001 ( 1)  0.310
 567 P   0.99999 0.00001 ( 1)  0.310
 568 T   0.99999 0.00001 ( 1)  0.310
 569 D   0.99999 0.00001 ( 1)  0.310
 570 A   0.99999 0.00001 ( 1)  0.310
 571 Q   0.99999 0.00001 ( 1)  0.310
 572 F   0.99999 0.00001 ( 1)  0.310
 573 N   0.99999 0.00001 ( 1)  0.310
 574 G   0.99999 0.00001 ( 1)  0.310
 575 S   0.99999 0.00001 ( 1)  0.310
 576 A   0.99999 0.00001 ( 1)  0.310
 577 Y   0.99999 0.00001 ( 1)  0.310
 578 G   0.99999 0.00001 ( 1)  0.310
 579 Y   0.99999 0.00001 ( 1)  0.310
 580 R   0.99999 0.00001 ( 1)  0.310
 581 P   0.99999 0.00001 ( 1)  0.310
 582 I   0.99999 0.00001 ( 1)  0.310
 583 N   0.99999 0.00001 ( 1)  0.310
 584 H   0.99999 0.00001 ( 1)  0.310
 585 S   0.99999 0.00001 ( 1)  0.310
 586 M   0.99999 0.00001 ( 1)  0.310
 587 G   0.99999 0.00001 ( 1)  0.310
 588 T   0.99999 0.00001 ( 1)  0.310
 589 G   0.99999 0.00001 ( 1)  0.310
 590 G   0.99999 0.00001 ( 1)  0.310
 591 V   0.99999 0.00001 ( 1)  0.310
 592 E   0.99999 0.00001 ( 1)  0.310
 593 F   0.99999 0.00001 ( 1)  0.310
 594 S   0.99999 0.00001 ( 1)  0.310
 595 R   0.99999 0.00001 ( 1)  0.310
 596 A   0.99999 0.00001 ( 1)  0.310
 597 A   0.99999 0.00001 ( 1)  0.310
 598 G   0.99999 0.00001 ( 1)  0.310
 599 G   0.99999 0.00001 ( 1)  0.310
 600 N   0.99999 0.00001 ( 1)  0.310
 601 L   0.99999 0.00001 ( 1)  0.310
 602 P   0.99999 0.00001 ( 1)  0.310
 603 A   0.99999 0.00001 ( 1)  0.310
 604 E   0.99999 0.00001 ( 1)  0.310
 605 Q   0.99999 0.00001 ( 1)  0.310
 606 F   0.99999 0.00001 ( 1)  0.310
 607 T   0.99999 0.00001 ( 1)  0.310
 608 A   0.99999 0.00001 ( 1)  0.310
 609 V   0.99999 0.00001 ( 1)  0.310
 610 V   0.99999 0.00001 ( 1)  0.310
 611 L   0.99999 0.00001 ( 1)  0.310
 612 S   0.99999 0.00001 ( 1)  0.310
 613 Y   0.99999 0.00001 ( 1)  0.310
 614 N   0.99999 0.00001 ( 1)  0.310
 615 R   0.99999 0.00001 ( 1)  0.310
 616 E   0.99999 0.00001 ( 1)  0.310
 617 S   0.99999 0.00001 ( 1)  0.310
 618 V   0.99999 0.00001 ( 1)  0.310
 619 L   0.99999 0.00001 ( 1)  0.310
 620 V   0.99999 0.00001 ( 1)  0.310
 621 G   0.99999 0.00001 ( 1)  0.310
 622 S   0.99999 0.00001 ( 1)  0.310
 623 L   0.99999 0.00001 ( 1)  0.310
 624 S   0.99999 0.00001 ( 1)  0.310
 625 K   0.99999 0.00001 ( 1)  0.310
 626 L   0.99999 0.00001 ( 1)  0.310
 627 A   0.99999 0.00001 ( 1)  0.310
 628 G   0.99999 0.00001 ( 1)  0.310
 629 L   0.99999 0.00001 ( 1)  0.310
 630 P   0.99999 0.00001 ( 1)  0.310
 631 Y   0.99999 0.00001 ( 1)  0.310
 632 L   0.99999 0.00001 ( 1)  0.310
 633 H   0.99999 0.00001 ( 1)  0.310
 634 S   0.99999 0.00001 ( 1)  0.310
 635 V   0.99999 0.00001 ( 1)  0.310
 636 L   0.99999 0.00001 ( 1)  0.310
 637 V   0.99999 0.00001 ( 1)  0.310
 638 V   0.99999 0.00001 ( 1)  0.310
 639 W   0.99999 0.00001 ( 1)  0.310
 640 N   0.99999 0.00001 ( 1)  0.310
 641 G   0.99999 0.00001 ( 1)  0.310
 642 E   0.99999 0.00001 ( 1)  0.310
 643 R   0.99999 0.00001 ( 1)  0.310
 644 P   0.99999 0.00001 ( 1)  0.310
 645 P   0.99999 0.00001 ( 1)  0.310
 646 N   0.99999 0.00001 ( 1)  0.310
 647 P   0.99999 0.00001 ( 1)  0.310
 648 S   0.99999 0.00001 ( 1)  0.310
 649 T   0.99999 0.00001 ( 1)  0.310
 650 V   0.99999 0.00001 ( 1)  0.310
 651 W   0.99999 0.00001 ( 1)  0.310
 652 P   0.99999 0.00001 ( 1)  0.310
 653 D   0.99999 0.00001 ( 1)  0.310
 654 L   0.99999 0.00001 ( 1)  0.310
 655 G   0.99999 0.00001 ( 1)  0.310
 656 G   0.99999 0.00001 ( 1)  0.310
 657 V   0.99999 0.00001 ( 1)  0.310
 658 P   0.99999 0.00001 ( 1)  0.310
 659 L   0.99999 0.00001 ( 1)  0.310
 660 H   0.99999 0.00001 ( 1)  0.310
 661 F   0.99999 0.00001 ( 1)  0.310
 662 I   0.99999 0.00001 ( 1)  0.310
 663 R   0.99999 0.00001 ( 1)  0.310
 664 G   0.99999 0.00001 ( 1)  0.310
 665 P   0.99999 0.00001 ( 1)  0.310
 666 G   0.99999 0.00001 ( 1)  0.310
 667 N   0.99999 0.00001 ( 1)  0.310
 668 S   0.99999 0.00001 ( 1)  0.310
 669 L   0.99999 0.00001 ( 1)  0.310
 670 N   0.99999 0.00001 ( 1)  0.310
 671 N   0.99999 0.00001 ( 1)  0.310
 672 R   0.99999 0.00001 ( 1)  0.310
 673 F   0.99999 0.00001 ( 1)  0.310
 674 L   0.99999 0.00001 ( 1)  0.310
 675 P   0.99999 0.00001 ( 1)  0.310
 676 W   0.99999 0.00001 ( 1)  0.310
 677 S   0.99999 0.00001 ( 1)  0.310
 678 Q   0.99999 0.00001 ( 1)  0.310
 679 I   0.99999 0.00001 ( 1)  0.310
 680 R   0.99999 0.00001 ( 1)  0.310
 681 T   0.99999 0.00001 ( 1)  0.310
 682 E   0.99999 0.00001 ( 1)  0.310
 683 A   0.99999 0.00001 ( 1)  0.310
 684 V   0.99999 0.00001 ( 1)  0.310
 685 L   0.99999 0.00001 ( 1)  0.310
 686 S   0.99999 0.00001 ( 1)  0.310
 687 L   0.99999 0.00001 ( 1)  0.310
 688 D   0.99999 0.00001 ( 1)  0.310
 689 D   0.99999 0.00001 ( 1)  0.310
 690 D   0.99999 0.00001 ( 1)  0.310
 691 V   0.99999 0.00001 ( 1)  0.310
 692 Y   0.99999 0.00001 ( 1)  0.310
 693 M   0.99999 0.00001 ( 1)  0.310
 694 R   0.99999 0.00001 ( 1)  0.310
 695 Q   0.99999 0.00001 ( 1)  0.310
 696 D   0.99999 0.00001 ( 1)  0.310
 697 E   0.99999 0.00001 ( 1)  0.310
 698 L   0.99999 0.00001 ( 1)  0.310
 699 V   0.99999 0.00001 ( 1)  0.310
 700 L   0.99999 0.00001 ( 1)  0.310
 701 A   0.99999 0.00001 ( 1)  0.310
 702 F   0.99999 0.00001 ( 1)  0.310
 703 R   0.99999 0.00001 ( 1)  0.310
 704 V   0.99999 0.00001 ( 1)  0.310
 705 W   0.99999 0.00001 ( 1)  0.310
 706 R   0.99999 0.00001 ( 1)  0.310
 707 E   0.99999 0.00001 ( 1)  0.310
 708 H   0.99999 0.00001 ( 1)  0.310
 709 R   0.99999 0.00001 ( 1)  0.310
 710 D   0.99999 0.00001 ( 1)  0.310
 711 R   0.99999 0.00001 ( 1)  0.310
 712 I   0.99999 0.00001 ( 1)  0.310
 713 V   0.99999 0.00001 ( 1)  0.310
 714 G   0.99999 0.00001 ( 1)  0.310
 715 F   0.99999 0.00001 ( 1)  0.310
 716 P   0.99999 0.00001 ( 1)  0.310
 717 A   0.99999 0.00001 ( 1)  0.310
 718 R   0.99999 0.00001 ( 1)  0.310
 719 F   0.99999 0.00001 ( 1)  0.310
 720 H   0.99999 0.00001 ( 1)  0.310
 721 A   0.99999 0.00001 ( 1)  0.310
 722 R   0.99999 0.00001 ( 1)  0.310
 723 S   0.99999 0.00001 ( 1)  0.310
 724 G   0.99999 0.00001 ( 1)  0.310
 725 S   0.99999 0.00001 ( 1)  0.310
 726 G   0.99999 0.00001 ( 1)  0.310
 727 W   0.99999 0.00001 ( 1)  0.310
 728 V   0.99999 0.00001 ( 1)  0.310
 729 Y   0.99999 0.00001 ( 1)  0.310
 730 D   0.99997 0.00003 ( 1)  0.310
 731 S   0.99999 0.00001 ( 1)  0.310
 732 N   0.99999 0.00001 ( 1)  0.310
 733 Q   0.99999 0.00001 ( 1)  0.310
 734 T   0.99999 0.00001 ( 1)  0.310
 735 C   0.99999 0.00001 ( 1)  0.310
 736 E   0.99999 0.00001 ( 1)  0.310
 737 Y   0.99999 0.00001 ( 1)  0.310
 738 S   0.99999 0.00001 ( 1)  0.310
 739 M   0.99999 0.00001 ( 1)  0.310
 740 V   0.99999 0.00001 ( 1)  0.310
 741 L   0.99999 0.00001 ( 1)  0.310
 742 T   0.99999 0.00001 ( 1)  0.310
 743 G   0.99999 0.00001 ( 1)  0.310
 744 A   0.99999 0.00001 ( 1)  0.310
 745 A   0.99999 0.00001 ( 1)  0.310
 746 F   0.99999 0.00001 ( 1)  0.310
 747 L   0.99999 0.00001 ( 1)  0.310
 748 H   0.99999 0.00001 ( 1)  0.310
 749 V   0.99999 0.00001 ( 1)  0.310
 750 H   0.99999 0.00001 ( 1)  0.310
 751 Y   0.99999 0.00001 ( 1)  0.310
 752 L   0.99999 0.00001 ( 1)  0.310
 753 H   0.99999 0.00001 ( 1)  0.310
 754 L   0.99999 0.00001 ( 1)  0.310
 755 Y   0.99999 0.00001 ( 1)  0.310
 756 S   0.99999 0.00001 ( 1)  0.310
 757 Y   0.99999 0.00001 ( 1)  0.310
 758 W   0.99999 0.00001 ( 1)  0.310
 759 L   0.99999 0.00001 ( 1)  0.310
 760 P   0.99999 0.00001 ( 1)  0.310
 761 A   0.99999 0.00001 ( 1)  0.310
 762 A   0.99999 0.00001 ( 1)  0.310
 763 L   0.99999 0.00001 ( 1)  0.310
 764 R   0.99999 0.00001 ( 1)  0.310
 765 A   0.99999 0.00001 ( 1)  0.310
 766 E   0.99999 0.00001 ( 1)  0.310
 767 V   0.99999 0.00001 ( 1)  0.310
 768 D   0.99999 0.00001 ( 1)  0.310
 769 R   0.99999 0.00001 ( 1)  0.310
 770 L   0.99999 0.00001 ( 1)  0.310
 771 T   0.99999 0.00001 ( 1)  0.310
 772 N   0.99999 0.00001 ( 1)  0.310
 773 C   0.99999 0.00001 ( 1)  0.310
 774 E   0.99999 0.00001 ( 1)  0.310
 775 D   0.99999 0.00001 ( 1)  0.310
 776 I   0.99999 0.00001 ( 1)  0.310
 777 L   0.99999 0.00001 ( 1)  0.310
 778 M   0.99999 0.00001 ( 1)  0.310
 779 N   0.99999 0.00001 ( 1)  0.310
 780 F   0.99999 0.00001 ( 1)  0.310
 781 L   0.99999 0.00001 ( 1)  0.310
 782 V   0.99999 0.00001 ( 1)  0.310
 783 S   0.99999 0.00001 ( 1)  0.310
 784 H   0.99999 0.00001 ( 1)  0.310
 785 V   0.99999 0.00001 ( 1)  0.310
 786 T   0.99999 0.00001 ( 1)  0.310
 787 R   0.99999 0.00001 ( 1)  0.310
 788 K   0.99999 0.00001 ( 1)  0.310
 789 A   0.99999 0.00001 ( 1)  0.310
 790 P   0.99999 0.00001 ( 1)  0.310
 791 I   0.99999 0.00001 ( 1)  0.310
 792 K   0.99999 0.00001 ( 1)  0.310
 793 V   0.99999 0.00001 ( 1)  0.310
 794 T   0.99999 0.00001 ( 1)  0.310
 795 S   0.99999 0.00001 ( 1)  0.310
 796 R   0.99999 0.00001 ( 1)  0.310
 797 W   0.99999 0.00001 ( 1)  0.310
 798 T   0.99999 0.00001 ( 1)  0.310
 799 F   0.99999 0.00001 ( 1)  0.310
 800 P   0.99999 0.00001 ( 1)  0.310
 801 C   0.99999 0.00001 ( 1)  0.310
 802 F   0.99999 0.00001 ( 1)  0.310
 803 G   0.99999 0.00001 ( 1)  0.310
 804 C   0.99999 0.00001 ( 1)  0.310
 805 S   0.99999 0.00001 ( 1)  0.310
 806 Q   0.99999 0.00001 ( 1)  0.310
 807 S   0.99999 0.00001 ( 1)  0.310
 808 L   0.99999 0.00001 ( 1)  0.310
 809 Y   0.99999 0.00001 ( 1)  0.310
 810 K   0.99999 0.00001 ( 1)  0.310
 811 D   0.99999 0.00001 ( 1)  0.310
 812 D   0.99999 0.00001 ( 1)  0.310
 813 S   0.99999 0.00001 ( 1)  0.310
 814 H   0.99999 0.00001 ( 1)  0.310
 815 F   0.99999 0.00001 ( 1)  0.310
 816 F   0.99999 0.00001 ( 1)  0.310
 817 E   0.99999 0.00001 ( 1)  0.310
 818 R   0.99999 0.00001 ( 1)  0.310
 819 S   0.99999 0.00001 ( 1)  0.310
 820 H   0.99999 0.00001 ( 1)  0.310
 821 C   0.99999 0.00001 ( 1)  0.310
 822 I   0.99999 0.00001 ( 1)  0.310
 823 N   0.99999 0.00001 ( 1)  0.310
 824 Y   0.99999 0.00001 ( 1)  0.310
 825 F   0.99999 0.00001 ( 1)  0.310
 826 S   0.99999 0.00001 ( 1)  0.310
 827 G   0.99999 0.00001 ( 1)  0.310
 828 M   0.99999 0.00001 ( 1)  0.310
 829 F   0.99999 0.00001 ( 1)  0.310
 830 G   0.99999 0.00001 ( 1)  0.310
 831 Y   0.99999 0.00001 ( 1)  0.310
 832 N   0.99999 0.00001 ( 1)  0.310
 833 T   0.99999 0.00001 ( 1)  0.310
 834 L   0.99999 0.00001 ( 1)  0.310
 835 L   0.99999 0.00001 ( 1)  0.310
 836 Y   0.99999 0.00001 ( 1)  0.310
 837 S   0.99999 0.00001 ( 1)  0.310
 838 Q   0.99999 0.00001 ( 1)  0.310
 839 F   0.99999 0.00001 ( 1)  0.310
 840 R   0.99999 0.00001 ( 1)  0.310
 841 A   0.99999 0.00001 ( 1)  0.310
 842 D   0.99999 0.00001 ( 1)  0.310
 843 S   0.99999 0.00001 ( 1)  0.310
 844 V   0.99999 0.00001 ( 1)  0.310
 845 L   0.99999 0.00001 ( 1)  0.310
 846 F   0.99999 0.00001 ( 1)  0.310
 847 K   0.99999 0.00001 ( 1)  0.310
 848 T   0.99999 0.00001 ( 1)  0.310
 849 R   0.99999 0.00001 ( 1)  0.310
 850 L   0.99999 0.00001 ( 1)  0.310
 851 G   0.99999 0.00001 ( 1)  0.310
 852 T   0.99999 0.00001 ( 1)  0.310
 853 D   0.99999 0.00001 ( 1)  0.310
 854 K   0.99999 0.00001 ( 1)  0.310
 855 V   0.99999 0.00001 ( 1)  0.310
 856 K   0.99999 0.00001 ( 1)  0.310
 857 C   0.99999 0.00001 ( 1)  0.310
 858 F   0.99999 0.00001 ( 1)  0.310
 859 K   0.99999 0.00001 ( 1)  0.310
 860 Y   0.99999 0.00001 ( 1)  0.310
 861 V   0.99999 0.00001 ( 1)  0.310


lnL = -3509.754771

