Supplemental results for CODEML (seqf: algn  treef: tree)


dN/dS (w) for site classes (K=3)

p:   1.00000  0.00000  0.00000
w:   0.25989  1.00000  1.00000

Naive Empirical Bayes (NEB) probabilities for 3 classes & postmean_w
(amino acids refer to 1st sequence: Smed.18787)

   1 M   1.00000 0.00000 0.00000 ( 1)  0.260
   2 T   1.00000 0.00000 0.00000 ( 1)  0.260
   3 T   1.00000 0.00000 0.00000 ( 1)  0.260
   4 D   1.00000 0.00000 0.00000 ( 1)  0.260
   5 K   1.00000 0.00000 0.00000 ( 1)  0.260
   6 I   1.00000 0.00000 0.00000 ( 1)  0.260
   7 V   1.00000 0.00000 0.00000 ( 1)  0.260
   8 N   1.00000 0.00000 0.00000 ( 1)  0.260
   9 H   1.00000 0.00000 0.00000 ( 1)  0.260
  10 I   1.00000 0.00000 0.00000 ( 1)  0.260
  11 D   1.00000 0.00000 0.00000 ( 1)  0.260
  12 I   1.00000 0.00000 0.00000 ( 1)  0.260
  13 K   1.00000 0.00000 0.00000 ( 1)  0.260
  14 L   1.00000 0.00000 0.00000 ( 1)  0.260
  15 Q   1.00000 0.00000 0.00000 ( 1)  0.260
  16 K   1.00000 0.00000 0.00000 ( 1)  0.260
  17 S   1.00000 0.00000 0.00000 ( 1)  0.260
  18 I   1.00000 0.00000 0.00000 ( 1)  0.260
  19 G   1.00000 0.00000 0.00000 ( 1)  0.260
  20 V   1.00000 0.00000 0.00000 ( 1)  0.260
  21 F   1.00000 0.00000 0.00000 ( 1)  0.260
  22 Q   1.00000 0.00000 0.00000 ( 1)  0.260
  23 G   1.00000 0.00000 0.00000 ( 1)  0.260
  24 M   1.00000 0.00000 0.00000 ( 1)  0.260
  25 C   1.00000 0.00000 0.00000 ( 1)  0.260
  26 I   1.00000 0.00000 0.00000 ( 1)  0.260
  27 I   1.00000 0.00000 0.00000 ( 1)  0.260
  28 I   1.00000 0.00000 0.00000 ( 1)  0.260
  29 G   1.00000 0.00000 0.00000 ( 1)  0.260
  30 I   1.00000 0.00000 0.00000 ( 1)  0.260
  31 I   1.00000 0.00000 0.00000 ( 1)  0.260
  32 I   1.00000 0.00000 0.00000 ( 1)  0.260
  33 G   1.00000 0.00000 0.00000 ( 1)  0.260
  34 S   1.00000 0.00000 0.00000 ( 1)  0.260
  35 G   1.00000 0.00000 0.00000 ( 1)  0.260
  36 I   1.00000 0.00000 0.00000 ( 1)  0.260
  37 F   1.00000 0.00000 0.00000 ( 1)  0.260
  38 V   1.00000 0.00000 0.00000 ( 1)  0.260
  39 S   1.00000 0.00000 0.00000 ( 1)  0.260
  40 P   1.00000 0.00000 0.00000 ( 1)  0.260
  41 I   1.00000 0.00000 0.00000 ( 1)  0.260
  42 G   1.00000 0.00000 0.00000 ( 1)  0.260
  43 V   1.00000 0.00000 0.00000 ( 1)  0.260
  44 L   1.00000 0.00000 0.00000 ( 1)  0.260
  45 K   1.00000 0.00000 0.00000 ( 1)  0.260
  46 Y   1.00000 0.00000 0.00000 ( 1)  0.260
  47 T   1.00000 0.00000 0.00000 ( 1)  0.260
  48 N   1.00000 0.00000 0.00000 ( 1)  0.260
  49 S   1.00000 0.00000 0.00000 ( 1)  0.260
  50 V   1.00000 0.00000 0.00000 ( 1)  0.260
  51 G   1.00000 0.00000 0.00000 ( 1)  0.260
  52 M   1.00000 0.00000 0.00000 ( 1)  0.260
  53 S   1.00000 0.00000 0.00000 ( 1)  0.260
  54 M   1.00000 0.00000 0.00000 ( 1)  0.260
  55 I   1.00000 0.00000 0.00000 ( 1)  0.260
  56 L   1.00000 0.00000 0.00000 ( 1)  0.260
  57 W   1.00000 0.00000 0.00000 ( 1)  0.260
  58 V   1.00000 0.00000 0.00000 ( 1)  0.260
  59 L   1.00000 0.00000 0.00000 ( 1)  0.260
  60 C   1.00000 0.00000 0.00000 ( 1)  0.260
  61 G   1.00000 0.00000 0.00000 ( 1)  0.260
  62 L   1.00000 0.00000 0.00000 ( 1)  0.260
  63 F   1.00000 0.00000 0.00000 ( 1)  0.260
  64 S   1.00000 0.00000 0.00000 ( 1)  0.260
  65 A   1.00000 0.00000 0.00000 ( 1)  0.260
  66 L   1.00000 0.00000 0.00000 ( 1)  0.260
  67 G   1.00000 0.00000 0.00000 ( 1)  0.260
  68 S   1.00000 0.00000 0.00000 ( 1)  0.260
  69 I   1.00000 0.00000 0.00000 ( 1)  0.260
  70 V   1.00000 0.00000 0.00000 ( 1)  0.260
  71 Y   1.00000 0.00000 0.00000 ( 1)  0.260
  72 A   1.00000 0.00000 0.00000 ( 1)  0.260
  73 E   1.00000 0.00000 0.00000 ( 1)  0.260
  74 L   1.00000 0.00000 0.00000 ( 1)  0.260
  75 G   1.00000 0.00000 0.00000 ( 1)  0.260
  76 V   1.00000 0.00000 0.00000 ( 1)  0.260
  77 T   1.00000 0.00000 0.00000 ( 1)  0.260
  78 I   1.00000 0.00000 0.00000 ( 1)  0.260
  79 P   1.00000 0.00000 0.00000 ( 1)  0.260
  80 K   1.00000 0.00000 0.00000 ( 1)  0.260
  81 S   1.00000 0.00000 0.00000 ( 1)  0.260
  82 G   1.00000 0.00000 0.00000 ( 1)  0.260
  83 G   1.00000 0.00000 0.00000 ( 1)  0.260
  84 E   1.00000 0.00000 0.00000 ( 1)  0.260
  85 Y   1.00000 0.00000 0.00000 ( 1)  0.260
  86 I   1.00000 0.00000 0.00000 ( 1)  0.260
  87 Y   1.00000 0.00000 0.00000 ( 1)  0.260
  88 I   1.00000 0.00000 0.00000 ( 1)  0.260
  89 L   1.00000 0.00000 0.00000 ( 1)  0.260
  90 E   1.00000 0.00000 0.00000 ( 1)  0.260
  91 S   1.00000 0.00000 0.00000 ( 1)  0.260
  92 F   1.00000 0.00000 0.00000 ( 1)  0.260
  93 G   1.00000 0.00000 0.00000 ( 1)  0.260
  94 P   1.00000 0.00000 0.00000 ( 1)  0.260
  95 L   1.00000 0.00000 0.00000 ( 1)  0.260
  96 S   1.00000 0.00000 0.00000 ( 1)  0.260
  97 A   1.00000 0.00000 0.00000 ( 1)  0.260
  98 F   1.00000 0.00000 0.00000 ( 1)  0.260
  99 I   1.00000 0.00000 0.00000 ( 1)  0.260
 100 C   1.00000 0.00000 0.00000 ( 1)  0.260
 101 M   1.00000 0.00000 0.00000 ( 1)  0.260
 102 W   1.00000 0.00000 0.00000 ( 1)  0.260
 103 I   1.00000 0.00000 0.00000 ( 1)  0.260
 104 T   1.00000 0.00000 0.00000 ( 1)  0.260
 105 F   1.00000 0.00000 0.00000 ( 1)  0.260
 106 V   1.00000 0.00000 0.00000 ( 1)  0.260
 107 T   1.00000 0.00000 0.00000 ( 1)  0.260
 108 I   1.00000 0.00000 0.00000 ( 1)  0.260
 109 G   1.00000 0.00000 0.00000 ( 1)  0.260
 110 G   1.00000 0.00000 0.00000 ( 1)  0.260
 111 V   1.00000 0.00000 0.00000 ( 1)  0.260
 112 S   1.00000 0.00000 0.00000 ( 1)  0.260
 113 L   1.00000 0.00000 0.00000 ( 1)  0.260
 114 A   1.00000 0.00000 0.00000 ( 1)  0.260
 115 A   1.00000 0.00000 0.00000 ( 1)  0.260
 116 N   1.00000 0.00000 0.00000 ( 1)  0.260
 117 S   1.00000 0.00000 0.00000 ( 1)  0.260
 118 F   1.00000 0.00000 0.00000 ( 1)  0.260
 119 I   1.00000 0.00000 0.00000 ( 1)  0.260
 120 F   1.00000 0.00000 0.00000 ( 1)  0.260
 121 A   1.00000 0.00000 0.00000 ( 1)  0.260
 122 Q   1.00000 0.00000 0.00000 ( 1)  0.260
 123 Y   1.00000 0.00000 0.00000 ( 1)  0.260
 124 I   1.00000 0.00000 0.00000 ( 1)  0.260
 125 L   1.00000 0.00000 0.00000 ( 1)  0.260
 126 Q   1.00000 0.00000 0.00000 ( 1)  0.260
 127 P   1.00000 0.00000 0.00000 ( 1)  0.260
 128 L   1.00000 0.00000 0.00000 ( 1)  0.260
 129 F   1.00000 0.00000 0.00000 ( 1)  0.260
 130 A   1.00000 0.00000 0.00000 ( 1)  0.260
 131 S   1.00000 0.00000 0.00000 ( 1)  0.260
 132 C   1.00000 0.00000 0.00000 ( 1)  0.260
 133 D   1.00000 0.00000 0.00000 ( 1)  0.260
 134 I   1.00000 0.00000 0.00000 ( 1)  0.260
 135 P   1.00000 0.00000 0.00000 ( 1)  0.260
 136 N   1.00000 0.00000 0.00000 ( 1)  0.260
 137 S   1.00000 0.00000 0.00000 ( 1)  0.260
 138 A   1.00000 0.00000 0.00000 ( 1)  0.260
 139 L   1.00000 0.00000 0.00000 ( 1)  0.260
 140 I   1.00000 0.00000 0.00000 ( 1)  0.260
 141 L   1.00000 0.00000 0.00000 ( 1)  0.260
 142 V   1.00000 0.00000 0.00000 ( 1)  0.260
 143 G   1.00000 0.00000 0.00000 ( 1)  0.260
 144 L   1.00000 0.00000 0.00000 ( 1)  0.260
 145 L   1.00000 0.00000 0.00000 ( 1)  0.260
 146 G   1.00000 0.00000 0.00000 ( 1)  0.260
 147 L   1.00000 0.00000 0.00000 ( 1)  0.260
 148 G   1.00000 0.00000 0.00000 ( 1)  0.260
 149 K   1.00000 0.00000 0.00000 ( 1)  0.260

Positively selected sites

	Prob(w>1)  mean w



lnL =  -596.242865

Bayes Empirical Bayes (BEB) probabilities for 3 classes (class) & postmean_w
(amino acids refer to 1st sequence: Smed.18787)

   1 M   0.64945 0.26316 0.08739 ( 1)  0.674 +-  0.888
   2 T   0.64580 0.26404 0.09016 ( 1)  0.687 +-  0.923
   3 T   0.64990 0.26299 0.08712 ( 1)  0.673 +-  0.886
   4 D   0.63913 0.26553 0.09534 ( 1)  0.711 +-  0.987
   5 K   0.63981 0.26539 0.09480 ( 1)  0.708 +-  0.980
   6 I   0.64893 0.26317 0.08790 ( 1)  0.677 +-  0.897
   7 V   0.65156 0.26242 0.08602 ( 1)  0.668 +-  0.876
   8 N   0.64894 0.26327 0.08779 ( 1)  0.676 +-  0.893
   9 H   0.64403 0.26449 0.09148 ( 1)  0.693 +-  0.938
  10 I   0.28513 0.37335 0.34151 ( 2)  1.868 +-  2.244
  11 D   0.63913 0.26553 0.09534 ( 1)  0.711 +-  0.987
  12 I   0.65238 0.26216 0.08546 ( 1)  0.666 +-  0.870
  13 K   0.64501 0.26425 0.09074 ( 1)  0.689 +-  0.929
  14 L   0.64540 0.26412 0.09047 ( 1)  0.688 +-  0.927
  15 Q   0.64002 0.26535 0.09462 ( 1)  0.708 +-  0.978
  16 K   0.64501 0.26425 0.09074 ( 1)  0.689 +-  0.929
  17 S   0.64224 0.26487 0.09290 ( 1)  0.700 +-  0.957
  18 I   0.64019 0.26530 0.09451 ( 1)  0.707 +-  0.977
  19 G   0.64703 0.26375 0.08922 ( 1)  0.682 +-  0.911
  20 V   0.65156 0.26242 0.08602 ( 1)  0.668 +-  0.876
  21 F   0.65230 0.26228 0.08543 ( 1)  0.666 +-  0.867
  22 Q   0.64002 0.26535 0.09462 ( 1)  0.708 +-  0.978
  23 G   0.64274 0.26476 0.09250 ( 1)  0.698 +-  0.952
  24 M   0.64945 0.26316 0.08739 ( 1)  0.674 +-  0.888
  25 C   0.63766 0.26581 0.09652 ( 1)  0.717 +-  1.002
  26 I   0.64019 0.26530 0.09451 ( 1)  0.707 +-  0.977
  27 I   0.65238 0.26216 0.08546 ( 1)  0.666 +-  0.870
  28 I   0.64019 0.26530 0.09451 ( 1)  0.707 +-  0.977
  29 G   0.64274 0.26476 0.09250 ( 1)  0.698 +-  0.952
  30 I   0.64893 0.26317 0.08790 ( 1)  0.677 +-  0.897
  31 I   0.64019 0.26530 0.09451 ( 1)  0.707 +-  0.977
  32 I   0.65238 0.26216 0.08546 ( 1)  0.666 +-  0.870
  33 G   0.63773 0.26580 0.09647 ( 1)  0.717 +-  1.002
  34 S   0.64751 0.26363 0.08886 ( 1)  0.681 +-  0.907
  35 G   0.64703 0.26375 0.08922 ( 1)  0.682 +-  0.911
  36 I   0.64893 0.26317 0.08790 ( 1)  0.677 +-  0.897
  37 F   0.65230 0.26228 0.08543 ( 1)  0.666 +-  0.867
  38 V   0.65156 0.26242 0.08602 ( 1)  0.668 +-  0.876
  39 S   0.64224 0.26487 0.09290 ( 1)  0.700 +-  0.957
  40 P   0.64214 0.26491 0.09295 ( 1)  0.700 +-  0.957
  41 I   0.65238 0.26216 0.08546 ( 1)  0.666 +-  0.870
  42 G   0.64274 0.26476 0.09250 ( 1)  0.698 +-  0.952
  43 V   0.65156 0.26242 0.08602 ( 1)  0.668 +-  0.876
  44 L   0.64540 0.26412 0.09047 ( 1)  0.688 +-  0.927
  45 K   0.64501 0.26425 0.09074 ( 1)  0.689 +-  0.929
  46 Y   0.64546 0.26414 0.09040 ( 1)  0.688 +-  0.925
  47 T   0.64580 0.26404 0.09016 ( 1)  0.687 +-  0.923
  48 N   0.63945 0.26547 0.09509 ( 1)  0.710 +-  0.984
  49 S   0.63787 0.26577 0.09636 ( 1)  0.716 +-  1.000
  50 V   0.65156 0.26242 0.08602 ( 1)  0.668 +-  0.876
  51 G   0.64274 0.26476 0.09250 ( 1)  0.698 +-  0.952
  52 M   0.64945 0.26316 0.08739 ( 1)  0.674 +-  0.888
  53 S   0.63782 0.26578 0.09640 ( 1)  0.716 +-  1.001
  54 M   0.64945 0.26316 0.08739 ( 1)  0.674 +-  0.888
  55 I   0.64746 0.26222 0.09032 ( 1)  0.692 +-  0.957
  56 L   0.63724 0.26589 0.09686 ( 1)  0.719 +-  1.007
  57 W   0.63852 0.26565 0.09583 ( 1)  0.713 +-  0.993
  58 V   0.65156 0.26242 0.08602 ( 1)  0.668 +-  0.876
  59 L   0.65004 0.26297 0.08699 ( 1)  0.672 +-  0.884
  60 C   0.64586 0.26404 0.09010 ( 1)  0.686 +-  0.922
  61 G   0.64274 0.26476 0.09250 ( 1)  0.698 +-  0.952
  62 L   0.65004 0.26297 0.08699 ( 1)  0.672 +-  0.884
  63 F   0.64160 0.26502 0.09338 ( 1)  0.702 +-  0.962
  64 S   0.64904 0.26324 0.08772 ( 1)  0.676 +-  0.893
  65 A   0.64925 0.26317 0.08758 ( 1)  0.675 +-  0.891
  66 L   0.63724 0.26589 0.09686 ( 1)  0.719 +-  1.007
  67 G   0.64274 0.26476 0.09250 ( 1)  0.698 +-  0.952
  68 S   0.64751 0.26363 0.08886 ( 1)  0.681 +-  0.907
  69 I   0.64893 0.26317 0.08790 ( 1)  0.677 +-  0.897
  70 V   0.64711 0.26366 0.08923 ( 1)  0.683 +-  0.913
  71 Y   0.64546 0.26414 0.09040 ( 1)  0.688 +-  0.925
  72 A   0.64530 0.26417 0.09053 ( 1)  0.688 +-  0.927
  73 E   0.63943 0.26547 0.09510 ( 1)  0.710 +-  0.984
  74 L   0.64173 0.26498 0.09329 ( 1)  0.701 +-  0.961
  75 G   0.63773 0.26580 0.09647 ( 1)  0.717 +-  1.002
  76 V   0.64711 0.26366 0.08923 ( 1)  0.683 +-  0.913
  77 T   0.63894 0.26556 0.09550 ( 1)  0.712 +-  0.989
  78 I   0.65238 0.26216 0.08546 ( 1)  0.666 +-  0.870
  79 P   0.63740 0.26586 0.09673 ( 1)  0.718 +-  1.005
  80 K   0.64501 0.26425 0.09074 ( 1)  0.689 +-  0.929
  81 S   0.64751 0.26363 0.08886 ( 1)  0.681 +-  0.907
  82 G   0.64703 0.26375 0.08922 ( 1)  0.682 +-  0.911
  83 G   0.64274 0.26476 0.09250 ( 1)  0.698 +-  0.952
  84 E   0.64441 0.26439 0.09120 ( 1)  0.692 +-  0.935
  85 Y   0.64546 0.26414 0.09040 ( 1)  0.688 +-  0.925
  86 I   0.65238 0.26216 0.08546 ( 1)  0.666 +-  0.870
  87 Y   0.64546 0.26414 0.09040 ( 1)  0.688 +-  0.925
  88 I   0.64893 0.26317 0.08790 ( 1)  0.677 +-  0.897
  89 L   0.64173 0.26498 0.09329 ( 1)  0.701 +-  0.961
  90 E   0.64441 0.26439 0.09120 ( 1)  0.692 +-  0.935
  91 S   0.63787 0.26577 0.09636 ( 1)  0.716 +-  1.000
  92 F   0.65230 0.26228 0.08543 ( 1)  0.666 +-  0.867
  93 G   0.63803 0.26574 0.09623 ( 1)  0.715 +-  0.999
  94 P   0.64214 0.26491 0.09295 ( 1)  0.700 +-  0.957
  95 L   0.64540 0.26412 0.09047 ( 1)  0.688 +-  0.927
  96 S   0.64224 0.26487 0.09290 ( 1)  0.700 +-  0.957
  97 A   0.64925 0.26317 0.08758 ( 1)  0.675 +-  0.891
  98 F   0.64160 0.26502 0.09338 ( 1)  0.702 +-  0.962
  99 I   0.65238 0.26216 0.08546 ( 1)  0.666 +-  0.870
 100 C   0.63766 0.26581 0.09652 ( 1)  0.717 +-  1.002
 101 M   0.64945 0.26316 0.08739 ( 1)  0.674 +-  0.888
 102 W   0.63852 0.26565 0.09583 ( 1)  0.713 +-  0.993
 103 I   0.64893 0.26317 0.08790 ( 1)  0.677 +-  0.897
 104 T   0.64580 0.26404 0.09016 ( 1)  0.687 +-  0.923
 105 F   0.65230 0.26228 0.08543 ( 1)  0.666 +-  0.867
 106 V   0.65156 0.26242 0.08602 ( 1)  0.668 +-  0.876
 107 T   0.64990 0.26299 0.08712 ( 1)  0.673 +-  0.886
 108 I   0.65238 0.26216 0.08546 ( 1)  0.666 +-  0.870
 109 G   0.64703 0.26375 0.08922 ( 1)  0.682 +-  0.911
 110 G   0.64703 0.26375 0.08922 ( 1)  0.682 +-  0.911
 111 V   0.65156 0.26242 0.08602 ( 1)  0.668 +-  0.876
 112 S   0.64904 0.26324 0.08772 ( 1)  0.676 +-  0.893
 113 L   0.63724 0.26589 0.09686 ( 1)  0.719 +-  1.007
 114 A   0.64925 0.26317 0.08758 ( 1)  0.675 +-  0.891
 115 A   0.64925 0.26317 0.08758 ( 1)  0.675 +-  0.891
 116 N   0.64894 0.26327 0.08779 ( 1)  0.676 +-  0.893
 117 S   0.64904 0.26324 0.08772 ( 1)  0.676 +-  0.893
 118 F   0.28254 0.37159 0.34587 ( 2)  1.892 +-  2.267
 119 I   0.64893 0.26317 0.08790 ( 1)  0.677 +-  0.897
 120 F   0.65230 0.26228 0.08543 ( 1)  0.666 +-  0.867
 121 A   0.64925 0.26317 0.08758 ( 1)  0.675 +-  0.891
 122 Q   0.64002 0.26535 0.09462 ( 1)  0.708 +-  0.978
 123 Y   0.64546 0.26414 0.09040 ( 1)  0.688 +-  0.925
 124 I   0.65238 0.26216 0.08546 ( 1)  0.666 +-  0.870
 125 L   0.64540 0.26412 0.09047 ( 1)  0.688 +-  0.927
 126 Q   0.64002 0.26535 0.09462 ( 1)  0.708 +-  0.978
 127 P   0.64214 0.26491 0.09295 ( 1)  0.700 +-  0.957
 128 L   0.64540 0.26412 0.09047 ( 1)  0.688 +-  0.927
 129 F   0.65230 0.26228 0.08543 ( 1)  0.666 +-  0.867
 130 A   0.64530 0.26417 0.09053 ( 1)  0.688 +-  0.927
 131 S   0.64751 0.26363 0.08886 ( 1)  0.681 +-  0.907
 132 C   0.64586 0.26404 0.09010 ( 1)  0.686 +-  0.922
 133 D   0.63913 0.26553 0.09534 ( 1)  0.711 +-  0.987
 134 I   0.65238 0.26216 0.08546 ( 1)  0.666 +-  0.870
 135 P   0.63715 0.26591 0.09694 ( 1)  0.719 +-  1.008
 136 N   0.64894 0.26327 0.08779 ( 1)  0.676 +-  0.893
 137 S   0.63782 0.26578 0.09640 ( 1)  0.716 +-  1.001
 138 A   0.63873 0.26561 0.09567 ( 1)  0.713 +-  0.991
 139 L   0.65004 0.26297 0.08699 ( 1)  0.672 +-  0.884
 140 I   0.65238 0.26216 0.08546 ( 1)  0.666 +-  0.870
 141 L   0.64540 0.26412 0.09047 ( 1)  0.688 +-  0.927
 142 V   0.65156 0.26242 0.08602 ( 1)  0.668 +-  0.876
 143 G   0.64703 0.26375 0.08922 ( 1)  0.682 +-  0.911
 144 L   0.64540 0.26412 0.09047 ( 1)  0.688 +-  0.927
 145 L   0.65004 0.26297 0.08699 ( 1)  0.672 +-  0.884
 146 G   0.64703 0.26375 0.08922 ( 1)  0.682 +-  0.911
 147 L   0.65004 0.26297 0.08699 ( 1)  0.672 +-  0.884
 148 G   0.64703 0.26375 0.08922 ( 1)  0.682 +-  0.911
 149 K   0.64074 0.26454 0.09472 ( 1)  0.710 +-  0.994

Positively selected sites

	Prob(w>1)  mean w


