Supplemental results for CODEML (seqf: algn  treef: tree)


dN/dS (w) for site classes (K=9)

p:   0.12395  0.12395  0.12395  0.12395  0.12395  0.12395  0.12395  0.12395  0.00843
w:   0.00000  0.00000  0.00000  0.00000  0.00000  0.00000  0.00000  0.00000 27.81819

Naive Empirical Bayes (NEB) probabilities for 9 classes & postmean_w & P(w>1)
(amino acids refer to 1st sequence: Mlig.45855)

   1 M   0.12476 0.12476 0.12476 0.12476 0.12476 0.12476 0.12476 0.12476 0.00193 ( 1)  0.054  0.002
   2 R   0.12439 0.12439 0.12439 0.12439 0.12439 0.12439 0.12439 0.12439 0.00485 ( 1)  0.135  0.005
   3 T   0.12445 0.12445 0.12445 0.12445 0.12445 0.12445 0.12445 0.12445 0.00436 ( 1)  0.121  0.004
   4 T   0.12439 0.12439 0.12439 0.12439 0.12439 0.12439 0.12439 0.12439 0.00486 ( 5)  0.135  0.005
   5 A   0.12472 0.12472 0.12472 0.12472 0.12472 0.12472 0.12472 0.12472 0.00220 ( 1)  0.061  0.002
   6 E   0.12442 0.12442 0.12442 0.12442 0.12442 0.12442 0.12442 0.12442 0.00464 ( 5)  0.129  0.005
   7 E   0.12442 0.12442 0.12442 0.12442 0.12442 0.12442 0.12442 0.12442 0.00464 ( 5)  0.129  0.005
   8 K   0.12442 0.12442 0.12442 0.12442 0.12442 0.12442 0.12442 0.12442 0.00463 ( 1)  0.129  0.005
   9 N   0.12448 0.12448 0.12448 0.12448 0.12448 0.12448 0.12448 0.12448 0.00417 ( 5)  0.116  0.004
  10 G   0.12472 0.12472 0.12472 0.12472 0.12472 0.12472 0.12472 0.12472 0.00226 ( 5)  0.063  0.002
  11 R   0.12468 0.12468 0.12468 0.12468 0.12468 0.12468 0.12468 0.12468 0.00254 ( 1)  0.071  0.003
  12 P   0.12462 0.12462 0.12462 0.12462 0.12462 0.12462 0.12462 0.12462 0.00302 ( 1)  0.084  0.003
  13 V   0.12468 0.12468 0.12468 0.12468 0.12468 0.12468 0.12468 0.12468 0.00256 ( 1)  0.071  0.003
  14 T   0.12439 0.12439 0.12439 0.12439 0.12439 0.12439 0.12439 0.12439 0.00486 ( 5)  0.135  0.005
  15 D   0.12471 0.12471 0.12471 0.12471 0.12471 0.12471 0.12471 0.12471 0.00229 ( 2)  0.064  0.002
  16 G   0.12472 0.12472 0.12472 0.12472 0.12472 0.12472 0.12472 0.12472 0.00226 ( 5)  0.063  0.002
  17 R   0.12422 0.12422 0.12422 0.12422 0.12422 0.12422 0.12422 0.12422 0.00624 ( 5)  0.174  0.006
  18 P   0.12462 0.12462 0.12462 0.12462 0.12462 0.12462 0.12462 0.12462 0.00302 ( 1)  0.084  0.003
  19 N   0.12448 0.12448 0.12448 0.12448 0.12448 0.12448 0.12448 0.12448 0.00417 ( 5)  0.116  0.004
  20 S   0.12461 0.12461 0.12461 0.12461 0.12461 0.12461 0.12461 0.12461 0.00315 ( 2)  0.088  0.003
  21 P   0.12467 0.12467 0.12467 0.12467 0.12467 0.12467 0.12467 0.12467 0.00266 ( 1)  0.074  0.003
  22 S   0.12439 0.12439 0.12439 0.12439 0.12439 0.12439 0.12439 0.12439 0.00487 ( 1)  0.136  0.005
  23 R   0.12422 0.12422 0.12422 0.12422 0.12422 0.12422 0.12422 0.12422 0.00624 ( 5)  0.174  0.006
  24 S   0.12473 0.12473 0.12473 0.12473 0.12473 0.12473 0.12473 0.12473 0.00217 ( 1)  0.060  0.002
  25 H   0.12442 0.12442 0.12442 0.12442 0.12442 0.12442 0.12442 0.12442 0.00468 ( 2)  0.130  0.005
  26 S   0.12467 0.12467 0.12467 0.12467 0.12467 0.12467 0.12467 0.12467 0.00265 ( 5)  0.074  0.003
  27 D   0.12471 0.12471 0.12471 0.12471 0.12471 0.12471 0.12471 0.12471 0.00229 ( 2)  0.064  0.002
  28 R   0.12439 0.12439 0.12439 0.12439 0.12439 0.12439 0.12439 0.12439 0.00485 ( 1)  0.135  0.005
  29 A   0.12469 0.12469 0.12469 0.12469 0.12469 0.12469 0.12469 0.12469 0.00252 ( 1)  0.070  0.003
  30 P   0.12462 0.12462 0.12462 0.12462 0.12462 0.12462 0.12462 0.12462 0.00302 ( 1)  0.084  0.003
  31 G   0.12444 0.12444 0.12444 0.12444 0.12444 0.12444 0.12444 0.12444 0.00450 ( 2)  0.125  0.004
  32 L   0.12443 0.12443 0.12443 0.12443 0.12443 0.12443 0.12443 0.12443 0.00455 ( 5)  0.127  0.005
  33 P   0.12440 0.12440 0.12440 0.12440 0.12440 0.12440 0.12440 0.12440 0.00484 ( 1)  0.135  0.005
  34 L   0.12443 0.12443 0.12443 0.12443 0.12443 0.12443 0.12443 0.12443 0.00455 ( 5)  0.127  0.005
  35 H   0.12442 0.12442 0.12442 0.12442 0.12442 0.12442 0.12442 0.12442 0.00468 ( 2)  0.130  0.005
  36 L   0.12420 0.12420 0.12420 0.12420 0.12420 0.12420 0.12420 0.12420 0.00640 ( 5)  0.178  0.006
  37 S   0.12461 0.12461 0.12461 0.12461 0.12461 0.12461 0.12461 0.12461 0.00315 ( 2)  0.088  0.003
  38 V   0.12472 0.12472 0.12472 0.12472 0.12472 0.12472 0.12472 0.12472 0.00228 ( 5)  0.063  0.002
  39 R   0.12468 0.12468 0.12468 0.12468 0.12468 0.12468 0.12468 0.12468 0.00254 ( 1)  0.071  0.003
  40 R   0.12468 0.12468 0.12468 0.12468 0.12468 0.12468 0.12468 0.12468 0.00254 ( 1)  0.071  0.003
  41 K   0.12467 0.12467 0.12467 0.12467 0.12467 0.12467 0.12467 0.12467 0.00262 ( 1)  0.073  0.003
  42 P   0.12467 0.12467 0.12467 0.12467 0.12467 0.12467 0.12467 0.12467 0.00266 ( 1)  0.074  0.003
  43 E   0.12442 0.12442 0.12442 0.12442 0.12442 0.12442 0.12442 0.12442 0.00464 ( 5)  0.129  0.005
  44 D   0.12471 0.12471 0.12471 0.12471 0.12471 0.12471 0.12471 0.12471 0.00229 ( 2)  0.064  0.002
  45 C   0.12438 0.12438 0.12438 0.12438 0.12438 0.12438 0.12438 0.12438 0.00495 ( 5)  0.138  0.005
  46 L   0.12439 0.12439 0.12439 0.12439 0.12439 0.12439 0.12439 0.12439 0.00486 ( 1)  0.135  0.005
  47 K   0.12442 0.12442 0.12442 0.12442 0.12442 0.12442 0.12442 0.12442 0.00463 ( 1)  0.129  0.005
  48 R   0.12460 0.12460 0.12460 0.12460 0.12460 0.12460 0.12460 0.12460 0.00323 ( 5)  0.090  0.003
  49 V   0.12468 0.12468 0.12468 0.12468 0.12468 0.12468 0.12468 0.12468 0.00256 ( 1)  0.071  0.003
  50 A   0.12472 0.12472 0.12472 0.12472 0.12472 0.12472 0.12472 0.12472 0.00220 ( 1)  0.061  0.002
  51 F   0.12469 0.12469 0.12469 0.12469 0.12469 0.12469 0.12469 0.12469 0.00250 ( 2)  0.070  0.003
  52 S   0.12467 0.12467 0.12467 0.12467 0.12467 0.12467 0.12467 0.12467 0.00265 ( 5)  0.074  0.003
  53 K   0.12467 0.12467 0.12467 0.12467 0.12467 0.12467 0.12467 0.12467 0.00262 ( 1)  0.073  0.003
  54 A   0.12469 0.12469 0.12469 0.12469 0.12469 0.12469 0.12469 0.12469 0.00252 ( 1)  0.070  0.003
  55 A   0.12472 0.12472 0.12472 0.12472 0.12472 0.12472 0.12472 0.12472 0.00220 ( 1)  0.061  0.002
  56 Q   0.12443 0.12443 0.12443 0.12443 0.12443 0.12443 0.12443 0.12443 0.00459 ( 1)  0.128  0.005
  57 S   0.12439 0.12439 0.12439 0.12439 0.12439 0.12439 0.12439 0.12439 0.00487 ( 1)  0.136  0.005
  58 R   0.12460 0.12460 0.12460 0.12460 0.12460 0.12460 0.12460 0.12460 0.00323 ( 5)  0.090  0.003
  59 E   0.12442 0.12442 0.12442 0.12442 0.12442 0.12442 0.12442 0.12442 0.00464 ( 5)  0.129  0.005
  60 Q   0.12443 0.12443 0.12443 0.12443 0.12443 0.12443 0.12443 0.12443 0.00459 ( 1)  0.128  0.005
  61 S   0.12467 0.12467 0.12467 0.12467 0.12467 0.12467 0.12467 0.12467 0.00265 ( 5)  0.074  0.003
  62 T   0.12473 0.12473 0.12473 0.12473 0.12473 0.12473 0.12473 0.12473 0.00220 ( 1)  0.061  0.002
  63 K   0.12467 0.12467 0.12467 0.12467 0.12467 0.12467 0.12467 0.12467 0.00262 ( 1)  0.073  0.003
  64 L   0.12443 0.12443 0.12443 0.12443 0.12443 0.12443 0.12443 0.12443 0.00455 ( 5)  0.127  0.005
  65 L   0.12440 0.12440 0.12440 0.12440 0.12440 0.12440 0.12440 0.12440 0.00478 ( 2)  0.133  0.005
  66 S   0.12467 0.12467 0.12467 0.12467 0.12467 0.12467 0.12467 0.12467 0.00265 ( 5)  0.074  0.003
  67 K   0.12442 0.12442 0.12442 0.12442 0.12442 0.12442 0.12442 0.12442 0.00463 ( 1)  0.129  0.005
  68 H   0.12466 0.12466 0.12466 0.12466 0.12466 0.12466 0.12466 0.12466 0.00276 ( 2)  0.077  0.003
  69 R   0.12422 0.12422 0.12422 0.12422 0.12422 0.12422 0.12422 0.12422 0.00624 ( 5)  0.174  0.006
  70 D   0.12471 0.12471 0.12471 0.12471 0.12471 0.12471 0.12471 0.12471 0.00229 ( 2)  0.064  0.002
  71 N   0.12472 0.12472 0.12472 0.12472 0.12472 0.12472 0.12472 0.12472 0.00227 ( 1)  0.063  0.002
  72 S   0.12473 0.12473 0.12473 0.12473 0.12473 0.12473 0.12473 0.12473 0.00217 ( 1)  0.060  0.002
  73 Q   0.12423 0.12423 0.12423 0.12423 0.12423 0.12423 0.12423 0.12423 0.00614 ( 1)  0.171  0.006
  74 D   0.12471 0.12471 0.12471 0.12471 0.12471 0.12471 0.12471 0.12471 0.00229 ( 2)  0.064  0.002
  75 R   0.12422 0.12422 0.12422 0.12422 0.12422 0.12422 0.12422 0.12422 0.00624 ( 5)  0.174  0.006
  76 D   0.12471 0.12471 0.12471 0.12471 0.12471 0.12471 0.12471 0.12471 0.00229 ( 2)  0.064  0.002
  77 S   0.12473 0.12473 0.12473 0.12473 0.12473 0.12473 0.12473 0.12473 0.00217 ( 1)  0.060  0.002
  78 D   0.12471 0.12471 0.12471 0.12471 0.12471 0.12471 0.12471 0.12471 0.00229 ( 2)  0.064  0.002
  79 I   0.12473 0.12473 0.12473 0.12473 0.12473 0.12473 0.12473 0.12473 0.00215 ( 2)  0.060  0.002
  80 S   0.12439 0.12439 0.12439 0.12439 0.12439 0.12439 0.12439 0.12439 0.00487 ( 1)  0.136  0.005
  81 V   0.12468 0.12468 0.12468 0.12468 0.12468 0.12468 0.12468 0.12468 0.00256 ( 1)  0.071  0.003
  82 P   0.12467 0.12467 0.12467 0.12467 0.12467 0.12467 0.12467 0.12467 0.00266 ( 1)  0.074  0.003
  83 V   0.12439 0.12439 0.12439 0.12439 0.12439 0.12439 0.12439 0.12439 0.00486 ( 5)  0.135  0.005
  84 V   0.12472 0.12472 0.12472 0.12472 0.12472 0.12472 0.12472 0.12472 0.00228 ( 5)  0.063  0.002
  85 T   0.12473 0.12473 0.12473 0.12473 0.12473 0.12473 0.12473 0.12473 0.00220 ( 1)  0.061  0.002
  86 E   0.12467 0.12467 0.12467 0.12467 0.12467 0.12467 0.12467 0.12467 0.00264 ( 5)  0.074  0.003
  87 N   0.12472 0.12472 0.12472 0.12472 0.12472 0.12472 0.12472 0.12472 0.00227 ( 1)  0.063  0.002
  88 H   0.12466 0.12466 0.12466 0.12466 0.12466 0.12466 0.12466 0.12466 0.00276 ( 2)  0.077  0.003
  89 L   0.12440 0.12440 0.12440 0.12440 0.12440 0.12440 0.12440 0.12440 0.00478 ( 2)  0.133  0.005
  90 V   0.12445 0.12445 0.12445 0.12445 0.12445 0.12445 0.12445 0.12445 0.00438 ( 5)  0.122  0.004
  91 Y   0.12465 0.12465 0.12465 0.12465 0.12465 0.12465 0.12465 0.12465 0.00278 ( 2)  0.077  0.003
  92 I   0.12467 0.12467 0.12467 0.12467 0.12467 0.12467 0.12467 0.12467 0.00263 ( 2)  0.073  0.003
  93 A   0.12472 0.12472 0.12472 0.12472 0.12472 0.12472 0.12472 0.12472 0.00220 ( 1)  0.061  0.002
  94 K   0.12467 0.12467 0.12467 0.12467 0.12467 0.12467 0.12467 0.12467 0.00262 ( 1)  0.073  0.003
  95 V   0.12468 0.12468 0.12468 0.12468 0.12468 0.12468 0.12468 0.12468 0.00256 ( 1)  0.071  0.003
  96 L   0.12443 0.12443 0.12443 0.12443 0.12443 0.12443 0.12443 0.12443 0.00455 ( 5)  0.127  0.005
  97 L   0.12443 0.12443 0.12443 0.12443 0.12443 0.12443 0.12443 0.12443 0.00455 ( 5)  0.127  0.005
  98 P   0.12467 0.12467 0.12467 0.12467 0.12467 0.12467 0.12467 0.12467 0.00266 ( 1)  0.074  0.003
  99 H   0.12442 0.12442 0.12442 0.12442 0.12442 0.12442 0.12442 0.12442 0.00468 ( 2)  0.130  0.005
 100 H   0.12442 0.12442 0.12442 0.12442 0.12442 0.12442 0.12442 0.12442 0.00468 ( 2)  0.130  0.005
 101 P   0.12467 0.12467 0.12467 0.12467 0.12467 0.12467 0.12467 0.12467 0.00266 ( 1)  0.074  0.003
 102 I   0.12473 0.12473 0.12473 0.12473 0.12473 0.12473 0.12473 0.12473 0.00215 ( 2)  0.060  0.002
 103 R   0.12439 0.12439 0.12439 0.12439 0.12439 0.12439 0.12439 0.12439 0.00485 ( 1)  0.135  0.005
 104 I   0.12473 0.12473 0.12473 0.12473 0.12473 0.12473 0.12473 0.12473 0.00215 ( 2)  0.060  0.002
 105 R   0.12460 0.12460 0.12460 0.12460 0.12460 0.12460 0.12460 0.12460 0.00323 ( 5)  0.090  0.003
 106 H   0.12466 0.12466 0.12466 0.12466 0.12466 0.12466 0.12466 0.12466 0.00276 ( 2)  0.077  0.003
 107 L   0.12443 0.12443 0.12443 0.12443 0.12443 0.12443 0.12443 0.12443 0.00455 ( 5)  0.127  0.005
 108 P   0.12467 0.12467 0.12467 0.12467 0.12467 0.12467 0.12467 0.12467 0.00266 ( 1)  0.074  0.003
 109 Y   0.12465 0.12465 0.12465 0.12465 0.12465 0.12465 0.12465 0.12465 0.00278 ( 2)  0.077  0.003
 110 S   0.12431 0.12431 0.12431 0.12431 0.12431 0.12431 0.12431 0.12431 0.00551 ( 3)  0.153  0.006
 111 A   0.12472 0.12472 0.12472 0.12472 0.12472 0.12472 0.12472 0.12472 0.00220 ( 1)  0.061  0.002
 112 Q   0.12443 0.12443 0.12443 0.12443 0.12443 0.12443 0.12443 0.12443 0.00459 ( 1)  0.128  0.005
 113 R   0.12460 0.12460 0.12460 0.12460 0.12460 0.12460 0.12460 0.12460 0.00323 ( 5)  0.090  0.003
 114 L   0.12466 0.12466 0.12466 0.12466 0.12466 0.12466 0.12466 0.12466 0.00273 ( 5)  0.076  0.003
 115 L   0.12466 0.12466 0.12466 0.12466 0.12466 0.12466 0.12466 0.12466 0.00273 ( 5)  0.076  0.003
 116 I   0.12448 0.12448 0.12448 0.12448 0.12448 0.12448 0.12448 0.12448 0.00414 ( 2)  0.115  0.004
 117 Y   0.12465 0.12465 0.12465 0.12465 0.12465 0.12465 0.12465 0.12465 0.00278 ( 2)  0.077  0.003
 118 G   0.12444 0.12444 0.12444 0.12444 0.12444 0.12444 0.12444 0.12444 0.00450 ( 2)  0.125  0.004
 119 V   0.12472 0.12472 0.12472 0.12472 0.12472 0.12472 0.12472 0.12472 0.00228 ( 5)  0.063  0.002
 120 Y   0.12465 0.12465 0.12465 0.12465 0.12465 0.12465 0.12465 0.12465 0.00278 ( 2)  0.077  0.003
 121 G   0.12444 0.12444 0.12444 0.12444 0.12444 0.12444 0.12444 0.12444 0.00450 ( 2)  0.125  0.004
 122 F   0.12469 0.12469 0.12469 0.12469 0.12469 0.12469 0.12469 0.12469 0.00250 ( 2)  0.070  0.003
 123 Q   0.12423 0.12423 0.12423 0.12423 0.12423 0.12423 0.12423 0.12423 0.00614 ( 1)  0.171  0.006
 124 E   0.12442 0.12442 0.12442 0.12442 0.12442 0.12442 0.12442 0.12442 0.00464 ( 5)  0.129  0.005
 125 M   0.12476 0.12476 0.12476 0.12476 0.12476 0.12476 0.12476 0.12476 0.00193 ( 1)  0.054  0.002
 126 T   0.12469 0.12469 0.12469 0.12469 0.12469 0.12469 0.12469 0.12469 0.00249 ( 5)  0.069  0.002
 127 P   0.12434 0.12434 0.12434 0.12434 0.12434 0.12434 0.12434 0.12434 0.00532 ( 1)  0.148  0.005
 128 K   0.12442 0.12442 0.12442 0.12442 0.12442 0.12442 0.12442 0.12442 0.00463 ( 1)  0.129  0.005
 129 T   0.12445 0.12445 0.12445 0.12445 0.12445 0.12445 0.12445 0.12445 0.00436 ( 1)  0.121  0.004
 130 E   0.12467 0.12467 0.12467 0.12467 0.12467 0.12467 0.12467 0.12467 0.00264 ( 5)  0.074  0.003
 131 M   0.12476 0.12476 0.12476 0.12476 0.12476 0.12476 0.12476 0.12476 0.00193 ( 1)  0.054  0.002
 132 P   0.12434 0.12434 0.12434 0.12434 0.12434 0.12434 0.12434 0.12434 0.00532 ( 1)  0.148  0.005
 133 T   0.12469 0.12469 0.12469 0.12469 0.12469 0.12469 0.12469 0.12469 0.00249 ( 5)  0.069  0.002
 134 N   0.12448 0.12448 0.12448 0.12448 0.12448 0.12448 0.12448 0.12448 0.00417 ( 5)  0.116  0.004
 135 A   0.12446 0.12446 0.12446 0.12446 0.12446 0.12446 0.12446 0.12446 0.00436 ( 1)  0.121  0.004
 136 A   0.12469 0.12469 0.12469 0.12469 0.12469 0.12469 0.12469 0.12469 0.00252 ( 1)  0.070  0.003
 137 S   0.12446 0.12446 0.12446 0.12446 0.12446 0.12446 0.12446 0.12446 0.00430 ( 1)  0.120  0.004
 138 S   0.12461 0.12461 0.12461 0.12461 0.12461 0.12461 0.12461 0.12461 0.00315 ( 2)  0.088  0.003
 139 G   0.12468 0.12468 0.12468 0.12468 0.12468 0.12468 0.12468 0.12468 0.00260 ( 3)  0.072  0.003
 140 S   0.12461 0.12461 0.12461 0.12461 0.12461 0.12461 0.12461 0.12461 0.00315 ( 2)  0.088  0.003
 141 N   0.12472 0.12472 0.12472 0.12472 0.12472 0.12472 0.12472 0.12472 0.00227 ( 1)  0.063  0.002
 142 V   0.12468 0.12468 0.12468 0.12468 0.12468 0.12468 0.12468 0.12468 0.00256 ( 1)  0.071  0.003
 143 P   0.12467 0.12467 0.12467 0.12467 0.12467 0.12467 0.12467 0.12467 0.00266 ( 1)  0.074  0.003
 144 Y   0.12465 0.12465 0.12465 0.12465 0.12465 0.12465 0.12465 0.12465 0.00278 ( 2)  0.077  0.003
 145 Y   0.12438 0.12438 0.12438 0.12438 0.12438 0.12438 0.12438 0.12438 0.00494 ( 2)  0.137  0.005
 146 L   0.12440 0.12440 0.12440 0.12440 0.12440 0.12440 0.12440 0.12440 0.00478 ( 2)  0.133  0.005
 147 D   0.12448 0.12448 0.12448 0.12448 0.12448 0.12448 0.12448 0.12448 0.00418 ( 5)  0.116  0.004
 148 V   0.12468 0.12468 0.12468 0.12468 0.12468 0.12468 0.12468 0.12468 0.00256 ( 1)  0.071  0.003
 149 L   0.12466 0.12466 0.12466 0.12466 0.12466 0.12466 0.12466 0.12466 0.00273 ( 5)  0.076  0.003
 150 S   0.12439 0.12439 0.12439 0.12439 0.12439 0.12439 0.12439 0.12439 0.00487 ( 1)  0.136  0.005
 151 W   0.12438 0.12438 0.12438 0.12438 0.12438 0.12438 0.12438 0.12438 0.00492 ( 1)  0.137  0.005
 152 Q   0.12443 0.12443 0.12443 0.12443 0.12443 0.12443 0.12443 0.12443 0.00459 ( 1)  0.128  0.005
 153 H   0.12442 0.12442 0.12442 0.12442 0.12442 0.12442 0.12442 0.12442 0.00468 ( 2)  0.130  0.005
 154 K   0.12442 0.12442 0.12442 0.12442 0.12442 0.12442 0.12442 0.12442 0.00463 ( 1)  0.129  0.005
 155 L   0.12443 0.12443 0.12443 0.12443 0.12443 0.12443 0.12443 0.12443 0.00455 ( 5)  0.127  0.005
 156 C   0.12465 0.12465 0.12465 0.12465 0.12465 0.12465 0.12465 0.12465 0.00276 ( 1)  0.077  0.003
 157 D   0.12471 0.12471 0.12471 0.12471 0.12471 0.12471 0.12471 0.12471 0.00229 ( 2)  0.064  0.002
 158 L   0.12440 0.12440 0.12440 0.12440 0.12440 0.12440 0.12440 0.12440 0.00478 ( 2)  0.133  0.005
 159 V   0.12468 0.12468 0.12468 0.12468 0.12468 0.12468 0.12468 0.12468 0.00256 ( 1)  0.071  0.003
 160 Q   0.12443 0.12443 0.12443 0.12443 0.12443 0.12443 0.12443 0.12443 0.00459 ( 1)  0.128  0.005
 161 V   0.12472 0.12472 0.12472 0.12472 0.12472 0.12472 0.12472 0.12472 0.00228 ( 5)  0.063  0.002
 162 S   0.12467 0.12467 0.12467 0.12467 0.12467 0.12467 0.12467 0.12467 0.00265 ( 5)  0.074  0.003
 163 D   0.12448 0.12448 0.12448 0.12448 0.12448 0.12448 0.12448 0.12448 0.00418 ( 5)  0.116  0.004
 164 S   0.12439 0.12439 0.12439 0.12439 0.12439 0.12439 0.12439 0.12439 0.00487 ( 1)  0.136  0.005
 165 T   0.12473 0.12473 0.12473 0.12473 0.12473 0.12473 0.12473 0.12473 0.00220 ( 1)  0.061  0.002
 166 M   0.12476 0.12476 0.12476 0.12476 0.12476 0.12476 0.12476 0.12476 0.00193 ( 1)  0.054  0.002
 167 Y   0.12465 0.12465 0.12465 0.12465 0.12465 0.12465 0.12465 0.12465 0.00278 ( 2)  0.077  0.003
 168 A   0.12446 0.12446 0.12446 0.12446 0.12446 0.12446 0.12446 0.12446 0.00436 ( 1)  0.121  0.004
 169 L   0.12443 0.12443 0.12443 0.12443 0.12443 0.12443 0.12443 0.12443 0.00455 ( 5)  0.127  0.005
 170 V   0.12472 0.12472 0.12472 0.12472 0.12472 0.12472 0.12472 0.12472 0.00228 ( 5)  0.063  0.002
 171 Q   0.12443 0.12443 0.12443 0.12443 0.12443 0.12443 0.12443 0.12443 0.00459 ( 1)  0.128  0.005
 172 L   0.12440 0.12440 0.12440 0.12440 0.12440 0.12440 0.12440 0.12440 0.00478 ( 2)  0.133  0.005
 173 N   0.12448 0.12448 0.12448 0.12448 0.12448 0.12448 0.12448 0.12448 0.00417 ( 5)  0.116  0.004
 174 G   0.12468 0.12468 0.12468 0.12468 0.12468 0.12468 0.12468 0.12468 0.00260 ( 3)  0.072  0.003
 175 S   0.12431 0.12431 0.12431 0.12431 0.12431 0.12431 0.12431 0.12431 0.00551 ( 3)  0.153  0.006
 176 I   0.12467 0.12467 0.12467 0.12467 0.12467 0.12467 0.12467 0.12467 0.00263 ( 2)  0.073  0.003
 177 N   0.12472 0.12472 0.12472 0.12472 0.12472 0.12472 0.12472 0.12472 0.00227 ( 1)  0.063  0.002
 178 L   0.12443 0.12443 0.12443 0.12443 0.12443 0.12443 0.12443 0.12443 0.00455 ( 5)  0.127  0.005
 179 V   0.12445 0.12445 0.12445 0.12445 0.12445 0.12445 0.12445 0.12445 0.00438 ( 5)  0.122  0.004
 180 H   0.12466 0.12466 0.12466 0.12466 0.12466 0.12466 0.12466 0.12466 0.00276 ( 2)  0.077  0.003
 181 F   0.12443 0.12443 0.12443 0.12443 0.12443 0.12443 0.12443 0.12443 0.00456 ( 2)  0.127  0.005
 182 D   0.12471 0.12471 0.12471 0.12471 0.12471 0.12471 0.12471 0.12471 0.00229 ( 2)  0.064  0.002
 183 E   0.12467 0.12467 0.12467 0.12467 0.12467 0.12467 0.12467 0.12467 0.00264 ( 5)  0.074  0.003
 184 L   0.12466 0.12466 0.12466 0.12466 0.12466 0.12466 0.12466 0.12466 0.00273 ( 5)  0.076  0.003
 185 M   0.12476 0.12476 0.12476 0.12476 0.12476 0.12476 0.12476 0.12476 0.00193 ( 1)  0.054  0.002
 186 T   0.12439 0.12439 0.12439 0.12439 0.12439 0.12439 0.12439 0.12439 0.00486 ( 5)  0.135  0.005
 187 Q   0.12423 0.12423 0.12423 0.12423 0.12423 0.12423 0.12423 0.12423 0.00614 ( 1)  0.171  0.006
 188 Q   0.12443 0.12443 0.12443 0.12443 0.12443 0.12443 0.12443 0.12443 0.00459 ( 1)  0.128  0.005
 189 Q   0.12443 0.12443 0.12443 0.12443 0.12443 0.12443 0.12443 0.12443 0.00459 ( 1)  0.128  0.005
 190 V   0.12468 0.12468 0.12468 0.12468 0.12468 0.12468 0.12468 0.12468 0.00256 ( 1)  0.071  0.003
 191 L   0.12466 0.12466 0.12466 0.12466 0.12466 0.12466 0.12466 0.12466 0.00273 ( 5)  0.076  0.003
 192 S   0.12473 0.12473 0.12473 0.12473 0.12473 0.12473 0.12473 0.12473 0.00217 ( 1)  0.060  0.002
 193 L   0.12443 0.12443 0.12443 0.12443 0.12443 0.12443 0.12443 0.12443 0.00455 ( 5)  0.127  0.005
 194 G   0.12437 0.12437 0.12437 0.12437 0.12437 0.12437 0.12437 0.12437 0.00506 ( 5)  0.141  0.005
 195 P   0.12467 0.12467 0.12467 0.12467 0.12467 0.12467 0.12467 0.12467 0.00266 ( 1)  0.074  0.003
 196 I   0.12448 0.12448 0.12448 0.12448 0.12448 0.12448 0.12448 0.12448 0.00414 ( 2)  0.115  0.004
 197 G   0.12472 0.12472 0.12472 0.12472 0.12472 0.12472 0.12472 0.12472 0.00226 ( 5)  0.063  0.002
 198 C   0.12465 0.12465 0.12465 0.12465 0.12465 0.12465 0.12465 0.12465 0.00276 ( 1)  0.077  0.003
 199 V   0.12468 0.12468 0.12468 0.12468 0.12468 0.12468 0.12468 0.12468 0.00256 ( 1)  0.071  0.003
 200 T   0.12473 0.12473 0.12473 0.12473 0.12473 0.12473 0.12473 0.12473 0.00220 ( 1)  0.061  0.002
 201 S   0.12431 0.12431 0.12431 0.12431 0.12431 0.12431 0.12431 0.12431 0.00551 ( 3)  0.153  0.006
 202 I   0.12467 0.12467 0.12467 0.12467 0.12467 0.12467 0.12467 0.12467 0.00263 ( 2)  0.073  0.003
 203 T   0.12469 0.12469 0.12469 0.12469 0.12469 0.12469 0.12469 0.12469 0.00249 ( 5)  0.069  0.002
 204 A   0.12446 0.12446 0.12446 0.12446 0.12446 0.12446 0.12446 0.12446 0.00436 ( 1)  0.121  0.004
 205 D   0.12471 0.12471 0.12471 0.12471 0.12471 0.12471 0.12471 0.12471 0.00229 ( 2)  0.064  0.002
 206 N   0.12448 0.12448 0.12448 0.12448 0.12448 0.12448 0.12448 0.12448 0.00417 ( 5)  0.116  0.004
 207 S   0.12446 0.12446 0.12446 0.12446 0.12446 0.12446 0.12446 0.12446 0.00430 ( 1)  0.120  0.004
 208 G   0.12411 0.12411 0.12411 0.12411 0.12411 0.12411 0.12411 0.12411 0.00709 ( 5)  0.197  0.007
 209 T   0.12473 0.12473 0.12473 0.12473 0.12473 0.12473 0.12473 0.12473 0.00220 ( 1)  0.061  0.002
 210 Y   0.12465 0.12465 0.12465 0.12465 0.12465 0.12465 0.12465 0.12465 0.00278 ( 2)  0.077  0.003
 211 L   0.12439 0.12439 0.12439 0.12439 0.12439 0.12439 0.12439 0.12439 0.00486 ( 1)  0.135  0.005
 212 Y   0.12465 0.12465 0.12465 0.12465 0.12465 0.12465 0.12465 0.12465 0.00278 ( 2)  0.077  0.003
 213 L   0.12443 0.12443 0.12443 0.12443 0.12443 0.12443 0.12443 0.12443 0.00455 ( 5)  0.127  0.005
 214 T   0.00000 0.00000 0.00000 0.00000 0.00000 0.00000 0.00000 0.00000 1.00000 ( 9) 27.818  1.000
 215 Q   0.12423 0.12423 0.12423 0.12423 0.12423 0.12423 0.12423 0.12423 0.00614 ( 1)  0.171  0.006
 216 K   0.12467 0.12467 0.12467 0.12467 0.12467 0.12467 0.12467 0.12467 0.00262 ( 1)  0.073  0.003
 217 A   0.12472 0.12472 0.12472 0.12472 0.12472 0.12472 0.12472 0.12472 0.00220 ( 1)  0.061  0.002
 218 R   0.12468 0.12468 0.12468 0.12468 0.12468 0.12468 0.12468 0.12468 0.00254 ( 1)  0.071  0.003
 219 N   0.12472 0.12472 0.12472 0.12472 0.12472 0.12472 0.12472 0.12472 0.00227 ( 1)  0.063  0.002
 220 C   0.12448 0.12448 0.12448 0.12448 0.12448 0.12448 0.12448 0.12448 0.00413 ( 3)  0.115  0.004
 221 V   0.12468 0.12468 0.12468 0.12468 0.12468 0.12468 0.12468 0.12468 0.00256 ( 1)  0.071  0.003
 222 L   0.12443 0.12443 0.12443 0.12443 0.12443 0.12443 0.12443 0.12443 0.00455 ( 5)  0.127  0.005
 223 R   0.12422 0.12422 0.12422 0.12422 0.12422 0.12422 0.12422 0.12422 0.00624 ( 5)  0.174  0.006
 224 I   0.12473 0.12473 0.12473 0.12473 0.12473 0.12473 0.12473 0.12473 0.00215 ( 2)  0.060  0.002
 225 N   0.00000 0.00000 0.00000 0.00000 0.00000 0.00000 0.00000 0.00000 1.00000 ( 9) 27.818  1.000
 226 T   0.12469 0.12469 0.12469 0.12469 0.12469 0.12469 0.12469 0.12469 0.00249 ( 5)  0.069  0.002
 227 S   0.12473 0.12473 0.12473 0.12473 0.12473 0.12473 0.12473 0.12473 0.00217 ( 1)  0.060  0.002
 228 D   0.12471 0.12471 0.12471 0.12471 0.12471 0.12471 0.12471 0.12471 0.00229 ( 2)  0.064  0.002
 229 L   0.12440 0.12440 0.12440 0.12440 0.12440 0.12440 0.12440 0.12440 0.00478 ( 2)  0.133  0.005
 230 D   0.12471 0.12471 0.12471 0.12471 0.12471 0.12471 0.12471 0.12471 0.00229 ( 2)  0.064  0.002
 231 K   0.12442 0.12442 0.12442 0.12442 0.12442 0.12442 0.12442 0.12442 0.00463 ( 1)  0.129  0.005
 232 N   0.12448 0.12448 0.12448 0.12448 0.12448 0.12448 0.12448 0.12448 0.00417 ( 5)  0.116  0.004
 233 S   0.12431 0.12431 0.12431 0.12431 0.12431 0.12431 0.12431 0.12431 0.00551 ( 3)  0.153  0.006
 234 I   0.12473 0.12473 0.12473 0.12473 0.12473 0.12473 0.12473 0.12473 0.00215 ( 2)  0.060  0.002
 235 D   0.12448 0.12448 0.12448 0.12448 0.12448 0.12448 0.12448 0.12448 0.00418 ( 5)  0.116  0.004
 236 Y   0.12438 0.12438 0.12438 0.12438 0.12438 0.12438 0.12438 0.12438 0.00494 ( 2)  0.137  0.005
 237 F   0.12469 0.12469 0.12469 0.12469 0.12469 0.12469 0.12469 0.12469 0.00250 ( 2)  0.070  0.003
 238 G   0.12472 0.12472 0.12472 0.12472 0.12472 0.12472 0.12472 0.12472 0.00226 ( 5)  0.063  0.002
 239 T   0.12473 0.12473 0.12473 0.12473 0.12473 0.12473 0.12473 0.12473 0.00220 ( 1)  0.061  0.002
 240 L   0.12420 0.12420 0.12420 0.12420 0.12420 0.12420 0.12420 0.12420 0.00642 ( 1)  0.179  0.006
 241 W   0.12438 0.12438 0.12438 0.12438 0.12438 0.12438 0.12438 0.12438 0.00492 ( 1)  0.137  0.005
 242 R   0.12439 0.12439 0.12439 0.12439 0.12439 0.12439 0.12439 0.12439 0.00485 ( 1)  0.135  0.005
 243 P   0.12434 0.12434 0.12434 0.12434 0.12434 0.12434 0.12434 0.12434 0.00532 ( 1)  0.148  0.005
 244 F   0.12469 0.12469 0.12469 0.12469 0.12469 0.12469 0.12469 0.12469 0.00250 ( 2)  0.070  0.003
 245 D   0.12471 0.12471 0.12471 0.12471 0.12471 0.12471 0.12471 0.12471 0.00229 ( 2)  0.064  0.002
 246 C   0.12465 0.12465 0.12465 0.12465 0.12465 0.12465 0.12465 0.12465 0.00276 ( 1)  0.077  0.003
 247 C   0.12465 0.12465 0.12465 0.12465 0.12465 0.12465 0.12465 0.12465 0.00276 ( 1)  0.077  0.003
 248 M   0.12476 0.12476 0.12476 0.12476 0.12476 0.12476 0.12476 0.12476 0.00193 ( 1)  0.054  0.002
 249 S   0.12446 0.12446 0.12446 0.12446 0.12446 0.12446 0.12446 0.12446 0.00430 ( 1)  0.120  0.004
 250 Q   0.12443 0.12443 0.12443 0.12443 0.12443 0.12443 0.12443 0.12443 0.00459 ( 1)  0.128  0.005
 251 P   0.12467 0.12467 0.12467 0.12467 0.12467 0.12467 0.12467 0.12467 0.00266 ( 1)  0.074  0.003
 252 I   0.12448 0.12448 0.12448 0.12448 0.12448 0.12448 0.12448 0.12448 0.00414 ( 2)  0.115  0.004
 253 A   0.12472 0.12472 0.12472 0.12472 0.12472 0.12472 0.12472 0.12472 0.00220 ( 1)  0.061  0.002
 254 L   0.12443 0.12443 0.12443 0.12443 0.12443 0.12443 0.12443 0.12443 0.00455 ( 5)  0.127  0.005
 255 P   0.12434 0.12434 0.12434 0.12434 0.12434 0.12434 0.12434 0.12434 0.00532 ( 1)  0.148  0.005
 256 N   0.12472 0.12472 0.12472 0.12472 0.12472 0.12472 0.12472 0.12472 0.00227 ( 1)  0.063  0.002
 257 G   0.12472 0.12472 0.12472 0.12472 0.12472 0.12472 0.12472 0.12472 0.00226 ( 5)  0.063  0.002
 258 K   0.12442 0.12442 0.12442 0.12442 0.12442 0.12442 0.12442 0.12442 0.00463 ( 1)  0.129  0.005
 259 H   0.12442 0.12442 0.12442 0.12442 0.12442 0.12442 0.12442 0.12442 0.00468 ( 2)  0.130  0.005
 260 T   0.12445 0.12445 0.12445 0.12445 0.12445 0.12445 0.12445 0.12445 0.00436 ( 1)  0.121  0.004
 261 Q   0.12443 0.12443 0.12443 0.12443 0.12443 0.12443 0.12443 0.12443 0.00459 ( 1)  0.128  0.005
 262 F   0.12469 0.12469 0.12469 0.12469 0.12469 0.12469 0.12469 0.12469 0.00250 ( 2)  0.070  0.003
 263 L   0.12440 0.12440 0.12440 0.12440 0.12440 0.12440 0.12440 0.12440 0.00478 ( 2)  0.133  0.005
 264 F   0.12469 0.12469 0.12469 0.12469 0.12469 0.12469 0.12469 0.12469 0.00250 ( 2)  0.070  0.003
 265 V   0.12468 0.12468 0.12468 0.12468 0.12468 0.12468 0.12468 0.12468 0.00256 ( 1)  0.071  0.003
 266 S   0.12461 0.12461 0.12461 0.12461 0.12461 0.12461 0.12461 0.12461 0.00315 ( 2)  0.088  0.003
 267 N   0.12472 0.12472 0.12472 0.12472 0.12472 0.12472 0.12472 0.12472 0.00227 ( 1)  0.063  0.002
 268 I   0.12473 0.12473 0.12473 0.12473 0.12473 0.12473 0.12473 0.12473 0.00215 ( 2)  0.060  0.002
 269 D   0.12448 0.12448 0.12448 0.12448 0.12448 0.12448 0.12448 0.12448 0.00418 ( 5)  0.116  0.004
 270 A   0.12469 0.12469 0.12469 0.12469 0.12469 0.12469 0.12469 0.12469 0.00252 ( 1)  0.070  0.003
 271 D   0.12471 0.12471 0.12471 0.12471 0.12471 0.12471 0.12471 0.12471 0.00229 ( 2)  0.064  0.002
 272 I   0.12448 0.12448 0.12448 0.12448 0.12448 0.12448 0.12448 0.12448 0.00414 ( 2)  0.115  0.004
 273 V   0.12445 0.12445 0.12445 0.12445 0.12445 0.12445 0.12445 0.12445 0.00438 ( 5)  0.122  0.004
 274 V   0.12468 0.12468 0.12468 0.12468 0.12468 0.12468 0.12468 0.12468 0.00256 ( 1)  0.071  0.003
 275 F   0.12469 0.12469 0.12469 0.12469 0.12469 0.12469 0.12469 0.12469 0.00250 ( 2)  0.070  0.003
 276 D   0.12471 0.12471 0.12471 0.12471 0.12471 0.12471 0.12471 0.12471 0.00229 ( 2)  0.064  0.002
 277 T   0.12469 0.12469 0.12469 0.12469 0.12469 0.12469 0.12469 0.12469 0.00249 ( 5)  0.069  0.002
 278 E   0.12467 0.12467 0.12467 0.12467 0.12467 0.12467 0.12467 0.12467 0.00264 ( 5)  0.074  0.003
 279 T   0.12439 0.12439 0.12439 0.12439 0.12439 0.12439 0.12439 0.12439 0.00486 ( 5)  0.135  0.005
 280 M   0.12476 0.12476 0.12476 0.12476 0.12476 0.12476 0.12476 0.12476 0.00193 ( 1)  0.054  0.002
 281 S   0.12439 0.12439 0.12439 0.12439 0.12439 0.12439 0.12439 0.12439 0.00487 ( 1)  0.136  0.005
 282 V   0.12445 0.12445 0.12445 0.12445 0.12445 0.12445 0.12445 0.12445 0.00438 ( 5)  0.122  0.004
 283 V   0.12468 0.12468 0.12468 0.12468 0.12468 0.12468 0.12468 0.12468 0.00256 ( 1)  0.071  0.003
 284 A   0.12439 0.12439 0.12439 0.12439 0.12439 0.12439 0.12439 0.12439 0.00486 ( 1)  0.135  0.005
 285 E   0.12449 0.12449 0.12449 0.12449 0.12449 0.12449 0.12449 0.12449 0.00407 ( 1)  0.113  0.004
 286 C   0.12456 0.12456 0.12456 0.12456 0.12456 0.12456 0.12456 0.12456 0.00355 ( 3)  0.099  0.004
 287 G   0.12472 0.12472 0.12472 0.12472 0.12472 0.12472 0.12472 0.12472 0.00226 ( 5)  0.063  0.002
 288 A   0.12439 0.12439 0.12439 0.12439 0.12439 0.12439 0.12439 0.12439 0.00486 ( 1)  0.135  0.005
 289 D   0.12471 0.12471 0.12471 0.12471 0.12471 0.12471 0.12471 0.12471 0.00229 ( 2)  0.064  0.002
 290 F   0.12469 0.12469 0.12469 0.12469 0.12469 0.12469 0.12469 0.12469 0.00250 ( 2)  0.070  0.003
 291 T   0.12473 0.12473 0.12473 0.12473 0.12473 0.12473 0.12473 0.12473 0.00220 ( 1)  0.061  0.002
 292 A   0.12469 0.12469 0.12469 0.12469 0.12469 0.12469 0.12469 0.12469 0.00252 ( 1)  0.070  0.003
 293 G   0.12472 0.12472 0.12472 0.12472 0.12472 0.12472 0.12472 0.12472 0.00226 ( 5)  0.063  0.002
 294 A   0.12472 0.12472 0.12472 0.12472 0.12472 0.12472 0.12472 0.12472 0.00220 ( 1)  0.061  0.002
 295 K   0.12467 0.12467 0.12467 0.12467 0.12467 0.12467 0.12467 0.12467 0.00262 ( 1)  0.073  0.003
 296 Y   0.12450 0.12450 0.12450 0.12450 0.12450 0.12450 0.12450 0.12450 0.00401 ( 5)  0.111  0.004
 297 L   0.12466 0.12466 0.12466 0.12466 0.12466 0.12466 0.12466 0.12466 0.00273 ( 5)  0.076  0.003
 298 T   0.12473 0.12473 0.12473 0.12473 0.12473 0.12473 0.12473 0.12473 0.00220 ( 1)  0.061  0.002
 299 Y   0.12465 0.12465 0.12465 0.12465 0.12465 0.12465 0.12465 0.12465 0.00278 ( 2)  0.077  0.003
 300 D   0.12471 0.12471 0.12471 0.12471 0.12471 0.12471 0.12471 0.12471 0.00229 ( 2)  0.064  0.002
 301 Q   0.12443 0.12443 0.12443 0.12443 0.12443 0.12443 0.12443 0.12443 0.00459 ( 1)  0.128  0.005
 302 K   0.12442 0.12442 0.12442 0.12442 0.12442 0.12442 0.12442 0.12442 0.00463 ( 1)  0.129  0.005
 303 R   0.12466 0.12466 0.12466 0.12466 0.12466 0.12466 0.12466 0.12466 0.00273 ( 1)  0.076  0.003
 304 G   0.12472 0.12472 0.12472 0.12472 0.12472 0.12472 0.12472 0.12472 0.00226 ( 5)  0.063  0.002
 305 V   0.12472 0.12472 0.12472 0.12472 0.12472 0.12472 0.12472 0.12472 0.00228 ( 5)  0.063  0.002
 306 L   0.12439 0.12439 0.12439 0.12439 0.12439 0.12439 0.12439 0.12439 0.00486 ( 1)  0.135  0.005
 307 F   0.12469 0.12469 0.12469 0.12469 0.12469 0.12469 0.12469 0.12469 0.00250 ( 2)  0.070  0.003
 308 V   0.12472 0.12472 0.12472 0.12472 0.12472 0.12472 0.12472 0.12472 0.00228 ( 5)  0.063  0.002
 309 S   0.12467 0.12467 0.12467 0.12467 0.12467 0.12467 0.12467 0.12467 0.00265 ( 5)  0.074  0.003
 310 S   0.12473 0.12473 0.12473 0.12473 0.12473 0.12473 0.12473 0.12473 0.00217 ( 1)  0.060  0.002
 311 S   0.12461 0.12461 0.12461 0.12461 0.12461 0.12461 0.12461 0.12461 0.00315 ( 2)  0.088  0.003
 312 S   0.12467 0.12467 0.12467 0.12467 0.12467 0.12467 0.12467 0.12467 0.00265 ( 5)  0.074  0.003
 313 D   0.12448 0.12448 0.12448 0.12448 0.12448 0.12448 0.12448 0.12448 0.00418 ( 5)  0.116  0.004
 314 R   0.12438 0.12438 0.12438 0.12438 0.12438 0.12438 0.12438 0.12438 0.00497 ( 2)  0.138  0.005
 315 Q   0.12443 0.12443 0.12443 0.12443 0.12443 0.12443 0.12443 0.12443 0.00459 ( 1)  0.128  0.005
 316 L   0.12466 0.12466 0.12466 0.12466 0.12466 0.12466 0.12466 0.12466 0.00273 ( 5)  0.076  0.003
 317 R   0.12466 0.12466 0.12466 0.12466 0.12466 0.12466 0.12466 0.12466 0.00273 ( 1)  0.076  0.003
 318 C   0.12465 0.12465 0.12465 0.12465 0.12465 0.12465 0.12465 0.12465 0.00276 ( 1)  0.077  0.003
 319 Y   0.12465 0.12465 0.12465 0.12465 0.12465 0.12465 0.12465 0.12465 0.00278 ( 2)  0.077  0.003
 320 R   0.12460 0.12460 0.12460 0.12460 0.12460 0.12460 0.12460 0.12460 0.00323 ( 5)  0.090  0.003
 321 F   0.12469 0.12469 0.12469 0.12469 0.12469 0.12469 0.12469 0.12469 0.00250 ( 2)  0.070  0.003
 322 D   0.12471 0.12471 0.12471 0.12471 0.12471 0.12471 0.12471 0.12471 0.00229 ( 2)  0.064  0.002
 323 A   0.12472 0.12472 0.12472 0.12472 0.12472 0.12472 0.12472 0.12472 0.00220 ( 1)  0.061  0.002
 324 R   0.12468 0.12468 0.12468 0.12468 0.12468 0.12468 0.12468 0.12468 0.00254 ( 1)  0.071  0.003
 325 L   0.12440 0.12440 0.12440 0.12440 0.12440 0.12440 0.12440 0.12440 0.00478 ( 2)  0.133  0.005
 326 P   0.12467 0.12467 0.12467 0.12467 0.12467 0.12467 0.12467 0.12467 0.00266 ( 1)  0.074  0.003
 327 R   0.12460 0.12460 0.12460 0.12460 0.12460 0.12460 0.12460 0.12460 0.00323 ( 5)  0.090  0.003
 328 P   0.12462 0.12462 0.12462 0.12462 0.12462 0.12462 0.12462 0.12462 0.00302 ( 1)  0.084  0.003
 329 K   0.12467 0.12467 0.12467 0.12467 0.12467 0.12467 0.12467 0.12467 0.00262 ( 1)  0.073  0.003
 330 L   0.12443 0.12443 0.12443 0.12443 0.12443 0.12443 0.12443 0.12443 0.00455 ( 5)  0.127  0.005
 331 H   0.12466 0.12466 0.12466 0.12466 0.12466 0.12466 0.12466 0.12466 0.00276 ( 2)  0.077  0.003
 332 K   0.12442 0.12442 0.12442 0.12442 0.12442 0.12442 0.12442 0.12442 0.00463 ( 1)  0.129  0.005
 333 I   0.12473 0.12473 0.12473 0.12473 0.12473 0.12473 0.12473 0.12473 0.00215 ( 2)  0.060  0.002
 334 D   0.12471 0.12471 0.12471 0.12471 0.12471 0.12471 0.12471 0.12471 0.00229 ( 2)  0.064  0.002
 335 D   0.12471 0.12471 0.12471 0.12471 0.12471 0.12471 0.12471 0.12471 0.00229 ( 2)  0.064  0.002
 336 F   0.12443 0.12443 0.12443 0.12443 0.12443 0.12443 0.12443 0.12443 0.00456 ( 2)  0.127  0.005
 337 M   0.12476 0.12476 0.12476 0.12476 0.12476 0.12476 0.12476 0.12476 0.00193 ( 1)  0.054  0.002
 338 V   0.12468 0.12468 0.12468 0.12468 0.12468 0.12468 0.12468 0.12468 0.00256 ( 1)  0.071  0.003
 339 A   0.12439 0.12439 0.12439 0.12439 0.12439 0.12439 0.12439 0.12439 0.00486 ( 1)  0.135  0.005
 340 T   0.12439 0.12439 0.12439 0.12439 0.12439 0.12439 0.12439 0.12439 0.00486 ( 5)  0.135  0.005
 341 K   0.12467 0.12467 0.12467 0.12467 0.12467 0.12467 0.12467 0.12467 0.00262 ( 1)  0.073  0.003
 342 K   0.12467 0.12467 0.12467 0.12467 0.12467 0.12467 0.12467 0.12467 0.00262 ( 1)  0.073  0.003
 343 S   0.12461 0.12461 0.12461 0.12461 0.12461 0.12461 0.12461 0.12461 0.00315 ( 2)  0.088  0.003
 344 T   0.12469 0.12469 0.12469 0.12469 0.12469 0.12469 0.12469 0.12469 0.00249 ( 5)  0.069  0.002
 345 V   0.12445 0.12445 0.12445 0.12445 0.12445 0.12445 0.12445 0.12445 0.00438 ( 5)  0.122  0.004
 346 R   0.12466 0.12466 0.12466 0.12466 0.12466 0.12466 0.12466 0.12466 0.00273 ( 1)  0.076  0.003
 347 S   0.12473 0.12473 0.12473 0.12473 0.12473 0.12473 0.12473 0.12473 0.00217 ( 1)  0.060  0.002
 348 G   0.12472 0.12472 0.12472 0.12472 0.12472 0.12472 0.12472 0.12472 0.00226 ( 5)  0.063  0.002
 349 G   0.12468 0.12468 0.12468 0.12468 0.12468 0.12468 0.12468 0.12468 0.00260 ( 3)  0.072  0.003
 350 P   0.12462 0.12462 0.12462 0.12462 0.12462 0.12462 0.12462 0.12462 0.00302 ( 1)  0.084  0.003
 351 Q   0.12443 0.12443 0.12443 0.12443 0.12443 0.12443 0.12443 0.12443 0.00459 ( 1)  0.128  0.005
 352 C   0.12465 0.12465 0.12465 0.12465 0.12465 0.12465 0.12465 0.12465 0.00276 ( 1)  0.077  0.003
 353 I   0.12473 0.12473 0.12473 0.12473 0.12473 0.12473 0.12473 0.12473 0.00215 ( 2)  0.060  0.002
 354 M   0.12476 0.12476 0.12476 0.12476 0.12476 0.12476 0.12476 0.12476 0.00193 ( 1)  0.054  0.002
 355 W   0.12438 0.12438 0.12438 0.12438 0.12438 0.12438 0.12438 0.12438 0.00492 ( 1)  0.137  0.005
 356 D   0.12471 0.12471 0.12471 0.12471 0.12471 0.12471 0.12471 0.12471 0.00229 ( 2)  0.064  0.002
 357 S   0.12467 0.12467 0.12467 0.12467 0.12467 0.12467 0.12467 0.12467 0.00265 ( 5)  0.074  0.003
 358 D   0.12471 0.12471 0.12471 0.12471 0.12471 0.12471 0.12471 0.12471 0.00229 ( 2)  0.064  0.002
 359 M   0.12476 0.12476 0.12476 0.12476 0.12476 0.12476 0.12476 0.12476 0.00193 ( 1)  0.054  0.002
 360 E   0.12467 0.12467 0.12467 0.12467 0.12467 0.12467 0.12467 0.12467 0.00264 ( 5)  0.074  0.003
 361 Q   0.12443 0.12443 0.12443 0.12443 0.12443 0.12443 0.12443 0.12443 0.00459 ( 1)  0.128  0.005
 362 L   0.12443 0.12443 0.12443 0.12443 0.12443 0.12443 0.12443 0.12443 0.00455 ( 5)  0.127  0.005
 363 A   0.12469 0.12469 0.12469 0.12469 0.12469 0.12469 0.12469 0.12469 0.00252 ( 1)  0.070  0.003
 364 V   0.12468 0.12468 0.12468 0.12468 0.12468 0.12468 0.12468 0.12468 0.00256 ( 1)  0.071  0.003
 365 L   0.12466 0.12466 0.12466 0.12466 0.12466 0.12466 0.12466 0.12466 0.00273 ( 5)  0.076  0.003
 366 S   0.12473 0.12473 0.12473 0.12473 0.12473 0.12473 0.12473 0.12473 0.00217 ( 1)  0.060  0.002
 367 W   0.12438 0.12438 0.12438 0.12438 0.12438 0.12438 0.12438 0.12438 0.00492 ( 1)  0.137  0.005
 368 S   0.12461 0.12461 0.12461 0.12461 0.12461 0.12461 0.12461 0.12461 0.00315 ( 2)  0.088  0.003
 369 Q   0.12443 0.12443 0.12443 0.12443 0.12443 0.12443 0.12443 0.12443 0.00459 ( 1)  0.128  0.005
 370 R   0.12468 0.12468 0.12468 0.12468 0.12468 0.12468 0.12468 0.12468 0.00254 ( 1)  0.071  0.003
 371 V   0.12472 0.12472 0.12472 0.12472 0.12472 0.12472 0.12472 0.12472 0.00228 ( 5)  0.063  0.002
 372 G   0.12470 0.12470 0.12470 0.12470 0.12470 0.12470 0.12470 0.12470 0.00241 ( 5)  0.067  0.002
 373 R   0.12468 0.12468 0.12468 0.12468 0.12468 0.12468 0.12468 0.12468 0.00254 ( 1)  0.071  0.003
 374 F   0.12443 0.12443 0.12443 0.12443 0.12443 0.12443 0.12443 0.12443 0.00456 ( 2)  0.127  0.005
 375 M   0.12476 0.12476 0.12476 0.12476 0.12476 0.12476 0.12476 0.12476 0.00193 ( 1)  0.054  0.002
 376 I   0.12473 0.12473 0.12473 0.12473 0.12473 0.12473 0.12473 0.12473 0.00215 ( 2)  0.060  0.002
 377 K   0.12442 0.12442 0.12442 0.12442 0.12442 0.12442 0.12442 0.12442 0.00463 ( 1)  0.129  0.005
 378 A   0.12469 0.12469 0.12469 0.12469 0.12469 0.12469 0.12469 0.12469 0.00252 ( 1)  0.070  0.003
 379 F   0.12443 0.12443 0.12443 0.12443 0.12443 0.12443 0.12443 0.12443 0.00456 ( 2)  0.127  0.005
 380 R   0.12466 0.12466 0.12466 0.12466 0.12466 0.12466 0.12466 0.12466 0.00273 ( 1)  0.076  0.003
 381 I   0.12473 0.12473 0.12473 0.12473 0.12473 0.12473 0.12473 0.12473 0.00215 ( 2)  0.060  0.002
 382 N   0.12472 0.12472 0.12472 0.12472 0.12472 0.12472 0.12472 0.12472 0.00227 ( 1)  0.063  0.002
 383 L   0.12443 0.12443 0.12443 0.12443 0.12443 0.12443 0.12443 0.12443 0.00455 ( 5)  0.127  0.005
 384 D   0.12471 0.12471 0.12471 0.12471 0.12471 0.12471 0.12471 0.12471 0.00229 ( 2)  0.064  0.002
 385 E   0.12467 0.12467 0.12467 0.12467 0.12467 0.12467 0.12467 0.12467 0.00264 ( 5)  0.074  0.003
 386 S   0.12439 0.12439 0.12439 0.12439 0.12439 0.12439 0.12439 0.12439 0.00487 ( 1)  0.136  0.005
 387 A   0.12472 0.12472 0.12472 0.12472 0.12472 0.12472 0.12472 0.12472 0.00220 ( 1)  0.061  0.002
 388 V   0.12468 0.12468 0.12468 0.12468 0.12468 0.12468 0.12468 0.12468 0.00256 ( 1)  0.071  0.003
 389 W   0.12438 0.12438 0.12438 0.12438 0.12438 0.12438 0.12438 0.12438 0.00492 ( 1)  0.137  0.005
 390 R   0.12438 0.12438 0.12438 0.12438 0.12438 0.12438 0.12438 0.12438 0.00497 ( 2)  0.138  0.005
 391 H   0.12442 0.12442 0.12442 0.12442 0.12442 0.12442 0.12442 0.12442 0.00468 ( 2)  0.130  0.005
 392 S   0.12467 0.12467 0.12467 0.12467 0.12467 0.12467 0.12467 0.12467 0.00265 ( 5)  0.074  0.003
 393 F   0.12443 0.12443 0.12443 0.12443 0.12443 0.12443 0.12443 0.12443 0.00456 ( 2)  0.127  0.005
 394 E   0.12467 0.12467 0.12467 0.12467 0.12467 0.12467 0.12467 0.12467 0.00264 ( 5)  0.074  0.003
 395 I   0.12448 0.12448 0.12448 0.12448 0.12448 0.12448 0.12448 0.12448 0.00414 ( 2)  0.115  0.004
 396 S   0.12461 0.12461 0.12461 0.12461 0.12461 0.12461 0.12461 0.12461 0.00315 ( 2)  0.088  0.003
 397 K   0.12442 0.12442 0.12442 0.12442 0.12442 0.12442 0.12442 0.12442 0.00463 ( 1)  0.129  0.005

Positively selected sites

	Prob(w>1)  mean w

   214 T      1.000**       27.818
   225 N      1.000**       27.818


lnL = -1648.844870

Bayes Empirical Bayes (BEB) probabilities for 11 classes (class) & postmean_w
(amino acids refer to 1st sequence: Mlig.45855)

   1 M   0.60095 0.08575 0.05886 0.04565 0.03717 0.03091 0.02587 0.02155 0.01774 0.01767 0.05788 ( 1)  0.322 +-  0.731
   2 R   0.59440 0.08498 0.05856 0.04559 0.03727 0.03112 0.02615 0.02188 0.01808 0.01808 0.06389 ( 1)  0.347 +-  0.804
   3 T   0.59515 0.08507 0.05859 0.04560 0.03726 0.03110 0.02612 0.02184 0.01804 0.01803 0.06318 ( 1)  0.344 +-  0.795
   4 T   0.59444 0.08499 0.05856 0.04559 0.03727 0.03112 0.02615 0.02187 0.01808 0.01807 0.06386 ( 1)  0.346 +-  0.804
   5 A   0.60003 0.08564 0.05882 0.04564 0.03718 0.03094 0.02591 0.02160 0.01779 0.01773 0.05871 ( 1)  0.325 +-  0.741
   6 E   0.59476 0.08503 0.05858 0.04559 0.03726 0.03111 0.02614 0.02186 0.01806 0.01805 0.06355 ( 1)  0.345 +-  0.800
   7 E   0.59476 0.08503 0.05858 0.04559 0.03726 0.03111 0.02614 0.02186 0.01806 0.01805 0.06355 ( 1)  0.345 +-  0.800
   8 K   0.59476 0.08503 0.05858 0.04559 0.03726 0.03111 0.02614 0.02186 0.01806 0.01805 0.06355 ( 1)  0.345 +-  0.800
   9 N   0.59546 0.08511 0.05861 0.04560 0.03726 0.03109 0.02611 0.02183 0.01803 0.01801 0.06289 ( 1)  0.342 +-  0.792
  10 G   0.59947 0.08558 0.05880 0.04564 0.03719 0.03096 0.02594 0.02163 0.01782 0.01777 0.05920 ( 1)  0.327 +-  0.746
  11 R   0.59860 0.08548 0.05876 0.04563 0.03721 0.03099 0.02598 0.02168 0.01787 0.01782 0.05998 ( 1)  0.330 +-  0.756
  12 P   0.59773 0.08537 0.05872 0.04562 0.03722 0.03102 0.02602 0.02172 0.01791 0.01787 0.06079 ( 1)  0.334 +-  0.766
  13 V   0.59905 0.08553 0.05878 0.04563 0.03720 0.03098 0.02596 0.02165 0.01784 0.01779 0.05960 ( 1)  0.329 +-  0.752
  14 T   0.59444 0.08499 0.05856 0.04559 0.03727 0.03112 0.02615 0.02187 0.01808 0.01807 0.06386 ( 1)  0.346 +-  0.804
  15 D   0.60005 0.08564 0.05882 0.04564 0.03718 0.03094 0.02591 0.02160 0.01779 0.01773 0.05871 ( 1)  0.325 +-  0.741
  16 G   0.59947 0.08558 0.05880 0.04564 0.03719 0.03096 0.02594 0.02163 0.01782 0.01777 0.05920 ( 1)  0.327 +-  0.746
  17 R   0.59288 0.08481 0.05848 0.04557 0.03728 0.03116 0.02621 0.02194 0.01815 0.01816 0.06534 ( 1)  0.353 +-  0.822
  18 P   0.59773 0.08537 0.05872 0.04562 0.03722 0.03102 0.02602 0.02172 0.01791 0.01787 0.06079 ( 1)  0.334 +-  0.766
  19 N   0.59546 0.08511 0.05861 0.04560 0.03726 0.03109 0.02611 0.02183 0.01803 0.01801 0.06289 ( 1)  0.342 +-  0.792
  20 S   0.59735 0.08533 0.05870 0.04562 0.03723 0.03103 0.02603 0.02174 0.01793 0.01790 0.06113 ( 1)  0.335 +-  0.770
  21 P   0.59860 0.08547 0.05876 0.04563 0.03721 0.03099 0.02598 0.02167 0.01787 0.01782 0.06000 ( 1)  0.331 +-  0.756
  22 S   0.59441 0.08499 0.05856 0.04559 0.03727 0.03112 0.02615 0.02188 0.01808 0.01807 0.06388 ( 1)  0.346 +-  0.804
  23 R   0.59288 0.08481 0.05848 0.04557 0.03728 0.03116 0.02621 0.02194 0.01815 0.01816 0.06534 ( 1)  0.353 +-  0.822
  24 S   0.59968 0.08560 0.05881 0.04564 0.03719 0.03096 0.02593 0.02162 0.01781 0.01775 0.05901 ( 1)  0.327 +-  0.744
  25 H   0.59471 0.08502 0.05857 0.04559 0.03726 0.03111 0.02614 0.02186 0.01807 0.01806 0.06360 ( 1)  0.345 +-  0.801
  26 S   0.59844 0.08546 0.05875 0.04563 0.03721 0.03100 0.02599 0.02168 0.01788 0.01783 0.06013 ( 1)  0.331 +-  0.758
  27 D   0.60005 0.08564 0.05882 0.04564 0.03718 0.03094 0.02591 0.02160 0.01779 0.01773 0.05871 ( 1)  0.325 +-  0.741
  28 R   0.59440 0.08498 0.05856 0.04559 0.03727 0.03112 0.02615 0.02188 0.01808 0.01808 0.06389 ( 1)  0.347 +-  0.804
  29 A   0.59901 0.08552 0.05878 0.04563 0.03720 0.03098 0.02596 0.02165 0.01784 0.01779 0.05962 ( 1)  0.329 +-  0.752
  30 P   0.59773 0.08537 0.05872 0.04562 0.03722 0.03102 0.02602 0.02172 0.01791 0.01787 0.06079 ( 1)  0.334 +-  0.766
  31 G   0.59489 0.08504 0.05858 0.04560 0.03726 0.03111 0.02613 0.02185 0.01806 0.01805 0.06342 ( 1)  0.345 +-  0.798
  32 L   0.59506 0.08506 0.05859 0.04560 0.03726 0.03110 0.02613 0.02184 0.01805 0.01803 0.06328 ( 1)  0.344 +-  0.797
  33 P   0.59449 0.08499 0.05856 0.04559 0.03727 0.03112 0.02615 0.02187 0.01808 0.01807 0.06381 ( 1)  0.346 +-  0.803
  34 L   0.59506 0.08506 0.05859 0.04560 0.03726 0.03110 0.02613 0.02184 0.01805 0.01803 0.06328 ( 1)  0.344 +-  0.797
  35 H   0.59471 0.08502 0.05857 0.04559 0.03726 0.03111 0.02614 0.02186 0.01807 0.01806 0.06360 ( 1)  0.345 +-  0.801
  36 L   0.59273 0.08479 0.05848 0.04557 0.03729 0.03117 0.02622 0.02195 0.01816 0.01817 0.06549 ( 1)  0.353 +-  0.824
  37 S   0.59735 0.08533 0.05870 0.04562 0.03723 0.03103 0.02603 0.02174 0.01793 0.01790 0.06113 ( 1)  0.335 +-  0.770
  38 V   0.60007 0.08564 0.05882 0.04564 0.03718 0.03094 0.02591 0.02160 0.01779 0.01772 0.05869 ( 1)  0.325 +-  0.741
  39 R   0.59860 0.08548 0.05876 0.04563 0.03721 0.03099 0.02598 0.02168 0.01787 0.01782 0.05998 ( 1)  0.330 +-  0.756
  40 R   0.59860 0.08548 0.05876 0.04563 0.03721 0.03099 0.02598 0.02168 0.01787 0.01782 0.05998 ( 1)  0.330 +-  0.756
  41 K   0.59895 0.08551 0.05877 0.04563 0.03720 0.03098 0.02596 0.02165 0.01785 0.01780 0.05969 ( 1)  0.329 +-  0.753
  42 P   0.59860 0.08547 0.05876 0.04563 0.03721 0.03099 0.02598 0.02167 0.01787 0.01782 0.06000 ( 1)  0.331 +-  0.756
  43 E   0.59476 0.08503 0.05858 0.04559 0.03726 0.03111 0.02614 0.02186 0.01806 0.01805 0.06355 ( 1)  0.345 +-  0.800
  44 D   0.60005 0.08564 0.05882 0.04564 0.03718 0.03094 0.02591 0.02160 0.01779 0.01773 0.05871 ( 1)  0.325 +-  0.741
  45 C   0.59427 0.08497 0.05855 0.04559 0.03727 0.03113 0.02616 0.02188 0.01809 0.01808 0.06402 ( 1)  0.347 +-  0.806
  46 L   0.59449 0.08499 0.05856 0.04559 0.03727 0.03112 0.02615 0.02187 0.01808 0.01807 0.06381 ( 1)  0.346 +-  0.803
  47 K   0.59476 0.08503 0.05858 0.04559 0.03726 0.03111 0.02614 0.02186 0.01806 0.01805 0.06355 ( 1)  0.345 +-  0.800
  48 R   0.59715 0.08531 0.05869 0.04562 0.03723 0.03104 0.02604 0.02175 0.01794 0.01791 0.06132 ( 1)  0.336 +-  0.772
  49 V   0.59905 0.08553 0.05878 0.04563 0.03720 0.03098 0.02596 0.02165 0.01784 0.01779 0.05960 ( 1)  0.329 +-  0.752
  50 A   0.60003 0.08564 0.05882 0.04564 0.03718 0.03094 0.02591 0.02160 0.01779 0.01773 0.05871 ( 1)  0.325 +-  0.741
  51 F   0.59893 0.08551 0.05877 0.04563 0.03720 0.03098 0.02596 0.02166 0.01785 0.01780 0.05969 ( 1)  0.329 +-  0.752
  52 S   0.59844 0.08546 0.05875 0.04563 0.03721 0.03100 0.02599 0.02168 0.01788 0.01783 0.06013 ( 1)  0.331 +-  0.758
  53 K   0.59895 0.08551 0.05877 0.04563 0.03720 0.03098 0.02596 0.02165 0.01785 0.01780 0.05969 ( 1)  0.329 +-  0.753
  54 A   0.59901 0.08552 0.05878 0.04563 0.03720 0.03098 0.02596 0.02165 0.01784 0.01779 0.05962 ( 1)  0.329 +-  0.752
  55 A   0.60003 0.08564 0.05882 0.04564 0.03718 0.03094 0.02591 0.02160 0.01779 0.01773 0.05871 ( 1)  0.325 +-  0.741
  56 Q   0.59495 0.08505 0.05858 0.04560 0.03726 0.03111 0.02613 0.02185 0.01805 0.01804 0.06338 ( 1)  0.344 +-  0.798
  57 S   0.59441 0.08499 0.05856 0.04559 0.03727 0.03112 0.02615 0.02188 0.01808 0.01807 0.06388 ( 1)  0.346 +-  0.804
  58 R   0.59715 0.08531 0.05869 0.04562 0.03723 0.03104 0.02604 0.02175 0.01794 0.01791 0.06132 ( 1)  0.336 +-  0.772
  59 E   0.59476 0.08503 0.05858 0.04559 0.03726 0.03111 0.02614 0.02186 0.01806 0.01805 0.06355 ( 1)  0.345 +-  0.800
  60 Q   0.59495 0.08505 0.05858 0.04560 0.03726 0.03111 0.02613 0.02185 0.01805 0.01804 0.06338 ( 1)  0.344 +-  0.798
  61 S   0.59844 0.08546 0.05875 0.04563 0.03721 0.03100 0.02599 0.02168 0.01788 0.01783 0.06013 ( 1)  0.331 +-  0.758
  62 T   0.60000 0.08564 0.05882 0.04564 0.03718 0.03094 0.02591 0.02160 0.01779 0.01773 0.05873 ( 1)  0.325 +-  0.741
  63 K   0.59895 0.08551 0.05877 0.04563 0.03720 0.03098 0.02596 0.02165 0.01785 0.01780 0.05969 ( 1)  0.329 +-  0.753
  64 L   0.59506 0.08506 0.05859 0.04560 0.03726 0.03110 0.02613 0.02184 0.01805 0.01803 0.06328 ( 1)  0.344 +-  0.797
  65 L   0.59465 0.08501 0.05857 0.04559 0.03726 0.03111 0.02614 0.02186 0.01807 0.01806 0.06366 ( 1)  0.346 +-  0.801
  66 S   0.59844 0.08546 0.05875 0.04563 0.03721 0.03100 0.02599 0.02168 0.01788 0.01783 0.06013 ( 1)  0.331 +-  0.758
  67 K   0.59476 0.08503 0.05858 0.04559 0.03726 0.03111 0.02614 0.02186 0.01806 0.01805 0.06355 ( 1)  0.345 +-  0.800
  68 H   0.59856 0.08547 0.05875 0.04563 0.03721 0.03099 0.02598 0.02167 0.01787 0.01782 0.06004 ( 1)  0.331 +-  0.757
  69 R   0.59288 0.08481 0.05848 0.04557 0.03728 0.03116 0.02621 0.02194 0.01815 0.01816 0.06534 ( 1)  0.353 +-  0.822
  70 D   0.60005 0.08564 0.05882 0.04564 0.03718 0.03094 0.02591 0.02160 0.01779 0.01773 0.05871 ( 1)  0.325 +-  0.741
  71 N   0.60007 0.08565 0.05882 0.04564 0.03718 0.03094 0.02591 0.02160 0.01779 0.01772 0.05868 ( 1)  0.325 +-  0.741
  72 S   0.59968 0.08560 0.05881 0.04564 0.03719 0.03096 0.02593 0.02162 0.01781 0.01775 0.05901 ( 1)  0.327 +-  0.744
  73 Q   0.59298 0.08482 0.05849 0.04557 0.03728 0.03116 0.02621 0.02194 0.01815 0.01816 0.06524 ( 1)  0.352 +-  0.821
  74 D   0.60005 0.08564 0.05882 0.04564 0.03718 0.03094 0.02591 0.02160 0.01779 0.01773 0.05871 ( 1)  0.325 +-  0.741
  75 R   0.59288 0.08481 0.05848 0.04557 0.03728 0.03116 0.02621 0.02194 0.01815 0.01816 0.06534 ( 1)  0.353 +-  0.822
  76 D   0.60005 0.08564 0.05882 0.04564 0.03718 0.03094 0.02591 0.02160 0.01779 0.01773 0.05871 ( 1)  0.325 +-  0.741
  77 S   0.59968 0.08560 0.05881 0.04564 0.03719 0.03096 0.02593 0.02162 0.01781 0.01775 0.05901 ( 1)  0.327 +-  0.744
  78 D   0.60005 0.08564 0.05882 0.04564 0.03718 0.03094 0.02591 0.02160 0.01779 0.01773 0.05871 ( 1)  0.325 +-  0.741
  79 I   0.60037 0.08568 0.05884 0.04564 0.03718 0.03093 0.02590 0.02158 0.01777 0.01771 0.05842 ( 1)  0.324 +-  0.737
  80 S   0.59441 0.08499 0.05856 0.04559 0.03727 0.03112 0.02615 0.02188 0.01808 0.01807 0.06388 ( 1)  0.346 +-  0.804
  81 V   0.59905 0.08553 0.05878 0.04563 0.03720 0.03098 0.02596 0.02165 0.01784 0.01779 0.05960 ( 1)  0.329 +-  0.752
  82 P   0.59860 0.08547 0.05876 0.04563 0.03721 0.03099 0.02598 0.02167 0.01787 0.01782 0.06000 ( 1)  0.331 +-  0.756
  83 V   0.59447 0.08499 0.05856 0.04559 0.03727 0.03112 0.02615 0.02187 0.01808 0.01807 0.06383 ( 1)  0.346 +-  0.803
  84 V   0.60007 0.08564 0.05882 0.04564 0.03718 0.03094 0.02591 0.02160 0.01779 0.01772 0.05869 ( 1)  0.325 +-  0.741
  85 T   0.60000 0.08564 0.05882 0.04564 0.03718 0.03094 0.02591 0.02160 0.01779 0.01773 0.05873 ( 1)  0.325 +-  0.741
  86 E   0.59893 0.08551 0.05877 0.04563 0.03720 0.03098 0.02596 0.02166 0.01785 0.01780 0.05971 ( 1)  0.329 +-  0.753
  87 N   0.60007 0.08565 0.05882 0.04564 0.03718 0.03094 0.02591 0.02160 0.01779 0.01772 0.05868 ( 1)  0.325 +-  0.741
  88 H   0.59856 0.08547 0.05875 0.04563 0.03721 0.03099 0.02598 0.02167 0.01787 0.01782 0.06004 ( 1)  0.331 +-  0.757
  89 L   0.59465 0.08501 0.05857 0.04559 0.03726 0.03111 0.02614 0.02186 0.01807 0.01806 0.06366 ( 1)  0.346 +-  0.801
  90 V   0.59519 0.08508 0.05860 0.04560 0.03726 0.03110 0.02612 0.02184 0.01804 0.01803 0.06315 ( 1)  0.343 +-  0.795
  91 Y   0.59834 0.08544 0.05874 0.04563 0.03721 0.03100 0.02599 0.02169 0.01788 0.01784 0.06024 ( 1)  0.332 +-  0.759
  92 I   0.59815 0.08542 0.05874 0.04563 0.03722 0.03101 0.02600 0.02170 0.01789 0.01785 0.06038 ( 1)  0.332 +-  0.760
  93 A   0.60003 0.08564 0.05882 0.04564 0.03718 0.03094 0.02591 0.02160 0.01779 0.01773 0.05871 ( 1)  0.325 +-  0.741
  94 K   0.59895 0.08551 0.05877 0.04563 0.03720 0.03098 0.02596 0.02165 0.01785 0.01780 0.05969 ( 1)  0.329 +-  0.753
  95 V   0.59905 0.08553 0.05878 0.04563 0.03720 0.03098 0.02596 0.02165 0.01784 0.01779 0.05960 ( 1)  0.329 +-  0.752
  96 L   0.59506 0.08506 0.05859 0.04560 0.03726 0.03110 0.02613 0.02184 0.01805 0.01803 0.06328 ( 1)  0.344 +-  0.797
  97 L   0.59506 0.08506 0.05859 0.04560 0.03726 0.03110 0.02613 0.02184 0.01805 0.01803 0.06328 ( 1)  0.344 +-  0.797
  98 P   0.59860 0.08547 0.05876 0.04563 0.03721 0.03099 0.02598 0.02167 0.01787 0.01782 0.06000 ( 1)  0.331 +-  0.756
  99 H   0.59471 0.08502 0.05857 0.04559 0.03726 0.03111 0.02614 0.02186 0.01807 0.01806 0.06360 ( 1)  0.345 +-  0.801
 100 H   0.59471 0.08502 0.05857 0.04559 0.03726 0.03111 0.02614 0.02186 0.01807 0.01806 0.06360 ( 1)  0.345 +-  0.801
 101 P   0.59860 0.08547 0.05876 0.04563 0.03721 0.03099 0.02598 0.02167 0.01787 0.01782 0.06000 ( 1)  0.331 +-  0.756
 102 I   0.60037 0.08568 0.05884 0.04564 0.03718 0.03093 0.02590 0.02158 0.01777 0.01771 0.05842 ( 1)  0.324 +-  0.737
 103 R   0.59440 0.08498 0.05856 0.04559 0.03727 0.03112 0.02615 0.02188 0.01808 0.01808 0.06389 ( 1)  0.347 +-  0.804
 104 I   0.60037 0.08568 0.05884 0.04564 0.03718 0.03093 0.02590 0.02158 0.01777 0.01771 0.05842 ( 1)  0.324 +-  0.737
 105 R   0.59715 0.08531 0.05869 0.04562 0.03723 0.03104 0.02604 0.02175 0.01794 0.01791 0.06132 ( 1)  0.336 +-  0.772
 106 H   0.59856 0.08547 0.05875 0.04563 0.03721 0.03099 0.02598 0.02167 0.01787 0.01782 0.06004 ( 1)  0.331 +-  0.757
 107 L   0.59506 0.08506 0.05859 0.04560 0.03726 0.03110 0.02613 0.02184 0.01805 0.01803 0.06328 ( 1)  0.344 +-  0.797
 108 P   0.59860 0.08547 0.05876 0.04563 0.03721 0.03099 0.02598 0.02167 0.01787 0.01782 0.06000 ( 1)  0.331 +-  0.756
 109 Y   0.59834 0.08544 0.05874 0.04563 0.03721 0.03100 0.02599 0.02169 0.01788 0.01784 0.06024 ( 1)  0.332 +-  0.759
 110 S   0.59365 0.08490 0.05852 0.04558 0.03728 0.03114 0.02618 0.02191 0.01812 0.01812 0.06460 ( 1)  0.350 +-  0.813
 111 A   0.60003 0.08564 0.05882 0.04564 0.03718 0.03094 0.02591 0.02160 0.01779 0.01773 0.05871 ( 1)  0.325 +-  0.741
 112 Q   0.59495 0.08505 0.05858 0.04560 0.03726 0.03111 0.02613 0.02185 0.01805 0.01804 0.06338 ( 1)  0.344 +-  0.798
 113 R   0.59715 0.08531 0.05869 0.04562 0.03723 0.03104 0.02604 0.02175 0.01794 0.01791 0.06132 ( 1)  0.336 +-  0.772
 114 L   0.59859 0.08547 0.05876 0.04563 0.03721 0.03099 0.02598 0.02167 0.01787 0.01782 0.06001 ( 1)  0.331 +-  0.757
 115 L   0.59859 0.08547 0.05876 0.04563 0.03721 0.03099 0.02598 0.02167 0.01787 0.01782 0.06001 ( 1)  0.331 +-  0.757
 116 I   0.59551 0.08511 0.05861 0.04560 0.03725 0.03109 0.02611 0.02183 0.01803 0.01801 0.06285 ( 1)  0.342 +-  0.791
 117 Y   0.59834 0.08544 0.05874 0.04563 0.03721 0.03100 0.02599 0.02169 0.01788 0.01784 0.06024 ( 1)  0.332 +-  0.759
 118 G   0.59489 0.08504 0.05858 0.04560 0.03726 0.03111 0.02613 0.02185 0.01806 0.01805 0.06342 ( 1)  0.345 +-  0.798
 119 V   0.60007 0.08564 0.05882 0.04564 0.03718 0.03094 0.02591 0.02160 0.01779 0.01772 0.05869 ( 1)  0.325 +-  0.741
 120 Y   0.59834 0.08544 0.05874 0.04563 0.03721 0.03100 0.02599 0.02169 0.01788 0.01784 0.06024 ( 1)  0.332 +-  0.759
 121 G   0.59489 0.08504 0.05858 0.04560 0.03726 0.03111 0.02613 0.02185 0.01806 0.01805 0.06342 ( 1)  0.345 +-  0.798
 122 F   0.59893 0.08551 0.05877 0.04563 0.03720 0.03098 0.02596 0.02166 0.01785 0.01780 0.05969 ( 1)  0.329 +-  0.752
 123 Q   0.59298 0.08482 0.05849 0.04557 0.03728 0.03116 0.02621 0.02194 0.01815 0.01816 0.06524 ( 1)  0.352 +-  0.821
 124 E   0.59476 0.08503 0.05858 0.04559 0.03726 0.03111 0.02614 0.02186 0.01806 0.01805 0.06355 ( 1)  0.345 +-  0.800
 125 M   0.60095 0.08575 0.05886 0.04565 0.03717 0.03091 0.02587 0.02155 0.01774 0.01767 0.05788 ( 1)  0.322 +-  0.731
 126 T   0.59899 0.08552 0.05877 0.04563 0.03720 0.03098 0.02596 0.02165 0.01785 0.01780 0.05964 ( 1)  0.329 +-  0.752
 127 P   0.59388 0.08492 0.05853 0.04558 0.03727 0.03114 0.02617 0.02190 0.01811 0.01810 0.06438 ( 1)  0.349 +-  0.810
 128 K   0.59476 0.08503 0.05858 0.04559 0.03726 0.03111 0.02614 0.02186 0.01806 0.01805 0.06355 ( 1)  0.345 +-  0.800
 129 T   0.59515 0.08507 0.05859 0.04560 0.03726 0.03110 0.02612 0.02184 0.01804 0.01803 0.06318 ( 1)  0.344 +-  0.795
 130 E   0.59893 0.08551 0.05877 0.04563 0.03720 0.03098 0.02596 0.02166 0.01785 0.01780 0.05971 ( 1)  0.329 +-  0.753
 131 M   0.60095 0.08575 0.05886 0.04565 0.03717 0.03091 0.02587 0.02155 0.01774 0.01767 0.05788 ( 1)  0.322 +-  0.731
 132 P   0.59388 0.08492 0.05853 0.04558 0.03727 0.03114 0.02617 0.02190 0.01811 0.01810 0.06438 ( 1)  0.349 +-  0.810
 133 T   0.59899 0.08552 0.05877 0.04563 0.03720 0.03098 0.02596 0.02165 0.01785 0.01780 0.05964 ( 1)  0.329 +-  0.752
 134 N   0.59546 0.08511 0.05861 0.04560 0.03726 0.03109 0.02611 0.02183 0.01803 0.01801 0.06289 ( 1)  0.342 +-  0.792
 135 A   0.59516 0.08507 0.05860 0.04560 0.03726 0.03110 0.02612 0.02184 0.01804 0.01803 0.06317 ( 1)  0.344 +-  0.795
 136 A   0.59901 0.08552 0.05878 0.04563 0.03720 0.03098 0.02596 0.02165 0.01784 0.01779 0.05962 ( 1)  0.329 +-  0.752
 137 S   0.59515 0.08507 0.05860 0.04560 0.03726 0.03110 0.02612 0.02184 0.01804 0.01803 0.06318 ( 1)  0.344 +-  0.795
 138 S   0.59735 0.08533 0.05870 0.04562 0.03723 0.03103 0.02603 0.02174 0.01793 0.01790 0.06113 ( 1)  0.335 +-  0.770
 139 G   0.59851 0.08547 0.05875 0.04563 0.03721 0.03100 0.02598 0.02168 0.01787 0.01783 0.06007 ( 1)  0.331 +-  0.757
 140 S   0.59735 0.08533 0.05870 0.04562 0.03723 0.03103 0.02603 0.02174 0.01793 0.01790 0.06113 ( 1)  0.335 +-  0.770
 141 N   0.60007 0.08565 0.05882 0.04564 0.03718 0.03094 0.02591 0.02160 0.01779 0.01772 0.05868 ( 1)  0.325 +-  0.741
 142 V   0.59905 0.08553 0.05878 0.04563 0.03720 0.03098 0.02596 0.02165 0.01784 0.01779 0.05960 ( 1)  0.329 +-  0.752
 143 P   0.59860 0.08547 0.05876 0.04563 0.03721 0.03099 0.02598 0.02167 0.01787 0.01782 0.06000 ( 1)  0.331 +-  0.756
 144 Y   0.59834 0.08544 0.05874 0.04563 0.03721 0.03100 0.02599 0.02169 0.01788 0.01784 0.06024 ( 1)  0.332 +-  0.759
 145 Y   0.59437 0.08498 0.05856 0.04559 0.03727 0.03112 0.02615 0.02188 0.01808 0.01808 0.06392 ( 1)  0.347 +-  0.805
 146 L   0.59465 0.08501 0.05857 0.04559 0.03726 0.03111 0.02614 0.02186 0.01807 0.01806 0.06366 ( 1)  0.346 +-  0.801
 147 D   0.59546 0.08511 0.05861 0.04560 0.03726 0.03109 0.02611 0.02183 0.01803 0.01801 0.06290 ( 1)  0.342 +-  0.792
 148 V   0.59905 0.08553 0.05878 0.04563 0.03720 0.03098 0.02596 0.02165 0.01784 0.01779 0.05960 ( 1)  0.329 +-  0.752
 149 L   0.59859 0.08547 0.05876 0.04563 0.03721 0.03099 0.02598 0.02167 0.01787 0.01782 0.06001 ( 1)  0.331 +-  0.757
 150 S   0.59441 0.08499 0.05856 0.04559 0.03727 0.03112 0.02615 0.02188 0.01808 0.01807 0.06388 ( 1)  0.346 +-  0.804
 151 W   0.59436 0.08498 0.05856 0.04559 0.03727 0.03112 0.02616 0.02188 0.01808 0.01808 0.06393 ( 1)  0.347 +-  0.805
 152 Q   0.59495 0.08505 0.05858 0.04560 0.03726 0.03111 0.02613 0.02185 0.01805 0.01804 0.06338 ( 1)  0.344 +-  0.798
 153 H   0.59471 0.08502 0.05857 0.04559 0.03726 0.03111 0.02614 0.02186 0.01807 0.01806 0.06360 ( 1)  0.345 +-  0.801
 154 K   0.59476 0.08503 0.05858 0.04559 0.03726 0.03111 0.02614 0.02186 0.01806 0.01805 0.06355 ( 1)  0.345 +-  0.800
 155 L   0.59506 0.08506 0.05859 0.04560 0.03726 0.03110 0.02613 0.02184 0.01805 0.01803 0.06328 ( 1)  0.344 +-  0.797
 156 C   0.59797 0.08540 0.05873 0.04563 0.03722 0.03102 0.02601 0.02171 0.01790 0.01786 0.06056 ( 1)  0.333 +-  0.763
 157 D   0.60005 0.08564 0.05882 0.04564 0.03718 0.03094 0.02591 0.02160 0.01779 0.01773 0.05871 ( 1)  0.325 +-  0.741
 158 L   0.59465 0.08501 0.05857 0.04559 0.03726 0.03111 0.02614 0.02186 0.01807 0.01806 0.06366 ( 1)  0.346 +-  0.801
 159 V   0.59905 0.08553 0.05878 0.04563 0.03720 0.03098 0.02596 0.02165 0.01784 0.01779 0.05960 ( 1)  0.329 +-  0.752
 160 Q   0.59495 0.08505 0.05858 0.04560 0.03726 0.03111 0.02613 0.02185 0.01805 0.01804 0.06338 ( 1)  0.344 +-  0.798
 161 V   0.60007 0.08564 0.05882 0.04564 0.03718 0.03094 0.02591 0.02160 0.01779 0.01772 0.05869 ( 1)  0.325 +-  0.741
 162 S   0.59844 0.08546 0.05875 0.04563 0.03721 0.03100 0.02599 0.02168 0.01788 0.01783 0.06013 ( 1)  0.331 +-  0.758
 163 D   0.59546 0.08511 0.05861 0.04560 0.03726 0.03109 0.02611 0.02183 0.01803 0.01801 0.06290 ( 1)  0.342 +-  0.792
 164 S   0.59441 0.08499 0.05856 0.04559 0.03727 0.03112 0.02615 0.02188 0.01808 0.01807 0.06388 ( 1)  0.346 +-  0.804
 165 T   0.60000 0.08564 0.05882 0.04564 0.03718 0.03094 0.02591 0.02160 0.01779 0.01773 0.05873 ( 1)  0.325 +-  0.741
 166 M   0.60095 0.08575 0.05886 0.04565 0.03717 0.03091 0.02587 0.02155 0.01774 0.01767 0.05788 ( 1)  0.322 +-  0.731
 167 Y   0.59834 0.08544 0.05874 0.04563 0.03721 0.03100 0.02599 0.02169 0.01788 0.01784 0.06024 ( 1)  0.332 +-  0.759
 168 A   0.59516 0.08507 0.05860 0.04560 0.03726 0.03110 0.02612 0.02184 0.01804 0.01803 0.06317 ( 1)  0.344 +-  0.795
 169 L   0.59506 0.08506 0.05859 0.04560 0.03726 0.03110 0.02613 0.02184 0.01805 0.01803 0.06328 ( 1)  0.344 +-  0.797
 170 V   0.60007 0.08564 0.05882 0.04564 0.03718 0.03094 0.02591 0.02160 0.01779 0.01772 0.05869 ( 1)  0.325 +-  0.741
 171 Q   0.59495 0.08505 0.05858 0.04560 0.03726 0.03111 0.02613 0.02185 0.01805 0.01804 0.06338 ( 1)  0.344 +-  0.798
 172 L   0.59465 0.08501 0.05857 0.04559 0.03726 0.03111 0.02614 0.02186 0.01807 0.01806 0.06366 ( 1)  0.346 +-  0.801
 173 N   0.59546 0.08511 0.05861 0.04560 0.03726 0.03109 0.02611 0.02183 0.01803 0.01801 0.06289 ( 1)  0.342 +-  0.792
 174 G   0.59851 0.08547 0.05875 0.04563 0.03721 0.03100 0.02598 0.02168 0.01787 0.01783 0.06007 ( 1)  0.331 +-  0.757
 175 S   0.59365 0.08490 0.05852 0.04558 0.03728 0.03114 0.02618 0.02191 0.01812 0.01812 0.06460 ( 1)  0.350 +-  0.813
 176 I   0.59815 0.08542 0.05874 0.04563 0.03722 0.03101 0.02600 0.02170 0.01789 0.01785 0.06038 ( 1)  0.332 +-  0.760
 177 N   0.60007 0.08565 0.05882 0.04564 0.03718 0.03094 0.02591 0.02160 0.01779 0.01772 0.05868 ( 1)  0.325 +-  0.741
 178 L   0.59506 0.08506 0.05859 0.04560 0.03726 0.03110 0.02613 0.02184 0.01805 0.01803 0.06328 ( 1)  0.344 +-  0.797
 179 V   0.59519 0.08508 0.05860 0.04560 0.03726 0.03110 0.02612 0.02184 0.01804 0.01803 0.06315 ( 1)  0.343 +-  0.795
 180 H   0.59856 0.08547 0.05875 0.04563 0.03721 0.03099 0.02598 0.02167 0.01787 0.01782 0.06004 ( 1)  0.331 +-  0.757
 181 F   0.59482 0.08503 0.05858 0.04560 0.03726 0.03111 0.02614 0.02186 0.01806 0.01805 0.06349 ( 1)  0.345 +-  0.799
 182 D   0.60005 0.08564 0.05882 0.04564 0.03718 0.03094 0.02591 0.02160 0.01779 0.01773 0.05871 ( 1)  0.325 +-  0.741
 183 E   0.59893 0.08551 0.05877 0.04563 0.03720 0.03098 0.02596 0.02166 0.01785 0.01780 0.05971 ( 1)  0.329 +-  0.753
 184 L   0.59859 0.08547 0.05876 0.04563 0.03721 0.03099 0.02598 0.02167 0.01787 0.01782 0.06001 ( 1)  0.331 +-  0.757
 185 M   0.60095 0.08575 0.05886 0.04565 0.03717 0.03091 0.02587 0.02155 0.01774 0.01767 0.05788 ( 1)  0.322 +-  0.731
 186 T   0.59444 0.08499 0.05856 0.04559 0.03727 0.03112 0.02615 0.02187 0.01808 0.01807 0.06386 ( 1)  0.346 +-  0.804
 187 Q   0.59298 0.08482 0.05849 0.04557 0.03728 0.03116 0.02621 0.02194 0.01815 0.01816 0.06524 ( 1)  0.352 +-  0.821
 188 Q   0.59495 0.08505 0.05858 0.04560 0.03726 0.03111 0.02613 0.02185 0.01805 0.01804 0.06338 ( 1)  0.344 +-  0.798
 189 Q   0.59495 0.08505 0.05858 0.04560 0.03726 0.03111 0.02613 0.02185 0.01805 0.01804 0.06338 ( 1)  0.344 +-  0.798
 190 V   0.59905 0.08553 0.05878 0.04563 0.03720 0.03098 0.02596 0.02165 0.01784 0.01779 0.05960 ( 1)  0.329 +-  0.752
 191 L   0.59859 0.08547 0.05876 0.04563 0.03721 0.03099 0.02598 0.02167 0.01787 0.01782 0.06001 ( 1)  0.331 +-  0.757
 192 S   0.59968 0.08560 0.05881 0.04564 0.03719 0.03096 0.02593 0.02162 0.01781 0.01775 0.05901 ( 1)  0.327 +-  0.744
 193 L   0.59506 0.08506 0.05859 0.04560 0.03726 0.03110 0.02613 0.02184 0.01805 0.01803 0.06328 ( 1)  0.344 +-  0.797
 194 G   0.59416 0.08496 0.05855 0.04559 0.03727 0.03113 0.02616 0.02189 0.01809 0.01809 0.06412 ( 1)  0.347 +-  0.807
 195 P   0.59860 0.08547 0.05876 0.04563 0.03721 0.03099 0.02598 0.02167 0.01787 0.01782 0.06000 ( 1)  0.331 +-  0.756
 196 I   0.59551 0.08511 0.05861 0.04560 0.03725 0.03109 0.02611 0.02183 0.01803 0.01801 0.06285 ( 1)  0.342 +-  0.791
 197 G   0.59947 0.08558 0.05880 0.04564 0.03719 0.03096 0.02594 0.02163 0.01782 0.01777 0.05920 ( 1)  0.327 +-  0.746
 198 C   0.59797 0.08540 0.05873 0.04563 0.03722 0.03102 0.02601 0.02171 0.01790 0.01786 0.06056 ( 1)  0.333 +-  0.763
 199 V   0.59905 0.08553 0.05878 0.04563 0.03720 0.03098 0.02596 0.02165 0.01784 0.01779 0.05960 ( 1)  0.329 +-  0.752
 200 T   0.60000 0.08564 0.05882 0.04564 0.03718 0.03094 0.02591 0.02160 0.01779 0.01773 0.05873 ( 1)  0.325 +-  0.741
 201 S   0.59365 0.08490 0.05852 0.04558 0.03728 0.03114 0.02618 0.02191 0.01812 0.01812 0.06460 ( 1)  0.350 +-  0.813
 202 I   0.59815 0.08542 0.05874 0.04563 0.03722 0.03101 0.02600 0.02170 0.01789 0.01785 0.06038 ( 1)  0.332 +-  0.760
 203 T   0.59899 0.08552 0.05877 0.04563 0.03720 0.03098 0.02596 0.02165 0.01785 0.01780 0.05964 ( 1)  0.329 +-  0.752
 204 A   0.59516 0.08507 0.05860 0.04560 0.03726 0.03110 0.02612 0.02184 0.01804 0.01803 0.06317 ( 1)  0.344 +-  0.795
 205 D   0.60005 0.08564 0.05882 0.04564 0.03718 0.03094 0.02591 0.02160 0.01779 0.01773 0.05871 ( 1)  0.325 +-  0.741
 206 N   0.59546 0.08511 0.05861 0.04560 0.03726 0.03109 0.02611 0.02183 0.01803 0.01801 0.06289 ( 1)  0.342 +-  0.792
 207 S   0.59515 0.08507 0.05860 0.04560 0.03726 0.03110 0.02612 0.02184 0.01804 0.01803 0.06318 ( 1)  0.344 +-  0.795
 208 G   0.59616 0.08519 0.05864 0.04560 0.03724 0.03106 0.02608 0.02179 0.01799 0.01796 0.06230 ( 1)  0.340 +-  0.787
 209 T   0.60000 0.08564 0.05882 0.04564 0.03718 0.03094 0.02591 0.02160 0.01779 0.01773 0.05873 ( 1)  0.325 +-  0.741
 210 Y   0.59834 0.08544 0.05874 0.04563 0.03721 0.03100 0.02599 0.02169 0.01788 0.01784 0.06024 ( 1)  0.332 +-  0.759
 211 L   0.59449 0.08499 0.05856 0.04559 0.03727 0.03112 0.02615 0.02187 0.01808 0.01807 0.06381 ( 1)  0.346 +-  0.803
 212 Y   0.59834 0.08544 0.05874 0.04563 0.03721 0.03100 0.02599 0.02169 0.01788 0.01784 0.06024 ( 1)  0.332 +-  0.759
 213 L   0.59506 0.08506 0.05859 0.04560 0.03726 0.03110 0.02613 0.02184 0.01805 0.01803 0.06328 ( 1)  0.344 +-  0.797
 214 T   0.10553 0.03880 0.04291 0.04547 0.04670 0.04673 0.04560 0.04332 0.03996 0.04304 0.50194 (11)  2.009 +-  2.232
 215 Q   0.59298 0.08482 0.05849 0.04557 0.03728 0.03116 0.02621 0.02194 0.01815 0.01816 0.06524 ( 1)  0.352 +-  0.821
 216 K   0.59895 0.08551 0.05877 0.04563 0.03720 0.03098 0.02596 0.02165 0.01785 0.01780 0.05969 ( 1)  0.329 +-  0.753
 217 A   0.60003 0.08564 0.05882 0.04564 0.03718 0.03094 0.02591 0.02160 0.01779 0.01773 0.05871 ( 1)  0.325 +-  0.741
 218 R   0.59860 0.08548 0.05876 0.04563 0.03721 0.03099 0.02598 0.02168 0.01787 0.01782 0.05998 ( 1)  0.330 +-  0.756
 219 N   0.60007 0.08565 0.05882 0.04564 0.03718 0.03094 0.02591 0.02160 0.01779 0.01772 0.05868 ( 1)  0.325 +-  0.741
 220 C   0.59569 0.08513 0.05862 0.04560 0.03725 0.03108 0.02610 0.02182 0.01802 0.01800 0.06269 ( 1)  0.342 +-  0.789
 221 V   0.59905 0.08553 0.05878 0.04563 0.03720 0.03098 0.02596 0.02165 0.01784 0.01779 0.05960 ( 1)  0.329 +-  0.752
 222 L   0.59506 0.08506 0.05859 0.04560 0.03726 0.03110 0.02613 0.02184 0.01805 0.01803 0.06328 ( 1)  0.344 +-  0.797
 223 R   0.59288 0.08481 0.05848 0.04557 0.03728 0.03116 0.02621 0.02194 0.01815 0.01816 0.06534 ( 1)  0.353 +-  0.822
 224 I   0.60037 0.08568 0.05884 0.04564 0.03718 0.03093 0.02590 0.02158 0.01777 0.01771 0.05842 ( 1)  0.324 +-  0.737
 225 N   0.10820 0.03963 0.04374 0.04627 0.04744 0.04739 0.04618 0.04380 0.04034 0.04339 0.49362 (11)  1.975 +-  2.214
 226 T   0.59899 0.08552 0.05877 0.04563 0.03720 0.03098 0.02596 0.02165 0.01785 0.01780 0.05964 ( 1)  0.329 +-  0.752
 227 S   0.59968 0.08560 0.05881 0.04564 0.03719 0.03096 0.02593 0.02162 0.01781 0.01775 0.05901 ( 1)  0.327 +-  0.744
 228 D   0.60005 0.08564 0.05882 0.04564 0.03718 0.03094 0.02591 0.02160 0.01779 0.01773 0.05871 ( 1)  0.325 +-  0.741
 229 L   0.59465 0.08501 0.05857 0.04559 0.03726 0.03111 0.02614 0.02186 0.01807 0.01806 0.06366 ( 1)  0.346 +-  0.801
 230 D   0.60005 0.08564 0.05882 0.04564 0.03718 0.03094 0.02591 0.02160 0.01779 0.01773 0.05871 ( 1)  0.325 +-  0.741
 231 K   0.59476 0.08503 0.05858 0.04559 0.03726 0.03111 0.02614 0.02186 0.01806 0.01805 0.06355 ( 1)  0.345 +-  0.800
 232 N   0.59546 0.08511 0.05861 0.04560 0.03726 0.03109 0.02611 0.02183 0.01803 0.01801 0.06289 ( 1)  0.342 +-  0.792
 233 S   0.59365 0.08490 0.05852 0.04558 0.03728 0.03114 0.02618 0.02191 0.01812 0.01812 0.06460 ( 1)  0.350 +-  0.813
 234 I   0.60037 0.08568 0.05884 0.04564 0.03718 0.03093 0.02590 0.02158 0.01777 0.01771 0.05842 ( 1)  0.324 +-  0.737
 235 D   0.59546 0.08511 0.05861 0.04560 0.03726 0.03109 0.02611 0.02183 0.01803 0.01801 0.06290 ( 1)  0.342 +-  0.792
 236 Y   0.59437 0.08498 0.05856 0.04559 0.03727 0.03112 0.02615 0.02188 0.01808 0.01808 0.06392 ( 1)  0.347 +-  0.805
 237 F   0.59893 0.08551 0.05877 0.04563 0.03720 0.03098 0.02596 0.02166 0.01785 0.01780 0.05969 ( 1)  0.329 +-  0.752
 238 G   0.59947 0.08558 0.05880 0.04564 0.03719 0.03096 0.02594 0.02163 0.01782 0.01777 0.05920 ( 1)  0.327 +-  0.746
 239 T   0.60000 0.08564 0.05882 0.04564 0.03718 0.03094 0.02591 0.02160 0.01779 0.01773 0.05873 ( 1)  0.325 +-  0.741
 240 L   0.59273 0.08479 0.05848 0.04557 0.03729 0.03117 0.02622 0.02195 0.01816 0.01817 0.06549 ( 1)  0.353 +-  0.824
 241 W   0.59436 0.08498 0.05856 0.04559 0.03727 0.03112 0.02616 0.02188 0.01808 0.01808 0.06393 ( 1)  0.347 +-  0.805
 242 R   0.59440 0.08498 0.05856 0.04559 0.03727 0.03112 0.02615 0.02188 0.01808 0.01808 0.06389 ( 1)  0.347 +-  0.804
 243 P   0.59388 0.08492 0.05853 0.04558 0.03727 0.03114 0.02617 0.02190 0.01811 0.01810 0.06438 ( 1)  0.349 +-  0.810
 244 F   0.59893 0.08551 0.05877 0.04563 0.03720 0.03098 0.02596 0.02166 0.01785 0.01780 0.05969 ( 1)  0.329 +-  0.752
 245 D   0.60005 0.08564 0.05882 0.04564 0.03718 0.03094 0.02591 0.02160 0.01779 0.01773 0.05871 ( 1)  0.325 +-  0.741
 246 C   0.59797 0.08540 0.05873 0.04563 0.03722 0.03102 0.02601 0.02171 0.01790 0.01786 0.06056 ( 1)  0.333 +-  0.763
 247 C   0.59797 0.08540 0.05873 0.04563 0.03722 0.03102 0.02601 0.02171 0.01790 0.01786 0.06056 ( 1)  0.333 +-  0.763
 248 M   0.60095 0.08575 0.05886 0.04565 0.03717 0.03091 0.02587 0.02155 0.01774 0.01767 0.05788 ( 1)  0.322 +-  0.731
 249 S   0.59515 0.08507 0.05860 0.04560 0.03726 0.03110 0.02612 0.02184 0.01804 0.01803 0.06318 ( 1)  0.344 +-  0.795
 250 Q   0.59495 0.08505 0.05858 0.04560 0.03726 0.03111 0.02613 0.02185 0.01805 0.01804 0.06338 ( 1)  0.344 +-  0.798
 251 P   0.59860 0.08547 0.05876 0.04563 0.03721 0.03099 0.02598 0.02167 0.01787 0.01782 0.06000 ( 1)  0.331 +-  0.756
 252 I   0.59551 0.08511 0.05861 0.04560 0.03725 0.03109 0.02611 0.02183 0.01803 0.01801 0.06285 ( 1)  0.342 +-  0.791
 253 A   0.60003 0.08564 0.05882 0.04564 0.03718 0.03094 0.02591 0.02160 0.01779 0.01773 0.05871 ( 1)  0.325 +-  0.741
 254 L   0.59506 0.08506 0.05859 0.04560 0.03726 0.03110 0.02613 0.02184 0.01805 0.01803 0.06328 ( 1)  0.344 +-  0.797
 255 P   0.59388 0.08492 0.05853 0.04558 0.03727 0.03114 0.02617 0.02190 0.01811 0.01810 0.06438 ( 1)  0.349 +-  0.810
 256 N   0.60007 0.08565 0.05882 0.04564 0.03718 0.03094 0.02591 0.02160 0.01779 0.01772 0.05868 ( 1)  0.325 +-  0.741
 257 G   0.59947 0.08558 0.05880 0.04564 0.03719 0.03096 0.02594 0.02163 0.01782 0.01777 0.05920 ( 1)  0.327 +-  0.746
 258 K   0.59476 0.08503 0.05858 0.04559 0.03726 0.03111 0.02614 0.02186 0.01806 0.01805 0.06355 ( 1)  0.345 +-  0.800
 259 H   0.59471 0.08502 0.05857 0.04559 0.03726 0.03111 0.02614 0.02186 0.01807 0.01806 0.06360 ( 1)  0.345 +-  0.801
 260 T   0.59515 0.08507 0.05859 0.04560 0.03726 0.03110 0.02612 0.02184 0.01804 0.01803 0.06318 ( 1)  0.344 +-  0.795
 261 Q   0.59495 0.08505 0.05858 0.04560 0.03726 0.03111 0.02613 0.02185 0.01805 0.01804 0.06338 ( 1)  0.344 +-  0.798
 262 F   0.59893 0.08551 0.05877 0.04563 0.03720 0.03098 0.02596 0.02166 0.01785 0.01780 0.05969 ( 1)  0.329 +-  0.752
 263 L   0.59465 0.08501 0.05857 0.04559 0.03726 0.03111 0.02614 0.02186 0.01807 0.01806 0.06366 ( 1)  0.346 +-  0.801
 264 F   0.59893 0.08551 0.05877 0.04563 0.03720 0.03098 0.02596 0.02166 0.01785 0.01780 0.05969 ( 1)  0.329 +-  0.752
 265 V   0.59905 0.08553 0.05878 0.04563 0.03720 0.03098 0.02596 0.02165 0.01784 0.01779 0.05960 ( 1)  0.329 +-  0.752
 266 S   0.59735 0.08533 0.05870 0.04562 0.03723 0.03103 0.02603 0.02174 0.01793 0.01790 0.06113 ( 1)  0.335 +-  0.770
 267 N   0.60007 0.08565 0.05882 0.04564 0.03718 0.03094 0.02591 0.02160 0.01779 0.01772 0.05868 ( 1)  0.325 +-  0.741
 268 I   0.60037 0.08568 0.05884 0.04564 0.03718 0.03093 0.02590 0.02158 0.01777 0.01771 0.05842 ( 1)  0.324 +-  0.737
 269 D   0.59546 0.08511 0.05861 0.04560 0.03726 0.03109 0.02611 0.02183 0.01803 0.01801 0.06290 ( 1)  0.342 +-  0.792
 270 A   0.59901 0.08552 0.05878 0.04563 0.03720 0.03098 0.02596 0.02165 0.01784 0.01779 0.05962 ( 1)  0.329 +-  0.752
 271 D   0.60005 0.08564 0.05882 0.04564 0.03718 0.03094 0.02591 0.02160 0.01779 0.01773 0.05871 ( 1)  0.325 +-  0.741
 272 I   0.59551 0.08511 0.05861 0.04560 0.03725 0.03109 0.02611 0.02183 0.01803 0.01801 0.06285 ( 1)  0.342 +-  0.791
 273 V   0.59519 0.08508 0.05860 0.04560 0.03726 0.03110 0.02612 0.02184 0.01804 0.01803 0.06315 ( 1)  0.343 +-  0.795
 274 V   0.59905 0.08553 0.05878 0.04563 0.03720 0.03098 0.02596 0.02165 0.01784 0.01779 0.05960 ( 1)  0.329 +-  0.752
 275 F   0.59893 0.08551 0.05877 0.04563 0.03720 0.03098 0.02596 0.02166 0.01785 0.01780 0.05969 ( 1)  0.329 +-  0.752
 276 D   0.60005 0.08564 0.05882 0.04564 0.03718 0.03094 0.02591 0.02160 0.01779 0.01773 0.05871 ( 1)  0.325 +-  0.741
 277 T   0.59899 0.08552 0.05877 0.04563 0.03720 0.03098 0.02596 0.02165 0.01785 0.01780 0.05964 ( 1)  0.329 +-  0.752
 278 E   0.59893 0.08551 0.05877 0.04563 0.03720 0.03098 0.02596 0.02166 0.01785 0.01780 0.05971 ( 1)  0.329 +-  0.753
 279 T   0.59444 0.08499 0.05856 0.04559 0.03727 0.03112 0.02615 0.02187 0.01808 0.01807 0.06386 ( 1)  0.346 +-  0.804
 280 M   0.60095 0.08575 0.05886 0.04565 0.03717 0.03091 0.02587 0.02155 0.01774 0.01767 0.05788 ( 1)  0.322 +-  0.731
 281 S   0.59441 0.08499 0.05856 0.04559 0.03727 0.03112 0.02615 0.02188 0.01808 0.01807 0.06388 ( 1)  0.346 +-  0.804
 282 V   0.59519 0.08508 0.05860 0.04560 0.03726 0.03110 0.02612 0.02184 0.01804 0.01803 0.06315 ( 1)  0.343 +-  0.795
 283 V   0.59905 0.08553 0.05878 0.04563 0.03720 0.03098 0.02596 0.02165 0.01784 0.01779 0.05960 ( 1)  0.329 +-  0.752
 284 A   0.59445 0.08499 0.05856 0.04559 0.03727 0.03112 0.02615 0.02187 0.01808 0.01807 0.06385 ( 1)  0.346 +-  0.804
 285 E   0.59634 0.08521 0.05865 0.04561 0.03724 0.03106 0.02607 0.02178 0.01798 0.01796 0.06211 ( 1)  0.339 +-  0.783
 286 C   0.59655 0.08524 0.05866 0.04561 0.03724 0.03106 0.02607 0.02178 0.01797 0.01795 0.06188 ( 1)  0.338 +-  0.779
 287 G   0.59947 0.08558 0.05880 0.04564 0.03719 0.03096 0.02594 0.02163 0.01782 0.01777 0.05920 ( 1)  0.327 +-  0.746
 288 A   0.59445 0.08499 0.05856 0.04559 0.03727 0.03112 0.02615 0.02187 0.01808 0.01807 0.06385 ( 1)  0.346 +-  0.804
 289 D   0.60005 0.08564 0.05882 0.04564 0.03718 0.03094 0.02591 0.02160 0.01779 0.01773 0.05871 ( 1)  0.325 +-  0.741
 290 F   0.59893 0.08551 0.05877 0.04563 0.03720 0.03098 0.02596 0.02166 0.01785 0.01780 0.05969 ( 1)  0.329 +-  0.752
 291 T   0.60000 0.08564 0.05882 0.04564 0.03718 0.03094 0.02591 0.02160 0.01779 0.01773 0.05873 ( 1)  0.325 +-  0.741
 292 A   0.59901 0.08552 0.05878 0.04563 0.03720 0.03098 0.02596 0.02165 0.01784 0.01779 0.05962 ( 1)  0.329 +-  0.752
 293 G   0.59947 0.08558 0.05880 0.04564 0.03719 0.03096 0.02594 0.02163 0.01782 0.01777 0.05920 ( 1)  0.327 +-  0.746
 294 A   0.60003 0.08564 0.05882 0.04564 0.03718 0.03094 0.02591 0.02160 0.01779 0.01773 0.05871 ( 1)  0.325 +-  0.741
 295 K   0.59895 0.08551 0.05877 0.04563 0.03720 0.03098 0.02596 0.02165 0.01785 0.01780 0.05969 ( 1)  0.329 +-  0.753
 296 Y   0.59592 0.08516 0.05863 0.04561 0.03725 0.03108 0.02609 0.02180 0.01800 0.01798 0.06248 ( 1)  0.341 +-  0.787
 297 L   0.59859 0.08547 0.05876 0.04563 0.03721 0.03099 0.02598 0.02167 0.01787 0.01782 0.06001 ( 1)  0.331 +-  0.757
 298 T   0.60000 0.08564 0.05882 0.04564 0.03718 0.03094 0.02591 0.02160 0.01779 0.01773 0.05873 ( 1)  0.325 +-  0.741
 299 Y   0.59834 0.08544 0.05874 0.04563 0.03721 0.03100 0.02599 0.02169 0.01788 0.01784 0.06024 ( 1)  0.332 +-  0.759
 300 D   0.60005 0.08564 0.05882 0.04564 0.03718 0.03094 0.02591 0.02160 0.01779 0.01773 0.05871 ( 1)  0.325 +-  0.741
 301 Q   0.59495 0.08505 0.05858 0.04560 0.03726 0.03111 0.02613 0.02185 0.01805 0.01804 0.06338 ( 1)  0.344 +-  0.798
 302 K   0.59476 0.08503 0.05858 0.04559 0.03726 0.03111 0.02614 0.02186 0.01806 0.01805 0.06355 ( 1)  0.345 +-  0.800
 303 R   0.59816 0.08542 0.05874 0.04563 0.03722 0.03101 0.02600 0.02170 0.01789 0.01785 0.06038 ( 1)  0.332 +-  0.761
 304 G   0.59947 0.08558 0.05880 0.04564 0.03719 0.03096 0.02594 0.02163 0.01782 0.01777 0.05920 ( 1)  0.327 +-  0.746
 305 V   0.60007 0.08564 0.05882 0.04564 0.03718 0.03094 0.02591 0.02160 0.01779 0.01772 0.05869 ( 1)  0.325 +-  0.741
 306 L   0.59449 0.08499 0.05856 0.04559 0.03727 0.03112 0.02615 0.02187 0.01808 0.01807 0.06381 ( 1)  0.346 +-  0.803
 307 F   0.59893 0.08551 0.05877 0.04563 0.03720 0.03098 0.02596 0.02166 0.01785 0.01780 0.05969 ( 1)  0.329 +-  0.752
 308 V   0.60007 0.08564 0.05882 0.04564 0.03718 0.03094 0.02591 0.02160 0.01779 0.01772 0.05869 ( 1)  0.325 +-  0.741
 309 S   0.59844 0.08546 0.05875 0.04563 0.03721 0.03100 0.02599 0.02168 0.01788 0.01783 0.06013 ( 1)  0.331 +-  0.758
 310 S   0.59968 0.08560 0.05881 0.04564 0.03719 0.03096 0.02593 0.02162 0.01781 0.01775 0.05901 ( 1)  0.327 +-  0.744
 311 S   0.59735 0.08533 0.05870 0.04562 0.03723 0.03103 0.02603 0.02174 0.01793 0.01790 0.06113 ( 1)  0.335 +-  0.770
 312 S   0.59844 0.08546 0.05875 0.04563 0.03721 0.03100 0.02599 0.02168 0.01788 0.01783 0.06013 ( 1)  0.331 +-  0.758
 313 D   0.59546 0.08511 0.05861 0.04560 0.03726 0.03109 0.02611 0.02183 0.01803 0.01801 0.06290 ( 1)  0.342 +-  0.792
 314 R   0.59428 0.08497 0.05855 0.04559 0.03727 0.03113 0.02616 0.02188 0.01809 0.01808 0.06401 ( 1)  0.347 +-  0.806
 315 Q   0.59495 0.08505 0.05858 0.04560 0.03726 0.03111 0.02613 0.02185 0.01805 0.01804 0.06338 ( 1)  0.344 +-  0.798
 316 L   0.59859 0.08547 0.05876 0.04563 0.03721 0.03099 0.02598 0.02167 0.01787 0.01782 0.06001 ( 1)  0.331 +-  0.757
 317 R   0.59816 0.08542 0.05874 0.04563 0.03722 0.03101 0.02600 0.02170 0.01789 0.01785 0.06038 ( 1)  0.332 +-  0.761
 318 C   0.59797 0.08540 0.05873 0.04563 0.03722 0.03102 0.02601 0.02171 0.01790 0.01786 0.06056 ( 1)  0.333 +-  0.763
 319 Y   0.59834 0.08544 0.05874 0.04563 0.03721 0.03100 0.02599 0.02169 0.01788 0.01784 0.06024 ( 1)  0.332 +-  0.759
 320 R   0.59715 0.08531 0.05869 0.04562 0.03723 0.03104 0.02604 0.02175 0.01794 0.01791 0.06132 ( 1)  0.336 +-  0.772
 321 F   0.59893 0.08551 0.05877 0.04563 0.03720 0.03098 0.02596 0.02166 0.01785 0.01780 0.05969 ( 1)  0.329 +-  0.752
 322 D   0.60005 0.08564 0.05882 0.04564 0.03718 0.03094 0.02591 0.02160 0.01779 0.01773 0.05871 ( 1)  0.325 +-  0.741
 323 A   0.60003 0.08564 0.05882 0.04564 0.03718 0.03094 0.02591 0.02160 0.01779 0.01773 0.05871 ( 1)  0.325 +-  0.741
 324 R   0.59860 0.08548 0.05876 0.04563 0.03721 0.03099 0.02598 0.02168 0.01787 0.01782 0.05998 ( 1)  0.330 +-  0.756
 325 L   0.59465 0.08501 0.05857 0.04559 0.03726 0.03111 0.02614 0.02186 0.01807 0.01806 0.06366 ( 1)  0.346 +-  0.801
 326 P   0.59860 0.08547 0.05876 0.04563 0.03721 0.03099 0.02598 0.02167 0.01787 0.01782 0.06000 ( 1)  0.331 +-  0.756
 327 R   0.59715 0.08531 0.05869 0.04562 0.03723 0.03104 0.02604 0.02175 0.01794 0.01791 0.06132 ( 1)  0.336 +-  0.772
 328 P   0.59773 0.08537 0.05872 0.04562 0.03722 0.03102 0.02602 0.02172 0.01791 0.01787 0.06079 ( 1)  0.334 +-  0.766
 329 K   0.59895 0.08551 0.05877 0.04563 0.03720 0.03098 0.02596 0.02165 0.01785 0.01780 0.05969 ( 1)  0.329 +-  0.753
 330 L   0.59506 0.08506 0.05859 0.04560 0.03726 0.03110 0.02613 0.02184 0.01805 0.01803 0.06328 ( 1)  0.344 +-  0.797
 331 H   0.59856 0.08547 0.05875 0.04563 0.03721 0.03099 0.02598 0.02167 0.01787 0.01782 0.06004 ( 1)  0.331 +-  0.757
 332 K   0.59476 0.08503 0.05858 0.04559 0.03726 0.03111 0.02614 0.02186 0.01806 0.01805 0.06355 ( 1)  0.345 +-  0.800
 333 I   0.60037 0.08568 0.05884 0.04564 0.03718 0.03093 0.02590 0.02158 0.01777 0.01771 0.05842 ( 1)  0.324 +-  0.737
 334 D   0.60005 0.08564 0.05882 0.04564 0.03718 0.03094 0.02591 0.02160 0.01779 0.01773 0.05871 ( 1)  0.325 +-  0.741
 335 D   0.60005 0.08564 0.05882 0.04564 0.03718 0.03094 0.02591 0.02160 0.01779 0.01773 0.05871 ( 1)  0.325 +-  0.741
 336 F   0.59482 0.08503 0.05858 0.04560 0.03726 0.03111 0.02614 0.02186 0.01806 0.01805 0.06349 ( 1)  0.345 +-  0.799
 337 M   0.60095 0.08575 0.05886 0.04565 0.03717 0.03091 0.02587 0.02155 0.01774 0.01767 0.05788 ( 1)  0.322 +-  0.731
 338 V   0.59905 0.08553 0.05878 0.04563 0.03720 0.03098 0.02596 0.02165 0.01784 0.01779 0.05960 ( 1)  0.329 +-  0.752
 339 A   0.59445 0.08499 0.05856 0.04559 0.03727 0.03112 0.02615 0.02187 0.01808 0.01807 0.06385 ( 1)  0.346 +-  0.804
 340 T   0.59444 0.08499 0.05856 0.04559 0.03727 0.03112 0.02615 0.02187 0.01808 0.01807 0.06386 ( 1)  0.346 +-  0.804
 341 K   0.59895 0.08551 0.05877 0.04563 0.03720 0.03098 0.02596 0.02165 0.01785 0.01780 0.05969 ( 1)  0.329 +-  0.753
 342 K   0.59895 0.08551 0.05877 0.04563 0.03720 0.03098 0.02596 0.02165 0.01785 0.01780 0.05969 ( 1)  0.329 +-  0.753
 343 S   0.59735 0.08533 0.05870 0.04562 0.03723 0.03103 0.02603 0.02174 0.01793 0.01790 0.06113 ( 1)  0.335 +-  0.770
 344 T   0.59899 0.08552 0.05877 0.04563 0.03720 0.03098 0.02596 0.02165 0.01785 0.01780 0.05964 ( 1)  0.329 +-  0.752
 345 V   0.59519 0.08508 0.05860 0.04560 0.03726 0.03110 0.02612 0.02184 0.01804 0.01803 0.06315 ( 1)  0.343 +-  0.795
 346 R   0.59816 0.08542 0.05874 0.04563 0.03722 0.03101 0.02600 0.02170 0.01789 0.01785 0.06038 ( 1)  0.332 +-  0.761
 347 S   0.59968 0.08560 0.05881 0.04564 0.03719 0.03096 0.02593 0.02162 0.01781 0.01775 0.05901 ( 1)  0.327 +-  0.744
 348 G   0.59947 0.08558 0.05880 0.04564 0.03719 0.03096 0.02594 0.02163 0.01782 0.01777 0.05920 ( 1)  0.327 +-  0.746
 349 G   0.59851 0.08547 0.05875 0.04563 0.03721 0.03100 0.02598 0.02168 0.01787 0.01783 0.06007 ( 1)  0.331 +-  0.757
 350 P   0.59773 0.08537 0.05872 0.04562 0.03722 0.03102 0.02602 0.02172 0.01791 0.01787 0.06079 ( 1)  0.334 +-  0.766
 351 Q   0.59495 0.08505 0.05858 0.04560 0.03726 0.03111 0.02613 0.02185 0.01805 0.01804 0.06338 ( 1)  0.344 +-  0.798
 352 C   0.59797 0.08540 0.05873 0.04563 0.03722 0.03102 0.02601 0.02171 0.01790 0.01786 0.06056 ( 1)  0.333 +-  0.763
 353 I   0.60037 0.08568 0.05884 0.04564 0.03718 0.03093 0.02590 0.02158 0.01777 0.01771 0.05842 ( 1)  0.324 +-  0.737
 354 M   0.60095 0.08575 0.05886 0.04565 0.03717 0.03091 0.02587 0.02155 0.01774 0.01767 0.05788 ( 1)  0.322 +-  0.731
 355 W   0.59436 0.08498 0.05856 0.04559 0.03727 0.03112 0.02616 0.02188 0.01808 0.01808 0.06393 ( 1)  0.347 +-  0.805
 356 D   0.60005 0.08564 0.05882 0.04564 0.03718 0.03094 0.02591 0.02160 0.01779 0.01773 0.05871 ( 1)  0.325 +-  0.741
 357 S   0.59844 0.08546 0.05875 0.04563 0.03721 0.03100 0.02599 0.02168 0.01788 0.01783 0.06013 ( 1)  0.331 +-  0.758
 358 D   0.60005 0.08564 0.05882 0.04564 0.03718 0.03094 0.02591 0.02160 0.01779 0.01773 0.05871 ( 1)  0.325 +-  0.741
 359 M   0.60095 0.08575 0.05886 0.04565 0.03717 0.03091 0.02587 0.02155 0.01774 0.01767 0.05788 ( 1)  0.322 +-  0.731
 360 E   0.59893 0.08551 0.05877 0.04563 0.03720 0.03098 0.02596 0.02166 0.01785 0.01780 0.05971 ( 1)  0.329 +-  0.753
 361 Q   0.59495 0.08505 0.05858 0.04560 0.03726 0.03111 0.02613 0.02185 0.01805 0.01804 0.06338 ( 1)  0.344 +-  0.798
 362 L   0.59506 0.08506 0.05859 0.04560 0.03726 0.03110 0.02613 0.02184 0.01805 0.01803 0.06328 ( 1)  0.344 +-  0.797
 363 A   0.59901 0.08552 0.05878 0.04563 0.03720 0.03098 0.02596 0.02165 0.01784 0.01779 0.05962 ( 1)  0.329 +-  0.752
 364 V   0.59905 0.08553 0.05878 0.04563 0.03720 0.03098 0.02596 0.02165 0.01784 0.01779 0.05960 ( 1)  0.329 +-  0.752
 365 L   0.59859 0.08547 0.05876 0.04563 0.03721 0.03099 0.02598 0.02167 0.01787 0.01782 0.06001 ( 1)  0.331 +-  0.757
 366 S   0.59968 0.08560 0.05881 0.04564 0.03719 0.03096 0.02593 0.02162 0.01781 0.01775 0.05901 ( 1)  0.327 +-  0.744
 367 W   0.59436 0.08498 0.05856 0.04559 0.03727 0.03112 0.02616 0.02188 0.01808 0.01808 0.06393 ( 1)  0.347 +-  0.805
 368 S   0.59735 0.08533 0.05870 0.04562 0.03723 0.03103 0.02603 0.02174 0.01793 0.01790 0.06113 ( 1)  0.335 +-  0.770
 369 Q   0.59495 0.08505 0.05858 0.04560 0.03726 0.03111 0.02613 0.02185 0.01805 0.01804 0.06338 ( 1)  0.344 +-  0.798
 370 R   0.59860 0.08548 0.05876 0.04563 0.03721 0.03099 0.02598 0.02168 0.01787 0.01782 0.05998 ( 1)  0.330 +-  0.756
 371 V   0.60007 0.08564 0.05882 0.04564 0.03718 0.03094 0.02591 0.02160 0.01779 0.01772 0.05869 ( 1)  0.325 +-  0.741
 372 G   0.59913 0.08554 0.05878 0.04564 0.03720 0.03098 0.02596 0.02165 0.01784 0.01779 0.05951 ( 1)  0.329 +-  0.750
 373 R   0.59860 0.08548 0.05876 0.04563 0.03721 0.03099 0.02598 0.02168 0.01787 0.01782 0.05998 ( 1)  0.330 +-  0.756
 374 F   0.59482 0.08503 0.05858 0.04560 0.03726 0.03111 0.02614 0.02186 0.01806 0.01805 0.06349 ( 1)  0.345 +-  0.799
 375 M   0.60095 0.08575 0.05886 0.04565 0.03717 0.03091 0.02587 0.02155 0.01774 0.01767 0.05788 ( 1)  0.322 +-  0.731
 376 I   0.60037 0.08568 0.05884 0.04564 0.03718 0.03093 0.02590 0.02158 0.01777 0.01771 0.05842 ( 1)  0.324 +-  0.737
 377 K   0.59476 0.08503 0.05858 0.04559 0.03726 0.03111 0.02614 0.02186 0.01806 0.01805 0.06355 ( 1)  0.345 +-  0.800
 378 A   0.59901 0.08552 0.05878 0.04563 0.03720 0.03098 0.02596 0.02165 0.01784 0.01779 0.05962 ( 1)  0.329 +-  0.752
 379 F   0.59482 0.08503 0.05858 0.04560 0.03726 0.03111 0.02614 0.02186 0.01806 0.01805 0.06349 ( 1)  0.345 +-  0.799
 380 R   0.59816 0.08542 0.05874 0.04563 0.03722 0.03101 0.02600 0.02170 0.01789 0.01785 0.06038 ( 1)  0.332 +-  0.761
 381 I   0.60037 0.08568 0.05884 0.04564 0.03718 0.03093 0.02590 0.02158 0.01777 0.01771 0.05842 ( 1)  0.324 +-  0.737
 382 N   0.60007 0.08565 0.05882 0.04564 0.03718 0.03094 0.02591 0.02160 0.01779 0.01772 0.05868 ( 1)  0.325 +-  0.741
 383 L   0.59506 0.08506 0.05859 0.04560 0.03726 0.03110 0.02613 0.02184 0.01805 0.01803 0.06328 ( 1)  0.344 +-  0.797
 384 D   0.60005 0.08564 0.05882 0.04564 0.03718 0.03094 0.02591 0.02160 0.01779 0.01773 0.05871 ( 1)  0.325 +-  0.741
 385 E   0.59893 0.08551 0.05877 0.04563 0.03720 0.03098 0.02596 0.02166 0.01785 0.01780 0.05971 ( 1)  0.329 +-  0.753
 386 S   0.59441 0.08499 0.05856 0.04559 0.03727 0.03112 0.02615 0.02188 0.01808 0.01807 0.06388 ( 1)  0.346 +-  0.804
 387 A   0.60003 0.08564 0.05882 0.04564 0.03718 0.03094 0.02591 0.02160 0.01779 0.01773 0.05871 ( 1)  0.325 +-  0.741
 388 V   0.59905 0.08553 0.05878 0.04563 0.03720 0.03098 0.02596 0.02165 0.01784 0.01779 0.05960 ( 1)  0.329 +-  0.752
 389 W   0.59436 0.08498 0.05856 0.04559 0.03727 0.03112 0.02616 0.02188 0.01808 0.01808 0.06393 ( 1)  0.347 +-  0.805
 390 R   0.59428 0.08497 0.05855 0.04559 0.03727 0.03113 0.02616 0.02188 0.01809 0.01808 0.06401 ( 1)  0.347 +-  0.806
 391 H   0.59471 0.08502 0.05857 0.04559 0.03726 0.03111 0.02614 0.02186 0.01807 0.01806 0.06360 ( 1)  0.345 +-  0.801
 392 S   0.59844 0.08546 0.05875 0.04563 0.03721 0.03100 0.02599 0.02168 0.01788 0.01783 0.06013 ( 1)  0.331 +-  0.758
 393 F   0.59482 0.08503 0.05858 0.04560 0.03726 0.03111 0.02614 0.02186 0.01806 0.01805 0.06349 ( 1)  0.345 +-  0.799
 394 E   0.59893 0.08551 0.05877 0.04563 0.03720 0.03098 0.02596 0.02166 0.01785 0.01780 0.05971 ( 1)  0.329 +-  0.753
 395 I   0.59551 0.08511 0.05861 0.04560 0.03725 0.03109 0.02611 0.02183 0.01803 0.01801 0.06285 ( 1)  0.342 +-  0.791
 396 S   0.59735 0.08533 0.05870 0.04562 0.03723 0.03103 0.02603 0.02174 0.01793 0.01790 0.06113 ( 1)  0.335 +-  0.770
 397 K   0.59476 0.08503 0.05858 0.04559 0.03726 0.03111 0.02614 0.02186 0.01806 0.01805 0.06355 ( 1)  0.345 +-  0.800

Positively selected sites

	Prob(w>1)  mean w

   214 T      0.502         2.009 +- 2.232

