Supplemental results for CODEML (seqf: algn  treef: tree)


dN/dS (w) for site classes (K=3)

p:   0.44764  0.00000  0.55236
w:   0.20710  1.00000 113.32307

Naive Empirical Bayes (NEB) probabilities for 3 classes & postmean_w & P(w>1)
(amino acids refer to 1st sequence: Treg.8471)

   1 M   0.97839 0.00000 0.02161 ( 1)  2.651  0.022
   2 E   0.98694 0.00000 0.01306 ( 1)  1.684  0.013
   3 W   0.99076 0.00000 0.00924 ( 1)  1.252  0.009
   4 P   0.97270 0.00000 0.02730 ( 1)  3.296  0.027
   5 K   0.81194 0.00000 0.18806 ( 1) 21.479  0.188
   6 F   0.91325 0.00000 0.08675 ( 1) 10.020  0.087
   7 Y   0.95765 0.00000 0.04235 ( 1)  4.997  0.042
   8 P   0.97887 0.00000 0.02113 ( 1)  2.598  0.021
   9 S   0.95590 0.00000 0.04410 ( 1)  5.196  0.044
  10 R   0.98895 0.00000 0.01105 ( 1)  1.457  0.011
  11 I   0.94846 0.00000 0.05154 ( 1)  6.037  0.052
  12 P   0.97887 0.00000 0.02113 ( 1)  2.598  0.021
  13 L   0.94209 0.00000 0.05791 ( 1)  6.758  0.058
  14 F   0.95050 0.00000 0.04950 ( 1)  5.806  0.049
  15 A   0.96428 0.00000 0.03572 ( 1)  4.247  0.036
  16 V   0.94756 0.00000 0.05244 ( 1)  6.139  0.052
  17 I   0.92892 0.00000 0.07108 ( 1)  8.248  0.071
  18 H   0.97347 0.00000 0.02653 ( 1)  3.208  0.027
  19 A   0.96428 0.00000 0.03572 ( 1)  4.247  0.036
  20 S   0.96753 0.00000 0.03247 ( 1)  3.880  0.032
  21 V   0.92472 0.00000 0.07528 ( 1)  8.723  0.075
  22 L   0.96474 0.00000 0.03526 ( 1)  4.196  0.035
  23 C   0.98391 0.00000 0.01609 ( 1)  2.027  0.016
  24 V   0.00428 0.00000 0.99572 ( 3) 112.839  0.996
  25 I   0.47303 0.00000 0.52697 ( 3) 59.816  0.527
  26 M   0.97839 0.00000 0.02161 ( 1)  2.651  0.022
  27 V   0.00152 0.00000 0.99848 ( 3) 113.151  0.998
  28 F   0.08830 0.00000 0.91170 ( 3) 103.335  0.912
  29 I   0.95352 0.00000 0.04648 ( 1)  5.464  0.046
  30 V   0.42340 0.00000 0.57660 ( 3) 65.429  0.577
  31 I   0.92892 0.00000 0.07108 ( 1)  8.248  0.071
  32 S   0.13754 0.00000 0.86246 ( 3) 97.765  0.862
  33 Y   0.44003 0.00000 0.55997 ( 3) 63.548  0.560
  34 D   0.96616 0.00000 0.03384 ( 1)  4.035  0.034
  35 Q   0.00676 0.00000 0.99324 ( 3) 112.558  0.993
  36 I   0.94846 0.00000 0.05154 ( 1)  6.037  0.052
  37 V   0.00018 0.00000 0.99982 ( 3) 113.303  1.000
  38 V   0.92472 0.00000 0.07528 ( 1)  8.723  0.075
  39 P   0.00018 0.00000 0.99982 ( 3) 113.303  1.000
  40 Y   0.00002 0.00000 0.99998 ( 3) 113.321  1.000
  41 V   0.00033 0.00000 0.99967 ( 3) 113.286  1.000
  42 S   0.00003 0.00000 0.99997 ( 3) 113.320  1.000
  43 S   0.00005 0.00000 0.99995 ( 3) 113.317  1.000
  44 L   0.00021 0.00000 0.99979 ( 3) 113.300  1.000
  45 G   0.00110 0.00000 0.99890 ( 3) 113.199  0.999
  46 V   0.00561 0.00000 0.99439 ( 3) 112.688  0.994
  47 N   0.00513 0.00000 0.99487 ( 3) 112.742  0.995
  48 P   0.00120 0.00000 0.99880 ( 3) 113.187  0.999
  49 P   0.80977 0.00000 0.19023 ( 1) 21.725  0.190
  50 E   0.00004 0.00000 0.99996 ( 3) 113.319  1.000
  51 K   0.45430 0.00000 0.54570 ( 3) 61.934  0.546
  52 Y   0.00053 0.00000 0.99947 ( 3) 113.263  0.999
  53 F   0.03579 0.00000 0.96421 ( 3) 109.274  0.964
  54 F   0.13134 0.00000 0.86866 ( 3) 98.466  0.869
  55 I   0.00578 0.00000 0.99422 ( 3) 112.670  0.994
  56 Y   0.00004 0.00000 0.99996 ( 3) 113.319  1.000
  57 S   0.00308 0.00000 0.99692 ( 3) 112.975  0.997
  58 S   0.80109 0.00000 0.19891 ( 1) 22.707  0.199
  59 G   0.00038 0.00000 0.99962 ( 3) 113.281  1.000
  60 V   0.13597 0.00000 0.86403 ( 3) 97.942  0.864
  61 F   0.00593 0.00000 0.99407 ( 3) 112.652  0.994
  62 A   0.00019 0.00000 0.99981 ( 3) 113.301  1.000
  63 V   0.42340 0.00000 0.57660 ( 3) 65.429  0.577
  64 L   0.00584 0.00000 0.99416 ( 3) 112.662  0.994
  65 N   0.00004 0.00000 0.99996 ( 3) 113.319  1.000
  66 I   0.13402 0.00000 0.86598 ( 3) 98.164  0.866
  67 I   0.45898 0.00000 0.54102 ( 3) 61.405  0.541
  68 S   0.00504 0.00000 0.99496 ( 3) 112.753  0.995
  69 Q   0.00002 0.00000 0.99998 ( 3) 113.321  1.000
  70 W   0.00007 0.00000 0.99993 ( 3) 113.316  1.000
  71 F   0.00086 0.00000 0.99914 ( 3) 113.226  0.999
  72 W   0.00086 0.00000 0.99914 ( 3) 113.226  0.999
  73 Y   0.00080 0.00000 0.99920 ( 3) 113.232  0.999

Positively selected sites

	Prob(w>1)  mean w

    24 V      0.996**       112.839
    25 I      0.527         59.816
    27 V      0.998**       113.151
    28 F      0.912         103.335
    30 V      0.577         65.429
    32 S      0.862         97.765
    33 Y      0.560         63.548
    35 Q      0.993**       112.558
    37 V      1.000**       113.303
    39 P      1.000**       113.303
    40 Y      1.000**       113.321
    41 V      1.000**       113.286
    42 S      1.000**       113.320
    43 S      1.000**       113.317
    44 L      1.000**       113.300
    45 G      0.999**       113.199
    46 V      0.994**       112.688
    47 N      0.995**       112.742
    48 P      0.999**       113.187
    50 E      1.000**       113.319
    51 K      0.546         61.934
    52 Y      0.999**       113.263
    53 F      0.964*        109.274
    54 F      0.869         98.466
    55 I      0.994**       112.670
    56 Y      1.000**       113.319
    57 S      0.997**       112.975
    59 G      1.000**       113.281
    60 V      0.864         97.942
    61 F      0.994**       112.652
    62 A      1.000**       113.301
    63 V      0.577         65.429
    64 L      0.994**       112.662
    65 N      1.000**       113.319
    66 I      0.866         98.164
    67 I      0.541         61.405
    68 S      0.995**       112.753
    69 Q      1.000**       113.321
    70 W      1.000**       113.316
    71 F      0.999**       113.226
    72 W      0.999**       113.226
    73 Y      0.999**       113.232


lnL =  -505.964058

Bayes Empirical Bayes (BEB) probabilities for 3 classes (class) & postmean_w
(amino acids refer to 1st sequence: Treg.8471)

   1 M   0.70064 0.19233 0.10702 ( 1)  1.456 +-  3.118
   2 E   0.50931 0.16761 0.32308 ( 1)  3.640 +-  4.688
   3 W   0.44588 0.15162 0.40249 ( 1)  4.438 +-  4.913
   4 P   0.69502 0.19233 0.11265 ( 1)  1.513 +-  3.187
   5 K   0.51356 0.16298 0.32346 ( 1)  3.640 +-  4.693
   6 F   0.61742 0.16035 0.22223 ( 1)  2.604 +-  4.186
   7 Y   0.61934 0.18162 0.19903 ( 1)  2.385 +-  4.013
   8 P   0.65074 0.18984 0.15942 ( 1)  1.988 +-  3.682
   9 S   0.67548 0.17969 0.14483 ( 1)  1.831 +-  3.547
  10 R   0.46972 0.15804 0.37224 ( 1)  4.134 +-  4.844
  11 I   0.63030 0.16989 0.19980 ( 1)  2.383 +-  4.025
  12 P   0.65074 0.18984 0.15942 ( 1)  1.988 +-  3.682
  13 L   0.65554 0.17185 0.17261 ( 1)  2.107 +-  3.807
  14 F   0.57471 0.17521 0.25008 ( 1)  2.901 +-  4.349
  15 A   0.67865 0.18468 0.13667 ( 1)  1.752 +-  3.461
  16 V   0.51791 0.16482 0.31727 ( 1)  3.579 +-  4.669
  17 I   0.62574 0.16542 0.20883 ( 1)  2.472 +-  4.092
  18 H   0.65812 0.19111 0.15076 ( 1)  1.900 +-  3.600
  19 A   0.67865 0.18468 0.13667 ( 1)  1.752 +-  3.461
  20 S   0.62624 0.18117 0.19259 ( 1)  2.319 +-  3.965
  21 V   0.61268 0.16416 0.22316 ( 1)  2.617 +-  4.190
  22 L   0.54278 0.17369 0.28353 ( 1)  3.241 +-  4.521
  23 C   0.50564 0.16689 0.32747 ( 1)  3.684 +-  4.704
  24 V   0.00240 0.00893 0.98866 ( 3) 10.307 +-  1.049
  25 I   0.42139 0.12462 0.45399 ( 3)  4.941 +-  5.000
  26 M   0.70064 0.19233 0.10702 ( 1)  1.456 +-  3.118
  27 V   0.00167 0.00627 0.99206 ( 3) 10.339 +-  0.894
  28 F   0.02837 0.04236 0.92927 ( 3)  9.731 +-  2.495
  29 I   0.54243 0.17053 0.28704 ( 1)  3.274 +-  4.539
  30 V   0.08880 0.11473 0.79647 ( 3)  8.440 +-  3.915
  31 I   0.62574 0.16542 0.20883 ( 1)  2.472 +-  4.092
  32 S   0.04566 0.06480 0.88954 ( 3)  9.346 +-  3.047
  33 Y   0.09214 0.12147 0.78639 ( 3)  8.343 +-  3.983
  34 D   0.64843 0.18781 0.16376 ( 1)  2.030 +-  3.722
  35 Q   0.00648 0.01587 0.97765 ( 3) 10.201 +-  1.446
  36 I   0.63030 0.16989 0.19980 ( 1)  2.383 +-  4.025
  37 V   0.00112 0.00419 0.99469 ( 3) 10.364 +-  0.752
  38 V   0.61268 0.16416 0.22316 ( 1)  2.617 +-  4.190
  39 P   0.00112 0.00419 0.99469 ( 3) 10.364 +-  0.752
  40 Y   0.00023 0.00101 0.99877 ( 3) 10.403 +-  0.445
  41 V   0.00081 0.00318 0.99601 ( 3) 10.377 +-  0.668
  42 S   0.00025 0.00120 0.99855 ( 3) 10.401 +-  0.467
  43 S   0.00061 0.00248 0.99691 ( 3) 10.385 +-  0.605
  44 L   0.00103 0.00383 0.99514 ( 3) 10.368 +-  0.725
  45 G   0.00131 0.00507 0.99362 ( 3) 10.354 +-  0.813
  46 V   0.01647 0.02370 0.95983 ( 3) 10.027 +-  1.921
  47 N   0.01007 0.01672 0.97321 ( 3) 10.157 +-  1.584
  48 P   0.00286 0.00724 0.98990 ( 3) 10.318 +-  1.001
  49 P   0.57439 0.17701 0.24859 ( 1)  2.887 +-  4.339
  50 E   0.00050 0.00201 0.99749 ( 3) 10.391 +-  0.560
  51 K   0.06777 0.09375 0.83847 ( 3)  8.850 +-  3.575
  52 Y   0.00166 0.00624 0.99209 ( 3) 10.339 +-  0.893
  53 F   0.03827 0.05319 0.90855 ( 3)  9.530 +-  2.805
  54 F   0.04807 0.06500 0.88693 ( 3)  9.320 +-  3.081
  55 I   0.00890 0.01774 0.97336 ( 3) 10.159 +-  1.575
  56 Y   0.00032 0.00149 0.99819 ( 3) 10.397 +-  0.500
  57 S   0.00584 0.00918 0.98498 ( 3) 10.270 +-  1.210
  58 S   0.55075 0.16815 0.28110 ( 1)  3.212 +-  4.514
  59 G   0.00066 0.00270 0.99664 ( 3) 10.383 +-  0.624
  60 V   0.03605 0.05207 0.91188 ( 3)  9.562 +-  2.757
  61 F   0.00943 0.01862 0.97196 ( 3) 10.145 +-  1.614
  62 A   0.00077 0.00334 0.99589 ( 3) 10.376 +-  0.676
  63 V   0.08880 0.11473 0.79647 ( 3)  8.440 +-  3.915
  64 L   0.01934 0.02944 0.95122 ( 3)  9.944 +-  2.101
  65 N   0.00034 0.00148 0.99818 ( 3) 10.397 +-  0.501
  66 I   0.04988 0.06678 0.88334 ( 3)  9.285 +-  3.123
  67 I   0.46347 0.12610 0.41043 ( 1)  4.497 +-  4.947
  68 S   0.01080 0.01706 0.97215 ( 3) 10.146 +-  1.615
  69 Q   0.00015 0.00092 0.99893 ( 3) 10.405 +-  0.428
  70 W   0.00066 0.00258 0.99676 ( 3) 10.384 +-  0.616
  71 F   0.00194 0.00710 0.99096 ( 3) 10.329 +-  0.948
  72 W   0.00194 0.00710 0.99096 ( 3) 10.329 +-  0.948
  73 Y   0.00119 0.00459 0.99422 ( 3) 10.360 +-  0.779

Positively selected sites

	Prob(w>1)  mean w

    24 V      0.989*        10.307 +- 1.049
    27 V      0.992**       10.339 +- 0.894
    28 F      0.929         9.731 +- 2.495
    30 V      0.796         8.440 +- 3.915
    32 S      0.890         9.346 +- 3.047
    33 Y      0.786         8.343 +- 3.983
    35 Q      0.978*        10.201 +- 1.446
    37 V      0.995**       10.364 +- 0.752
    39 P      0.995**       10.364 +- 0.752
    40 Y      0.999**       10.403 +- 0.445
    41 V      0.996**       10.377 +- 0.668
    42 S      0.999**       10.401 +- 0.467
    43 S      0.997**       10.385 +- 0.605
    44 L      0.995**       10.368 +- 0.725
    45 G      0.994**       10.354 +- 0.813
    46 V      0.960*        10.027 +- 1.921
    47 N      0.973*        10.157 +- 1.584
    48 P      0.990*        10.318 +- 1.001
    50 E      0.997**       10.391 +- 0.560
    51 K      0.838         8.850 +- 3.575
    52 Y      0.992**       10.339 +- 0.893
    53 F      0.909         9.530 +- 2.805
    54 F      0.887         9.320 +- 3.081
    55 I      0.973*        10.159 +- 1.575
    56 Y      0.998**       10.397 +- 0.500
    57 S      0.985*        10.270 +- 1.210
    59 G      0.997**       10.383 +- 0.624
    60 V      0.912         9.562 +- 2.757
    61 F      0.972*        10.145 +- 1.614
    62 A      0.996**       10.376 +- 0.676
    63 V      0.796         8.440 +- 3.915
    64 L      0.951*        9.944 +- 2.101
    65 N      0.998**       10.397 +- 0.501
    66 I      0.883         9.285 +- 3.123
    68 S      0.972*        10.146 +- 1.615
    69 Q      0.999**       10.405 +- 0.428
    70 W      0.997**       10.384 +- 0.616
    71 F      0.991**       10.329 +- 0.948
    72 W      0.991**       10.329 +- 0.948
    73 Y      0.994**       10.360 +- 0.779

