Supplemental results for CODEML (seqf: algn  treef: tree)


dN/dS (w) for site classes (K=9)

p:   0.00847  0.00847  0.00847  0.00847  0.00847  0.00847  0.00847  0.00847  0.93225
w:   0.00000  0.00000  0.00000  0.00000  0.00000  0.00000  0.00000  0.02457  1.00000

Naive Empirical Bayes (NEB) probabilities for 9 classes & postmean_w
(amino acids refer to 1st sequence: Mlig.23526)

   1 M   0.14041 0.14041 0.14041 0.14041 0.14041 0.14041 0.14041 0.01351 0.00363 ( 1)  0.004
   2 S   0.00000 0.00000 0.00000 0.00000 0.00000 0.00000 0.00000 0.00110 0.99890 ( 9)  0.999
   3 P   0.00000 0.00000 0.00000 0.00000 0.00000 0.00000 0.00000 0.11589 0.88411 ( 9)  0.887
   4 M   0.00000 0.00000 0.00000 0.00000 0.00000 0.00000 0.00000 0.00008 0.99992 ( 9)  1.000
   5 T   0.00000 0.00000 0.00000 0.00000 0.00000 0.00000 0.00000 0.02788 0.97212 ( 9)  0.973
   6 H   0.00000 0.00000 0.00000 0.00000 0.00000 0.00000 0.00000 0.00012 0.99988 ( 9)  1.000
   7 Q   0.00000 0.00000 0.00000 0.00000 0.00000 0.00000 0.00000 0.00225 0.99775 ( 9)  0.998
   8 Q   0.00000 0.00000 0.00000 0.00000 0.00000 0.00000 0.00000 0.00267 0.99733 ( 9)  0.997
   9 Y   0.00000 0.00000 0.00000 0.00000 0.00000 0.00000 0.00000 0.00180 0.99820 ( 9)  0.998
  10 H   0.00000 0.00000 0.00000 0.00000 0.00000 0.00000 0.00000 0.21553 0.78447 ( 9)  0.790
  11 C   0.00000 0.00000 0.00000 0.00000 0.00000 0.00000 0.00000 0.00015 0.99985 ( 9)  1.000
  12 D   0.00000 0.00000 0.00000 0.00000 0.00000 0.00000 0.00000 0.00121 0.99879 ( 9)  0.999
  13 H   0.00000 0.00000 0.00000 0.00000 0.00000 0.00000 0.00000 0.07623 0.92377 ( 9)  0.926
  14 S   0.00000 0.00000 0.00000 0.00000 0.00000 0.00000 0.00000 0.55949 0.44051 ( 8)  0.454
  15 M   0.00000 0.00000 0.00000 0.00000 0.00000 0.00000 0.00000 0.00042 0.99958 ( 9)  1.000
  16 E   0.00000 0.00000 0.00000 0.00000 0.00000 0.00000 0.00000 0.00694 0.99306 ( 9)  0.993
  17 P   0.00000 0.00000 0.00000 0.00000 0.00000 0.00000 0.00000 0.00188 0.99812 ( 9)  0.998
  18 H   0.00000 0.00000 0.00000 0.00000 0.00000 0.00000 0.00000 0.00000 1.00000 ( 9)  1.000
  19 K   0.00000 0.00000 0.00000 0.00000 0.00000 0.00000 0.00000 0.00000 1.00000 ( 9)  1.000
  20 I   0.00000 0.00000 0.00000 0.00000 0.00000 0.00000 0.00000 0.00000 1.00000 ( 9)  1.000
  21 Y   0.00000 0.00000 0.00000 0.00000 0.00000 0.00000 0.00000 0.00000 1.00000 ( 9)  1.000
  22 K   0.00000 0.00000 0.00000 0.00000 0.00000 0.00000 0.00000 0.00026 0.99974 ( 9)  1.000
  23 S   0.00000 0.00000 0.00000 0.00000 0.00000 0.00000 0.00000 0.00003 0.99997 ( 9)  1.000
  24 K   0.00000 0.00000 0.00000 0.00000 0.00000 0.00000 0.00000 0.00035 0.99965 ( 9)  1.000
  25 K   0.00000 0.00000 0.00000 0.00000 0.00000 0.00000 0.00000 0.00000 1.00000 ( 9)  1.000
  26 S   0.00000 0.00000 0.00000 0.00000 0.00000 0.00000 0.00000 0.00001 0.99999 ( 9)  1.000
  27 A   0.00000 0.00000 0.00000 0.00000 0.00000 0.00000 0.00000 0.00000 1.00000 ( 9)  1.000
  28 S   0.00000 0.00000 0.00000 0.00000 0.00000 0.00000 0.00000 0.00002 0.99998 ( 9)  1.000
  29 V   0.00000 0.00000 0.00000 0.00000 0.00000 0.00000 0.00000 0.00030 0.99970 ( 9)  1.000
  30 V   0.00000 0.00000 0.00000 0.00000 0.00000 0.00000 0.00000 0.00000 1.00000 ( 9)  1.000

Positively selected sites

	Prob(w>1)  mean w



lnL =  -419.985781

Bayes Empirical Bayes (BEB) probabilities for 11 classes (class) & postmean_w
(amino acids refer to 1st sequence: Mlig.23526)

   1 M   0.87552 0.04134 0.02071 0.01440 0.01087 0.00844 0.00662 0.00522 0.00415 0.00492 0.00781 ( 1)  0.135 +-  0.603
   2 S   0.11461 0.15467 0.13886 0.11026 0.08561 0.06663 0.05230 0.04152 0.03378 0.04531 0.15644 (11)  1.305 +-  2.407
   3 P   0.65763 0.09278 0.04776 0.03479 0.02845 0.02419 0.02081 0.01793 0.01556 0.02034 0.03976 ( 1)  0.372 +-  1.165
   4 M   0.02774 0.08861 0.10588 0.10112 0.09112 0.08049 0.07042 0.06127 0.05361 0.07215 0.24758 (11)  1.809 +-  2.615
   5 T   0.42164 0.15644 0.10152 0.07311 0.05483 0.04191 0.03238 0.02524 0.02005 0.02555 0.04733 ( 1)  0.516 +-  1.405
   6 H   0.04106 0.12696 0.14502 0.13010 0.10977 0.09093 0.07483 0.06148 0.05107 0.06760 0.10117 ( 3)  0.957 +-  1.741
   7 Q   0.17398 0.17582 0.13731 0.10387 0.07998 0.06260 0.04955 0.03957 0.03225 0.04303 0.10205 ( 2)  0.932 +-  1.958
   8 Q   0.20768 0.19286 0.14167 0.10367 0.07747 0.05886 0.04525 0.03516 0.02795 0.03687 0.07257 ( 1)  0.738 +-  1.687
   9 Y   0.14654 0.15290 0.13187 0.10543 0.08311 0.06570 0.05226 0.04189 0.03428 0.04572 0.14030 ( 2)  1.191 +-  2.282
  10 H   0.72744 0.08789 0.04507 0.03160 0.02428 0.01926 0.01545 0.01243 0.01009 0.01244 0.01406 ( 1)  0.214 +-  0.763
  11 C   0.03333 0.08954 0.11830 0.11674 0.10240 0.08523 0.06934 0.05598 0.04572 0.05967 0.22376 (11)  1.788 +-  2.756
  12 D   0.11843 0.16699 0.15379 0.12222 0.09410 0.07222 0.05567 0.04323 0.03432 0.04531 0.09372 ( 2)  0.909 +-  1.879
  13 H   0.64739 0.11193 0.05646 0.04006 0.03158 0.02580 0.02131 0.01764 0.01472 0.01872 0.01439 ( 1)  0.232 +-  0.663
  14 S   0.87353 0.06962 0.01931 0.00965 0.00656 0.00509 0.00414 0.00341 0.00284 0.00354 0.00229 ( 1)  0.090 +-  0.281
  15 M   0.07665 0.10388 0.11170 0.10767 0.09841 0.08738 0.07625 0.06582 0.05692 0.07539 0.13995 (11)  1.099 +-  1.813
  16 E   0.34961 0.21384 0.11317 0.07382 0.05529 0.04399 0.03582 0.02945 0.02461 0.03298 0.02740 ( 1)  0.380 +-  0.880
  17 P   0.11640 0.07339 0.07219 0.07016 0.06637 0.06125 0.05535 0.04921 0.04359 0.05864 0.33345 (11)  2.481 +-  3.254
  18 H   0.00013 0.00073 0.00136 0.00203 0.00276 0.00351 0.00424 0.00492 0.00562 0.01012 0.96458 (11)  6.673 +-  2.658
  19 K   0.00092 0.00490 0.00967 0.01465 0.01929 0.02327 0.02635 0.02846 0.02985 0.04595 0.79669 (11)  5.560 +-  3.307
  20 I   0.00155 0.00819 0.01306 0.01755 0.02184 0.02550 0.02824 0.02994 0.03094 0.04702 0.77617 (11)  5.423 +-  3.359
  21 Y   0.00014 0.00141 0.00346 0.00566 0.00786 0.00995 0.01181 0.01335 0.01470 0.02454 0.90712 (11)  6.302 +-  2.941
  22 K   0.01622 0.01914 0.02545 0.02942 0.03158 0.03246 0.03236 0.03153 0.03045 0.04440 0.70699 (11)  5.008 +-  3.536
  23 S   0.00476 0.01736 0.02833 0.03424 0.03670 0.03712 0.03630 0.03475 0.03307 0.04762 0.68974 (11)  4.874 +-  3.534
  24 K   0.01264 0.01129 0.01701 0.02298 0.02819 0.03214 0.03466 0.03580 0.03604 0.05309 0.71618 (11)  5.034 +-  3.482
  25 K   0.00038 0.00461 0.00978 0.01468 0.01920 0.02310 0.02615 0.02826 0.02971 0.04584 0.79829 (11)  5.551 +-  3.293
  26 S   0.00157 0.00581 0.01068 0.01578 0.02058 0.02463 0.02767 0.02963 0.03085 0.04711 0.78569 (11)  5.486 +-  3.334
  27 A   0.00002 0.00063 0.00204 0.00373 0.00541 0.00696 0.00830 0.00942 0.01043 0.01779 0.93527 (11)  6.488 +-  2.810
  28 S   0.00416 0.01637 0.02030 0.02084 0.02160 0.02283 0.02414 0.02516 0.02598 0.04033 0.77828 (11)  5.428 +-  3.373
  29 V   0.05599 0.13006 0.13359 0.11235 0.09028 0.07199 0.05760 0.04646 0.03829 0.05150 0.21188 (11)  1.687 +-  2.729
  30 V   0.00025 0.00267 0.00725 0.01236 0.01707 0.02097 0.02391 0.02588 0.02718 0.04209 0.82038 (11)  5.716 +-  3.240

Positively selected sites

	Prob(w>1)  mean w

    18 H      0.965*        6.673 +- 2.658
    19 K      0.797         5.560 +- 3.307
    20 I      0.776         5.423 +- 3.359
    21 Y      0.907         6.302 +- 2.941
    22 K      0.707         5.008 +- 3.536
    23 S      0.690         4.874 +- 3.534
    24 K      0.716         5.034 +- 3.482
    25 K      0.798         5.551 +- 3.293
    26 S      0.786         5.486 +- 3.334
    27 A      0.935         6.488 +- 2.810
    28 S      0.778         5.428 +- 3.373
    30 V      0.820         5.716 +- 3.240

