Supplemental results for CODEML (seqf: algn  treef: tree)


dN/dS (w) for site classes (K=3)

p:   1.00000  0.00000  0.00000
w:   0.00000  1.00000  1.00000

Naive Empirical Bayes (NEB) probabilities for 3 classes & postmean_w
(amino acids refer to 1st sequence: Mlig.10061)

   1 S   1.00000 0.00000 -0.00000 ( 1)  0.000
   2 A   1.00000 0.00000 -0.00000 ( 1)  0.000
   3 G   1.00000 0.00000 -0.00000 ( 1)  0.000
   4 D   1.00000 0.00000 -0.00000 ( 1)  0.000
   5 T   1.00000 0.00000 -0.00000 ( 1)  0.000
   6 P   1.00000 0.00000 -0.00000 ( 1)  0.000
   7 D   1.00000 0.00000 -0.00000 ( 1)  0.000
   8 E   1.00000 0.00000 -0.00000 ( 1)  0.000
   9 Q   1.00000 0.00000 -0.00000 ( 1)  0.000
  10 Q   1.00000 0.00000 -0.00000 ( 1)  0.000
  11 A   1.00000 0.00000 -0.00000 ( 1)  0.000
  12 A   1.00000 0.00000 -0.00000 ( 1)  0.000
  13 A   1.00000 0.00000 -0.00000 ( 1)  0.000
  14 G   1.00000 0.00000 -0.00000 ( 1)  0.000
  15 P   1.00000 0.00000 -0.00000 ( 1)  0.000
  16 H   1.00000 0.00000 -0.00000 ( 1)  0.000
  17 E   1.00000 0.00000 -0.00000 ( 1)  0.000
  18 A   1.00000 0.00000 -0.00000 ( 1)  0.000
  19 A   1.00000 0.00000 -0.00000 ( 1)  0.000
  20 R   1.00000 0.00000 -0.00000 ( 1)  0.000
  21 P   1.00000 0.00000 -0.00000 ( 1)  0.000
  22 E   1.00000 0.00000 -0.00000 ( 1)  0.000
  23 R   1.00000 0.00000 -0.00000 ( 1)  0.000
  24 W   1.00000 0.00000 -0.00000 ( 1)  0.000
  25 F   1.00000 0.00000 -0.00000 ( 1)  0.000
  26 P   1.00000 0.00000 -0.00000 ( 1)  0.000
  27 C   1.00000 0.00000 -0.00000 ( 1)  0.000
  28 I   1.00000 0.00000 -0.00000 ( 1)  0.000
  29 A   1.00000 0.00000 -0.00000 ( 1)  0.000
  30 A   1.00000 0.00000 -0.00000 ( 1)  0.000
  31 G   1.00000 0.00000 -0.00000 ( 1)  0.000
  32 C   1.00000 0.00000 -0.00000 ( 1)  0.000
  33 S   1.00000 0.00000 -0.00000 ( 1)  0.000
  34 R   1.00000 0.00000 -0.00000 ( 1)  0.000
  35 M   1.00000 0.00000 -0.00000 ( 1)  0.000
  36 C   1.00000 0.00000 -0.00000 ( 1)  0.000
  37 G   1.00000 0.00000 -0.00000 ( 1)  0.000
  38 R   1.00000 0.00000 -0.00000 ( 1)  0.000
  39 R   1.00000 0.00000 -0.00000 ( 1)  0.000
  40 S   1.00000 0.00000 -0.00000 ( 1)  0.000
  41 H   1.00000 0.00000 -0.00000 ( 1)  0.000
  42 S   1.00000 0.00000 -0.00000 ( 1)  0.000
  43 L   1.00000 0.00000 -0.00000 ( 1)  0.000
  44 G   1.00000 0.00000 -0.00000 ( 1)  0.000
  45 E   1.00000 0.00000 -0.00000 ( 1)  0.000
  46 L   1.00000 0.00000 -0.00000 ( 1)  0.000
  47 I   1.00000 0.00000 -0.00000 ( 1)  0.000
  48 S   1.00000 0.00000 -0.00000 ( 1)  0.000
  49 D   1.00000 0.00000 -0.00000 ( 1)  0.000
  50 I   1.00000 0.00000 -0.00000 ( 1)  0.000
  51 A   1.00000 0.00000 -0.00000 ( 1)  0.000
  52 A   1.00000 0.00000 -0.00000 ( 1)  0.000
  53 D   1.00000 0.00000 -0.00000 ( 1)  0.000
  54 R   1.00000 0.00000 -0.00000 ( 1)  0.000
  55 R   1.00000 0.00000 -0.00000 ( 1)  0.000
  56 L   1.00000 0.00000 -0.00000 ( 1)  0.000
  57 L   1.00000 0.00000 -0.00000 ( 1)  0.000
  58 L   1.00000 0.00000 -0.00000 ( 1)  0.000
  59 E   1.00000 0.00000 -0.00000 ( 1)  0.000
  60 L   1.00000 0.00000 -0.00000 ( 1)  0.000
  61 K   1.00000 0.00000 -0.00000 ( 1)  0.000
  62 C   1.00000 0.00000 -0.00000 ( 1)  0.000
  63 R   1.00000 0.00000 -0.00000 ( 1)  0.000
  64 P   1.00000 0.00000 -0.00000 ( 1)  0.000
  65 A   1.00000 0.00000 -0.00000 ( 1)  0.000
  66 I   1.00000 0.00000 -0.00000 ( 1)  0.000
  67 P   1.00000 0.00000 -0.00000 ( 1)  0.000
  68 D   1.00000 0.00000 -0.00000 ( 1)  0.000
  69 N   1.00000 0.00000 -0.00000 ( 1)  0.000
  70 A   1.00000 0.00000 -0.00000 ( 1)  0.000
  71 W   1.00000 0.00000 -0.00000 ( 1)  0.000
  72 L   1.00000 0.00000 -0.00000 ( 1)  0.000
  73 A   1.00000 0.00000 -0.00000 ( 1)  0.000
  74 T   1.00000 0.00000 -0.00000 ( 1)  0.000
  75 N   1.00000 0.00000 -0.00000 ( 1)  0.000
  76 A   1.00000 0.00000 -0.00000 ( 1)  0.000
  77 K   1.00000 0.00000 -0.00000 ( 1)  0.000
  78 L   1.00000 0.00000 -0.00000 ( 1)  0.000
  79 C   1.00000 0.00000 -0.00000 ( 1)  0.000
  80 S   1.00000 0.00000 -0.00000 ( 1)  0.000
  81 R   1.00000 0.00000 -0.00000 ( 1)  0.000
  82 H   1.00000 0.00000 -0.00000 ( 1)  0.000
  83 W   1.00000 0.00000 -0.00000 ( 1)  0.000
  84 R   1.00000 0.00000 -0.00000 ( 1)  0.000
  85 F   1.00000 0.00000 -0.00000 ( 1)  0.000
  86 L   1.00000 0.00000 -0.00000 ( 1)  0.000
  87 L   1.00000 0.00000 -0.00000 ( 1)  0.000
  88 S   1.00000 0.00000 -0.00000 ( 1)  0.000
  89 D   1.00000 0.00000 -0.00000 ( 1)  0.000
  90 H   1.00000 0.00000 -0.00000 ( 1)  0.000
  91 S   1.00000 0.00000 -0.00000 ( 1)  0.000
  92 S   1.00000 0.00000 -0.00000 ( 1)  0.000
  93 D   1.00000 0.00000 -0.00000 ( 1)  0.000
  94 G   1.00000 0.00000 -0.00000 ( 1)  0.000
  95 A   1.00000 0.00000 -0.00000 ( 1)  0.000
  96 S   1.00000 0.00000 -0.00000 ( 1)  0.000
  97 A   1.00000 0.00000 -0.00000 ( 1)  0.000
  98 E   1.00000 0.00000 -0.00000 ( 1)  0.000
  99 A   1.00000 0.00000 -0.00000 ( 1)  0.000
 100 K   1.00000 0.00000 -0.00000 ( 1)  0.000
 101 D   1.00000 0.00000 -0.00000 ( 1)  0.000
 102 C   1.00000 0.00000 -0.00000 ( 1)  0.000
 103 S   1.00000 0.00000 -0.00000 ( 1)  0.000
 104 R   1.00000 0.00000 -0.00000 ( 1)  0.000
 105 S   1.00000 0.00000 -0.00000 ( 1)  0.000
 106 S   1.00000 0.00000 -0.00000 ( 1)  0.000
 107 G   1.00000 0.00000 -0.00000 ( 1)  0.000
 108 G   1.00000 0.00000 -0.00000 ( 1)  0.000
 109 L   1.00000 0.00000 -0.00000 ( 1)  0.000
 110 Q   1.00000 0.00000 -0.00000 ( 1)  0.000
 111 I   1.00000 0.00000 -0.00000 ( 1)  0.000
 112 R   1.00000 0.00000 -0.00000 ( 1)  0.000
 113 N   1.00000 0.00000 -0.00000 ( 1)  0.000
 114 E   1.00000 0.00000 -0.00000 ( 1)  0.000
 115 S   1.00000 0.00000 -0.00000 ( 1)  0.000
 116 C   1.00000 0.00000 -0.00000 ( 1)  0.000
 117 A   1.00000 0.00000 -0.00000 ( 1)  0.000
 118 L   1.00000 0.00000 -0.00000 ( 1)  0.000
 119 C   1.00000 0.00000 -0.00000 ( 1)  0.000
 120 G   1.00000 0.00000 -0.00000 ( 1)  0.000
 121 K   1.00000 0.00000 -0.00000 ( 1)  0.000
 122 Q   1.00000 0.00000 -0.00000 ( 1)  0.000
 123 Y   1.00000 0.00000 -0.00000 ( 1)  0.000
 124 R   1.00000 0.00000 -0.00000 ( 1)  0.000
 125 V   1.00000 0.00000 -0.00000 ( 1)  0.000
 126 T   1.00000 0.00000 -0.00000 ( 1)  0.000
 127 G   1.00000 0.00000 -0.00000 ( 1)  0.000
 128 V   1.00000 0.00000 -0.00000 ( 1)  0.000
 129 T   1.00000 0.00000 -0.00000 ( 1)  0.000
 130 Q   1.00000 0.00000 -0.00000 ( 1)  0.000
 131 C   1.00000 0.00000 -0.00000 ( 1)  0.000
 132 S   1.00000 0.00000 -0.00000 ( 1)  0.000
 133 Q   1.00000 0.00000 -0.00000 ( 1)  0.000
 134 H   1.00000 0.00000 -0.00000 ( 1)  0.000
 135 C   1.00000 0.00000 -0.00000 ( 1)  0.000
 136 G   1.00000 0.00000 -0.00000 ( 1)  0.000
 137 R   1.00000 0.00000 -0.00000 ( 1)  0.000
 138 L   1.00000 0.00000 -0.00000 ( 1)  0.000
 139 S   1.00000 0.00000 -0.00000 ( 1)  0.000
 140 S   1.00000 0.00000 -0.00000 ( 1)  0.000
 141 D   1.00000 0.00000 -0.00000 ( 1)  0.000
 142 P   1.00000 0.00000 -0.00000 ( 1)  0.000
 143 Q   1.00000 0.00000 -0.00000 ( 1)  0.000
 144 L   1.00000 0.00000 -0.00000 ( 1)  0.000
 145 F   1.00000 0.00000 -0.00000 ( 1)  0.000
 146 R   1.00000 0.00000 -0.00000 ( 1)  0.000
 147 V   1.00000 0.00000 -0.00000 ( 1)  0.000

Positively selected sites

	Prob(w>1)  mean w



lnL =  -593.904177

Bayes Empirical Bayes (BEB) probabilities for 3 classes (class) & postmean_w
(amino acids refer to 1st sequence: Mlig.10061)

   1 S   0.50746 0.34592 0.14662 ( 1)  0.997 +-  1.258
   2 A   0.50672 0.34583 0.14745 ( 1)  1.002 +-  1.267
   3 G   0.51128 0.34623 0.14249 ( 1)  0.977 +-  1.216
   4 D   0.51176 0.34630 0.14194 ( 1)  0.974 +-  1.209
   5 T   0.51012 0.34618 0.14370 ( 1)  0.983 +-  1.227
   6 P   0.50659 0.34582 0.14759 ( 1)  1.002 +-  1.269
   7 D   0.50865 0.34604 0.14531 ( 1)  0.991 +-  1.244
   8 E   0.51012 0.34618 0.14370 ( 1)  0.983 +-  1.228
   9 Q   0.50798 0.34597 0.14605 ( 1)  0.995 +-  1.252
  10 Q   0.50798 0.34597 0.14605 ( 1)  0.995 +-  1.252
  11 A   0.50861 0.34603 0.14536 ( 1)  0.991 +-  1.245
  12 A   0.50974 0.34613 0.14413 ( 1)  0.985 +-  1.232
  13 A   0.50672 0.34583 0.14745 ( 1)  1.002 +-  1.267
  14 G   0.50722 0.34589 0.14689 ( 1)  0.999 +-  1.261
  15 P   0.50739 0.34591 0.14670 ( 1)  0.998 +-  1.259
  16 H   0.51097 0.34625 0.14278 ( 1)  0.979 +-  1.218
  17 E   0.50737 0.34591 0.14673 ( 1)  0.998 +-  1.260
  18 A   0.50974 0.34613 0.14413 ( 1)  0.985 +-  1.232
  19 A   0.50672 0.34583 0.14745 ( 1)  1.002 +-  1.267
  20 R   0.51076 0.34621 0.14303 ( 1)  0.980 +-  1.221
  21 P   0.50831 0.34600 0.14568 ( 1)  0.993 +-  1.249
  22 E   0.51012 0.34618 0.14370 ( 1)  0.983 +-  1.228
  23 R   0.51076 0.34621 0.14303 ( 1)  0.980 +-  1.221
  24 W   0.50798 0.34597 0.14606 ( 1)  0.995 +-  1.253
  25 F   0.50939 0.34612 0.14449 ( 1)  0.987 +-  1.236
  26 P   0.50935 0.34610 0.14455 ( 1)  0.987 +-  1.237
  27 C   0.51096 0.34624 0.14280 ( 1)  0.979 +-  1.218
  28 I   0.50981 0.34616 0.14403 ( 1)  0.985 +-  1.231
  29 A   0.50760 0.34593 0.14647 ( 1)  0.997 +-  1.257
  30 A   0.50974 0.34613 0.14413 ( 1)  0.985 +-  1.232
  31 G   0.50722 0.34589 0.14689 ( 1)  0.999 +-  1.261
  32 C   0.51096 0.34624 0.14280 ( 1)  0.979 +-  1.218
  33 S   0.50842 0.34602 0.14556 ( 1)  0.992 +-  1.247
  34 R   0.51076 0.34621 0.14303 ( 1)  0.980 +-  1.221
  35 M   0.50909 0.34609 0.14481 ( 1)  0.988 +-  1.239
  36 C   0.51096 0.34624 0.14280 ( 1)  0.979 +-  1.218
  37 G   0.50841 0.34601 0.14558 ( 1)  0.992 +-  1.248
  38 R   0.50616 0.34576 0.14808 ( 1)  1.005 +-  1.274
  39 R   0.50616 0.34576 0.14808 ( 1)  1.005 +-  1.274
  40 S   0.50746 0.34592 0.14662 ( 1)  0.997 +-  1.258
  41 H   0.51097 0.34625 0.14278 ( 1)  0.979 +-  1.218
  42 S   0.51179 0.34631 0.14190 ( 1)  0.974 +-  1.209
  43 L   0.50951 0.34612 0.14437 ( 1)  0.986 +-  1.235
  44 G   0.51128 0.34623 0.14249 ( 1)  0.977 +-  1.216
  45 E   0.51012 0.34618 0.14370 ( 1)  0.983 +-  1.228
  46 L   0.50695 0.34586 0.14720 ( 1)  1.000 +-  1.265
  47 I   0.50981 0.34616 0.14403 ( 1)  0.985 +-  1.231
  48 S   0.51179 0.34631 0.14190 ( 1)  0.974 +-  1.209
  49 D   0.51176 0.34630 0.14194 ( 1)  0.974 +-  1.209
  50 I   0.50762 0.34594 0.14645 ( 1)  0.997 +-  1.256
  51 A   0.50861 0.34603 0.14536 ( 1)  0.991 +-  1.245
  52 A   0.50767 0.34594 0.14639 ( 1)  0.996 +-  1.256
  53 D   0.51176 0.34630 0.14194 ( 1)  0.974 +-  1.209
  54 R   0.50937 0.34610 0.14453 ( 1)  0.987 +-  1.236
  55 R   0.50937 0.34610 0.14453 ( 1)  0.987 +-  1.236
  56 L   0.50730 0.34590 0.14681 ( 1)  0.998 +-  1.260
  57 L   0.50730 0.34590 0.14681 ( 1)  0.998 +-  1.260
  58 L   0.50746 0.34592 0.14662 ( 1)  0.997 +-  1.258
  59 E   0.51012 0.34618 0.14370 ( 1)  0.983 +-  1.228
  60 L   0.50695 0.34586 0.14720 ( 1)  1.000 +-  1.265
  61 K   0.50984 0.34616 0.14400 ( 1)  0.984 +-  1.230
  62 C   0.50822 0.34600 0.14578 ( 1)  0.993 +-  1.249
  63 R   0.50937 0.34610 0.14453 ( 1)  0.987 +-  1.236
  64 P   0.50659 0.34582 0.14759 ( 1)  1.002 +-  1.269
  65 A   0.50760 0.34593 0.14647 ( 1)  0.997 +-  1.257
  66 I   0.50762 0.34594 0.14645 ( 1)  0.997 +-  1.256
  67 P   0.50659 0.34582 0.14759 ( 1)  1.002 +-  1.269
  68 D   0.50865 0.34604 0.14531 ( 1)  0.991 +-  1.244
  69 N   0.50844 0.34603 0.14553 ( 1)  0.992 +-  1.247
  70 A   0.50760 0.34593 0.14647 ( 1)  0.997 +-  1.257
  71 W   0.50798 0.34597 0.14606 ( 1)  0.995 +-  1.253
  72 L   0.50730 0.34590 0.14681 ( 1)  0.998 +-  1.260
  73 A   0.50760 0.34593 0.14647 ( 1)  0.997 +-  1.257
  74 T   0.50778 0.34595 0.14626 ( 1)  0.996 +-  1.255
  75 N   0.50844 0.34603 0.14553 ( 1)  0.992 +-  1.247
  76 A   0.50760 0.34593 0.14647 ( 1)  0.997 +-  1.257
  77 K   0.50724 0.34589 0.14687 ( 1)  0.999 +-  1.261
  78 L   0.50695 0.34586 0.14720 ( 1)  1.000 +-  1.265
  79 C   0.51096 0.34624 0.14280 ( 1)  0.979 +-  1.218
  80 S   0.50866 0.34604 0.14530 ( 1)  0.991 +-  1.244
  81 R   0.51014 0.34618 0.14368 ( 1)  0.983 +-  1.227
  82 H   0.50823 0.34600 0.14577 ( 1)  0.993 +-  1.249
  83 W   0.50798 0.34597 0.14606 ( 1)  0.995 +-  1.253
  84 R   0.50737 0.34591 0.14672 ( 1)  0.998 +-  1.259
  85 F   0.50740 0.34591 0.14669 ( 1)  0.998 +-  1.259
  86 L   0.50695 0.34586 0.14720 ( 1)  1.000 +-  1.265
  87 L   0.50695 0.34586 0.14720 ( 1)  1.000 +-  1.265
  88 S   0.50950 0.34612 0.14438 ( 1)  0.986 +-  1.235
  89 D   0.50865 0.34604 0.14531 ( 1)  0.991 +-  1.244
  90 H   0.51097 0.34625 0.14278 ( 1)  0.979 +-  1.218
  91 S   0.50842 0.34602 0.14556 ( 1)  0.992 +-  1.247
  92 S   0.50746 0.34592 0.14662 ( 1)  0.997 +-  1.258
  93 D   0.50865 0.34604 0.14531 ( 1)  0.991 +-  1.244
  94 G   0.51128 0.34623 0.14249 ( 1)  0.977 +-  1.216
  95 A   0.50974 0.34613 0.14413 ( 1)  0.985 +-  1.232
  96 S   0.50866 0.34604 0.14530 ( 1)  0.991 +-  1.244
  97 A   0.50760 0.34593 0.14647 ( 1)  0.997 +-  1.257
  98 E   0.50737 0.34591 0.14673 ( 1)  0.998 +-  1.260
  99 A   0.50672 0.34583 0.14745 ( 1)  1.002 +-  1.267
 100 K   0.50724 0.34589 0.14687 ( 1)  0.999 +-  1.261
 101 D   0.51176 0.34630 0.14194 ( 1)  0.974 +-  1.209
 102 C   0.51096 0.34624 0.14280 ( 1)  0.979 +-  1.218
 103 S   0.51179 0.34631 0.14190 ( 1)  0.974 +-  1.209
 104 R   0.51014 0.34618 0.14368 ( 1)  0.983 +-  1.227
 105 S   0.51179 0.34631 0.14190 ( 1)  0.974 +-  1.209
 106 S   0.51179 0.34631 0.14190 ( 1)  0.974 +-  1.209
 107 G   0.51128 0.34623 0.14249 ( 1)  0.977 +-  1.216
 108 G   0.51128 0.34623 0.14249 ( 1)  0.977 +-  1.216
 109 L   0.50695 0.34586 0.14720 ( 1)  1.000 +-  1.265
 110 Q   0.50798 0.34597 0.14605 ( 1)  0.995 +-  1.252
 111 I   0.50981 0.34616 0.14403 ( 1)  0.985 +-  1.231
 112 R   0.51076 0.34621 0.14303 ( 1)  0.980 +-  1.221
 113 N   0.51140 0.34630 0.14230 ( 1)  0.976 +-  1.212
 114 E   0.51012 0.34618 0.14370 ( 1)  0.983 +-  1.228
 115 S   0.50950 0.34612 0.14438 ( 1)  0.986 +-  1.235
 116 C   0.51096 0.34624 0.14280 ( 1)  0.979 +-  1.218
 117 A   0.50974 0.34613 0.14413 ( 1)  0.985 +-  1.232
 118 L   0.50951 0.34612 0.14437 ( 1)  0.986 +-  1.235
 119 C   0.51096 0.34624 0.14280 ( 1)  0.979 +-  1.218
 120 G   0.51128 0.34623 0.14249 ( 1)  0.977 +-  1.216
 121 K   0.50984 0.34616 0.14400 ( 1)  0.984 +-  1.230
 122 Q   0.50798 0.34597 0.14605 ( 1)  0.995 +-  1.252
 123 Y   0.51082 0.34624 0.14293 ( 1)  0.979 +-  1.219
 124 R   0.50616 0.34576 0.14808 ( 1)  1.005 +-  1.274
 125 V   0.50888 0.34606 0.14506 ( 1)  0.990 +-  1.242
 126 T   0.51012 0.34618 0.14370 ( 1)  0.983 +-  1.227
 127 G   0.50977 0.34613 0.14410 ( 1)  0.985 +-  1.232
 128 V   0.51011 0.34617 0.14371 ( 1)  0.983 +-  1.228
 129 T   0.50778 0.34595 0.14626 ( 1)  0.996 +-  1.255
 130 Q   0.50798 0.34597 0.14605 ( 1)  0.995 +-  1.252
 131 C   0.51096 0.34624 0.14280 ( 1)  0.979 +-  1.218
 132 S   0.51179 0.34631 0.14190 ( 1)  0.974 +-  1.209
 133 Q   0.50798 0.34597 0.14605 ( 1)  0.995 +-  1.252
 134 H   0.51097 0.34625 0.14278 ( 1)  0.979 +-  1.218
 135 C   0.51096 0.34624 0.14280 ( 1)  0.979 +-  1.218
 136 G   0.50841 0.34601 0.14558 ( 1)  0.992 +-  1.248
 137 R   0.50813 0.34598 0.14589 ( 1)  0.994 +-  1.251
 138 L   0.50695 0.34586 0.14720 ( 1)  1.000 +-  1.265
 139 S   0.51179 0.34631 0.14190 ( 1)  0.974 +-  1.209
 140 S   0.51179 0.34631 0.14190 ( 1)  0.974 +-  1.209
 141 D   0.51176 0.34630 0.14194 ( 1)  0.974 +-  1.209
 142 P   0.50831 0.34600 0.14568 ( 1)  0.993 +-  1.249
 143 Q   0.50798 0.34597 0.14605 ( 1)  0.995 +-  1.252
 144 L   0.50730 0.34590 0.14681 ( 1)  0.998 +-  1.260
 145 F   0.50939 0.34612 0.14449 ( 1)  0.987 +-  1.236
 146 R   0.51076 0.34621 0.14303 ( 1)  0.980 +-  1.221
 147 V   0.51011 0.34617 0.14371 ( 1)  0.983 +-  1.228

Positively selected sites

	Prob(w>1)  mean w


