Supplemental results for CODEML (seqf: algn  treef: tree)


dN/dS (w) for site classes (K=9)

p:   0.12320  0.12320  0.12320  0.12320  0.12320  0.12320  0.12320  0.12320  0.01440
w:   0.02067  0.03138  0.03958  0.04740  0.05568  0.06532  0.07818  0.10201 999.00000

Naive Empirical Bayes (NEB) probabilities for 9 classes & postmean_w & P(w>1)
(amino acids refer to 1st sequence: Tasi.13006)

   1 M   0.12577 0.12552 0.12532 0.12514 0.12494 0.12471 0.12441 0.12385 0.00034 ( 1)  0.397  0.000
   2 G   0.12553 0.12535 0.12521 0.12508 0.12494 0.12478 0.12457 0.12417 0.00037 ( 1)  0.420  0.000
   3 L   0.12534 0.12522 0.12513 0.12504 0.12495 0.12485 0.12470 0.12444 0.00032 ( 1)  0.379  0.000
   4 E   0.12573 0.12548 0.12529 0.12511 0.12491 0.12469 0.12439 0.12384 0.00056 ( 1)  0.619  0.001
   5 C   0.12538 0.12526 0.12516 0.12507 0.12497 0.12486 0.12471 0.12444 0.00014 ( 1)  0.198  0.000
   6 F   0.12545 0.12530 0.12519 0.12508 0.12496 0.12483 0.12465 0.12432 0.00020 ( 1)  0.259  0.000
   7 V   0.12553 0.12534 0.12520 0.12506 0.12492 0.12475 0.12453 0.12412 0.00055 ( 1)  0.602  0.001
   8 T   0.12547 0.12531 0.12519 0.12508 0.12496 0.12482 0.12464 0.12430 0.00022 ( 1)  0.270  0.000
   9 E   0.12537 0.12524 0.12515 0.12506 0.12497 0.12486 0.12471 0.12444 0.00020 ( 1)  0.257  0.000
  10 I   0.12559 0.12539 0.12524 0.12510 0.12495 0.12477 0.12454 0.12411 0.00031 ( 1)  0.368  0.000
  11 V   0.12553 0.12534 0.12520 0.12506 0.12492 0.12475 0.12453 0.12412 0.00055 ( 1)  0.602  0.001
  12 A   0.12554 0.12536 0.12522 0.12508 0.12494 0.12478 0.12456 0.12416 0.00037 ( 1)  0.423  0.000
  13 N   0.12560 0.12540 0.12525 0.12510 0.12495 0.12477 0.12453 0.12409 0.00030 ( 1)  0.357  0.000
  14 N   0.12560 0.12540 0.12525 0.12510 0.12495 0.12477 0.12453 0.12409 0.00030 ( 1)  0.357  0.000
  15 P   0.12515 0.12510 0.12506 0.12503 0.12499 0.12494 0.12488 0.12477 0.00008 ( 1)  0.133  0.000
  16 L   0.12540 0.12526 0.12516 0.12506 0.12496 0.12484 0.12468 0.12438 0.00027 ( 1)  0.329  0.000
  17 L   0.12541 0.12527 0.12516 0.12506 0.12496 0.12483 0.12467 0.12436 0.00028 ( 1)  0.336  0.000
  18 V   0.12553 0.12534 0.12520 0.12506 0.12492 0.12475 0.12453 0.12412 0.00055 ( 1)  0.602  0.001
  19 M   0.12577 0.12552 0.12532 0.12514 0.12494 0.12471 0.12441 0.12385 0.00034 ( 1)  0.397  0.000
  20 R   0.12538 0.12526 0.12516 0.12507 0.12497 0.12485 0.12470 0.12442 0.00020 ( 1)  0.250  0.000
  21 W   0.12534 0.12523 0.12514 0.12506 0.12497 0.12487 0.12474 0.12449 0.00016 ( 1)  0.219  0.000
  22 C   0.12538 0.12526 0.12516 0.12507 0.12497 0.12486 0.12471 0.12444 0.00014 ( 1)  0.198  0.000
  23 G   0.12555 0.12536 0.12522 0.12508 0.12494 0.12477 0.12455 0.12414 0.00038 ( 1)  0.430  0.000
  24 S   0.12552 0.12535 0.12522 0.12509 0.12496 0.12481 0.12460 0.12423 0.00021 ( 1)  0.266  0.000
  25 E   0.12573 0.12548 0.12529 0.12511 0.12491 0.12469 0.12439 0.12384 0.00056 ( 1)  0.619  0.001
  26 P   0.12538 0.12525 0.12516 0.12506 0.12497 0.12486 0.12471 0.12443 0.00019 ( 1)  0.246  0.000
  27 S   0.12535 0.12524 0.12515 0.12506 0.12497 0.12487 0.12473 0.12448 0.00015 ( 1)  0.200  0.000
  28 L   0.12541 0.12527 0.12516 0.12506 0.12496 0.12483 0.12467 0.12436 0.00028 ( 1)  0.336  0.000
  29 R   0.12537 0.12525 0.12515 0.12506 0.12497 0.12486 0.12471 0.12444 0.00019 ( 1)  0.245  0.000
  30 S   0.12536 0.12524 0.12515 0.12507 0.12497 0.12487 0.12472 0.12446 0.00015 ( 1)  0.204  0.000
  31 I   0.12559 0.12539 0.12524 0.12510 0.12495 0.12477 0.12454 0.12411 0.00031 ( 1)  0.368  0.000
  32 M   0.12577 0.12552 0.12532 0.12514 0.12494 0.12471 0.12441 0.12385 0.00034 ( 1)  0.397  0.000
  33 L   0.12540 0.12526 0.12516 0.12506 0.12496 0.12484 0.12468 0.12438 0.00027 ( 1)  0.329  0.000
  34 N   0.12559 0.12539 0.12524 0.12510 0.12495 0.12478 0.12454 0.12412 0.00029 ( 1)  0.349  0.000
  35 S   0.12537 0.12525 0.12515 0.12507 0.12497 0.12486 0.12472 0.12444 0.00017 ( 1)  0.223  0.000
  36 H   0.12548 0.12532 0.12520 0.12508 0.12496 0.12481 0.12462 0.12427 0.00027 ( 1)  0.323  0.000
  37 M   0.12577 0.12552 0.12532 0.12514 0.12494 0.12471 0.12441 0.12385 0.00034 ( 1)  0.397  0.000
  38 D   0.12566 0.12543 0.12526 0.12510 0.12492 0.12472 0.12445 0.12395 0.00051 ( 1)  0.568  0.001
  39 V   0.12560 0.12539 0.12523 0.12507 0.12491 0.12472 0.12447 0.12401 0.00061 ( 1)  0.661  0.001
  40 V   0.12560 0.12539 0.12523 0.12507 0.12491 0.12472 0.12447 0.12401 0.00061 ( 1)  0.661  0.001
  41 P   0.12538 0.12525 0.12516 0.12506 0.12497 0.12486 0.12471 0.12443 0.00019 ( 1)  0.246  0.000
  42 V   0.12551 0.12533 0.12519 0.12506 0.12492 0.12476 0.12454 0.12415 0.00053 ( 1)  0.588  0.001
  43 E   0.12573 0.12548 0.12529 0.12511 0.12491 0.12469 0.12439 0.12384 0.00056 ( 1)  0.619  0.001
  44 R   0.12538 0.12526 0.12516 0.12507 0.12497 0.12485 0.12470 0.12442 0.00020 ( 1)  0.250  0.000
  45 E   0.12573 0.12548 0.12529 0.12511 0.12491 0.12469 0.12439 0.12384 0.00056 ( 1)  0.619  0.001
  46 K   0.12565 0.12544 0.12527 0.12511 0.12494 0.12475 0.12449 0.12401 0.00034 ( 1)  0.391  0.000
  47 W   0.12534 0.12523 0.12514 0.12506 0.12497 0.12487 0.12474 0.12449 0.00016 ( 1)  0.219  0.000
  48 S   0.12535 0.12524 0.12515 0.12506 0.12497 0.12487 0.12473 0.12448 0.00015 ( 1)  0.200  0.000
  49 H   0.12548 0.12532 0.12520 0.12508 0.12496 0.12481 0.12462 0.12427 0.00027 ( 1)  0.323  0.000
  50 D   0.12566 0.12543 0.12526 0.12510 0.12492 0.12472 0.12445 0.12395 0.00051 ( 1)  0.568  0.001
  51 P   0.12539 0.12526 0.12516 0.12507 0.12497 0.12485 0.12470 0.12442 0.00020 ( 1)  0.251  0.000
  52 F   0.12545 0.12530 0.12519 0.12508 0.12496 0.12483 0.12465 0.12432 0.00020 ( 1)  0.259  0.000
  53 A   0.12554 0.12536 0.12522 0.12508 0.12494 0.12478 0.12456 0.12416 0.00037 ( 1)  0.423  0.000
  54 A   0.12563 0.12542 0.12525 0.12510 0.12493 0.12474 0.12449 0.12402 0.00042 ( 1)  0.476  0.000
  55 E   0.12537 0.12524 0.12515 0.12506 0.12497 0.12486 0.12471 0.12444 0.00020 ( 1)  0.257  0.000
  56 M   0.12577 0.12552 0.12532 0.12514 0.12494 0.12471 0.12441 0.12385 0.00034 ( 1)  0.397  0.000
  57 S   0.12535 0.12524 0.12515 0.12506 0.12497 0.12487 0.12473 0.12448 0.00015 ( 1)  0.200  0.000
  58 P   0.12539 0.12526 0.12516 0.12507 0.12497 0.12485 0.12470 0.12442 0.00020 ( 1)  0.251  0.000
  59 D   0.12566 0.12543 0.12526 0.12510 0.12492 0.12472 0.12445 0.12395 0.00051 ( 1)  0.568  0.001
  60 G   0.12553 0.12535 0.12521 0.12508 0.12494 0.12478 0.12457 0.12417 0.00037 ( 1)  0.420  0.000
  61 N   0.12560 0.12540 0.12525 0.12510 0.12495 0.12477 0.12453 0.12409 0.00030 ( 1)  0.357  0.000
  62 I   0.12559 0.12539 0.12524 0.12510 0.12495 0.12477 0.12454 0.12411 0.00031 ( 1)  0.368  0.000
  63 Y   0.12540 0.12527 0.12517 0.12507 0.12497 0.12485 0.12469 0.12439 0.00020 ( 1)  0.258  0.000
  64 G   0.12553 0.12535 0.12521 0.12508 0.12494 0.12478 0.12457 0.12417 0.00037 ( 1)  0.420  0.000
  65 R   0.12524 0.12516 0.12510 0.12504 0.12498 0.12491 0.12482 0.12465 0.00009 ( 1)  0.140  0.000
  66 G   0.12520 0.12513 0.12508 0.12503 0.12498 0.12491 0.12483 0.12468 0.00015 ( 1)  0.203  0.000
  67 A   0.12554 0.12536 0.12522 0.12508 0.12494 0.12478 0.12456 0.12416 0.00037 ( 1)  0.423  0.000
  68 Q   0.12543 0.12529 0.12517 0.12507 0.12495 0.12482 0.12465 0.12432 0.00030 ( 1)  0.354  0.000
  69 D   0.12566 0.12543 0.12526 0.12510 0.12492 0.12472 0.12445 0.12395 0.00051 ( 1)  0.568  0.001
  70 M   0.12577 0.12552 0.12532 0.12514 0.12494 0.12471 0.12441 0.12385 0.00034 ( 1)  0.397  0.000
  71 K   0.12565 0.12544 0.12527 0.12511 0.12494 0.12475 0.12449 0.12401 0.00034 ( 1)  0.391  0.000
  72 S   0.12537 0.12525 0.12515 0.12507 0.12497 0.12486 0.12472 0.12444 0.00017 ( 1)  0.223  0.000
  73 V   0.12560 0.12539 0.12523 0.12507 0.12491 0.12472 0.12447 0.12401 0.00061 ( 1)  0.661  0.001
  74 G   0.12555 0.12536 0.12522 0.12508 0.12494 0.12477 0.12455 0.12414 0.00038 ( 1)  0.430  0.000
  75 I   0.12557 0.12538 0.12524 0.12510 0.12495 0.12478 0.12455 0.12413 0.00031 ( 1)  0.360  0.000
  76 Q   0.12521 0.12514 0.12509 0.12504 0.12498 0.12492 0.12484 0.12468 0.00011 ( 1)  0.160  0.000
  77 H   0.12548 0.12532 0.12520 0.12508 0.12496 0.12481 0.12462 0.12427 0.00027 ( 1)  0.323  0.000
  78 L   0.12534 0.12522 0.12513 0.12504 0.12495 0.12485 0.12470 0.12444 0.00032 ( 1)  0.379  0.000
  79 E   0.12573 0.12548 0.12529 0.12511 0.12491 0.12469 0.12439 0.12384 0.00056 ( 1)  0.619  0.001
  80 A   0.12555 0.12536 0.12522 0.12508 0.12494 0.12477 0.12455 0.12414 0.00038 ( 1)  0.432  0.000
  81 V   0.12551 0.12533 0.12519 0.12506 0.12492 0.12476 0.12454 0.12415 0.00053 ( 1)  0.588  0.001
  82 R   0.12537 0.12525 0.12515 0.12506 0.12497 0.12486 0.12471 0.12444 0.00019 ( 1)  0.245  0.000
  83 R   0.12537 0.12525 0.12515 0.12506 0.12497 0.12486 0.12471 0.12444 0.00019 ( 1)  0.245  0.000
  84 L   0.12534 0.12522 0.12513 0.12504 0.12495 0.12485 0.12470 0.12444 0.00032 ( 1)  0.379  0.000
  85 K   0.12529 0.12520 0.12512 0.12505 0.12498 0.12489 0.12478 0.12456 0.00012 ( 1)  0.173  0.000
  86 V   0.12560 0.12539 0.12523 0.12507 0.12491 0.12472 0.12447 0.12401 0.00061 ( 1)  0.661  0.001
  87 E   0.12573 0.12548 0.12529 0.12511 0.12491 0.12469 0.12439 0.12384 0.00056 ( 1)  0.619  0.001
  88 G   0.12562 0.12541 0.12525 0.12510 0.12493 0.12474 0.12449 0.12403 0.00042 ( 1)  0.474  0.000
  89 F   0.12545 0.12530 0.12519 0.12508 0.12496 0.12483 0.12465 0.12432 0.00020 ( 1)  0.259  0.000
  90 V   0.12551 0.12533 0.12519 0.12506 0.12492 0.12476 0.12454 0.12415 0.00053 ( 1)  0.588  0.001
  91 P   0.12544 0.12529 0.12518 0.12508 0.12496 0.12483 0.12466 0.12434 0.00022 ( 1)  0.276  0.000
  92 R   0.12558 0.12539 0.12524 0.12510 0.12496 0.12479 0.12456 0.12414 0.00025 ( 1)  0.300  0.000
  93 R   0.12510 0.12507 0.12504 0.12502 0.12499 0.12496 0.12491 0.12484 0.00008 ( 1)  0.132  0.000
  94 T   0.12519 0.12513 0.12508 0.12503 0.12499 0.12493 0.12486 0.12472 0.00009 ( 1)  0.142  0.000
  95 I   0.12559 0.12539 0.12524 0.12510 0.12495 0.12477 0.12454 0.12411 0.00031 ( 1)  0.368  0.000
  96 Y   0.12540 0.12527 0.12517 0.12507 0.12497 0.12485 0.12469 0.12439 0.00020 ( 1)  0.258  0.000
  97 L   0.12541 0.12527 0.12516 0.12506 0.12496 0.12483 0.12467 0.12436 0.00028 ( 1)  0.336  0.000
  98 T   0.12548 0.12532 0.12520 0.12508 0.12496 0.12482 0.12463 0.12428 0.00022 ( 1)  0.276  0.000
  99 F   0.12547 0.12531 0.12519 0.12508 0.12496 0.12483 0.12464 0.12430 0.00021 ( 1)  0.265  0.000
 100 V   0.12560 0.12539 0.12523 0.12507 0.12491 0.12472 0.12447 0.12401 0.00061 ( 1)  0.661  0.001
 101 P   0.12544 0.12529 0.12518 0.12508 0.12496 0.12483 0.12466 0.12434 0.00022 ( 1)  0.276  0.000
 102 D   0.12565 0.12542 0.12525 0.12509 0.12492 0.12472 0.12446 0.12397 0.00050 ( 1)  0.555  0.001
 103 E   0.12573 0.12548 0.12529 0.12511 0.12491 0.12469 0.12439 0.12384 0.00056 ( 1)  0.619  0.001
 104 E   0.12573 0.12548 0.12529 0.12511 0.12491 0.12469 0.12439 0.12384 0.00056 ( 1)  0.619  0.001
 105 V   0.12560 0.12539 0.12523 0.12507 0.12491 0.12472 0.12447 0.12401 0.00061 ( 1)  0.661  0.001
 106 G   0.12553 0.12535 0.12521 0.12508 0.12494 0.12478 0.12457 0.12417 0.00037 ( 1)  0.420  0.000
 107 G   0.12553 0.12535 0.12521 0.12508 0.12494 0.12478 0.12457 0.12417 0.00037 ( 1)  0.420  0.000
 108 G   0.12553 0.12535 0.12521 0.12508 0.12494 0.12478 0.12457 0.12417 0.00037 ( 1)  0.420  0.000
 109 R   0.12537 0.12525 0.12515 0.12506 0.12497 0.12486 0.12471 0.12444 0.00019 ( 1)  0.245  0.000
 110 G   0.12562 0.12541 0.12525 0.12510 0.12493 0.12474 0.12449 0.12403 0.00042 ( 1)  0.474  0.000
 111 M   0.12577 0.12552 0.12532 0.12514 0.12494 0.12471 0.12441 0.12385 0.00034 ( 1)  0.397  0.000
 112 Q   0.12543 0.12529 0.12517 0.12507 0.12495 0.12482 0.12465 0.12432 0.00030 ( 1)  0.354  0.000
 113 P   0.12538 0.12525 0.12516 0.12506 0.12497 0.12486 0.12471 0.12443 0.00019 ( 1)  0.246  0.000
 114 F   0.12547 0.12531 0.12519 0.12508 0.12496 0.12483 0.12464 0.12430 0.00021 ( 1)  0.265  0.000
 115 V   0.12560 0.12539 0.12523 0.12507 0.12491 0.12472 0.12447 0.12401 0.00061 ( 1)  0.661  0.001
 116 A   0.12522 0.12514 0.12509 0.12503 0.12498 0.12491 0.12482 0.12466 0.00015 ( 1)  0.204  0.000
 117 G   0.12555 0.12536 0.12522 0.12508 0.12494 0.12477 0.12455 0.12414 0.00038 ( 1)  0.430  0.000
 118 T   0.12519 0.12513 0.12508 0.12503 0.12499 0.12493 0.12486 0.12472 0.00009 ( 1)  0.142  0.000
 119 K   0.12565 0.12544 0.12527 0.12511 0.12494 0.12475 0.12449 0.12401 0.00034 ( 1)  0.391  0.000
 120 P   0.12544 0.12529 0.12518 0.12508 0.12496 0.12483 0.12466 0.12434 0.00022 ( 1)  0.276  0.000
 121 D   0.12565 0.12542 0.12525 0.12509 0.12492 0.12472 0.12446 0.12397 0.00050 ( 1)  0.555  0.001
 122 R   0.12537 0.12525 0.12515 0.12506 0.12497 0.12486 0.12471 0.12444 0.00019 ( 1)  0.245  0.000
 123 A   0.12554 0.12536 0.12522 0.12508 0.12494 0.12478 0.12456 0.12416 0.00037 ( 1)  0.423  0.000
 124 G   0.12553 0.12535 0.12521 0.12508 0.12494 0.12478 0.12457 0.12417 0.00037 ( 1)  0.420  0.000
 125 A   0.12554 0.12536 0.12522 0.12508 0.12494 0.12478 0.12456 0.12416 0.00037 ( 1)  0.423  0.000
 126 A   0.12554 0.12536 0.12522 0.12508 0.12494 0.12478 0.12456 0.12416 0.00037 ( 1)  0.423  0.000
 127 E   0.12573 0.12548 0.12529 0.12511 0.12491 0.12469 0.12439 0.12384 0.00056 ( 1)  0.619  0.001
 128 E   0.12573 0.12548 0.12529 0.12511 0.12491 0.12469 0.12439 0.12384 0.00056 ( 1)  0.619  0.001
 129 I   0.12539 0.12526 0.12517 0.12507 0.12498 0.12486 0.12471 0.12443 0.00012 ( 1)  0.175  0.000
 130 S   0.12552 0.12535 0.12522 0.12509 0.12496 0.12481 0.12460 0.12423 0.00021 ( 1)  0.266  0.000
 131 F   0.12545 0.12530 0.12519 0.12508 0.12496 0.12483 0.12465 0.12432 0.00020 ( 1)  0.259  0.000
 132 A   0.12554 0.12536 0.12522 0.12508 0.12494 0.12478 0.12456 0.12416 0.00037 ( 1)  0.423  0.000
 133 E   0.12573 0.12548 0.12529 0.12511 0.12491 0.12469 0.12439 0.12384 0.00056 ( 1)  0.619  0.001
 134 M   0.12577 0.12552 0.12532 0.12514 0.12494 0.12471 0.12441 0.12385 0.00034 ( 1)  0.397  0.000
 135 N   0.12560 0.12540 0.12525 0.12510 0.12495 0.12477 0.12453 0.12409 0.00030 ( 1)  0.357  0.000
 136 V   0.12560 0.12539 0.12523 0.12507 0.12491 0.12472 0.12447 0.12401 0.00061 ( 1)  0.661  0.001
 137 G   0.12562 0.12541 0.12525 0.12510 0.12493 0.12474 0.12449 0.12403 0.00042 ( 1)  0.474  0.000
 138 L   0.12533 0.12522 0.12513 0.12505 0.12496 0.12486 0.12473 0.12448 0.00024 ( 1)  0.299  0.000
 139 C   0.12539 0.12526 0.12516 0.12507 0.12497 0.12486 0.12471 0.12442 0.00015 ( 1)  0.202  0.000
 140 L   0.12533 0.12522 0.12513 0.12505 0.12496 0.12486 0.12473 0.12448 0.00024 ( 1)  0.299  0.000
 141 D   0.12566 0.12543 0.12526 0.12510 0.12492 0.12472 0.12445 0.12395 0.00051 ( 1)  0.568  0.001
 142 E   0.12573 0.12548 0.12529 0.12511 0.12491 0.12469 0.12439 0.12384 0.00056 ( 1)  0.619  0.001
 143 G   0.12555 0.12536 0.12522 0.12508 0.12494 0.12477 0.12455 0.12414 0.00038 ( 1)  0.430  0.000
 144 I   0.12539 0.12526 0.12517 0.12507 0.12498 0.12486 0.12471 0.12443 0.00012 ( 1)  0.175  0.000
 145 A   0.12554 0.12536 0.12522 0.12508 0.12494 0.12478 0.12456 0.12416 0.00037 ( 1)  0.423  0.000
 146 C   0.12538 0.12526 0.12516 0.12507 0.12497 0.12486 0.12471 0.12444 0.00014 ( 1)  0.198  0.000
 147 P   0.12515 0.12510 0.12506 0.12503 0.12499 0.12494 0.12488 0.12477 0.00008 ( 1)  0.133  0.000
 148 R   0.12537 0.12525 0.12515 0.12506 0.12497 0.12486 0.12471 0.12444 0.00019 ( 1)  0.245  0.000
 149 A   0.12563 0.12542 0.12525 0.12510 0.12493 0.12474 0.12449 0.12402 0.00042 ( 1)  0.476  0.000
 150 D   0.12566 0.12543 0.12526 0.12510 0.12492 0.12472 0.12445 0.12395 0.00051 ( 1)  0.568  0.001
 151 V   0.12553 0.12534 0.12520 0.12506 0.12492 0.12475 0.12453 0.12412 0.00055 ( 1)  0.602  0.001
 152 F   0.12547 0.12531 0.12519 0.12508 0.12496 0.12483 0.12464 0.12430 0.00021 ( 1)  0.265  0.000
 153 Y   0.12539 0.12526 0.12516 0.12507 0.12497 0.12485 0.12470 0.12441 0.00020 ( 1)  0.253  0.000
 154 A   0.12555 0.12536 0.12522 0.12508 0.12494 0.12477 0.12455 0.12414 0.00038 ( 1)  0.432  0.000
 155 F   0.12547 0.12531 0.12519 0.12508 0.12496 0.12483 0.12464 0.12430 0.00021 ( 1)  0.265  0.000
 156 Y   0.12540 0.12527 0.12517 0.12507 0.12497 0.12485 0.12469 0.12439 0.00020 ( 1)  0.258  0.000
 157 E   0.12573 0.12548 0.12529 0.12511 0.12491 0.12469 0.12439 0.12384 0.00056 ( 1)  0.619  0.001
 158 E   0.12573 0.12548 0.12529 0.12511 0.12491 0.12469 0.12439 0.12384 0.00056 ( 1)  0.619  0.001
 159 R   0.12510 0.12507 0.12504 0.12502 0.12499 0.12496 0.12491 0.12484 0.00008 ( 1)  0.132  0.000
 160 S   0.12537 0.12525 0.12515 0.12507 0.12497 0.12486 0.12472 0.12444 0.00017 ( 1)  0.223  0.000
 161 P   0.12544 0.12529 0.12518 0.12508 0.12496 0.12483 0.12466 0.12434 0.00022 ( 1)  0.276  0.000
 162 W   0.12534 0.12523 0.12514 0.12506 0.12497 0.12487 0.12474 0.12449 0.00016 ( 1)  0.219  0.000
 163 W   0.12534 0.12523 0.12514 0.12506 0.12497 0.12487 0.12474 0.12449 0.00016 ( 1)  0.219  0.000
 164 V   0.12560 0.12539 0.12523 0.12507 0.12491 0.12472 0.12447 0.12401 0.00061 ( 1)  0.661  0.001
 165 S   0.12552 0.12535 0.12522 0.12509 0.12496 0.12481 0.12460 0.12423 0.00021 ( 1)  0.266  0.000
 166 F   0.12547 0.12531 0.12519 0.12508 0.12496 0.12483 0.12464 0.12430 0.00021 ( 1)  0.265  0.000
 167 L   0.12534 0.12522 0.12513 0.12504 0.12495 0.12485 0.12470 0.12444 0.00032 ( 1)  0.379  0.000
 168 I   0.12539 0.12526 0.12517 0.12507 0.12498 0.12486 0.12471 0.12443 0.00012 ( 1)  0.175  0.000
 169 P   0.12544 0.12529 0.12518 0.12508 0.12496 0.12483 0.12466 0.12434 0.00022 ( 1)  0.276  0.000
 170 G   0.12562 0.12541 0.12525 0.12510 0.12493 0.12474 0.12449 0.12403 0.00042 ( 1)  0.474  0.000
 171 N   0.12559 0.12539 0.12524 0.12510 0.12495 0.12478 0.12454 0.12412 0.00029 ( 1)  0.349  0.000
 172 A   0.12563 0.12542 0.12525 0.12510 0.12493 0.12474 0.12449 0.12402 0.00042 ( 1)  0.476  0.000
 173 G   0.12555 0.12536 0.12522 0.12508 0.12494 0.12477 0.12455 0.12414 0.00038 ( 1)  0.430  0.000
 174 H   0.12548 0.12532 0.12520 0.12508 0.12496 0.12481 0.12462 0.12427 0.00027 ( 1)  0.323  0.000
 175 G   0.12553 0.12535 0.12521 0.12508 0.12494 0.12478 0.12457 0.12417 0.00037 ( 1)  0.420  0.000
 176 S   0.12536 0.12524 0.12515 0.12507 0.12497 0.12487 0.12472 0.12446 0.00015 ( 1)  0.204  0.000
 177 R   0.12524 0.12516 0.12510 0.12504 0.12498 0.12491 0.12482 0.12465 0.00009 ( 1)  0.140  0.000
 178 F   0.12545 0.12530 0.12519 0.12508 0.12496 0.12483 0.12465 0.12432 0.00020 ( 1)  0.259  0.000
 179 I   0.12539 0.12526 0.12517 0.12507 0.12498 0.12486 0.12471 0.12443 0.00012 ( 1)  0.175  0.000
 180 E   0.12573 0.12548 0.12529 0.12511 0.12491 0.12469 0.12439 0.12384 0.00056 ( 1)  0.619  0.001
 181 D   0.12566 0.12543 0.12526 0.12510 0.12492 0.12472 0.12445 0.12395 0.00051 ( 1)  0.568  0.001
 182 T   0.12555 0.12537 0.12523 0.12510 0.12496 0.12480 0.12458 0.12418 0.00025 ( 1)  0.304  0.000
 183 A   0.12563 0.12542 0.12525 0.12510 0.12493 0.12474 0.12449 0.12402 0.00042 ( 1)  0.476  0.000
 184 V   0.12551 0.12533 0.12519 0.12506 0.12492 0.12476 0.12454 0.12415 0.00053 ( 1)  0.588  0.001
 185 E   0.12573 0.12548 0.12529 0.12511 0.12491 0.12469 0.12439 0.12384 0.00056 ( 1)  0.619  0.001
 186 K   0.12529 0.12520 0.12512 0.12505 0.12498 0.12489 0.12478 0.12456 0.00012 ( 1)  0.173  0.000
 187 L   0.12540 0.12526 0.12516 0.12506 0.12496 0.12484 0.12468 0.12438 0.00027 ( 1)  0.329  0.000
 188 H   0.12548 0.12532 0.12520 0.12508 0.12496 0.12481 0.12462 0.12427 0.00027 ( 1)  0.323  0.000
 189 R   0.12537 0.12525 0.12515 0.12506 0.12497 0.12486 0.12471 0.12444 0.00019 ( 1)  0.245  0.000
 190 L   0.12534 0.12522 0.12513 0.12504 0.12495 0.12485 0.12470 0.12444 0.00032 ( 1)  0.379  0.000
 191 M   0.12577 0.12552 0.12532 0.12514 0.12494 0.12471 0.12441 0.12385 0.00034 ( 1)  0.397  0.000
 192 G   0.12562 0.12541 0.12525 0.12510 0.12493 0.12474 0.12449 0.12403 0.00042 ( 1)  0.474  0.000
 193 R   0.12558 0.12539 0.12524 0.12510 0.12496 0.12479 0.12456 0.12414 0.00025 ( 1)  0.300  0.000
 194 L   0.12540 0.12526 0.12516 0.12506 0.12496 0.12484 0.12468 0.12438 0.00027 ( 1)  0.329  0.000
 195 L   0.12533 0.12522 0.12513 0.12505 0.12496 0.12486 0.12473 0.12448 0.00024 ( 1)  0.299  0.000
 196 A   0.12555 0.12536 0.12522 0.12508 0.12494 0.12477 0.12455 0.12414 0.00038 ( 1)  0.432  0.000
 197 F   0.12545 0.12530 0.12519 0.12508 0.12496 0.12483 0.12465 0.12432 0.00020 ( 1)  0.259  0.000
 198 R   0.12510 0.12507 0.12504 0.12502 0.12499 0.12496 0.12491 0.12484 0.00008 ( 1)  0.132  0.000
 199 D   0.12566 0.12543 0.12526 0.12510 0.12492 0.12472 0.12445 0.12395 0.00051 ( 1)  0.568  0.001
 200 A   0.12441 0.12427 0.12416 0.12406 0.12395 0.12382 0.12365 0.12333 0.00835 ( 1)  8.396  0.008
 201 E   0.12573 0.12548 0.12529 0.12511 0.12491 0.12469 0.12439 0.12384 0.00056 ( 1)  0.619  0.001
 202 K   0.12565 0.12544 0.12527 0.12511 0.12494 0.12475 0.12449 0.12401 0.00034 ( 1)  0.391  0.000
 203 R   0.12558 0.12539 0.12524 0.12510 0.12496 0.12479 0.12456 0.12414 0.00025 ( 1)  0.300  0.000
 204 K   0.12565 0.12544 0.12527 0.12511 0.12494 0.12475 0.12449 0.12401 0.00034 ( 1)  0.391  0.000
 205 L   0.12534 0.12522 0.12513 0.12504 0.12495 0.12485 0.12470 0.12444 0.00032 ( 1)  0.379  0.000
 206 E   0.12573 0.12548 0.12529 0.12511 0.12491 0.12469 0.12439 0.12384 0.00056 ( 1)  0.619  0.001
 207 Q   0.12543 0.12529 0.12517 0.12507 0.12495 0.12482 0.12465 0.12432 0.00030 ( 1)  0.354  0.000
 208 M   0.12577 0.12552 0.12532 0.12514 0.12494 0.12471 0.12441 0.12385 0.00034 ( 1)  0.397  0.000
 209 N   0.12559 0.12539 0.12524 0.12510 0.12495 0.12478 0.12454 0.12412 0.00029 ( 1)  0.349  0.000
 210 G   0.12553 0.12535 0.12521 0.12508 0.12494 0.12478 0.12457 0.12417 0.00037 ( 1)  0.420  0.000
 211 N   0.12559 0.12539 0.12524 0.12510 0.12495 0.12478 0.12454 0.12412 0.00029 ( 1)  0.349  0.000
 212 D   0.12566 0.12543 0.12526 0.12510 0.12492 0.12472 0.12445 0.12395 0.00051 ( 1)  0.568  0.001
 213 L   0.12432 0.12421 0.12412 0.12404 0.12395 0.12385 0.12371 0.12346 0.00833 ( 1)  8.373  0.008
 214 A   0.12554 0.12536 0.12522 0.12508 0.12494 0.12478 0.12456 0.12416 0.00037 ( 1)  0.423  0.000
 215 L   0.12541 0.12527 0.12516 0.12506 0.12496 0.12483 0.12467 0.12436 0.00028 ( 1)  0.336  0.000
 216 G   0.12555 0.12536 0.12522 0.12508 0.12494 0.12477 0.12455 0.12414 0.00038 ( 1)  0.430  0.000
 217 S   0.12554 0.12536 0.12523 0.12510 0.12496 0.12480 0.12459 0.12421 0.00022 ( 1)  0.272  0.000
 218 V   0.12551 0.12533 0.12519 0.12506 0.12492 0.12476 0.12454 0.12415 0.00053 ( 1)  0.588  0.001
 219 V   0.12438 0.12424 0.12413 0.12403 0.12392 0.12380 0.12363 0.12332 0.00855 ( 1)  8.596  0.009
 220 T   0.12519 0.12513 0.12508 0.12503 0.12499 0.12493 0.12486 0.12472 0.00009 ( 1)  0.142  0.000
 221 S   0.04102 0.06221 0.07841 0.09383 0.11014 0.12912 0.15436 0.20100 0.12989 ( 8) 129.822  0.130
 222 N   0.12560 0.12540 0.12525 0.12510 0.12495 0.12477 0.12453 0.12409 0.00030 ( 1)  0.357  0.000
 223 I   0.12559 0.12539 0.12524 0.12510 0.12495 0.12477 0.12454 0.12411 0.00031 ( 1)  0.368  0.000
 224 N   0.12560 0.12540 0.12525 0.12510 0.12495 0.12477 0.12453 0.12409 0.00030 ( 1)  0.357  0.000
 225 V   0.12553 0.12534 0.12520 0.12506 0.12492 0.12475 0.12453 0.12412 0.00055 ( 1)  0.602  0.001
 226 I   0.12559 0.12539 0.12524 0.12510 0.12495 0.12477 0.12454 0.12411 0.00031 ( 1)  0.368  0.000
 227 K   0.12529 0.12520 0.12512 0.12505 0.12498 0.12489 0.12478 0.12456 0.00012 ( 1)  0.173  0.000
 228 G   0.12553 0.12535 0.12521 0.12508 0.12494 0.12478 0.12457 0.12417 0.00037 ( 1)  0.420  0.000
 229 G   0.12520 0.12513 0.12508 0.12503 0.12498 0.12491 0.12483 0.12468 0.00015 ( 1)  0.203  0.000
 230 I   0.12459 0.12439 0.12425 0.12411 0.12396 0.12379 0.12356 0.12314 0.00822 ( 1)  8.266  0.008
 231 E   0.12573 0.12548 0.12529 0.12511 0.12491 0.12469 0.12439 0.12384 0.00056 ( 1)  0.619  0.001
 232 P   0.12430 0.12420 0.12413 0.12405 0.12398 0.12389 0.12378 0.12356 0.00811 ( 1)  8.159  0.008
 233 N   0.12560 0.12540 0.12525 0.12510 0.12495 0.12477 0.12453 0.12409 0.00030 ( 1)  0.357  0.000
 234 I   0.12557 0.12538 0.12524 0.12510 0.12495 0.12478 0.12455 0.12413 0.00031 ( 1)  0.360  0.000
 235 V   0.12560 0.12539 0.12523 0.12507 0.12491 0.12472 0.12447 0.12401 0.00061 ( 1)  0.661  0.001
 236 P   0.12538 0.12525 0.12516 0.12506 0.12497 0.12486 0.12471 0.12443 0.00019 ( 1)  0.246  0.000
 237 G   0.12553 0.12535 0.12521 0.12508 0.12494 0.12478 0.12457 0.12417 0.00037 ( 1)  0.420  0.000
 238 E   0.12537 0.12524 0.12515 0.12506 0.12497 0.12486 0.12471 0.12444 0.00020 ( 1)  0.257  0.000
 239 I   0.12539 0.12526 0.12517 0.12507 0.12498 0.12486 0.12471 0.12443 0.00012 ( 1)  0.175  0.000
 240 E   0.12537 0.12524 0.12515 0.12506 0.12497 0.12486 0.12471 0.12444 0.00020 ( 1)  0.257  0.000
 241 V   0.12551 0.12533 0.12519 0.12506 0.12492 0.12476 0.12454 0.12415 0.00053 ( 1)  0.588  0.001
 242 Q   0.12543 0.12529 0.12517 0.12507 0.12495 0.12482 0.12465 0.12432 0.00030 ( 1)  0.354  0.000
 243 V   0.12551 0.12533 0.12519 0.12506 0.12492 0.12476 0.12454 0.12415 0.00053 ( 1)  0.588  0.001
 244 D   0.12565 0.12542 0.12525 0.12509 0.12492 0.12472 0.12446 0.12397 0.00050 ( 1)  0.555  0.001
 245 F   0.12447 0.12432 0.12421 0.12410 0.12398 0.12385 0.12367 0.12333 0.00808 ( 1)  8.123  0.008
 246 R   0.00578 0.00877 0.01105 0.01322 0.01552 0.01820 0.02175 0.02832 0.87738 ( 9) 876.515  0.877
 247 L   0.03242 0.04917 0.06198 0.07417 0.08706 0.10205 0.12201 0.15887 0.31227 ( 9) 312.003  0.312
 248 P   0.12255 0.12242 0.12232 0.12222 0.12211 0.12199 0.12184 0.12154 0.02301 ( 1) 23.043  0.023
 249 P   0.12515 0.12510 0.12506 0.12503 0.12499 0.12494 0.12488 0.12477 0.00008 ( 1)  0.133  0.000
 250 T   0.12264 0.12248 0.12235 0.12223 0.12210 0.12196 0.12176 0.12139 0.02308 ( 1) 23.111  0.023
 251 L   0.12423 0.12415 0.12409 0.12403 0.12397 0.12389 0.12380 0.12362 0.00822 ( 1)  8.267  0.008
 252 D   0.12565 0.12542 0.12525 0.12509 0.12492 0.12472 0.12446 0.12397 0.00050 ( 1)  0.555  0.001
 253 F   0.12547 0.12531 0.12519 0.12508 0.12496 0.12483 0.12464 0.12430 0.00021 ( 1)  0.265  0.000
 254 A   0.12249 0.12237 0.12227 0.12218 0.12208 0.12197 0.12182 0.12154 0.02328 ( 1) 23.306  0.023
 255 A   0.12522 0.12514 0.12509 0.12503 0.12498 0.12491 0.12482 0.12466 0.00015 ( 1)  0.204  0.000
 256 F   0.12547 0.12531 0.12519 0.12508 0.12496 0.12483 0.12464 0.12430 0.00021 ( 1)  0.265  0.000
 257 E   0.12573 0.12548 0.12529 0.12511 0.12491 0.12469 0.12439 0.12384 0.00056 ( 1)  0.619  0.001
 258 R   0.12238 0.12230 0.12224 0.12218 0.12212 0.12205 0.12196 0.12178 0.02299 ( 1) 23.022  0.023
 259 Q   0.12543 0.12529 0.12517 0.12507 0.12495 0.12482 0.12465 0.12432 0.00030 ( 1)  0.354  0.000
 260 I   0.12559 0.12539 0.12524 0.12510 0.12495 0.12477 0.12454 0.12411 0.00031 ( 1)  0.368  0.000
 261 Y   0.12441 0.12428 0.12418 0.12408 0.12398 0.12387 0.12371 0.12342 0.00806 ( 1)  8.111  0.008
 262 K   0.12565 0.12544 0.12527 0.12511 0.12494 0.12475 0.12449 0.12401 0.00034 ( 1)  0.391  0.000
 263 W   0.12534 0.12523 0.12514 0.12506 0.12497 0.12487 0.12474 0.12449 0.00016 ( 1)  0.219  0.000
 264 A   0.12554 0.12536 0.12522 0.12508 0.12494 0.12478 0.12456 0.12416 0.00037 ( 1)  0.423  0.000
 265 D   0.12565 0.12542 0.12525 0.12509 0.12492 0.12472 0.12446 0.12397 0.00050 ( 1)  0.555  0.001
 266 E   0.12456 0.12437 0.12423 0.12410 0.12395 0.12379 0.12357 0.12316 0.00826 ( 1)  8.311  0.008
 267 S   0.12537 0.12525 0.12515 0.12507 0.12497 0.12486 0.12472 0.12444 0.00017 ( 1)  0.223  0.000
 268 G   0.12520 0.12513 0.12508 0.12503 0.12498 0.12491 0.12483 0.12468 0.00015 ( 1)  0.203  0.000
 269 K   0.00001 0.00003 0.00004 0.00006 0.00009 0.00012 0.00017 0.00029 0.99920 ( 9) 998.199  0.999
 270 G   0.12553 0.12535 0.12521 0.12508 0.12494 0.12478 0.12457 0.12417 0.00037 ( 1)  0.420  0.000
 271 I   0.00214 0.00324 0.00409 0.00489 0.00574 0.00673 0.00805 0.01048 0.95463 ( 9) 953.678  0.955
 272 E   0.04123 0.06247 0.07869 0.09410 0.11037 0.12928 0.15439 0.20063 0.12884 ( 8) 128.773  0.129
 273 V   0.12267 0.12248 0.12233 0.12219 0.12204 0.12186 0.12163 0.12121 0.02359 ( 1) 23.624  0.024
 274 K   0.00231 0.00350 0.00441 0.00528 0.00619 0.00726 0.00868 0.01131 0.95106 ( 9) 950.113  0.951
 275 F   0.12545 0.12530 0.12519 0.12508 0.12496 0.12483 0.12465 0.12432 0.00020 ( 1)  0.259  0.000
 276 L   0.12432 0.12421 0.12412 0.12404 0.12395 0.12385 0.12371 0.12346 0.00833 ( 1)  8.373  0.008
 277 A   0.00009 0.00020 0.00032 0.00046 0.00063 0.00087 0.00125 0.00212 0.99405 ( 9) 993.055  0.994
 278 K   0.12448 0.12433 0.12421 0.12410 0.12398 0.12384 0.12365 0.12331 0.00811 ( 1)  8.153  0.008
 279 D   0.12566 0.12543 0.12526 0.12510 0.12492 0.12472 0.12445 0.12395 0.00051 ( 1)  0.568  0.001
 280 M   0.12577 0.12552 0.12532 0.12514 0.12494 0.12471 0.12441 0.12385 0.00034 ( 1)  0.397  0.000
 281 G   0.12555 0.12536 0.12522 0.12508 0.12494 0.12477 0.12455 0.12414 0.00038 ( 1)  0.430  0.000
 282 T   0.12547 0.12531 0.12519 0.12508 0.12496 0.12482 0.12464 0.12430 0.00022 ( 1)  0.270  0.000
 283 G   0.12562 0.12541 0.12525 0.12510 0.12493 0.12474 0.12449 0.12403 0.00042 ( 1)  0.474  0.000
 284 G   0.12553 0.12535 0.12521 0.12508 0.12494 0.12478 0.12457 0.12417 0.00037 ( 1)  0.420  0.000
 285 N   0.12559 0.12539 0.12524 0.12510 0.12495 0.12478 0.12454 0.12412 0.00029 ( 1)  0.349  0.000
 286 G   0.12553 0.12535 0.12521 0.12508 0.12494 0.12478 0.12457 0.12417 0.00037 ( 1)  0.420  0.000
 287 C   0.12538 0.12526 0.12516 0.12507 0.12497 0.12486 0.12471 0.12444 0.00014 ( 1)  0.198  0.000
 288 V   0.12560 0.12539 0.12523 0.12507 0.12491 0.12472 0.12447 0.12401 0.00061 ( 1)  0.661  0.001
 289 D   0.12566 0.12543 0.12526 0.12510 0.12492 0.12472 0.12445 0.12395 0.00051 ( 1)  0.568  0.001
 290 I   0.12557 0.12538 0.12524 0.12510 0.12495 0.12478 0.12455 0.12413 0.00031 ( 1)  0.360  0.000
 291 P   0.12515 0.12510 0.12506 0.12503 0.12499 0.12494 0.12488 0.12477 0.00008 ( 1)  0.133  0.000
 292 I   0.12557 0.12538 0.12524 0.12510 0.12495 0.12478 0.12455 0.12413 0.00031 ( 1)  0.360  0.000
 293 D   0.12566 0.12543 0.12526 0.12510 0.12492 0.12472 0.12445 0.12395 0.00051 ( 1)  0.568  0.001
 294 S   0.12535 0.12524 0.12515 0.12506 0.12497 0.12487 0.12473 0.12448 0.00015 ( 1)  0.200  0.000
 295 H   0.12547 0.12531 0.12519 0.12508 0.12496 0.12482 0.12463 0.12429 0.00026 ( 1)  0.316  0.000
 296 P   0.12539 0.12526 0.12516 0.12507 0.12497 0.12485 0.12470 0.12442 0.00020 ( 1)  0.251  0.000
 297 N   0.12560 0.12540 0.12525 0.12510 0.12495 0.12477 0.12453 0.12409 0.00030 ( 1)  0.357  0.000
 298 D   0.12566 0.12543 0.12526 0.12510 0.12492 0.12472 0.12445 0.12395 0.00051 ( 1)  0.568  0.001
 299 V   0.12560 0.12539 0.12523 0.12507 0.12491 0.12472 0.12447 0.12401 0.00061 ( 1)  0.661  0.001
 300 W   0.12534 0.12523 0.12514 0.12506 0.12497 0.12487 0.12474 0.12449 0.00016 ( 1)  0.219  0.000
 301 W   0.12534 0.12523 0.12514 0.12506 0.12497 0.12487 0.12474 0.12449 0.00016 ( 1)  0.219  0.000
 302 S   0.12554 0.12536 0.12523 0.12510 0.12496 0.12480 0.12459 0.12421 0.00022 ( 1)  0.272  0.000
 303 N   0.12560 0.12540 0.12525 0.12510 0.12495 0.12477 0.12453 0.12409 0.00030 ( 1)  0.357  0.000
 304 L   0.12533 0.12522 0.12513 0.12505 0.12496 0.12486 0.12473 0.12448 0.00024 ( 1)  0.299  0.000
 305 E   0.12573 0.12548 0.12529 0.12511 0.12491 0.12469 0.12439 0.12384 0.00056 ( 1)  0.619  0.001
 306 A   0.12554 0.12536 0.12522 0.12508 0.12494 0.12478 0.12456 0.12416 0.00037 ( 1)  0.423  0.000
 307 V   0.12560 0.12539 0.12523 0.12507 0.12491 0.12472 0.12447 0.12401 0.00061 ( 1)  0.661  0.001
 308 L   0.12540 0.12526 0.12516 0.12506 0.12496 0.12484 0.12468 0.12438 0.00027 ( 1)  0.329  0.000
 309 S   0.12536 0.12524 0.12515 0.12507 0.12497 0.12487 0.12472 0.12446 0.00015 ( 1)  0.204  0.000
 310 A   0.12555 0.12536 0.12522 0.12508 0.12494 0.12477 0.12455 0.12414 0.00038 ( 1)  0.432  0.000
 311 R   0.12510 0.12507 0.12504 0.12502 0.12499 0.12496 0.12491 0.12484 0.00008 ( 1)  0.132  0.000
 312 S   0.12536 0.12524 0.12515 0.12507 0.12497 0.12487 0.12472 0.12446 0.00015 ( 1)  0.204  0.000
 313 I   0.12559 0.12539 0.12524 0.12510 0.12495 0.12477 0.12454 0.12411 0.00031 ( 1)  0.368  0.000
 314 R   0.12538 0.12526 0.12516 0.12507 0.12497 0.12485 0.12470 0.12442 0.00020 ( 1)  0.250  0.000
 315 L   0.12541 0.12527 0.12516 0.12506 0.12496 0.12483 0.12467 0.12436 0.00028 ( 1)  0.336  0.000
 316 Q   0.12521 0.12514 0.12509 0.12504 0.12498 0.12492 0.12484 0.12468 0.00011 ( 1)  0.160  0.000
 317 T   0.12548 0.12532 0.12520 0.12508 0.12496 0.12482 0.12463 0.12428 0.00022 ( 1)  0.276  0.000
 318 G   0.12555 0.12536 0.12522 0.12508 0.12494 0.12477 0.12455 0.12414 0.00038 ( 1)  0.430  0.000
 319 I   0.12559 0.12539 0.12524 0.12510 0.12495 0.12477 0.12454 0.12411 0.00031 ( 1)  0.368  0.000
 320 S   0.12552 0.12535 0.12522 0.12509 0.12496 0.12481 0.12460 0.12423 0.00021 ( 1)  0.266  0.000
 321 G   0.12520 0.12513 0.12508 0.12503 0.12498 0.12491 0.12483 0.12468 0.00015 ( 1)  0.203  0.000
 322 G   0.12555 0.12536 0.12522 0.12508 0.12494 0.12477 0.12455 0.12414 0.00038 ( 1)  0.430  0.000
 323 A   0.12555 0.12536 0.12522 0.12508 0.12494 0.12477 0.12455 0.12414 0.00038 ( 1)  0.432  0.000
 324 N   0.12559 0.12539 0.12524 0.12510 0.12495 0.12478 0.12454 0.12412 0.00029 ( 1)  0.349  0.000
 325 D   0.12566 0.12543 0.12526 0.12510 0.12492 0.12472 0.12445 0.12395 0.00051 ( 1)  0.568  0.001
 326 D   0.12566 0.12543 0.12526 0.12510 0.12492 0.12472 0.12445 0.12395 0.00051 ( 1)  0.568  0.001
 327 R   0.12537 0.12525 0.12515 0.12506 0.12497 0.12486 0.12471 0.12444 0.00019 ( 1)  0.245  0.000
 328 Y   0.12540 0.12527 0.12517 0.12507 0.12497 0.12485 0.12469 0.12439 0.00020 ( 1)  0.258  0.000
 329 L   0.12534 0.12522 0.12513 0.12504 0.12495 0.12485 0.12470 0.12444 0.00032 ( 1)  0.379  0.000
 330 R   0.12537 0.12525 0.12515 0.12506 0.12497 0.12486 0.12471 0.12444 0.00019 ( 1)  0.245  0.000
 331 Q   0.12543 0.12529 0.12517 0.12507 0.12495 0.12482 0.12465 0.12432 0.00030 ( 1)  0.354  0.000
 332 Y   0.12539 0.12526 0.12516 0.12507 0.12497 0.12485 0.12470 0.12441 0.00020 ( 1)  0.253  0.000
 333 H   0.12547 0.12531 0.12519 0.12508 0.12496 0.12482 0.12463 0.12429 0.00026 ( 1)  0.316  0.000
 334 R   0.12537 0.12525 0.12515 0.12506 0.12497 0.12486 0.12471 0.12444 0.00019 ( 1)  0.245  0.000
 335 L   0.12541 0.12527 0.12516 0.12506 0.12496 0.12483 0.12467 0.12436 0.00028 ( 1)  0.336  0.000
 336 Y   0.12540 0.12527 0.12517 0.12507 0.12497 0.12485 0.12469 0.12439 0.00020 ( 1)  0.258  0.000
 337 A   0.12563 0.12542 0.12525 0.12510 0.12493 0.12474 0.12449 0.12402 0.00042 ( 1)  0.476  0.000
 338 P   0.12539 0.12526 0.12516 0.12507 0.12497 0.12485 0.12470 0.12442 0.00020 ( 1)  0.251  0.000
 339 N   0.12560 0.12540 0.12525 0.12510 0.12495 0.12477 0.12453 0.12409 0.00030 ( 1)  0.357  0.000
 340 S   0.12537 0.12525 0.12515 0.12507 0.12497 0.12486 0.12472 0.12444 0.00017 ( 1)  0.223  0.000
 341 K   0.12565 0.12544 0.12527 0.12511 0.12494 0.12475 0.12449 0.12401 0.00034 ( 1)  0.391  0.000
 342 P   0.12544 0.12529 0.12518 0.12508 0.12496 0.12483 0.12466 0.12434 0.00022 ( 1)  0.276  0.000
 343 I   0.12559 0.12539 0.12524 0.12510 0.12495 0.12477 0.12454 0.12411 0.00031 ( 1)  0.368  0.000
 344 K   0.12529 0.12520 0.12512 0.12505 0.12498 0.12489 0.12478 0.12456 0.00012 ( 1)  0.173  0.000
 345 A   0.12555 0.12536 0.12522 0.12508 0.12494 0.12477 0.12455 0.12414 0.00038 ( 1)  0.432  0.000
 346 I   0.12559 0.12539 0.12524 0.12510 0.12495 0.12477 0.12454 0.12411 0.00031 ( 1)  0.368  0.000
 347 S   0.12552 0.12535 0.12522 0.12509 0.12496 0.12481 0.12460 0.12423 0.00021 ( 1)  0.266  0.000
 348 F   0.12545 0.12530 0.12519 0.12508 0.12496 0.12483 0.12465 0.12432 0.00020 ( 1)  0.259  0.000
 349 S   0.12535 0.12524 0.12515 0.12506 0.12497 0.12487 0.12473 0.12448 0.00015 ( 1)  0.200  0.000
 350 P   0.12515 0.12510 0.12506 0.12503 0.12499 0.12494 0.12488 0.12477 0.00008 ( 1)  0.133  0.000
 351 L   0.12534 0.12522 0.12513 0.12504 0.12495 0.12485 0.12470 0.12444 0.00032 ( 1)  0.379  0.000
 352 R   0.12558 0.12539 0.12524 0.12510 0.12496 0.12479 0.12456 0.12414 0.00025 ( 1)  0.300  0.000
 353 D   0.12566 0.12543 0.12526 0.12510 0.12492 0.12472 0.12445 0.12395 0.00051 ( 1)  0.568  0.001
 354 T   0.12547 0.12531 0.12519 0.12508 0.12496 0.12482 0.12464 0.12430 0.00022 ( 1)  0.270  0.000
 355 P   0.12539 0.12526 0.12516 0.12507 0.12497 0.12485 0.12470 0.12442 0.00020 ( 1)  0.251  0.000
 356 I   0.12557 0.12538 0.12524 0.12510 0.12495 0.12478 0.12455 0.12413 0.00031 ( 1)  0.360  0.000
 357 L   0.12534 0.12522 0.12513 0.12504 0.12495 0.12485 0.12470 0.12444 0.00032 ( 1)  0.379  0.000
 358 H   0.12548 0.12532 0.12520 0.12508 0.12496 0.12481 0.12462 0.12427 0.00027 ( 1)  0.323  0.000
 359 H   0.12548 0.12532 0.12520 0.12508 0.12496 0.12481 0.12462 0.12427 0.00027 ( 1)  0.323  0.000
 360 A   0.12522 0.12514 0.12509 0.12503 0.12498 0.12491 0.12482 0.12466 0.00015 ( 1)  0.204  0.000
 361 S   0.12535 0.12524 0.12515 0.12506 0.12497 0.12487 0.12473 0.12448 0.00015 ( 1)  0.200  0.000
 362 D   0.12566 0.12543 0.12526 0.12510 0.12492 0.12472 0.12445 0.12395 0.00051 ( 1)  0.568  0.001
 363 E   0.12537 0.12524 0.12515 0.12506 0.12497 0.12486 0.12471 0.12444 0.00020 ( 1)  0.257  0.000
 364 F   0.12547 0.12531 0.12519 0.12508 0.12496 0.12483 0.12464 0.12430 0.00021 ( 1)  0.265  0.000
 365 V   0.12553 0.12534 0.12520 0.12506 0.12492 0.12475 0.12453 0.12412 0.00055 ( 1)  0.602  0.001
 366 N   0.12560 0.12540 0.12525 0.12510 0.12495 0.12477 0.12453 0.12409 0.00030 ( 1)  0.357  0.000
 367 R   0.12558 0.12539 0.12524 0.12510 0.12496 0.12479 0.12456 0.12414 0.00025 ( 1)  0.300  0.000
 368 R   0.12558 0.12539 0.12524 0.12510 0.12496 0.12479 0.12456 0.12414 0.00025 ( 1)  0.300  0.000
 369 A   0.12555 0.12536 0.12522 0.12508 0.12494 0.12477 0.12455 0.12414 0.00038 ( 1)  0.432  0.000
 370 F   0.12547 0.12531 0.12519 0.12508 0.12496 0.12483 0.12464 0.12430 0.00021 ( 1)  0.265  0.000
 371 L   0.12540 0.12526 0.12516 0.12506 0.12496 0.12484 0.12468 0.12438 0.00027 ( 1)  0.329  0.000
 372 E   0.12573 0.12548 0.12529 0.12511 0.12491 0.12469 0.12439 0.12384 0.00056 ( 1)  0.619  0.001
 373 G   0.12520 0.12513 0.12508 0.12503 0.12498 0.12491 0.12483 0.12468 0.00015 ( 1)  0.203  0.000
 374 V   0.12560 0.12539 0.12523 0.12507 0.12491 0.12472 0.12447 0.12401 0.00061 ( 1)  0.661  0.001
 375 E   0.12573 0.12548 0.12529 0.12511 0.12491 0.12469 0.12439 0.12384 0.00056 ( 1)  0.619  0.001
 376 I   0.12557 0.12538 0.12524 0.12510 0.12495 0.12478 0.12455 0.12413 0.00031 ( 1)  0.360  0.000
 377 L   0.12534 0.12522 0.12513 0.12504 0.12495 0.12485 0.12470 0.12444 0.00032 ( 1)  0.379  0.000
 378 T   0.12555 0.12537 0.12523 0.12510 0.12496 0.12480 0.12458 0.12418 0.00025 ( 1)  0.304  0.000
 379 E   0.12573 0.12548 0.12529 0.12511 0.12491 0.12469 0.12439 0.12384 0.00056 ( 1)  0.619  0.001
 380 V   0.12560 0.12539 0.12523 0.12507 0.12491 0.12472 0.12447 0.12401 0.00061 ( 1)  0.661  0.001
 381 V   0.12551 0.12533 0.12519 0.12506 0.12492 0.12476 0.12454 0.12415 0.00053 ( 1)  0.588  0.001
 382 R   0.12510 0.12507 0.12504 0.12502 0.12499 0.12496 0.12491 0.12484 0.00008 ( 1)  0.132  0.000
 383 A   0.12555 0.12536 0.12522 0.12508 0.12494 0.12477 0.12455 0.12414 0.00038 ( 1)  0.432  0.000
 384 I   0.12559 0.12539 0.12524 0.12510 0.12495 0.12477 0.12454 0.12411 0.00031 ( 1)  0.368  0.000
 385 A   0.12555 0.12536 0.12522 0.12508 0.12494 0.12477 0.12455 0.12414 0.00038 ( 1)  0.432  0.000
 386 S   0.12535 0.12524 0.12515 0.12506 0.12497 0.12487 0.12473 0.12448 0.00015 ( 1)  0.200  0.000
 387 V   0.12560 0.12539 0.12523 0.12507 0.12491 0.12472 0.12447 0.12401 0.00061 ( 1)  0.661  0.001
 388 E   0.12573 0.12548 0.12529 0.12511 0.12491 0.12469 0.12439 0.12384 0.00056 ( 1)  0.619  0.001
 389 C   0.12538 0.12526 0.12516 0.12507 0.12497 0.12486 0.12471 0.12444 0.00014 ( 1)  0.198  0.000
 390 Q   0.12543 0.12529 0.12517 0.12507 0.12495 0.12482 0.12465 0.12432 0.00030 ( 1)  0.354  0.000
 391 E   0.12573 0.12548 0.12529 0.12511 0.12491 0.12469 0.12439 0.12384 0.00056 ( 1)  0.619  0.001
 392 D   0.12565 0.12542 0.12525 0.12509 0.12492 0.12472 0.12446 0.12397 0.00050 ( 1)  0.555  0.001
 393 D   0.12565 0.12542 0.12525 0.12509 0.12492 0.12472 0.12446 0.12397 0.00050 ( 1)  0.555  0.001
 394 A   0.12554 0.12536 0.12522 0.12508 0.12494 0.12478 0.12456 0.12416 0.00037 ( 1)  0.423  0.000

Positively selected sites

	Prob(w>1)  mean w

   246 R      0.877         876.515
   269 K      0.999**       998.199
   271 I      0.955*        953.678
   274 K      0.951*        950.113
   277 A      0.994**       993.055


lnL = -1725.097649

Bayes Empirical Bayes (BEB) probabilities for 11 classes (class) & postmean_w
(amino acids refer to 1st sequence: Tasi.13006)

   1 M   0.78944 0.06261 0.03688 0.02539 0.01868 0.01420 0.01095 0.00844 0.00642 0.00523 0.02176 ( 1)  0.215 +-  0.816
   2 G   0.78246 0.06235 0.03692 0.02556 0.01890 0.01445 0.01120 0.00868 0.00664 0.00543 0.02740 ( 1)  0.251 +-  0.951
   3 L   0.77576 0.06207 0.03692 0.02567 0.01907 0.01464 0.01140 0.00888 0.00682 0.00560 0.03317 ( 1)  0.289 +-  1.076
   4 E   0.78842 0.06254 0.03685 0.02538 0.01868 0.01421 0.01096 0.00845 0.00643 0.00524 0.02284 ( 1)  0.223 +-  0.849
   5 C   0.77690 0.06213 0.03694 0.02567 0.01907 0.01463 0.01138 0.00886 0.00680 0.00558 0.03202 ( 1)  0.281 +-  1.049
   6 F   0.77983 0.06226 0.03695 0.02563 0.01900 0.01455 0.01130 0.00878 0.00673 0.00551 0.02945 ( 1)  0.264 +-  0.993
   7 V   0.78226 0.06232 0.03689 0.02553 0.01888 0.01442 0.01118 0.00866 0.00662 0.00542 0.02783 ( 1)  0.255 +-  0.967
   8 T   0.78017 0.06227 0.03694 0.02562 0.01899 0.01454 0.01129 0.00877 0.00672 0.00550 0.02920 ( 1)  0.262 +-  0.988
   9 E   0.77659 0.06212 0.03694 0.02567 0.01907 0.01463 0.01139 0.00886 0.00681 0.00559 0.03233 ( 1)  0.283 +-  1.056
  10 I   0.78424 0.06243 0.03693 0.02553 0.01886 0.01440 0.01115 0.00863 0.00660 0.00539 0.02584 ( 1)  0.241 +-  0.913
  11 V   0.78226 0.06232 0.03689 0.02553 0.01888 0.01442 0.01118 0.00866 0.00662 0.00542 0.02783 ( 1)  0.255 +-  0.967
  12 A   0.78258 0.06235 0.03692 0.02555 0.01890 0.01444 0.01119 0.00867 0.00663 0.00542 0.02734 ( 1)  0.251 +-  0.951
  13 N   0.78465 0.06245 0.03693 0.02553 0.01886 0.01439 0.01114 0.00862 0.00659 0.00538 0.02546 ( 1)  0.238 +-  0.903
  14 N   0.78465 0.06245 0.03693 0.02553 0.01886 0.01439 0.01114 0.00862 0.00659 0.00538 0.02546 ( 1)  0.238 +-  0.903
  15 P   0.76628 0.06159 0.03682 0.02572 0.01921 0.01482 0.01159 0.00907 0.00700 0.00577 0.04212 ( 1)  0.349 +-  1.257
  16 L   0.77778 0.06216 0.03693 0.02565 0.01903 0.01459 0.01135 0.00882 0.00677 0.00555 0.03136 ( 1)  0.277 +-  1.037
  17 L   0.77820 0.06218 0.03693 0.02564 0.01902 0.01458 0.01134 0.00881 0.00676 0.00554 0.03099 ( 1)  0.274 +-  1.029
  18 V   0.78226 0.06232 0.03689 0.02553 0.01888 0.01442 0.01118 0.00866 0.00662 0.00542 0.02783 ( 1)  0.255 +-  0.967
  19 M   0.78944 0.06261 0.03688 0.02539 0.01868 0.01420 0.01095 0.00844 0.00642 0.00523 0.02176 ( 1)  0.215 +-  0.816
  20 R   0.77706 0.06214 0.03694 0.02566 0.01906 0.01462 0.01137 0.00885 0.00679 0.00557 0.03193 ( 1)  0.280 +-  1.048
  21 W   0.77541 0.06206 0.03693 0.02569 0.01909 0.01466 0.01142 0.00889 0.00684 0.00561 0.03339 ( 1)  0.290 +-  1.079
  22 C   0.77690 0.06213 0.03694 0.02567 0.01907 0.01463 0.01138 0.00886 0.00680 0.00558 0.03202 ( 1)  0.281 +-  1.049
  23 G   0.78294 0.06237 0.03692 0.02555 0.01889 0.01443 0.01118 0.00867 0.00663 0.00542 0.02702 ( 1)  0.249 +-  0.942
  24 S   0.78216 0.06236 0.03695 0.02559 0.01894 0.01449 0.01123 0.00871 0.00667 0.00545 0.02745 ( 1)  0.251 +-  0.947
  25 E   0.78842 0.06254 0.03685 0.02538 0.01868 0.01421 0.01096 0.00845 0.00643 0.00524 0.02284 ( 1)  0.223 +-  0.849
  26 P   0.77677 0.06212 0.03693 0.02567 0.01906 0.01463 0.01138 0.00886 0.00680 0.00558 0.03219 ( 1)  0.282 +-  1.054
  27 S   0.77579 0.06208 0.03693 0.02568 0.01909 0.01465 0.01141 0.00888 0.00683 0.00560 0.03305 ( 1)  0.287 +-  1.072
  28 L   0.77820 0.06218 0.03693 0.02564 0.01902 0.01458 0.01134 0.00881 0.00676 0.00554 0.03099 ( 1)  0.274 +-  1.029
  29 R   0.77665 0.06212 0.03693 0.02567 0.01907 0.01463 0.01139 0.00886 0.00680 0.00558 0.03230 ( 1)  0.283 +-  1.056
  30 S   0.77619 0.06210 0.03693 0.02568 0.01908 0.01465 0.01140 0.00888 0.00682 0.00560 0.03268 ( 1)  0.285 +-  1.064
  31 I   0.78424 0.06243 0.03693 0.02553 0.01886 0.01440 0.01115 0.00863 0.00660 0.00539 0.02584 ( 1)  0.241 +-  0.913
  32 M   0.78944 0.06261 0.03688 0.02539 0.01868 0.01420 0.01095 0.00844 0.00642 0.00523 0.02176 ( 1)  0.215 +-  0.816
  33 L   0.77778 0.06216 0.03693 0.02565 0.01903 0.01459 0.01135 0.00882 0.00677 0.00555 0.03136 ( 1)  0.277 +-  1.037
  34 N   0.78422 0.06243 0.03693 0.02554 0.01887 0.01441 0.01116 0.00864 0.00660 0.00539 0.02580 ( 1)  0.240 +-  0.911
  35 S   0.77651 0.06211 0.03693 0.02567 0.01907 0.01463 0.01139 0.00886 0.00681 0.00559 0.03242 ( 1)  0.283 +-  1.059
  36 H   0.78070 0.06230 0.03694 0.02561 0.01897 0.01452 0.01127 0.00875 0.00670 0.00549 0.02874 ( 1)  0.259 +-  0.978
  37 M   0.78944 0.06261 0.03688 0.02539 0.01868 0.01420 0.01095 0.00844 0.00642 0.00523 0.02176 ( 1)  0.215 +-  0.816
  38 D   0.78650 0.06249 0.03688 0.02544 0.01876 0.01429 0.01104 0.00853 0.00651 0.00530 0.02425 ( 1)  0.231 +-  0.881
  39 V   0.78451 0.06239 0.03687 0.02547 0.01880 0.01434 0.01109 0.00858 0.00655 0.00535 0.02605 ( 1)  0.243 +-  0.927
  40 V   0.78451 0.06239 0.03687 0.02547 0.01880 0.01434 0.01109 0.00858 0.00655 0.00535 0.02605 ( 1)  0.243 +-  0.927
  41 P   0.77677 0.06212 0.03693 0.02567 0.01906 0.01463 0.01138 0.00886 0.00680 0.00558 0.03219 ( 1)  0.282 +-  1.054
  42 V   0.78181 0.06230 0.03689 0.02554 0.01889 0.01444 0.01119 0.00868 0.00664 0.00543 0.02819 ( 1)  0.257 +-  0.974
  43 E   0.78842 0.06254 0.03685 0.02538 0.01868 0.01421 0.01096 0.00845 0.00643 0.00524 0.02284 ( 1)  0.223 +-  0.849
  44 R   0.77706 0.06214 0.03694 0.02566 0.01906 0.01462 0.01137 0.00885 0.00679 0.00557 0.03193 ( 1)  0.280 +-  1.048
  45 E   0.78842 0.06254 0.03685 0.02538 0.01868 0.01421 0.01096 0.00845 0.00643 0.00524 0.02284 ( 1)  0.223 +-  0.849
  46 K   0.78625 0.06250 0.03691 0.02548 0.01880 0.01433 0.01108 0.00856 0.00653 0.00533 0.02420 ( 1)  0.230 +-  0.874
  47 W   0.77541 0.06206 0.03693 0.02569 0.01909 0.01466 0.01142 0.00889 0.00684 0.00561 0.03339 ( 1)  0.290 +-  1.079
  48 S   0.77579 0.06208 0.03693 0.02568 0.01909 0.01465 0.01141 0.00888 0.00683 0.00560 0.03305 ( 1)  0.287 +-  1.072
  49 H   0.78070 0.06230 0.03694 0.02561 0.01897 0.01452 0.01127 0.00875 0.00670 0.00549 0.02874 ( 1)  0.259 +-  0.978
  50 D   0.78650 0.06249 0.03688 0.02544 0.01876 0.01429 0.01104 0.00853 0.00651 0.00530 0.02425 ( 1)  0.231 +-  0.881
  51 P   0.77718 0.06214 0.03694 0.02566 0.01905 0.01462 0.01137 0.00885 0.00679 0.00557 0.03183 ( 1)  0.279 +-  1.046
  52 F   0.77983 0.06226 0.03695 0.02563 0.01900 0.01455 0.01130 0.00878 0.00673 0.00551 0.02945 ( 1)  0.264 +-  0.993
  53 A   0.78258 0.06235 0.03692 0.02555 0.01890 0.01444 0.01119 0.00867 0.00663 0.00542 0.02734 ( 1)  0.251 +-  0.951
  54 A   0.78537 0.06245 0.03690 0.02548 0.01880 0.01434 0.01109 0.00858 0.00654 0.00534 0.02511 ( 1)  0.237 +-  0.901
  55 E   0.77659 0.06212 0.03694 0.02567 0.01907 0.01463 0.01139 0.00886 0.00681 0.00559 0.03233 ( 1)  0.283 +-  1.056
  56 M   0.78944 0.06261 0.03688 0.02539 0.01868 0.01420 0.01095 0.00844 0.00642 0.00523 0.02176 ( 1)  0.215 +-  0.816
  57 S   0.77579 0.06208 0.03693 0.02568 0.01909 0.01465 0.01141 0.00888 0.00683 0.00560 0.03305 ( 1)  0.287 +-  1.072
  58 P   0.77718 0.06214 0.03694 0.02566 0.01905 0.01462 0.01137 0.00885 0.00679 0.00557 0.03183 ( 1)  0.279 +-  1.046
  59 D   0.78650 0.06249 0.03688 0.02544 0.01876 0.01429 0.01104 0.00853 0.00651 0.00530 0.02425 ( 1)  0.231 +-  0.881
  60 G   0.78246 0.06235 0.03692 0.02556 0.01890 0.01445 0.01120 0.00868 0.00664 0.00543 0.02740 ( 1)  0.251 +-  0.951
  61 N   0.78465 0.06245 0.03693 0.02553 0.01886 0.01439 0.01114 0.00862 0.00659 0.00538 0.02546 ( 1)  0.238 +-  0.903
  62 I   0.78424 0.06243 0.03693 0.02553 0.01886 0.01440 0.01115 0.00863 0.00660 0.00539 0.02584 ( 1)  0.241 +-  0.913
  63 Y   0.77779 0.06217 0.03694 0.02566 0.01904 0.01460 0.01136 0.00883 0.00678 0.00556 0.03127 ( 1)  0.276 +-  1.034
  64 G   0.78246 0.06235 0.03692 0.02556 0.01890 0.01445 0.01120 0.00868 0.00664 0.00543 0.02740 ( 1)  0.251 +-  0.951
  65 R   0.77068 0.06183 0.03688 0.02572 0.01917 0.01476 0.01152 0.00900 0.00693 0.00570 0.03782 ( 1)  0.320 +-  1.171
  66 G   0.76918 0.06174 0.03686 0.02572 0.01918 0.01477 0.01154 0.00902 0.00695 0.00573 0.03932 ( 1)  0.330 +-  1.203
  67 A   0.78258 0.06235 0.03692 0.02555 0.01890 0.01444 0.01119 0.00867 0.00663 0.00542 0.02734 ( 1)  0.251 +-  0.951
  68 Q   0.77934 0.06224 0.03694 0.02563 0.01901 0.01456 0.01131 0.00879 0.00674 0.00552 0.02992 ( 1)  0.267 +-  1.004
  69 D   0.78650 0.06249 0.03688 0.02544 0.01876 0.01429 0.01104 0.00853 0.00651 0.00530 0.02425 ( 1)  0.231 +-  0.881
  70 M   0.78944 0.06261 0.03688 0.02539 0.01868 0.01420 0.01095 0.00844 0.00642 0.00523 0.02176 ( 1)  0.215 +-  0.816
  71 K   0.78625 0.06250 0.03691 0.02548 0.01880 0.01433 0.01108 0.00856 0.00653 0.00533 0.02420 ( 1)  0.230 +-  0.874
  72 S   0.77651 0.06211 0.03693 0.02567 0.01907 0.01463 0.01139 0.00886 0.00681 0.00559 0.03242 ( 1)  0.283 +-  1.059
  73 V   0.78451 0.06239 0.03687 0.02547 0.01880 0.01434 0.01109 0.00858 0.00655 0.00535 0.02605 ( 1)  0.243 +-  0.927
  74 G   0.78294 0.06237 0.03692 0.02555 0.01889 0.01443 0.01118 0.00867 0.00663 0.00542 0.02702 ( 1)  0.249 +-  0.942
  75 I   0.78380 0.06241 0.03693 0.02554 0.01888 0.01442 0.01117 0.00865 0.00661 0.00540 0.02620 ( 1)  0.243 +-  0.921
  76 Q   0.76947 0.06176 0.03687 0.02572 0.01918 0.01478 0.01154 0.00902 0.00695 0.00572 0.03898 ( 1)  0.327 +-  1.195
  77 H   0.78070 0.06230 0.03694 0.02561 0.01897 0.01452 0.01127 0.00875 0.00670 0.00549 0.02874 ( 1)  0.259 +-  0.978
  78 L   0.77576 0.06207 0.03692 0.02567 0.01907 0.01464 0.01140 0.00888 0.00682 0.00560 0.03317 ( 1)  0.289 +-  1.076
  79 E   0.78842 0.06254 0.03685 0.02538 0.01868 0.01421 0.01096 0.00845 0.00643 0.00524 0.02284 ( 1)  0.223 +-  0.849
  80 A   0.78305 0.06237 0.03692 0.02554 0.01888 0.01443 0.01118 0.00866 0.00662 0.00541 0.02695 ( 1)  0.248 +-  0.942
  81 V   0.78181 0.06230 0.03689 0.02554 0.01889 0.01444 0.01119 0.00868 0.00664 0.00543 0.02819 ( 1)  0.257 +-  0.974
  82 R   0.77665 0.06212 0.03693 0.02567 0.01907 0.01463 0.01139 0.00886 0.00680 0.00558 0.03230 ( 1)  0.283 +-  1.056
  83 R   0.77665 0.06212 0.03693 0.02567 0.01907 0.01463 0.01139 0.00886 0.00680 0.00558 0.03230 ( 1)  0.283 +-  1.056
  84 L   0.77576 0.06207 0.03692 0.02567 0.01907 0.01464 0.01140 0.00888 0.00682 0.00560 0.03317 ( 1)  0.289 +-  1.076
  85 K   0.77329 0.06196 0.03691 0.02570 0.01913 0.01471 0.01147 0.00894 0.00688 0.00566 0.03535 ( 1)  0.303 +-  1.120
  86 V   0.78451 0.06239 0.03687 0.02547 0.01880 0.01434 0.01109 0.00858 0.00655 0.00535 0.02605 ( 1)  0.243 +-  0.927
  87 E   0.78842 0.06254 0.03685 0.02538 0.01868 0.01421 0.01096 0.00845 0.00643 0.00524 0.02284 ( 1)  0.223 +-  0.849
  88 G   0.78525 0.06245 0.03690 0.02549 0.01881 0.01435 0.01110 0.00858 0.00655 0.00535 0.02517 ( 1)  0.237 +-  0.901
  89 F   0.77983 0.06226 0.03695 0.02563 0.01900 0.01455 0.01130 0.00878 0.00673 0.00551 0.02945 ( 1)  0.264 +-  0.993
  90 V   0.78181 0.06230 0.03689 0.02554 0.01889 0.01444 0.01119 0.00868 0.00664 0.00543 0.02819 ( 1)  0.257 +-  0.974
  91 P   0.77920 0.06223 0.03694 0.02563 0.01901 0.01456 0.01132 0.00879 0.00674 0.00552 0.03006 ( 1)  0.268 +-  1.008
  92 R   0.78399 0.06243 0.03694 0.02555 0.01889 0.01442 0.01117 0.00865 0.00661 0.00540 0.02594 ( 1)  0.241 +-  0.913
  93 R   0.76377 0.06145 0.03677 0.02572 0.01923 0.01485 0.01163 0.00911 0.00704 0.00581 0.04461 ( 1)  0.367 +-  1.305
  94 T   0.76818 0.06169 0.03685 0.02572 0.01919 0.01479 0.01156 0.00904 0.00697 0.00574 0.04026 ( 1)  0.336 +-  1.221
  95 I   0.78424 0.06243 0.03693 0.02553 0.01886 0.01440 0.01115 0.00863 0.00660 0.00539 0.02584 ( 1)  0.241 +-  0.913
  96 Y   0.77779 0.06217 0.03694 0.02566 0.01904 0.01460 0.01136 0.00883 0.00678 0.00556 0.03127 ( 1)  0.276 +-  1.034
  97 L   0.77820 0.06218 0.03693 0.02564 0.01902 0.01458 0.01134 0.00881 0.00676 0.00554 0.03099 ( 1)  0.274 +-  1.029
  98 T   0.78062 0.06229 0.03694 0.02561 0.01898 0.01452 0.01127 0.00875 0.00670 0.00549 0.02880 ( 1)  0.260 +-  0.979
  99 F   0.78022 0.06228 0.03695 0.02562 0.01899 0.01454 0.01129 0.00877 0.00672 0.00550 0.02911 ( 1)  0.262 +-  0.985
 100 V   0.78451 0.06239 0.03687 0.02547 0.01880 0.01434 0.01109 0.00858 0.00655 0.00535 0.02605 ( 1)  0.243 +-  0.927
 101 P   0.77920 0.06223 0.03694 0.02563 0.01901 0.01456 0.01132 0.00879 0.00674 0.00552 0.03006 ( 1)  0.268 +-  1.008
 102 D   0.78610 0.06248 0.03689 0.02546 0.01878 0.01431 0.01106 0.00855 0.00652 0.00532 0.02454 ( 1)  0.233 +-  0.888
 103 E   0.78842 0.06254 0.03685 0.02538 0.01868 0.01421 0.01096 0.00845 0.00643 0.00524 0.02284 ( 1)  0.223 +-  0.849
 104 E   0.78842 0.06254 0.03685 0.02538 0.01868 0.01421 0.01096 0.00845 0.00643 0.00524 0.02284 ( 1)  0.223 +-  0.849
 105 V   0.78451 0.06239 0.03687 0.02547 0.01880 0.01434 0.01109 0.00858 0.00655 0.00535 0.02605 ( 1)  0.243 +-  0.927
 106 G   0.78246 0.06235 0.03692 0.02556 0.01890 0.01445 0.01120 0.00868 0.00664 0.00543 0.02740 ( 1)  0.251 +-  0.951
 107 G   0.78246 0.06235 0.03692 0.02556 0.01890 0.01445 0.01120 0.00868 0.00664 0.00543 0.02740 ( 1)  0.251 +-  0.951
 108 G   0.78246 0.06235 0.03692 0.02556 0.01890 0.01445 0.01120 0.00868 0.00664 0.00543 0.02740 ( 1)  0.251 +-  0.951
 109 R   0.77665 0.06212 0.03693 0.02567 0.01907 0.01463 0.01139 0.00886 0.00680 0.00558 0.03230 ( 1)  0.283 +-  1.056
 110 G   0.78525 0.06245 0.03690 0.02549 0.01881 0.01435 0.01110 0.00858 0.00655 0.00535 0.02517 ( 1)  0.237 +-  0.901
 111 M   0.78944 0.06261 0.03688 0.02539 0.01868 0.01420 0.01095 0.00844 0.00642 0.00523 0.02176 ( 1)  0.215 +-  0.816
 112 Q   0.77934 0.06224 0.03694 0.02563 0.01901 0.01456 0.01131 0.00879 0.00674 0.00552 0.02992 ( 1)  0.267 +-  1.004
 113 P   0.77677 0.06212 0.03693 0.02567 0.01906 0.01463 0.01138 0.00886 0.00680 0.00558 0.03219 ( 1)  0.282 +-  1.054
 114 F   0.78022 0.06228 0.03695 0.02562 0.01899 0.01454 0.01129 0.00877 0.00672 0.00550 0.02911 ( 1)  0.262 +-  0.985
 115 V   0.78451 0.06239 0.03687 0.02547 0.01880 0.01434 0.01109 0.00858 0.00655 0.00535 0.02605 ( 1)  0.243 +-  0.927
 116 A   0.76976 0.06177 0.03686 0.02571 0.01917 0.01476 0.01153 0.00901 0.00694 0.00571 0.03876 ( 1)  0.326 +-  1.192
 117 G   0.78294 0.06237 0.03692 0.02555 0.01889 0.01443 0.01118 0.00867 0.00663 0.00542 0.02702 ( 1)  0.249 +-  0.942
 118 T   0.76818 0.06169 0.03685 0.02572 0.01919 0.01479 0.01156 0.00904 0.00697 0.00574 0.04026 ( 1)  0.336 +-  1.221
 119 K   0.78625 0.06250 0.03691 0.02548 0.01880 0.01433 0.01108 0.00856 0.00653 0.00533 0.02420 ( 1)  0.230 +-  0.874
 120 P   0.77920 0.06223 0.03694 0.02563 0.01901 0.01456 0.01132 0.00879 0.00674 0.00552 0.03006 ( 1)  0.268 +-  1.008
 121 D   0.78610 0.06248 0.03689 0.02546 0.01878 0.01431 0.01106 0.00855 0.00652 0.00532 0.02454 ( 1)  0.233 +-  0.888
 122 R   0.77665 0.06212 0.03693 0.02567 0.01907 0.01463 0.01139 0.00886 0.00680 0.00558 0.03230 ( 1)  0.283 +-  1.056
 123 A   0.78258 0.06235 0.03692 0.02555 0.01890 0.01444 0.01119 0.00867 0.00663 0.00542 0.02734 ( 1)  0.251 +-  0.951
 124 G   0.78246 0.06235 0.03692 0.02556 0.01890 0.01445 0.01120 0.00868 0.00664 0.00543 0.02740 ( 1)  0.251 +-  0.951
 125 A   0.78258 0.06235 0.03692 0.02555 0.01890 0.01444 0.01119 0.00867 0.00663 0.00542 0.02734 ( 1)  0.251 +-  0.951
 126 A   0.78258 0.06235 0.03692 0.02555 0.01890 0.01444 0.01119 0.00867 0.00663 0.00542 0.02734 ( 1)  0.251 +-  0.951
 127 E   0.78842 0.06254 0.03685 0.02538 0.01868 0.01421 0.01096 0.00845 0.00643 0.00524 0.02284 ( 1)  0.223 +-  0.849
 128 E   0.78842 0.06254 0.03685 0.02538 0.01868 0.01421 0.01096 0.00845 0.00643 0.00524 0.02284 ( 1)  0.223 +-  0.849
 129 I   0.77717 0.06215 0.03694 0.02567 0.01906 0.01462 0.01138 0.00885 0.00680 0.00558 0.03178 ( 1)  0.279 +-  1.044
 130 S   0.78216 0.06236 0.03695 0.02559 0.01894 0.01449 0.01123 0.00871 0.00667 0.00545 0.02745 ( 1)  0.251 +-  0.947
 131 F   0.77983 0.06226 0.03695 0.02563 0.01900 0.01455 0.01130 0.00878 0.00673 0.00551 0.02945 ( 1)  0.264 +-  0.993
 132 A   0.78258 0.06235 0.03692 0.02555 0.01890 0.01444 0.01119 0.00867 0.00663 0.00542 0.02734 ( 1)  0.251 +-  0.951
 133 E   0.78842 0.06254 0.03685 0.02538 0.01868 0.01421 0.01096 0.00845 0.00643 0.00524 0.02284 ( 1)  0.223 +-  0.849
 134 M   0.78944 0.06261 0.03688 0.02539 0.01868 0.01420 0.01095 0.00844 0.00642 0.00523 0.02176 ( 1)  0.215 +-  0.816
 135 N   0.78465 0.06245 0.03693 0.02553 0.01886 0.01439 0.01114 0.00862 0.00659 0.00538 0.02546 ( 1)  0.238 +-  0.903
 136 V   0.78451 0.06239 0.03687 0.02547 0.01880 0.01434 0.01109 0.00858 0.00655 0.00535 0.02605 ( 1)  0.243 +-  0.927
 137 G   0.78525 0.06245 0.03690 0.02549 0.01881 0.01435 0.01110 0.00858 0.00655 0.00535 0.02517 ( 1)  0.237 +-  0.901
 138 L   0.77535 0.06206 0.03693 0.02568 0.01909 0.01466 0.01142 0.00889 0.00683 0.00561 0.03348 ( 1)  0.290 +-  1.081
 139 C   0.77729 0.06215 0.03694 0.02567 0.01906 0.01462 0.01138 0.00885 0.00679 0.00557 0.03168 ( 1)  0.278 +-  1.041
 140 L   0.77535 0.06206 0.03693 0.02568 0.01909 0.01466 0.01142 0.00889 0.00683 0.00561 0.03348 ( 1)  0.290 +-  1.081
 141 D   0.78650 0.06249 0.03688 0.02544 0.01876 0.01429 0.01104 0.00853 0.00651 0.00530 0.02425 ( 1)  0.231 +-  0.881
 142 E   0.78842 0.06254 0.03685 0.02538 0.01868 0.01421 0.01096 0.00845 0.00643 0.00524 0.02284 ( 1)  0.223 +-  0.849
 143 G   0.78294 0.06237 0.03692 0.02555 0.01889 0.01443 0.01118 0.00867 0.00663 0.00542 0.02702 ( 1)  0.249 +-  0.942
 144 I   0.77717 0.06215 0.03694 0.02567 0.01906 0.01462 0.01138 0.00885 0.00680 0.00558 0.03178 ( 1)  0.279 +-  1.044
 145 A   0.78258 0.06235 0.03692 0.02555 0.01890 0.01444 0.01119 0.00867 0.00663 0.00542 0.02734 ( 1)  0.251 +-  0.951
 146 C   0.77690 0.06213 0.03694 0.02567 0.01907 0.01463 0.01138 0.00886 0.00680 0.00558 0.03202 ( 1)  0.281 +-  1.049
 147 P   0.76628 0.06159 0.03682 0.02572 0.01921 0.01482 0.01159 0.00907 0.00700 0.00577 0.04212 ( 1)  0.349 +-  1.257
 148 R   0.77665 0.06212 0.03693 0.02567 0.01907 0.01463 0.01139 0.00886 0.00680 0.00558 0.03230 ( 1)  0.283 +-  1.056
 149 A   0.78537 0.06245 0.03690 0.02548 0.01880 0.01434 0.01109 0.00858 0.00654 0.00534 0.02511 ( 1)  0.237 +-  0.901
 150 D   0.78650 0.06249 0.03688 0.02544 0.01876 0.01429 0.01104 0.00853 0.00651 0.00530 0.02425 ( 1)  0.231 +-  0.881
 151 V   0.78226 0.06232 0.03689 0.02553 0.01888 0.01442 0.01118 0.00866 0.00662 0.00542 0.02783 ( 1)  0.255 +-  0.967
 152 F   0.78022 0.06228 0.03695 0.02562 0.01899 0.01454 0.01129 0.00877 0.00672 0.00550 0.02911 ( 1)  0.262 +-  0.985
 153 Y   0.77737 0.06215 0.03694 0.02566 0.01905 0.01461 0.01137 0.00884 0.00679 0.00557 0.03165 ( 1)  0.278 +-  1.042
 154 A   0.78305 0.06237 0.03692 0.02554 0.01888 0.01443 0.01118 0.00866 0.00662 0.00541 0.02695 ( 1)  0.248 +-  0.942
 155 F   0.78022 0.06228 0.03695 0.02562 0.01899 0.01454 0.01129 0.00877 0.00672 0.00550 0.02911 ( 1)  0.262 +-  0.985
 156 Y   0.77779 0.06217 0.03694 0.02566 0.01904 0.01460 0.01136 0.00883 0.00678 0.00556 0.03127 ( 1)  0.276 +-  1.034
 157 E   0.78842 0.06254 0.03685 0.02538 0.01868 0.01421 0.01096 0.00845 0.00643 0.00524 0.02284 ( 1)  0.223 +-  0.849
 158 E   0.78842 0.06254 0.03685 0.02538 0.01868 0.01421 0.01096 0.00845 0.00643 0.00524 0.02284 ( 1)  0.223 +-  0.849
 159 R   0.76377 0.06145 0.03677 0.02572 0.01923 0.01485 0.01163 0.00911 0.00704 0.00581 0.04461 ( 1)  0.367 +-  1.305
 160 S   0.77651 0.06211 0.03693 0.02567 0.01907 0.01463 0.01139 0.00886 0.00681 0.00559 0.03242 ( 1)  0.283 +-  1.059
 161 P   0.77920 0.06223 0.03694 0.02563 0.01901 0.01456 0.01132 0.00879 0.00674 0.00552 0.03006 ( 1)  0.268 +-  1.008
 162 W   0.77541 0.06206 0.03693 0.02569 0.01909 0.01466 0.01142 0.00889 0.00684 0.00561 0.03339 ( 1)  0.290 +-  1.079
 163 W   0.77541 0.06206 0.03693 0.02569 0.01909 0.01466 0.01142 0.00889 0.00684 0.00561 0.03339 ( 1)  0.290 +-  1.079
 164 V   0.78451 0.06239 0.03687 0.02547 0.01880 0.01434 0.01109 0.00858 0.00655 0.00535 0.02605 ( 1)  0.243 +-  0.927
 165 S   0.78216 0.06236 0.03695 0.02559 0.01894 0.01449 0.01123 0.00871 0.00667 0.00545 0.02745 ( 1)  0.251 +-  0.947
 166 F   0.78022 0.06228 0.03695 0.02562 0.01899 0.01454 0.01129 0.00877 0.00672 0.00550 0.02911 ( 1)  0.262 +-  0.985
 167 L   0.77576 0.06207 0.03692 0.02567 0.01907 0.01464 0.01140 0.00888 0.00682 0.00560 0.03317 ( 1)  0.289 +-  1.076
 168 I   0.77717 0.06215 0.03694 0.02567 0.01906 0.01462 0.01138 0.00885 0.00680 0.00558 0.03178 ( 1)  0.279 +-  1.044
 169 P   0.77920 0.06223 0.03694 0.02563 0.01901 0.01456 0.01132 0.00879 0.00674 0.00552 0.03006 ( 1)  0.268 +-  1.008
 170 G   0.78525 0.06245 0.03690 0.02549 0.01881 0.01435 0.01110 0.00858 0.00655 0.00535 0.02517 ( 1)  0.237 +-  0.901
 171 N   0.78422 0.06243 0.03693 0.02554 0.01887 0.01441 0.01116 0.00864 0.00660 0.00539 0.02580 ( 1)  0.240 +-  0.911
 172 A   0.78537 0.06245 0.03690 0.02548 0.01880 0.01434 0.01109 0.00858 0.00654 0.00534 0.02511 ( 1)  0.237 +-  0.901
 173 G   0.78294 0.06237 0.03692 0.02555 0.01889 0.01443 0.01118 0.00867 0.00663 0.00542 0.02702 ( 1)  0.249 +-  0.942
 174 H   0.78070 0.06230 0.03694 0.02561 0.01897 0.01452 0.01127 0.00875 0.00670 0.00549 0.02874 ( 1)  0.259 +-  0.978
 175 G   0.78246 0.06235 0.03692 0.02556 0.01890 0.01445 0.01120 0.00868 0.00664 0.00543 0.02740 ( 1)  0.251 +-  0.951
 176 S   0.77619 0.06210 0.03693 0.02568 0.01908 0.01465 0.01140 0.00888 0.00682 0.00560 0.03268 ( 1)  0.285 +-  1.064
 177 R   0.77068 0.06183 0.03688 0.02572 0.01917 0.01476 0.01152 0.00900 0.00693 0.00570 0.03782 ( 1)  0.320 +-  1.171
 178 F   0.77983 0.06226 0.03695 0.02563 0.01900 0.01455 0.01130 0.00878 0.00673 0.00551 0.02945 ( 1)  0.264 +-  0.993
 179 I   0.77717 0.06215 0.03694 0.02567 0.01906 0.01462 0.01138 0.00885 0.00680 0.00558 0.03178 ( 1)  0.279 +-  1.044
 180 E   0.78842 0.06254 0.03685 0.02538 0.01868 0.01421 0.01096 0.00845 0.00643 0.00524 0.02284 ( 1)  0.223 +-  0.849
 181 D   0.78650 0.06249 0.03688 0.02544 0.01876 0.01429 0.01104 0.00853 0.00651 0.00530 0.02425 ( 1)  0.231 +-  0.881
 182 T   0.78290 0.06239 0.03694 0.02557 0.01891 0.01446 0.01120 0.00868 0.00664 0.00543 0.02687 ( 1)  0.247 +-  0.935
 183 A   0.78537 0.06245 0.03690 0.02548 0.01880 0.01434 0.01109 0.00858 0.00654 0.00534 0.02511 ( 1)  0.237 +-  0.901
 184 V   0.78181 0.06230 0.03689 0.02554 0.01889 0.01444 0.01119 0.00868 0.00664 0.00543 0.02819 ( 1)  0.257 +-  0.974
 185 E   0.78842 0.06254 0.03685 0.02538 0.01868 0.01421 0.01096 0.00845 0.00643 0.00524 0.02284 ( 1)  0.223 +-  0.849
 186 K   0.77329 0.06196 0.03691 0.02570 0.01913 0.01471 0.01147 0.00894 0.00688 0.00566 0.03535 ( 1)  0.303 +-  1.120
 187 L   0.77778 0.06216 0.03693 0.02565 0.01903 0.01459 0.01135 0.00882 0.00677 0.00555 0.03136 ( 1)  0.277 +-  1.037
 188 H   0.78070 0.06230 0.03694 0.02561 0.01897 0.01452 0.01127 0.00875 0.00670 0.00549 0.02874 ( 1)  0.259 +-  0.978
 189 R   0.77665 0.06212 0.03693 0.02567 0.01907 0.01463 0.01139 0.00886 0.00680 0.00558 0.03230 ( 1)  0.283 +-  1.056
 190 L   0.77576 0.06207 0.03692 0.02567 0.01907 0.01464 0.01140 0.00888 0.00682 0.00560 0.03317 ( 1)  0.289 +-  1.076
 191 M   0.78944 0.06261 0.03688 0.02539 0.01868 0.01420 0.01095 0.00844 0.00642 0.00523 0.02176 ( 1)  0.215 +-  0.816
 192 G   0.78525 0.06245 0.03690 0.02549 0.01881 0.01435 0.01110 0.00858 0.00655 0.00535 0.02517 ( 1)  0.237 +-  0.901
 193 R   0.78399 0.06243 0.03694 0.02555 0.01889 0.01442 0.01117 0.00865 0.00661 0.00540 0.02594 ( 1)  0.241 +-  0.913
 194 L   0.77778 0.06216 0.03693 0.02565 0.01903 0.01459 0.01135 0.00882 0.00677 0.00555 0.03136 ( 1)  0.277 +-  1.037
 195 L   0.77535 0.06206 0.03693 0.02568 0.01909 0.01466 0.01142 0.00889 0.00683 0.00561 0.03348 ( 1)  0.290 +-  1.081
 196 A   0.78305 0.06237 0.03692 0.02554 0.01888 0.01443 0.01118 0.00866 0.00662 0.00541 0.02695 ( 1)  0.248 +-  0.942
 197 F   0.77983 0.06226 0.03695 0.02563 0.01900 0.01455 0.01130 0.00878 0.00673 0.00551 0.02945 ( 1)  0.264 +-  0.993
 198 R   0.76377 0.06145 0.03677 0.02572 0.01923 0.01485 0.01163 0.00911 0.00704 0.00581 0.04461 ( 1)  0.367 +-  1.305
 199 D   0.78650 0.06249 0.03688 0.02544 0.01876 0.01429 0.01104 0.00853 0.00651 0.00530 0.02425 ( 1)  0.231 +-  0.881
 200 A   0.77820 0.06216 0.03691 0.02562 0.01900 0.01456 0.01132 0.00879 0.00675 0.00553 0.03117 ( 1)  0.276 +-  1.037
 201 E   0.78842 0.06254 0.03685 0.02538 0.01868 0.01421 0.01096 0.00845 0.00643 0.00524 0.02284 ( 1)  0.223 +-  0.849
 202 K   0.78625 0.06250 0.03691 0.02548 0.01880 0.01433 0.01108 0.00856 0.00653 0.00533 0.02420 ( 1)  0.230 +-  0.874
 203 R   0.78399 0.06243 0.03694 0.02555 0.01889 0.01442 0.01117 0.00865 0.00661 0.00540 0.02594 ( 1)  0.241 +-  0.913
 204 K   0.78625 0.06250 0.03691 0.02548 0.01880 0.01433 0.01108 0.00856 0.00653 0.00533 0.02420 ( 1)  0.230 +-  0.874
 205 L   0.77576 0.06207 0.03692 0.02567 0.01907 0.01464 0.01140 0.00888 0.00682 0.00560 0.03317 ( 1)  0.289 +-  1.076
 206 E   0.78842 0.06254 0.03685 0.02538 0.01868 0.01421 0.01096 0.00845 0.00643 0.00524 0.02284 ( 1)  0.223 +-  0.849
 207 Q   0.77934 0.06224 0.03694 0.02563 0.01901 0.01456 0.01131 0.00879 0.00674 0.00552 0.02992 ( 1)  0.267 +-  1.004
 208 M   0.78944 0.06261 0.03688 0.02539 0.01868 0.01420 0.01095 0.00844 0.00642 0.00523 0.02176 ( 1)  0.215 +-  0.816
 209 N   0.78422 0.06243 0.03693 0.02554 0.01887 0.01441 0.01116 0.00864 0.00660 0.00539 0.02580 ( 1)  0.240 +-  0.911
 210 G   0.78246 0.06235 0.03692 0.02556 0.01890 0.01445 0.01120 0.00868 0.00664 0.00543 0.02740 ( 1)  0.251 +-  0.951
 211 N   0.78422 0.06243 0.03693 0.02554 0.01887 0.01441 0.01116 0.00864 0.00660 0.00539 0.02580 ( 1)  0.240 +-  0.911
 212 D   0.78650 0.06249 0.03688 0.02544 0.01876 0.01429 0.01104 0.00853 0.00651 0.00530 0.02425 ( 1)  0.231 +-  0.881
 213 L   0.76897 0.06156 0.03663 0.02549 0.01895 0.01456 0.01135 0.00884 0.00680 0.00559 0.04125 ( 1)  0.349 +-  1.274
 214 A   0.78258 0.06235 0.03692 0.02555 0.01890 0.01444 0.01119 0.00867 0.00663 0.00542 0.02734 ( 1)  0.251 +-  0.951
 215 L   0.77820 0.06218 0.03693 0.02564 0.01902 0.01458 0.01134 0.00881 0.00676 0.00554 0.03099 ( 1)  0.274 +-  1.029
 216 G   0.78294 0.06237 0.03692 0.02555 0.01889 0.01443 0.01118 0.00867 0.00663 0.00542 0.02702 ( 1)  0.249 +-  0.942
 217 S   0.78258 0.06238 0.03695 0.02558 0.01893 0.01447 0.01122 0.00870 0.00666 0.00544 0.02709 ( 1)  0.248 +-  0.939
 218 V   0.78181 0.06230 0.03689 0.02554 0.01889 0.01444 0.01119 0.00868 0.00664 0.00543 0.02819 ( 1)  0.257 +-  0.974
 219 V   0.77732 0.06210 0.03687 0.02560 0.01899 0.01455 0.01131 0.00879 0.00674 0.00553 0.03219 ( 1)  0.284 +-  1.067
 220 T   0.76818 0.06169 0.03685 0.02572 0.01919 0.01479 0.01156 0.00904 0.00697 0.00574 0.04026 ( 1)  0.336 +-  1.221
 221 S   0.14130 0.03284 0.03234 0.03132 0.02980 0.02784 0.02550 0.02279 0.01969 0.01756 0.61902 (11)  4.063 +-  3.530
 222 N   0.78465 0.06245 0.03693 0.02553 0.01886 0.01439 0.01114 0.00862 0.00659 0.00538 0.02546 ( 1)  0.238 +-  0.903
 223 I   0.78424 0.06243 0.03693 0.02553 0.01886 0.01440 0.01115 0.00863 0.00660 0.00539 0.02584 ( 1)  0.241 +-  0.913
 224 N   0.78465 0.06245 0.03693 0.02553 0.01886 0.01439 0.01114 0.00862 0.00659 0.00538 0.02546 ( 1)  0.238 +-  0.903
 225 V   0.78226 0.06232 0.03689 0.02553 0.01888 0.01442 0.01118 0.00866 0.00662 0.00542 0.02783 ( 1)  0.255 +-  0.967
 226 I   0.78424 0.06243 0.03693 0.02553 0.01886 0.01440 0.01115 0.00863 0.00660 0.00539 0.02584 ( 1)  0.241 +-  0.913
 227 K   0.77329 0.06196 0.03691 0.02570 0.01913 0.01471 0.01147 0.00894 0.00688 0.00566 0.03535 ( 1)  0.303 +-  1.120
 228 G   0.78246 0.06235 0.03692 0.02556 0.01890 0.01445 0.01120 0.00868 0.00664 0.00543 0.02740 ( 1)  0.251 +-  0.951
 229 G   0.76918 0.06174 0.03686 0.02572 0.01918 0.01477 0.01154 0.00902 0.00695 0.00573 0.03932 ( 1)  0.330 +-  1.203
 230 I   0.78233 0.06229 0.03686 0.02549 0.01884 0.01439 0.01115 0.00864 0.00660 0.00540 0.02801 ( 1)  0.256 +-  0.975
 231 E   0.78842 0.06254 0.03685 0.02538 0.01868 0.01421 0.01096 0.00845 0.00643 0.00524 0.02284 ( 1)  0.223 +-  0.849
 232 P   0.77311 0.06194 0.03690 0.02569 0.01912 0.01470 0.01146 0.00893 0.00687 0.00565 0.03563 ( 1)  0.305 +-  1.128
 233 N   0.78465 0.06245 0.03693 0.02553 0.01886 0.01439 0.01114 0.00862 0.00659 0.00538 0.02546 ( 1)  0.238 +-  0.903
 234 I   0.78380 0.06241 0.03693 0.02554 0.01888 0.01442 0.01117 0.00865 0.00661 0.00540 0.02620 ( 1)  0.243 +-  0.921
 235 V   0.78451 0.06239 0.03687 0.02547 0.01880 0.01434 0.01109 0.00858 0.00655 0.00535 0.02605 ( 1)  0.243 +-  0.927
 236 P   0.77677 0.06212 0.03693 0.02567 0.01906 0.01463 0.01138 0.00886 0.00680 0.00558 0.03219 ( 1)  0.282 +-  1.054
 237 G   0.78246 0.06235 0.03692 0.02556 0.01890 0.01445 0.01120 0.00868 0.00664 0.00543 0.02740 ( 1)  0.251 +-  0.951
 238 E   0.77659 0.06212 0.03694 0.02567 0.01907 0.01463 0.01139 0.00886 0.00681 0.00559 0.03233 ( 1)  0.283 +-  1.056
 239 I   0.77717 0.06215 0.03694 0.02567 0.01906 0.01462 0.01138 0.00885 0.00680 0.00558 0.03178 ( 1)  0.279 +-  1.044
 240 E   0.77659 0.06212 0.03694 0.02567 0.01907 0.01463 0.01139 0.00886 0.00681 0.00559 0.03233 ( 1)  0.283 +-  1.056
 241 V   0.78181 0.06230 0.03689 0.02554 0.01889 0.01444 0.01119 0.00868 0.00664 0.00543 0.02819 ( 1)  0.257 +-  0.974
 242 Q   0.77934 0.06224 0.03694 0.02563 0.01901 0.01456 0.01131 0.00879 0.00674 0.00552 0.02992 ( 1)  0.267 +-  1.004
 243 V   0.78181 0.06230 0.03689 0.02554 0.01889 0.01444 0.01119 0.00868 0.00664 0.00543 0.02819 ( 1)  0.257 +-  0.974
 244 D   0.78610 0.06248 0.03689 0.02546 0.01878 0.01431 0.01106 0.00855 0.00652 0.00532 0.02454 ( 1)  0.233 +-  0.888
 245 F   0.77795 0.06211 0.03686 0.02557 0.01896 0.01452 0.01128 0.00876 0.00672 0.00551 0.03176 ( 1)  0.281 +-  1.059
 246 R   0.14033 0.03263 0.03213 0.03112 0.02960 0.02765 0.02533 0.02264 0.01956 0.01745 0.62158 (11)  4.084 +-  3.533
 247 L   0.13871 0.03228 0.03179 0.03080 0.02930 0.02739 0.02510 0.02244 0.01939 0.01732 0.62549 (11)  4.112 +-  3.534
 248 P   0.77795 0.06217 0.03693 0.02564 0.01903 0.01459 0.01134 0.00882 0.00676 0.00555 0.03123 ( 1)  0.276 +-  1.036
 249 P   0.76628 0.06159 0.03682 0.02572 0.01921 0.01482 0.01159 0.00907 0.00700 0.00577 0.04212 ( 1)  0.349 +-  1.257
 250 T   0.78019 0.06222 0.03687 0.02554 0.01891 0.01446 0.01122 0.00870 0.00666 0.00545 0.02975 ( 1)  0.269 +-  1.020
 251 L   0.76801 0.06161 0.03675 0.02562 0.01909 0.01470 0.01148 0.00896 0.00691 0.00569 0.04118 ( 1)  0.345 +-  1.254
 252 D   0.78610 0.06248 0.03689 0.02546 0.01878 0.01431 0.01106 0.00855 0.00652 0.00532 0.02454 ( 1)  0.233 +-  0.888
 253 F   0.78022 0.06228 0.03695 0.02562 0.01899 0.01454 0.01129 0.00877 0.00672 0.00550 0.02911 ( 1)  0.262 +-  0.985
 254 A   0.77650 0.06209 0.03690 0.02564 0.01904 0.01460 0.01136 0.00884 0.00679 0.00557 0.03269 ( 1)  0.286 +-  1.071
 255 A   0.76976 0.06177 0.03686 0.02571 0.01917 0.01476 0.01153 0.00901 0.00694 0.00571 0.03876 ( 1)  0.326 +-  1.192
 256 F   0.78022 0.06228 0.03695 0.02562 0.01899 0.01454 0.01129 0.00877 0.00672 0.00550 0.02911 ( 1)  0.262 +-  0.985
 257 E   0.78842 0.06254 0.03685 0.02538 0.01868 0.01421 0.01096 0.00845 0.00643 0.00524 0.02284 ( 1)  0.223 +-  0.849
 258 R   0.77013 0.06178 0.03685 0.02569 0.01914 0.01474 0.01151 0.00898 0.00692 0.00569 0.03857 ( 1)  0.326 +-  1.193
 259 Q   0.77934 0.06224 0.03694 0.02563 0.01901 0.01456 0.01131 0.00879 0.00674 0.00552 0.02992 ( 1)  0.267 +-  1.004
 260 I   0.78424 0.06243 0.03693 0.02553 0.01886 0.01440 0.01115 0.00863 0.00660 0.00539 0.02584 ( 1)  0.241 +-  0.913
 261 Y   0.77750 0.06215 0.03693 0.02566 0.01905 0.01461 0.01136 0.00884 0.00678 0.00556 0.03157 ( 1)  0.278 +-  1.041
 262 K   0.78625 0.06250 0.03691 0.02548 0.01880 0.01433 0.01108 0.00856 0.00653 0.00533 0.02420 ( 1)  0.230 +-  0.874
 263 W   0.77541 0.06206 0.03693 0.02569 0.01909 0.01466 0.01142 0.00889 0.00684 0.00561 0.03339 ( 1)  0.290 +-  1.079
 264 A   0.78258 0.06235 0.03692 0.02555 0.01890 0.01444 0.01119 0.00867 0.00663 0.00542 0.02734 ( 1)  0.251 +-  0.951
 265 D   0.78610 0.06248 0.03689 0.02546 0.01878 0.01431 0.01106 0.00855 0.00652 0.00532 0.02454 ( 1)  0.233 +-  0.888
 266 E   0.77842 0.06202 0.03672 0.02541 0.01880 0.01437 0.01114 0.00864 0.00662 0.00541 0.03244 ( 1)  0.288 +-  1.090
 267 S   0.77651 0.06211 0.03693 0.02567 0.01907 0.01463 0.01139 0.00886 0.00681 0.00559 0.03242 ( 1)  0.283 +-  1.059
 268 G   0.76918 0.06174 0.03686 0.02572 0.01918 0.01477 0.01154 0.00902 0.00695 0.00573 0.03932 ( 1)  0.330 +-  1.203
 269 K   0.00202 0.00156 0.00263 0.00364 0.00454 0.00528 0.00583 0.00614 0.00619 0.00668 0.95550 (11)  5.946 +-  2.719
 270 G   0.78246 0.06235 0.03692 0.02556 0.01890 0.01445 0.01120 0.00868 0.00664 0.00543 0.02740 ( 1)  0.251 +-  0.951
 271 I   0.12483 0.02923 0.02884 0.02797 0.02665 0.02495 0.02290 0.02051 0.01778 0.01600 0.66034 (11)  4.364 +-  3.535
 272 E   0.18366 0.04181 0.04072 0.03903 0.03674 0.03398 0.03081 0.02723 0.02324 0.02029 0.52249 (11)  3.412 +-  3.470
 273 V   0.78206 0.06226 0.03682 0.02546 0.01881 0.01436 0.01112 0.00861 0.00658 0.00537 0.02856 ( 1)  0.262 +-  1.004
 274 K   0.12299 0.02883 0.02845 0.02761 0.02632 0.02464 0.02262 0.02027 0.01758 0.01584 0.66483 (11)  4.396 +-  3.534
 275 F   0.77983 0.06226 0.03695 0.02563 0.01900 0.01455 0.01130 0.00878 0.00673 0.00551 0.02945 ( 1)  0.264 +-  0.993
 276 L   0.76897 0.06156 0.03663 0.02549 0.01895 0.01456 0.01135 0.00884 0.00680 0.00559 0.04125 ( 1)  0.349 +-  1.274
 277 A   0.00265 0.00199 0.00332 0.00456 0.00563 0.00649 0.00709 0.00739 0.00736 0.00780 0.94573 (11)  5.898 +-  2.759
 278 K   0.77686 0.06201 0.03679 0.02551 0.01891 0.01448 0.01125 0.00874 0.00670 0.00549 0.03324 ( 1)  0.292 +-  1.099
 279 D   0.78650 0.06249 0.03688 0.02544 0.01876 0.01429 0.01104 0.00853 0.00651 0.00530 0.02425 ( 1)  0.231 +-  0.881
 280 M   0.78944 0.06261 0.03688 0.02539 0.01868 0.01420 0.01095 0.00844 0.00642 0.00523 0.02176 ( 1)  0.215 +-  0.816
 281 G   0.78294 0.06237 0.03692 0.02555 0.01889 0.01443 0.01118 0.00867 0.00663 0.00542 0.02702 ( 1)  0.249 +-  0.942
 282 T   0.78017 0.06227 0.03694 0.02562 0.01899 0.01454 0.01129 0.00877 0.00672 0.00550 0.02920 ( 1)  0.262 +-  0.988
 283 G   0.78525 0.06245 0.03690 0.02549 0.01881 0.01435 0.01110 0.00858 0.00655 0.00535 0.02517 ( 1)  0.237 +-  0.901
 284 G   0.78246 0.06235 0.03692 0.02556 0.01890 0.01445 0.01120 0.00868 0.00664 0.00543 0.02740 ( 1)  0.251 +-  0.951
 285 N   0.78422 0.06243 0.03693 0.02554 0.01887 0.01441 0.01116 0.00864 0.00660 0.00539 0.02580 ( 1)  0.240 +-  0.911
 286 G   0.78246 0.06235 0.03692 0.02556 0.01890 0.01445 0.01120 0.00868 0.00664 0.00543 0.02740 ( 1)  0.251 +-  0.951
 287 C   0.77690 0.06213 0.03694 0.02567 0.01907 0.01463 0.01138 0.00886 0.00680 0.00558 0.03202 ( 1)  0.281 +-  1.049
 288 V   0.78451 0.06239 0.03687 0.02547 0.01880 0.01434 0.01109 0.00858 0.00655 0.00535 0.02605 ( 1)  0.243 +-  0.927
 289 D   0.78650 0.06249 0.03688 0.02544 0.01876 0.01429 0.01104 0.00853 0.00651 0.00530 0.02425 ( 1)  0.231 +-  0.881
 290 I   0.78380 0.06241 0.03693 0.02554 0.01888 0.01442 0.01117 0.00865 0.00661 0.00540 0.02620 ( 1)  0.243 +-  0.921
 291 P   0.76628 0.06159 0.03682 0.02572 0.01921 0.01482 0.01159 0.00907 0.00700 0.00577 0.04212 ( 1)  0.349 +-  1.257
 292 I   0.78380 0.06241 0.03693 0.02554 0.01888 0.01442 0.01117 0.00865 0.00661 0.00540 0.02620 ( 1)  0.243 +-  0.921
 293 D   0.78650 0.06249 0.03688 0.02544 0.01876 0.01429 0.01104 0.00853 0.00651 0.00530 0.02425 ( 1)  0.231 +-  0.881
 294 S   0.77579 0.06208 0.03693 0.02568 0.01909 0.01465 0.01141 0.00888 0.00683 0.00560 0.03305 ( 1)  0.287 +-  1.072
 295 H   0.78032 0.06228 0.03694 0.02562 0.01898 0.01453 0.01128 0.00876 0.00671 0.00550 0.02907 ( 1)  0.261 +-  0.986
 296 P   0.77718 0.06214 0.03694 0.02566 0.01905 0.01462 0.01137 0.00885 0.00679 0.00557 0.03183 ( 1)  0.279 +-  1.046
 297 N   0.78465 0.06245 0.03693 0.02553 0.01886 0.01439 0.01114 0.00862 0.00659 0.00538 0.02546 ( 1)  0.238 +-  0.903
 298 D   0.78650 0.06249 0.03688 0.02544 0.01876 0.01429 0.01104 0.00853 0.00651 0.00530 0.02425 ( 1)  0.231 +-  0.881
 299 V   0.78451 0.06239 0.03687 0.02547 0.01880 0.01434 0.01109 0.00858 0.00655 0.00535 0.02605 ( 1)  0.243 +-  0.927
 300 W   0.77541 0.06206 0.03693 0.02569 0.01909 0.01466 0.01142 0.00889 0.00684 0.00561 0.03339 ( 1)  0.290 +-  1.079
 301 W   0.77541 0.06206 0.03693 0.02569 0.01909 0.01466 0.01142 0.00889 0.00684 0.00561 0.03339 ( 1)  0.290 +-  1.079
 302 S   0.78258 0.06238 0.03695 0.02558 0.01893 0.01447 0.01122 0.00870 0.00666 0.00544 0.02709 ( 1)  0.248 +-  0.939
 303 N   0.78465 0.06245 0.03693 0.02553 0.01886 0.01439 0.01114 0.00862 0.00659 0.00538 0.02546 ( 1)  0.238 +-  0.903
 304 L   0.77535 0.06206 0.03693 0.02568 0.01909 0.01466 0.01142 0.00889 0.00683 0.00561 0.03348 ( 1)  0.290 +-  1.081
 305 E   0.78842 0.06254 0.03685 0.02538 0.01868 0.01421 0.01096 0.00845 0.00643 0.00524 0.02284 ( 1)  0.223 +-  0.849
 306 A   0.78258 0.06235 0.03692 0.02555 0.01890 0.01444 0.01119 0.00867 0.00663 0.00542 0.02734 ( 1)  0.251 +-  0.951
 307 V   0.78451 0.06239 0.03687 0.02547 0.01880 0.01434 0.01109 0.00858 0.00655 0.00535 0.02605 ( 1)  0.243 +-  0.927
 308 L   0.77778 0.06216 0.03693 0.02565 0.01903 0.01459 0.01135 0.00882 0.00677 0.00555 0.03136 ( 1)  0.277 +-  1.037
 309 S   0.77619 0.06210 0.03693 0.02568 0.01908 0.01465 0.01140 0.00888 0.00682 0.00560 0.03268 ( 1)  0.285 +-  1.064
 310 A   0.78305 0.06237 0.03692 0.02554 0.01888 0.01443 0.01118 0.00866 0.00662 0.00541 0.02695 ( 1)  0.248 +-  0.942
 311 R   0.76377 0.06145 0.03677 0.02572 0.01923 0.01485 0.01163 0.00911 0.00704 0.00581 0.04461 ( 1)  0.367 +-  1.305
 312 S   0.77619 0.06210 0.03693 0.02568 0.01908 0.01465 0.01140 0.00888 0.00682 0.00560 0.03268 ( 1)  0.285 +-  1.064
 313 I   0.78424 0.06243 0.03693 0.02553 0.01886 0.01440 0.01115 0.00863 0.00660 0.00539 0.02584 ( 1)  0.241 +-  0.913
 314 R   0.77706 0.06214 0.03694 0.02566 0.01906 0.01462 0.01137 0.00885 0.00679 0.00557 0.03193 ( 1)  0.280 +-  1.048
 315 L   0.77820 0.06218 0.03693 0.02564 0.01902 0.01458 0.01134 0.00881 0.00676 0.00554 0.03099 ( 1)  0.274 +-  1.029
 316 Q   0.76947 0.06176 0.03687 0.02572 0.01918 0.01478 0.01154 0.00902 0.00695 0.00572 0.03898 ( 1)  0.327 +-  1.195
 317 T   0.78062 0.06229 0.03694 0.02561 0.01898 0.01452 0.01127 0.00875 0.00670 0.00549 0.02880 ( 1)  0.260 +-  0.979
 318 G   0.78294 0.06237 0.03692 0.02555 0.01889 0.01443 0.01118 0.00867 0.00663 0.00542 0.02702 ( 1)  0.249 +-  0.942
 319 I   0.78424 0.06243 0.03693 0.02553 0.01886 0.01440 0.01115 0.00863 0.00660 0.00539 0.02584 ( 1)  0.241 +-  0.913
 320 S   0.78216 0.06236 0.03695 0.02559 0.01894 0.01449 0.01123 0.00871 0.00667 0.00545 0.02745 ( 1)  0.251 +-  0.947
 321 G   0.76918 0.06174 0.03686 0.02572 0.01918 0.01477 0.01154 0.00902 0.00695 0.00573 0.03932 ( 1)  0.330 +-  1.203
 322 G   0.78294 0.06237 0.03692 0.02555 0.01889 0.01443 0.01118 0.00867 0.00663 0.00542 0.02702 ( 1)  0.249 +-  0.942
 323 A   0.78305 0.06237 0.03692 0.02554 0.01888 0.01443 0.01118 0.00866 0.00662 0.00541 0.02695 ( 1)  0.248 +-  0.942
 324 N   0.78422 0.06243 0.03693 0.02554 0.01887 0.01441 0.01116 0.00864 0.00660 0.00539 0.02580 ( 1)  0.240 +-  0.911
 325 D   0.78650 0.06249 0.03688 0.02544 0.01876 0.01429 0.01104 0.00853 0.00651 0.00530 0.02425 ( 1)  0.231 +-  0.881
 326 D   0.78650 0.06249 0.03688 0.02544 0.01876 0.01429 0.01104 0.00853 0.00651 0.00530 0.02425 ( 1)  0.231 +-  0.881
 327 R   0.77665 0.06212 0.03693 0.02567 0.01907 0.01463 0.01139 0.00886 0.00680 0.00558 0.03230 ( 1)  0.283 +-  1.056
 328 Y   0.77779 0.06217 0.03694 0.02566 0.01904 0.01460 0.01136 0.00883 0.00678 0.00556 0.03127 ( 1)  0.276 +-  1.034
 329 L   0.77576 0.06207 0.03692 0.02567 0.01907 0.01464 0.01140 0.00888 0.00682 0.00560 0.03317 ( 1)  0.289 +-  1.076
 330 R   0.77665 0.06212 0.03693 0.02567 0.01907 0.01463 0.01139 0.00886 0.00680 0.00558 0.03230 ( 1)  0.283 +-  1.056
 331 Q   0.77934 0.06224 0.03694 0.02563 0.01901 0.01456 0.01131 0.00879 0.00674 0.00552 0.02992 ( 1)  0.267 +-  1.004
 332 Y   0.77737 0.06215 0.03694 0.02566 0.01905 0.01461 0.01137 0.00884 0.00679 0.00557 0.03165 ( 1)  0.278 +-  1.042
 333 H   0.78032 0.06228 0.03694 0.02562 0.01898 0.01453 0.01128 0.00876 0.00671 0.00550 0.02907 ( 1)  0.261 +-  0.986
 334 R   0.77665 0.06212 0.03693 0.02567 0.01907 0.01463 0.01139 0.00886 0.00680 0.00558 0.03230 ( 1)  0.283 +-  1.056
 335 L   0.77820 0.06218 0.03693 0.02564 0.01902 0.01458 0.01134 0.00881 0.00676 0.00554 0.03099 ( 1)  0.274 +-  1.029
 336 Y   0.77779 0.06217 0.03694 0.02566 0.01904 0.01460 0.01136 0.00883 0.00678 0.00556 0.03127 ( 1)  0.276 +-  1.034
 337 A   0.78537 0.06245 0.03690 0.02548 0.01880 0.01434 0.01109 0.00858 0.00654 0.00534 0.02511 ( 1)  0.237 +-  0.901
 338 P   0.77718 0.06214 0.03694 0.02566 0.01905 0.01462 0.01137 0.00885 0.00679 0.00557 0.03183 ( 1)  0.279 +-  1.046
 339 N   0.78465 0.06245 0.03693 0.02553 0.01886 0.01439 0.01114 0.00862 0.00659 0.00538 0.02546 ( 1)  0.238 +-  0.903
 340 S   0.77651 0.06211 0.03693 0.02567 0.01907 0.01463 0.01139 0.00886 0.00681 0.00559 0.03242 ( 1)  0.283 +-  1.059
 341 K   0.78625 0.06250 0.03691 0.02548 0.01880 0.01433 0.01108 0.00856 0.00653 0.00533 0.02420 ( 1)  0.230 +-  0.874
 342 P   0.77920 0.06223 0.03694 0.02563 0.01901 0.01456 0.01132 0.00879 0.00674 0.00552 0.03006 ( 1)  0.268 +-  1.008
 343 I   0.78424 0.06243 0.03693 0.02553 0.01886 0.01440 0.01115 0.00863 0.00660 0.00539 0.02584 ( 1)  0.241 +-  0.913
 344 K   0.77329 0.06196 0.03691 0.02570 0.01913 0.01471 0.01147 0.00894 0.00688 0.00566 0.03535 ( 1)  0.303 +-  1.120
 345 A   0.78305 0.06237 0.03692 0.02554 0.01888 0.01443 0.01118 0.00866 0.00662 0.00541 0.02695 ( 1)  0.248 +-  0.942
 346 I   0.78424 0.06243 0.03693 0.02553 0.01886 0.01440 0.01115 0.00863 0.00660 0.00539 0.02584 ( 1)  0.241 +-  0.913
 347 S   0.78216 0.06236 0.03695 0.02559 0.01894 0.01449 0.01123 0.00871 0.00667 0.00545 0.02745 ( 1)  0.251 +-  0.947
 348 F   0.77983 0.06226 0.03695 0.02563 0.01900 0.01455 0.01130 0.00878 0.00673 0.00551 0.02945 ( 1)  0.264 +-  0.993
 349 S   0.77579 0.06208 0.03693 0.02568 0.01909 0.01465 0.01141 0.00888 0.00683 0.00560 0.03305 ( 1)  0.287 +-  1.072
 350 P   0.76628 0.06159 0.03682 0.02572 0.01921 0.01482 0.01159 0.00907 0.00700 0.00577 0.04212 ( 1)  0.349 +-  1.257
 351 L   0.77576 0.06207 0.03692 0.02567 0.01907 0.01464 0.01140 0.00888 0.00682 0.00560 0.03317 ( 1)  0.289 +-  1.076
 352 R   0.78399 0.06243 0.03694 0.02555 0.01889 0.01442 0.01117 0.00865 0.00661 0.00540 0.02594 ( 1)  0.241 +-  0.913
 353 D   0.78650 0.06249 0.03688 0.02544 0.01876 0.01429 0.01104 0.00853 0.00651 0.00530 0.02425 ( 1)  0.231 +-  0.881
 354 T   0.78017 0.06227 0.03694 0.02562 0.01899 0.01454 0.01129 0.00877 0.00672 0.00550 0.02920 ( 1)  0.262 +-  0.988
 355 P   0.77718 0.06214 0.03694 0.02566 0.01905 0.01462 0.01137 0.00885 0.00679 0.00557 0.03183 ( 1)  0.279 +-  1.046
 356 I   0.78380 0.06241 0.03693 0.02554 0.01888 0.01442 0.01117 0.00865 0.00661 0.00540 0.02620 ( 1)  0.243 +-  0.921
 357 L   0.77576 0.06207 0.03692 0.02567 0.01907 0.01464 0.01140 0.00888 0.00682 0.00560 0.03317 ( 1)  0.289 +-  1.076
 358 H   0.78070 0.06230 0.03694 0.02561 0.01897 0.01452 0.01127 0.00875 0.00670 0.00549 0.02874 ( 1)  0.259 +-  0.978
 359 H   0.78070 0.06230 0.03694 0.02561 0.01897 0.01452 0.01127 0.00875 0.00670 0.00549 0.02874 ( 1)  0.259 +-  0.978
 360 A   0.76976 0.06177 0.03686 0.02571 0.01917 0.01476 0.01153 0.00901 0.00694 0.00571 0.03876 ( 1)  0.326 +-  1.192
 361 S   0.77579 0.06208 0.03693 0.02568 0.01909 0.01465 0.01141 0.00888 0.00683 0.00560 0.03305 ( 1)  0.287 +-  1.072
 362 D   0.78650 0.06249 0.03688 0.02544 0.01876 0.01429 0.01104 0.00853 0.00651 0.00530 0.02425 ( 1)  0.231 +-  0.881
 363 E   0.77659 0.06212 0.03694 0.02567 0.01907 0.01463 0.01139 0.00886 0.00681 0.00559 0.03233 ( 1)  0.283 +-  1.056
 364 F   0.78022 0.06228 0.03695 0.02562 0.01899 0.01454 0.01129 0.00877 0.00672 0.00550 0.02911 ( 1)  0.262 +-  0.985
 365 V   0.78226 0.06232 0.03689 0.02553 0.01888 0.01442 0.01118 0.00866 0.00662 0.00542 0.02783 ( 1)  0.255 +-  0.967
 366 N   0.78465 0.06245 0.03693 0.02553 0.01886 0.01439 0.01114 0.00862 0.00659 0.00538 0.02546 ( 1)  0.238 +-  0.903
 367 R   0.78399 0.06243 0.03694 0.02555 0.01889 0.01442 0.01117 0.00865 0.00661 0.00540 0.02594 ( 1)  0.241 +-  0.913
 368 R   0.78399 0.06243 0.03694 0.02555 0.01889 0.01442 0.01117 0.00865 0.00661 0.00540 0.02594 ( 1)  0.241 +-  0.913
 369 A   0.78305 0.06237 0.03692 0.02554 0.01888 0.01443 0.01118 0.00866 0.00662 0.00541 0.02695 ( 1)  0.248 +-  0.942
 370 F   0.78022 0.06228 0.03695 0.02562 0.01899 0.01454 0.01129 0.00877 0.00672 0.00550 0.02911 ( 1)  0.262 +-  0.985
 371 L   0.77778 0.06216 0.03693 0.02565 0.01903 0.01459 0.01135 0.00882 0.00677 0.00555 0.03136 ( 1)  0.277 +-  1.037
 372 E   0.78842 0.06254 0.03685 0.02538 0.01868 0.01421 0.01096 0.00845 0.00643 0.00524 0.02284 ( 1)  0.223 +-  0.849
 373 G   0.76918 0.06174 0.03686 0.02572 0.01918 0.01477 0.01154 0.00902 0.00695 0.00573 0.03932 ( 1)  0.330 +-  1.203
 374 V   0.78451 0.06239 0.03687 0.02547 0.01880 0.01434 0.01109 0.00858 0.00655 0.00535 0.02605 ( 1)  0.243 +-  0.927
 375 E   0.78842 0.06254 0.03685 0.02538 0.01868 0.01421 0.01096 0.00845 0.00643 0.00524 0.02284 ( 1)  0.223 +-  0.849
 376 I   0.78380 0.06241 0.03693 0.02554 0.01888 0.01442 0.01117 0.00865 0.00661 0.00540 0.02620 ( 1)  0.243 +-  0.921
 377 L   0.77576 0.06207 0.03692 0.02567 0.01907 0.01464 0.01140 0.00888 0.00682 0.00560 0.03317 ( 1)  0.289 +-  1.076
 378 T   0.78290 0.06239 0.03694 0.02557 0.01891 0.01446 0.01120 0.00868 0.00664 0.00543 0.02687 ( 1)  0.247 +-  0.935
 379 E   0.78842 0.06254 0.03685 0.02538 0.01868 0.01421 0.01096 0.00845 0.00643 0.00524 0.02284 ( 1)  0.223 +-  0.849
 380 V   0.78451 0.06239 0.03687 0.02547 0.01880 0.01434 0.01109 0.00858 0.00655 0.00535 0.02605 ( 1)  0.243 +-  0.927
 381 V   0.78181 0.06230 0.03689 0.02554 0.01889 0.01444 0.01119 0.00868 0.00664 0.00543 0.02819 ( 1)  0.257 +-  0.974
 382 R   0.76377 0.06145 0.03677 0.02572 0.01923 0.01485 0.01163 0.00911 0.00704 0.00581 0.04461 ( 1)  0.367 +-  1.305
 383 A   0.78305 0.06237 0.03692 0.02554 0.01888 0.01443 0.01118 0.00866 0.00662 0.00541 0.02695 ( 1)  0.248 +-  0.942
 384 I   0.78424 0.06243 0.03693 0.02553 0.01886 0.01440 0.01115 0.00863 0.00660 0.00539 0.02584 ( 1)  0.241 +-  0.913
 385 A   0.78305 0.06237 0.03692 0.02554 0.01888 0.01443 0.01118 0.00866 0.00662 0.00541 0.02695 ( 1)  0.248 +-  0.942
 386 S   0.77579 0.06208 0.03693 0.02568 0.01909 0.01465 0.01141 0.00888 0.00683 0.00560 0.03305 ( 1)  0.287 +-  1.072
 387 V   0.78451 0.06239 0.03687 0.02547 0.01880 0.01434 0.01109 0.00858 0.00655 0.00535 0.02605 ( 1)  0.243 +-  0.927
 388 E   0.78842 0.06254 0.03685 0.02538 0.01868 0.01421 0.01096 0.00845 0.00643 0.00524 0.02284 ( 1)  0.223 +-  0.849
 389 C   0.77690 0.06213 0.03694 0.02567 0.01907 0.01463 0.01138 0.00886 0.00680 0.00558 0.03202 ( 1)  0.281 +-  1.049
 390 Q   0.77934 0.06224 0.03694 0.02563 0.01901 0.01456 0.01131 0.00879 0.00674 0.00552 0.02992 ( 1)  0.267 +-  1.004
 391 E   0.78842 0.06254 0.03685 0.02538 0.01868 0.01421 0.01096 0.00845 0.00643 0.00524 0.02284 ( 1)  0.223 +-  0.849
 392 D   0.78610 0.06248 0.03689 0.02546 0.01878 0.01431 0.01106 0.00855 0.00652 0.00532 0.02454 ( 1)  0.233 +-  0.888
 393 D   0.78610 0.06248 0.03689 0.02546 0.01878 0.01431 0.01106 0.00855 0.00652 0.00532 0.02454 ( 1)  0.233 +-  0.888
 394 A   0.78258 0.06235 0.03692 0.02555 0.01890 0.01444 0.01119 0.00867 0.00663 0.00542 0.02734 ( 1)  0.251 +-  0.951

Positively selected sites

	Prob(w>1)  mean w

   221 S      0.619         4.063 +- 3.530
   246 R      0.622         4.084 +- 3.533
   247 L      0.625         4.112 +- 3.534
   269 K      0.955*        5.946 +- 2.719
   271 I      0.660         4.364 +- 3.535
   272 E      0.522         3.412 +- 3.470
   274 K      0.665         4.396 +- 3.534
   277 A      0.946         5.898 +- 2.759

