Supplemental results for CODEML (seqf: algn  treef: tree)


dN/dS (w) for site classes (K=8)

p:   0.12500  0.12500  0.12500  0.12500  0.12500  0.12500  0.12500  0.12500
w:   0.00000  0.00000  0.00000  0.00000  0.00000  1.00000  1.00000  1.00000

Naive Empirical Bayes (NEB) probabilities for 8 classes & postmean_w
(amino acids refer to 1st sequence: Ecan.10995)

   1 M   0.13924 0.13924 0.13924 0.13924 0.13924 0.10127 0.10127 0.10127 ( 2)  0.304
   2 Q   0.13011 0.13011 0.13011 0.13011 0.13011 0.11649 0.11649 0.11649 ( 2)  0.349
   3 S   0.13206 0.13206 0.13206 0.13206 0.13206 0.11323 0.11323 0.11323 ( 1)  0.340
   4 S   0.13297 0.13297 0.13297 0.13297 0.13297 0.11172 0.11172 0.11172 ( 1)  0.335
   5 L   0.13060 0.13060 0.13060 0.13060 0.13060 0.11566 0.11566 0.11566 ( 1)  0.347
   6 F   0.13150 0.13150 0.13150 0.13150 0.13150 0.11416 0.11416 0.11416 ( 2)  0.342
   7 T   0.13426 0.13426 0.13426 0.13426 0.13426 0.10956 0.10956 0.10956 ( 2)  0.329
   8 C   0.13019 0.13019 0.13019 0.13019 0.13019 0.11635 0.11635 0.11635 ( 1)  0.349
   9 L   0.13088 0.13088 0.13088 0.13088 0.13088 0.11520 0.11520 0.11520 ( 1)  0.346
  10 R   0.12946 0.12946 0.12946 0.12946 0.12946 0.11756 0.11756 0.11756 ( 1)  0.353
  11 D   0.13503 0.13503 0.13503 0.13503 0.13503 0.10828 0.10828 0.10828 ( 1)  0.325
  12 S   0.12896 0.12896 0.12896 0.12896 0.12896 0.11839 0.11839 0.11839 ( 2)  0.355
  13 L   0.13140 0.13140 0.13140 0.13140 0.13140 0.11433 0.11433 0.11433 ( 1)  0.343
  14 L   0.13060 0.13060 0.13060 0.13060 0.13060 0.11566 0.11566 0.11566 ( 1)  0.347
  15 H   0.13293 0.13293 0.13293 0.13293 0.13293 0.11178 0.11178 0.11178 ( 2)  0.335
  16 R   0.00000 0.00000 0.00000 0.00000 0.00000 0.33333 0.33333 0.33333 ( 7)  1.000
  17 N   0.13389 0.13389 0.13389 0.13389 0.13389 0.11019 0.11019 0.11019 ( 2)  0.331
  18 V   0.13315 0.13315 0.13315 0.13315 0.13315 0.11142 0.11142 0.11142 ( 1)  0.334
  19 H   0.13293 0.13293 0.13293 0.13293 0.13293 0.11178 0.11178 0.11178 ( 2)  0.335
  20 D   0.13403 0.13403 0.13403 0.13403 0.13403 0.10994 0.10994 0.10994 ( 1)  0.330
  21 C   0.12957 0.12957 0.12957 0.12957 0.12957 0.11739 0.11739 0.11739 ( 1)  0.352
  22 F   0.13150 0.13150 0.13150 0.13150 0.13150 0.11416 0.11416 0.11416 ( 2)  0.342
  23 R   0.13069 0.13069 0.13069 0.13069 0.13069 0.11552 0.11552 0.11552 ( 2)  0.347
  24 T   0.13129 0.13129 0.13129 0.13129 0.13129 0.11452 0.11452 0.11452 ( 1)  0.344
  25 L   0.13060 0.13060 0.13060 0.13060 0.13060 0.11566 0.11566 0.11566 ( 1)  0.347
  26 Q   0.13011 0.13011 0.13011 0.13011 0.13011 0.11649 0.11649 0.11649 ( 2)  0.349
  27 H   0.13214 0.13214 0.13214 0.13214 0.13214 0.11309 0.11309 0.11309 ( 2)  0.339
  28 P   0.13043 0.13043 0.13043 0.13043 0.13043 0.11595 0.11595 0.11595 ( 2)  0.348
  29 K   0.13309 0.13309 0.13309 0.13309 0.13309 0.11151 0.11151 0.11151 ( 1)  0.335
  30 L   0.13088 0.13088 0.13088 0.13088 0.13088 0.11520 0.11520 0.11520 ( 1)  0.346
  31 H   0.13214 0.13214 0.13214 0.13214 0.13214 0.11309 0.11309 0.11309 ( 2)  0.339
  32 L   0.13082 0.13082 0.13082 0.13082 0.13082 0.11530 0.11530 0.11530 ( 2)  0.346
  33 R   0.13150 0.13150 0.13150 0.13150 0.13150 0.11417 0.11417 0.11417 ( 2)  0.343
  34 D   0.13403 0.13403 0.13403 0.13403 0.13403 0.10994 0.10994 0.10994 ( 1)  0.330
  35 L   0.12887 0.12887 0.12887 0.12887 0.12887 0.11854 0.11854 0.11854 ( 1)  0.356
  36 L   0.13140 0.13140 0.13140 0.13140 0.13140 0.11433 0.11433 0.11433 ( 1)  0.343
  37 Q   0.13201 0.13201 0.13201 0.13201 0.13201 0.11331 0.11331 0.11331 ( 2)  0.340
  38 P   0.13067 0.13067 0.13067 0.13067 0.13067 0.11555 0.11555 0.11555 ( 2)  0.347
  39 T   0.13249 0.13249 0.13249 0.13249 0.13249 0.11251 0.11251 0.11251 ( 1)  0.338
  40 H   0.13214 0.13214 0.13214 0.13214 0.13214 0.11309 0.11309 0.11309 ( 2)  0.339
  41 K   0.13649 0.13649 0.13649 0.13649 0.13649 0.10585 0.10585 0.10585 ( 2)  0.318
  42 E   0.13321 0.13321 0.13321 0.13321 0.13321 0.11131 0.11131 0.11131 ( 2)  0.334
  43 W   0.12913 0.12913 0.12913 0.12913 0.12913 0.11811 0.11811 0.11811 ( 2)  0.354
  44 Y   0.13104 0.13104 0.13104 0.13104 0.13104 0.11494 0.11494 0.11494 ( 2)  0.345
  45 F   0.13166 0.13166 0.13166 0.13166 0.13166 0.11390 0.11390 0.11390 ( 2)  0.342
  46 V   0.13299 0.13299 0.13299 0.13299 0.13299 0.11168 0.11168 0.11168 ( 2)  0.335
  47 V   0.13531 0.13531 0.13531 0.13531 0.13531 0.10781 0.10781 0.10781 ( 1)  0.323
  48 P   0.00000 0.00000 0.00000 0.00000 0.00000 0.33333 0.33333 0.33333 ( 7)  1.000
  49 E   0.13321 0.13321 0.13321 0.13321 0.13321 0.11131 0.11131 0.11131 ( 2)  0.334
  50 H   0.13293 0.13293 0.13293 0.13293 0.13293 0.11178 0.11178 0.11178 ( 2)  0.335
  51 N   0.13492 0.13492 0.13492 0.13492 0.13492 0.10847 0.10847 0.10847 ( 2)  0.325
  52 L   0.12887 0.12887 0.12887 0.12887 0.12887 0.11854 0.11854 0.11854 ( 1)  0.356
  53 G   0.13208 0.13208 0.13208 0.13208 0.13208 0.11320 0.11320 0.11320 ( 2)  0.340
  54 M   0.13924 0.13924 0.13924 0.13924 0.13924 0.10127 0.10127 0.10127 ( 2)  0.304
  55 I   0.13305 0.13305 0.13305 0.13305 0.13305 0.11158 0.11158 0.11158 ( 1)  0.335
  56 T   0.13249 0.13249 0.13249 0.13249 0.13249 0.11251 0.11251 0.11251 ( 1)  0.338
  57 R   0.12946 0.12946 0.12946 0.12946 0.12946 0.11756 0.11756 0.11756 ( 1)  0.353
  58 C   0.12957 0.12957 0.12957 0.12957 0.12957 0.11739 0.11739 0.11739 ( 1)  0.352
  59 L   0.13060 0.13060 0.13060 0.13060 0.13060 0.11566 0.11566 0.11566 ( 1)  0.347
  60 N   0.13492 0.13492 0.13492 0.13492 0.13492 0.10847 0.10847 0.10847 ( 2)  0.325
  61 E   0.13649 0.13649 0.13649 0.13649 0.13649 0.10585 0.10585 0.10585 ( 2)  0.318
  62 A   0.13310 0.13310 0.13310 0.13310 0.13310 0.11150 0.11150 0.11150 ( 1)  0.335
  63 C   0.13019 0.13019 0.13019 0.13019 0.13019 0.11635 0.11635 0.11635 ( 1)  0.349
  64 G   0.13164 0.13164 0.13164 0.13164 0.13164 0.11393 0.11393 0.11393 ( 2)  0.342
  65 D   0.13503 0.13503 0.13503 0.13503 0.13503 0.10828 0.10828 0.10828 ( 1)  0.325
  66 V   0.13315 0.13315 0.13315 0.13315 0.13315 0.11142 0.11142 0.11142 ( 1)  0.334
  67 D   0.13503 0.13503 0.13503 0.13503 0.13503 0.10828 0.10828 0.10828 ( 1)  0.325
  68 E   0.13649 0.13649 0.13649 0.13649 0.13649 0.10585 0.10585 0.10585 ( 2)  0.318
  69 T   0.13129 0.13129 0.13129 0.13129 0.13129 0.11452 0.11452 0.11452 ( 1)  0.344
  70 L   0.13088 0.13088 0.13088 0.13088 0.13088 0.11520 0.11520 0.11520 ( 1)  0.346
  71 A   0.13310 0.13310 0.13310 0.13310 0.13310 0.11150 0.11150 0.11150 ( 1)  0.335
  72 R   0.12946 0.12946 0.12946 0.12946 0.12946 0.11756 0.11756 0.11756 ( 1)  0.353
  73 S   0.13297 0.13297 0.13297 0.13297 0.13297 0.11172 0.11172 0.11172 ( 1)  0.335
  74 L   0.13060 0.13060 0.13060 0.13060 0.13060 0.11566 0.11566 0.11566 ( 1)  0.347
  75 K   0.13649 0.13649 0.13649 0.13649 0.13649 0.10585 0.10585 0.10585 ( 2)  0.318
  76 V   0.13184 0.13184 0.13184 0.13184 0.13184 0.11360 0.11360 0.11360 ( 2)  0.341
  77 S   0.12896 0.12896 0.12896 0.12896 0.12896 0.11839 0.11839 0.11839 ( 2)  0.355
  78 V   0.00000 0.00000 0.00000 0.00000 0.00000 0.33333 0.33333 0.33333 ( 7)  1.000
  79 K   0.13649 0.13649 0.13649 0.13649 0.13649 0.10585 0.10585 0.10585 ( 2)  0.318
  80 L   0.13088 0.13088 0.13088 0.13088 0.13088 0.11520 0.11520 0.11520 ( 1)  0.346
  81 A   0.13310 0.13310 0.13310 0.13310 0.13310 0.11150 0.11150 0.11150 ( 1)  0.335
  82 N   0.13492 0.13492 0.13492 0.13492 0.13492 0.10847 0.10847 0.10847 ( 2)  0.325
  83 A   0.13310 0.13310 0.13310 0.13310 0.13310 0.11150 0.11150 0.11150 ( 1)  0.335
  84 Y   0.13190 0.13190 0.13190 0.13190 0.13190 0.11350 0.11350 0.11350 ( 2)  0.341
  85 A   0.13464 0.13464 0.13464 0.13464 0.13464 0.10893 0.10893 0.10893 ( 1)  0.327
  86 R   0.13445 0.13445 0.13445 0.13445 0.13445 0.10926 0.10926 0.10926 ( 2)  0.328
  87 R   0.13069 0.13069 0.13069 0.13069 0.13069 0.11552 0.11552 0.11552 ( 2)  0.347
  88 E   0.13649 0.13649 0.13649 0.13649 0.13649 0.10585 0.10585 0.10585 ( 2)  0.318
  89 L   0.12918 0.12918 0.12918 0.12918 0.12918 0.11804 0.11804 0.11804 ( 2)  0.354
  90 L   0.13051 0.13051 0.13051 0.13051 0.13051 0.11581 0.11581 0.11581 ( 1)  0.347
  91 L   0.12918 0.12918 0.12918 0.12918 0.12918 0.11804 0.11804 0.11804 ( 2)  0.354
  92 D   0.13503 0.13503 0.13503 0.13503 0.13503 0.10828 0.10828 0.10828 ( 1)  0.325
  93 H   0.13214 0.13214 0.13214 0.13214 0.13214 0.11309 0.11309 0.11309 ( 2)  0.339
  94 S   0.12963 0.12963 0.12963 0.12963 0.12963 0.11729 0.11729 0.11729 ( 1)  0.352
  95 L   0.13088 0.13088 0.13088 0.13088 0.13088 0.11520 0.11520 0.11520 ( 1)  0.346
  96 Q   0.13201 0.13201 0.13201 0.13201 0.13201 0.11331 0.11331 0.11331 ( 2)  0.340
  97 Q   0.13201 0.13201 0.13201 0.13201 0.13201 0.11331 0.11331 0.11331 ( 2)  0.340
  98 I   0.13607 0.13607 0.13607 0.13607 0.13607 0.10655 0.10655 0.10655 ( 2)  0.320
  99 N   0.13389 0.13389 0.13389 0.13389 0.13389 0.11019 0.11019 0.11019 ( 2)  0.331
 100 T   0.13129 0.13129 0.13129 0.13129 0.13129 0.11452 0.11452 0.11452 ( 1)  0.344
 101 A   0.13180 0.13180 0.13180 0.13180 0.13180 0.11367 0.11367 0.11367 ( 1)  0.341
 102 L   0.13140 0.13140 0.13140 0.13140 0.13140 0.11433 0.11433 0.11433 ( 1)  0.343
 103 Q   0.13201 0.13201 0.13201 0.13201 0.13201 0.11331 0.11331 0.11331 ( 2)  0.340
 104 R   0.13445 0.13445 0.13445 0.13445 0.13445 0.10926 0.10926 0.10926 ( 2)  0.328
 105 D   0.13503 0.13503 0.13503 0.13503 0.13503 0.10828 0.10828 0.10828 ( 1)  0.325
 106 D   0.13503 0.13503 0.13503 0.13503 0.13503 0.10828 0.10828 0.10828 ( 1)  0.325
 107 P   0.13043 0.13043 0.13043 0.13043 0.13043 0.11595 0.11595 0.11595 ( 2)  0.348
 108 I   0.13407 0.13407 0.13407 0.13407 0.13407 0.10989 0.10989 0.10989 ( 1)  0.330
 109 V   0.13297 0.13297 0.13297 0.13297 0.13297 0.11171 0.11171 0.11171 ( 2)  0.335
 110 T   0.13450 0.13450 0.13450 0.13450 0.13450 0.10916 0.10916 0.10916 ( 1)  0.327
 111 M   0.13924 0.13924 0.13924 0.13924 0.13924 0.10127 0.10127 0.10127 ( 2)  0.304
 112 S   0.13029 0.13029 0.13029 0.13029 0.13029 0.11618 0.11618 0.11618 ( 2)  0.349
 113 S   0.12963 0.12963 0.12963 0.12963 0.12963 0.11729 0.11729 0.11729 ( 1)  0.352
 114 L   0.13060 0.13060 0.13060 0.13060 0.13060 0.11566 0.11566 0.11566 ( 1)  0.347
 115 I   0.13407 0.13407 0.13407 0.13407 0.13407 0.10989 0.10989 0.10989 ( 1)  0.330
 116 Q   0.13201 0.13201 0.13201 0.13201 0.13201 0.11331 0.11331 0.11331 ( 2)  0.340
 117 Q   0.13201 0.13201 0.13201 0.13201 0.13201 0.11331 0.11331 0.11331 ( 2)  0.340
 118 N   0.13389 0.13389 0.13389 0.13389 0.13389 0.11019 0.11019 0.11019 ( 2)  0.331
 119 D   0.00000 0.00000 0.00000 0.00000 0.00000 0.33333 0.33333 0.33333 ( 7)  1.000
 120 N   0.00000 0.00000 0.00000 0.00000 0.00000 0.33333 0.33333 0.33333 ( 7)  1.000
 121 L   0.12918 0.12918 0.12918 0.12918 0.12918 0.11804 0.11804 0.11804 ( 2)  0.354
 122 N   0.13492 0.13492 0.13492 0.13492 0.13492 0.10847 0.10847 0.10847 ( 2)  0.325
 123 G   0.13164 0.13164 0.13164 0.13164 0.13164 0.11393 0.11393 0.11393 ( 2)  0.342
 124 I   0.13350 0.13350 0.13350 0.13350 0.13350 0.11083 0.11083 0.11083 ( 2)  0.332
 125 A   0.13180 0.13180 0.13180 0.13180 0.13180 0.11367 0.11367 0.11367 ( 1)  0.341
 126 I   0.13305 0.13305 0.13305 0.13305 0.13305 0.11158 0.11158 0.11158 ( 1)  0.335
 127 D   0.13403 0.13403 0.13403 0.13403 0.13403 0.10994 0.10994 0.10994 ( 1)  0.330
 128 L   0.13140 0.13140 0.13140 0.13140 0.13140 0.11433 0.11433 0.11433 ( 1)  0.343
 129 V   0.13184 0.13184 0.13184 0.13184 0.13184 0.11360 0.11360 0.11360 ( 2)  0.341
 130 G   0.13164 0.13164 0.13164 0.13164 0.13164 0.11393 0.11393 0.11393 ( 2)  0.342
 131 T   0.13129 0.13129 0.13129 0.13129 0.13129 0.11452 0.11452 0.11452 ( 1)  0.344
 132 S   0.13124 0.13124 0.13124 0.13124 0.13124 0.11460 0.11460 0.11460 ( 1)  0.344
 133 S   0.13124 0.13124 0.13124 0.13124 0.13124 0.11460 0.11460 0.11460 ( 1)  0.344
 134 V   0.13515 0.13515 0.13515 0.13515 0.13515 0.10809 0.10809 0.10809 ( 1)  0.324
 135 E   0.13321 0.13321 0.13321 0.13321 0.13321 0.11131 0.11131 0.11131 ( 2)  0.334
 136 E   0.13321 0.13321 0.13321 0.13321 0.13321 0.11131 0.11131 0.11131 ( 2)  0.334
 137 I   0.13305 0.13305 0.13305 0.13305 0.13305 0.11158 0.11158 0.11158 ( 1)  0.335
 138 A   0.13180 0.13180 0.13180 0.13180 0.13180 0.11367 0.11367 0.11367 ( 1)  0.341
 139 S   0.13124 0.13124 0.13124 0.13124 0.13124 0.11460 0.11460 0.11460 ( 1)  0.344
 140 S   0.12896 0.12896 0.12896 0.12896 0.12896 0.11839 0.11839 0.11839 ( 2)  0.355
 141 V   0.13531 0.13531 0.13531 0.13531 0.13531 0.10781 0.10781 0.10781 ( 1)  0.323
 142 K   0.13309 0.13309 0.13309 0.13309 0.13309 0.11151 0.11151 0.11151 ( 1)  0.335
 143 L   0.12887 0.12887 0.12887 0.12887 0.12887 0.11854 0.11854 0.11854 ( 1)  0.356
 144 R   0.13150 0.13150 0.13150 0.13150 0.13150 0.11417 0.11417 0.11417 ( 2)  0.343
 145 A   0.13180 0.13180 0.13180 0.13180 0.13180 0.11367 0.11367 0.11367 ( 1)  0.341
 146 R   0.13246 0.13246 0.13246 0.13246 0.13246 0.11257 0.11257 0.11257 ( 2)  0.338
 147 V   0.13214 0.13214 0.13214 0.13214 0.13214 0.11310 0.11310 0.11310 ( 1)  0.339
 148 D   0.13503 0.13503 0.13503 0.13503 0.13503 0.10828 0.10828 0.10828 ( 1)  0.325
 149 L   0.13060 0.13060 0.13060 0.13060 0.13060 0.11566 0.11566 0.11566 ( 1)  0.347
 150 I   0.13407 0.13407 0.13407 0.13407 0.13407 0.10989 0.10989 0.10989 ( 1)  0.330
 151 Y   0.00000 0.00000 0.00000 0.00000 0.00000 0.33333 0.33333 0.33333 ( 7)  1.000
 152 E   0.13649 0.13649 0.13649 0.13649 0.13649 0.10585 0.10585 0.10585 ( 2)  0.318
 153 E   0.13321 0.13321 0.13321 0.13321 0.13321 0.11131 0.11131 0.11131 ( 2)  0.334
 154 L   0.13113 0.13113 0.13113 0.13113 0.13113 0.11478 0.11478 0.11478 ( 1)  0.344
 155 K   0.13649 0.13649 0.13649 0.13649 0.13649 0.10585 0.10585 0.10585 ( 2)  0.318
 156 A   0.13310 0.13310 0.13310 0.13310 0.13310 0.11150 0.11150 0.11150 ( 1)  0.335
 157 A   0.13208 0.13208 0.13208 0.13208 0.13208 0.11321 0.11321 0.11321 ( 1)  0.340
 158 L   0.13060 0.13060 0.13060 0.13060 0.13060 0.11566 0.11566 0.11566 ( 1)  0.347
 159 N   0.13492 0.13492 0.13492 0.13492 0.13492 0.10847 0.10847 0.10847 ( 2)  0.325
 160 E   0.00000 0.00000 0.00000 0.00000 0.00000 0.33333 0.33333 0.33333 ( 7)  1.000
 161 K   0.00000 0.00000 0.00000 0.00000 0.00000 0.33333 0.33333 0.33333 ( 7)  1.000
 162 G   0.13309 0.13309 0.13309 0.13309 0.13309 0.11152 0.11152 0.11152 ( 1)  0.335
 163 D   0.13403 0.13403 0.13403 0.13403 0.13403 0.10994 0.10994 0.10994 ( 1)  0.330
 164 H   0.13214 0.13214 0.13214 0.13214 0.13214 0.11309 0.11309 0.11309 ( 2)  0.339
 165 L   0.13088 0.13088 0.13088 0.13088 0.13088 0.11520 0.11520 0.11520 ( 1)  0.346
 166 T   0.13450 0.13450 0.13450 0.13450 0.13450 0.10916 0.10916 0.10916 ( 1)  0.327
 167 Y   0.13190 0.13190 0.13190 0.13190 0.13190 0.11350 0.11350 0.11350 ( 2)  0.341
 168 E   0.13649 0.13649 0.13649 0.13649 0.13649 0.10585 0.10585 0.10585 ( 2)  0.318
 169 E   0.13649 0.13649 0.13649 0.13649 0.13649 0.10585 0.10585 0.10585 ( 2)  0.318
 170 M   0.13924 0.13924 0.13924 0.13924 0.13924 0.10127 0.10127 0.10127 ( 2)  0.304
 171 L   0.13088 0.13088 0.13088 0.13088 0.13088 0.11520 0.11520 0.11520 ( 1)  0.346
 172 T   0.13450 0.13450 0.13450 0.13450 0.13450 0.10916 0.10916 0.10916 ( 1)  0.327
 173 V   0.13214 0.13214 0.13214 0.13214 0.13214 0.11310 0.11310 0.11310 ( 1)  0.339
 174 L   0.12918 0.12918 0.12918 0.12918 0.12918 0.11804 0.11804 0.11804 ( 2)  0.354
 175 Q   0.13201 0.13201 0.13201 0.13201 0.13201 0.11331 0.11331 0.11331 ( 2)  0.340
 176 V   0.13214 0.13214 0.13214 0.13214 0.13214 0.11310 0.11310 0.11310 ( 1)  0.339
 177 L   0.13060 0.13060 0.13060 0.13060 0.13060 0.11566 0.11566 0.11566 ( 1)  0.347
 178 Q   0.13201 0.13201 0.13201 0.13201 0.13201 0.11331 0.11331 0.11331 ( 2)  0.340
 179 R   0.13150 0.13150 0.13150 0.13150 0.13150 0.11417 0.11417 0.11417 ( 2)  0.343
 180 V   0.13531 0.13531 0.13531 0.13531 0.13531 0.10781 0.10781 0.10781 ( 1)  0.323
 181 I   0.13407 0.13407 0.13407 0.13407 0.13407 0.10989 0.10989 0.10989 ( 1)  0.330
 182 D   0.13503 0.13503 0.13503 0.13503 0.13503 0.10828 0.10828 0.10828 ( 1)  0.325
 183 L   0.13088 0.13088 0.13088 0.13088 0.13088 0.11520 0.11520 0.11520 ( 1)  0.346
 184 N   0.13492 0.13492 0.13492 0.13492 0.13492 0.10847 0.10847 0.10847 ( 2)  0.325
 185 E   0.13321 0.13321 0.13321 0.13321 0.13321 0.11131 0.11131 0.11131 ( 2)  0.334
 186 A   0.13310 0.13310 0.13310 0.13310 0.13310 0.11150 0.11150 0.11150 ( 1)  0.335
 187 V   0.13531 0.13531 0.13531 0.13531 0.13531 0.10781 0.10781 0.10781 ( 1)  0.323
 188 S   0.13206 0.13206 0.13206 0.13206 0.13206 0.11323 0.11323 0.11323 ( 1)  0.340
 189 V   0.13531 0.13531 0.13531 0.13531 0.13531 0.10781 0.10781 0.10781 ( 1)  0.323
 190 R   0.13131 0.13131 0.13131 0.13131 0.13131 0.11448 0.11448 0.11448 ( 2)  0.343
 191 N   0.13389 0.13389 0.13389 0.13389 0.13389 0.11019 0.11019 0.11019 ( 2)  0.331
 192 E   0.13649 0.13649 0.13649 0.13649 0.13649 0.10585 0.10585 0.10585 ( 2)  0.318
 193 S   0.13206 0.13206 0.13206 0.13206 0.13206 0.11323 0.11323 0.11323 ( 1)  0.340
 194 K   0.13649 0.13649 0.13649 0.13649 0.13649 0.10585 0.10585 0.10585 ( 2)  0.318
 195 I   0.13407 0.13407 0.13407 0.13407 0.13407 0.10989 0.10989 0.10989 ( 1)  0.330
 196 M   0.13924 0.13924 0.13924 0.13924 0.13924 0.10127 0.10127 0.10127 ( 2)  0.304
 197 P   0.13043 0.13043 0.13043 0.13043 0.13043 0.11595 0.11595 0.11595 ( 2)  0.348
 198 M   0.13924 0.13924 0.13924 0.13924 0.13924 0.10127 0.10127 0.10127 ( 2)  0.304
 199 L   0.12918 0.12918 0.12918 0.12918 0.12918 0.11804 0.11804 0.11804 ( 2)  0.354
 200 L   0.12918 0.12918 0.12918 0.12918 0.12918 0.11804 0.11804 0.11804 ( 2)  0.354
 201 A   0.13526 0.13526 0.13526 0.13526 0.13526 0.10790 0.10790 0.10790 ( 1)  0.324
 202 A   0.13464 0.13464 0.13464 0.13464 0.13464 0.10893 0.10893 0.10893 ( 1)  0.327
 203 D   0.13503 0.13503 0.13503 0.13503 0.13503 0.10828 0.10828 0.10828 ( 1)  0.325
 204 A   0.13209 0.13209 0.13209 0.13209 0.13209 0.11318 0.11318 0.11318 ( 1)  0.340
 205 H   0.13293 0.13293 0.13293 0.13293 0.13293 0.11178 0.11178 0.11178 ( 2)  0.335
 206 W   0.12913 0.12913 0.12913 0.12913 0.12913 0.11811 0.11811 0.11811 ( 2)  0.354
 207 E   0.13649 0.13649 0.13649 0.13649 0.13649 0.10585 0.10585 0.10585 ( 2)  0.318
 208 N   0.00000 0.00000 0.00000 0.00000 0.00000 0.33333 0.33333 0.33333 ( 7)  1.000
 209 V   0.13184 0.13184 0.13184 0.13184 0.13184 0.11360 0.11360 0.11360 ( 2)  0.341
 210 E   0.13649 0.13649 0.13649 0.13649 0.13649 0.10585 0.10585 0.10585 ( 2)  0.318
 211 E   0.13649 0.13649 0.13649 0.13649 0.13649 0.10585 0.10585 0.10585 ( 2)  0.318
 212 S   0.12963 0.12963 0.12963 0.12963 0.12963 0.11729 0.11729 0.11729 ( 1)  0.352
 213 N   0.13389 0.13389 0.13389 0.13389 0.13389 0.11019 0.11019 0.11019 ( 2)  0.331
 214 G   0.13525 0.13525 0.13525 0.13525 0.13525 0.10792 0.10792 0.10792 ( 2)  0.324
 215 E   0.13321 0.13321 0.13321 0.13321 0.13321 0.11131 0.11131 0.11131 ( 2)  0.334
 216 V   0.00000 0.00000 0.00000 0.00000 0.00000 0.33333 0.33333 0.33333 ( 7)  1.000
 217 V   0.13315 0.13315 0.13315 0.13315 0.13315 0.11142 0.11142 0.11142 ( 1)  0.334
 218 A   0.13310 0.13310 0.13310 0.13310 0.13310 0.11150 0.11150 0.11150 ( 1)  0.335
 219 K   0.13309 0.13309 0.13309 0.13309 0.13309 0.11151 0.11151 0.11151 ( 1)  0.335
 220 Y   0.13104 0.13104 0.13104 0.13104 0.13104 0.11494 0.11494 0.11494 ( 2)  0.345
 221 L   0.12918 0.12918 0.12918 0.12918 0.12918 0.11804 0.11804 0.11804 ( 2)  0.354
 222 C   0.13019 0.13019 0.13019 0.13019 0.13019 0.11635 0.11635 0.11635 ( 1)  0.349
 223 R   0.13445 0.13445 0.13445 0.13445 0.13445 0.10926 0.10926 0.10926 ( 2)  0.328
 224 L   0.13088 0.13088 0.13088 0.13088 0.13088 0.11520 0.11520 0.11520 ( 1)  0.346
 225 C   0.00000 0.00000 0.00000 0.00000 0.00000 0.33333 0.33333 0.33333 ( 7)  1.000
 226 N   0.13492 0.13492 0.13492 0.13492 0.13492 0.10847 0.10847 0.10847 ( 2)  0.325
 227 A   0.13180 0.13180 0.13180 0.13180 0.13180 0.11367 0.11367 0.11367 ( 1)  0.341
 228 R   0.13131 0.13131 0.13131 0.13131 0.13131 0.11448 0.11448 0.11448 ( 2)  0.343
 229 R   0.00000 0.00000 0.00000 0.00000 0.00000 0.33333 0.33333 0.33333 ( 7)  1.000
 230 E   0.13321 0.13321 0.13321 0.13321 0.13321 0.11131 0.11131 0.11131 ( 2)  0.334
 231 E   0.13649 0.13649 0.13649 0.13649 0.13649 0.10585 0.10585 0.10585 ( 2)  0.318
 232 A   0.13209 0.13209 0.13209 0.13209 0.13209 0.11318 0.11318 0.11318 ( 1)  0.340
 233 T   0.13450 0.13450 0.13450 0.13450 0.13450 0.10916 0.10916 0.10916 ( 1)  0.327
 234 Q   0.00000 0.00000 0.00000 0.00000 0.00000 0.33333 0.33333 0.33333 ( 7)  1.000
 235 M   0.13924 0.13924 0.13924 0.13924 0.13924 0.10127 0.10127 0.10127 ( 2)  0.304
 236 G   0.13309 0.13309 0.13309 0.13309 0.13309 0.11152 0.11152 0.11152 ( 1)  0.335


lnL = -1174.078237

