Supplemental results for CODEML (seqf: algn  treef: tree)


dN/dS (w) for site classes (K=3)

p:   0.91525  0.08475  0.00000
w:   0.02072  1.00000 17.47690
(note that p[2] is zero)


Naive Empirical Bayes (NEB) probabilities for 3 classes & postmean_w & P(w>1)
(amino acids refer to 1st sequence: Mlig.29975)

   1 K   0.99635 0.00365 0.00000 ( 1)  0.024  0.000
   2 L   0.99075 0.00925 0.00000 ( 1)  0.030  0.000
   3 D   0.99371 0.00629 0.00000 ( 1)  0.027  0.000
   4 K   0.99353 0.00647 0.00000 ( 1)  0.027  0.000
   5 F   0.99703 0.00297 0.00000 ( 1)  0.024  0.000
   6 I   0.73188 0.26812 0.00000 ( 1)  0.283  0.000
   7 E   0.73586 0.26414 0.00000 ( 1)  0.279  0.000
   8 V   0.99260 0.00740 0.00000 ( 1)  0.028  0.000
   9 G   0.99341 0.00659 0.00000 ( 1)  0.027  0.000
  10 R   0.99347 0.00653 0.00000 ( 1)  0.027  0.000
  11 V   0.99118 0.00882 0.00000 ( 1)  0.029  0.000
  12 A   0.99473 0.00527 0.00000 ( 1)  0.026  0.000
  13 F   0.99703 0.00297 0.00000 ( 1)  0.024  0.000
  14 I   0.99148 0.00852 0.00000 ( 1)  0.029  0.000
  15 A   0.99473 0.00527 0.00000 ( 1)  0.026  0.000
  16 N   0.99621 0.00379 0.00000 ( 1)  0.024  0.000
  17 G   0.99341 0.00659 0.00000 ( 1)  0.027  0.000
  18 K   0.05973 0.94027 0.00000 ( 2)  0.942  0.000
  19 D   0.99540 0.00460 0.00000 ( 1)  0.025  0.000
  20 S   0.99067 0.00933 0.00000 ( 1)  0.030  0.000
  21 G   0.99274 0.00726 0.00000 ( 1)  0.028  0.000
  22 K   0.99635 0.00365 0.00000 ( 1)  0.024  0.000
  23 V   0.99118 0.00882 0.00000 ( 1)  0.029  0.000
  24 C   0.99695 0.00305 0.00000 ( 1)  0.024  0.000
  25 A   0.99029 0.00971 0.00000 ( 1)  0.030  0.000
  26 I   0.99589 0.00411 0.00000 ( 1)  0.025  0.000
  27 A   0.99220 0.00780 0.00000 ( 1)  0.028  0.000
  28 E   0.99348 0.00652 0.00000 ( 1)  0.027  0.000
  29 I   0.99148 0.00852 0.00000 ( 1)  0.029  0.000
  30 I   0.90090 0.09910 0.00000 ( 1)  0.118  0.000
  31 D   0.99540 0.00460 0.00000 ( 1)  0.025  0.000
  32 Q   0.99480 0.00520 0.00000 ( 1)  0.026  0.000
  33 N   0.99621 0.00379 0.00000 ( 1)  0.024  0.000
  34 R   0.98565 0.01435 0.00000 ( 1)  0.035  0.000
  35 V   0.99282 0.00718 0.00000 ( 1)  0.028  0.000
  36 L   0.98707 0.01293 0.00000 ( 1)  0.033  0.000
  37 I   0.99400 0.00600 0.00000 ( 1)  0.027  0.000
  38 D   0.99540 0.00460 0.00000 ( 1)  0.025  0.000
  39 G   0.99063 0.00937 0.00000 ( 1)  0.030  0.000
  40 P   0.99327 0.00673 0.00000 ( 1)  0.027  0.000
  41 C   0.99710 0.00290 0.00000 ( 1)  0.024  0.000
  42 S   0.78100 0.21900 0.00000 ( 1)  0.235  0.000
  43 G   0.99341 0.00659 0.00000 ( 1)  0.027  0.000
  44 V   0.98988 0.01012 0.00000 ( 1)  0.031  0.000
  45 R   0.99347 0.00653 0.00000 ( 1)  0.027  0.000
  46 R   0.98818 0.01182 0.00000 ( 1)  0.032  0.000
  47 Q   0.99480 0.00520 0.00000 ( 1)  0.026  0.000
  48 V   0.99118 0.00882 0.00000 ( 1)  0.029  0.000
  49 C   0.99725 0.00275 0.00000 ( 1)  0.023  0.000
  50 D   0.99540 0.00460 0.00000 ( 1)  0.025  0.000
  51 M   0.99679 0.00321 0.00000 ( 1)  0.024  0.000
  52 K   0.99635 0.00365 0.00000 ( 1)  0.024  0.000
  53 R   0.99155 0.00845 0.00000 ( 1)  0.029  0.000
  54 L   0.98764 0.01236 0.00000 ( 1)  0.033  0.000
  55 H   0.99389 0.00611 0.00000 ( 1)  0.027  0.000
  56 L   0.98764 0.01236 0.00000 ( 1)  0.033  0.000
  57 T   0.99295 0.00705 0.00000 ( 1)  0.028  0.000
  58 R   0.64250 0.35750 0.00000 ( 1)  0.371  0.000
  59 F   0.99703 0.00297 0.00000 ( 1)  0.024  0.000
  60 C   0.10721 0.89279 0.00000 ( 2)  0.895  0.000
  61 I   0.57748 0.42252 0.00000 ( 1)  0.434  0.000
  62 D   0.05277 0.94723 0.00000 ( 2)  0.948  0.000
  63 L   0.98764 0.01236 0.00000 ( 1)  0.033  0.000
  64 P   0.99305 0.00695 0.00000 ( 1)  0.028  0.000
  65 H   0.99524 0.00476 0.00000 ( 1)  0.025  0.000
  66 S   0.97155 0.02845 0.00000 ( 1)  0.049  0.000
  67 A   0.63244 0.36756 0.00000 ( 1)  0.381  0.000
  68 R   0.99347 0.00653 0.00000 ( 1)  0.027  0.000
  69 T   0.99572 0.00428 0.00000 ( 1)  0.025  0.000
  70 A   0.99220 0.00780 0.00000 ( 1)  0.028  0.000
  71 V   0.98988 0.01012 0.00000 ( 1)  0.031  0.000
  72 V   0.99260 0.00740 0.00000 ( 1)  0.028  0.000
  73 R   0.99512 0.00488 0.00000 ( 1)  0.026  0.000
  74 R   0.98770 0.01230 0.00000 ( 1)  0.033  0.000
  75 K   0.99353 0.00647 0.00000 ( 1)  0.027  0.000
  76 W   0.99552 0.00448 0.00000 ( 1)  0.025  0.000
  77 T   0.07717 0.92283 0.00000 ( 2)  0.924  0.000
  78 A   0.99473 0.00527 0.00000 ( 1)  0.026  0.000
  79 A   0.99220 0.00780 0.00000 ( 1)  0.028  0.000
  80 K   0.84051 0.15949 0.00000 ( 1)  0.177  0.000
  81 L   0.98764 0.01236 0.00000 ( 1)  0.033  0.000
  82 D   0.99540 0.00460 0.00000 ( 1)  0.025  0.000
  83 E   0.99575 0.00425 0.00000 ( 1)  0.025  0.000
  84 K   0.41006 0.58994 0.00000 ( 2)  0.598  0.000
  85 W   0.99552 0.00448 0.00000 ( 1)  0.025  0.000
  86 K   0.52174 0.47826 0.00000 ( 1)  0.489  0.000
  87 E   0.81681 0.18319 0.00000 ( 1)  0.200  0.000
  88 T   0.99572 0.00428 0.00000 ( 1)  0.025  0.000
  89 S   0.99648 0.00352 0.00000 ( 1)  0.024  0.000
  90 W   0.99552 0.00448 0.00000 ( 1)  0.025  0.000
  91 A   0.99220 0.00780 0.00000 ( 1)  0.028  0.000
  92 K   0.99635 0.00365 0.00000 ( 1)  0.024  0.000
  93 K   0.99635 0.00365 0.00000 ( 1)  0.024  0.000
  94 L   0.99017 0.00983 0.00000 ( 1)  0.030  0.000
  95 E   0.99575 0.00425 0.00000 ( 1)  0.025  0.000
  96 A   0.62990 0.37010 0.00000 ( 1)  0.383  0.000
  97 R   0.99347 0.00653 0.00000 ( 1)  0.027  0.000
  98 R   0.99155 0.00845 0.00000 ( 1)  0.029  0.000
  99 L   0.98764 0.01236 0.00000 ( 1)  0.033  0.000
 100 R   0.99119 0.00881 0.00000 ( 1)  0.029  0.000
 101 T   0.81438 0.18562 0.00000 ( 1)  0.202  0.000
 102 N   0.92770 0.07230 0.00000 ( 1)  0.092  0.000
 103 M   0.99679 0.00321 0.00000 ( 1)  0.024  0.000
 104 S   0.78100 0.21900 0.00000 ( 1)  0.235  0.000
 105 D   0.99540 0.00460 0.00000 ( 1)  0.025  0.000
 106 F   0.99413 0.00587 0.00000 ( 1)  0.026  0.000
 107 D   0.99250 0.00750 0.00000 ( 1)  0.028  0.000
 108 R   0.99111 0.00889 0.00000 ( 1)  0.029  0.000
 109 F   0.99345 0.00655 0.00000 ( 1)  0.027  0.000
 110 K   0.75956 0.24044 0.00000 ( 1)  0.256  0.000
 111 L   0.02694 0.97306 0.00000 ( 2)  0.974  0.000
 112 A   0.99146 0.00854 0.00000 ( 1)  0.029  0.000
 113 R   0.99155 0.00845 0.00000 ( 1)  0.029  0.000
 114 A   0.99388 0.00612 0.00000 ( 1)  0.027  0.000
 115 K   0.99382 0.00618 0.00000 ( 1)  0.027  0.000
 116 Q   0.99480 0.00520 0.00000 ( 1)  0.026  0.000

Positively selected sites

	Prob(w>1)  mean w



lnL =  -735.458338

Bayes Empirical Bayes (BEB) probabilities for 3 classes (class) & postmean_w
(amino acids refer to 1st sequence: Mlig.29975)

   1 K   0.99756 0.00185 0.00059 ( 1)  0.053 +-  0.068
   2 L   0.99378 0.00438 0.00184 ( 1)  0.058 +-  0.133
   3 D   0.99551 0.00318 0.00132 ( 1)  0.056 +-  0.107
   4 K   0.99577 0.00311 0.00111 ( 1)  0.055 +-  0.105
   5 F   0.99812 0.00145 0.00043 ( 1)  0.052 +-  0.060
   6 I   0.88203 0.06651 0.05146 ( 1)  0.250 +-  0.738
   7 E   0.90779 0.06285 0.02936 ( 1)  0.175 +-  0.494
   8 V   0.99490 0.00372 0.00138 ( 1)  0.056 +-  0.103
   9 G   0.99542 0.00337 0.00121 ( 1)  0.056 +-  0.096
  10 R   0.99568 0.00320 0.00112 ( 1)  0.055 +-  0.096
  11 V   0.99402 0.00433 0.00165 ( 1)  0.058 +-  0.115
  12 A   0.99637 0.00267 0.00096 ( 1)  0.054 +-  0.085
  13 F   0.99812 0.00145 0.00043 ( 1)  0.052 +-  0.060
  14 I   0.99450 0.00402 0.00149 ( 1)  0.057 +-  0.122
  15 A   0.99637 0.00267 0.00096 ( 1)  0.054 +-  0.085
  16 N   0.99736 0.00198 0.00066 ( 1)  0.053 +-  0.070
  17 G   0.99542 0.00337 0.00121 ( 1)  0.056 +-  0.096
  18 K   0.33782 0.40609 0.25608 ( 2)  1.120 +-  1.386
  19 D   0.99677 0.00241 0.00082 ( 1)  0.054 +-  0.078
  20 S   0.99452 0.00427 0.00121 ( 1)  0.057 +-  0.111
  21 G   0.99483 0.00370 0.00147 ( 1)  0.057 +-  0.109
  22 K   0.99756 0.00185 0.00059 ( 1)  0.053 +-  0.068
  23 V   0.99402 0.00433 0.00165 ( 1)  0.058 +-  0.115
  24 C   0.99807 0.00149 0.00044 ( 1)  0.052 +-  0.062
  25 A   0.99315 0.00464 0.00222 ( 1)  0.060 +-  0.158
  26 I   0.99717 0.00211 0.00072 ( 1)  0.053 +-  0.074
  27 A   0.99460 0.00379 0.00162 ( 1)  0.057 +-  0.124
  28 E   0.99558 0.00318 0.00124 ( 1)  0.056 +-  0.110
  29 I   0.99450 0.00402 0.00149 ( 1)  0.057 +-  0.122
  30 I   0.96950 0.02244 0.00806 ( 1)  0.087 +-  0.244
  31 D   0.99677 0.00241 0.00082 ( 1)  0.054 +-  0.078
  32 Q   0.99673 0.00249 0.00078 ( 1)  0.054 +-  0.083
  33 N   0.99736 0.00198 0.00066 ( 1)  0.053 +-  0.070
  34 R   0.98971 0.00666 0.00363 ( 1)  0.067 +-  0.227
  35 V   0.99494 0.00357 0.00149 ( 1)  0.057 +-  0.111
  36 L   0.99139 0.00596 0.00265 ( 1)  0.062 +-  0.172
  37 I   0.99587 0.00295 0.00118 ( 1)  0.055 +-  0.104
  38 D   0.99677 0.00241 0.00082 ( 1)  0.054 +-  0.078
  39 G   0.99326 0.00461 0.00213 ( 1)  0.059 +-  0.144
  40 P   0.99544 0.00322 0.00134 ( 1)  0.056 +-  0.114
  41 C   0.99813 0.00142 0.00044 ( 1)  0.052 +-  0.063
  42 S   0.92775 0.05142 0.02083 ( 1)  0.140 +-  0.381
  43 G   0.99542 0.00337 0.00121 ( 1)  0.056 +-  0.096
  44 V   0.99260 0.00488 0.00251 ( 1)  0.061 +-  0.165
  45 R   0.99568 0.00320 0.00112 ( 1)  0.055 +-  0.096
  46 R   0.99244 0.00560 0.00196 ( 1)  0.059 +-  0.130
  47 Q   0.99673 0.00249 0.00078 ( 1)  0.054 +-  0.083
  48 V   0.99402 0.00433 0.00165 ( 1)  0.058 +-  0.115
  49 C   0.99825 0.00135 0.00040 ( 1)  0.052 +-  0.058
  50 D   0.99677 0.00241 0.00082 ( 1)  0.054 +-  0.078
  51 M   0.99782 0.00164 0.00053 ( 1)  0.053 +-  0.064
  52 K   0.99756 0.00185 0.00059 ( 1)  0.053 +-  0.068
  53 R   0.99420 0.00407 0.00172 ( 1)  0.058 +-  0.124
  54 L   0.99215 0.00571 0.00214 ( 1)  0.060 +-  0.140
  55 H   0.99606 0.00296 0.00098 ( 1)  0.055 +-  0.092
  56 L   0.99215 0.00571 0.00214 ( 1)  0.060 +-  0.140
  57 T   0.99528 0.00338 0.00134 ( 1)  0.056 +-  0.114
  58 R   0.86145 0.08940 0.04915 ( 1)  0.253 +-  0.672
  59 F   0.99812 0.00145 0.00043 ( 1)  0.052 +-  0.060
  60 C   0.50721 0.33248 0.16031 ( 1)  0.757 +-  1.092
  61 I   0.83276 0.10973 0.05751 ( 1)  0.284 +-  0.666
  62 D   0.33516 0.45530 0.20954 ( 2)  0.938 +-  0.978
  63 L   0.99215 0.00571 0.00214 ( 1)  0.060 +-  0.140
  64 P   0.99564 0.00330 0.00106 ( 1)  0.055 +-  0.095
  65 H   0.99683 0.00238 0.00079 ( 1)  0.054 +-  0.079
  66 S   0.98261 0.01252 0.00487 ( 1)  0.073 +-  0.226
  67 A   0.85148 0.09284 0.05567 ( 1)  0.278 +-  0.739
  68 R   0.99568 0.00320 0.00112 ( 1)  0.055 +-  0.096
  69 T   0.99710 0.00215 0.00075 ( 1)  0.054 +-  0.077
  70 A   0.99460 0.00379 0.00162 ( 1)  0.057 +-  0.124
  71 V   0.99260 0.00488 0.00251 ( 1)  0.061 +-  0.165
  72 V   0.99490 0.00372 0.00138 ( 1)  0.056 +-  0.103
  73 R   0.99674 0.00244 0.00081 ( 1)  0.054 +-  0.080
  74 R   0.99127 0.00599 0.00274 ( 1)  0.062 +-  0.152
  75 K   0.99577 0.00311 0.00111 ( 1)  0.055 +-  0.105
  76 W   0.99745 0.00209 0.00046 ( 1)  0.053 +-  0.067
  77 T   0.42289 0.38988 0.18723 ( 1)  0.848 +-  1.035
  78 A   0.99637 0.00267 0.00096 ( 1)  0.054 +-  0.085
  79 A   0.99460 0.00379 0.00162 ( 1)  0.057 +-  0.124
  80 K   0.93605 0.03693 0.02702 ( 1)  0.160 +-  0.574
  81 L   0.99215 0.00571 0.00214 ( 1)  0.060 +-  0.140
  82 D   0.99677 0.00241 0.00082 ( 1)  0.054 +-  0.078
  83 E   0.99711 0.00217 0.00072 ( 1)  0.053 +-  0.074
  84 K   0.70393 0.19092 0.10516 ( 1)  0.466 +-  0.840
  85 W   0.99745 0.00209 0.00046 ( 1)  0.053 +-  0.067
  86 K   0.78773 0.13273 0.07953 ( 1)  0.363 +-  0.796
  87 E   0.94036 0.04201 0.01763 ( 1)  0.126 +-  0.362
  88 T   0.99710 0.00215 0.00075 ( 1)  0.054 +-  0.077
  89 S   0.99755 0.00183 0.00062 ( 1)  0.053 +-  0.068
  90 W   0.99745 0.00209 0.00046 ( 1)  0.053 +-  0.067
  91 A   0.99460 0.00379 0.00162 ( 1)  0.057 +-  0.124
  92 K   0.99756 0.00185 0.00059 ( 1)  0.053 +-  0.068
  93 K   0.99756 0.00185 0.00059 ( 1)  0.053 +-  0.068
  94 L   0.99326 0.00464 0.00210 ( 1)  0.059 +-  0.146
  95 E   0.99711 0.00217 0.00072 ( 1)  0.053 +-  0.074
  96 A   0.81504 0.09056 0.09440 ( 1)  0.477 +-  1.317
  97 R   0.99568 0.00320 0.00112 ( 1)  0.055 +-  0.096
  98 R   0.99420 0.00407 0.00172 ( 1)  0.058 +-  0.124
  99 L   0.99215 0.00571 0.00214 ( 1)  0.060 +-  0.140
 100 R   0.99388 0.00424 0.00188 ( 1)  0.058 +-  0.132
 101 T   0.93789 0.04262 0.01949 ( 1)  0.136 +-  0.425
 102 N   0.97791 0.01645 0.00564 ( 1)  0.077 +-  0.202
 103 M   0.99782 0.00164 0.00053 ( 1)  0.053 +-  0.064
 104 S   0.92775 0.05142 0.02083 ( 1)  0.140 +-  0.381
 105 D   0.99677 0.00241 0.00082 ( 1)  0.054 +-  0.078
 106 F   0.99650 0.00276 0.00074 ( 1)  0.054 +-  0.082
 107 D   0.99484 0.00366 0.00150 ( 1)  0.057 +-  0.120
 108 R   0.99380 0.00428 0.00192 ( 1)  0.058 +-  0.134
 109 F   0.99600 0.00307 0.00093 ( 1)  0.055 +-  0.097
 110 K   0.89666 0.05592 0.04743 ( 1)  0.260 +-  0.886
 111 L   0.16155 0.43040 0.40805 ( 2)  1.683 +-  1.776
 112 A   0.99385 0.00411 0.00204 ( 1)  0.059 +-  0.149
 113 R   0.99420 0.00407 0.00172 ( 1)  0.058 +-  0.124
 114 A   0.99564 0.00305 0.00131 ( 1)  0.056 +-  0.105
 115 K   0.99600 0.00298 0.00102 ( 1)  0.055 +-  0.099
 116 Q   0.99673 0.00249 0.00078 ( 1)  0.054 +-  0.083

Positively selected sites

	Prob(w>1)  mean w


