Supplemental results for CODEML (seqf: algn  treef: tree)


dN/dS (w) for site classes (K=9)

p:   0.12500  0.12500  0.12500  0.12500  0.12500  0.12500  0.12500  0.12500  0.00001
w:   0.00065  0.00905  0.03107  0.07107  0.13447  0.23003  0.37575  0.62990  1.60756
(note that p[8] is zero)


Naive Empirical Bayes (NEB) probabilities for 9 classes & postmean_w & P(w>1)
(amino acids refer to 1st sequence: Hdim.10076)

   1 M   0.12500 0.12500 0.12500 0.12500 0.12500 0.12500 0.12500 0.12500 0.00001 ( 1)  0.185  0.000
   2 Q   0.12500 0.12500 0.12500 0.12500 0.12500 0.12500 0.12500 0.12500 0.00001 ( 1)  0.185  0.000
   3 Y   0.12500 0.12500 0.12500 0.12500 0.12500 0.12500 0.12500 0.12500 0.00001 ( 1)  0.185  0.000
   4 I   0.12500 0.12500 0.12500 0.12500 0.12500 0.12500 0.12500 0.12500 0.00001 ( 1)  0.185  0.000
   5 N   0.12500 0.12500 0.12500 0.12500 0.12500 0.12500 0.12500 0.12500 0.00001 ( 1)  0.185  0.000
   6 N   0.12500 0.12500 0.12500 0.12500 0.12500 0.12500 0.12500 0.12500 0.00001 ( 1)  0.185  0.000
   7 L   0.12500 0.12500 0.12500 0.12500 0.12500 0.12500 0.12500 0.12500 0.00001 ( 1)  0.185  0.000
   8 I   0.12500 0.12500 0.12500 0.12500 0.12500 0.12500 0.12500 0.12500 0.00001 ( 1)  0.185  0.000
   9 F   0.12500 0.12500 0.12500 0.12500 0.12500 0.12500 0.12500 0.12500 0.00001 ( 1)  0.185  0.000
  10 V   0.12500 0.12500 0.12500 0.12500 0.12500 0.12500 0.12500 0.12500 0.00001 ( 1)  0.185  0.000
  11 L   0.12500 0.12500 0.12500 0.12500 0.12500 0.12500 0.12500 0.12500 0.00001 ( 1)  0.185  0.000
  12 L   0.12500 0.12500 0.12500 0.12500 0.12500 0.12500 0.12500 0.12500 0.00001 ( 1)  0.185  0.000
  13 F   0.12500 0.12500 0.12500 0.12500 0.12500 0.12500 0.12500 0.12500 0.00001 ( 1)  0.185  0.000
  14 V   0.12500 0.12500 0.12500 0.12500 0.12500 0.12500 0.12500 0.12500 0.00001 ( 1)  0.185  0.000
  15 V   0.12500 0.12500 0.12500 0.12500 0.12500 0.12500 0.12500 0.12500 0.00001 ( 1)  0.185  0.000
  16 E   0.12500 0.12500 0.12500 0.12500 0.12500 0.12500 0.12500 0.12500 0.00001 ( 1)  0.185  0.000
  17 S   0.12500 0.12500 0.12500 0.12500 0.12500 0.12500 0.12500 0.12500 0.00001 ( 1)  0.185  0.000
  18 S   0.12500 0.12500 0.12500 0.12500 0.12500 0.12500 0.12500 0.12500 0.00001 ( 1)  0.185  0.000
  19 T   0.12500 0.12500 0.12500 0.12500 0.12500 0.12500 0.12500 0.12500 0.00001 ( 1)  0.185  0.000

Positively selected sites

	Prob(w>1)  mean w



lnL =   -68.940653

Bayes Empirical Bayes (BEB) probabilities for 11 classes (class) & postmean_w
(amino acids refer to 1st sequence: Hdim.10076)

   1 M   0.10031 0.03969 0.03719 0.03653 0.03635 0.03635 0.03653 0.03719 0.03969 0.10030 0.49987 (11)  3.249 +-  3.426
   2 Q   0.10031 0.03969 0.03719 0.03653 0.03635 0.03635 0.03653 0.03719 0.03969 0.10030 0.49988 (11)  3.249 +-  3.426
   3 Y   0.10031 0.03969 0.03719 0.03653 0.03635 0.03635 0.03653 0.03719 0.03969 0.10030 0.49988 (11)  3.249 +-  3.426
   4 I   0.10031 0.03969 0.03719 0.03653 0.03635 0.03635 0.03653 0.03719 0.03969 0.10030 0.49987 (11)  3.249 +-  3.426
   5 N   0.10031 0.03969 0.03719 0.03653 0.03635 0.03635 0.03653 0.03719 0.03969 0.10030 0.49987 (11)  3.249 +-  3.426
   6 N   0.10031 0.03969 0.03719 0.03653 0.03635 0.03635 0.03653 0.03719 0.03969 0.10030 0.49987 (11)  3.249 +-  3.426
   7 L   0.10031 0.03969 0.03719 0.03653 0.03635 0.03635 0.03653 0.03719 0.03969 0.10030 0.49987 (11)  3.249 +-  3.426
   8 I   0.10031 0.03969 0.03719 0.03653 0.03635 0.03635 0.03653 0.03719 0.03969 0.10030 0.49987 (11)  3.249 +-  3.426
   9 F   0.10031 0.03969 0.03719 0.03653 0.03635 0.03635 0.03653 0.03719 0.03969 0.10030 0.49987 (11)  3.249 +-  3.426
  10 V   0.10031 0.03969 0.03719 0.03653 0.03635 0.03635 0.03653 0.03719 0.03969 0.10030 0.49988 (11)  3.249 +-  3.426
  11 L   0.10031 0.03969 0.03719 0.03653 0.03635 0.03635 0.03653 0.03719 0.03969 0.10030 0.49987 (11)  3.249 +-  3.426
  12 L   0.10031 0.03969 0.03719 0.03653 0.03635 0.03635 0.03653 0.03719 0.03969 0.10030 0.49989 (11)  3.249 +-  3.426
  13 F   0.10031 0.03969 0.03719 0.03653 0.03635 0.03635 0.03653 0.03719 0.03969 0.10030 0.49987 (11)  3.249 +-  3.426
  14 V   0.10031 0.03969 0.03719 0.03653 0.03635 0.03635 0.03653 0.03719 0.03969 0.10030 0.49987 (11)  3.249 +-  3.426
  15 V   0.10031 0.03969 0.03719 0.03653 0.03635 0.03635 0.03653 0.03719 0.03969 0.10030 0.49987 (11)  3.249 +-  3.426
  16 E   0.10031 0.03969 0.03719 0.03653 0.03635 0.03635 0.03653 0.03719 0.03969 0.10030 0.49988 (11)  3.249 +-  3.426
  17 S   0.10031 0.03969 0.03719 0.03653 0.03635 0.03635 0.03653 0.03719 0.03969 0.10030 0.49988 (11)  3.249 +-  3.426
  18 S   0.10031 0.03969 0.03719 0.03653 0.03635 0.03635 0.03653 0.03719 0.03969 0.10030 0.49988 (11)  3.249 +-  3.426
  19 T   0.10031 0.03969 0.03719 0.03653 0.03635 0.03635 0.03653 0.03719 0.03969 0.10030 0.49988 (11)  3.249 +-  3.426

Positively selected sites

	Prob(w>1)  mean w


