Supplemental results for CODEML (seqf: algn  treef: tree)


dN/dS (w) for site classes (K=9)

p:   0.12500  0.12500  0.12500  0.12500  0.12500  0.12500  0.12500  0.12500  0.00001
w:   0.51713  0.54184  0.55700  0.56956  0.58143  0.59387  0.60871  0.63250  1.84068
(note that p[8] is zero)


Naive Empirical Bayes (NEB) probabilities for 9 classes & postmean_w & P(w>1)
(amino acids refer to 1st sequence: Mlig.24959)

   1 F   0.12245 0.12366 0.12434 0.12487 0.12535 0.12582 0.12636 0.12714 0.00001 ( 8)  0.576  0.000
   2 I   0.12175 0.12335 0.12422 0.12489 0.12548 0.12605 0.12667 0.12758 0.00001 ( 8)  0.576  0.000
   3 G   0.12392 0.12444 0.12473 0.12495 0.12515 0.12535 0.12557 0.12589 0.00001 ( 8)  0.575  0.000
   4 K   0.12977 0.12745 0.12617 0.12518 0.12431 0.12346 0.12251 0.12114 0.00001 ( 1)  0.575  0.000
   5 S   0.12469 0.12485 0.12493 0.12499 0.12505 0.12510 0.12515 0.12523 0.00001 ( 8)  0.575  0.000
   6 D   0.12399 0.12450 0.12477 0.12497 0.12515 0.12532 0.12551 0.12577 0.00001 ( 8)  0.575  0.000
   7 D   0.12448 0.12473 0.12487 0.12498 0.12507 0.12516 0.12527 0.12543 0.00001 ( 8)  0.575  0.000
   8 D   0.12854 0.12676 0.12581 0.12509 0.12447 0.12386 0.12320 0.12226 0.00001 ( 1)  0.575  0.000
   9 A   0.12615 0.12559 0.12528 0.12504 0.12483 0.12463 0.12440 0.12408 0.00001 ( 1)  0.575  0.000
  10 T   0.12132 0.12312 0.12411 0.12487 0.12553 0.12619 0.12691 0.12795 0.00001 ( 8)  0.576  0.000
  11 Q   0.12480 0.12491 0.12496 0.12500 0.12503 0.12506 0.12509 0.12514 0.00001 ( 8)  0.575  0.000
  12 F   0.12309 0.12405 0.12457 0.12495 0.12529 0.12561 0.12597 0.12646 0.00001 ( 8)  0.576  0.000
  13 S   0.12007 0.12246 0.12378 0.12480 0.12571 0.12659 0.12758 0.12900 0.00001 ( 8)  0.576  0.000
  14 D   0.12565 0.12534 0.12516 0.12503 0.12491 0.12479 0.12465 0.12446 0.00001 ( 1)  0.575  0.000
  15 S   0.15317 0.13893 0.13136 0.12567 0.12072 0.11595 0.11076 0.10344 0.00000 ( 1)  0.571  0.000
  16 F   0.12696 0.12602 0.12549 0.12509 0.12472 0.12436 0.12396 0.12338 0.00001 ( 1)  0.575  0.000
  17 N   0.12931 0.12737 0.12622 0.12530 0.12446 0.12360 0.12262 0.12112 0.00001 ( 1)  0.575  0.000
  18 E   0.12426 0.12464 0.12483 0.12498 0.12511 0.12524 0.12537 0.12556 0.00001 ( 8)  0.575  0.000
  19 L   0.12460 0.12482 0.12492 0.12500 0.12506 0.12512 0.12519 0.12527 0.00001 ( 8)  0.575  0.000
  20 I   0.12214 0.12355 0.12432 0.12490 0.12542 0.12592 0.12648 0.12727 0.00001 ( 8)  0.576  0.000
  21 H   0.12291 0.12397 0.12453 0.12495 0.12532 0.12567 0.12605 0.12659 0.00001 ( 8)  0.576  0.000
  22 F   0.12578 0.12537 0.12515 0.12500 0.12487 0.12474 0.12462 0.12446 0.00001 ( 1)  0.575  0.000
  23 I   0.12471 0.12485 0.12493 0.12499 0.12504 0.12509 0.12515 0.12523 0.00001 ( 8)  0.575  0.000
  24 E   0.12479 0.12491 0.12496 0.12500 0.12504 0.12507 0.12509 0.12513 0.00001 ( 8)  0.575  0.000
  25 R   0.12715 0.12616 0.12559 0.12514 0.12472 0.12430 0.12382 0.12311 0.00001 ( 1)  0.575  0.000
  26 A   0.12660 0.12581 0.12537 0.12505 0.12476 0.12448 0.12418 0.12374 0.00001 ( 1)  0.575  0.000
  27 L   0.12734 0.12616 0.12553 0.12506 0.12464 0.12425 0.12381 0.12321 0.00001 ( 1)  0.575  0.000
  28 D   0.12687 0.12596 0.12545 0.12507 0.12473 0.12440 0.12403 0.12349 0.00001 ( 1)  0.575  0.000
  29 I   0.12696 0.12598 0.12545 0.12505 0.12470 0.12437 0.12400 0.12348 0.00001 ( 1)  0.575  0.000
  30 H   0.12743 0.12621 0.12556 0.12507 0.12463 0.12422 0.12376 0.12311 0.00001 ( 1)  0.575  0.000
  31 K   0.12235 0.12366 0.12438 0.12492 0.12539 0.12585 0.12636 0.12708 0.00001 ( 8)  0.576  0.000
  32 P   0.12649 0.12574 0.12534 0.12504 0.12477 0.12452 0.12424 0.12385 0.00001 ( 1)  0.575  0.000
  33 E   0.12324 0.12413 0.12460 0.12495 0.12526 0.12556 0.12589 0.12635 0.00001 ( 8)  0.576  0.000
  34 L   0.12445 0.12472 0.12487 0.12498 0.12508 0.12518 0.12528 0.12543 0.00001 ( 8)  0.575  0.000
  35 S   0.12366 0.12432 0.12468 0.12496 0.12520 0.12543 0.12569 0.12606 0.00001 ( 8)  0.575  0.000
  36 G   0.12492 0.12497 0.12499 0.12501 0.12502 0.12502 0.12503 0.12504 0.00001 ( 8)  0.575  0.000
  37 V   0.12230 0.12363 0.12436 0.12491 0.12540 0.12587 0.12639 0.12714 0.00001 ( 8)  0.576  0.000
  38 L   0.12507 0.12505 0.12503 0.12502 0.12500 0.12498 0.12495 0.12490 0.00001 ( 1)  0.575  0.000
  39 Y   0.12519 0.12510 0.12505 0.12501 0.12497 0.12494 0.12489 0.12483 0.00001 ( 1)  0.575  0.000
  40 P   0.12450 0.12475 0.12488 0.12499 0.12507 0.12516 0.12525 0.12538 0.00001 ( 8)  0.575  0.000
  41 V   0.12572 0.12538 0.12519 0.12503 0.12490 0.12476 0.12461 0.12439 0.00001 ( 1)  0.575  0.000
  42 F   0.11940 0.12213 0.12363 0.12478 0.12581 0.12681 0.12791 0.12951 0.00001 ( 8)  0.576  0.000
  43 V   0.12665 0.12582 0.12537 0.12504 0.12475 0.12447 0.12416 0.12373 0.00001 ( 1)  0.575  0.000
  44 H   0.12175 0.12335 0.12422 0.12488 0.12547 0.12605 0.12668 0.12759 0.00001 ( 8)  0.576  0.000
  45 L   0.12575 0.12537 0.12517 0.12502 0.12488 0.12476 0.12462 0.12443 0.00001 ( 1)  0.575  0.000
  46 Y   0.12611 0.12556 0.12527 0.12504 0.12484 0.12464 0.12443 0.12411 0.00001 ( 1)  0.575  0.000
  47 L   0.12568 0.12538 0.12520 0.12505 0.12492 0.12478 0.12461 0.12436 0.00001 ( 1)  0.575  0.000
  48 R   0.12350 0.12431 0.12472 0.12501 0.12525 0.12548 0.12571 0.12601 0.00001 ( 8)  0.575  0.000
  49 L   0.12568 0.12538 0.12520 0.12505 0.12492 0.12478 0.12461 0.12436 0.00001 ( 1)  0.575  0.000
  50 V   0.12481 0.12492 0.12497 0.12500 0.12503 0.12506 0.12508 0.12511 0.00001 ( 8)  0.575  0.000
  51 S   0.12060 0.12276 0.12395 0.12485 0.12565 0.12642 0.12727 0.12849 0.00001 ( 8)  0.576  0.000
  52 A   0.12496 0.12498 0.12499 0.12500 0.12501 0.12501 0.12501 0.12502 0.00001 ( 8)  0.575  0.000
  53 D   0.12416 0.12458 0.12481 0.12498 0.12513 0.12527 0.12542 0.12564 0.00001 ( 8)  0.575  0.000
  54 K   0.12044 0.12267 0.12389 0.12483 0.12566 0.12647 0.12737 0.12865 0.00001 ( 8)  0.576  0.000
  55 S   0.12425 0.12464 0.12484 0.12499 0.12512 0.12524 0.12537 0.12555 0.00001 ( 8)  0.575  0.000
  56 A   0.12053 0.12272 0.12392 0.12484 0.12565 0.12644 0.12732 0.12858 0.00001 ( 8)  0.576  0.000
  57 D   0.12448 0.12473 0.12487 0.12498 0.12507 0.12516 0.12527 0.12543 0.00001 ( 8)  0.575  0.000
  58 A   0.12799 0.12649 0.12568 0.12508 0.12455 0.12404 0.12348 0.12269 0.00001 ( 1)  0.575  0.000
  59 V   0.12589 0.12545 0.12521 0.12503 0.12487 0.12471 0.12454 0.12429 0.00001 ( 1)  0.575  0.000
  60 A   0.12838 0.12669 0.12578 0.12509 0.12449 0.12391 0.12327 0.12237 0.00001 ( 1)  0.575  0.000
  61 F   0.12666 0.12584 0.12539 0.12505 0.12475 0.12446 0.12414 0.12369 0.00001 ( 1)  0.575  0.000
  62 Y   0.12466 0.12482 0.12491 0.12498 0.12504 0.12511 0.12518 0.12530 0.00001 ( 8)  0.575  0.000
  63 N   0.12946 0.12731 0.12612 0.12519 0.12437 0.12356 0.12265 0.12133 0.00001 ( 1)  0.575  0.000
  64 R   0.12194 0.12348 0.12431 0.12493 0.12546 0.12598 0.12655 0.12734 0.00001 ( 8)  0.576  0.000
  65 F   0.12946 0.12731 0.12612 0.12519 0.12437 0.12356 0.12265 0.12133 0.00001 ( 1)  0.575  0.000
  66 G   0.12625 0.12561 0.12528 0.12502 0.12480 0.12459 0.12437 0.12405 0.00001 ( 1)  0.575  0.000
  67 P   0.11940 0.12213 0.12363 0.12478 0.12581 0.12681 0.12791 0.12951 0.00001 ( 8)  0.576  0.000
  68 A   0.12620 0.12559 0.12527 0.12502 0.12481 0.12461 0.12439 0.12409 0.00001 ( 1)  0.575  0.000
  69 L   0.12108 0.12304 0.12409 0.12489 0.12559 0.12626 0.12700 0.12804 0.00001 ( 8)  0.576  0.000
  70 P   0.12623 0.12560 0.12527 0.12502 0.12481 0.12460 0.12438 0.12408 0.00001 ( 1)  0.575  0.000
  71 A   0.12295 0.12398 0.12453 0.12495 0.12531 0.12566 0.12604 0.12657 0.00001 ( 8)  0.576  0.000
  72 Y   0.12115 0.12302 0.12405 0.12485 0.12555 0.12624 0.12701 0.12812 0.00001 ( 8)  0.576  0.000
  73 H   0.12440 0.12469 0.12485 0.12497 0.12508 0.12519 0.12531 0.12549 0.00001 ( 8)  0.575  0.000
  74 R   0.11905 0.12193 0.12353 0.12476 0.12585 0.12692 0.12811 0.12984 0.00001 ( 8)  0.576  0.000
  75 G   0.12314 0.12408 0.12458 0.12496 0.12528 0.12560 0.12594 0.12642 0.00001 ( 8)  0.576  0.000
  76 E   0.12404 0.12454 0.12480 0.12499 0.12515 0.12530 0.12547 0.12568 0.00001 ( 8)  0.575  0.000
  77 E   0.12545 0.12525 0.12513 0.12503 0.12494 0.12485 0.12475 0.12459 0.00001 ( 1)  0.575  0.000
  78 G   0.12539 0.12521 0.12511 0.12502 0.12495 0.12487 0.12478 0.12465 0.00001 ( 1)  0.575  0.000
  79 S   0.12139 0.12319 0.12416 0.12489 0.12554 0.12616 0.12685 0.12782 0.00001 ( 8)  0.576  0.000
  80 D   0.12479 0.12489 0.12495 0.12499 0.12503 0.12507 0.12511 0.12516 0.00001 ( 8)  0.575  0.000
  81 G   0.12535 0.12518 0.12508 0.12501 0.12495 0.12488 0.12482 0.12472 0.00001 ( 1)  0.575  0.000
  82 D   0.12603 0.12550 0.12523 0.12502 0.12484 0.12467 0.12448 0.12422 0.00001 ( 1)  0.575  0.000
  83 P   0.12475 0.12488 0.12495 0.12500 0.12504 0.12508 0.12512 0.12518 0.00001 ( 8)  0.575  0.000
  84 A   0.12590 0.12544 0.12520 0.12502 0.12486 0.12471 0.12455 0.12432 0.00001 ( 1)  0.575  0.000
  85 G   0.12475 0.12488 0.12495 0.12500 0.12504 0.12508 0.12512 0.12518 0.00001 ( 8)  0.575  0.000
  86 C   0.12458 0.12478 0.12489 0.12497 0.12505 0.12513 0.12522 0.12536 0.00001 ( 8)  0.575  0.000
  87 G   0.12729 0.12612 0.12551 0.12505 0.12465 0.12426 0.12385 0.12327 0.00001 ( 1)  0.575  0.000
  88 H   0.12331 0.12419 0.12465 0.12499 0.12527 0.12554 0.12583 0.12621 0.00001 ( 8)  0.576  0.000
  89 L   0.12492 0.12497 0.12499 0.12501 0.12502 0.12502 0.12503 0.12504 0.00001 ( 8)  0.575  0.000
  90 Q   0.12655 0.12577 0.12535 0.12503 0.12476 0.12450 0.12421 0.12381 0.00001 ( 1)  0.575  0.000
  91 Q   0.12593 0.12546 0.12521 0.12502 0.12486 0.12470 0.12453 0.12428 0.00001 ( 1)  0.575  0.000
  92 L   0.12593 0.12546 0.12521 0.12502 0.12486 0.12470 0.12453 0.12428 0.00001 ( 1)  0.575  0.000
  93 R   0.12460 0.12481 0.12492 0.12500 0.12506 0.12513 0.12519 0.12528 0.00001 ( 8)  0.575  0.000
  94 A   0.12370 0.12436 0.12471 0.12497 0.12520 0.12542 0.12565 0.12598 0.00001 ( 8)  0.575  0.000
  95 V   0.12464 0.12483 0.12493 0.12500 0.12506 0.12511 0.12517 0.12525 0.00001 ( 8)  0.575  0.000
  96 T   0.12486 0.12494 0.12498 0.12500 0.12502 0.12504 0.12506 0.12508 0.00001 ( 8)  0.575  0.000
  97 R   0.12481 0.12492 0.12497 0.12500 0.12503 0.12506 0.12508 0.12511 0.00001 ( 8)  0.575  0.000
  98 P   0.12800 0.12650 0.12570 0.12508 0.12455 0.12403 0.12347 0.12266 0.00001 ( 1)  0.575  0.000
  99 G   0.12616 0.12558 0.12526 0.12503 0.12482 0.12463 0.12441 0.12410 0.00001 ( 1)  0.575  0.000
 100 Q   0.12297 0.12400 0.12454 0.12495 0.12531 0.12565 0.12602 0.12654 0.00001 ( 8)  0.576  0.000
 101 V   0.12607 0.12554 0.12525 0.12503 0.12484 0.12465 0.12445 0.12415 0.00001 ( 1)  0.575  0.000
 102 A   0.12484 0.12492 0.12497 0.12500 0.12502 0.12505 0.12507 0.12511 0.00001 ( 8)  0.575  0.000
 103 T   0.12090 0.12292 0.12403 0.12487 0.12561 0.12632 0.12711 0.12823 0.00001 ( 8)  0.576  0.000
 104 S   0.12230 0.12364 0.12436 0.12491 0.12540 0.12587 0.12639 0.12713 0.00001 ( 8)  0.576  0.000
 105 P   0.12800 0.12650 0.12570 0.12508 0.12455 0.12403 0.12347 0.12266 0.00001 ( 1)  0.575  0.000
 106 V   0.12303 0.12401 0.12454 0.12494 0.12529 0.12563 0.12601 0.12654 0.00001 ( 8)  0.576  0.000
 107 L   0.12459 0.12480 0.12491 0.12499 0.12506 0.12513 0.12520 0.12531 0.00001 ( 8)  0.575  0.000
 108 E   0.12611 0.12556 0.12526 0.12504 0.12483 0.12464 0.12442 0.12412 0.00001 ( 1)  0.575  0.000
 109 G   0.12487 0.12495 0.12498 0.12500 0.12502 0.12504 0.12505 0.12507 0.00001 ( 8)  0.575  0.000
 110 F   0.12479 0.12491 0.12496 0.12500 0.12504 0.12507 0.12509 0.12513 0.00001 ( 8)  0.575  0.000
 111 R   0.12646 0.12572 0.12533 0.12503 0.12478 0.12453 0.12426 0.12388 0.00001 ( 1)  0.575  0.000
 112 S   0.12524 0.12511 0.12505 0.12500 0.12496 0.12492 0.12488 0.12482 0.00001 ( 1)  0.575  0.000
 113 G   0.12621 0.12558 0.12526 0.12501 0.12480 0.12461 0.12440 0.12411 0.00001 ( 1)  0.575  0.000
 114 Q   0.12297 0.12400 0.12454 0.12495 0.12531 0.12565 0.12602 0.12654 0.00001 ( 8)  0.576  0.000
 115 Y   0.12348 0.12423 0.12464 0.12495 0.12522 0.12549 0.12578 0.12620 0.00001 ( 8)  0.575  0.000
 116 T   0.12520 0.12510 0.12505 0.12501 0.12497 0.12493 0.12489 0.12484 0.00001 ( 1)  0.575  0.000
 117 V   0.12519 0.12510 0.12505 0.12501 0.12497 0.12494 0.12489 0.12483 0.00001 ( 1)  0.575  0.000
 118 I   0.12434 0.12472 0.12490 0.12502 0.12512 0.12521 0.12529 0.12539 0.00001 ( 8)  0.575  0.000
 119 L   0.12590 0.12545 0.12521 0.12503 0.12487 0.12471 0.12453 0.12429 0.00001 ( 1)  0.575  0.000
 120 C   0.12165 0.12326 0.12416 0.12485 0.12547 0.12608 0.12676 0.12775 0.00001 ( 8)  0.576  0.000
 121 K   0.12435 0.12470 0.12487 0.12500 0.12511 0.12520 0.12531 0.12544 0.00001 ( 8)  0.575  0.000
 122 D   0.12470 0.12488 0.12496 0.12502 0.12506 0.12509 0.12512 0.12515 0.00001 ( 8)  0.575  0.000
 123 S   0.12524 0.12518 0.12512 0.12506 0.12500 0.12492 0.12482 0.12465 0.00001 ( 1)  0.575  0.000
 124 H   0.12604 0.12552 0.12525 0.12503 0.12485 0.12467 0.12446 0.12418 0.00001 ( 1)  0.575  0.000
 125 R   0.13245 0.12881 0.12681 0.12528 0.12392 0.12259 0.12112 0.11900 0.00001 ( 1)  0.574  0.000
 126 L   0.12570 0.12535 0.12516 0.12502 0.12489 0.12477 0.12464 0.12446 0.00001 ( 1)  0.575  0.000
 127 L   0.12609 0.12554 0.12524 0.12502 0.12483 0.12465 0.12445 0.12417 0.00001 ( 1)  0.575  0.000
 128 K   0.12566 0.12533 0.12516 0.12502 0.12490 0.12479 0.12466 0.12448 0.00001 ( 1)  0.575  0.000
 129 Q   0.12572 0.12536 0.12516 0.12502 0.12489 0.12477 0.12463 0.12444 0.00001 ( 1)  0.575  0.000
 130 F   0.12371 0.12435 0.12470 0.12496 0.12519 0.12541 0.12566 0.12601 0.00001 ( 8)  0.575  0.000
 131 L   0.12586 0.12543 0.12520 0.12502 0.12487 0.12472 0.12456 0.12433 0.00001 ( 1)  0.575  0.000
 132 A   0.12294 0.12395 0.12450 0.12493 0.12530 0.12566 0.12607 0.12664 0.00001 ( 8)  0.576  0.000
 133 E   0.12509 0.12505 0.12503 0.12501 0.12499 0.12497 0.12494 0.12490 0.00001 ( 1)  0.575  0.000

Positively selected sites

	Prob(w>1)  mean w



lnL = -1066.074828

Bayes Empirical Bayes (BEB) probabilities for 11 classes (class) & postmean_w
(amino acids refer to 1st sequence: Mlig.24959)

   1 F   0.00170 0.00797 0.01435 0.01961 0.02404 0.02805 0.03210 0.03697 0.04517 0.15159 0.63843 (11)  4.099 +-  3.415
   2 I   0.00036 0.00489 0.01208 0.01865 0.02400 0.02851 0.03278 0.03773 0.04595 0.15309 0.64197 (11)  4.122 +-  3.411
   3 G   0.00285 0.01060 0.01681 0.02139 0.02514 0.02858 0.03218 0.03670 0.04459 0.15004 0.63113 (11)  4.056 +-  3.420
   4 K   0.00712 0.02232 0.02825 0.02926 0.02949 0.03029 0.03205 0.03528 0.04215 0.14396 0.59984 (11)  3.869 +-  3.432
   5 S   0.00310 0.01163 0.01804 0.02239 0.02582 0.02897 0.03233 0.03667 0.04441 0.14955 0.62709 (11)  4.032 +-  3.421
   6 D   0.00142 0.00931 0.01647 0.02157 0.02554 0.02905 0.03264 0.03712 0.04497 0.15082 0.63108 (11)  4.057 +-  3.418
   7 D   0.00414 0.01255 0.01817 0.02217 0.02552 0.02872 0.03214 0.03653 0.04431 0.14937 0.62637 (11)  4.027 +-  3.422
   8 D   0.12386 0.03835 0.02602 0.02323 0.02316 0.02432 0.02637 0.02964 0.03608 0.12831 0.52064 (11)  3.365 +-  3.449
   9 A   0.02042 0.02104 0.02226 0.02396 0.02602 0.02841 0.03129 0.03527 0.04264 0.14527 0.60342 (11)  3.886 +-  3.436
  10 T   0.00035 0.00455 0.01149 0.01809 0.02359 0.02826 0.03265 0.03768 0.04598 0.15319 0.64417 (11)  4.135 +-  3.410
  11 Q   0.00288 0.01208 0.01850 0.02268 0.02600 0.02911 0.03245 0.03676 0.04447 0.14964 0.62544 (11)  4.023 +-  3.422
  12 F   0.00093 0.00745 0.01470 0.02049 0.02512 0.02910 0.03297 0.03761 0.04557 0.15213 0.63392 (11)  4.075 +-  3.415
  13 S   0.00026 0.00376 0.01014 0.01680 0.02272 0.02784 0.03261 0.03791 0.04641 0.15427 0.64729 (11)  4.153 +-  3.408
  14 D   0.00886 0.01778 0.02115 0.02370 0.02624 0.02891 0.03197 0.03607 0.04357 0.14754 0.61420 (11)  3.954 +-  3.429
  15 S   0.28660 0.13757 0.07475 0.04387 0.02876 0.02137 0.01802 0.01723 0.01930 0.07724 0.27528 ( 1)  1.858 +-  2.973
  16 F   0.00674 0.01855 0.02338 0.02561 0.02749 0.02960 0.03226 0.03608 0.04337 0.14696 0.60998 (11)  3.930 +-  3.429
  17 N   0.00458 0.01726 0.02542 0.02918 0.03106 0.03249 0.03428 0.03728 0.04386 0.14712 0.59747 (11)  3.862 +-  3.425
  18 E   0.00262 0.01078 0.01728 0.02192 0.02563 0.02900 0.03250 0.03691 0.04471 0.15021 0.62843 (11)  4.041 +-  3.420
  19 L   0.00269 0.01093 0.01764 0.02230 0.02591 0.02914 0.03253 0.03687 0.04462 0.14996 0.62741 (11)  4.035 +-  3.420
  20 I   0.00049 0.00561 0.01286 0.01917 0.02426 0.02860 0.03275 0.03762 0.04578 0.15271 0.64014 (11)  4.111 +-  3.412
  21 H   0.00065 0.00643 0.01391 0.02011 0.02498 0.02906 0.03298 0.03765 0.04564 0.15224 0.63637 (11)  4.090 +-  3.414
  22 F   0.01286 0.01831 0.02134 0.02354 0.02572 0.02820 0.03121 0.03535 0.04292 0.14617 0.61437 (11)  3.952 +-  3.432
  23 I   0.00461 0.01323 0.01864 0.02249 0.02575 0.02886 0.03221 0.03654 0.04426 0.14922 0.62419 (11)  4.015 +-  3.423
  24 E   0.00312 0.01232 0.01850 0.02265 0.02601 0.02914 0.03248 0.03677 0.04446 0.14961 0.62495 (11)  4.020 +-  3.422
  25 R   0.00452 0.01536 0.02214 0.02572 0.02810 0.03030 0.03287 0.03657 0.04376 0.14760 0.61306 (11)  3.950 +-  3.426
  26 A   0.01394 0.02145 0.02343 0.02475 0.02646 0.02862 0.03137 0.03529 0.04264 0.14539 0.60665 (11)  3.907 +-  3.434
  27 L   0.02113 0.02584 0.02555 0.02553 0.02649 0.02824 0.03077 0.03455 0.04176 0.14330 0.59683 (11)  3.846 +-  3.439
  28 D   0.01966 0.02293 0.02383 0.02497 0.02659 0.02867 0.03134 0.03516 0.04240 0.14469 0.59977 (11)  3.865 +-  3.436
  29 I   0.01632 0.02261 0.02415 0.02513 0.02655 0.02853 0.03118 0.03503 0.04233 0.14465 0.60350 (11)  3.887 +-  3.436
  30 H   0.04198 0.03105 0.02581 0.02486 0.02567 0.02738 0.02984 0.03351 0.04055 0.14017 0.57920 (11)  3.735 +-  3.446
  31 K   0.00056 0.00591 0.01319 0.01945 0.02448 0.02875 0.03285 0.03766 0.04576 0.15263 0.63876 (11)  4.103 +-  3.413
  32 P   0.01563 0.02173 0.02333 0.02456 0.02626 0.02845 0.03124 0.03519 0.04256 0.14522 0.60582 (11)  3.901 +-  3.435
  33 E   0.00041 0.00634 0.01434 0.02052 0.02516 0.02906 0.03288 0.03752 0.04550 0.15198 0.63629 (11)  4.089 +-  3.414
  34 L   0.00334 0.01173 0.01786 0.02217 0.02569 0.02894 0.03238 0.03677 0.04454 0.14986 0.62671 (11)  4.030 +-  3.421
  35 S   0.00181 0.00924 0.01607 0.02116 0.02523 0.02885 0.03254 0.03710 0.04501 0.15094 0.63205 (11)  4.063 +-  3.418
  36 G   0.00427 0.01321 0.01890 0.02278 0.02600 0.02904 0.03234 0.03661 0.04428 0.14921 0.62334 (11)  4.010 +-  3.423
  37 V   0.00067 0.00621 0.01332 0.01942 0.02439 0.02865 0.03276 0.03759 0.04572 0.15256 0.63872 (11)  4.103 +-  3.413
  38 L   0.00446 0.01351 0.01918 0.02302 0.02619 0.02919 0.03244 0.03667 0.04430 0.14922 0.62183 (11)  4.001 +-  3.423
  39 Y   0.00575 0.01491 0.01979 0.02314 0.02606 0.02896 0.03216 0.03638 0.04399 0.14855 0.62029 (11)  3.991 +-  3.425
  40 P   0.00369 0.01213 0.01804 0.02223 0.02569 0.02891 0.03234 0.03671 0.04446 0.14967 0.62612 (11)  4.027 +-  3.422
  41 V   0.00724 0.01684 0.02107 0.02387 0.02644 0.02910 0.03214 0.03623 0.04373 0.14790 0.61543 (11)  3.962 +-  3.427
  42 F   0.00010 0.00271 0.00885 0.01588 0.02221 0.02763 0.03258 0.03799 0.04656 0.15458 0.65091 (11)  4.175 +-  3.405
  43 V   0.05200 0.02650 0.02318 0.02340 0.02482 0.02686 0.02954 0.03335 0.04048 0.13988 0.58000 (11)  3.738 +-  3.449
  44 H   0.00057 0.00540 0.01231 0.01864 0.02388 0.02835 0.03261 0.03755 0.04578 0.15273 0.64219 (11)  4.123 +-  3.411
  45 L   0.01695 0.01999 0.02153 0.02344 0.02569 0.02824 0.03124 0.03532 0.04280 0.14573 0.60907 (11)  3.920 +-  3.434
  46 Y   0.01227 0.02101 0.02265 0.02424 0.02630 0.02872 0.03163 0.03563 0.04304 0.14630 0.60820 (11)  3.917 +-  3.432
  47 L   0.00293 0.01221 0.01930 0.02369 0.02682 0.02962 0.03267 0.03676 0.04430 0.14911 0.62258 (11)  4.006 +-  3.422
  48 R   0.00031 0.00562 0.01390 0.02074 0.02576 0.02974 0.03348 0.03797 0.04581 0.15245 0.63423 (11)  4.078 +-  3.413
  49 L   0.00293 0.01221 0.01930 0.02369 0.02682 0.02962 0.03267 0.03676 0.04430 0.14911 0.62258 (11)  4.006 +-  3.422
  50 V   0.00403 0.01275 0.01858 0.02263 0.02596 0.02906 0.03239 0.03668 0.04437 0.14940 0.62415 (11)  4.015 +-  3.423
  51 S   0.00016 0.00350 0.01026 0.01725 0.02324 0.02826 0.03288 0.03804 0.04641 0.15412 0.64589 (11)  4.146 +-  3.408
  52 A   0.00435 0.01347 0.01908 0.02283 0.02596 0.02897 0.03225 0.03652 0.04420 0.14905 0.62332 (11)  4.010 +-  3.423
  53 D   0.00270 0.01062 0.01710 0.02180 0.02558 0.02899 0.03253 0.03696 0.04478 0.15037 0.62857 (11)  4.042 +-  3.420
  54 K   0.00022 0.00371 0.01032 0.01715 0.02308 0.02812 0.03278 0.03799 0.04641 0.15418 0.64605 (11)  4.147 +-  3.408
  55 S   0.00254 0.01039 0.01704 0.02187 0.02567 0.02906 0.03256 0.03698 0.04477 0.15032 0.62880 (11)  4.043 +-  3.420
  56 A   0.00022 0.00376 0.01041 0.01723 0.02311 0.02811 0.03274 0.03793 0.04634 0.15403 0.64611 (11)  4.147 +-  3.408
  57 D   0.00414 0.01255 0.01817 0.02217 0.02552 0.02872 0.03214 0.03653 0.04431 0.14937 0.62637 (11)  4.027 +-  3.422
  58 A   0.07169 0.03423 0.02632 0.02443 0.02476 0.02618 0.02844 0.03194 0.03875 0.13548 0.55778 (11)  3.600 +-  3.452
  59 V   0.01791 0.01985 0.02164 0.02366 0.02591 0.02841 0.03138 0.03542 0.04285 0.14580 0.60718 (11)  3.909 +-  3.434
  60 A   0.07280 0.03535 0.02706 0.02489 0.02501 0.02628 0.02843 0.03184 0.03857 0.13497 0.55481 (11)  3.582 +-  3.452
  61 F   0.01545 0.02127 0.02328 0.02474 0.02648 0.02862 0.03136 0.03526 0.04259 0.14524 0.60572 (11)  3.901 +-  3.434
  62 Y   0.00427 0.01299 0.01855 0.02236 0.02555 0.02864 0.03200 0.03636 0.04412 0.14893 0.62623 (11)  4.026 +-  3.423
  63 N   0.00704 0.02192 0.02786 0.02916 0.02969 0.03069 0.03254 0.03578 0.04262 0.14495 0.59775 (11)  3.858 +-  3.431
  64 R   0.00022 0.00437 0.01182 0.01878 0.02436 0.02891 0.03312 0.03798 0.04611 0.15328 0.64105 (11)  4.118 +-  3.410
  65 F   0.00704 0.02192 0.02786 0.02916 0.02969 0.03069 0.03254 0.03578 0.04262 0.14495 0.59775 (11)  3.858 +-  3.431
  66 G   0.01623 0.02142 0.02291 0.02424 0.02604 0.02832 0.03118 0.03519 0.04261 0.14535 0.60652 (11)  3.905 +-  3.435
  67 P   0.00010 0.00271 0.00885 0.01588 0.02221 0.02763 0.03258 0.03799 0.04656 0.15458 0.65091 (11)  4.175 +-  3.405
  68 A   0.01786 0.02171 0.02269 0.02399 0.02584 0.02815 0.03101 0.03501 0.04242 0.14488 0.60641 (11)  3.904 +-  3.436
  69 L   0.00015 0.00353 0.01056 0.01774 0.02373 0.02865 0.03312 0.03815 0.04640 0.15398 0.64400 (11)  4.135 +-  3.408
  70 P   0.01820 0.02214 0.02289 0.02403 0.02580 0.02808 0.03094 0.03494 0.04235 0.14472 0.60593 (11)  3.900 +-  3.436
  71 A   0.00069 0.00658 0.01404 0.02016 0.02496 0.02901 0.03291 0.03759 0.04558 0.15214 0.63633 (11)  4.089 +-  3.414
  72 Y   0.00039 0.00466 0.01145 0.01789 0.02332 0.02798 0.03241 0.03750 0.04584 0.15296 0.64560 (11)  4.143 +-  3.410
  73 H   0.00288 0.01139 0.01777 0.02210 0.02558 0.02883 0.03228 0.03669 0.04449 0.14976 0.62823 (11)  4.039 +-  3.421
  74 R   0.00009 0.00253 0.00850 0.01548 0.02185 0.02735 0.03238 0.03788 0.04653 0.15458 0.65280 (11)  4.185 +-  3.405
  75 G   0.00069 0.00672 0.01432 0.02040 0.02510 0.02905 0.03290 0.03754 0.04551 0.15199 0.63578 (11)  4.086 +-  3.414
  76 E   0.00100 0.00836 0.01605 0.02159 0.02575 0.02931 0.03288 0.03732 0.04514 0.15111 0.63150 (11)  4.060 +-  3.417
  77 E   0.00430 0.01401 0.01983 0.02348 0.02641 0.02923 0.03236 0.03651 0.04409 0.14871 0.62108 (11)  3.997 +-  3.424
  78 G   0.00479 0.01449 0.01993 0.02341 0.02631 0.02914 0.03228 0.03645 0.04404 0.14862 0.62055 (11)  3.993 +-  3.425
  79 S   0.00014 0.00373 0.01099 0.01811 0.02390 0.02865 0.03303 0.03802 0.04626 0.15372 0.64345 (11)  4.132 +-  3.409
  80 D   0.00385 0.01278 0.01863 0.02257 0.02581 0.02889 0.03222 0.03654 0.04425 0.14918 0.62528 (11)  4.021 +-  3.423
  81 G   0.00493 0.01499 0.02030 0.02349 0.02624 0.02904 0.03221 0.03641 0.04403 0.14868 0.61967 (11)  3.988 +-  3.425
  82 D   0.01199 0.02081 0.02255 0.02404 0.02601 0.02840 0.03133 0.03538 0.04285 0.14597 0.61068 (11)  3.931 +-  3.433
  83 P   0.00373 0.01248 0.01847 0.02257 0.02590 0.02902 0.03237 0.03669 0.04440 0.14949 0.62489 (11)  4.019 +-  3.422
  84 A   0.01650 0.01984 0.02175 0.02364 0.02579 0.02825 0.03121 0.03527 0.04274 0.14563 0.60937 (11)  3.922 +-  3.434
  85 G   0.00373 0.01248 0.01847 0.02257 0.02590 0.02902 0.03237 0.03669 0.04440 0.14949 0.62489 (11)  4.019 +-  3.422
  86 C   0.00368 0.01245 0.01832 0.02226 0.02553 0.02865 0.03204 0.03642 0.04420 0.14913 0.62732 (11)  4.033 +-  3.422
  87 G   0.07479 0.03357 0.02524 0.02356 0.02420 0.02589 0.02835 0.03198 0.03888 0.13585 0.55769 (11)  3.598 +-  3.453
  88 H   0.00035 0.00588 0.01399 0.02057 0.02550 0.02950 0.03330 0.03786 0.04576 0.15241 0.63486 (11)  4.082 +-  3.413
  89 L   0.00427 0.01321 0.01890 0.02278 0.02600 0.02904 0.03234 0.03661 0.04428 0.14921 0.62334 (11)  4.010 +-  3.423
  90 Q   0.03725 0.02660 0.02363 0.02385 0.02530 0.02740 0.03013 0.03400 0.04123 0.14187 0.58874 (11)  3.793 +-  3.445
  91 Q   0.01879 0.02110 0.02208 0.02369 0.02578 0.02824 0.03119 0.03523 0.04266 0.14540 0.60585 (11)  3.901 +-  3.435
  92 L   0.01879 0.02110 0.02208 0.02369 0.02578 0.02824 0.03119 0.03523 0.04266 0.14540 0.60585 (11)  3.901 +-  3.435
  93 R   0.00345 0.01198 0.01809 0.02237 0.02584 0.02904 0.03243 0.03677 0.04450 0.14973 0.62581 (11)  4.025 +-  3.422
  94 A   0.00106 0.00826 0.01570 0.02120 0.02543 0.02910 0.03278 0.03731 0.04520 0.15129 0.63268 (11)  4.067 +-  3.416
  95 V   0.00360 0.01211 0.01816 0.02241 0.02587 0.02906 0.03244 0.03677 0.04449 0.14968 0.62541 (11)  4.023 +-  3.422
  96 T   0.00334 0.01214 0.01847 0.02269 0.02602 0.02910 0.03242 0.03671 0.04441 0.14950 0.62520 (11)  4.021 +-  3.422
  97 R   0.00403 0.01275 0.01858 0.02263 0.02596 0.02906 0.03239 0.03668 0.04437 0.14940 0.62415 (11)  4.015 +-  3.423
  98 P   0.02155 0.02730 0.02696 0.02650 0.02706 0.02853 0.03086 0.03449 0.04158 0.14280 0.59237 (11)  3.819 +-  3.439
  99 G   0.01763 0.02170 0.02281 0.02415 0.02604 0.02839 0.03127 0.03527 0.04268 0.14546 0.60460 (11)  3.894 +-  3.435
 100 Q   0.00061 0.00648 0.01402 0.02019 0.02502 0.02907 0.03297 0.03763 0.04561 0.15219 0.63622 (11)  4.089 +-  3.414
 101 V   0.01752 0.02076 0.02219 0.02391 0.02600 0.02842 0.03133 0.03533 0.04274 0.14556 0.60625 (11)  3.904 +-  3.435
 102 A   0.00368 0.01282 0.01875 0.02270 0.02593 0.02900 0.03232 0.03662 0.04432 0.14933 0.62452 (11)  4.017 +-  3.423
 103 T   0.00017 0.00369 0.01061 0.01761 0.02351 0.02843 0.03296 0.03806 0.04637 0.15400 0.64460 (11)  4.138 +-  3.408
 104 S   0.00062 0.00601 0.01319 0.01938 0.02439 0.02866 0.03276 0.03759 0.04572 0.15257 0.63909 (11)  4.105 +-  3.413
 105 P   0.02155 0.02730 0.02696 0.02650 0.02706 0.02853 0.03086 0.03449 0.04158 0.14280 0.59237 (11)  3.819 +-  3.439
 106 V   0.00084 0.00714 0.01446 0.02030 0.02492 0.02888 0.03276 0.03744 0.04545 0.15191 0.63589 (11)  4.086 +-  3.415
 107 L   0.00404 0.01259 0.01832 0.02237 0.02575 0.02893 0.03233 0.03668 0.04441 0.14954 0.62504 (11)  4.020 +-  3.422
 108 E   0.01266 0.01958 0.02219 0.02414 0.02626 0.02868 0.03159 0.03560 0.04303 0.14627 0.61001 (11)  3.927 +-  3.432
 109 G   0.00386 0.01272 0.01867 0.02271 0.02599 0.02907 0.03238 0.03666 0.04434 0.14935 0.62425 (11)  4.016 +-  3.423
 110 F   0.00312 0.01232 0.01850 0.02265 0.02601 0.02914 0.03248 0.03677 0.04446 0.14961 0.62495 (11)  4.020 +-  3.422
 111 R   0.01715 0.02213 0.02335 0.02449 0.02618 0.02837 0.03117 0.03512 0.04249 0.14503 0.60452 (11)  3.893 +-  3.436
 112 S   0.00599 0.01590 0.02044 0.02335 0.02607 0.02891 0.03211 0.03633 0.04394 0.14850 0.61846 (11)  3.980 +-  3.426
 113 G   0.01705 0.02187 0.02295 0.02407 0.02580 0.02806 0.03093 0.03495 0.04238 0.14485 0.60710 (11)  3.908 +-  3.436
 114 Q   0.00061 0.00648 0.01402 0.02019 0.02502 0.02907 0.03297 0.03763 0.04561 0.15219 0.63622 (11)  4.089 +-  3.414
 115 Y   0.00106 0.00808 0.01534 0.02079 0.02504 0.02876 0.03249 0.03709 0.04504 0.15100 0.63532 (11)  4.082 +-  3.416
 116 T   0.00401 0.01351 0.01946 0.02316 0.02614 0.02903 0.03224 0.03647 0.04413 0.14892 0.62293 (11)  4.007 +-  3.424
 117 V   0.00575 0.01491 0.01979 0.02314 0.02606 0.02896 0.03216 0.03638 0.04399 0.14855 0.62029 (11)  3.991 +-  3.425
 118 I   0.00170 0.00891 0.01634 0.02192 0.02609 0.02958 0.03305 0.03739 0.04511 0.15091 0.62899 (11)  4.046 +-  3.418
 119 L   0.01690 0.02015 0.02179 0.02370 0.02592 0.02842 0.03138 0.03542 0.04286 0.14584 0.60763 (11)  3.912 +-  3.434
 120 C   0.00150 0.00668 0.01284 0.01856 0.02351 0.02790 0.03218 0.03718 0.04545 0.15214 0.64207 (11)  4.121 +-  3.413
 121 K   0.00178 0.00937 0.01666 0.02191 0.02585 0.02924 0.03271 0.03709 0.04487 0.15051 0.63001 (11)  4.051 +-  3.418
 122 D   0.00162 0.01023 0.01758 0.02253 0.02625 0.02951 0.03288 0.03718 0.04487 0.15047 0.62687 (11)  4.033 +-  3.419
 123 S   0.00217 0.01058 0.01807 0.02313 0.02678 0.02988 0.03307 0.03720 0.04475 0.14999 0.62440 (11)  4.019 +-  3.420
 124 H   0.03144 0.02210 0.02189 0.02341 0.02548 0.02789 0.03079 0.03476 0.04209 0.14385 0.59631 (11)  3.841 +-  3.441
 125 R   0.02361 0.03448 0.03474 0.03233 0.03054 0.03006 0.03095 0.03356 0.03985 0.13812 0.57176 (11)  3.697 +-  3.440
 126 L   0.01863 0.02011 0.02143 0.02337 0.02568 0.02826 0.03128 0.03536 0.04282 0.14577 0.60730 (11)  3.910 +-  3.435
 127 L   0.01587 0.02079 0.02247 0.02403 0.02600 0.02837 0.03128 0.03531 0.04274 0.14564 0.60749 (11)  3.911 +-  3.434
 128 K   0.00456 0.01480 0.02052 0.02379 0.02642 0.02909 0.03216 0.03631 0.04389 0.14834 0.62012 (11)  3.990 +-  3.425
 129 Q   0.01638 0.01996 0.02155 0.02349 0.02578 0.02834 0.03136 0.03545 0.04293 0.14604 0.60871 (11)  3.919 +-  3.434
 130 F   0.00110 0.00853 0.01595 0.02125 0.02536 0.02899 0.03267 0.03722 0.04512 0.15118 0.63263 (11)  4.067 +-  3.417
 131 L   0.01528 0.01989 0.02180 0.02371 0.02592 0.02842 0.03140 0.03546 0.04293 0.14605 0.60915 (11)  3.921 +-  3.433
 132 A   0.00095 0.00745 0.01454 0.02016 0.02467 0.02862 0.03252 0.03723 0.04526 0.15153 0.63707 (11)  4.092 +-  3.415
 133 E   0.00420 0.01365 0.01932 0.02302 0.02609 0.02904 0.03228 0.03652 0.04417 0.14897 0.62274 (11)  4.006 +-  3.424

Positively selected sites

	Prob(w>1)  mean w

     1 F      0.638         4.099 +- 3.415
     2 I      0.642         4.122 +- 3.411
     3 G      0.631         4.056 +- 3.420
     4 K      0.600         3.869 +- 3.432
     5 S      0.627         4.032 +- 3.421
     6 D      0.631         4.057 +- 3.418
     7 D      0.626         4.027 +- 3.422
     8 D      0.521         3.365 +- 3.449
     9 A      0.603         3.886 +- 3.436
    10 T      0.644         4.135 +- 3.410
    11 Q      0.625         4.023 +- 3.422
    12 F      0.634         4.075 +- 3.415
    13 S      0.647         4.153 +- 3.408
    14 D      0.614         3.954 +- 3.429
    16 F      0.610         3.930 +- 3.429
    17 N      0.597         3.862 +- 3.425
    18 E      0.628         4.041 +- 3.420
    19 L      0.627         4.035 +- 3.420
    20 I      0.640         4.111 +- 3.412
    21 H      0.636         4.090 +- 3.414
    22 F      0.614         3.952 +- 3.432
    23 I      0.624         4.015 +- 3.423
    24 E      0.625         4.020 +- 3.422
    25 R      0.613         3.950 +- 3.426
    26 A      0.607         3.907 +- 3.434
    27 L      0.597         3.846 +- 3.439
    28 D      0.600         3.865 +- 3.436
    29 I      0.604         3.887 +- 3.436
    30 H      0.579         3.735 +- 3.446
    31 K      0.639         4.103 +- 3.413
    32 P      0.606         3.901 +- 3.435
    33 E      0.636         4.089 +- 3.414
    34 L      0.627         4.030 +- 3.421
    35 S      0.632         4.063 +- 3.418
    36 G      0.623         4.010 +- 3.423
    37 V      0.639         4.103 +- 3.413
    38 L      0.622         4.001 +- 3.423
    39 Y      0.620         3.991 +- 3.425
    40 P      0.626         4.027 +- 3.422
    41 V      0.615         3.962 +- 3.427
    42 F      0.651         4.175 +- 3.405
    43 V      0.580         3.738 +- 3.449
    44 H      0.642         4.123 +- 3.411
    45 L      0.609         3.920 +- 3.434
    46 Y      0.608         3.917 +- 3.432
    47 L      0.623         4.006 +- 3.422
    48 R      0.634         4.078 +- 3.413
    49 L      0.623         4.006 +- 3.422
    50 V      0.624         4.015 +- 3.423
    51 S      0.646         4.146 +- 3.408
    52 A      0.623         4.010 +- 3.423
    53 D      0.629         4.042 +- 3.420
    54 K      0.646         4.147 +- 3.408
    55 S      0.629         4.043 +- 3.420
    56 A      0.646         4.147 +- 3.408
    57 D      0.626         4.027 +- 3.422
    58 A      0.558         3.600 +- 3.452
    59 V      0.607         3.909 +- 3.434
    60 A      0.555         3.582 +- 3.452
    61 F      0.606         3.901 +- 3.434
    62 Y      0.626         4.026 +- 3.423
    63 N      0.598         3.858 +- 3.431
    64 R      0.641         4.118 +- 3.410
    65 F      0.598         3.858 +- 3.431
    66 G      0.607         3.905 +- 3.435
    67 P      0.651         4.175 +- 3.405
    68 A      0.606         3.904 +- 3.436
    69 L      0.644         4.135 +- 3.408
    70 P      0.606         3.900 +- 3.436
    71 A      0.636         4.089 +- 3.414
    72 Y      0.646         4.143 +- 3.410
    73 H      0.628         4.039 +- 3.421
    74 R      0.653         4.185 +- 3.405
    75 G      0.636         4.086 +- 3.414
    76 E      0.631         4.060 +- 3.417
    77 E      0.621         3.997 +- 3.424
    78 G      0.621         3.993 +- 3.425
    79 S      0.643         4.132 +- 3.409
    80 D      0.625         4.021 +- 3.423
    81 G      0.620         3.988 +- 3.425
    82 D      0.611         3.931 +- 3.433
    83 P      0.625         4.019 +- 3.422
    84 A      0.609         3.922 +- 3.434
    85 G      0.625         4.019 +- 3.422
    86 C      0.627         4.033 +- 3.422
    87 G      0.558         3.598 +- 3.453
    88 H      0.635         4.082 +- 3.413
    89 L      0.623         4.010 +- 3.423
    90 Q      0.589         3.793 +- 3.445
    91 Q      0.606         3.901 +- 3.435
    92 L      0.606         3.901 +- 3.435
    93 R      0.626         4.025 +- 3.422
    94 A      0.633         4.067 +- 3.416
    95 V      0.625         4.023 +- 3.422
    96 T      0.625         4.021 +- 3.422
    97 R      0.624         4.015 +- 3.423
    98 P      0.592         3.819 +- 3.439
    99 G      0.605         3.894 +- 3.435
   100 Q      0.636         4.089 +- 3.414
   101 V      0.606         3.904 +- 3.435
   102 A      0.625         4.017 +- 3.423
   103 T      0.645         4.138 +- 3.408
   104 S      0.639         4.105 +- 3.413
   105 P      0.592         3.819 +- 3.439
   106 V      0.636         4.086 +- 3.415
   107 L      0.625         4.020 +- 3.422
   108 E      0.610         3.927 +- 3.432
   109 G      0.624         4.016 +- 3.423
   110 F      0.625         4.020 +- 3.422
   111 R      0.605         3.893 +- 3.436
   112 S      0.618         3.980 +- 3.426
   113 G      0.607         3.908 +- 3.436
   114 Q      0.636         4.089 +- 3.414
   115 Y      0.635         4.082 +- 3.416
   116 T      0.623         4.007 +- 3.424
   117 V      0.620         3.991 +- 3.425
   118 I      0.629         4.046 +- 3.418
   119 L      0.608         3.912 +- 3.434
   120 C      0.642         4.121 +- 3.413
   121 K      0.630         4.051 +- 3.418
   122 D      0.627         4.033 +- 3.419
   123 S      0.624         4.019 +- 3.420
   124 H      0.596         3.841 +- 3.441
   125 R      0.572         3.697 +- 3.440
   126 L      0.607         3.910 +- 3.435
   127 L      0.607         3.911 +- 3.434
   128 K      0.620         3.990 +- 3.425
   129 Q      0.609         3.919 +- 3.434
   130 F      0.633         4.067 +- 3.417
   131 L      0.609         3.921 +- 3.433
   132 A      0.637         4.092 +- 3.415
   133 E      0.623         4.006 +- 3.424

