Supplemental results for CODEML (seqf: algn  treef: tree)


dN/dS (w) for site classes (K=8)

p:   0.12500  0.12500  0.12500  0.12500  0.12500  0.12500  0.12500  0.12500
w:   0.13904  0.15919  0.17236  0.18374  0.19490  0.20701  0.22204  0.24748

Naive Empirical Bayes (NEB) probabilities for 8 classes & postmean_w
(amino acids refer to 1st sequence: Smed.24478)

   1 M   0.12579 0.12548 0.12528 0.12510 0.12494 0.12475 0.12452 0.12414 ( 1)  0.191
   2 A   0.12563 0.12538 0.12522 0.12508 0.12495 0.12480 0.12462 0.12431 ( 1)  0.191
   3 I   0.12583 0.12551 0.12529 0.12511 0.12493 0.12474 0.12450 0.12409 ( 1)  0.191
   4 H   0.12616 0.12570 0.12541 0.12515 0.12490 0.12464 0.12430 0.12374 ( 1)  0.191
   5 I   0.12597 0.12559 0.12534 0.12513 0.12492 0.12469 0.12441 0.12394 ( 1)  0.191
   6 V   0.12584 0.12551 0.12530 0.12511 0.12493 0.12473 0.12449 0.12408 ( 1)  0.191
   7 F   0.12555 0.12534 0.12520 0.12507 0.12495 0.12483 0.12467 0.12439 ( 1)  0.191
   8 S   0.12539 0.12524 0.12514 0.12505 0.12497 0.12488 0.12476 0.12457 ( 1)  0.191
   9 N   0.12619 0.12572 0.12542 0.12516 0.12490 0.12462 0.12428 0.12370 ( 1)  0.191
  10 V   0.12529 0.12518 0.12510 0.12504 0.12498 0.12491 0.12482 0.12468 ( 1)  0.191
  11 I   0.12597 0.12559 0.12534 0.12513 0.12492 0.12469 0.12441 0.12394 ( 1)  0.191
  12 Y   0.12587 0.12553 0.12531 0.12512 0.12493 0.12473 0.12448 0.12405 ( 1)  0.191
  13 A   0.12570 0.12543 0.12525 0.12509 0.12494 0.12478 0.12458 0.12423 ( 1)  0.191
  14 L   0.12551 0.12531 0.12518 0.12507 0.12496 0.12484 0.12469 0.12444 ( 1)  0.191
  15 F   0.12555 0.12534 0.12520 0.12507 0.12495 0.12483 0.12467 0.12439 ( 1)  0.191
  16 R   0.12557 0.12535 0.12520 0.12508 0.12495 0.12482 0.12465 0.12437 ( 1)  0.191
  17 L   0.12551 0.12531 0.12518 0.12507 0.12496 0.12484 0.12469 0.12444 ( 1)  0.191
  18 L   0.12570 0.12543 0.12525 0.12509 0.12494 0.12478 0.12458 0.12423 ( 1)  0.191
  19 M   0.12579 0.12548 0.12528 0.12510 0.12494 0.12475 0.12452 0.12414 ( 1)  0.191
  20 R   0.12551 0.12531 0.12518 0.12507 0.12496 0.12484 0.12469 0.12444 ( 1)  0.191
  21 P   0.12565 0.12539 0.12523 0.12509 0.12495 0.12480 0.12461 0.12429 ( 1)  0.191
  22 S   0.12523 0.12514 0.12508 0.12503 0.12498 0.12493 0.12486 0.12475 ( 1)  0.191
  23 L   0.12569 0.12542 0.12525 0.12509 0.12494 0.12478 0.12458 0.12424 ( 1)  0.191
  24 I   0.12583 0.12551 0.12529 0.12511 0.12493 0.12474 0.12450 0.12409 ( 1)  0.191
  25 R   0.12557 0.12535 0.12520 0.12508 0.12495 0.12482 0.12465 0.12437 ( 1)  0.191
  26 H   0.12616 0.12570 0.12541 0.12515 0.12490 0.12464 0.12430 0.12374 ( 1)  0.191
  27 L   0.12551 0.12531 0.12518 0.12507 0.12496 0.12484 0.12469 0.12444 ( 1)  0.191
  28 H   0.12557 0.12535 0.12520 0.12508 0.12495 0.12482 0.12465 0.12437 ( 1)  0.191
  29 D   0.12613 0.12569 0.12540 0.12515 0.12491 0.12464 0.12432 0.12377 ( 1)  0.191
  30 R   0.12563 0.12538 0.12522 0.12508 0.12495 0.12480 0.12462 0.12431 ( 1)  0.191
  31 G   0.12549 0.12530 0.12517 0.12507 0.12496 0.12484 0.12470 0.12446 ( 1)  0.191
  32 I   0.12597 0.12559 0.12534 0.12513 0.12492 0.12469 0.12441 0.12394 ( 1)  0.191
  33 P   0.12565 0.12539 0.12523 0.12509 0.12495 0.12480 0.12461 0.12429 ( 1)  0.191
  34 T   0.12573 0.12545 0.12526 0.12510 0.12494 0.12477 0.12456 0.12420 ( 1)  0.191
  35 Y   0.12530 0.12518 0.12511 0.12504 0.12498 0.12491 0.12482 0.12467 ( 1)  0.191
  36 V   0.12537 0.12523 0.12513 0.12505 0.12497 0.12488 0.12477 0.12459 ( 1)  0.191
  37 W   0.12532 0.12520 0.12511 0.12504 0.12497 0.12490 0.12480 0.12464 ( 1)  0.191
  38 V   0.12584 0.12551 0.12530 0.12511 0.12493 0.12473 0.12449 0.12408 ( 1)  0.191
  39 C   0.12564 0.12539 0.12523 0.12509 0.12495 0.12480 0.12461 0.12430 ( 1)  0.191
  40 N   0.12619 0.12572 0.12542 0.12516 0.12490 0.12462 0.12428 0.12370 ( 1)  0.191
  41 T   0.12573 0.12545 0.12526 0.12510 0.12494 0.12477 0.12456 0.12420 ( 1)  0.191
  42 Q   0.12562 0.12538 0.12522 0.12508 0.12495 0.12480 0.12462 0.12432 ( 1)  0.191
  43 Q   0.12571 0.12542 0.12524 0.12509 0.12494 0.12478 0.12458 0.12425 ( 1)  0.191
  44 Q   0.12562 0.12538 0.12522 0.12508 0.12495 0.12480 0.12462 0.12432 ( 1)  0.191
  45 F   0.12555 0.12534 0.12520 0.12507 0.12495 0.12483 0.12467 0.12439 ( 1)  0.191
  46 Q   0.12599 0.12560 0.12535 0.12513 0.12492 0.12469 0.12440 0.12392 ( 1)  0.191
  47 D   0.12613 0.12569 0.12540 0.12515 0.12491 0.12464 0.12432 0.12377 ( 1)  0.191
  48 A   0.12531 0.12519 0.12511 0.12504 0.12497 0.12490 0.12481 0.12466 ( 1)  0.191
  49 F   0.12611 0.12567 0.12539 0.12515 0.12491 0.12465 0.12433 0.12379 ( 1)  0.191
  50 E   0.12587 0.12553 0.12531 0.12512 0.12493 0.12472 0.12447 0.12405 ( 1)  0.191
  51 A   0.12563 0.12538 0.12522 0.12508 0.12495 0.12480 0.12462 0.12431 ( 1)  0.191
  52 G   0.12549 0.12530 0.12517 0.12507 0.12496 0.12484 0.12470 0.12446 ( 1)  0.191
  53 A   0.12570 0.12543 0.12525 0.12509 0.12494 0.12478 0.12458 0.12423 ( 1)  0.191
  54 E   0.12587 0.12553 0.12531 0.12512 0.12493 0.12472 0.12447 0.12405 ( 1)  0.191
  55 G   0.12562 0.12538 0.12522 0.12508 0.12495 0.12481 0.12463 0.12432 ( 1)  0.191
  56 V   0.12529 0.12518 0.12510 0.12504 0.12498 0.12491 0.12482 0.12468 ( 1)  0.191
  57 M   0.12579 0.12548 0.12528 0.12510 0.12494 0.12475 0.12452 0.12414 ( 1)  0.191
  58 T   0.12566 0.12540 0.12523 0.12509 0.12495 0.12479 0.12460 0.12428 ( 1)  0.191
  59 D   0.12613 0.12569 0.12540 0.12515 0.12491 0.12464 0.12432 0.12377 ( 1)  0.191
  60 F   0.09189 0.10490 0.11336 0.12065 0.12776 0.13547 0.14498 0.16100 ( 8)  0.196
  61 P   0.12572 0.12544 0.12525 0.12510 0.12494 0.12477 0.12457 0.12422 ( 1)  0.191
  62 T   0.12573 0.12545 0.12526 0.12510 0.12494 0.12477 0.12456 0.12420 ( 1)  0.191
  63 L   0.12570 0.12543 0.12525 0.12509 0.12494 0.12478 0.12458 0.12423 ( 1)  0.191
  64 L   0.12570 0.12543 0.12525 0.12509 0.12494 0.12478 0.12458 0.12423 ( 1)  0.191
  65 R   0.09137 0.10451 0.11309 0.12050 0.12775 0.13561 0.14535 0.16181 ( 8)  0.196
  66 Q   0.12599 0.12560 0.12535 0.12513 0.12492 0.12469 0.12440 0.12392 ( 1)  0.191
  67 F   0.12555 0.12534 0.12520 0.12507 0.12495 0.12483 0.12467 0.12439 ( 1)  0.191
  68 L   0.12530 0.12518 0.12511 0.12504 0.12498 0.12491 0.12482 0.12467 ( 1)  0.191
  69 N   0.12619 0.12572 0.12542 0.12516 0.12490 0.12462 0.12428 0.12370 ( 1)  0.191
  70 E   0.12587 0.12553 0.12531 0.12512 0.12493 0.12472 0.12447 0.12405 ( 1)  0.191
  71 N   0.12619 0.12572 0.12542 0.12516 0.12490 0.12462 0.12428 0.12370 ( 1)  0.191
  72 P   0.12565 0.12539 0.12523 0.12509 0.12495 0.12480 0.12461 0.12429 ( 1)  0.191
  73 K   0.12593 0.12557 0.12533 0.12512 0.12492 0.12471 0.12444 0.12399 ( 1)  0.191
  74 Y   0.12587 0.12553 0.12531 0.12512 0.12493 0.12473 0.12448 0.12405 ( 1)  0.191
  75 L   0.12570 0.12543 0.12525 0.12509 0.12494 0.12478 0.12458 0.12423 ( 1)  0.191
  76 H   0.12616 0.12570 0.12541 0.12515 0.12490 0.12464 0.12430 0.12374 ( 1)  0.191
  77 Y   0.12587 0.12553 0.12531 0.12512 0.12493 0.12473 0.12448 0.12405 ( 1)  0.191
  78 P   0.12565 0.12539 0.12523 0.12509 0.12495 0.12480 0.12461 0.12429 ( 1)  0.191
  79 K   0.12593 0.12557 0.12533 0.12512 0.12492 0.12471 0.12444 0.12399 ( 1)  0.191
  80 E   0.12587 0.12553 0.12531 0.12512 0.12493 0.12472 0.12447 0.12405 ( 1)  0.191
  81 N   0.12619 0.12572 0.12542 0.12516 0.12490 0.12462 0.12428 0.12370 ( 1)  0.191
  82 D   0.12613 0.12569 0.12540 0.12515 0.12491 0.12464 0.12432 0.12377 ( 1)  0.191
  83 M   0.12579 0.12548 0.12528 0.12510 0.12494 0.12475 0.12452 0.12414 ( 1)  0.191
  84 L   0.12530 0.12518 0.12511 0.12504 0.12498 0.12491 0.12482 0.12467 ( 1)  0.191
  85 I   0.12583 0.12551 0.12529 0.12511 0.12493 0.12474 0.12450 0.12409 ( 1)  0.191
  86 S   0.12539 0.12524 0.12514 0.12505 0.12497 0.12488 0.12476 0.12457 ( 1)  0.191
  87 N   0.12560 0.12537 0.12521 0.12508 0.12495 0.12481 0.12464 0.12434 ( 1)  0.191
  88 R   0.12563 0.12538 0.12522 0.12508 0.12495 0.12480 0.12462 0.12431 ( 1)  0.191
  89 G   0.12549 0.12530 0.12517 0.12507 0.12496 0.12484 0.12470 0.12446 ( 1)  0.191
  90 D   0.12613 0.12569 0.12540 0.12515 0.12491 0.12464 0.12432 0.12377 ( 1)  0.191
  91 L   0.12534 0.12521 0.12512 0.12505 0.12497 0.12489 0.12479 0.12463 ( 1)  0.191
  92 P   0.12572 0.12544 0.12525 0.12510 0.12494 0.12477 0.12457 0.12422 ( 1)  0.191
  93 P   0.12525 0.12515 0.12509 0.12503 0.12498 0.12492 0.12485 0.12473 ( 1)  0.191
  94 P   0.12572 0.12544 0.12525 0.12510 0.12494 0.12477 0.12457 0.12422 ( 1)  0.191


lnL =  -396.306174

