Supplemental results for CODEML (seqf: algn  treef: tree)


dN/dS (w) for site classes (K=2)

p:   0.99999  0.00001
w:   1.00000  1.00000

Naive Empirical Bayes (NEB) probabilities for 2 classes & postmean_w
(amino acids refer to 1st sequence: Sjap.2773)

   1 Y   0.99999 0.00001 ( 1)  1.000
   2 F   0.99999 0.00001 ( 1)  1.000
   3 D   0.99999 0.00001 ( 1)  1.000
   4 T   0.99999 0.00001 ( 1)  1.000
   5 E   0.99999 0.00001 ( 1)  1.000
   6 P   0.99999 0.00001 ( 1)  1.000
   7 F   0.99999 0.00001 ( 1)  1.000
   8 V   0.99999 0.00001 ( 1)  1.000
   9 F   0.99999 0.00001 ( 1)  1.000
  10 Y   0.99999 0.00001 ( 1)  1.000
  11 D   0.99999 0.00001 ( 1)  1.000
  12 R   0.99999 0.00001 ( 1)  1.000
  13 G   0.99999 0.00001 ( 1)  1.000
  14 A   0.99999 0.00001 ( 1)  1.000
  15 P   0.99999 0.00001 ( 1)  1.000
  16 V   0.99999 0.00001 ( 1)  1.000
  17 T   0.99999 0.00001 ( 1)  1.000
  18 S   0.99999 0.00001 ( 1)  1.000
  19 K   0.99999 0.00001 ( 1)  1.000
  20 S   0.99999 0.00001 ( 1)  1.000
  21 A   0.99999 0.00001 ( 1)  1.000
  22 T   0.99999 0.00001 ( 1)  1.000
  23 G   0.99999 0.00001 ( 1)  1.000
  24 N   0.99999 0.00001 ( 1)  1.000
  25 S   0.99999 0.00001 ( 1)  1.000
  26 L   0.99999 0.00001 ( 1)  1.000
  27 W   0.99999 0.00001 ( 1)  1.000
  28 I   0.99999 0.00001 ( 1)  1.000
  29 E   0.99999 0.00001 ( 1)  1.000
  30 N   0.99999 0.00001 ( 1)  1.000
  31 I   0.99999 0.00001 ( 1)  1.000
  32 G   0.99999 0.00001 ( 1)  1.000
  33 F   0.99999 0.00001 ( 1)  1.000
  34 T   0.99999 0.00001 ( 1)  1.000
  35 E   0.99999 0.00001 ( 1)  1.000
  36 E   0.99999 0.00001 ( 1)  1.000
  37 V   0.99999 0.00001 ( 1)  1.000
  38 N   0.99999 0.00001 ( 1)  1.000
  39 Q   0.99999 0.00001 ( 1)  1.000
  40 G   0.99999 0.00001 ( 1)  1.000
  41 S   0.99999 0.00001 ( 1)  1.000
  42 L   0.99999 0.00001 ( 1)  1.000
  43 N   0.99999 0.00001 ( 1)  1.000
  44 S   0.99999 0.00001 ( 1)  1.000
  45 L   0.99999 0.00001 ( 1)  1.000
  46 I   0.99999 0.00001 ( 1)  1.000
  47 V   0.99999 0.00001 ( 1)  1.000
  48 F   0.99999 0.00001 ( 1)  1.000
  49 G   0.99999 0.00001 ( 1)  1.000
  50 S   0.99999 0.00001 ( 1)  1.000
  51 G   0.99999 0.00001 ( 1)  1.000
  52 T   0.99999 0.00001 ( 1)  1.000
  53 M   0.99999 0.00001 ( 1)  1.000
  54 F   0.99999 0.00001 ( 1)  1.000
  55 M   0.99999 0.00001 ( 1)  1.000
  56 A   0.99999 0.00001 ( 1)  1.000
  57 D   0.99999 0.00001 ( 1)  1.000
  58 N   0.99999 0.00001 ( 1)  1.000
  59 F   0.99999 0.00001 ( 1)  1.000
  60 I   0.99999 0.00001 ( 1)  1.000
  61 S   0.99999 0.00001 ( 1)  1.000
  62 G   0.99999 0.00001 ( 1)  1.000
  63 T   0.99999 0.00001 ( 1)  1.000
  64 Q   0.99999 0.00001 ( 1)  1.000
  65 I   0.99999 0.00001 ( 1)  1.000
  66 T   0.99999 0.00001 ( 1)  1.000
  67 S   0.99999 0.00001 ( 1)  1.000
  68 I   0.99999 0.00001 ( 1)  1.000
  69 Q   0.99999 0.00001 ( 1)  1.000
  70 I   0.99999 0.00001 ( 1)  1.000


lnL =  -718.614758

