Supplemental results for CODEML (seqf: algn  treef: tree)


dN/dS (w) for site classes (K=8)

p:   0.12500  0.12500  0.12500  0.12500  0.12500  0.12500  0.12500  0.12500
w:   0.33987  0.36380  0.37877  0.39135  0.40338  0.41614  0.43158  0.45681

Naive Empirical Bayes (NEB) probabilities for 8 classes & postmean_w
(amino acids refer to 1st sequence: Mlig.20673)

   1 A   0.12504 0.12502 0.12501 0.12500 0.12500 0.12499 0.12498 0.12496 ( 1)  0.398
   2 A   0.12511 0.12506 0.12504 0.12501 0.12499 0.12497 0.12494 0.12489 ( 1)  0.398
   3 M   0.12507 0.12504 0.12502 0.12501 0.12499 0.12498 0.12496 0.12493 ( 1)  0.398
   4 H   0.12507 0.12504 0.12502 0.12501 0.12499 0.12498 0.12496 0.12493 ( 1)  0.398
   5 R   0.12510 0.12506 0.12503 0.12501 0.12499 0.12497 0.12494 0.12490 ( 1)  0.398
   6 L   0.12503 0.12502 0.12501 0.12500 0.12500 0.12499 0.12498 0.12497 ( 1)  0.398
   7 M   0.12507 0.12504 0.12502 0.12501 0.12499 0.12498 0.12496 0.12493 ( 1)  0.398
   8 G   0.12510 0.12506 0.12503 0.12501 0.12499 0.12497 0.12494 0.12490 ( 1)  0.398
   9 A   0.12511 0.12506 0.12504 0.12501 0.12499 0.12497 0.12494 0.12489 ( 1)  0.398
  10 C   0.12508 0.12505 0.12503 0.12501 0.12499 0.12497 0.12495 0.12492 ( 1)  0.398
  11 V   0.12508 0.12505 0.12503 0.12501 0.12499 0.12497 0.12495 0.12491 ( 1)  0.398
  12 S   0.12507 0.12504 0.12502 0.12501 0.12499 0.12498 0.12496 0.12493 ( 1)  0.398
  13 R   0.12510 0.12506 0.12503 0.12501 0.12499 0.12497 0.12494 0.12490 ( 1)  0.398
  14 Q   0.12509 0.12505 0.12503 0.12501 0.12499 0.12497 0.12495 0.12491 ( 1)  0.398
  15 L   0.12507 0.12504 0.12502 0.12501 0.12499 0.12498 0.12496 0.12493 ( 1)  0.398
  16 P   0.12504 0.12502 0.12501 0.12500 0.12500 0.12499 0.12498 0.12496 ( 1)  0.398
  17 E   0.12506 0.12503 0.12502 0.12501 0.12499 0.12498 0.12497 0.12494 ( 1)  0.398
  18 D   0.12512 0.12507 0.12504 0.12501 0.12499 0.12496 0.12493 0.12488 ( 1)  0.398
  19 E   0.12506 0.12503 0.12502 0.12501 0.12499 0.12498 0.12497 0.12494 ( 1)  0.398
  20 L   0.12507 0.12504 0.12502 0.12501 0.12499 0.12498 0.12496 0.12493 ( 1)  0.398
  21 S   0.12507 0.12504 0.12502 0.12501 0.12499 0.12498 0.12496 0.12493 ( 1)  0.398
  22 Q   0.12509 0.12505 0.12503 0.12501 0.12499 0.12497 0.12495 0.12491 ( 1)  0.398
  23 Q   0.12509 0.12505 0.12503 0.12501 0.12499 0.12497 0.12495 0.12491 ( 1)  0.398
  24 Q   0.12509 0.12505 0.12503 0.12501 0.12499 0.12497 0.12495 0.12491 ( 1)  0.398
  25 Q   0.12509 0.12505 0.12503 0.12501 0.12499 0.12497 0.12495 0.12491 ( 1)  0.398
  26 R   0.12510 0.12506 0.12503 0.12501 0.12499 0.12497 0.12494 0.12490 ( 1)  0.398
  27 Q   0.12509 0.12505 0.12503 0.12501 0.12499 0.12497 0.12495 0.12491 ( 1)  0.398
  28 P   0.12504 0.12502 0.12501 0.12500 0.12500 0.12499 0.12498 0.12496 ( 1)  0.398
  29 E   0.12510 0.12506 0.12503 0.12501 0.12499 0.12497 0.12494 0.12490 ( 1)  0.398
  30 Q   0.12509 0.12505 0.12503 0.12501 0.12499 0.12497 0.12495 0.12491 ( 1)  0.398
  31 K   0.12507 0.12504 0.12502 0.12501 0.12499 0.12498 0.12496 0.12493 ( 1)  0.398
  32 H   0.12511 0.12507 0.12504 0.12501 0.12499 0.12496 0.12493 0.12489 ( 1)  0.398
  33 A   0.12511 0.12506 0.12504 0.12501 0.12499 0.12497 0.12494 0.12489 ( 1)  0.398
  34 A   0.12511 0.12506 0.12504 0.12501 0.12499 0.12497 0.12494 0.12489 ( 1)  0.398
  35 K   0.12504 0.12502 0.12501 0.12500 0.12500 0.12499 0.12498 0.12496 ( 1)  0.398
  36 S   0.12507 0.12504 0.12502 0.12501 0.12499 0.12498 0.12496 0.12493 ( 1)  0.398
  37 P   0.12504 0.12502 0.12501 0.12500 0.12500 0.12499 0.12498 0.12496 ( 1)  0.398
  38 K   0.12504 0.12502 0.12501 0.12500 0.12500 0.12499 0.12498 0.12496 ( 1)  0.398
  39 R   0.12507 0.12504 0.12502 0.12501 0.12499 0.12498 0.12496 0.12493 ( 1)  0.398
  40 A   0.12509 0.12505 0.12503 0.12501 0.12499 0.12497 0.12495 0.12491 ( 1)  0.398
  41 H   0.12511 0.12507 0.12504 0.12501 0.12499 0.12496 0.12493 0.12489 ( 1)  0.398
  42 S   0.12509 0.12505 0.12503 0.12501 0.12499 0.12497 0.12495 0.12491 ( 1)  0.398
  43 F   0.12508 0.12505 0.12503 0.12501 0.12499 0.12497 0.12495 0.12492 ( 1)  0.398
  44 G   0.12510 0.12506 0.12503 0.12501 0.12499 0.12497 0.12494 0.12490 ( 1)  0.398
  45 F   0.12505 0.12503 0.12502 0.12501 0.12500 0.12499 0.12497 0.12495 ( 1)  0.398
  46 A   0.12511 0.12506 0.12504 0.12501 0.12499 0.12497 0.12494 0.12489 ( 1)  0.398
  47 A   0.12504 0.12502 0.12501 0.12500 0.12500 0.12499 0.12498 0.12496 ( 1)  0.398
  48 F   0.12508 0.12505 0.12503 0.12501 0.12499 0.12497 0.12495 0.12492 ( 1)  0.398
  49 K   0.12504 0.12502 0.12501 0.12500 0.12500 0.12499 0.12498 0.12496 ( 1)  0.398
  50 S   0.12507 0.12504 0.12502 0.12501 0.12499 0.12498 0.12496 0.12493 ( 1)  0.398
  51 P   0.12510 0.12506 0.12503 0.12501 0.12499 0.12497 0.12494 0.12489 ( 1)  0.398
  52 W   0.12506 0.12504 0.12502 0.12501 0.12499 0.12498 0.12496 0.12494 ( 1)  0.398
  53 R   0.12505 0.12503 0.12502 0.12501 0.12499 0.12498 0.12497 0.12495 ( 1)  0.398
  54 R   0.12507 0.12504 0.12502 0.12501 0.12499 0.12498 0.12496 0.12493 ( 1)  0.398
  55 Q   0.12509 0.12505 0.12503 0.12501 0.12499 0.12497 0.12495 0.12491 ( 1)  0.398
  56 Q   0.12509 0.12505 0.12503 0.12501 0.12499 0.12497 0.12495 0.12491 ( 1)  0.398
  57 H   0.12511 0.12507 0.12504 0.12501 0.12499 0.12496 0.12493 0.12489 ( 1)  0.398
  58 R   0.12507 0.12504 0.12502 0.12501 0.12499 0.12498 0.12496 0.12493 ( 1)  0.398
  59 S   0.12503 0.12502 0.12501 0.12500 0.12500 0.12499 0.12498 0.12497 ( 1)  0.398
  60 D   0.12508 0.12504 0.12502 0.12501 0.12499 0.12498 0.12496 0.12492 ( 1)  0.398
  61 R   0.12507 0.12504 0.12502 0.12501 0.12499 0.12498 0.12496 0.12493 ( 1)  0.398
  62 G   0.12510 0.12506 0.12503 0.12501 0.12499 0.12497 0.12494 0.12490 ( 1)  0.398
  63 R   0.12505 0.12503 0.12502 0.12501 0.12499 0.12498 0.12497 0.12495 ( 1)  0.398
  64 R   0.12507 0.12504 0.12502 0.12501 0.12499 0.12498 0.12496 0.12493 ( 1)  0.398
  65 P   0.12508 0.12505 0.12503 0.12501 0.12499 0.12497 0.12495 0.12492 ( 1)  0.398
  66 L   0.12510 0.12506 0.12503 0.12501 0.12499 0.12497 0.12494 0.12490 ( 1)  0.398
  67 S   0.12505 0.12503 0.12502 0.12501 0.12499 0.12498 0.12497 0.12495 ( 1)  0.398
  68 G   0.12510 0.12506 0.12503 0.12501 0.12499 0.12497 0.12494 0.12490 ( 1)  0.398
  69 D   0.12512 0.12507 0.12504 0.12501 0.12499 0.12496 0.12493 0.12488 ( 1)  0.398
  70 A   0.12506 0.12503 0.12502 0.12501 0.12499 0.12498 0.12497 0.12494 ( 1)  0.398
  71 D   0.12512 0.12507 0.12504 0.12501 0.12499 0.12496 0.12493 0.12488 ( 1)  0.398
  72 S   0.12509 0.12505 0.12503 0.12501 0.12499 0.12497 0.12495 0.12491 ( 1)  0.398
  73 L   0.12507 0.12504 0.12502 0.12501 0.12499 0.12498 0.12496 0.12493 ( 1)  0.398
  74 A   0.12511 0.12506 0.12504 0.12501 0.12499 0.12497 0.12494 0.12489 ( 1)  0.398
  75 A   0.12509 0.12505 0.12503 0.12501 0.12499 0.12497 0.12495 0.12491 ( 1)  0.398
  76 S   0.12510 0.12506 0.12503 0.12501 0.12499 0.12497 0.12494 0.12490 ( 1)  0.398
  77 Y   0.12508 0.12505 0.12503 0.12501 0.12499 0.12497 0.12495 0.12492 ( 1)  0.398
  78 A   0.12506 0.12503 0.12502 0.12501 0.12499 0.12498 0.12497 0.12494 ( 1)  0.398
  79 S   0.12510 0.12506 0.12503 0.12501 0.12499 0.12497 0.12494 0.12490 ( 1)  0.398
  80 T   0.12508 0.12505 0.12503 0.12501 0.12499 0.12497 0.12495 0.12492 ( 1)  0.398
  81 P   0.12508 0.12505 0.12503 0.12501 0.12499 0.12497 0.12495 0.12492 ( 1)  0.398
  82 A   0.12506 0.12503 0.12502 0.12501 0.12499 0.12498 0.12497 0.12494 ( 1)  0.398
  83 A   0.12511 0.12506 0.12504 0.12501 0.12499 0.12497 0.12494 0.12489 ( 1)  0.398
  84 C   0.12508 0.12505 0.12503 0.12501 0.12499 0.12497 0.12495 0.12492 ( 1)  0.398
  85 K   0.12507 0.12504 0.12502 0.12501 0.12499 0.12498 0.12496 0.12493 ( 1)  0.398
  86 S   0.12510 0.12506 0.12503 0.12501 0.12499 0.12497 0.12494 0.12490 ( 1)  0.398
  87 A   0.12506 0.12503 0.12502 0.12501 0.12499 0.12498 0.12497 0.12494 ( 1)  0.398
  88 P   0.12508 0.12505 0.12503 0.12501 0.12499 0.12497 0.12495 0.12492 ( 1)  0.398
  89 P   0.12510 0.12506 0.12503 0.12501 0.12499 0.12497 0.12494 0.12489 ( 1)  0.398
  90 L   0.12507 0.12504 0.12502 0.12501 0.12499 0.12498 0.12496 0.12493 ( 1)  0.398
  91 P   0.12504 0.12502 0.12501 0.12500 0.12500 0.12499 0.12498 0.12496 ( 1)  0.398
  92 D   0.12508 0.12504 0.12502 0.12501 0.12499 0.12498 0.12496 0.12492 ( 1)  0.398
  93 R   0.12505 0.12503 0.12502 0.12501 0.12499 0.12498 0.12497 0.12495 ( 1)  0.398
  94 R   0.12507 0.12504 0.12502 0.12501 0.12499 0.12498 0.12496 0.12493 ( 1)  0.398
  95 P   0.12504 0.12502 0.12501 0.12500 0.12500 0.12499 0.12498 0.12496 ( 1)  0.398
  96 V   0.12506 0.12503 0.12502 0.12501 0.12499 0.12498 0.12497 0.12494 ( 1)  0.398
  97 L   0.12507 0.12504 0.12502 0.12501 0.12499 0.12498 0.12496 0.12493 ( 1)  0.398
  98 L   0.12505 0.12503 0.12502 0.12501 0.12499 0.12498 0.12497 0.12495 ( 1)  0.398
  99 D   0.12508 0.12504 0.12502 0.12501 0.12499 0.12498 0.12496 0.12492 ( 1)  0.398
 100 D   0.12512 0.12507 0.12504 0.12501 0.12499 0.12496 0.12493 0.12488 ( 1)  0.398
 101 R   0.12503 0.12502 0.12501 0.12500 0.12500 0.12499 0.12498 0.12497 ( 1)  0.398
 102 S   0.12507 0.12504 0.12502 0.12501 0.12499 0.12498 0.12496 0.12493 ( 1)  0.398
 103 P   0.12504 0.12502 0.12501 0.12500 0.12500 0.12499 0.12498 0.12496 ( 1)  0.398
 104 S   0.12510 0.12506 0.12503 0.12501 0.12499 0.12497 0.12494 0.12490 ( 1)  0.398
 105 G   0.12506 0.12503 0.12502 0.12501 0.12499 0.12498 0.12497 0.12494 ( 1)  0.398
 106 S   0.12507 0.12504 0.12502 0.12501 0.12499 0.12498 0.12496 0.12493 ( 1)  0.398
 107 R   0.12507 0.12504 0.12502 0.12501 0.12499 0.12498 0.12496 0.12493 ( 1)  0.398
 108 A   0.12506 0.12503 0.12502 0.12501 0.12499 0.12498 0.12497 0.12494 ( 1)  0.398
 109 S   0.12509 0.12505 0.12503 0.12501 0.12499 0.12497 0.12495 0.12491 ( 1)  0.398
 110 E   0.12510 0.12506 0.12503 0.12501 0.12499 0.12497 0.12494 0.12490 ( 1)  0.398
 111 D   0.12508 0.12504 0.12502 0.12501 0.12499 0.12498 0.12496 0.12492 ( 1)  0.398
 112 L   0.12507 0.12504 0.12502 0.12501 0.12499 0.12498 0.12496 0.12493 ( 1)  0.398
 113 L   0.12507 0.12504 0.12502 0.12501 0.12499 0.12498 0.12496 0.12493 ( 1)  0.398
 114 P   0.12506 0.12503 0.12502 0.12501 0.12499 0.12498 0.12497 0.12494 ( 1)  0.398
 115 V   0.12508 0.12505 0.12503 0.12501 0.12499 0.12497 0.12495 0.12491 ( 1)  0.398
 116 R   0.12507 0.12504 0.12502 0.12501 0.12499 0.12498 0.12496 0.12493 ( 1)  0.398
 117 S   0.12505 0.12503 0.12502 0.12501 0.12499 0.12498 0.12497 0.12495 ( 1)  0.398
 118 V   0.12511 0.12506 0.12503 0.12501 0.12499 0.12497 0.12494 0.12489 ( 1)  0.398
 119 T   0.12510 0.12506 0.12503 0.12501 0.12499 0.12497 0.12494 0.12490 ( 1)  0.398
 120 I   0.12504 0.12503 0.12501 0.12500 0.12500 0.12499 0.12497 0.12495 ( 1)  0.398
 121 D   0.12508 0.12504 0.12502 0.12501 0.12499 0.12498 0.12496 0.12492 ( 1)  0.398
 122 N   0.12509 0.12505 0.12503 0.12501 0.12499 0.12497 0.12495 0.12491 ( 1)  0.398
 123 F   0.12508 0.12505 0.12503 0.12501 0.12499 0.12497 0.12495 0.12492 ( 1)  0.398
 124 N   0.12505 0.12503 0.12502 0.12501 0.12499 0.12498 0.12497 0.12495 ( 1)  0.398
 125 L   0.12507 0.12504 0.12502 0.12501 0.12499 0.12498 0.12496 0.12493 ( 1)  0.398
 126 A   0.12506 0.12503 0.12502 0.12501 0.12499 0.12498 0.12497 0.12494 ( 1)  0.398
 127 A   0.12511 0.12506 0.12504 0.12501 0.12499 0.12497 0.12494 0.12489 ( 1)  0.398
 128 K   0.12507 0.12504 0.12502 0.12501 0.12499 0.12498 0.12496 0.12493 ( 1)  0.398
 129 S   0.12505 0.12503 0.12502 0.12501 0.12499 0.12498 0.12497 0.12495 ( 1)  0.398
 130 D   0.12512 0.12507 0.12504 0.12501 0.12499 0.12496 0.12493 0.12488 ( 1)  0.398
 131 D   0.12508 0.12504 0.12502 0.12501 0.12499 0.12498 0.12496 0.12492 ( 1)  0.398
 132 S   0.12510 0.12506 0.12503 0.12501 0.12499 0.12497 0.12494 0.12490 ( 1)  0.398
 133 P   0.12504 0.12502 0.12501 0.12500 0.12500 0.12499 0.12498 0.12496 ( 1)  0.398
 134 S   0.12505 0.12503 0.12502 0.12501 0.12500 0.12498 0.12497 0.12495 ( 1)  0.398
 135 L   0.12510 0.12506 0.12503 0.12501 0.12499 0.12497 0.12494 0.12490 ( 1)  0.398
 136 Q   0.12505 0.12503 0.12502 0.12501 0.12499 0.12498 0.12497 0.12495 ( 1)  0.398
 137 P   0.12508 0.12505 0.12503 0.12501 0.12499 0.12497 0.12495 0.12492 ( 1)  0.398
 138 E   0.12510 0.12506 0.12503 0.12501 0.12499 0.12497 0.12494 0.12490 ( 1)  0.398
 139 P   0.12508 0.12505 0.12503 0.12501 0.12499 0.12497 0.12495 0.12492 ( 1)  0.398
 140 S   0.12507 0.12504 0.12502 0.12501 0.12499 0.12498 0.12496 0.12493 ( 1)  0.398
 141 A   0.12504 0.12502 0.12501 0.12500 0.12500 0.12499 0.12498 0.12496 ( 1)  0.398
 142 T   0.12506 0.12503 0.12502 0.12501 0.12499 0.12498 0.12497 0.12494 ( 1)  0.398
 143 S   0.12507 0.12504 0.12502 0.12501 0.12499 0.12498 0.12496 0.12493 ( 1)  0.398
 144 A   0.12504 0.12502 0.12501 0.12500 0.12500 0.12499 0.12498 0.12496 ( 1)  0.398
 145 A   0.12511 0.12506 0.12504 0.12501 0.12499 0.12497 0.12494 0.12489 ( 1)  0.398
 146 A   0.12506 0.12503 0.12502 0.12501 0.12499 0.12498 0.12497 0.12494 ( 1)  0.398
 147 L   0.12507 0.12504 0.12502 0.12501 0.12499 0.12498 0.12496 0.12493 ( 1)  0.398
 148 L   0.12507 0.12504 0.12502 0.12501 0.12499 0.12498 0.12496 0.12493 ( 1)  0.398
 149 R   0.12505 0.12503 0.12502 0.12501 0.12499 0.12498 0.12497 0.12495 ( 1)  0.398
 150 P   0.12504 0.12502 0.12501 0.12500 0.12500 0.12499 0.12498 0.12496 ( 1)  0.398
 151 S   0.12507 0.12504 0.12502 0.12501 0.12499 0.12498 0.12496 0.12493 ( 1)  0.398
 152 L   0.12504 0.12503 0.12501 0.12500 0.12500 0.12499 0.12497 0.12496 ( 1)  0.398
 153 R   0.12510 0.12506 0.12503 0.12501 0.12499 0.12497 0.12494 0.12490 ( 1)  0.398
 154 N   0.12509 0.12505 0.12503 0.12501 0.12499 0.12497 0.12495 0.12491 ( 1)  0.398
 155 R   0.12505 0.12503 0.12502 0.12501 0.12499 0.12498 0.12497 0.12495 ( 1)  0.398
 156 L   0.12504 0.12503 0.12501 0.12500 0.12500 0.12499 0.12497 0.12496 ( 1)  0.398
 157 P   0.12508 0.12505 0.12503 0.12501 0.12499 0.12497 0.12495 0.12492 ( 1)  0.398
 158 D   0.12512 0.12507 0.12504 0.12501 0.12499 0.12496 0.12493 0.12488 ( 1)  0.398
 159 K   0.12504 0.12502 0.12501 0.12500 0.12500 0.12499 0.12498 0.12496 ( 1)  0.398
 160 L   0.12502 0.12501 0.12501 0.12500 0.12500 0.12499 0.12499 0.12498 ( 1)  0.398
 161 S   0.12507 0.12504 0.12502 0.12501 0.12499 0.12498 0.12496 0.12493 ( 1)  0.398
 162 A   0.12504 0.12502 0.12501 0.12500 0.12500 0.12499 0.12498 0.12496 ( 1)  0.398
 163 P   0.12510 0.12506 0.12503 0.12501 0.12499 0.12497 0.12494 0.12489 ( 1)  0.398
 164 M   0.12507 0.12504 0.12502 0.12501 0.12499 0.12498 0.12496 0.12493 ( 1)  0.398
 165 T   0.12508 0.12505 0.12503 0.12501 0.12499 0.12497 0.12495 0.12492 ( 1)  0.398
 166 E   0.12510 0.12506 0.12503 0.12501 0.12499 0.12497 0.12494 0.12490 ( 1)  0.398
 167 A   0.12511 0.12506 0.12504 0.12501 0.12499 0.12497 0.12494 0.12489 ( 1)  0.398
 168 P   0.12508 0.12505 0.12503 0.12501 0.12499 0.12497 0.12495 0.12492 ( 1)  0.398
 169 Q   0.12509 0.12505 0.12503 0.12501 0.12499 0.12497 0.12495 0.12491 ( 1)  0.398
 170 L   0.12507 0.12504 0.12502 0.12501 0.12499 0.12498 0.12496 0.12493 ( 1)  0.398
 171 P   0.12506 0.12503 0.12502 0.12501 0.12499 0.12498 0.12497 0.12494 ( 1)  0.398
 172 P   0.12508 0.12505 0.12503 0.12501 0.12499 0.12497 0.12495 0.12492 ( 1)  0.398
 173 H   0.12507 0.12504 0.12502 0.12501 0.12499 0.12498 0.12496 0.12493 ( 1)  0.398
 174 S   0.12510 0.12506 0.12503 0.12501 0.12499 0.12497 0.12494 0.12490 ( 1)  0.398
 175 A   0.12504 0.12502 0.12501 0.12500 0.12500 0.12499 0.12498 0.12496 ( 1)  0.398
 176 S   0.12503 0.12502 0.12501 0.12500 0.12500 0.12499 0.12498 0.12497 ( 1)  0.398
 177 A   0.12511 0.12506 0.12504 0.12501 0.12499 0.12497 0.12494 0.12489 ( 1)  0.398
 178 N   0.12505 0.12503 0.12502 0.12501 0.12499 0.12498 0.12497 0.12495 ( 1)  0.398
 179 A   0.12511 0.12506 0.12504 0.12501 0.12499 0.12497 0.12494 0.12489 ( 1)  0.398
 180 Q   0.12509 0.12505 0.12503 0.12501 0.12499 0.12497 0.12495 0.12491 ( 1)  0.398
 181 L   0.12507 0.12504 0.12502 0.12501 0.12499 0.12498 0.12496 0.12493 ( 1)  0.398
 182 P   0.12510 0.12506 0.12503 0.12501 0.12499 0.12497 0.12494 0.12489 ( 1)  0.398
 183 A   0.12504 0.12502 0.12501 0.12500 0.12500 0.12499 0.12498 0.12496 ( 1)  0.398
 184 V   0.12508 0.12505 0.12503 0.12501 0.12499 0.12497 0.12495 0.12491 ( 1)  0.398
 185 R   0.12507 0.12504 0.12502 0.12501 0.12499 0.12498 0.12496 0.12493 ( 1)  0.398
 186 S   0.12507 0.12504 0.12502 0.12501 0.12499 0.12498 0.12496 0.12493 ( 1)  0.398
 187 V   0.10688 0.11438 0.11907 0.12301 0.12678 0.13078 0.13561 0.14350 ( 8)  0.401
 188 E   0.12510 0.12506 0.12503 0.12501 0.12499 0.12497 0.12494 0.12490 ( 1)  0.398
 189 D   0.12512 0.12507 0.12504 0.12501 0.12499 0.12496 0.12493 0.12488 ( 1)  0.398
 190 R   0.12506 0.12504 0.12502 0.12501 0.12499 0.12498 0.12496 0.12494 ( 1)  0.398
 191 P   0.12506 0.12503 0.12502 0.12501 0.12499 0.12498 0.12497 0.12494 ( 1)  0.398
 192 D   0.12512 0.12507 0.12504 0.12501 0.12499 0.12496 0.12493 0.12488 ( 1)  0.398
 193 T   0.12506 0.12503 0.12502 0.12501 0.12499 0.12498 0.12497 0.12494 ( 1)  0.398
 194 V   0.12511 0.12506 0.12503 0.12501 0.12499 0.12497 0.12494 0.12489 ( 1)  0.398
 195 T   0.12506 0.12503 0.12502 0.12501 0.12499 0.12498 0.12497 0.12494 ( 1)  0.398
 196 T   0.12510 0.12506 0.12503 0.12501 0.12499 0.12497 0.12494 0.12490 ( 1)  0.398
 197 Y   0.12504 0.12503 0.12501 0.12500 0.12500 0.12499 0.12497 0.12496 ( 1)  0.398
 198 S   0.12509 0.12505 0.12503 0.12501 0.12499 0.12497 0.12495 0.12491 ( 1)  0.398
 199 E   0.12506 0.12503 0.12502 0.12501 0.12499 0.12498 0.12497 0.12494 ( 1)  0.398
 200 V   0.12511 0.12506 0.12503 0.12501 0.12499 0.12497 0.12494 0.12489 ( 1)  0.398
 201 C   0.12508 0.12505 0.12503 0.12501 0.12499 0.12497 0.12495 0.12492 ( 1)  0.398
 202 P   0.12508 0.12505 0.12503 0.12501 0.12499 0.12497 0.12495 0.12492 ( 1)  0.398
 203 S   0.12503 0.12502 0.12501 0.12500 0.12500 0.12499 0.12498 0.12497 ( 1)  0.398
 204 T   0.12506 0.12503 0.12502 0.12501 0.12499 0.12498 0.12497 0.12494 ( 1)  0.398
 205 D   0.12512 0.12507 0.12504 0.12501 0.12499 0.12496 0.12493 0.12488 ( 1)  0.398
 206 N   0.12509 0.12505 0.12503 0.12501 0.12499 0.12497 0.12495 0.12491 ( 1)  0.398
 207 D   0.12508 0.12504 0.12502 0.12501 0.12499 0.12498 0.12496 0.12492 ( 1)  0.398
 208 S   0.12505 0.12503 0.12502 0.12501 0.12500 0.12498 0.12497 0.12495 ( 1)  0.398
 209 Q   0.12509 0.12505 0.12503 0.12501 0.12499 0.12497 0.12495 0.12491 ( 1)  0.398
 210 A   0.12506 0.12503 0.12502 0.12501 0.12499 0.12498 0.12497 0.12494 ( 1)  0.398
 211 S   0.12509 0.12505 0.12503 0.12501 0.12499 0.12497 0.12495 0.12491 ( 1)  0.398
 212 G   0.12506 0.12503 0.12502 0.12501 0.12499 0.12498 0.12497 0.12494 ( 1)  0.398
 213 L   0.12507 0.12504 0.12502 0.12501 0.12499 0.12498 0.12496 0.12493 ( 1)  0.398
 214 P   0.12506 0.12503 0.12502 0.12501 0.12499 0.12498 0.12497 0.12494 ( 1)  0.398
 215 V   0.12506 0.12503 0.12502 0.12501 0.12499 0.12498 0.12497 0.12494 ( 1)  0.398
 216 D   0.12512 0.12507 0.12504 0.12501 0.12499 0.12496 0.12493 0.12488 ( 1)  0.398
 217 R   0.12503 0.12502 0.12501 0.12500 0.12500 0.12499 0.12498 0.12497 ( 1)  0.398
 218 S   0.12505 0.12503 0.12502 0.12501 0.12499 0.12498 0.12497 0.12495 ( 1)  0.398
 219 P   0.12508 0.12505 0.12503 0.12501 0.12499 0.12497 0.12495 0.12492 ( 1)  0.398
 220 S   0.12505 0.12503 0.12502 0.12501 0.12499 0.12498 0.12497 0.12495 ( 1)  0.398
 221 Q   0.12509 0.12505 0.12503 0.12501 0.12499 0.12497 0.12495 0.12491 ( 1)  0.398
 222 P   0.12504 0.12502 0.12501 0.12500 0.12500 0.12499 0.12498 0.12496 ( 1)  0.398
 223 S   0.12505 0.12503 0.12502 0.12501 0.12499 0.12498 0.12497 0.12495 ( 1)  0.398
 224 V   0.12505 0.12503 0.12502 0.12501 0.12500 0.12498 0.12497 0.12495 ( 1)  0.398
 225 A   0.12506 0.12503 0.12502 0.12501 0.12499 0.12498 0.12497 0.12494 ( 1)  0.398
 226 A   0.12511 0.12506 0.12504 0.12501 0.12499 0.12497 0.12494 0.12489 ( 1)  0.398
 227 P   0.12504 0.12502 0.12501 0.12500 0.12500 0.12499 0.12498 0.12496 ( 1)  0.398
 228 V   0.12506 0.12503 0.12502 0.12501 0.12499 0.12498 0.12497 0.12494 ( 1)  0.398
 229 A   0.12504 0.12502 0.12501 0.12500 0.12500 0.12499 0.12498 0.12496 ( 1)  0.398
 230 A   0.12511 0.12506 0.12504 0.12501 0.12499 0.12497 0.12494 0.12489 ( 1)  0.398
 231 A   0.12511 0.12506 0.12504 0.12501 0.12499 0.12497 0.12494 0.12489 ( 1)  0.398
 232 T   0.12510 0.12506 0.12503 0.12501 0.12499 0.12497 0.12494 0.12490 ( 1)  0.398
 233 S   0.12505 0.12503 0.12502 0.12501 0.12499 0.12498 0.12497 0.12495 ( 1)  0.398
 234 V   0.12508 0.12505 0.12503 0.12501 0.12499 0.12497 0.12495 0.12492 ( 1)  0.398
 235 Y   0.12504 0.12503 0.12501 0.12500 0.12500 0.12499 0.12497 0.12496 ( 1)  0.398
 236 R   0.12510 0.12506 0.12503 0.12501 0.12499 0.12497 0.12494 0.12490 ( 1)  0.398
 237 R   0.12505 0.12503 0.12502 0.12501 0.12499 0.12498 0.12497 0.12495 ( 1)  0.398
 238 S   0.12510 0.12506 0.12503 0.12501 0.12499 0.12497 0.12494 0.12490 ( 1)  0.398
 239 R   0.12505 0.12503 0.12502 0.12501 0.12499 0.12498 0.12497 0.12495 ( 1)  0.398
 240 L   0.12507 0.12504 0.12502 0.12501 0.12499 0.12498 0.12496 0.12493 ( 1)  0.398
 241 A   0.12511 0.12506 0.12504 0.12501 0.12499 0.12497 0.12494 0.12489 ( 1)  0.398
 242 S   0.12510 0.12506 0.12503 0.12501 0.12499 0.12497 0.12494 0.12490 ( 1)  0.398
 243 G   0.12506 0.12503 0.12502 0.12501 0.12499 0.12498 0.12497 0.12494 ( 1)  0.398
 244 A   0.12509 0.12505 0.12503 0.12501 0.12499 0.12497 0.12495 0.12491 ( 1)  0.398
 245 S   0.12505 0.12503 0.12502 0.12501 0.12499 0.12498 0.12497 0.12495 ( 1)  0.398
 246 S   0.12509 0.12505 0.12503 0.12501 0.12499 0.12497 0.12495 0.12491 ( 1)  0.398
 247 L   0.12507 0.12504 0.12502 0.12501 0.12499 0.12498 0.12496 0.12493 ( 1)  0.398
 248 D   0.12512 0.12507 0.12504 0.12501 0.12499 0.12496 0.12493 0.12488 ( 1)  0.398
 249 S   0.12505 0.12503 0.12502 0.12501 0.12499 0.12498 0.12497 0.12495 ( 1)  0.398
 250 D   0.12512 0.12507 0.12504 0.12501 0.12499 0.12496 0.12493 0.12488 ( 1)  0.398
 251 D   0.12512 0.12507 0.12504 0.12501 0.12499 0.12496 0.12493 0.12488 ( 1)  0.398
 252 L   0.12510 0.12506 0.12503 0.12501 0.12499 0.12497 0.12494 0.12490 ( 1)  0.398
 253 M   0.12507 0.12504 0.12502 0.12501 0.12499 0.12498 0.12496 0.12493 ( 1)  0.398
 254 L   0.12507 0.12504 0.12502 0.12501 0.12499 0.12498 0.12496 0.12493 ( 1)  0.398
 255 G   0.12510 0.12506 0.12503 0.12501 0.12499 0.12497 0.12494 0.12490 ( 1)  0.398
 256 T   0.12508 0.12505 0.12503 0.12501 0.12499 0.12497 0.12495 0.12492 ( 1)  0.398
 257 D   0.12512 0.12507 0.12504 0.12501 0.12499 0.12496 0.12493 0.12488 ( 1)  0.398
 258 C   0.12508 0.12505 0.12503 0.12501 0.12499 0.12497 0.12495 0.12492 ( 1)  0.398
 259 D   0.12512 0.12507 0.12504 0.12501 0.12499 0.12496 0.12493 0.12488 ( 1)  0.398
 260 T   0.12510 0.12506 0.12503 0.12501 0.12499 0.12497 0.12494 0.12490 ( 1)  0.398
 261 D   0.12512 0.12507 0.12504 0.12501 0.12499 0.12496 0.12493 0.12488 ( 1)  0.398
 262 C   0.12508 0.12505 0.12503 0.12501 0.12499 0.12497 0.12495 0.12492 ( 1)  0.398
 263 E   0.12506 0.12503 0.12502 0.12501 0.12499 0.12498 0.12497 0.12494 ( 1)  0.398
 264 H   0.12511 0.12507 0.12504 0.12501 0.12499 0.12496 0.12493 0.12489 ( 1)  0.398
 265 D   0.12512 0.12507 0.12504 0.12501 0.12499 0.12496 0.12493 0.12488 ( 1)  0.398
 266 T   0.12506 0.12503 0.12502 0.12501 0.12499 0.12498 0.12497 0.12494 ( 1)  0.398
 267 G   0.12503 0.12502 0.12501 0.12500 0.12500 0.12499 0.12498 0.12497 ( 1)  0.398
 268 G   0.12510 0.12506 0.12503 0.12501 0.12499 0.12497 0.12494 0.12490 ( 1)  0.398
 269 G   0.12510 0.12506 0.12503 0.12501 0.12499 0.12497 0.12494 0.12490 ( 1)  0.398
 270 G   0.12510 0.12506 0.12503 0.12501 0.12499 0.12497 0.12494 0.12490 ( 1)  0.398
 271 G   0.12503 0.12502 0.12501 0.12500 0.12500 0.12499 0.12498 0.12497 ( 1)  0.398
 272 V   0.10687 0.11437 0.11907 0.12301 0.12678 0.13078 0.13561 0.14351 ( 8)  0.401
 273 G   0.12503 0.12502 0.12501 0.12500 0.12500 0.12499 0.12498 0.12497 ( 1)  0.398
 274 G   0.12503 0.12502 0.12501 0.12500 0.12500 0.12499 0.12498 0.12497 ( 1)  0.398
 275 D   0.12512 0.12507 0.12504 0.12501 0.12499 0.12496 0.12493 0.12488 ( 1)  0.398
 276 D   0.12508 0.12504 0.12502 0.12501 0.12499 0.12498 0.12496 0.12492 ( 1)  0.398
 277 D   0.12512 0.12507 0.12504 0.12501 0.12499 0.12496 0.12493 0.12488 ( 1)  0.398
 278 T   0.12503 0.12502 0.12501 0.12500 0.12500 0.12499 0.12498 0.12496 ( 1)  0.398
 279 C   0.12508 0.12505 0.12503 0.12501 0.12499 0.12497 0.12495 0.12492 ( 1)  0.398
 280 G   0.12510 0.12506 0.12503 0.12501 0.12499 0.12497 0.12494 0.12490 ( 1)  0.398
 281 G   0.12503 0.12502 0.12501 0.12500 0.12500 0.12499 0.12498 0.12497 ( 1)  0.398
 282 A   0.12511 0.12506 0.12504 0.12501 0.12499 0.12497 0.12494 0.12489 ( 1)  0.398
 283 S   0.12505 0.12503 0.12502 0.12501 0.12500 0.12498 0.12497 0.12495 ( 1)  0.398
 284 L   0.12507 0.12504 0.12502 0.12501 0.12499 0.12498 0.12496 0.12493 ( 1)  0.398
 285 T   0.12510 0.12506 0.12503 0.12501 0.12499 0.12497 0.12494 0.12490 ( 1)  0.398
 286 T   0.12506 0.12503 0.12502 0.12501 0.12499 0.12498 0.12497 0.12494 ( 1)  0.398
 287 S   0.12503 0.12502 0.12501 0.12500 0.12500 0.12499 0.12498 0.12497 ( 1)  0.398
 288 R   0.12507 0.12504 0.12502 0.12501 0.12499 0.12498 0.12496 0.12493 ( 1)  0.398
 289 A   0.12506 0.12503 0.12502 0.12501 0.12499 0.12498 0.12497 0.12494 ( 1)  0.398
 290 G   0.12508 0.12505 0.12503 0.12501 0.12499 0.12497 0.12495 0.12492 ( 1)  0.398
 291 T   0.12503 0.12502 0.12501 0.12500 0.12500 0.12499 0.12498 0.12496 ( 1)  0.398
 292 D   0.12512 0.12507 0.12504 0.12501 0.12499 0.12496 0.12493 0.12488 ( 1)  0.398
 293 L   0.12510 0.12506 0.12503 0.12501 0.12499 0.12497 0.12494 0.12490 ( 1)  0.398
 294 A   0.12511 0.12506 0.12504 0.12501 0.12499 0.12497 0.12494 0.12489 ( 1)  0.398
 295 D   0.12512 0.12507 0.12504 0.12501 0.12499 0.12496 0.12493 0.12488 ( 1)  0.398
 296 C   0.12508 0.12505 0.12503 0.12501 0.12499 0.12497 0.12495 0.12492 ( 1)  0.398
 297 L   0.12504 0.12503 0.12501 0.12500 0.12500 0.12499 0.12497 0.12496 ( 1)  0.398
 298 I   0.12508 0.12505 0.12503 0.12501 0.12499 0.12497 0.12495 0.12492 ( 1)  0.398
 299 R   0.12506 0.12504 0.12502 0.12501 0.12499 0.12498 0.12496 0.12494 ( 1)  0.398
 300 E   0.12510 0.12506 0.12503 0.12501 0.12499 0.12497 0.12494 0.12490 ( 1)  0.398
 301 E   0.12510 0.12506 0.12503 0.12501 0.12499 0.12497 0.12494 0.12490 ( 1)  0.398
 302 E   0.12510 0.12506 0.12503 0.12501 0.12499 0.12497 0.12494 0.12490 ( 1)  0.398
 303 E   0.12506 0.12503 0.12502 0.12501 0.12499 0.12498 0.12497 0.12494 ( 1)  0.398
 304 Y   0.12508 0.12505 0.12503 0.12501 0.12499 0.12497 0.12495 0.12492 ( 1)  0.398
 305 E   0.12506 0.12503 0.12502 0.12501 0.12499 0.12498 0.12497 0.12494 ( 1)  0.398
 306 V   0.12508 0.12505 0.12503 0.12501 0.12499 0.12497 0.12495 0.12491 ( 1)  0.398
 307 N   0.12509 0.12505 0.12503 0.12501 0.12499 0.12497 0.12495 0.12491 ( 1)  0.398
 308 Q   0.12509 0.12505 0.12503 0.12501 0.12499 0.12497 0.12495 0.12491 ( 1)  0.398
 309 E   0.12506 0.12503 0.12502 0.12501 0.12499 0.12498 0.12497 0.12494 ( 1)  0.398
 310 D   0.12512 0.12507 0.12504 0.12501 0.12499 0.12496 0.12493 0.12488 ( 1)  0.398
 311 A   0.12509 0.12505 0.12503 0.12501 0.12499 0.12497 0.12495 0.12491 ( 1)  0.398
 312 D   0.12512 0.12507 0.12504 0.12501 0.12499 0.12496 0.12493 0.12488 ( 1)  0.398
 313 D   0.12512 0.12507 0.12504 0.12501 0.12499 0.12496 0.12493 0.12488 ( 1)  0.398
 314 N   0.12509 0.12505 0.12503 0.12501 0.12499 0.12497 0.12495 0.12491 ( 1)  0.398
 315 Q   0.12505 0.12503 0.12502 0.12501 0.12499 0.12498 0.12497 0.12495 ( 1)  0.398
 316 A   0.12509 0.12505 0.12503 0.12501 0.12499 0.12497 0.12495 0.12491 ( 1)  0.398
 317 G   0.12506 0.12503 0.12502 0.12501 0.12499 0.12498 0.12497 0.12494 ( 1)  0.398
 318 V   0.12511 0.12506 0.12503 0.12501 0.12499 0.12497 0.12494 0.12489 ( 1)  0.398
 319 A   0.12504 0.12502 0.12501 0.12500 0.12500 0.12499 0.12498 0.12496 ( 1)  0.398
 320 A   0.12511 0.12506 0.12504 0.12501 0.12499 0.12497 0.12494 0.12489 ( 1)  0.398
 321 C   0.12505 0.12503 0.12502 0.12501 0.12500 0.12498 0.12497 0.12495 ( 1)  0.398
 322 A   0.12506 0.12503 0.12502 0.12501 0.12499 0.12498 0.12497 0.12494 ( 1)  0.398
 323 D   0.12512 0.12507 0.12504 0.12501 0.12499 0.12496 0.12493 0.12488 ( 1)  0.398
 324 I   0.12504 0.12503 0.12501 0.12500 0.12500 0.12499 0.12497 0.12495 ( 1)  0.398
 325 V   0.12511 0.12506 0.12503 0.12501 0.12499 0.12497 0.12494 0.12489 ( 1)  0.398
 326 G   0.12510 0.12506 0.12503 0.12501 0.12499 0.12497 0.12494 0.12490 ( 1)  0.398
 327 S   0.12509 0.12505 0.12503 0.12501 0.12499 0.12497 0.12495 0.12491 ( 1)  0.398
 328 L   0.12507 0.12504 0.12502 0.12501 0.12499 0.12498 0.12496 0.12493 ( 1)  0.398
 329 M   0.12507 0.12504 0.12502 0.12501 0.12499 0.12498 0.12496 0.12493 ( 1)  0.398
 330 T   0.12510 0.12506 0.12503 0.12501 0.12499 0.12497 0.12494 0.12490 ( 1)  0.398
 331 A   0.12511 0.12506 0.12504 0.12501 0.12499 0.12497 0.12494 0.12489 ( 1)  0.398
 332 S   0.12509 0.12505 0.12503 0.12501 0.12499 0.12497 0.12495 0.12491 ( 1)  0.398
 333 L   0.12507 0.12504 0.12502 0.12501 0.12499 0.12498 0.12496 0.12493 ( 1)  0.398
 334 P   0.12506 0.12503 0.12502 0.12501 0.12499 0.12498 0.12497 0.12494 ( 1)  0.398
 335 P   0.12510 0.12506 0.12503 0.12501 0.12499 0.12497 0.12494 0.12489 ( 1)  0.398
 336 D   0.12512 0.12507 0.12504 0.12501 0.12499 0.12496 0.12493 0.12488 ( 1)  0.398
 337 S   0.12509 0.12505 0.12503 0.12501 0.12499 0.12497 0.12495 0.12491 ( 1)  0.398
 338 L   0.12510 0.12506 0.12503 0.12501 0.12499 0.12497 0.12494 0.12490 ( 1)  0.398
 339 T   0.12510 0.12506 0.12503 0.12501 0.12499 0.12497 0.12494 0.12490 ( 1)  0.398
 340 R   0.12506 0.12504 0.12502 0.12501 0.12499 0.12498 0.12496 0.12494 ( 1)  0.398
 341 H   0.12507 0.12504 0.12502 0.12501 0.12499 0.12498 0.12496 0.12493 ( 1)  0.398
 342 L   0.12505 0.12503 0.12502 0.12501 0.12499 0.12498 0.12497 0.12495 ( 1)  0.398
 343 R   0.12510 0.12506 0.12503 0.12501 0.12499 0.12497 0.12494 0.12490 ( 1)  0.398
 344 R   0.12510 0.12506 0.12503 0.12501 0.12499 0.12497 0.12494 0.12490 ( 1)  0.398
 345 Q   0.12509 0.12505 0.12503 0.12501 0.12499 0.12497 0.12495 0.12491 ( 1)  0.398
 346 Q   0.12509 0.12505 0.12503 0.12501 0.12499 0.12497 0.12495 0.12491 ( 1)  0.398
 347 Q   0.12509 0.12505 0.12503 0.12501 0.12499 0.12497 0.12495 0.12491 ( 1)  0.398
 348 P   0.12508 0.12505 0.12503 0.12501 0.12499 0.12497 0.12495 0.12492 ( 1)  0.398
 349 P   0.12508 0.12505 0.12503 0.12501 0.12499 0.12497 0.12495 0.12492 ( 1)  0.398
 350 L   0.12507 0.12504 0.12502 0.12501 0.12499 0.12498 0.12496 0.12493 ( 1)  0.398
 351 S   0.12505 0.12503 0.12502 0.12501 0.12499 0.12498 0.12497 0.12495 ( 1)  0.398
 352 L   0.12507 0.12504 0.12502 0.12501 0.12499 0.12498 0.12496 0.12493 ( 1)  0.398
 353 S   0.12505 0.12503 0.12502 0.12501 0.12499 0.12498 0.12497 0.12495 ( 1)  0.398
 354 L   0.12507 0.12504 0.12502 0.12501 0.12499 0.12498 0.12496 0.12493 ( 1)  0.398
 355 A   0.12511 0.12506 0.12504 0.12501 0.12499 0.12497 0.12494 0.12489 ( 1)  0.398
 356 A   0.12511 0.12506 0.12504 0.12501 0.12499 0.12497 0.12494 0.12489 ( 1)  0.398
 357 S   0.12509 0.12505 0.12503 0.12501 0.12499 0.12497 0.12495 0.12491 ( 1)  0.398
 358 S   0.12510 0.12506 0.12503 0.12501 0.12499 0.12497 0.12494 0.12490 ( 1)  0.398
 359 M   0.12507 0.12504 0.12502 0.12501 0.12499 0.12498 0.12496 0.12493 ( 1)  0.398
 360 R   0.12510 0.12506 0.12503 0.12501 0.12499 0.12497 0.12494 0.12490 ( 1)  0.398
 361 F   0.12508 0.12505 0.12503 0.12501 0.12499 0.12497 0.12495 0.12492 ( 1)  0.398
 362 R   0.12505 0.12503 0.12502 0.12501 0.12499 0.12498 0.12497 0.12495 ( 1)  0.398
 363 P   0.12508 0.12505 0.12503 0.12501 0.12499 0.12497 0.12495 0.12492 ( 1)  0.398
 364 R   0.12503 0.12502 0.12501 0.12500 0.12500 0.12499 0.12498 0.12497 ( 1)  0.398
 365 S   0.12503 0.12502 0.12501 0.12500 0.12500 0.12499 0.12498 0.12497 ( 1)  0.398
 366 V   0.12508 0.12505 0.12503 0.12501 0.12499 0.12497 0.12495 0.12491 ( 1)  0.398
 367 S   0.12507 0.12504 0.12502 0.12501 0.12499 0.12498 0.12496 0.12493 ( 1)  0.398
 368 S   0.12505 0.12503 0.12502 0.12501 0.12499 0.12498 0.12497 0.12495 ( 1)  0.398
 369 P   0.12506 0.12503 0.12502 0.12501 0.12499 0.12498 0.12497 0.12494 ( 1)  0.398
 370 Q   0.12509 0.12505 0.12503 0.12501 0.12499 0.12497 0.12495 0.12491 ( 1)  0.398
 371 G   0.12506 0.12503 0.12502 0.12501 0.12499 0.12498 0.12497 0.12494 ( 1)  0.398
 372 D   0.12512 0.12507 0.12504 0.12501 0.12499 0.12496 0.12493 0.12488 ( 1)  0.398
 373 L   0.12507 0.12504 0.12502 0.12501 0.12499 0.12498 0.12496 0.12493 ( 1)  0.398
 374 L   0.12510 0.12506 0.12503 0.12501 0.12499 0.12497 0.12494 0.12490 ( 1)  0.398
 375 L   0.12505 0.12503 0.12502 0.12501 0.12499 0.12498 0.12497 0.12495 ( 1)  0.398
 376 L   0.12503 0.12502 0.12501 0.12500 0.12500 0.12499 0.12498 0.12497 ( 1)  0.398
 377 P   0.12510 0.12506 0.12503 0.12501 0.12499 0.12497 0.12494 0.12489 ( 1)  0.398
 378 G   0.12510 0.12506 0.12503 0.12501 0.12499 0.12497 0.12494 0.12490 ( 1)  0.398
 379 S   0.12507 0.12504 0.12502 0.12501 0.12499 0.12498 0.12496 0.12493 ( 1)  0.398
 380 D   0.12512 0.12507 0.12504 0.12501 0.12499 0.12496 0.12493 0.12488 ( 1)  0.398
 381 L   0.12505 0.12503 0.12502 0.12501 0.12499 0.12498 0.12497 0.12495 ( 1)  0.398
 382 R   0.12507 0.12504 0.12502 0.12501 0.12499 0.12498 0.12496 0.12493 ( 1)  0.398
 383 H   0.12511 0.12507 0.12504 0.12501 0.12499 0.12496 0.12493 0.12489 ( 1)  0.398
 384 L   0.12507 0.12504 0.12502 0.12501 0.12499 0.12498 0.12496 0.12493 ( 1)  0.398
 385 A   0.12506 0.12503 0.12502 0.12501 0.12499 0.12498 0.12497 0.12494 ( 1)  0.398
 386 H   0.12511 0.12507 0.12504 0.12501 0.12499 0.12496 0.12493 0.12489 ( 1)  0.398
 387 D   0.12508 0.12504 0.12502 0.12501 0.12499 0.12498 0.12496 0.12492 ( 1)  0.398
 388 V   0.12511 0.12506 0.12503 0.12501 0.12499 0.12497 0.12494 0.12489 ( 1)  0.398
 389 T   0.12510 0.12506 0.12503 0.12501 0.12499 0.12497 0.12494 0.12490 ( 1)  0.398
 390 G   0.12508 0.12505 0.12503 0.12501 0.12499 0.12497 0.12495 0.12492 ( 1)  0.398
 391 V   0.12508 0.12505 0.12503 0.12501 0.12499 0.12497 0.12495 0.12491 ( 1)  0.398
 392 K   0.12507 0.12504 0.12502 0.12501 0.12499 0.12498 0.12496 0.12493 ( 1)  0.398
 393 T   0.12506 0.12503 0.12502 0.12501 0.12499 0.12498 0.12497 0.12494 ( 1)  0.398
 394 L   0.12507 0.12504 0.12502 0.12501 0.12499 0.12498 0.12496 0.12493 ( 1)  0.398
 395 L   0.12503 0.12502 0.12501 0.12500 0.12500 0.12499 0.12498 0.12497 ( 1)  0.398
 396 L   0.12510 0.12506 0.12503 0.12501 0.12499 0.12497 0.12494 0.12490 ( 1)  0.398
 397 R   0.12510 0.12506 0.12503 0.12501 0.12499 0.12497 0.12494 0.12490 ( 1)  0.398
 398 L   0.12504 0.12503 0.12501 0.12500 0.12500 0.12499 0.12497 0.12496 ( 1)  0.398
 399 R   0.12510 0.12506 0.12503 0.12501 0.12499 0.12497 0.12494 0.12490 ( 1)  0.398
 400 R   0.12506 0.12504 0.12502 0.12501 0.12499 0.12498 0.12496 0.12494 ( 1)  0.398
 401 Q   0.12509 0.12505 0.12503 0.12501 0.12499 0.12497 0.12495 0.12491 ( 1)  0.398
 402 L   0.12507 0.12504 0.12502 0.12501 0.12499 0.12498 0.12496 0.12493 ( 1)  0.398
 403 L   0.12505 0.12503 0.12502 0.12501 0.12499 0.12498 0.12497 0.12495 ( 1)  0.398
 404 D   0.12512 0.12507 0.12504 0.12501 0.12499 0.12496 0.12493 0.12488 ( 1)  0.398
 405 D   0.12508 0.12504 0.12502 0.12501 0.12499 0.12498 0.12496 0.12492 ( 1)  0.398
 406 G   0.12506 0.12503 0.12502 0.12501 0.12499 0.12498 0.12497 0.12494 ( 1)  0.398
 407 R   0.12503 0.12502 0.12501 0.12500 0.12500 0.12499 0.12498 0.12497 ( 1)  0.398
 408 T   0.12506 0.12503 0.12502 0.12501 0.12499 0.12498 0.12497 0.12494 ( 1)  0.398
 409 S   0.12507 0.12504 0.12502 0.12501 0.12499 0.12498 0.12496 0.12493 ( 1)  0.398
 410 A   0.12506 0.12503 0.12502 0.12501 0.12499 0.12498 0.12497 0.12494 ( 1)  0.398
 411 V   0.12511 0.12506 0.12503 0.12501 0.12499 0.12497 0.12494 0.12489 ( 1)  0.398
 412 V   0.12511 0.12506 0.12503 0.12501 0.12499 0.12497 0.12494 0.12489 ( 1)  0.398
 413 T   0.12508 0.12505 0.12503 0.12501 0.12499 0.12497 0.12495 0.12492 ( 1)  0.398
 414 P   0.12506 0.12503 0.12502 0.12501 0.12499 0.12498 0.12497 0.12494 ( 1)  0.398
 415 T   0.12510 0.12506 0.12503 0.12501 0.12499 0.12497 0.12494 0.12490 ( 1)  0.398
 416 G   0.12510 0.12506 0.12503 0.12501 0.12499 0.12497 0.12494 0.12490 ( 1)  0.398
 417 C   0.12508 0.12505 0.12503 0.12501 0.12499 0.12497 0.12495 0.12492 ( 1)  0.398
 418 C   0.12508 0.12505 0.12503 0.12501 0.12499 0.12497 0.12495 0.12492 ( 1)  0.398
 419 G   0.12503 0.12502 0.12501 0.12500 0.12500 0.12499 0.12498 0.12497 ( 1)  0.398
 420 G   0.12510 0.12506 0.12503 0.12501 0.12499 0.12497 0.12494 0.12490 ( 1)  0.398
 421 A   0.12511 0.12506 0.12504 0.12501 0.12499 0.12497 0.12494 0.12489 ( 1)  0.398
 422 S   0.12509 0.12505 0.12503 0.12501 0.12499 0.12497 0.12495 0.12491 ( 1)  0.398
 423 S   0.12505 0.12503 0.12502 0.12501 0.12500 0.12498 0.12497 0.12495 ( 1)  0.398
 424 G   0.12510 0.12506 0.12503 0.12501 0.12499 0.12497 0.12494 0.12490 ( 1)  0.398
 425 G   0.12510 0.12506 0.12503 0.12501 0.12499 0.12497 0.12494 0.12490 ( 1)  0.398
 426 G   0.12503 0.12502 0.12501 0.12500 0.12500 0.12499 0.12498 0.12497 ( 1)  0.398
 427 G   0.12506 0.12503 0.12502 0.12501 0.12499 0.12498 0.12497 0.12494 ( 1)  0.398
 428 G   0.12510 0.12506 0.12503 0.12501 0.12499 0.12497 0.12494 0.12490 ( 1)  0.398
 429 T   0.12510 0.12506 0.12503 0.12501 0.12499 0.12497 0.12494 0.12490 ( 1)  0.398
 430 V   0.12511 0.12506 0.12503 0.12501 0.12499 0.12497 0.12494 0.12489 ( 1)  0.398
 431 C   0.12508 0.12505 0.12503 0.12501 0.12499 0.12497 0.12495 0.12492 ( 1)  0.398
 432 Q   0.12509 0.12505 0.12503 0.12501 0.12499 0.12497 0.12495 0.12491 ( 1)  0.398
 433 L   0.12507 0.12504 0.12502 0.12501 0.12499 0.12498 0.12496 0.12493 ( 1)  0.398
 434 C   0.12508 0.12505 0.12503 0.12501 0.12499 0.12497 0.12495 0.12492 ( 1)  0.398
 435 G   0.12510 0.12506 0.12503 0.12501 0.12499 0.12497 0.12494 0.12490 ( 1)  0.398
 436 S   0.12510 0.12506 0.12503 0.12501 0.12499 0.12497 0.12494 0.12490 ( 1)  0.398
 437 D   0.12512 0.12507 0.12504 0.12501 0.12499 0.12496 0.12493 0.12488 ( 1)  0.398
 438 S   0.12510 0.12506 0.12503 0.12501 0.12499 0.12497 0.12494 0.12490 ( 1)  0.398
 439 R   0.12510 0.12506 0.12503 0.12501 0.12499 0.12497 0.12494 0.12490 ( 1)  0.398
 440 R   0.12510 0.12506 0.12503 0.12501 0.12499 0.12497 0.12494 0.12490 ( 1)  0.398
 441 V   0.12511 0.12506 0.12503 0.12501 0.12499 0.12497 0.12494 0.12489 ( 1)  0.398
 442 A   0.12511 0.12506 0.12504 0.12501 0.12499 0.12497 0.12494 0.12489 ( 1)  0.398
 443 E   0.12506 0.12503 0.12502 0.12501 0.12499 0.12498 0.12497 0.12494 ( 1)  0.398
 444 L   0.12503 0.12502 0.12501 0.12500 0.12500 0.12499 0.12498 0.12497 ( 1)  0.398
 445 E   0.12506 0.12503 0.12502 0.12501 0.12499 0.12498 0.12497 0.12494 ( 1)  0.398
 446 D   0.12512 0.12507 0.12504 0.12501 0.12499 0.12496 0.12493 0.12488 ( 1)  0.398
 447 R   0.12503 0.12502 0.12501 0.12500 0.12500 0.12499 0.12498 0.12497 ( 1)  0.398
 448 V   0.12511 0.12506 0.12503 0.12501 0.12499 0.12497 0.12494 0.12489 ( 1)  0.398
 449 A   0.12511 0.12506 0.12504 0.12501 0.12499 0.12497 0.12494 0.12489 ( 1)  0.398
 450 S   0.12505 0.12503 0.12502 0.12501 0.12500 0.12498 0.12497 0.12495 ( 1)  0.398
 451 L   0.12507 0.12504 0.12502 0.12501 0.12499 0.12498 0.12496 0.12493 ( 1)  0.398
 452 Q   0.12509 0.12505 0.12503 0.12501 0.12499 0.12497 0.12495 0.12491 ( 1)  0.398
 453 A   0.12506 0.12503 0.12502 0.12501 0.12499 0.12498 0.12497 0.12494 ( 1)  0.398
 454 E   0.12506 0.12503 0.12502 0.12501 0.12499 0.12498 0.12497 0.12494 ( 1)  0.398
 455 I   0.12504 0.12503 0.12501 0.12500 0.12500 0.12499 0.12497 0.12495 ( 1)  0.398
 456 E   0.12510 0.12506 0.12503 0.12501 0.12499 0.12497 0.12494 0.12490 ( 1)  0.398
 457 S   0.12507 0.12504 0.12502 0.12501 0.12499 0.12498 0.12496 0.12493 ( 1)  0.398
 458 L   0.12507 0.12504 0.12502 0.12501 0.12499 0.12498 0.12496 0.12493 ( 1)  0.398
 459 R   0.12505 0.12503 0.12502 0.12501 0.12499 0.12498 0.12497 0.12495 ( 1)  0.398
 460 R   0.12507 0.12504 0.12502 0.12501 0.12499 0.12498 0.12496 0.12493 ( 1)  0.398
 461 I   0.12504 0.12503 0.12501 0.12500 0.12500 0.12499 0.12497 0.12495 ( 1)  0.398
 462 A   0.12511 0.12506 0.12504 0.12501 0.12499 0.12497 0.12494 0.12489 ( 1)  0.398
 463 A   0.12511 0.12506 0.12504 0.12501 0.12499 0.12497 0.12494 0.12489 ( 1)  0.398
 464 C   0.12508 0.12505 0.12503 0.12501 0.12499 0.12497 0.12495 0.12492 ( 1)  0.398
 465 Q   0.12505 0.12503 0.12502 0.12501 0.12499 0.12498 0.12497 0.12495 ( 1)  0.398
 466 S   0.12507 0.12504 0.12502 0.12501 0.12499 0.12498 0.12496 0.12493 ( 1)  0.398
 467 S   0.12507 0.12504 0.12502 0.12501 0.12499 0.12498 0.12496 0.12493 ( 1)  0.398
 468 A   0.12509 0.12505 0.12503 0.12501 0.12499 0.12497 0.12495 0.12491 ( 1)  0.398
 469 N   0.12509 0.12505 0.12503 0.12501 0.12499 0.12497 0.12495 0.12491 ( 1)  0.398
 470 A   0.12506 0.12503 0.12502 0.12501 0.12499 0.12498 0.12497 0.12494 ( 1)  0.398
 471 E   0.12510 0.12506 0.12503 0.12501 0.12499 0.12497 0.12494 0.12490 ( 1)  0.398


lnL = -1897.582712

