Supplemental results for CODEML (seqf: algn  treef: tree)


dN/dS (w) for site classes (K=9)

p:   0.11891  0.11891  0.11891  0.11891  0.11891  0.11891  0.11891  0.11891  0.04874
w:   0.00000  0.00000  0.00000  0.00000  0.00000  0.00000  0.00021  0.46971 106.97228

Naive Empirical Bayes (NEB) probabilities for 9 classes & postmean_w & P(w>1)
(amino acids refer to 1st sequence: Mlig.20228)

   1 M   0.12674 0.12674 0.12674 0.12674 0.12674 0.12674 0.12673 0.11215 0.00069 ( 1)  0.127  0.001
   2 S   0.12461 0.12461 0.12461 0.12461 0.12461 0.12461 0.12461 0.12293 0.00478 ( 1)  0.570  0.005
   3 N   0.12695 0.12695 0.12695 0.12695 0.12695 0.12695 0.12694 0.10953 0.00183 ( 1)  0.248  0.002
   4 F   0.12683 0.12683 0.12683 0.12683 0.12683 0.12683 0.12682 0.11049 0.00173 ( 2)  0.237  0.002
   5 P   0.12626 0.12626 0.12626 0.12626 0.12626 0.12626 0.12625 0.11506 0.00114 ( 2)  0.176  0.001
   6 A   0.12638 0.12638 0.12638 0.12638 0.12638 0.12638 0.12637 0.11344 0.00192 ( 2)  0.258  0.002
   7 V   0.12647 0.12647 0.12647 0.12647 0.12647 0.12647 0.12646 0.11175 0.00298 ( 2)  0.371  0.003
   8 L   0.12563 0.12563 0.12563 0.12563 0.12563 0.12563 0.12562 0.11979 0.00082 ( 1)  0.144  0.001
   9 L   0.12563 0.12563 0.12563 0.12563 0.12563 0.12563 0.12562 0.11979 0.00082 ( 1)  0.144  0.001
  10 V   0.12647 0.12647 0.12647 0.12647 0.12647 0.12647 0.12646 0.11175 0.00298 ( 2)  0.371  0.003
  11 C   0.12677 0.12677 0.12677 0.12677 0.12677 0.12677 0.12676 0.11135 0.00128 ( 2)  0.190  0.001
  12 L   0.12655 0.12655 0.12655 0.12655 0.12655 0.12655 0.12654 0.11246 0.00173 ( 2)  0.238  0.002
  13 V   0.12681 0.12681 0.12681 0.12681 0.12681 0.12681 0.12680 0.10903 0.00329 ( 1)  0.403  0.003
  14 M   0.12674 0.12674 0.12674 0.12674 0.12674 0.12674 0.12673 0.11215 0.00069 ( 1)  0.127  0.001
  15 L   0.12655 0.12655 0.12655 0.12655 0.12655 0.12655 0.12654 0.11246 0.00173 ( 2)  0.238  0.002
  16 A   0.12638 0.12638 0.12638 0.12638 0.12638 0.12638 0.12637 0.11344 0.00192 ( 2)  0.258  0.002
  17 R   0.12661 0.12661 0.12661 0.12661 0.12661 0.12661 0.12660 0.11254 0.00123 ( 1)  0.184  0.001
  18 Q   0.12622 0.12622 0.12622 0.12622 0.12622 0.12622 0.12621 0.11605 0.00042 ( 2)  0.100  0.000
  19 A   0.12638 0.12638 0.12638 0.12638 0.12638 0.12638 0.12637 0.11344 0.00192 ( 2)  0.258  0.002
  20 G   0.12142 0.12142 0.12142 0.12142 0.12142 0.12142 0.12141 0.10718 0.04288 ( 2)  4.637  0.043
  21 A   0.12330 0.12330 0.12330 0.12330 0.12330 0.12330 0.12330 0.11405 0.02284 ( 1)  2.497  0.023
  22 L   0.12689 0.12689 0.12689 0.12689 0.12689 0.12689 0.12689 0.10983 0.00192 ( 2)  0.257  0.002
  23 N   0.12695 0.12695 0.12695 0.12695 0.12695 0.12695 0.12694 0.10953 0.00183 ( 1)  0.248  0.002
  24 C   0.12646 0.12646 0.12646 0.12646 0.12646 0.12646 0.12646 0.11360 0.00115 ( 2)  0.176  0.001
  25 Y   0.12647 0.12647 0.12647 0.12647 0.12647 0.12647 0.12646 0.11334 0.00140 ( 2)  0.203  0.001
  26 V   0.00000 0.00000 0.00000 0.00000 0.00000 0.00000 0.00000 0.00037 0.99963 ( 9) 106.933  1.000
  27 Y   0.12647 0.12647 0.12647 0.12647 0.12647 0.12647 0.12646 0.11334 0.00140 ( 2)  0.203  0.001
  28 N   0.12695 0.12695 0.12695 0.12695 0.12695 0.12695 0.12694 0.10953 0.00183 ( 1)  0.248  0.002
  29 S   0.00000 0.00000 0.00000 0.00000 0.00000 0.00000 0.00031 0.62674 0.37295 ( 8) 40.189  0.373
  30 M   0.12674 0.12674 0.12674 0.12674 0.12674 0.12674 0.12673 0.11215 0.00069 ( 1)  0.127  0.001
  31 G   0.00000 0.00000 0.00000 0.00000 0.00000 0.00000 0.00000 0.03130 0.96870 ( 9) 103.638  0.969
  32 F   0.12683 0.12683 0.12683 0.12683 0.12683 0.12683 0.12682 0.11049 0.00173 ( 2)  0.237  0.002
  33 N   0.12664 0.12664 0.12664 0.12664 0.12664 0.12664 0.12664 0.11191 0.00160 ( 2)  0.224  0.002
  34 G   0.12679 0.12679 0.12679 0.12679 0.12679 0.12679 0.12679 0.11037 0.00209 ( 2)  0.275  0.002
  35 N   0.12695 0.12695 0.12695 0.12695 0.12695 0.12695 0.12694 0.10953 0.00183 ( 1)  0.248  0.002
  36 G   0.12679 0.12679 0.12679 0.12679 0.12679 0.12679 0.12679 0.11037 0.00209 ( 2)  0.275  0.002
  37 T   0.12655 0.12655 0.12655 0.12655 0.12655 0.12655 0.12655 0.11251 0.00163 ( 2)  0.227  0.002
  38 S   0.12683 0.12683 0.12683 0.12683 0.12683 0.12683 0.12682 0.11068 0.00152 ( 2)  0.215  0.002
  39 Q   0.12594 0.12594 0.12594 0.12594 0.12594 0.12594 0.12593 0.11819 0.00025 ( 2)  0.083  0.000
  40 D   0.12714 0.12714 0.12714 0.12714 0.12714 0.12714 0.12713 0.10768 0.00233 ( 2)  0.300  0.002
  41 C   0.12677 0.12677 0.12677 0.12677 0.12677 0.12677 0.12676 0.11135 0.00128 ( 2)  0.190  0.001
  42 G   0.12679 0.12679 0.12679 0.12679 0.12679 0.12679 0.12679 0.11037 0.00209 ( 2)  0.275  0.002
  43 A   0.12507 0.12507 0.12507 0.12507 0.12507 0.12507 0.12507 0.12202 0.00252 ( 1)  0.327  0.003
  44 M   0.12674 0.12674 0.12674 0.12674 0.12674 0.12674 0.12673 0.11215 0.00069 ( 1)  0.127  0.001
  45 T   0.12655 0.12655 0.12655 0.12655 0.12655 0.12655 0.12655 0.11251 0.00163 ( 2)  0.227  0.002
  46 H   0.12692 0.12692 0.12692 0.12692 0.12692 0.12692 0.12692 0.11015 0.00139 ( 2)  0.200  0.001
  47 C   0.12677 0.12677 0.12677 0.12677 0.12677 0.12677 0.12676 0.11135 0.00128 ( 2)  0.190  0.001
  48 V   0.12681 0.12681 0.12681 0.12681 0.12681 0.12681 0.12680 0.10903 0.00329 ( 1)  0.403  0.003
  49 K   0.12610 0.12610 0.12610 0.12610 0.12610 0.12610 0.12609 0.11703 0.00030 ( 2)  0.087  0.000
  50 Y   0.12680 0.12680 0.12680 0.12680 0.12680 0.12680 0.12679 0.11088 0.00156 ( 2)  0.219  0.002
  51 V   0.12647 0.12647 0.12647 0.12647 0.12647 0.12647 0.12646 0.11175 0.00298 ( 2)  0.371  0.003

Positively selected sites

	Prob(w>1)  mean w

    26 V      1.000**       106.933
    31 G      0.969*        103.638


lnL =  -231.527789

Bayes Empirical Bayes (BEB) probabilities for 11 classes (class) & postmean_w
(amino acids refer to 1st sequence: Mlig.20228)

   1 M   0.57365 0.09502 0.06745 0.05352 0.04435 0.03743 0.03176 0.02685 0.02259 0.02512 0.02225 ( 1)  0.319 +-  0.892
   2 S   0.53287 0.08888 0.06427 0.05199 0.04395 0.03784 0.03276 0.02827 0.02426 0.02735 0.06755 ( 1)  0.666 +-  1.835
   3 N   0.57742 0.09550 0.06751 0.05333 0.04400 0.03697 0.03123 0.02630 0.02204 0.02445 0.02126 ( 1)  0.314 +-  0.894
   4 F   0.57552 0.09524 0.06743 0.05336 0.04410 0.03712 0.03141 0.02649 0.02223 0.02469 0.02240 ( 1)  0.322 +-  0.922
   5 P   0.56558 0.09383 0.06694 0.05339 0.04448 0.03774 0.03220 0.02737 0.02315 0.02584 0.02947 ( 1)  0.372 +-  1.084
   6 A   0.56853 0.09424 0.06706 0.05335 0.04432 0.03751 0.03191 0.02706 0.02283 0.02544 0.02773 ( 1)  0.360 +-  1.054
   7 V   0.57073 0.09451 0.06708 0.05321 0.04409 0.03722 0.03158 0.02671 0.02248 0.02502 0.02736 ( 1)  0.360 +-  1.064
   8 L   0.54997 0.09150 0.06577 0.05289 0.04442 0.03801 0.03270 0.02804 0.02391 0.02683 0.04597 ( 1)  0.496 +-  1.446
   9 L   0.54997 0.09150 0.06577 0.05289 0.04442 0.03801 0.03270 0.02804 0.02391 0.02683 0.04597 ( 1)  0.496 +-  1.446
  10 V   0.57073 0.09451 0.06708 0.05321 0.04409 0.03722 0.03158 0.02671 0.02248 0.02502 0.02736 ( 1)  0.360 +-  1.064
  11 C   0.57462 0.09514 0.06746 0.05346 0.04424 0.03729 0.03160 0.02669 0.02242 0.02492 0.02217 ( 1)  0.319 +-  0.901
  12 L   0.57123 0.09464 0.06723 0.05339 0.04427 0.03740 0.03176 0.02689 0.02264 0.02520 0.02536 ( 1)  0.343 +-  0.993
  13 V   0.57611 0.09525 0.06729 0.05313 0.04381 0.03680 0.03108 0.02617 0.02193 0.02433 0.02410 ( 1)  0.337 +-  0.993
  14 M   0.57365 0.09502 0.06745 0.05352 0.04435 0.03743 0.03176 0.02685 0.02259 0.02512 0.02225 ( 1)  0.319 +-  0.892
  15 L   0.57123 0.09464 0.06723 0.05339 0.04427 0.03740 0.03176 0.02689 0.02264 0.02520 0.02536 ( 1)  0.343 +-  0.993
  16 A   0.56853 0.09424 0.06706 0.05335 0.04432 0.03751 0.03191 0.02706 0.02283 0.02544 0.02773 ( 1)  0.360 +-  1.054
  17 R   0.57199 0.09477 0.06732 0.05346 0.04434 0.03745 0.03181 0.02692 0.02267 0.02523 0.02404 ( 1)  0.332 +-  0.948
  18 Q   0.56376 0.09358 0.06686 0.05341 0.04456 0.03787 0.03236 0.02756 0.02334 0.02607 0.03063 ( 1)  0.379 +-  1.103
  19 A   0.56853 0.09424 0.06706 0.05335 0.04432 0.03751 0.03191 0.02706 0.02283 0.02544 0.02773 ( 1)  0.360 +-  1.054
  20 G   0.57174 0.09468 0.06719 0.05329 0.04415 0.03725 0.03160 0.02672 0.02248 0.02500 0.02591 ( 1)  0.349 +-  1.025
  21 A   0.55860 0.09276 0.06634 0.05306 0.04432 0.03771 0.03226 0.02751 0.02333 0.02610 0.03799 ( 1)  0.439 +-  1.305
  22 L   0.57684 0.09542 0.06749 0.05335 0.04404 0.03702 0.03129 0.02637 0.02210 0.02453 0.02155 ( 1)  0.316 +-  0.900
  23 N   0.57742 0.09550 0.06751 0.05333 0.04400 0.03697 0.03123 0.02630 0.02204 0.02445 0.02126 ( 1)  0.314 +-  0.894
  24 C   0.56940 0.09439 0.06718 0.05345 0.04441 0.03758 0.03198 0.02712 0.02288 0.02549 0.02613 ( 1)  0.347 +-  1.001
  25 Y   0.56967 0.09442 0.06717 0.05342 0.04437 0.03754 0.03192 0.02706 0.02282 0.02542 0.02618 ( 1)  0.348 +-  1.006
  26 V   0.00058 0.00090 0.00181 0.00288 0.00404 0.00521 0.00632 0.00728 0.00803 0.01131 0.95164 (11)  7.452 +-  2.785
  27 Y   0.56967 0.09442 0.06717 0.05342 0.04437 0.03754 0.03192 0.02706 0.02282 0.02542 0.02618 ( 1)  0.348 +-  1.006
  28 N   0.57742 0.09550 0.06751 0.05333 0.04400 0.03697 0.03123 0.02630 0.02204 0.02445 0.02126 ( 1)  0.314 +-  0.894
  29 S   0.11617 0.04607 0.05148 0.05481 0.05639 0.05645 0.05511 0.05243 0.04870 0.05639 0.40600 (11)  3.296 +-  3.805
  30 M   0.57365 0.09502 0.06745 0.05352 0.04435 0.03743 0.03176 0.02685 0.02259 0.02512 0.02225 ( 1)  0.319 +-  0.892
  31 G   0.00142 0.00205 0.00401 0.00623 0.00851 0.01072 0.01269 0.01426 0.01535 0.02068 0.90408 (11)  7.107 +-  3.095
  32 F   0.57552 0.09524 0.06743 0.05336 0.04410 0.03712 0.03141 0.02649 0.02223 0.02469 0.02240 ( 1)  0.322 +-  0.922
  33 N   0.57251 0.09482 0.06729 0.05339 0.04423 0.03733 0.03166 0.02678 0.02253 0.02506 0.02441 ( 1)  0.336 +-  0.970
  34 G   0.57535 0.09521 0.06740 0.05333 0.04407 0.03709 0.03138 0.02647 0.02221 0.02467 0.02283 ( 1)  0.326 +-  0.937
  35 N   0.57742 0.09550 0.06751 0.05333 0.04400 0.03697 0.03123 0.02630 0.02204 0.02445 0.02126 ( 1)  0.314 +-  0.894
  36 G   0.57535 0.09521 0.06740 0.05333 0.04407 0.03709 0.03138 0.02647 0.02221 0.02467 0.02283 ( 1)  0.326 +-  0.937
  37 T   0.57130 0.09465 0.06724 0.05340 0.04429 0.03742 0.03178 0.02690 0.02265 0.02522 0.02516 ( 1)  0.341 +-  0.985
  38 S   0.57554 0.09525 0.06746 0.05340 0.04414 0.03717 0.03146 0.02654 0.02228 0.02474 0.02200 ( 1)  0.319 +-  0.905
  39 Q   0.55718 0.09260 0.06639 0.05323 0.04458 0.03803 0.03261 0.02788 0.02370 0.02654 0.03728 ( 1)  0.429 +-  1.256
  40 D   0.58024 0.09586 0.06756 0.05320 0.04374 0.03664 0.03085 0.02590 0.02164 0.02396 0.02040 ( 1)  0.309 +-  0.886
  41 C   0.57462 0.09514 0.06746 0.05346 0.04424 0.03729 0.03160 0.02669 0.02242 0.02492 0.02217 ( 1)  0.319 +-  0.901
  42 G   0.57535 0.09521 0.06740 0.05333 0.04407 0.03709 0.03138 0.02647 0.02221 0.02467 0.02283 ( 1)  0.326 +-  0.937
  43 A   0.53924 0.08986 0.06485 0.05236 0.04417 0.03795 0.03279 0.02823 0.02417 0.02722 0.05916 ( 1)  0.599 +-  1.693
  44 M   0.57365 0.09502 0.06745 0.05352 0.04435 0.03743 0.03176 0.02685 0.02259 0.02512 0.02225 ( 1)  0.319 +-  0.892
  45 T   0.57130 0.09465 0.06724 0.05340 0.04429 0.03742 0.03178 0.02690 0.02265 0.02522 0.02516 ( 1)  0.341 +-  0.985
  46 H   0.57706 0.09548 0.06756 0.05343 0.04412 0.03711 0.03137 0.02644 0.02217 0.02461 0.02066 ( 1)  0.309 +-  0.864
  47 C   0.57462 0.09514 0.06746 0.05346 0.04424 0.03729 0.03160 0.02669 0.02242 0.02492 0.02217 ( 1)  0.319 +-  0.901
  48 V   0.57611 0.09525 0.06729 0.05313 0.04381 0.03680 0.03108 0.02617 0.02193 0.02433 0.02410 ( 1)  0.337 +-  0.993
  49 K   0.56102 0.09318 0.06667 0.05335 0.04459 0.03796 0.03249 0.02771 0.02351 0.02630 0.03322 ( 1)  0.398 +-  1.163
  50 Y   0.57524 0.09521 0.06746 0.05342 0.04417 0.03720 0.03150 0.02659 0.02233 0.02480 0.02208 ( 1)  0.319 +-  0.904
  51 V   0.57073 0.09451 0.06708 0.05321 0.04409 0.03722 0.03158 0.02671 0.02248 0.02502 0.02736 ( 1)  0.360 +-  1.064

Positively selected sites

	Prob(w>1)  mean w

    26 V      0.952*        7.452 +- 2.785
    31 G      0.904         7.107 +- 3.095

