Supplemental results for CODEML (seqf: algn  treef: tree)


dN/dS (w) for site classes (K=8)

p:   0.12500  0.12500  0.12500  0.12500  0.12500  0.12500  0.12500  0.12500
w:   0.07763  0.09381  0.10472  0.11436  0.12397  0.13457  0.14796  0.17115

Naive Empirical Bayes (NEB) probabilities for 8 classes & postmean_w
(amino acids refer to 1st sequence: Mlig.31554)

   1 M   0.13007 0.12671 0.12541 0.12462 0.12404 0.12356 0.12310 0.12249 ( 1)  0.121
   2 R   0.12060 0.12397 0.12514 0.12573 0.12606 0.12622 0.12625 0.12603 ( 7)  0.121
   3 R   0.12028 0.12373 0.12498 0.12565 0.12607 0.12633 0.12648 0.12648 ( 7)  0.121
   4 T   0.12489 0.12536 0.12537 0.12528 0.12515 0.12497 0.12472 0.12425 ( 3)  0.121
   5 R   0.12142 0.12416 0.12514 0.12564 0.12591 0.12602 0.12599 0.12571 ( 6)  0.121
   6 C   0.12844 0.12619 0.12532 0.12479 0.12439 0.12404 0.12368 0.12315 ( 1)  0.121
   7 S   0.11785 0.12283 0.12476 0.12587 0.12659 0.12709 0.12743 0.12758 ( 8)  0.122
   8 V   0.12620 0.12564 0.12535 0.12511 0.12489 0.12465 0.12434 0.12382 ( 1)  0.121
   9 R   0.12527 0.12529 0.12523 0.12514 0.12504 0.12491 0.12473 0.12439 ( 2)  0.121
  10 F   0.11916 0.12342 0.12500 0.12587 0.12639 0.12669 0.12682 0.12666 ( 7)  0.121
  11 C   0.11967 0.12368 0.12510 0.12584 0.12626 0.12649 0.12657 0.12639 ( 7)  0.121
  12 E   0.13019 0.12687 0.12551 0.12466 0.12402 0.12349 0.12297 0.12231 ( 1)  0.121
  13 E   0.12552 0.12560 0.12545 0.12526 0.12505 0.12480 0.12446 0.12387 ( 2)  0.121
  14 R   0.12589 0.12559 0.12532 0.12510 0.12489 0.12468 0.12445 0.12408 ( 1)  0.121
  15 A   0.12526 0.12550 0.12543 0.12529 0.12510 0.12487 0.12456 0.12398 ( 2)  0.121
  16 N   0.11936 0.12360 0.12511 0.12591 0.12636 0.12661 0.12666 0.12640 ( 7)  0.121
  17 C   0.12844 0.12619 0.12532 0.12479 0.12439 0.12404 0.12368 0.12315 ( 1)  0.121
  18 D   0.11882 0.12339 0.12505 0.12594 0.12647 0.12677 0.12688 0.12667 ( 7)  0.121
  19 T   0.12518 0.12534 0.12532 0.12523 0.12511 0.12493 0.12468 0.12421 ( 2)  0.121
  20 D   0.13031 0.12698 0.12562 0.12475 0.12407 0.12347 0.12285 0.12195 ( 1)  0.120
  21 Q   0.11911 0.12342 0.12498 0.12583 0.12634 0.12666 0.12684 0.12682 ( 7)  0.121
  22 A   0.12107 0.12416 0.12520 0.12571 0.12598 0.12609 0.12605 0.12575 ( 6)  0.121
  23 I   0.12509 0.12548 0.12541 0.12526 0.12509 0.12488 0.12462 0.12417 ( 2)  0.121
  24 A   0.12982 0.12664 0.12540 0.12465 0.12409 0.12363 0.12318 0.12258 ( 1)  0.121
  25 S   0.12948 0.12691 0.12569 0.12487 0.12421 0.12363 0.12303 0.12219 ( 1)  0.121
  26 V   0.12468 0.12527 0.12532 0.12527 0.12517 0.12503 0.12482 0.12443 ( 3)  0.121
  27 R   0.12618 0.12579 0.12546 0.12517 0.12489 0.12460 0.12425 0.12367 ( 1)  0.121
  28 C   0.11974 0.12373 0.12513 0.12585 0.12626 0.12647 0.12652 0.12629 ( 7)  0.121
  29 D   0.12625 0.12577 0.12546 0.12519 0.12492 0.12462 0.12423 0.12356 ( 1)  0.121
  30 Q   0.12830 0.12612 0.12531 0.12482 0.12444 0.12410 0.12373 0.12318 ( 1)  0.121
  31 C   0.13251 0.12767 0.12565 0.12441 0.12351 0.12279 0.12213 0.12134 ( 1)  0.120
  32 G   0.11954 0.12359 0.12506 0.12584 0.12630 0.12656 0.12665 0.12646 ( 7)  0.121
  33 S   0.12746 0.12600 0.12537 0.12495 0.12461 0.12429 0.12394 0.12340 ( 1)  0.121
  34 L   0.13766 0.12937 0.12595 0.12386 0.12238 0.12123 0.12026 0.11930 ( 1)  0.120
  35 C   0.11975 0.12377 0.12516 0.12587 0.12626 0.12646 0.12649 0.12625 ( 7)  0.121
  36 Q   0.13034 0.12646 0.12514 0.12442 0.12394 0.12358 0.12325 0.12287 ( 1)  0.121
  37 H   0.12087 0.12414 0.12522 0.12575 0.12602 0.12613 0.12609 0.12578 ( 6)  0.121
  38 V   0.13068 0.12680 0.12537 0.12453 0.12393 0.12343 0.12295 0.12231 ( 1)  0.121
  39 G   0.11876 0.12333 0.12501 0.12592 0.12647 0.12679 0.12693 0.12679 ( 7)  0.122
  40 C   0.11890 0.12336 0.12500 0.12588 0.12641 0.12674 0.12690 0.12682 ( 7)  0.121
  41 R   0.12178 0.12427 0.12509 0.12550 0.12574 0.12587 0.12591 0.12584 ( 7)  0.121
  42 R   0.12682 0.12579 0.12533 0.12501 0.12473 0.12447 0.12417 0.12369 ( 1)  0.121
  43 A   0.12460 0.12527 0.12536 0.12532 0.12522 0.12506 0.12482 0.12436 ( 3)  0.121
  44 V   0.12939 0.12664 0.12548 0.12474 0.12419 0.12371 0.12324 0.12261 ( 1)  0.121
  45 N   0.12943 0.12679 0.12562 0.12484 0.12422 0.12367 0.12311 0.12232 ( 1)  0.121
  46 Y   0.12779 0.12602 0.12533 0.12489 0.12454 0.12422 0.12387 0.12334 ( 1)  0.121
  47 A   0.12610 0.12566 0.12540 0.12516 0.12493 0.12467 0.12433 0.12375 ( 1)  0.121
  48 D   0.12994 0.12696 0.12564 0.12478 0.12411 0.12352 0.12293 0.12213 ( 1)  0.121
  49 V   0.12511 0.12550 0.12542 0.12527 0.12508 0.12487 0.12460 0.12415 ( 2)  0.121
  50 C   0.12726 0.12594 0.12537 0.12498 0.12466 0.12435 0.12400 0.12345 ( 1)  0.121
  51 Y   0.12791 0.12638 0.12555 0.12497 0.12449 0.12407 0.12362 0.12300 ( 1)  0.121
  52 D   0.11974 0.12365 0.12506 0.12581 0.12625 0.12650 0.12658 0.12639 ( 7)  0.121
  53 C   0.11941 0.12362 0.12510 0.12587 0.12631 0.12656 0.12664 0.12647 ( 7)  0.121
  54 D   0.11910 0.12343 0.12503 0.12590 0.12641 0.12671 0.12682 0.12661 ( 7)  0.121
  55 A   0.13031 0.12675 0.12541 0.12460 0.12401 0.12351 0.12303 0.12239 ( 1)  0.121
  56 K   0.12436 0.12502 0.12520 0.12525 0.12524 0.12517 0.12503 0.12473 ( 4)  0.121
  57 E   0.11678 0.12267 0.12489 0.12612 0.12689 0.12738 0.12765 0.12762 ( 7)  0.122
  58 H   0.12105 0.12422 0.12527 0.12576 0.12600 0.12608 0.12600 0.12563 ( 6)  0.121
  59 K   0.13000 0.12689 0.12559 0.12474 0.12410 0.12353 0.12296 0.12219 ( 1)  0.121
  60 Q   0.12643 0.12550 0.12518 0.12497 0.12481 0.12464 0.12442 0.12405 ( 1)  0.121
  61 A   0.12596 0.12558 0.12535 0.12514 0.12493 0.12471 0.12442 0.12391 ( 1)  0.121
  62 G   0.12980 0.12683 0.12559 0.12478 0.12415 0.12359 0.12303 0.12223 ( 1)  0.121
  63 R   0.13297 0.12762 0.12553 0.12428 0.12340 0.12271 0.12210 0.12140 ( 1)  0.120
  64 S   0.12828 0.12619 0.12533 0.12480 0.12440 0.12405 0.12371 0.12325 ( 1)  0.121
  65 H   0.12061 0.12401 0.12516 0.12574 0.12606 0.12621 0.12622 0.12599 ( 7)  0.121
  66 S   0.11818 0.12303 0.12487 0.12590 0.12655 0.12698 0.12723 0.12725 ( 8)  0.122
  67 R   0.12282 0.12482 0.12537 0.12557 0.12561 0.12554 0.12536 0.12490 ( 5)  0.121
  68 K   0.12544 0.12558 0.12540 0.12519 0.12498 0.12476 0.12451 0.12413 ( 2)  0.121
  69 S   0.12748 0.12596 0.12533 0.12491 0.12458 0.12428 0.12396 0.12349 ( 1)  0.121
  70 F   0.12480 0.12535 0.12536 0.12527 0.12514 0.12497 0.12475 0.12436 ( 3)  0.121
  71 A   0.12428 0.12518 0.12534 0.12533 0.12526 0.12513 0.12493 0.12455 ( 3)  0.121
  72 Q   0.12619 0.12578 0.12544 0.12516 0.12488 0.12460 0.12426 0.12370 ( 1)  0.121
  73 R   0.12771 0.12603 0.12535 0.12491 0.12456 0.12423 0.12388 0.12334 ( 1)  0.121
  74 R   0.13329 0.12772 0.12554 0.12424 0.12333 0.12262 0.12199 0.12128 ( 1)  0.120
  75 A   0.12515 0.12544 0.12539 0.12527 0.12512 0.12491 0.12462 0.12409 ( 2)  0.121
  76 D   0.12626 0.12581 0.12545 0.12514 0.12486 0.12457 0.12423 0.12369 ( 1)  0.121
  77 L   0.12388 0.12500 0.12525 0.12531 0.12530 0.12524 0.12513 0.12490 ( 4)  0.121
  78 A   0.12448 0.12530 0.12540 0.12536 0.12524 0.12507 0.12481 0.12434 ( 3)  0.121
  79 L   0.12543 0.12530 0.12521 0.12512 0.12501 0.12488 0.12470 0.12436 ( 1)  0.121
  80 L   0.14380 0.13059 0.12573 0.12296 0.12109 0.11970 0.11858 0.11754 ( 1)  0.119
  81 E   0.13059 0.12707 0.12563 0.12471 0.12400 0.12338 0.12275 0.12188 ( 1)  0.120
  82 T   0.13091 0.12691 0.12544 0.12455 0.12391 0.12336 0.12283 0.12210 ( 1)  0.120
  83 D   0.13065 0.12711 0.12565 0.12471 0.12399 0.12336 0.12271 0.12182 ( 1)  0.120
  84 N   0.12927 0.12669 0.12555 0.12481 0.12423 0.12372 0.12321 0.12251 ( 1)  0.121
  85 G   0.12568 0.12572 0.12550 0.12525 0.12499 0.12471 0.12436 0.12378 ( 2)  0.121
  86 V   0.12584 0.12542 0.12523 0.12507 0.12492 0.12476 0.12456 0.12421 ( 1)  0.121
  87 V   0.12623 0.12566 0.12535 0.12511 0.12488 0.12463 0.12433 0.12382 ( 1)  0.121
  88 A   0.12997 0.12669 0.12541 0.12463 0.12406 0.12359 0.12313 0.12253 ( 1)  0.121
  89 A   0.12738 0.12594 0.12533 0.12493 0.12461 0.12432 0.12399 0.12351 ( 1)  0.121
  90 P   0.11965 0.12357 0.12500 0.12578 0.12625 0.12653 0.12666 0.12656 ( 7)  0.121
  91 T   0.12489 0.12536 0.12537 0.12528 0.12515 0.12497 0.12472 0.12425 ( 3)  0.121
  92 A   0.12516 0.12539 0.12534 0.12523 0.12509 0.12491 0.12466 0.12421 ( 2)  0.121
  93 T   0.11965 0.12370 0.12511 0.12584 0.12626 0.12649 0.12656 0.12639 ( 7)  0.121
  94 N   0.12670 0.12590 0.12544 0.12508 0.12477 0.12446 0.12411 0.12355 ( 1)  0.121
  95 S   0.12511 0.12531 0.12531 0.12524 0.12512 0.12496 0.12471 0.12424 ( 2)  0.121
  96 N   0.12663 0.12584 0.12538 0.12504 0.12475 0.12448 0.12417 0.12370 ( 1)  0.121
  97 R   0.12168 0.12400 0.12494 0.12548 0.12582 0.12602 0.12610 0.12595 ( 7)  0.121
  98 F   0.14101 0.13013 0.12591 0.12343 0.12171 0.12039 0.11928 0.11815 ( 1)  0.120
  99 N   0.07611 0.09531 0.10777 0.11849 0.12898 0.14035 0.15448 0.17851 ( 8)  0.128
 100 S   0.12969 0.12692 0.12567 0.12483 0.12417 0.12358 0.12299 0.12216 ( 1)  0.121
 101 N   0.12576 0.12558 0.12541 0.12523 0.12502 0.12477 0.12443 0.12381 ( 1)  0.121
 102 S   0.11858 0.12321 0.12493 0.12589 0.12648 0.12685 0.12705 0.12701 ( 7)  0.122
 103 P   0.12582 0.12542 0.12521 0.12506 0.12491 0.12476 0.12457 0.12425 ( 1)  0.121
 104 P   0.12516 0.12550 0.12541 0.12526 0.12508 0.12487 0.12460 0.12414 ( 2)  0.121
 105 S   0.13022 0.12679 0.12548 0.12467 0.12406 0.12353 0.12300 0.12227 ( 1)  0.121
 106 R   0.12750 0.12624 0.12553 0.12501 0.12458 0.12418 0.12377 0.12319 ( 1)  0.121
 107 L   0.12628 0.12553 0.12521 0.12499 0.12481 0.12463 0.12443 0.12411 ( 1)  0.121
 108 G   0.12531 0.12554 0.12544 0.12528 0.12509 0.12485 0.12453 0.12395 ( 2)  0.121
 109 P   0.12474 0.12505 0.12514 0.12515 0.12513 0.12507 0.12497 0.12475 ( 4)  0.121
 110 E   0.12516 0.12555 0.12547 0.12532 0.12512 0.12488 0.12455 0.12395 ( 2)  0.121
 111 P   0.11872 0.12309 0.12479 0.12577 0.12641 0.12685 0.12714 0.12724 ( 8)  0.122
 112 D   0.12606 0.12565 0.12539 0.12516 0.12493 0.12467 0.12435 0.12378 ( 1)  0.121
 113 D   0.13015 0.12687 0.12556 0.12472 0.12408 0.12352 0.12295 0.12215 ( 1)  0.121
 114 D   0.12645 0.12592 0.12552 0.12517 0.12484 0.12451 0.12411 0.12347 ( 1)  0.121
 115 E   0.11721 0.12263 0.12474 0.12595 0.12674 0.12729 0.12765 0.12780 ( 8)  0.122
 116 F   0.12156 0.12440 0.12526 0.12564 0.12583 0.12588 0.12584 0.12560 ( 6)  0.121
 117 S   0.12970 0.12675 0.12554 0.12476 0.12416 0.12363 0.12310 0.12236 ( 1)  0.121
 118 D   0.13031 0.12698 0.12562 0.12475 0.12407 0.12347 0.12285 0.12195 ( 1)  0.120
 119 A   0.12917 0.12660 0.12549 0.12478 0.12424 0.12377 0.12330 0.12266 ( 1)  0.121
 120 G   0.11823 0.12311 0.12494 0.12594 0.12657 0.12696 0.12716 0.12710 ( 7)  0.122
 121 E   0.11721 0.12263 0.12474 0.12595 0.12674 0.12729 0.12765 0.12780 ( 8)  0.122
 122 M   0.12675 0.12585 0.12539 0.12505 0.12476 0.12447 0.12413 0.12360 ( 1)  0.121
 123 N   0.11856 0.12322 0.12495 0.12590 0.12649 0.12685 0.12704 0.12697 ( 7)  0.122
 124 S   0.11731 0.12260 0.12468 0.12589 0.12669 0.12726 0.12766 0.12790 ( 8)  0.122
 125 T   0.12514 0.12542 0.12538 0.12526 0.12511 0.12491 0.12464 0.12414 ( 2)  0.121
 126 N   0.12531 0.12549 0.12540 0.12526 0.12508 0.12486 0.12457 0.12403 ( 2)  0.121
 127 A   0.12508 0.12539 0.12536 0.12526 0.12512 0.12493 0.12467 0.12419 ( 2)  0.121
 128 D   0.12607 0.12573 0.12542 0.12515 0.12490 0.12463 0.12431 0.12378 ( 1)  0.121
 129 G   0.11858 0.12323 0.12496 0.12590 0.12649 0.12685 0.12703 0.12696 ( 7)  0.122
 130 V   0.12067 0.12410 0.12524 0.12579 0.12607 0.12618 0.12613 0.12580 ( 6)  0.121
 131 D   0.12512 0.12541 0.12537 0.12526 0.12511 0.12492 0.12465 0.12415 ( 2)  0.121
 132 K   0.13193 0.12725 0.12548 0.12442 0.12366 0.12304 0.12246 0.12176 ( 1)  0.120
 133 F   0.12490 0.12530 0.12532 0.12525 0.12514 0.12499 0.12476 0.12434 ( 3)  0.121
 134 Y   0.12751 0.12555 0.12501 0.12474 0.12457 0.12442 0.12425 0.12396 ( 1)  0.121
 135 S   0.12950 0.12677 0.12556 0.12477 0.12416 0.12364 0.12313 0.12247 ( 1)  0.121
 136 G   0.12491 0.12534 0.12535 0.12527 0.12514 0.12497 0.12473 0.12428 ( 3)  0.121
 137 T   0.12680 0.12579 0.12533 0.12501 0.12474 0.12447 0.12417 0.12369 ( 1)  0.121
 138 I   0.12440 0.12509 0.12525 0.12528 0.12524 0.12514 0.12498 0.12462 ( 4)  0.121
 139 I   0.12494 0.12542 0.12540 0.12529 0.12514 0.12494 0.12467 0.12418 ( 2)  0.121
 140 T   0.12503 0.12536 0.12534 0.12525 0.12512 0.12495 0.12470 0.12426 ( 2)  0.121
 141 D   0.11851 0.12319 0.12495 0.12591 0.12651 0.12688 0.12707 0.12698 ( 7)  0.122
 142 Q   0.12557 0.12565 0.12546 0.12524 0.12500 0.12475 0.12443 0.12391 ( 2)  0.121
 143 P   0.11981 0.12365 0.12504 0.12579 0.12623 0.12648 0.12658 0.12642 ( 7)  0.121
 144 A   0.12942 0.12664 0.12547 0.12472 0.12417 0.12370 0.12324 0.12263 ( 1)  0.121
 145 R   0.12224 0.12450 0.12520 0.12552 0.12568 0.12573 0.12568 0.12545 ( 6)  0.121
 146 T   0.12674 0.12572 0.12528 0.12498 0.12473 0.12449 0.12423 0.12383 ( 1)  0.121
 147 S   0.13606 0.12920 0.12611 0.12415 0.12272 0.12159 0.12060 0.11957 ( 1)  0.120
 148 W   0.12571 0.12509 0.12499 0.12495 0.12493 0.12490 0.12482 0.12461 ( 1)  0.121
 149 S   0.12234 0.12448 0.12516 0.12549 0.12565 0.12571 0.12568 0.12548 ( 6)  0.121
 150 R   0.12338 0.12495 0.12534 0.12546 0.12546 0.12538 0.12521 0.12482 ( 5)  0.121
 151 Q   0.12585 0.12571 0.12544 0.12518 0.12493 0.12467 0.12436 0.12386 ( 1)  0.121
 152 S   0.13625 0.12925 0.12612 0.12413 0.12268 0.12153 0.12053 0.11949 ( 1)  0.120
 153 P   0.11878 0.12314 0.12482 0.12579 0.12641 0.12683 0.12709 0.12714 ( 8)  0.122
 154 P   0.12611 0.12560 0.12533 0.12510 0.12489 0.12466 0.12439 0.12391 ( 1)  0.121
 155 Q   0.11879 0.12341 0.12505 0.12591 0.12642 0.12673 0.12688 0.12681 ( 7)  0.121
 156 D   0.11934 0.12354 0.12508 0.12590 0.12637 0.12663 0.12670 0.12644 ( 7)  0.121
 157 T   0.12101 0.12419 0.12525 0.12576 0.12601 0.12610 0.12603 0.12567 ( 6)  0.121
 158 I   0.08027 0.09731 0.10861 0.11848 0.12827 0.13900 0.15247 0.17559 ( 8)  0.128
 159 P   0.12680 0.12577 0.12531 0.12499 0.12473 0.12447 0.12419 0.12374 ( 1)  0.121
 160 S   0.12320 0.12472 0.12519 0.12539 0.12548 0.12548 0.12540 0.12515 ( 6)  0.121
 161 P   0.12586 0.12546 0.12526 0.12510 0.12494 0.12476 0.12452 0.12411 ( 1)  0.121


lnL = -1369.151594

