Supplemental results for CODEML (seqf: algn  treef: tree)


dN/dS (w) for site classes (K=2)

p:   0.87004  0.12996
w:   0.00381  1.00000

Naive Empirical Bayes (NEB) probabilities for 2 classes & postmean_w
(amino acids refer to 1st sequence: Mlig.15566)

   1 M   0.99183 0.00817 ( 1)  0.012
   2 D   0.98407 0.01593 ( 1)  0.020
   3 K   0.82638 0.17362 ( 1)  0.177
   4 L   0.98809 0.01191 ( 1)  0.016
   5 A   0.98845 0.01155 ( 1)  0.015
   6 G   0.85926 0.14074 ( 1)  0.144
   7 S   0.31334 0.68666 ( 2)  0.688
   8 S   0.25744 0.74256 ( 2)  0.744
   9 S   0.63968 0.36032 ( 1)  0.363
  10 F   0.89554 0.10446 ( 1)  0.108
  11 K   0.92125 0.07875 ( 1)  0.082
  12 V   0.97953 0.02047 ( 1)  0.024
  13 K   0.98713 0.01287 ( 1)  0.017
  14 Q   0.99426 0.00574 ( 1)  0.010
  15 Q   0.91651 0.08349 ( 1)  0.087
  16 V   0.97973 0.02027 ( 1)  0.024
  17 E   0.98676 0.01324 ( 1)  0.017
  18 M   0.89452 0.10548 ( 1)  0.109
  19 L   0.82391 0.17609 ( 1)  0.179
  20 E   0.98583 0.01417 ( 1)  0.018
  21 A   0.98847 0.01153 ( 1)  0.015
  22 L   0.86190 0.13810 ( 1)  0.141
  23 T   0.98845 0.01155 ( 1)  0.015
  24 G   0.98462 0.01538 ( 1)  0.019
  25 F   0.99629 0.00371 ( 1)  0.008
  26 E   0.98575 0.01425 ( 1)  0.018
  27 T   0.98910 0.01090 ( 1)  0.015
  28 N   0.98526 0.01474 ( 1)  0.018
  29 N   0.98450 0.01550 ( 1)  0.019
  30 K   0.90952 0.09048 ( 1)  0.094
  31 Y   0.99495 0.00505 ( 1)  0.009
  32 D   0.94569 0.05431 ( 1)  0.058
  33 I   0.98678 0.01322 ( 1)  0.017
  34 K   0.98615 0.01385 ( 1)  0.018
  35 D   0.98485 0.01515 ( 1)  0.019
  36 S   0.84677 0.15323 ( 1)  0.156
  37 E   0.85117 0.14883 ( 1)  0.152
  38 G   0.98417 0.01583 ( 1)  0.020
  39 K   0.43360 0.56640 ( 2)  0.568
  40 K   0.85488 0.14512 ( 1)  0.148
  41 V   0.85929 0.14071 ( 1)  0.144
  42 Y   0.26658 0.73342 ( 2)  0.734
  43 K   0.85884 0.14116 ( 1)  0.144
  44 A   0.98815 0.01185 ( 1)  0.016
  45 K   0.98713 0.01287 ( 1)  0.017
  46 E   0.98575 0.01425 ( 1)  0.018
  47 H   0.47652 0.52348 ( 2)  0.525
  48 S   0.85396 0.14604 ( 1)  0.149
  49 G   0.98445 0.01555 ( 1)  0.019
  50 V   0.85883 0.14117 ( 1)  0.144
  51 C   0.99717 0.00283 ( 1)  0.007
  52 S   0.23553 0.76447 ( 2)  0.765
  53 R   0.98645 0.01355 ( 1)  0.017
  54 M   0.99183 0.00817 ( 1)  0.012
  55 C   0.99724 0.00276 ( 1)  0.007
  56 L   0.25838 0.74162 ( 2)  0.743
  57 G   0.98462 0.01538 ( 1)  0.019
  58 S   0.86479 0.13521 ( 1)  0.139
  59 Q   0.94750 0.05250 ( 1)  0.056
  60 R   0.98559 0.01441 ( 1)  0.018
  61 P   0.85083 0.14917 ( 1)  0.152
  62 F   0.99629 0.00371 ( 1)  0.008
  63 R   0.74671 0.25329 ( 1)  0.256
  64 I   0.98678 0.01322 ( 1)  0.017
  65 E   0.68320 0.31680 ( 1)  0.319
  66 I   0.98741 0.01259 ( 1)  0.016


lnL =  -471.773511

