Supplemental results for CODEML (seqf: algn  treef: tree)


dN/dS (w) for site classes (K=3)

p:   0.99999  0.00000  0.00001
w:   0.00000  1.00000  1.00000

Naive Empirical Bayes (NEB) probabilities for 3 classes & postmean_w
(amino acids refer to 1st sequence: Mlig.27965)

   1 M   0.99999 0.00000 0.00001 ( 1)  0.000
   2 K   0.99999 0.00000 0.00001 ( 1)  0.000
   3 A   0.99999 0.00000 0.00001 ( 1)  0.000
   4 R   0.99999 0.00000 0.00001 ( 1)  0.000
   5 F   0.99999 0.00000 0.00001 ( 1)  0.000
   6 T   0.99999 0.00000 0.00001 ( 1)  0.000
   7 T   0.99999 0.00000 0.00001 ( 1)  0.000
   8 L   0.99999 0.00000 0.00001 ( 1)  0.000
   9 D   0.99999 0.00000 0.00001 ( 1)  0.000
  10 I   0.99999 0.00000 0.00001 ( 1)  0.000
  11 V   0.99999 0.00000 0.00001 ( 1)  0.000
  12 A   0.99999 0.00000 0.00001 ( 1)  0.000
  13 V   0.99999 0.00000 0.00001 ( 1)  0.000
  14 V   0.99999 0.00000 0.00001 ( 1)  0.000
  15 A   0.99999 0.00000 0.00001 ( 1)  0.000
  16 E   0.99999 0.00000 0.00001 ( 1)  0.000
  17 I   0.99999 0.00000 0.00001 ( 1)  0.000
  18 S   0.99999 0.00000 0.00001 ( 1)  0.000
  19 Q   0.99999 0.00000 0.00001 ( 1)  0.000
  20 S   0.99999 0.00000 0.00001 ( 1)  0.000
  21 C   0.99999 0.00000 0.00001 ( 1)  0.000
  22 I   0.99999 0.00000 0.00001 ( 1)  0.000
  23 G   0.99999 0.00000 0.00001 ( 1)  0.000
  24 L   0.99999 0.00000 0.00001 ( 1)  0.000
  25 R   0.99999 0.00000 0.00001 ( 1)  0.000
  26 V   0.99999 0.00000 0.00001 ( 1)  0.000
  27 S   0.99999 0.00000 0.00001 ( 1)  0.000
  28 N   0.99999 0.00000 0.00001 ( 1)  0.000
  29 V   0.99999 0.00000 0.00001 ( 1)  0.000
  30 Y   0.99999 0.00000 0.00001 ( 1)  0.000
  31 D   0.99999 0.00000 0.00001 ( 1)  0.000
  32 I   0.99999 0.00000 0.00001 ( 1)  0.000
  33 N   0.99999 0.00000 0.00001 ( 1)  0.000
  34 N   0.99999 0.00000 0.00001 ( 1)  0.000
  35 K   0.99999 0.00000 0.00001 ( 1)  0.000
  36 T   0.99999 0.00000 0.00001 ( 1)  0.000
  37 Y   0.99999 0.00000 0.00001 ( 1)  0.000
  38 L   0.99999 0.00000 0.00001 ( 1)  0.000
  39 I   0.99999 0.00000 0.00001 ( 1)  0.000
  40 R   0.99999 0.00000 0.00001 ( 1)  0.000
  41 L   0.99999 0.00000 0.00001 ( 1)  0.000
  42 S   0.99999 0.00000 0.00001 ( 1)  0.000
  43 K   0.99999 0.00000 0.00001 ( 1)  0.000
  44 P   0.99999 0.00000 0.00001 ( 1)  0.000
  45 D   0.99999 0.00000 0.00001 ( 1)  0.000
  46 H   0.99999 0.00000 0.00001 ( 1)  0.000
  47 K   0.99999 0.00000 0.00001 ( 1)  0.000
  48 V   0.99999 0.00000 0.00001 ( 1)  0.000
  49 T   0.99999 0.00000 0.00001 ( 1)  0.000
  50 L   0.99999 0.00000 0.00001 ( 1)  0.000
  51 L   0.99999 0.00000 0.00001 ( 1)  0.000
  52 F   0.99999 0.00000 0.00001 ( 1)  0.000
  53 E   0.99999 0.00000 0.00001 ( 1)  0.000
  54 S   0.99999 0.00000 0.00001 ( 1)  0.000
  55 G   0.99999 0.00000 0.00001 ( 1)  0.000
  56 I   0.99999 0.00000 0.00001 ( 1)  0.000
  57 R   0.99999 0.00000 0.00001 ( 1)  0.000
  58 L   0.99999 0.00000 0.00001 ( 1)  0.000
  59 H   0.99999 0.00000 0.00001 ( 1)  0.000
  60 I   0.99999 0.00000 0.00001 ( 1)  0.000
  61 T   0.99999 0.00000 0.00001 ( 1)  0.000
  62 D   0.99999 0.00000 0.00001 ( 1)  0.000
  63 F   0.99999 0.00000 0.00001 ( 1)  0.000
  64 D   0.99999 0.00000 0.00001 ( 1)  0.000
  65 W   0.99999 0.00000 0.00001 ( 1)  0.000
  66 P   0.99999 0.00000 0.00001 ( 1)  0.000
  67 K   0.99999 0.00000 0.00001 ( 1)  0.000
  68 N   0.99999 0.00000 0.00001 ( 1)  0.000
  69 I   0.99999 0.00000 0.00001 ( 1)  0.000
  70 T   0.99999 0.00000 0.00001 ( 1)  0.000
  71 P   0.99999 0.00000 0.00001 ( 1)  0.000
  72 S   0.99999 0.00000 0.00001 ( 1)  0.000
  73 G   0.99999 0.00000 0.00001 ( 1)  0.000
  74 F   0.99999 0.00000 0.00001 ( 1)  0.000
  75 S   0.99999 0.00000 0.00001 ( 1)  0.000
  76 M   0.99999 0.00000 0.00001 ( 1)  0.000
  77 K   0.99999 0.00000 0.00001 ( 1)  0.000
  78 L   0.99999 0.00000 0.00001 ( 1)  0.000
  79 R   0.99999 0.00000 0.00001 ( 1)  0.000
  80 K   0.99999 0.00000 0.00001 ( 1)  0.000
  81 H   0.99999 0.00000 0.00001 ( 1)  0.000
  82 I   0.99999 0.00000 0.00001 ( 1)  0.000
  83 K   0.99999 0.00000 0.00001 ( 1)  0.000
  84 N   0.99999 0.00000 0.00001 ( 1)  0.000
  85 K   0.99999 0.00000 0.00001 ( 1)  0.000
  86 R   0.99999 0.00000 0.00001 ( 1)  0.000
  87 L   0.99999 0.00000 0.00001 ( 1)  0.000
  88 E   0.99999 0.00000 0.00001 ( 1)  0.000
  89 Q   0.99999 0.00000 0.00001 ( 1)  0.000
  90 I   0.99999 0.00000 0.00001 ( 1)  0.000
  91 Q   0.99999 0.00000 0.00001 ( 1)  0.000
  92 L   0.99999 0.00000 0.00001 ( 1)  0.000
  93 V   0.99999 0.00000 0.00001 ( 1)  0.000
  94 G   0.99999 0.00000 0.00001 ( 1)  0.000
  95 I   0.99999 0.00000 0.00001 ( 1)  0.000
  96 D   0.99999 0.00000 0.00001 ( 1)  0.000
  97 R   0.99999 0.00000 0.00001 ( 1)  0.000
  98 I   0.99999 0.00000 0.00001 ( 1)  0.000
  99 V   0.99999 0.00000 0.00001 ( 1)  0.000
 100 R   0.99999 0.00000 0.00001 ( 1)  0.000
 101 L   0.99999 0.00000 0.00001 ( 1)  0.000
 102 Q   0.99999 0.00000 0.00001 ( 1)  0.000
 103 F   0.99999 0.00000 0.00001 ( 1)  0.000
 104 G   0.99999 0.00000 0.00001 ( 1)  0.000
 105 T   0.99999 0.00000 0.00001 ( 1)  0.000
 106 G   0.99999 0.00000 0.00001 ( 1)  0.000
 107 E   0.99999 0.00000 0.00001 ( 1)  0.000
 108 W   0.99999 0.00000 0.00001 ( 1)  0.000
 109 T   0.99999 0.00000 0.00001 ( 1)  0.000
 110 F   0.99999 0.00000 0.00001 ( 1)  0.000
 111 H   0.99999 0.00000 0.00001 ( 1)  0.000
 112 L   0.99999 0.00000 0.00001 ( 1)  0.000
 113 I   0.99999 0.00000 0.00001 ( 1)  0.000
 114 V   0.99999 0.00000 0.00001 ( 1)  0.000
 115 E   0.99999 0.00000 0.00001 ( 1)  0.000
 116 L   0.99999 0.00000 0.00001 ( 1)  0.000
 117 Y   0.99999 0.00000 0.00001 ( 1)  0.000
 118 D   0.99999 0.00000 0.00001 ( 1)  0.000
 119 K   0.99999 0.00000 0.00001 ( 1)  0.000
 120 G   0.99999 0.00000 0.00001 ( 1)  0.000
 121 N   0.99999 0.00000 0.00001 ( 1)  0.000
 122 A   0.99999 0.00000 0.00001 ( 1)  0.000
 123 L   0.99999 0.00000 0.00001 ( 1)  0.000
 124 L   0.99999 0.00000 0.00001 ( 1)  0.000
 125 T   0.99999 0.00000 0.00001 ( 1)  0.000
 126 D   0.99999 0.00000 0.00001 ( 1)  0.000
 127 H   0.99999 0.00000 0.00001 ( 1)  0.000
 128 Q   0.99999 0.00000 0.00001 ( 1)  0.000
 129 F   0.99999 0.00000 0.00001 ( 1)  0.000
 130 T   0.99999 0.00000 0.00001 ( 1)  0.000
 131 I   0.99999 0.00000 0.00001 ( 1)  0.000
 132 V   0.99999 0.00000 0.00001 ( 1)  0.000
 133 H   0.99999 0.00000 0.00001 ( 1)  0.000
 134 L   0.99999 0.00000 0.00001 ( 1)  0.000
 135 L   0.99999 0.00000 0.00001 ( 1)  0.000
 136 R   0.99999 0.00000 0.00001 ( 1)  0.000
 137 P   0.99999 0.00000 0.00001 ( 1)  0.000
 138 R   0.99999 0.00000 0.00001 ( 1)  0.000
 139 T   0.99999 0.00000 0.00001 ( 1)  0.000
 140 D   0.99999 0.00000 0.00001 ( 1)  0.000
 141 A   0.99999 0.00000 0.00001 ( 1)  0.000
 142 A   0.99999 0.00000 0.00001 ( 1)  0.000
 143 D   0.99999 0.00000 0.00001 ( 1)  0.000
 144 Q   0.99999 0.00000 0.00001 ( 1)  0.000
 145 T   0.99999 0.00000 0.00001 ( 1)  0.000
 146 K   0.99999 0.00000 0.00001 ( 1)  0.000
 147 I   0.99999 0.00000 0.00001 ( 1)  0.000
 148 V   0.99999 0.00000 0.00001 ( 1)  0.000
 149 T   0.99999 0.00000 0.00001 ( 1)  0.000
 150 S   0.99999 0.00000 0.00001 ( 1)  0.000
 151 E   0.99999 0.00000 0.00001 ( 1)  0.000
 152 T   0.99999 0.00000 0.00001 ( 1)  0.000
 153 Y   0.99999 0.00000 0.00001 ( 1)  0.000
 154 Q   0.99999 0.00000 0.00001 ( 1)  0.000
 155 L   0.99999 0.00000 0.00001 ( 1)  0.000
 156 D   0.99999 0.00000 0.00001 ( 1)  0.000
 157 K   0.99999 0.00000 0.00001 ( 1)  0.000
 158 A   0.99999 0.00000 0.00001 ( 1)  0.000
 159 R   0.99999 0.00000 0.00001 ( 1)  0.000
 160 Q   0.99999 0.00000 0.00001 ( 1)  0.000
 161 A   0.99999 0.00000 0.00001 ( 1)  0.000
 162 C   0.99999 0.00000 0.00001 ( 1)  0.000
 163 D   0.99999 0.00000 0.00001 ( 1)  0.000
 164 W   0.99999 0.00000 0.00001 ( 1)  0.000
 165 S   0.99999 0.00000 0.00001 ( 1)  0.000
 166 L   0.99999 0.00000 0.00001 ( 1)  0.000
 167 A   0.99999 0.00000 0.00001 ( 1)  0.000
 168 A   0.99999 0.00000 0.00001 ( 1)  0.000
 169 I   0.99999 0.00000 0.00001 ( 1)  0.000
 170 A   0.99999 0.00000 0.00001 ( 1)  0.000
 171 P   0.99999 0.00000 0.00001 ( 1)  0.000
 172 V   0.99999 0.00000 0.00001 ( 1)  0.000
 173 C   0.99999 0.00000 0.00001 ( 1)  0.000
 174 S   0.99999 0.00000 0.00001 ( 1)  0.000
 175 A   0.99999 0.00000 0.00001 ( 1)  0.000
 176 A   0.99999 0.00000 0.00001 ( 1)  0.000
 177 A   0.99999 0.00000 0.00001 ( 1)  0.000
 178 T   0.99999 0.00000 0.00001 ( 1)  0.000
 179 Q   0.99999 0.00000 0.00001 ( 1)  0.000
 180 K   0.99999 0.00000 0.00001 ( 1)  0.000
 181 G   0.99999 0.00000 0.00001 ( 1)  0.000
 182 Q   0.99999 0.00000 0.00001 ( 1)  0.000
 183 L   0.99999 0.00000 0.00001 ( 1)  0.000
 184 A   0.99999 0.00000 0.00001 ( 1)  0.000
 185 R   0.99999 0.00000 0.00001 ( 1)  0.000
 186 S   0.99999 0.00000 0.00001 ( 1)  0.000
 187 L   0.99999 0.00000 0.00001 ( 1)  0.000
 188 T   0.99999 0.00000 0.00001 ( 1)  0.000
 189 G   0.99999 0.00000 0.00001 ( 1)  0.000
 190 L   0.99999 0.00000 0.00001 ( 1)  0.000
 191 F   0.99999 0.00000 0.00001 ( 1)  0.000
 192 P   0.99999 0.00000 0.00001 ( 1)  0.000
 193 Y   0.99999 0.00000 0.00001 ( 1)  0.000
 194 G   0.99999 0.00000 0.00001 ( 1)  0.000
 195 G   0.99999 0.00000 0.00001 ( 1)  0.000
 196 P   0.99999 0.00000 0.00001 ( 1)  0.000
 197 L   0.99999 0.00000 0.00001 ( 1)  0.000
 198 L   0.99999 0.00000 0.00001 ( 1)  0.000
 199 D   0.99999 0.00000 0.00001 ( 1)  0.000
 200 H   0.99999 0.00000 0.00001 ( 1)  0.000
 201 C   0.99999 0.00000 0.00001 ( 1)  0.000
 202 L   0.99999 0.00000 0.00001 ( 1)  0.000
 203 R   0.99999 0.00000 0.00001 ( 1)  0.000
 204 V   0.99999 0.00000 0.00001 ( 1)  0.000
 205 A   0.99999 0.00000 0.00001 ( 1)  0.000
 206 S   0.99999 0.00000 0.00001 ( 1)  0.000
 207 G   0.99999 0.00000 0.00001 ( 1)  0.000
 208 Q   0.99999 0.00000 0.00001 ( 1)  0.000
 209 S   0.99999 0.00000 0.00001 ( 1)  0.000
 210 L   0.99999 0.00000 0.00001 ( 1)  0.000
 211 K   0.99999 0.00000 0.00001 ( 1)  0.000
 212 S   0.99999 0.00000 0.00001 ( 1)  0.000
 213 L   0.99999 0.00000 0.00001 ( 1)  0.000
 214 E   0.99999 0.00000 0.00001 ( 1)  0.000
 215 S   0.99999 0.00000 0.00001 ( 1)  0.000
 216 Q   0.99999 0.00000 0.00001 ( 1)  0.000
 217 L   0.99999 0.00000 0.00001 ( 1)  0.000
 218 T   0.99999 0.00000 0.00001 ( 1)  0.000
 219 P   0.99999 0.00000 0.00001 ( 1)  0.000
 220 D   0.99999 0.00000 0.00001 ( 1)  0.000
 221 S   0.99999 0.00000 0.00001 ( 1)  0.000
 222 V   0.99999 0.00000 0.00001 ( 1)  0.000
 223 E   0.99999 0.00000 0.00001 ( 1)  0.000
 224 A   0.99999 0.00000 0.00001 ( 1)  0.000
 225 A   0.99999 0.00000 0.00001 ( 1)  0.000
 226 A   0.99999 0.00000 0.00001 ( 1)  0.000
 227 A   0.99999 0.00000 0.00001 ( 1)  0.000
 228 A   0.99999 0.00000 0.00001 ( 1)  0.000
 229 A   0.99999 0.00000 0.00001 ( 1)  0.000
 230 L   0.99999 0.00000 0.00001 ( 1)  0.000
 231 A   0.99999 0.00000 0.00001 ( 1)  0.000
 232 A   0.99999 0.00000 0.00001 ( 1)  0.000
 233 F   0.99999 0.00000 0.00001 ( 1)  0.000
 234 E   0.99999 0.00000 0.00001 ( 1)  0.000
 235 L   0.99999 0.00000 0.00001 ( 1)  0.000
 236 G   0.99999 0.00000 0.00001 ( 1)  0.000
 237 E   0.99999 0.00000 0.00001 ( 1)  0.000
 238 T   0.99999 0.00000 0.00001 ( 1)  0.000
 239 I   0.99999 0.00000 0.00001 ( 1)  0.000
 240 V   0.99999 0.00000 0.00001 ( 1)  0.000
 241 A   0.99999 0.00000 0.00001 ( 1)  0.000
 242 S   0.99999 0.00000 0.00001 ( 1)  0.000
 243 L   0.99999 0.00000 0.00001 ( 1)  0.000
 244 R   0.99999 0.00000 0.00001 ( 1)  0.000
 245 D   0.99999 0.00000 0.00001 ( 1)  0.000
 246 R   0.99999 0.00000 0.00001 ( 1)  0.000
 247 P   0.99999 0.00000 0.00001 ( 1)  0.000
 248 D   0.99999 0.00000 0.00001 ( 1)  0.000
 249 D   0.99999 0.00000 0.00001 ( 1)  0.000
 250 S   0.99999 0.00000 0.00001 ( 1)  0.000
 251 V   0.99999 0.00000 0.00001 ( 1)  0.000
 252 R   0.99999 0.00000 0.00001 ( 1)  0.000
 253 A   0.99999 0.00000 0.00001 ( 1)  0.000
 254 C   0.99999 0.00000 0.00001 ( 1)  0.000
 255 V   0.99999 0.00000 0.00001 ( 1)  0.000
 256 T   0.99999 0.00000 0.00001 ( 1)  0.000
 257 T   0.99999 0.00000 0.00001 ( 1)  0.000
 258 K   0.99999 0.00000 0.00001 ( 1)  0.000
 259 P   0.99999 0.00000 0.00001 ( 1)  0.000
 260 R   0.99999 0.00000 0.00001 ( 1)  0.000
 261 E   0.99999 0.00000 0.00001 ( 1)  0.000
 262 V   0.99999 0.00000 0.00001 ( 1)  0.000
 263 S   0.99999 0.00000 0.00001 ( 1)  0.000
 264 S   0.99999 0.00000 0.00001 ( 1)  0.000
 265 V   0.99999 0.00000 0.00001 ( 1)  0.000
 266 A   0.99999 0.00000 0.00001 ( 1)  0.000
 267 T   0.99999 0.00000 0.00001 ( 1)  0.000
 268 G   0.99999 0.00000 0.00001 ( 1)  0.000
 269 S   0.99999 0.00000 0.00001 ( 1)  0.000
 270 A   0.99999 0.00000 0.00001 ( 1)  0.000
 271 A   0.99999 0.00000 0.00001 ( 1)  0.000
 272 S   0.99999 0.00000 0.00001 ( 1)  0.000
 273 G   0.99999 0.00000 0.00001 ( 1)  0.000
 274 T   0.99999 0.00000 0.00001 ( 1)  0.000
 275 A   0.99999 0.00000 0.00001 ( 1)  0.000
 276 P   0.99999 0.00000 0.00001 ( 1)  0.000
 277 A   0.99999 0.00000 0.00001 ( 1)  0.000
 278 A   0.99999 0.00000 0.00001 ( 1)  0.000
 279 A   0.99999 0.00000 0.00001 ( 1)  0.000
 280 S   0.99999 0.00000 0.00001 ( 1)  0.000
 281 V   0.99999 0.00000 0.00001 ( 1)  0.000
 282 D   0.99999 0.00000 0.00001 ( 1)  0.000
 283 P   0.99999 0.00000 0.00001 ( 1)  0.000
 284 Y   0.99999 0.00000 0.00001 ( 1)  0.000
 285 S   0.99999 0.00000 0.00001 ( 1)  0.000
 286 G   0.99999 0.00000 0.00001 ( 1)  0.000
 287 L   0.99999 0.00000 0.00001 ( 1)  0.000
 288 D   0.99999 0.00000 0.00001 ( 1)  0.000
 289 F   0.99999 0.00000 0.00001 ( 1)  0.000
 290 L   0.99999 0.00000 0.00001 ( 1)  0.000
 291 E   0.99999 0.00000 0.00001 ( 1)  0.000
 292 F   0.99999 0.00000 0.00001 ( 1)  0.000
 293 H   0.99999 0.00000 0.00001 ( 1)  0.000
 294 P   0.99999 0.00000 0.00001 ( 1)  0.000
 295 M   0.99999 0.00000 0.00001 ( 1)  0.000
 296 E   0.99999 0.00000 0.00001 ( 1)  0.000
 297 L   0.99999 0.00000 0.00001 ( 1)  0.000
 298 V   0.99999 0.00000 0.00001 ( 1)  0.000
 299 Q   0.99999 0.00000 0.00001 ( 1)  0.000
 300 T   0.99999 0.00000 0.00001 ( 1)  0.000
 301 E   0.99999 0.00000 0.00001 ( 1)  0.000
 302 G   0.99999 0.00000 0.00001 ( 1)  0.000
 303 K   0.99999 0.00000 0.00001 ( 1)  0.000
 304 D   0.99999 0.00000 0.00001 ( 1)  0.000
 305 K   0.99999 0.00000 0.00001 ( 1)  0.000
 306 I   0.99999 0.00000 0.00001 ( 1)  0.000
 307 R   0.99999 0.00000 0.00001 ( 1)  0.000
 308 F   0.99999 0.00000 0.00001 ( 1)  0.000
 309 H   0.99999 0.00000 0.00001 ( 1)  0.000
 310 S   0.99999 0.00000 0.00001 ( 1)  0.000
 311 F   0.99999 0.00000 0.00001 ( 1)  0.000
 312 N   0.99999 0.00000 0.00001 ( 1)  0.000
 313 K   0.99999 0.00000 0.00001 ( 1)  0.000
 314 A   0.99999 0.00000 0.00001 ( 1)  0.000
 315 V   0.99999 0.00000 0.00001 ( 1)  0.000
 316 D   0.99999 0.00000 0.00001 ( 1)  0.000
 317 E   0.99999 0.00000 0.00001 ( 1)  0.000
 318 F   0.99999 0.00000 0.00001 ( 1)  0.000
 319 F   0.99999 0.00000 0.00001 ( 1)  0.000
 320 L   0.99999 0.00000 0.00001 ( 1)  0.000
 321 K   0.99999 0.00000 0.00001 ( 1)  0.000
 322 M   0.99999 0.00000 0.00001 ( 1)  0.000
 323 E   0.99999 0.00000 0.00001 ( 1)  0.000
 324 S   0.99999 0.00000 0.00001 ( 1)  0.000
 325 Q   0.99999 0.00000 0.00001 ( 1)  0.000
 326 R   0.99999 0.00000 0.00001 ( 1)  0.000
 327 L   0.99999 0.00000 0.00001 ( 1)  0.000
 328 D   0.99999 0.00000 0.00001 ( 1)  0.000
 329 Q   0.99999 0.00000 0.00001 ( 1)  0.000
 330 K   0.99999 0.00000 0.00001 ( 1)  0.000
 331 A   0.99999 0.00000 0.00001 ( 1)  0.000
 332 L   0.99999 0.00000 0.00001 ( 1)  0.000
 333 Q   0.99999 0.00000 0.00001 ( 1)  0.000
 334 Q   0.99999 0.00000 0.00001 ( 1)  0.000
 335 E   0.99999 0.00000 0.00001 ( 1)  0.000
 336 K   0.99999 0.00000 0.00001 ( 1)  0.000
 337 A   0.99999 0.00000 0.00001 ( 1)  0.000
 338 A   0.99999 0.00000 0.00001 ( 1)  0.000
 339 L   0.99999 0.00000 0.00001 ( 1)  0.000
 340 K   0.99999 0.00000 0.00001 ( 1)  0.000
 341 K   0.99999 0.00000 0.00001 ( 1)  0.000
 342 L   0.99999 0.00000 0.00001 ( 1)  0.000
 343 D   0.99999 0.00000 0.00001 ( 1)  0.000
 344 N   0.99999 0.00000 0.00001 ( 1)  0.000
 345 I   0.99999 0.00000 0.00001 ( 1)  0.000
 346 K   0.99999 0.00000 0.00001 ( 1)  0.000
 347 Q   0.99999 0.00000 0.00001 ( 1)  0.000
 348 D   0.99999 0.00000 0.00001 ( 1)  0.000
 349 H   0.99999 0.00000 0.00001 ( 1)  0.000
 350 E   0.99999 0.00000 0.00001 ( 1)  0.000
 351 K   0.99999 0.00000 0.00001 ( 1)  0.000
 352 R   0.99999 0.00000 0.00001 ( 1)  0.000
 353 L   0.99999 0.00000 0.00001 ( 1)  0.000
 354 A   0.99999 0.00000 0.00001 ( 1)  0.000
 355 E   0.99999 0.00000 0.00001 ( 1)  0.000
 356 L   0.99999 0.00000 0.00001 ( 1)  0.000
 357 A   0.99999 0.00000 0.00001 ( 1)  0.000
 358 E   0.99999 0.00000 0.00001 ( 1)  0.000
 359 A   0.99999 0.00000 0.00001 ( 1)  0.000
 360 Q   0.99999 0.00000 0.00001 ( 1)  0.000
 361 I   0.99999 0.00000 0.00001 ( 1)  0.000
 362 T   0.99999 0.00000 0.00001 ( 1)  0.000
 363 D   0.99999 0.00000 0.00001 ( 1)  0.000
 364 R   0.99999 0.00000 0.00001 ( 1)  0.000
 365 E   0.99999 0.00000 0.00001 ( 1)  0.000
 366 K   0.99999 0.00000 0.00001 ( 1)  0.000
 367 G   0.99999 0.00000 0.00001 ( 1)  0.000

Positively selected sites

	Prob(w>1)  mean w



lnL = -1418.573309

Bayes Empirical Bayes (BEB) probabilities for 3 classes (class) & postmean_w
(amino acids refer to 1st sequence: Mlig.27965)

   1 M   0.82357 0.12173 0.05470 ( 1)  0.380 +-  0.778
   2 K   0.82315 0.12186 0.05498 ( 1)  0.381 +-  0.782
   3 A   0.81864 0.12329 0.05807 ( 1)  0.396 +-  0.826
   4 R   0.82169 0.12234 0.05597 ( 1)  0.386 +-  0.796
   5 F   0.82218 0.12219 0.05563 ( 1)  0.384 +-  0.791
   6 T   0.82260 0.12205 0.05535 ( 1)  0.383 +-  0.787
   7 T   0.81850 0.12333 0.05816 ( 1)  0.396 +-  0.828
   8 L   0.82136 0.12245 0.05620 ( 1)  0.387 +-  0.799
   9 D   0.82439 0.12145 0.05416 ( 1)  0.378 +-  0.770
  10 I   0.81936 0.12307 0.05757 ( 1)  0.393 +-  0.819
  11 V   0.82267 0.12202 0.05531 ( 1)  0.383 +-  0.787
  12 A   0.82306 0.12189 0.05505 ( 1)  0.382 +-  0.783
  13 V   0.82312 0.12187 0.05501 ( 1)  0.382 +-  0.782
  14 V   0.82267 0.12202 0.05531 ( 1)  0.383 +-  0.787
  15 A   0.82306 0.12189 0.05505 ( 1)  0.382 +-  0.783
  16 E   0.82375 0.12166 0.05458 ( 1)  0.380 +-  0.776
  17 I   0.82350 0.12175 0.05475 ( 1)  0.380 +-  0.779
  18 S   0.81754 0.12362 0.05884 ( 1)  0.399 +-  0.837
  19 Q   0.82255 0.12206 0.05539 ( 1)  0.383 +-  0.788
  20 S   0.82238 0.12212 0.05550 ( 1)  0.384 +-  0.789
  21 C   0.82068 0.12267 0.05665 ( 1)  0.389 +-  0.806
  22 I   0.81936 0.12307 0.05757 ( 1)  0.393 +-  0.819
  23 G   0.81851 0.12333 0.05816 ( 1)  0.396 +-  0.828
  24 L   0.82136 0.12245 0.05620 ( 1)  0.387 +-  0.799
  25 R   0.81755 0.12362 0.05883 ( 1)  0.399 +-  0.837
  26 V   0.82267 0.12202 0.05531 ( 1)  0.383 +-  0.787
  27 S   0.82151 0.12240 0.05609 ( 1)  0.386 +-  0.798
  28 N   0.82383 0.12164 0.05453 ( 1)  0.379 +-  0.775
  29 V   0.82312 0.12187 0.05501 ( 1)  0.382 +-  0.782
  30 Y   0.82200 0.12225 0.05576 ( 1)  0.385 +-  0.793
  31 D   0.82439 0.12145 0.05416 ( 1)  0.378 +-  0.770
  32 I   0.82350 0.12175 0.05475 ( 1)  0.380 +-  0.779
  33 N   0.81964 0.12299 0.05737 ( 1)  0.392 +-  0.816
  34 N   0.81964 0.12299 0.05737 ( 1)  0.392 +-  0.816
  35 K   0.82315 0.12186 0.05498 ( 1)  0.381 +-  0.782
  36 T   0.82260 0.12205 0.05535 ( 1)  0.383 +-  0.787
  37 Y   0.82200 0.12225 0.05576 ( 1)  0.385 +-  0.793
  38 L   0.82021 0.12281 0.05698 ( 1)  0.391 +-  0.810
  39 I   0.81936 0.12307 0.05757 ( 1)  0.393 +-  0.819
  40 R   0.82090 0.12259 0.05650 ( 1)  0.388 +-  0.804
  41 L   0.82136 0.12245 0.05620 ( 1)  0.387 +-  0.799
  42 S   0.82238 0.12212 0.05550 ( 1)  0.384 +-  0.789
  43 K   0.82315 0.12186 0.05498 ( 1)  0.381 +-  0.782
  44 P   0.82227 0.12215 0.05558 ( 1)  0.384 +-  0.790
  45 D   0.82005 0.12286 0.05709 ( 1)  0.391 +-  0.812
  46 H   0.82344 0.12177 0.05479 ( 1)  0.381 +-  0.779
  47 K   0.82315 0.12186 0.05498 ( 1)  0.381 +-  0.782
  48 V   0.82267 0.12202 0.05531 ( 1)  0.383 +-  0.787
  49 T   0.82260 0.12205 0.05535 ( 1)  0.383 +-  0.787
  50 L   0.82136 0.12245 0.05620 ( 1)  0.387 +-  0.799
  51 L   0.81769 0.12358 0.05873 ( 1)  0.399 +-  0.836
  52 F   0.82218 0.12219 0.05563 ( 1)  0.384 +-  0.791
  53 E   0.82375 0.12166 0.05458 ( 1)  0.380 +-  0.776
  54 S   0.82072 0.12265 0.05663 ( 1)  0.389 +-  0.805
  55 G   0.82261 0.12204 0.05534 ( 1)  0.383 +-  0.787
  56 I   0.82350 0.12175 0.05475 ( 1)  0.380 +-  0.779
  57 R   0.82090 0.12259 0.05650 ( 1)  0.388 +-  0.804
  58 L   0.82136 0.12245 0.05620 ( 1)  0.387 +-  0.799
  59 H   0.82344 0.12177 0.05479 ( 1)  0.381 +-  0.779
  60 I   0.82350 0.12175 0.05475 ( 1)  0.380 +-  0.779
  61 T   0.82218 0.12218 0.05564 ( 1)  0.384 +-  0.791
  62 D   0.82439 0.12145 0.05416 ( 1)  0.378 +-  0.770
  63 F   0.81873 0.12327 0.05800 ( 1)  0.395 +-  0.825
  64 D   0.82439 0.12145 0.05416 ( 1)  0.378 +-  0.770
  65 W   0.81979 0.12294 0.05727 ( 1)  0.392 +-  0.815
  66 P   0.82188 0.12228 0.05584 ( 1)  0.385 +-  0.794
  67 K   0.82315 0.12186 0.05498 ( 1)  0.381 +-  0.782
  68 N   0.82383 0.12164 0.05453 ( 1)  0.379 +-  0.775
  69 I   0.82350 0.12175 0.05475 ( 1)  0.380 +-  0.779
  70 T   0.82218 0.12218 0.05564 ( 1)  0.384 +-  0.791
  71 P   0.82227 0.12215 0.05558 ( 1)  0.384 +-  0.790
  72 S   0.82238 0.12212 0.05550 ( 1)  0.384 +-  0.789
  73 G   0.81851 0.12333 0.05816 ( 1)  0.396 +-  0.828
  74 F   0.82218 0.12219 0.05563 ( 1)  0.384 +-  0.791
  75 S   0.81754 0.12362 0.05884 ( 1)  0.399 +-  0.837
  76 M   0.82357 0.12173 0.05470 ( 1)  0.380 +-  0.778
  77 K   0.82315 0.12186 0.05498 ( 1)  0.381 +-  0.782
  78 L   0.82136 0.12245 0.05620 ( 1)  0.387 +-  0.799
  79 R   0.82169 0.12234 0.05597 ( 1)  0.386 +-  0.796
  80 K   0.82315 0.12186 0.05498 ( 1)  0.381 +-  0.782
  81 H   0.82344 0.12177 0.05479 ( 1)  0.381 +-  0.779
  82 I   0.82350 0.12175 0.05475 ( 1)  0.380 +-  0.779
  83 K   0.82315 0.12186 0.05498 ( 1)  0.381 +-  0.782
  84 N   0.82383 0.12164 0.05453 ( 1)  0.379 +-  0.775
  85 K   0.82315 0.12186 0.05498 ( 1)  0.381 +-  0.782
  86 R   0.82090 0.12259 0.05650 ( 1)  0.388 +-  0.804
  87 L   0.82136 0.12245 0.05620 ( 1)  0.387 +-  0.799
  88 E   0.82375 0.12166 0.05458 ( 1)  0.380 +-  0.776
  89 Q   0.82255 0.12206 0.05539 ( 1)  0.383 +-  0.788
  90 I   0.82350 0.12175 0.05475 ( 1)  0.380 +-  0.779
  91 Q   0.82255 0.12206 0.05539 ( 1)  0.383 +-  0.788
  92 L   0.82136 0.12245 0.05620 ( 1)  0.387 +-  0.799
  93 V   0.81866 0.12329 0.05806 ( 1)  0.396 +-  0.826
  94 G   0.82261 0.12204 0.05534 ( 1)  0.383 +-  0.787
  95 I   0.82350 0.12175 0.05475 ( 1)  0.380 +-  0.779
  96 D   0.82005 0.12286 0.05709 ( 1)  0.391 +-  0.812
  97 R   0.82169 0.12234 0.05597 ( 1)  0.386 +-  0.796
  98 I   0.81936 0.12307 0.05757 ( 1)  0.393 +-  0.819
  99 V   0.81866 0.12329 0.05806 ( 1)  0.396 +-  0.826
 100 R   0.82090 0.12259 0.05650 ( 1)  0.388 +-  0.804
 101 L   0.82136 0.12245 0.05620 ( 1)  0.387 +-  0.799
 102 Q   0.82255 0.12206 0.05539 ( 1)  0.383 +-  0.788
 103 F   0.82218 0.12219 0.05563 ( 1)  0.384 +-  0.791
 104 G   0.82261 0.12204 0.05534 ( 1)  0.383 +-  0.787
 105 T   0.82218 0.12218 0.05564 ( 1)  0.384 +-  0.791
 106 G   0.82261 0.12204 0.05534 ( 1)  0.383 +-  0.787
 107 E   0.81951 0.12303 0.05746 ( 1)  0.393 +-  0.817
 108 W   0.81979 0.12294 0.05727 ( 1)  0.392 +-  0.815
 109 T   0.81850 0.12333 0.05816 ( 1)  0.396 +-  0.828
 110 F   0.82218 0.12219 0.05563 ( 1)  0.384 +-  0.791
 111 H   0.82344 0.12177 0.05479 ( 1)  0.381 +-  0.779
 112 L   0.82237 0.12212 0.05551 ( 1)  0.384 +-  0.789
 113 I   0.81936 0.12307 0.05757 ( 1)  0.393 +-  0.819
 114 V   0.82267 0.12202 0.05531 ( 1)  0.383 +-  0.787
 115 E   0.82375 0.12166 0.05458 ( 1)  0.380 +-  0.776
 116 L   0.82136 0.12245 0.05620 ( 1)  0.387 +-  0.799
 117 Y   0.82200 0.12225 0.05576 ( 1)  0.385 +-  0.793
 118 D   0.82005 0.12286 0.05709 ( 1)  0.391 +-  0.812
 119 K   0.82315 0.12186 0.05498 ( 1)  0.381 +-  0.782
 120 G   0.82261 0.12204 0.05534 ( 1)  0.383 +-  0.787
 121 N   0.82383 0.12164 0.05453 ( 1)  0.379 +-  0.775
 122 A   0.82306 0.12189 0.05505 ( 1)  0.382 +-  0.783
 123 L   0.82136 0.12245 0.05620 ( 1)  0.387 +-  0.799
 124 L   0.82237 0.12212 0.05551 ( 1)  0.384 +-  0.789
 125 T   0.81850 0.12333 0.05816 ( 1)  0.396 +-  0.828
 126 D   0.82005 0.12286 0.05709 ( 1)  0.391 +-  0.812
 127 H   0.82344 0.12177 0.05479 ( 1)  0.381 +-  0.779
 128 Q   0.82255 0.12206 0.05539 ( 1)  0.383 +-  0.788
 129 F   0.82218 0.12219 0.05563 ( 1)  0.384 +-  0.791
 130 T   0.82260 0.12205 0.05535 ( 1)  0.383 +-  0.787
 131 I   0.82350 0.12175 0.05475 ( 1)  0.380 +-  0.779
 132 V   0.82267 0.12202 0.05531 ( 1)  0.383 +-  0.787
 133 H   0.82344 0.12177 0.05479 ( 1)  0.381 +-  0.779
 134 L   0.82136 0.12245 0.05620 ( 1)  0.387 +-  0.799
 135 L   0.82237 0.12212 0.05551 ( 1)  0.384 +-  0.789
 136 R   0.82167 0.12235 0.05598 ( 1)  0.386 +-  0.796
 137 P   0.82188 0.12228 0.05584 ( 1)  0.385 +-  0.794
 138 R   0.82167 0.12235 0.05598 ( 1)  0.386 +-  0.796
 139 T   0.81784 0.12354 0.05863 ( 1)  0.398 +-  0.834
 140 D   0.82439 0.12145 0.05416 ( 1)  0.378 +-  0.770
 141 A   0.82261 0.12204 0.05535 ( 1)  0.383 +-  0.787
 142 A   0.81791 0.12351 0.05857 ( 1)  0.398 +-  0.834
 143 D   0.82439 0.12145 0.05416 ( 1)  0.378 +-  0.770
 144 Q   0.82255 0.12206 0.05539 ( 1)  0.383 +-  0.788
 145 T   0.82260 0.12205 0.05535 ( 1)  0.383 +-  0.787
 146 K   0.82315 0.12186 0.05498 ( 1)  0.381 +-  0.782
 147 I   0.82350 0.12175 0.05475 ( 1)  0.380 +-  0.779
 148 V   0.82312 0.12187 0.05501 ( 1)  0.382 +-  0.782
 149 T   0.82260 0.12205 0.05535 ( 1)  0.383 +-  0.787
 150 S   0.82238 0.12212 0.05550 ( 1)  0.384 +-  0.789
 151 E   0.82375 0.12166 0.05458 ( 1)  0.380 +-  0.776
 152 T   0.82260 0.12205 0.05535 ( 1)  0.383 +-  0.787
 153 Y   0.82200 0.12225 0.05576 ( 1)  0.385 +-  0.793
 154 Q   0.82255 0.12206 0.05539 ( 1)  0.383 +-  0.788
 155 L   0.82136 0.12245 0.05620 ( 1)  0.387 +-  0.799
 156 D   0.82439 0.12145 0.05416 ( 1)  0.378 +-  0.770
 157 K   0.82315 0.12186 0.05498 ( 1)  0.381 +-  0.782
 158 A   0.82306 0.12189 0.05505 ( 1)  0.382 +-  0.783
 159 R   0.82167 0.12235 0.05598 ( 1)  0.386 +-  0.796
 160 Q   0.82255 0.12206 0.05539 ( 1)  0.383 +-  0.788
 161 A   0.82306 0.12189 0.05505 ( 1)  0.382 +-  0.783
 162 C   0.82068 0.12267 0.05665 ( 1)  0.389 +-  0.806
 163 D   0.82439 0.12145 0.05416 ( 1)  0.378 +-  0.770
 164 W   0.81979 0.12294 0.05727 ( 1)  0.392 +-  0.815
 165 S   0.82238 0.12212 0.05550 ( 1)  0.384 +-  0.789
 166 L   0.82136 0.12245 0.05620 ( 1)  0.387 +-  0.799
 167 A   0.82306 0.12189 0.05505 ( 1)  0.382 +-  0.783
 168 A   0.81791 0.12351 0.05857 ( 1)  0.398 +-  0.834
 169 I   0.82350 0.12175 0.05475 ( 1)  0.380 +-  0.779
 170 A   0.82306 0.12189 0.05505 ( 1)  0.382 +-  0.783
 171 P   0.82188 0.12228 0.05584 ( 1)  0.385 +-  0.794
 172 V   0.81866 0.12329 0.05806 ( 1)  0.396 +-  0.826
 173 C   0.82068 0.12267 0.05665 ( 1)  0.389 +-  0.806
 174 S   0.81819 0.12343 0.05838 ( 1)  0.397 +-  0.831
 175 A   0.81791 0.12351 0.05857 ( 1)  0.398 +-  0.834
 176 A   0.82306 0.12189 0.05505 ( 1)  0.382 +-  0.783
 177 A   0.82306 0.12189 0.05505 ( 1)  0.382 +-  0.783
 178 T   0.81850 0.12333 0.05816 ( 1)  0.396 +-  0.828
 179 Q   0.82255 0.12206 0.05539 ( 1)  0.383 +-  0.788
 180 K   0.81907 0.12316 0.05777 ( 1)  0.394 +-  0.822
 181 G   0.82261 0.12204 0.05534 ( 1)  0.383 +-  0.787
 182 Q   0.82255 0.12206 0.05539 ( 1)  0.383 +-  0.788
 183 L   0.82136 0.12245 0.05620 ( 1)  0.387 +-  0.799
 184 A   0.82306 0.12189 0.05505 ( 1)  0.382 +-  0.783
 185 R   0.82167 0.12235 0.05598 ( 1)  0.386 +-  0.796
 186 S   0.82151 0.12240 0.05609 ( 1)  0.386 +-  0.798
 187 L   0.82237 0.12212 0.05551 ( 1)  0.384 +-  0.789
 188 T   0.82260 0.12205 0.05535 ( 1)  0.383 +-  0.787
 189 G   0.82261 0.12204 0.05534 ( 1)  0.383 +-  0.787
 190 L   0.82136 0.12245 0.05620 ( 1)  0.387 +-  0.799
 191 F   0.82218 0.12219 0.05563 ( 1)  0.384 +-  0.791
 192 P   0.82227 0.12215 0.05558 ( 1)  0.384 +-  0.790
 193 Y   0.82200 0.12225 0.05576 ( 1)  0.385 +-  0.793
 194 G   0.81780 0.12355 0.05865 ( 1)  0.399 +-  0.835
 195 G   0.81851 0.12333 0.05816 ( 1)  0.396 +-  0.828
 196 P   0.82227 0.12215 0.05558 ( 1)  0.384 +-  0.790
 197 L   0.82136 0.12245 0.05620 ( 1)  0.387 +-  0.799
 198 L   0.82237 0.12212 0.05551 ( 1)  0.384 +-  0.789
 199 D   0.82005 0.12286 0.05709 ( 1)  0.391 +-  0.812
 200 H   0.82344 0.12177 0.05479 ( 1)  0.381 +-  0.779
 201 C   0.82068 0.12267 0.05665 ( 1)  0.389 +-  0.806
 202 L   0.82237 0.12212 0.05551 ( 1)  0.384 +-  0.789
 203 R   0.82169 0.12234 0.05597 ( 1)  0.386 +-  0.796
 204 V   0.82312 0.12187 0.05501 ( 1)  0.382 +-  0.782
 205 A   0.82261 0.12204 0.05535 ( 1)  0.383 +-  0.787
 206 S   0.82151 0.12240 0.05609 ( 1)  0.386 +-  0.798
 207 G   0.82261 0.12204 0.05534 ( 1)  0.383 +-  0.787
 208 Q   0.82255 0.12206 0.05539 ( 1)  0.383 +-  0.788
 209 S   0.82072 0.12265 0.05663 ( 1)  0.389 +-  0.805
 210 L   0.82136 0.12245 0.05620 ( 1)  0.387 +-  0.799
 211 K   0.82315 0.12186 0.05498 ( 1)  0.381 +-  0.782
 212 S   0.82072 0.12265 0.05663 ( 1)  0.389 +-  0.805
 213 L   0.82136 0.12245 0.05620 ( 1)  0.387 +-  0.799
 214 E   0.82375 0.12166 0.05458 ( 1)  0.380 +-  0.776
 215 S   0.82072 0.12265 0.05663 ( 1)  0.389 +-  0.805
 216 Q   0.82255 0.12206 0.05539 ( 1)  0.383 +-  0.788
 217 L   0.82136 0.12245 0.05620 ( 1)  0.387 +-  0.799
 218 T   0.82218 0.12218 0.05564 ( 1)  0.384 +-  0.791
 219 P   0.82227 0.12215 0.05558 ( 1)  0.384 +-  0.790
 220 D   0.82439 0.12145 0.05416 ( 1)  0.378 +-  0.770
 221 S   0.81754 0.12362 0.05884 ( 1)  0.399 +-  0.837
 222 V   0.82267 0.12202 0.05531 ( 1)  0.383 +-  0.787
 223 E   0.81951 0.12303 0.05746 ( 1)  0.393 +-  0.817
 224 A   0.82306 0.12189 0.05505 ( 1)  0.382 +-  0.783
 225 A   0.82261 0.12204 0.05535 ( 1)  0.383 +-  0.787
 226 A   0.82306 0.12189 0.05505 ( 1)  0.382 +-  0.783
 227 A   0.81864 0.12329 0.05807 ( 1)  0.396 +-  0.826
 228 A   0.82306 0.12189 0.05505 ( 1)  0.382 +-  0.783
 229 A   0.82306 0.12189 0.05505 ( 1)  0.382 +-  0.783
 230 L   0.82021 0.12281 0.05698 ( 1)  0.391 +-  0.810
 231 A   0.82306 0.12189 0.05505 ( 1)  0.382 +-  0.783
 232 A   0.82306 0.12189 0.05505 ( 1)  0.382 +-  0.783
 233 F   0.82218 0.12219 0.05563 ( 1)  0.384 +-  0.791
 234 E   0.82375 0.12166 0.05458 ( 1)  0.380 +-  0.776
 235 L   0.82136 0.12245 0.05620 ( 1)  0.387 +-  0.799
 236 G   0.82261 0.12204 0.05534 ( 1)  0.383 +-  0.787
 237 E   0.82375 0.12166 0.05458 ( 1)  0.380 +-  0.776
 238 T   0.82218 0.12218 0.05564 ( 1)  0.384 +-  0.791
 239 I   0.81936 0.12307 0.05757 ( 1)  0.393 +-  0.819
 240 V   0.82267 0.12202 0.05531 ( 1)  0.383 +-  0.787
 241 A   0.82306 0.12189 0.05505 ( 1)  0.382 +-  0.783
 242 S   0.82238 0.12212 0.05550 ( 1)  0.384 +-  0.789
 243 L   0.82136 0.12245 0.05620 ( 1)  0.387 +-  0.799
 244 R   0.82169 0.12234 0.05597 ( 1)  0.386 +-  0.796
 245 D   0.82439 0.12145 0.05416 ( 1)  0.378 +-  0.770
 246 R   0.82090 0.12259 0.05650 ( 1)  0.388 +-  0.804
 247 P   0.81841 0.12336 0.05823 ( 1)  0.396 +-  0.829
 248 D   0.82439 0.12145 0.05416 ( 1)  0.378 +-  0.770
 249 D   0.82439 0.12145 0.05416 ( 1)  0.378 +-  0.770
 250 S   0.81819 0.12343 0.05838 ( 1)  0.397 +-  0.831
 251 V   0.82267 0.12202 0.05531 ( 1)  0.383 +-  0.787
 252 R   0.81755 0.12362 0.05883 ( 1)  0.399 +-  0.837
 253 A   0.82306 0.12189 0.05505 ( 1)  0.382 +-  0.783
 254 C   0.82068 0.12267 0.05665 ( 1)  0.389 +-  0.806
 255 V   0.82312 0.12187 0.05501 ( 1)  0.382 +-  0.782
 256 T   0.82260 0.12205 0.05535 ( 1)  0.383 +-  0.787
 257 T   0.82260 0.12205 0.05535 ( 1)  0.383 +-  0.787
 258 K   0.82315 0.12186 0.05498 ( 1)  0.381 +-  0.782
 259 P   0.82188 0.12228 0.05584 ( 1)  0.385 +-  0.794
 260 R   0.82169 0.12234 0.05597 ( 1)  0.386 +-  0.796
 261 E   0.82375 0.12166 0.05458 ( 1)  0.380 +-  0.776
 262 V   0.82312 0.12187 0.05501 ( 1)  0.382 +-  0.782
 263 S   0.82151 0.12240 0.05609 ( 1)  0.386 +-  0.798
 264 S   0.82151 0.12240 0.05609 ( 1)  0.386 +-  0.798
 265 V   0.81792 0.12351 0.05857 ( 1)  0.398 +-  0.833
 266 A   0.82261 0.12204 0.05535 ( 1)  0.383 +-  0.787
 267 T   0.82218 0.12218 0.05564 ( 1)  0.384 +-  0.791
 268 G   0.81851 0.12333 0.05816 ( 1)  0.396 +-  0.828
 269 S   0.82151 0.12240 0.05609 ( 1)  0.386 +-  0.798
 270 A   0.81864 0.12329 0.05807 ( 1)  0.396 +-  0.826
 271 A   0.82261 0.12204 0.05535 ( 1)  0.383 +-  0.787
 272 S   0.81819 0.12343 0.05838 ( 1)  0.397 +-  0.831
 273 G   0.82261 0.12204 0.05534 ( 1)  0.383 +-  0.787
 274 T   0.81784 0.12354 0.05863 ( 1)  0.398 +-  0.834
 275 A   0.82261 0.12204 0.05535 ( 1)  0.383 +-  0.787
 276 P   0.81841 0.12336 0.05823 ( 1)  0.396 +-  0.829
 277 A   0.82261 0.12204 0.05535 ( 1)  0.383 +-  0.787
 278 A   0.82261 0.12204 0.05535 ( 1)  0.383 +-  0.787
 279 A   0.82052 0.12270 0.05678 ( 1)  0.390 +-  0.808
 280 S   0.82072 0.12265 0.05663 ( 1)  0.389 +-  0.805
 281 V   0.81792 0.12351 0.05857 ( 1)  0.398 +-  0.833
 282 D   0.82005 0.12286 0.05709 ( 1)  0.391 +-  0.812
 283 P   0.82188 0.12228 0.05584 ( 1)  0.385 +-  0.794
 284 Y   0.82200 0.12225 0.05576 ( 1)  0.385 +-  0.793
 285 S   0.82238 0.12212 0.05550 ( 1)  0.384 +-  0.789
 286 G   0.81780 0.12355 0.05865 ( 1)  0.399 +-  0.835
 287 L   0.82136 0.12245 0.05620 ( 1)  0.387 +-  0.799
 288 D   0.82439 0.12145 0.05416 ( 1)  0.378 +-  0.770
 289 F   0.81873 0.12327 0.05800 ( 1)  0.395 +-  0.825
 290 L   0.82136 0.12245 0.05620 ( 1)  0.387 +-  0.799
 291 E   0.82375 0.12166 0.05458 ( 1)  0.380 +-  0.776
 292 F   0.81873 0.12327 0.05800 ( 1)  0.395 +-  0.825
 293 H   0.82344 0.12177 0.05479 ( 1)  0.381 +-  0.779
 294 P   0.81841 0.12336 0.05823 ( 1)  0.396 +-  0.829
 295 M   0.82357 0.12173 0.05470 ( 1)  0.380 +-  0.778
 296 E   0.82375 0.12166 0.05458 ( 1)  0.380 +-  0.776
 297 L   0.82136 0.12245 0.05620 ( 1)  0.387 +-  0.799
 298 V   0.82267 0.12202 0.05531 ( 1)  0.383 +-  0.787
 299 Q   0.82255 0.12206 0.05539 ( 1)  0.383 +-  0.788
 300 T   0.81850 0.12333 0.05816 ( 1)  0.396 +-  0.828
 301 E   0.82375 0.12166 0.05458 ( 1)  0.380 +-  0.776
 302 G   0.82261 0.12204 0.05534 ( 1)  0.383 +-  0.787
 303 K   0.82315 0.12186 0.05498 ( 1)  0.381 +-  0.782
 304 D   0.82439 0.12145 0.05416 ( 1)  0.378 +-  0.770
 305 K   0.82315 0.12186 0.05498 ( 1)  0.381 +-  0.782
 306 I   0.82350 0.12175 0.05475 ( 1)  0.380 +-  0.779
 307 R   0.82169 0.12234 0.05597 ( 1)  0.386 +-  0.796
 308 F   0.81873 0.12327 0.05800 ( 1)  0.395 +-  0.825
 309 H   0.82344 0.12177 0.05479 ( 1)  0.381 +-  0.779
 310 S   0.82238 0.12212 0.05550 ( 1)  0.384 +-  0.789
 311 F   0.82218 0.12219 0.05563 ( 1)  0.384 +-  0.791
 312 N   0.81964 0.12299 0.05737 ( 1)  0.392 +-  0.816
 313 K   0.82315 0.12186 0.05498 ( 1)  0.381 +-  0.782
 314 A   0.81864 0.12329 0.05807 ( 1)  0.396 +-  0.826
 315 V   0.81792 0.12351 0.05857 ( 1)  0.398 +-  0.833
 316 D   0.82439 0.12145 0.05416 ( 1)  0.378 +-  0.770
 317 E   0.81951 0.12303 0.05746 ( 1)  0.393 +-  0.817
 318 F   0.81873 0.12327 0.05800 ( 1)  0.395 +-  0.825
 319 F   0.82218 0.12219 0.05563 ( 1)  0.384 +-  0.791
 320 L   0.82237 0.12212 0.05551 ( 1)  0.384 +-  0.789
 321 K   0.81907 0.12316 0.05777 ( 1)  0.394 +-  0.822
 322 M   0.82357 0.12173 0.05470 ( 1)  0.380 +-  0.778
 323 E   0.82375 0.12166 0.05458 ( 1)  0.380 +-  0.776
 324 S   0.82238 0.12212 0.05550 ( 1)  0.384 +-  0.789
 325 Q   0.81898 0.12319 0.05783 ( 1)  0.395 +-  0.823
 326 R   0.82169 0.12234 0.05597 ( 1)  0.386 +-  0.796
 327 L   0.82136 0.12245 0.05620 ( 1)  0.387 +-  0.799
 328 D   0.82439 0.12145 0.05416 ( 1)  0.378 +-  0.770
 329 Q   0.82255 0.12206 0.05539 ( 1)  0.383 +-  0.788
 330 K   0.82315 0.12186 0.05498 ( 1)  0.381 +-  0.782
 331 A   0.82306 0.12189 0.05505 ( 1)  0.382 +-  0.783
 332 L   0.82136 0.12245 0.05620 ( 1)  0.387 +-  0.799
 333 Q   0.82255 0.12206 0.05539 ( 1)  0.383 +-  0.788
 334 Q   0.82255 0.12206 0.05539 ( 1)  0.383 +-  0.788
 335 E   0.82375 0.12166 0.05458 ( 1)  0.380 +-  0.776
 336 K   0.82315 0.12186 0.05498 ( 1)  0.381 +-  0.782
 337 A   0.82261 0.12204 0.05535 ( 1)  0.383 +-  0.787
 338 A   0.82306 0.12189 0.05505 ( 1)  0.382 +-  0.783
 339 L   0.82136 0.12245 0.05620 ( 1)  0.387 +-  0.799
 340 K   0.82315 0.12186 0.05498 ( 1)  0.381 +-  0.782
 341 K   0.82315 0.12186 0.05498 ( 1)  0.381 +-  0.782
 342 L   0.82136 0.12245 0.05620 ( 1)  0.387 +-  0.799
 343 D   0.82439 0.12145 0.05416 ( 1)  0.378 +-  0.770
 344 N   0.82383 0.12164 0.05453 ( 1)  0.379 +-  0.775
 345 I   0.82350 0.12175 0.05475 ( 1)  0.380 +-  0.779
 346 K   0.82315 0.12186 0.05498 ( 1)  0.381 +-  0.782
 347 Q   0.82255 0.12206 0.05539 ( 1)  0.383 +-  0.788
 348 D   0.82439 0.12145 0.05416 ( 1)  0.378 +-  0.770
 349 H   0.82344 0.12177 0.05479 ( 1)  0.381 +-  0.779
 350 E   0.82375 0.12166 0.05458 ( 1)  0.380 +-  0.776
 351 K   0.81988 0.12254 0.05758 ( 1)  0.395 +-  0.830
 352 R   0.82090 0.12259 0.05650 ( 1)  0.388 +-  0.804
 353 L   0.82237 0.12212 0.05551 ( 1)  0.384 +-  0.789
 354 A   0.82306 0.12189 0.05505 ( 1)  0.382 +-  0.783
 355 E   0.82375 0.12166 0.05458 ( 1)  0.380 +-  0.776
 356 L   0.82136 0.12245 0.05620 ( 1)  0.387 +-  0.799
 357 A   0.82306 0.12189 0.05505 ( 1)  0.382 +-  0.783
 358 E   0.81951 0.12303 0.05746 ( 1)  0.393 +-  0.817
 359 A   0.82261 0.12204 0.05535 ( 1)  0.383 +-  0.787
 360 Q   0.82255 0.12206 0.05539 ( 1)  0.383 +-  0.788
 361 I   0.82350 0.12175 0.05475 ( 1)  0.380 +-  0.779
 362 T   0.82260 0.12205 0.05535 ( 1)  0.383 +-  0.787
 363 D   0.82439 0.12145 0.05416 ( 1)  0.378 +-  0.770
 364 R   0.82167 0.12235 0.05598 ( 1)  0.386 +-  0.796
 365 E   0.82375 0.12166 0.05458 ( 1)  0.380 +-  0.776
 366 K   0.82315 0.12186 0.05498 ( 1)  0.381 +-  0.782
 367 G   0.82261 0.12204 0.05534 ( 1)  0.383 +-  0.787

Positively selected sites

	Prob(w>1)  mean w


