Supplemental results for CODEML (seqf: algn  treef: tree)


dN/dS (w) for site classes (K=8)

p:   0.12500  0.12500  0.12500  0.12500  0.12500  0.12500  0.12500  0.12500
w:   0.23075  0.25383  0.26854  0.28105  0.29314  0.30609  0.32192  0.34820

Naive Empirical Bayes (NEB) probabilities for 8 classes & postmean_w
(amino acids refer to 1st sequence: Hmic.10004)

   1 M   0.12671 0.12602 0.12557 0.12520 0.12484 0.12446 0.12399 0.12321 ( 1)  0.288
   2 N   0.12780 0.12666 0.12593 0.12532 0.12473 0.12411 0.12335 0.12210 ( 1)  0.287
   3 F   0.12675 0.12604 0.12559 0.12520 0.12484 0.12444 0.12397 0.12318 ( 1)  0.288
   4 P   0.12575 0.12545 0.12525 0.12509 0.12493 0.12476 0.12455 0.12421 ( 1)  0.288
   5 E   0.12780 0.12665 0.12593 0.12532 0.12473 0.12411 0.12335 0.12211 ( 1)  0.287
   6 L   0.12615 0.12568 0.12539 0.12514 0.12489 0.12464 0.12432 0.12380 ( 1)  0.288
   7 G   0.12710 0.12624 0.12570 0.12524 0.12480 0.12433 0.12376 0.12282 ( 1)  0.288
   8 D   0.12780 0.12665 0.12593 0.12532 0.12473 0.12411 0.12335 0.12211 ( 1)  0.287
   9 S   0.12657 0.12593 0.12553 0.12518 0.12485 0.12450 0.12407 0.12336 ( 1)  0.288
  10 P   0.12578 0.12547 0.12526 0.12509 0.12493 0.12475 0.12454 0.12418 ( 1)  0.288
  11 T   0.12588 0.12553 0.12530 0.12510 0.12492 0.12472 0.12448 0.12407 ( 1)  0.288
  12 G   0.12590 0.12553 0.12530 0.12511 0.12492 0.12471 0.12447 0.12406 ( 1)  0.288
  13 S   0.12649 0.12589 0.12550 0.12517 0.12486 0.12453 0.12412 0.12344 ( 1)  0.288
  14 P   0.12693 0.12614 0.12565 0.12522 0.12482 0.12439 0.12386 0.12299 ( 1)  0.288
  15 S   0.12649 0.12589 0.12550 0.12517 0.12486 0.12453 0.12412 0.12344 ( 1)  0.288
  16 K   0.12780 0.12665 0.12593 0.12532 0.12473 0.12411 0.12335 0.12211 ( 1)  0.287
  17 Y   0.12697 0.12617 0.12566 0.12523 0.12481 0.12437 0.12384 0.12295 ( 1)  0.288
  18 H   0.12742 0.12643 0.12581 0.12528 0.12477 0.12423 0.12357 0.12249 ( 1)  0.288
  19 K   0.12647 0.12587 0.12549 0.12517 0.12486 0.12453 0.12413 0.12347 ( 1)  0.288
  20 I   0.12739 0.12642 0.12580 0.12528 0.12477 0.12424 0.12359 0.12251 ( 1)  0.288
  21 F   0.12675 0.12604 0.12559 0.12520 0.12484 0.12444 0.12397 0.12318 ( 1)  0.288
  22 S   0.12649 0.12589 0.12550 0.12517 0.12486 0.12453 0.12412 0.12344 ( 1)  0.288
  23 E   0.12780 0.12665 0.12593 0.12532 0.12473 0.12411 0.12335 0.12211 ( 1)  0.287
  24 P   0.12664 0.12597 0.12555 0.12519 0.12485 0.12448 0.12403 0.12329 ( 1)  0.288
  25 S   0.12649 0.12589 0.12550 0.12517 0.12486 0.12453 0.12412 0.12344 ( 1)  0.288
  26 A   0.12724 0.12633 0.12575 0.12526 0.12479 0.12429 0.12368 0.12267 ( 1)  0.288
  27 D   0.12780 0.12665 0.12593 0.12532 0.12473 0.12411 0.12335 0.12211 ( 1)  0.287
  28 L   0.12640 0.12583 0.12547 0.12517 0.12487 0.12455 0.12417 0.12353 ( 1)  0.288
  29 Y   0.12644 0.12586 0.12548 0.12517 0.12487 0.12454 0.12415 0.12349 ( 1)  0.288
  30 V   0.12683 0.12609 0.12561 0.12521 0.12483 0.12442 0.12392 0.12309 ( 1)  0.288
  31 V   0.10184 0.11133 0.11732 0.12237 0.12722 0.13238 0.13864 0.14890 ( 8)  0.292
  32 S   0.12565 0.12539 0.12522 0.12508 0.12494 0.12479 0.12461 0.12432 ( 1)  0.288
  33 G   0.12710 0.12624 0.12570 0.12524 0.12480 0.12433 0.12376 0.12282 ( 1)  0.288
  34 P   0.12664 0.12597 0.12555 0.12519 0.12485 0.12448 0.12403 0.12329 ( 1)  0.288
  35 N   0.12780 0.12666 0.12593 0.12532 0.12473 0.12411 0.12335 0.12210 ( 1)  0.287
  36 Q   0.12691 0.12613 0.12564 0.12522 0.12482 0.12439 0.12387 0.12301 ( 1)  0.288
  37 R   0.12720 0.12630 0.12573 0.12525 0.12479 0.12430 0.12370 0.12272 ( 1)  0.288
  38 K   0.12647 0.12587 0.12549 0.12517 0.12486 0.12453 0.12413 0.12347 ( 1)  0.288
  39 N   0.12780 0.12666 0.12593 0.12532 0.12473 0.12411 0.12335 0.12210 ( 1)  0.287
  40 W   0.12553 0.12531 0.12518 0.12506 0.12495 0.12483 0.12469 0.12444 ( 1)  0.288
  41 H   0.10183 0.11132 0.11731 0.12237 0.12722 0.13238 0.13865 0.14892 ( 8)  0.292
  42 F   0.12675 0.12604 0.12559 0.12520 0.12484 0.12444 0.12397 0.12318 ( 1)  0.288
  43 Q   0.12691 0.12613 0.12564 0.12522 0.12482 0.12439 0.12387 0.12301 ( 1)  0.288
  44 P   0.12664 0.12597 0.12555 0.12519 0.12485 0.12448 0.12403 0.12329 ( 1)  0.288
  45 L   0.10148 0.11109 0.11716 0.12230 0.12723 0.13249 0.13887 0.14938 ( 8)  0.292
  46 S   0.12565 0.12539 0.12522 0.12508 0.12494 0.12479 0.12461 0.12432 ( 1)  0.288
  47 H   0.12742 0.12643 0.12581 0.12528 0.12477 0.12423 0.12357 0.12249 ( 1)  0.288
  48 E   0.12780 0.12665 0.12593 0.12532 0.12473 0.12411 0.12335 0.12211 ( 1)  0.287
  49 I   0.12643 0.12585 0.12548 0.12517 0.12487 0.12455 0.12416 0.12351 ( 1)  0.288
  50 M   0.12671 0.12602 0.12557 0.12520 0.12484 0.12446 0.12399 0.12321 ( 1)  0.288
  51 L   0.12654 0.12591 0.12552 0.12518 0.12486 0.12451 0.12409 0.12340 ( 1)  0.288
  52 T   0.12707 0.12622 0.12569 0.12524 0.12481 0.12434 0.12378 0.12285 ( 1)  0.288
  53 S   0.12663 0.12597 0.12555 0.12519 0.12485 0.12448 0.12404 0.12330 ( 1)  0.288
  54 E   0.12646 0.12587 0.12549 0.12517 0.12486 0.12454 0.12414 0.12347 ( 1)  0.288
  55 H   0.12637 0.12581 0.12546 0.12516 0.12487 0.12457 0.12419 0.12357 ( 1)  0.288
  56 I   0.12693 0.12614 0.12565 0.12522 0.12482 0.12439 0.12386 0.12299 ( 1)  0.288
  57 K   0.12780 0.12665 0.12593 0.12532 0.12473 0.12411 0.12335 0.12211 ( 1)  0.287
  58 R   0.12653 0.12591 0.12551 0.12518 0.12486 0.12451 0.12409 0.12340 ( 1)  0.288
  59 S   0.12575 0.12545 0.12525 0.12509 0.12493 0.12476 0.12455 0.12421 ( 1)  0.288
  60 L   0.12563 0.12537 0.12521 0.12507 0.12494 0.12480 0.12463 0.12434 ( 1)  0.288
  61 S   0.12663 0.12597 0.12555 0.12519 0.12485 0.12448 0.12404 0.12330 ( 1)  0.288
  62 I   0.12739 0.12642 0.12580 0.12528 0.12477 0.12424 0.12359 0.12251 ( 1)  0.288
  63 G   0.12710 0.12624 0.12570 0.12524 0.12480 0.12433 0.12376 0.12282 ( 1)  0.288
  64 N   0.12780 0.12666 0.12593 0.12532 0.12473 0.12411 0.12335 0.12210 ( 1)  0.287
  65 D   0.12662 0.12596 0.12554 0.12519 0.12485 0.12448 0.12404 0.12331 ( 1)  0.288
  66 Y   0.12697 0.12617 0.12566 0.12523 0.12481 0.12437 0.12384 0.12295 ( 1)  0.288
  67 I   0.12594 0.12556 0.12532 0.12511 0.12491 0.12470 0.12444 0.12402 ( 1)  0.288
  68 E   0.12780 0.12665 0.12593 0.12532 0.12473 0.12411 0.12335 0.12211 ( 1)  0.287
  69 E   0.12780 0.12665 0.12593 0.12532 0.12473 0.12411 0.12335 0.12211 ( 1)  0.287
  70 N   0.12663 0.12597 0.12555 0.12519 0.12485 0.12448 0.12403 0.12330 ( 1)  0.288
  71 E   0.12780 0.12665 0.12593 0.12532 0.12473 0.12411 0.12335 0.12211 ( 1)  0.287
  72 V   0.12683 0.12609 0.12561 0.12521 0.12483 0.12442 0.12392 0.12309 ( 1)  0.288
  73 E   0.12780 0.12665 0.12593 0.12532 0.12473 0.12411 0.12335 0.12211 ( 1)  0.287
  74 P   0.10144 0.11106 0.11714 0.12229 0.12723 0.13250 0.13890 0.14943 ( 8)  0.292
  75 P   0.12693 0.12614 0.12565 0.12522 0.12482 0.12439 0.12386 0.12299 ( 1)  0.288
  76 C   0.12574 0.12544 0.12525 0.12509 0.12493 0.12476 0.12456 0.12422 ( 1)  0.288
  77 K   0.12780 0.12665 0.12593 0.12532 0.12473 0.12411 0.12335 0.12211 ( 1)  0.287
  78 K   0.10122 0.11091 0.11705 0.12224 0.12724 0.13257 0.13905 0.14973 ( 8)  0.292
  79 A   0.12690 0.12613 0.12564 0.12522 0.12482 0.12439 0.12388 0.12302 ( 1)  0.288
  80 R   0.12636 0.12581 0.12546 0.12516 0.12487 0.12457 0.12420 0.12358 ( 1)  0.288
  81 C   0.12656 0.12592 0.12552 0.12518 0.12486 0.12451 0.12408 0.12338 ( 1)  0.288
  82 E   0.12780 0.12665 0.12593 0.12532 0.12473 0.12411 0.12335 0.12211 ( 1)  0.287
  83 D   0.12662 0.12596 0.12554 0.12519 0.12485 0.12448 0.12404 0.12331 ( 1)  0.288
  84 E   0.10209 0.11150 0.11743 0.12242 0.12721 0.13230 0.13847 0.14856 ( 8)  0.292
  85 D   0.12662 0.12596 0.12554 0.12519 0.12485 0.12448 0.12404 0.12331 ( 1)  0.288
  86 T   0.12592 0.12554 0.12531 0.12511 0.12492 0.12471 0.12446 0.12404 ( 1)  0.288
  87 P   0.12693 0.12614 0.12565 0.12522 0.12482 0.12439 0.12386 0.12299 ( 1)  0.288
  88 H   0.10104 0.11079 0.11697 0.12220 0.12724 0.13262 0.13917 0.14998 ( 8)  0.292
  89 D   0.12780 0.12665 0.12593 0.12532 0.12473 0.12411 0.12335 0.12211 ( 1)  0.287
  90 T   0.12725 0.12633 0.12575 0.12526 0.12479 0.12428 0.12367 0.12267 ( 1)  0.288
  91 E   0.12780 0.12665 0.12593 0.12532 0.12473 0.12411 0.12335 0.12211 ( 1)  0.287
  92 G   0.12710 0.12624 0.12570 0.12524 0.12480 0.12433 0.12376 0.12282 ( 1)  0.288
  93 M   0.12671 0.12602 0.12557 0.12520 0.12484 0.12446 0.12399 0.12321 ( 1)  0.288
  94 M   0.12671 0.12602 0.12557 0.12520 0.12484 0.12446 0.12399 0.12321 ( 1)  0.288
  95 N   0.12716 0.12628 0.12572 0.12525 0.12479 0.12431 0.12373 0.12276 ( 1)  0.288


lnL =  -437.908813

