Supplemental results for CODEML (seqf: algn  treef: tree)


dN/dS (w) for site classes (K=3)

p:   0.10403  0.00000  0.89597
w:   0.73208  1.00000 150.77724

Naive Empirical Bayes (NEB) probabilities for 3 classes & postmean_w & P(w>1)
(amino acids refer to 1st sequence: Fhep.1549)

   1 M   0.00236 0.00000 0.99764 ( 3) 150.424  0.998
   2 S   0.00195 0.00000 0.99805 ( 3) 150.484  0.998
   3 E   0.01163 0.00000 0.98837 ( 3) 149.033  0.988
   4 I   0.00006 0.00000 0.99994 ( 3) 150.768  1.000
   5 H   0.41772 0.00000 0.58228 ( 3) 88.100  0.582
   6 H   0.01359 0.00000 0.98641 ( 3) 148.738  0.986
   7 S   0.00059 0.00000 0.99941 ( 3) 150.689  0.999
   8 D   0.00170 0.00000 0.99830 ( 3) 150.522  0.998
   9 R   0.06405 0.00000 0.93595 ( 3) 141.166  0.936
  10 K   0.01097 0.00000 0.98903 ( 3) 149.132  0.989
  11 S   0.00032 0.00000 0.99968 ( 3) 150.728  1.000
  12 M   0.09861 0.00000 0.90139 ( 3) 135.981  0.901
  13 I   0.00048 0.00000 0.99952 ( 3) 150.705  1.000
  14 Q   0.00843 0.00000 0.99157 ( 3) 149.512  0.992
  15 Y   0.00302 0.00000 0.99698 ( 3) 150.325  0.997
  16 V   0.00055 0.00000 0.99945 ( 3) 150.695  0.999
  17 S   0.00036 0.00000 0.99964 ( 3) 150.723  1.000
  18 S   0.00322 0.00000 0.99678 ( 3) 150.295  0.997
  19 R   0.00178 0.00000 0.99822 ( 3) 150.511  0.998
  20 E   0.05020 0.00000 0.94980 ( 3) 143.245  0.950
  21 R   0.01286 0.00000 0.98714 ( 3) 148.847  0.987
  22 G   0.00406 0.00000 0.99594 ( 3) 150.167  0.996
  23 A   0.00007 0.00000 0.99993 ( 3) 150.767  1.000
  24 Y   0.01818 0.00000 0.98182 ( 3) 148.049  0.982
  25 S   0.75037 0.00000 0.24963 ( 1) 38.188  0.250
  26 S   0.00010 0.00000 0.99990 ( 3) 150.762  1.000
  27 G   0.00022 0.00000 0.99978 ( 3) 150.744  1.000
  28 C   0.00200 0.00000 0.99800 ( 3) 150.477  0.998
  29 R   0.01163 0.00000 0.98837 ( 3) 149.032  0.988
  30 Q   0.00009 0.00000 0.99991 ( 3) 150.763  1.000
  31 T   0.01653 0.00000 0.98347 ( 3) 148.296  0.983
  32 I   0.00037 0.00000 0.99963 ( 3) 150.721  1.000
  33 P   0.00010 0.00000 0.99990 ( 3) 150.762  1.000
  34 E   0.00356 0.00000 0.99644 ( 3) 150.243  0.996
  35 V   0.00272 0.00000 0.99728 ( 3) 150.370  0.997
  36 L   0.00137 0.00000 0.99863 ( 3) 150.571  0.999
  37 T   0.00007 0.00000 0.99993 ( 3) 150.767  1.000
  38 C   0.00008 0.00000 0.99992 ( 3) 150.765  1.000
  39 V   0.00214 0.00000 0.99786 ( 3) 150.457  0.998
  40 R   0.86021 0.00000 0.13979 ( 1) 21.707  0.140
  41 R   0.00226 0.00000 0.99774 ( 3) 150.439  0.998
  42 M   0.09918 0.00000 0.90082 ( 3) 135.896  0.901
  43 K   0.00006 0.00000 0.99994 ( 3) 150.769  1.000
  44 P   0.00046 0.00000 0.99954 ( 3) 150.708  1.000
  45 V   0.08175 0.00000 0.91825 ( 3) 138.511  0.918
  46 I   0.06083 0.00000 0.93917 ( 3) 141.651  0.939
  47 A   0.12171 0.00000 0.87829 ( 3) 132.515  0.878
  48 A   0.01963 0.00000 0.98037 ( 3) 147.832  0.980
  49 T   0.07876 0.00000 0.92124 ( 3) 138.960  0.921
  50 P   0.29125 0.00000 0.70875 ( 3) 107.076  0.709
  51 S   0.00010 0.00000 0.99990 ( 3) 150.762  1.000
  52 D   0.01344 0.00000 0.98656 ( 3) 148.761  0.987
  53 C   0.00309 0.00000 0.99691 ( 3) 150.314  0.997
  54 R   0.00009 0.00000 0.99991 ( 3) 150.764  1.000
  55 S   0.08055 0.00000 0.91945 ( 3) 138.691  0.919
  56 T   0.00206 0.00000 0.99794 ( 3) 150.468  0.998
  57 Y   0.00107 0.00000 0.99893 ( 3) 150.616  0.999
  58 L   0.41378 0.00000 0.58622 ( 3) 88.692  0.586
  59 L   0.01411 0.00000 0.98589 ( 3) 148.659  0.986
  60 R   0.00316 0.00000 0.99684 ( 3) 150.303  0.997
  61 L   0.00047 0.00000 0.99953 ( 3) 150.706  1.000
  62 N   0.00010 0.00000 0.99990 ( 3) 150.762  1.000
  63 L   0.00009 0.00000 0.99991 ( 3) 150.763  1.000
  64 D   0.30251 0.00000 0.69749 ( 3) 105.387  0.697
  65 N   0.10071 0.00000 0.89929 ( 3) 135.666  0.899
  66 K   0.00029 0.00000 0.99971 ( 3) 150.733  1.000
  67 L   0.32960 0.00000 0.67040 ( 3) 101.323  0.670
  68 L   0.00047 0.00000 0.99953 ( 3) 150.707  1.000
  69 A   0.39315 0.00000 0.60685 ( 3) 91.786  0.607
  70 A   0.74428 0.00000 0.25572 ( 1) 39.102  0.256
  71 A   0.00010 0.00000 0.99990 ( 3) 150.762  1.000
  72 H   0.00034 0.00000 0.99966 ( 3) 150.726  1.000
  73 G   0.01572 0.00000 0.98428 ( 3) 148.418  0.984
  74 D   0.00060 0.00000 0.99940 ( 3) 150.687  0.999
  75 R   0.00040 0.00000 0.99960 ( 3) 150.717  1.000
  76 S   0.01106 0.00000 0.98894 ( 3) 149.118  0.989
  77 V   0.02042 0.00000 0.97958 ( 3) 147.713  0.980
  78 A   0.09729 0.00000 0.90271 ( 3) 136.179  0.903
  79 V   0.00060 0.00000 0.99940 ( 3) 150.687  0.999
  80 Y   0.07660 0.00000 0.92340 ( 3) 139.284  0.923
  81 C   0.00293 0.00000 0.99707 ( 3) 150.338  0.997
  82 A   0.12171 0.00000 0.87829 ( 3) 132.515  0.878
  83 S   0.09350 0.00000 0.90650 ( 3) 136.748  0.907
  84 T   0.00057 0.00000 0.99943 ( 3) 150.692  0.999
  85 G   0.08253 0.00000 0.91747 ( 3) 138.394  0.917
  86 A   0.06083 0.00000 0.93917 ( 3) 141.651  0.939
  87 L   0.12788 0.00000 0.87212 ( 3) 131.590  0.872
  88 L   0.00047 0.00000 0.99953 ( 3) 150.707  1.000
  89 A   0.00045 0.00000 0.99955 ( 3) 150.709  1.000
  90 K   0.00175 0.00000 0.99825 ( 3) 150.515  0.998
  91 C   0.00007 0.00000 0.99993 ( 3) 150.766  1.000
  92 V   0.09379 0.00000 0.90621 ( 3) 136.705  0.906
  93 G   0.00036 0.00000 0.99964 ( 3) 150.723  1.000
  94 H   0.00292 0.00000 0.99708 ( 3) 150.339  0.997
  95 E   0.05271 0.00000 0.94729 ( 3) 142.869  0.947
  96 R   0.00022 0.00000 0.99978 ( 3) 150.744  1.000
  97 S   0.32612 0.00000 0.67388 ( 3) 101.845  0.674
  98 P   0.00104 0.00000 0.99896 ( 3) 150.622  0.999
  99 W   0.00007 0.00000 0.99993 ( 3) 150.767  1.000
 100 T   0.00034 0.00000 0.99966 ( 3) 150.726  1.000
 101 L   0.00036 0.00000 0.99964 ( 3) 150.723  1.000
 102 A   0.00284 0.00000 0.99716 ( 3) 150.351  0.997
 103 F   0.01264 0.00000 0.98736 ( 3) 148.881  0.987
 104 H   0.00377 0.00000 0.99623 ( 3) 150.211  0.996
 105 P   0.00395 0.00000 0.99605 ( 3) 150.185  0.996
 106 C   0.00101 0.00000 0.99899 ( 3) 150.626  0.999
 107 Q   0.01700 0.00000 0.98300 ( 3) 148.226  0.983
 108 P   0.00369 0.00000 0.99631 ( 3) 150.223  0.996
 109 H   0.01264 0.00000 0.98736 ( 3) 148.881  0.987
 110 L   0.00189 0.00000 0.99811 ( 3) 150.493  0.998
 111 L   0.01400 0.00000 0.98600 ( 3) 148.677  0.986
 112 A   0.01391 0.00000 0.98609 ( 3) 148.691  0.986
 113 S   0.30836 0.00000 0.69164 ( 3) 104.509  0.692
 114 G   0.08768 0.00000 0.91232 ( 3) 137.621  0.912
 115 C   0.00182 0.00000 0.99818 ( 3) 150.505  0.998
 116 L   0.00007 0.00000 0.99993 ( 3) 150.767  1.000
 117 G   0.12484 0.00000 0.87516 ( 3) 132.046  0.875
 118 G   0.06200 0.00000 0.93800 ( 3) 141.475  0.938
 119 N   0.08668 0.00000 0.91332 ( 3) 137.772  0.913
 120 I   0.00005 0.00000 0.99995 ( 3) 150.770  1.000
 121 R   0.09673 0.00000 0.90327 ( 3) 136.264  0.903
 122 L   0.01069 0.00000 0.98931 ( 3) 149.173  0.989
 123 W   0.00018 0.00000 0.99982 ( 3) 150.750  1.000
 124 N   0.00004 0.00000 0.99996 ( 3) 150.771  1.000
 125 L   0.00129 0.00000 0.99871 ( 3) 150.584  0.999
 126 E   0.00031 0.00000 0.99969 ( 3) 150.731  1.000
 127 C   0.00027 0.00000 0.99973 ( 3) 150.736  1.000
 128 L   0.01138 0.00000 0.98862 ( 3) 149.069  0.989
 129 A   0.00046 0.00000 0.99954 ( 3) 150.708  1.000
 130 N   0.01417 0.00000 0.98583 ( 3) 148.652  0.986
 131 V   0.08117 0.00000 0.91883 ( 3) 138.598  0.919
 132 D   0.04763 0.00000 0.95237 ( 3) 143.631  0.952
 133 S   0.07606 0.00000 0.92394 ( 3) 139.365  0.924
 134 A   0.65572 0.00000 0.34428 ( 1) 52.389  0.344
 135 A   0.00012 0.00000 0.99988 ( 3) 150.759  1.000
 136 Q   0.00008 0.00000 0.99992 ( 3) 150.765  1.000
 137 T   0.00046 0.00000 0.99954 ( 3) 150.708  1.000
 138 E   0.00216 0.00000 0.99784 ( 3) 150.454  0.998
 139 T   0.00037 0.00000 0.99963 ( 3) 150.721  1.000
 140 Q   0.44331 0.00000 0.55669 ( 3) 84.260  0.557
 141 Q   0.00009 0.00000 0.99991 ( 3) 150.763  1.000
 142 I   0.00273 0.00000 0.99727 ( 3) 150.368  0.997
 143 L   0.01304 0.00000 0.98696 ( 3) 148.821  0.987
 144 S   0.08055 0.00000 0.91945 ( 3) 138.691  0.919
 145 T   0.01795 0.00000 0.98205 ( 3) 148.083  0.982
 146 S   0.00235 0.00000 0.99765 ( 3) 150.424  0.998
 147 V   0.00006 0.00000 0.99994 ( 3) 150.769  1.000
 148 W   0.00506 0.00000 0.99494 ( 3) 150.018  0.995
 149 K   0.00283 0.00000 0.99717 ( 3) 150.353  0.997
 150 H   0.00255 0.00000 0.99745 ( 3) 150.395  0.997
 151 S   0.00059 0.00000 0.99941 ( 3) 150.689  0.999
 152 G   0.00470 0.00000 0.99530 ( 3) 150.072  0.995
 153 A   0.00215 0.00000 0.99785 ( 3) 150.455  0.998
 154 I   0.01393 0.00000 0.98607 ( 3) 148.687  0.986
 155 A   0.07702 0.00000 0.92298 ( 3) 139.221  0.923
 156 S   0.01106 0.00000 0.98894 ( 3) 149.118  0.989
 157 L   0.00059 0.00000 0.99941 ( 3) 150.688  0.999
 158 A   0.00040 0.00000 0.99960 ( 3) 150.718  1.000
 159 F   0.00203 0.00000 0.99797 ( 3) 150.472  0.998
 160 H   0.08472 0.00000 0.91528 ( 3) 138.065  0.915
 161 P   0.08377 0.00000 0.91623 ( 3) 138.209  0.916
 162 T   0.00010 0.00000 0.99990 ( 3) 150.762  1.000
 163 H   0.00369 0.00000 0.99631 ( 3) 150.223  0.996
 164 P   0.00034 0.00000 0.99966 ( 3) 150.727  1.000
 165 I   0.00043 0.00000 0.99957 ( 3) 150.713  1.000
 166 L   0.00062 0.00000 0.99938 ( 3) 150.685  0.999
 167 V   0.02096 0.00000 0.97904 ( 3) 147.632  0.979
 168 A   0.12171 0.00000 0.87829 ( 3) 132.515  0.878
 169 A   0.00027 0.00000 0.99973 ( 3) 150.737  1.000
 170 W   0.00273 0.00000 0.99727 ( 3) 150.367  0.997
 171 S   0.00034 0.00000 0.99966 ( 3) 150.727  1.000
 172 Q   0.01741 0.00000 0.98259 ( 3) 148.165  0.983
 173 E   0.09380 0.00000 0.90620 ( 3) 136.703  0.906
 174 V   0.12835 0.00000 0.87165 ( 3) 131.519  0.872
 175 V   0.08140 0.00000 0.91860 ( 3) 138.563  0.919
 176 F   0.01710 0.00000 0.98290 ( 3) 148.211  0.983
 177 Y   0.08575 0.00000 0.91425 ( 3) 137.910  0.914
 178 D   0.00019 0.00000 0.99981 ( 3) 150.748  1.000
 179 W   0.00006 0.00000 0.99994 ( 3) 150.769  1.000
 180 V   0.01006 0.00000 0.98994 ( 3) 149.268  0.990
 181 S   0.00059 0.00000 0.99941 ( 3) 150.689  0.999
 182 G   0.00351 0.00000 0.99649 ( 3) 150.251  0.996
 183 R   0.00163 0.00000 0.99837 ( 3) 150.533  0.998
 184 K   0.00107 0.00000 0.99893 ( 3) 150.617  0.999
 185 L   0.01249 0.00000 0.98751 ( 3) 148.903  0.988
 186 S   0.00284 0.00000 0.99716 ( 3) 150.350  0.997
 187 V   0.00007 0.00000 0.99993 ( 3) 150.767  1.000
 188 W   0.00713 0.00000 0.99287 ( 3) 149.708  0.993
 189 R   0.00019 0.00000 0.99981 ( 3) 150.748  1.000
 190 F   0.00286 0.00000 0.99714 ( 3) 150.349  0.997
 191 V   0.00185 0.00000 0.99815 ( 3) 150.500  0.998
 192 S   0.00007 0.00000 0.99993 ( 3) 150.766  1.000
 193 N   0.08922 0.00000 0.91078 ( 3) 137.390  0.911
 194 H   0.00037 0.00000 0.99963 ( 3) 150.722  1.000
 195 S   0.00217 0.00000 0.99783 ( 3) 150.452  0.998
 196 R   0.00282 0.00000 0.99718 ( 3) 150.353  0.997
 197 V   0.00010 0.00000 0.99990 ( 3) 150.762  1.000
 198 R   0.03455 0.00000 0.96545 ( 3) 145.593  0.965
 199 W   0.00210 0.00000 0.99790 ( 3) 150.462  0.998
 200 V   0.00361 0.00000 0.99639 ( 3) 150.235  0.996
 201 R   0.00177 0.00000 0.99823 ( 3) 150.512  0.998
 202 F   0.00178 0.00000 0.99822 ( 3) 150.511  0.998
 203 S   0.00009 0.00000 0.99991 ( 3) 150.763  1.000
 204 P   0.00013 0.00000 0.99987 ( 3) 150.758  1.000
 205 D   0.01723 0.00000 0.98277 ( 3) 148.191  0.983
 206 G   0.00011 0.00000 0.99989 ( 3) 150.761  1.000
 207 S   0.01086 0.00000 0.98914 ( 3) 149.147  0.989
 208 L   0.13243 0.00000 0.86757 ( 3) 130.906  0.868
 209 L   0.00020 0.00000 0.99980 ( 3) 150.747  1.000
 210 Y   0.00206 0.00000 0.99794 ( 3) 150.468  0.998
 211 T   0.27891 0.00000 0.72109 ( 3) 108.927  0.721
 212 A   0.01956 0.00000 0.98044 ( 3) 147.842  0.980
 213 T   0.02087 0.00000 0.97913 ( 3) 147.646  0.979
 214 A   0.01494 0.00000 0.98506 ( 3) 148.536  0.985
 215 N   0.00007 0.00000 0.99993 ( 3) 150.766  1.000
 216 P   0.07412 0.00000 0.92588 ( 3) 139.656  0.926
 217 S   0.00448 0.00000 0.99552 ( 3) 150.105  0.996
 218 A   0.28445 0.00000 0.71555 ( 3) 108.096  0.716
 219 V   0.00060 0.00000 0.99940 ( 3) 150.687  0.999
 220 H   0.41772 0.00000 0.58228 ( 3) 88.100  0.582
 221 H   0.10289 0.00000 0.89711 ( 3) 135.339  0.897
 222 Q   0.00300 0.00000 0.99700 ( 3) 150.327  0.997
 223 L   0.00038 0.00000 0.99962 ( 3) 150.720  1.000
 224 T   0.00059 0.00000 0.99941 ( 3) 150.689  0.999
 225 D   0.30251 0.00000 0.69749 ( 3) 105.387  0.697
 226 N   0.00289 0.00000 0.99711 ( 3) 150.343  0.997
 227 Q   0.01732 0.00000 0.98268 ( 3) 148.178  0.983
 228 E   0.00167 0.00000 0.99833 ( 3) 150.527  0.998
 229 I   0.00027 0.00000 0.99973 ( 3) 150.737  1.000
 230 R   0.00322 0.00000 0.99678 ( 3) 150.295  0.997
 231 S   0.00311 0.00000 0.99689 ( 3) 150.310  0.997
 232 Q   0.00036 0.00000 0.99964 ( 3) 150.723  1.000
 233 G   0.00010 0.00000 0.99990 ( 3) 150.763  1.000
 234 P   0.00011 0.00000 0.99989 ( 3) 150.761  1.000
 235 S   0.80000 0.00000 0.20000 ( 1) 30.741  0.200
 236 S   0.30836 0.00000 0.69164 ( 3) 104.509  0.692
 237 S   0.79301 0.00000 0.20699 ( 1) 31.790  0.207
 238 C   0.08768 0.00000 0.91232 ( 3) 137.621  0.912
 239 S   0.82431 0.00000 0.17569 ( 1) 27.093  0.176
 240 H   0.79715 0.00000 0.20285 ( 1) 31.169  0.203
 241 N   0.80646 0.00000 0.19354 ( 1) 29.772  0.194
 242 T   0.80174 0.00000 0.19826 ( 1) 30.480  0.198
 243 K   0.84047 0.00000 0.15953 ( 1) 24.669  0.160
 244 S   0.84259 0.00000 0.15741 ( 1) 24.351  0.157
 245 D   0.74902 0.00000 0.25098 ( 1) 38.390  0.251
 246 R   0.42802 0.00000 0.57198 ( 3) 86.555  0.572
 247 S   0.82431 0.00000 0.17569 ( 1) 27.093  0.176
 248 T   0.31232 0.00000 0.68768 ( 3) 103.915  0.688
 249 K   0.83022 0.00000 0.16978 ( 1) 26.207  0.170
 250 E   0.78001 0.00000 0.21999 ( 1) 33.741  0.220
 251 H   0.31658 0.00000 0.68342 ( 3) 103.275  0.683
 252 N   0.75721 0.00000 0.24279 ( 1) 37.162  0.243
 253 A   0.39001 0.00000 0.60999 ( 3) 92.259  0.610
 254 A   0.28462 0.00000 0.71538 ( 3) 108.072  0.715
 255 A   0.74428 0.00000 0.25572 ( 1) 39.102  0.256
 256 V   0.76887 0.00000 0.23113 ( 1) 35.412  0.231
 257 Q   0.83357 0.00000 0.16643 ( 1) 25.705  0.166

Positively selected sites

	Prob(w>1)  mean w

     1 M      0.998**       150.424
     2 S      0.998**       150.484
     3 E      0.988*        149.033
     4 I      1.000**       150.768
     5 H      0.582         88.100
     6 H      0.986*        148.738
     7 S      0.999**       150.689
     8 D      0.998**       150.522
     9 R      0.936         141.166
    10 K      0.989*        149.132
    11 S      1.000**       150.728
    12 M      0.901         135.981
    13 I      1.000**       150.705
    14 Q      0.992**       149.512
    15 Y      0.997**       150.325
    16 V      0.999**       150.695
    17 S      1.000**       150.723
    18 S      0.997**       150.295
    19 R      0.998**       150.511
    20 E      0.950         143.245
    21 R      0.987*        148.847
    22 G      0.996**       150.167
    23 A      1.000**       150.767
    24 Y      0.982*        148.049
    26 S      1.000**       150.762
    27 G      1.000**       150.744
    28 C      0.998**       150.477
    29 R      0.988*        149.032
    30 Q      1.000**       150.763
    31 T      0.983*        148.296
    32 I      1.000**       150.721
    33 P      1.000**       150.762
    34 E      0.996**       150.243
    35 V      0.997**       150.370
    36 L      0.999**       150.571
    37 T      1.000**       150.767
    38 C      1.000**       150.765
    39 V      0.998**       150.457
    41 R      0.998**       150.439
    42 M      0.901         135.896
    43 K      1.000**       150.769
    44 P      1.000**       150.708
    45 V      0.918         138.511
    46 I      0.939         141.651
    47 A      0.878         132.515
    48 A      0.980*        147.832
    49 T      0.921         138.960
    50 P      0.709         107.076
    51 S      1.000**       150.762
    52 D      0.987*        148.761
    53 C      0.997**       150.314
    54 R      1.000**       150.764
    55 S      0.919         138.691
    56 T      0.998**       150.468
    57 Y      0.999**       150.616
    58 L      0.586         88.692
    59 L      0.986*        148.659
    60 R      0.997**       150.303
    61 L      1.000**       150.706
    62 N      1.000**       150.762
    63 L      1.000**       150.763
    64 D      0.697         105.387
    65 N      0.899         135.666
    66 K      1.000**       150.733
    67 L      0.670         101.323
    68 L      1.000**       150.707
    69 A      0.607         91.786
    71 A      1.000**       150.762
    72 H      1.000**       150.726
    73 G      0.984*        148.418
    74 D      0.999**       150.687
    75 R      1.000**       150.717
    76 S      0.989*        149.118
    77 V      0.980*        147.713
    78 A      0.903         136.179
    79 V      0.999**       150.687
    80 Y      0.923         139.284
    81 C      0.997**       150.338
    82 A      0.878         132.515
    83 S      0.907         136.748
    84 T      0.999**       150.692
    85 G      0.917         138.394
    86 A      0.939         141.651
    87 L      0.872         131.590
    88 L      1.000**       150.707
    89 A      1.000**       150.709
    90 K      0.998**       150.515
    91 C      1.000**       150.766
    92 V      0.906         136.705
    93 G      1.000**       150.723
    94 H      0.997**       150.339
    95 E      0.947         142.869
    96 R      1.000**       150.744
    97 S      0.674         101.845
    98 P      0.999**       150.622
    99 W      1.000**       150.767
   100 T      1.000**       150.726
   101 L      1.000**       150.723
   102 A      0.997**       150.351
   103 F      0.987*        148.881
   104 H      0.996**       150.211
   105 P      0.996**       150.185
   106 C      0.999**       150.626
   107 Q      0.983*        148.226
   108 P      0.996**       150.223
   109 H      0.987*        148.881
   110 L      0.998**       150.493
   111 L      0.986*        148.677
   112 A      0.986*        148.691
   113 S      0.692         104.509
   114 G      0.912         137.621
   115 C      0.998**       150.505
   116 L      1.000**       150.767
   117 G      0.875         132.046
   118 G      0.938         141.475
   119 N      0.913         137.772
   120 I      1.000**       150.770
   121 R      0.903         136.264
   122 L      0.989*        149.173
   123 W      1.000**       150.750
   124 N      1.000**       150.771
   125 L      0.999**       150.584
   126 E      1.000**       150.731
   127 C      1.000**       150.736
   128 L      0.989*        149.069
   129 A      1.000**       150.708
   130 N      0.986*        148.652
   131 V      0.919         138.598
   132 D      0.952*        143.631
   133 S      0.924         139.365
   135 A      1.000**       150.759
   136 Q      1.000**       150.765
   137 T      1.000**       150.708
   138 E      0.998**       150.454
   139 T      1.000**       150.721
   140 Q      0.557         84.260
   141 Q      1.000**       150.763
   142 I      0.997**       150.368
   143 L      0.987*        148.821
   144 S      0.919         138.691
   145 T      0.982*        148.083
   146 S      0.998**       150.424
   147 V      1.000**       150.769
   148 W      0.995**       150.018
   149 K      0.997**       150.353
   150 H      0.997**       150.395
   151 S      0.999**       150.689
   152 G      0.995**       150.072
   153 A      0.998**       150.455
   154 I      0.986*        148.687
   155 A      0.923         139.221
   156 S      0.989*        149.118
   157 L      0.999**       150.688
   158 A      1.000**       150.718
   159 F      0.998**       150.472
   160 H      0.915         138.065
   161 P      0.916         138.209
   162 T      1.000**       150.762
   163 H      0.996**       150.223
   164 P      1.000**       150.727
   165 I      1.000**       150.713
   166 L      0.999**       150.685
   167 V      0.979*        147.632
   168 A      0.878         132.515
   169 A      1.000**       150.737
   170 W      0.997**       150.367
   171 S      1.000**       150.727
   172 Q      0.983*        148.165
   173 E      0.906         136.703
   174 V      0.872         131.519
   175 V      0.919         138.563
   176 F      0.983*        148.211
   177 Y      0.914         137.910
   178 D      1.000**       150.748
   179 W      1.000**       150.769
   180 V      0.990*        149.268
   181 S      0.999**       150.689
   182 G      0.996**       150.251
   183 R      0.998**       150.533
   184 K      0.999**       150.617
   185 L      0.988*        148.903
   186 S      0.997**       150.350
   187 V      1.000**       150.767
   188 W      0.993**       149.708
   189 R      1.000**       150.748
   190 F      0.997**       150.349
   191 V      0.998**       150.500
   192 S      1.000**       150.766
   193 N      0.911         137.390
   194 H      1.000**       150.722
   195 S      0.998**       150.452
   196 R      0.997**       150.353
   197 V      1.000**       150.762
   198 R      0.965*        145.593
   199 W      0.998**       150.462
   200 V      0.996**       150.235
   201 R      0.998**       150.512
   202 F      0.998**       150.511
   203 S      1.000**       150.763
   204 P      1.000**       150.758
   205 D      0.983*        148.191
   206 G      1.000**       150.761
   207 S      0.989*        149.147
   208 L      0.868         130.906
   209 L      1.000**       150.747
   210 Y      0.998**       150.468
   211 T      0.721         108.927
   212 A      0.980*        147.842
   213 T      0.979*        147.646
   214 A      0.985*        148.536
   215 N      1.000**       150.766
   216 P      0.926         139.656
   217 S      0.996**       150.105
   218 A      0.716         108.096
   219 V      0.999**       150.687
   220 H      0.582         88.100
   221 H      0.897         135.339
   222 Q      0.997**       150.327
   223 L      1.000**       150.720
   224 T      0.999**       150.689
   225 D      0.697         105.387
   226 N      0.997**       150.343
   227 Q      0.983*        148.178
   228 E      0.998**       150.527
   229 I      1.000**       150.737
   230 R      0.997**       150.295
   231 S      0.997**       150.310
   232 Q      1.000**       150.723
   233 G      1.000**       150.763
   234 P      1.000**       150.761
   236 S      0.692         104.509
   238 C      0.912         137.621
   246 R      0.572         86.555
   248 T      0.688         103.915
   251 H      0.683         103.275
   253 A      0.610         92.259
   254 A      0.715         108.072


lnL = -2086.725494

Bayes Empirical Bayes (BEB) probabilities for 3 classes (class) & postmean_w
(amino acids refer to 1st sequence: Fhep.1549)

   1 M   0.00084 0.00268 0.99648 ( 3) 10.466 +-  0.567
   2 S   0.00032 0.00133 0.99835 ( 3) 10.484 +-  0.388
   3 E   0.00092 0.00299 0.99610 ( 3) 10.463 +-  0.597
   4 I   0.00005 0.00020 0.99975 ( 3) 10.498 +-  0.152
   5 H   0.18338 0.14182 0.67480 ( 3)  7.304 +-  4.609
   6 H   0.00116 0.00374 0.99510 ( 3) 10.453 +-  0.668
   7 S   0.00032 0.00108 0.99860 ( 3) 10.487 +-  0.358
   8 D   0.00029 0.00118 0.99853 ( 3) 10.486 +-  0.366
   9 R   0.01344 0.02603 0.96053 ( 3) 10.120 +-  1.877
  10 K   0.00159 0.00502 0.99339 ( 3) 10.437 +-  0.776
  11 S   0.00015 0.00053 0.99932 ( 3) 10.493 +-  0.249
  12 M   0.03038 0.05584 0.91379 ( 3)  9.669 +-  2.708
  13 I   0.00028 0.00096 0.99876 ( 3) 10.488 +-  0.337
  14 Q   0.00151 0.00477 0.99372 ( 3) 10.440 +-  0.756
  15 Y   0.00037 0.00127 0.99836 ( 3) 10.484 +-  0.388
  16 V   0.00044 0.00148 0.99808 ( 3) 10.482 +-  0.419
  17 S   0.00032 0.00104 0.99864 ( 3) 10.487 +-  0.353
  18 S   0.00193 0.00391 0.99416 ( 3) 10.444 +-  0.734
  19 R   0.00073 0.00238 0.99689 ( 3) 10.470 +-  0.533
  20 E   0.00209 0.00663 0.99128 ( 3) 10.417 +-  0.890
  21 R   0.00273 0.00642 0.99085 ( 3) 10.412 +-  0.915
  22 G   0.00259 0.00532 0.99209 ( 3) 10.424 +-  0.853
  23 A   0.00007 0.00027 0.99965 ( 3) 10.497 +-  0.178
  24 Y   0.00754 0.01507 0.97739 ( 3) 10.282 +-  1.432
  25 S   0.20371 0.15534 0.64095 ( 3)  6.970 +-  4.721
  26 S   0.00010 0.00034 0.99956 ( 3) 10.496 +-  0.201
  27 G   0.00011 0.00041 0.99948 ( 3) 10.495 +-  0.219
  28 C   0.00066 0.00214 0.99719 ( 3) 10.473 +-  0.507
  29 R   0.00116 0.00302 0.99581 ( 3) 10.460 +-  0.620
  30 Q   0.00006 0.00023 0.99971 ( 3) 10.497 +-  0.162
  31 T   0.01010 0.01908 0.97083 ( 3) 10.219 +-  1.623
  32 I   0.00035 0.00116 0.99849 ( 3) 10.486 +-  0.371
  33 P   0.00007 0.00029 0.99964 ( 3) 10.497 +-  0.182
  34 E   0.00140 0.00358 0.99502 ( 3) 10.452 +-  0.676
  35 V   0.00136 0.00330 0.99534 ( 3) 10.455 +-  0.655
  36 L   0.00038 0.00133 0.99829 ( 3) 10.484 +-  0.395
  37 T   0.00009 0.00031 0.99960 ( 3) 10.496 +-  0.191
  38 C   0.00007 0.00026 0.99967 ( 3) 10.497 +-  0.173
  39 V   0.00027 0.00094 0.99878 ( 3) 10.488 +-  0.333
  40 R   0.15882 0.13389 0.70728 ( 3)  7.628 +-  4.468
  41 R   0.00040 0.00109 0.99851 ( 3) 10.486 +-  0.370
  42 M   0.01048 0.02063 0.96889 ( 3) 10.200 +-  1.673
  43 K   0.00004 0.00017 0.99978 ( 3) 10.498 +-  0.140
  44 P   0.00043 0.00143 0.99814 ( 3) 10.482 +-  0.413
  45 V   0.02036 0.03815 0.94150 ( 3)  9.936 +-  2.263
  46 I   0.00359 0.01094 0.98547 ( 3) 10.361 +-  1.146
  47 A   0.13389 0.10343 0.76267 ( 3)  8.167 +-  4.186
  48 A   0.01365 0.02611 0.96024 ( 3) 10.117 +-  1.884
  49 T   0.00645 0.01324 0.98031 ( 3) 10.310 +-  1.338
  50 P   0.01700 0.03309 0.94991 ( 3) 10.017 +-  2.102
  51 S   0.00009 0.00033 0.99958 ( 3) 10.496 +-  0.197
  52 D   0.00122 0.00393 0.99485 ( 3) 10.451 +-  0.685
  53 C   0.00136 0.00312 0.99552 ( 3) 10.457 +-  0.642
  54 R   0.00011 0.00036 0.99953 ( 3) 10.496 +-  0.207
  55 S   0.00652 0.01343 0.98005 ( 3) 10.308 +-  1.346
  56 T   0.00028 0.00095 0.99877 ( 3) 10.488 +-  0.335
  57 Y   0.00047 0.00155 0.99798 ( 3) 10.481 +-  0.429
  58 L   0.05992 0.05247 0.88761 ( 3)  9.398 +-  3.099
  59 L   0.00410 0.00884 0.98706 ( 3) 10.376 +-  1.087
  60 R   0.00221 0.00471 0.99307 ( 3) 10.433 +-  0.798
  61 L   0.00028 0.00096 0.99876 ( 3) 10.488 +-  0.337
  62 N   0.00008 0.00031 0.99961 ( 3) 10.496 +-  0.190
  63 L   0.00008 0.00029 0.99963 ( 3) 10.496 +-  0.183
  64 D   0.03198 0.05783 0.91020 ( 3)  9.634 +-  2.759
  65 N   0.01651 0.03145 0.95205 ( 3) 10.038 +-  2.060
  66 K   0.00018 0.00065 0.99916 ( 3) 10.492 +-  0.277
  67 L   0.01289 0.02588 0.96123 ( 3) 10.127 +-  1.860
  68 L   0.00053 0.00175 0.99771 ( 3) 10.478 +-  0.457
  69 A   0.17300 0.13311 0.69389 ( 3)  7.491 +-  4.535
  70 A   0.15196 0.12160 0.72643 ( 3)  7.813 +-  4.383
  71 A   0.00008 0.00031 0.99961 ( 3) 10.496 +-  0.189
  72 H   0.00013 0.00050 0.99937 ( 3) 10.494 +-  0.239
  73 G   0.00310 0.00747 0.98943 ( 3) 10.399 +-  0.982
  74 D   0.00033 0.00111 0.99856 ( 3) 10.486 +-  0.362
  75 R   0.00028 0.00095 0.99877 ( 3) 10.488 +-  0.335
  76 S   0.00065 0.00217 0.99718 ( 3) 10.473 +-  0.508
  77 V   0.01190 0.02239 0.96570 ( 3) 10.169 +-  1.755
  78 A   0.02266 0.04235 0.93499 ( 3)  9.873 +-  2.378
  79 V   0.00033 0.00111 0.99857 ( 3) 10.486 +-  0.362
  80 Y   0.01890 0.03629 0.94481 ( 3)  9.968 +-  2.201
  81 C   0.00036 0.00123 0.99841 ( 3) 10.485 +-  0.382
  82 A   0.13389 0.10343 0.76267 ( 3)  8.167 +-  4.186
  83 S   0.00596 0.01240 0.98164 ( 3) 10.323 +-  1.293
  84 T   0.00032 0.00108 0.99860 ( 3) 10.487 +-  0.357
  85 G   0.00846 0.01686 0.97467 ( 3) 10.256 +-  1.514
  86 A   0.00359 0.01094 0.98547 ( 3) 10.361 +-  1.146
  87 L   0.12873 0.10504 0.76624 ( 3)  8.205 +-  4.159
  88 L   0.00053 0.00175 0.99771 ( 3) 10.478 +-  0.457
  89 A   0.00017 0.00065 0.99917 ( 3) 10.492 +-  0.275
  90 K   0.00054 0.00180 0.99766 ( 3) 10.478 +-  0.462
  91 C   0.00008 0.00030 0.99961 ( 3) 10.496 +-  0.188
  92 V   0.00673 0.01392 0.97934 ( 3) 10.301 +-  1.369
  93 G   0.00014 0.00053 0.99933 ( 3) 10.494 +-  0.247
  94 H   0.00081 0.00264 0.99655 ( 3) 10.467 +-  0.561
  95 E   0.00218 0.00688 0.99094 ( 3) 10.413 +-  0.907
  96 R   0.00017 0.00059 0.99924 ( 3) 10.493 +-  0.264
  97 S   0.01500 0.02954 0.95545 ( 3) 10.071 +-  1.988
  98 P   0.00054 0.00179 0.99767 ( 3) 10.478 +-  0.461
  99 W   0.00005 0.00020 0.99975 ( 3) 10.498 +-  0.150
 100 T   0.00016 0.00060 0.99925 ( 3) 10.493 +-  0.262
 101 L   0.00019 0.00067 0.99914 ( 3) 10.492 +-  0.280
 102 A   0.00092 0.00298 0.99610 ( 3) 10.463 +-  0.596
 103 F   0.00111 0.00358 0.99531 ( 3) 10.455 +-  0.654
 104 H   0.00188 0.00446 0.99366 ( 3) 10.439 +-  0.763
 105 P   0.00316 0.00646 0.99037 ( 3) 10.407 +-  0.940
 106 C   0.00023 0.00094 0.99883 ( 3) 10.489 +-  0.326
 107 Q   0.00591 0.01223 0.98186 ( 3) 10.325 +-  1.285
 108 P   0.00187 0.00442 0.99371 ( 3) 10.440 +-  0.759
 109 H   0.00111 0.00358 0.99531 ( 3) 10.455 +-  0.654
 110 L   0.00056 0.00167 0.99776 ( 3) 10.479 +-  0.453
 111 L   0.00112 0.00360 0.99527 ( 3) 10.455 +-  0.656
 112 A   0.00121 0.00390 0.99489 ( 3) 10.451 +-  0.682
 113 S   0.02926 0.05392 0.91682 ( 3)  9.698 +-  2.664
 114 G   0.00933 0.01841 0.97227 ( 3) 10.233 +-  1.582
 115 C   0.00067 0.00222 0.99711 ( 3) 10.472 +-  0.514
 116 L   0.00008 0.00027 0.99965 ( 3) 10.497 +-  0.179
 117 G   0.06505 0.05090 0.88406 ( 3)  9.360 +-  3.149
 118 G   0.00409 0.01243 0.98348 ( 3) 10.342 +-  1.221
 119 N   0.00996 0.01937 0.97068 ( 3) 10.218 +-  1.626
 120 I   0.00003 0.00015 0.99982 ( 3) 10.498 +-  0.128
 121 R   0.00506 0.01078 0.98416 ( 3) 10.348 +-  1.202
 122 L   0.00078 0.00207 0.99715 ( 3) 10.473 +-  0.512
 123 W   0.00006 0.00029 0.99965 ( 3) 10.497 +-  0.179
 124 N   0.00003 0.00013 0.99984 ( 3) 10.498 +-  0.121
 125 L   0.00023 0.00081 0.99895 ( 3) 10.490 +-  0.309
 126 E   0.00010 0.00041 0.99949 ( 3) 10.495 +-  0.216
 127 C   0.00024 0.00081 0.99895 ( 3) 10.490 +-  0.309
 128 L   0.00070 0.00232 0.99697 ( 3) 10.471 +-  0.526
 129 A   0.00018 0.00068 0.99914 ( 3) 10.492 +-  0.280
 130 N   0.00127 0.00406 0.99467 ( 3) 10.449 +-  0.697
 131 V   0.00769 0.01555 0.97676 ( 3) 10.276 +-  1.451
 132 D   0.00246 0.00772 0.98982 ( 3) 10.403 +-  0.961
 133 S   0.01975 0.03720 0.94306 ( 3)  9.951 +-  2.234
 134 A   0.16589 0.12411 0.71000 ( 3)  7.647 +-  4.468
 135 A   0.00007 0.00029 0.99963 ( 3) 10.497 +-  0.183
 136 Q   0.00006 0.00024 0.99970 ( 3) 10.497 +-  0.164
 137 T   0.00018 0.00068 0.99914 ( 3) 10.492 +-  0.280
 138 E   0.00062 0.00202 0.99736 ( 3) 10.475 +-  0.491
 139 T   0.00023 0.00077 0.99900 ( 3) 10.490 +-  0.302
 140 Q   0.14097 0.12032 0.73871 ( 3)  7.937 +-  4.313
 141 Q   0.00006 0.00023 0.99971 ( 3) 10.497 +-  0.162
 142 I   0.00128 0.00328 0.99544 ( 3) 10.456 +-  0.647
 143 L   0.00299 0.00718 0.98983 ( 3) 10.402 +-  0.964
 144 S   0.00652 0.01343 0.98005 ( 3) 10.308 +-  1.346
 145 T   0.00723 0.01433 0.97843 ( 3) 10.292 +-  1.399
 146 S   0.00079 0.00260 0.99662 ( 3) 10.468 +-  0.556
 147 V   0.00005 0.00019 0.99976 ( 3) 10.498 +-  0.148
 148 W   0.00048 0.00163 0.99788 ( 3) 10.480 +-  0.440
 149 K   0.00077 0.00250 0.99673 ( 3) 10.469 +-  0.546
 150 H   0.00091 0.00295 0.99614 ( 3) 10.463 +-  0.594
 151 S   0.00032 0.00108 0.99860 ( 3) 10.487 +-  0.358
 152 G   0.00301 0.00610 0.99089 ( 3) 10.412 +-  0.915
 153 A   0.00112 0.00355 0.99533 ( 3) 10.455 +-  0.653
 154 I   0.00278 0.00858 0.98864 ( 3) 10.391 +-  1.014
 155 A   0.00642 0.01313 0.98045 ( 3) 10.312 +-  1.333
 156 S   0.00223 0.00701 0.99076 ( 3) 10.412 +-  0.916
 157 L   0.00050 0.00162 0.99789 ( 3) 10.480 +-  0.439
 158 A   0.00024 0.00085 0.99890 ( 3) 10.490 +-  0.317
 159 F   0.00077 0.00253 0.99669 ( 3) 10.468 +-  0.549
 160 H   0.00886 0.01747 0.97367 ( 3) 10.246 +-  1.543
 161 P   0.00798 0.01597 0.97605 ( 3) 10.269 +-  1.473
 162 T   0.00008 0.00032 0.99959 ( 3) 10.496 +-  0.192
 163 H   0.00187 0.00442 0.99371 ( 3) 10.440 +-  0.759
 164 P   0.00023 0.00081 0.99897 ( 3) 10.490 +-  0.307
 165 I   0.00026 0.00088 0.99886 ( 3) 10.489 +-  0.323
 166 L   0.00056 0.00181 0.99763 ( 3) 10.477 +-  0.465
 167 V   0.01444 0.02708 0.95847 ( 3) 10.100 +-  1.924
 168 A   0.13389 0.10343 0.76267 ( 3)  8.167 +-  4.186
 169 A   0.00022 0.00076 0.99902 ( 3) 10.491 +-  0.300
 170 W   0.00120 0.00304 0.99576 ( 3) 10.459 +-  0.624
 171 S   0.00015 0.00057 0.99929 ( 3) 10.493 +-  0.255
 172 Q   0.00680 0.01365 0.97955 ( 3) 10.303 +-  1.363
 173 E   0.00763 0.01556 0.97680 ( 3) 10.277 +-  1.450
 174 V   0.10750 0.08573 0.80676 ( 3)  8.602 +-  3.882
 175 V   0.00750 0.01510 0.97740 ( 3) 10.282 +-  1.432
 176 F   0.00734 0.01473 0.97793 ( 3) 10.287 +-  1.415
 177 Y   0.00820 0.01661 0.97519 ( 3) 10.261 +-  1.498
 178 D   0.00007 0.00030 0.99963 ( 3) 10.496 +-  0.184
 179 W   0.00005 0.00019 0.99976 ( 3) 10.498 +-  0.148
 180 V   0.00073 0.00240 0.99687 ( 3) 10.470 +-  0.534
 181 S   0.00032 0.00108 0.99860 ( 3) 10.487 +-  0.358
 182 G   0.00230 0.00458 0.99312 ( 3) 10.434 +-  0.796
 183 R   0.00079 0.00211 0.99710 ( 3) 10.472 +-  0.516
 184 K   0.00021 0.00074 0.99905 ( 3) 10.491 +-  0.295
 185 L   0.00291 0.00701 0.99009 ( 3) 10.405 +-  0.952
 186 S   0.00090 0.00294 0.99616 ( 3) 10.463 +-  0.592
 187 V   0.00005 0.00020 0.99975 ( 3) 10.498 +-  0.150
 188 W   0.00463 0.00952 0.98585 ( 3) 10.364 +-  1.137
 189 R   0.00015 0.00051 0.99934 ( 3) 10.494 +-  0.245
 190 F   0.00177 0.00422 0.99401 ( 3) 10.442 +-  0.742
 191 V   0.00052 0.00171 0.99777 ( 3) 10.479 +-  0.451
 192 S   0.00007 0.00024 0.99969 ( 3) 10.497 +-  0.168
 193 N   0.01032 0.02031 0.96937 ( 3) 10.205 +-  1.660
 194 H   0.00024 0.00081 0.99895 ( 3) 10.490 +-  0.309
 195 S   0.00095 0.00293 0.99612 ( 3) 10.463 +-  0.596
 196 R   0.00035 0.00119 0.99846 ( 3) 10.485 +-  0.375
 197 V   0.00006 0.00025 0.99969 ( 3) 10.497 +-  0.169
 198 R   0.00957 0.01949 0.97093 ( 3) 10.220 +-  1.618
 199 W   0.00028 0.00095 0.99877 ( 3) 10.488 +-  0.335
 200 V   0.00316 0.00632 0.99051 ( 3) 10.409 +-  0.934
 201 R   0.00067 0.00222 0.99711 ( 3) 10.472 +-  0.513
 202 F   0.00027 0.00091 0.99882 ( 3) 10.489 +-  0.328
 203 S   0.00009 0.00031 0.99960 ( 3) 10.496 +-  0.192
 204 P   0.00010 0.00039 0.99951 ( 3) 10.495 +-  0.212
 205 D   0.00376 0.00866 0.98759 ( 3) 10.381 +-  1.064
 206 G   0.00010 0.00034 0.99957 ( 3) 10.496 +-  0.199
 207 S   0.00221 0.00692 0.99087 ( 3) 10.413 +-  0.911
 208 L   0.12120 0.10200 0.77680 ( 3)  8.310 +-  4.089
 209 L   0.00013 0.00048 0.99938 ( 3) 10.494 +-  0.237
 210 Y   0.00028 0.00095 0.99877 ( 3) 10.488 +-  0.335
 211 T   0.01813 0.03475 0.94712 ( 3)  9.990 +-  2.157
 212 A   0.01366 0.02614 0.96020 ( 3) 10.116 +-  1.884
 213 T   0.01488 0.02791 0.95721 ( 3) 10.088 +-  1.952
 214 A   0.00135 0.00430 0.99435 ( 3) 10.446 +-  0.717
 215 N   0.00006 0.00024 0.99969 ( 3) 10.497 +-  0.168
 216 P   0.01466 0.02893 0.95640 ( 3) 10.080 +-  1.968
 217 S   0.00438 0.00889 0.98673 ( 3) 10.372 +-  1.102
 218 A   0.02502 0.04580 0.92918 ( 3)  9.817 +-  2.475
 219 V   0.00033 0.00111 0.99857 ( 3) 10.486 +-  0.362
 220 H   0.18338 0.14182 0.67480 ( 3)  7.304 +-  4.609
 221 H   0.01726 0.03327 0.94947 ( 3) 10.013 +-  2.111
 222 Q   0.00124 0.00325 0.99551 ( 3) 10.457 +-  0.641
 223 L   0.00037 0.00123 0.99841 ( 3) 10.485 +-  0.382
 224 T   0.00025 0.00090 0.99885 ( 3) 10.489 +-  0.324
 225 D   0.03198 0.05783 0.91020 ( 3)  9.634 +-  2.759
 226 N   0.00076 0.00250 0.99674 ( 3) 10.469 +-  0.546
 227 Q   0.00683 0.01371 0.97946 ( 3) 10.302 +-  1.366
 228 E   0.00035 0.00121 0.99844 ( 3) 10.485 +-  0.377
 229 I   0.00014 0.00042 0.99944 ( 3) 10.495 +-  0.227
 230 R   0.00193 0.00391 0.99416 ( 3) 10.444 +-  0.734
 231 S   0.00163 0.00332 0.99505 ( 3) 10.452 +-  0.676
 232 Q   0.00013 0.00050 0.99937 ( 3) 10.494 +-  0.240
 233 G   0.00012 0.00042 0.99946 ( 3) 10.495 +-  0.222
 234 P   0.00009 0.00033 0.99959 ( 3) 10.496 +-  0.194
 235 S   0.26903 0.19942 0.53155 ( 3)  5.892 +-  4.914
 236 S   0.02926 0.05392 0.91682 ( 3)  9.698 +-  2.664
 237 S   0.18157 0.14709 0.67134 ( 3)  7.273 +-  4.617
 238 C   0.00933 0.01841 0.97227 ( 3) 10.233 +-  1.582
 239 S   0.14889 0.12428 0.72684 ( 3)  7.819 +-  4.377
 240 H   0.20203 0.16039 0.63758 ( 3)  6.940 +-  4.727
 241 N   0.23494 0.18305 0.58201 ( 3)  6.393 +-  4.852
 242 T   0.18691 0.14905 0.66404 ( 3)  7.200 +-  4.644
 243 K   0.22711 0.18115 0.59173 ( 3)  6.490 +-  4.833
 244 S   0.24563 0.19380 0.56058 ( 3)  6.183 +-  4.881
 245 D   0.20347 0.15723 0.63930 ( 3)  6.955 +-  4.725
 246 R   0.16768 0.13600 0.69631 ( 3)  7.518 +-  4.520
 247 S   0.14889 0.12428 0.72684 ( 3)  7.819 +-  4.377
 248 T   0.01801 0.03467 0.94732 ( 3)  9.992 +-  2.153
 249 K   0.22645 0.17866 0.59489 ( 3)  6.520 +-  4.828
 250 E   0.19902 0.15540 0.64558 ( 3)  7.017 +-  4.705
 251 H   0.01940 0.03767 0.94292 ( 3)  9.950 +-  2.236
 252 N   0.24994 0.18287 0.56719 ( 3)  6.242 +-  4.881
 253 A   0.14453 0.11608 0.73939 ( 3)  7.940 +-  4.315
 254 A   0.02492 0.04564 0.92944 ( 3)  9.820 +-  2.470
 255 A   0.15196 0.12160 0.72643 ( 3)  7.813 +-  4.383
 256 V   0.18342 0.14531 0.67127 ( 3)  7.271 +-  4.619
 257 Q   0.16437 0.13929 0.69634 ( 3)  7.521 +-  4.515

Positively selected sites

	Prob(w>1)  mean w

     1 M      0.996**       10.466 +- 0.567
     2 S      0.998**       10.484 +- 0.388
     3 E      0.996**       10.463 +- 0.597
     4 I      1.000**       10.498 +- 0.152
     5 H      0.675         7.304 +- 4.609
     6 H      0.995**       10.453 +- 0.668
     7 S      0.999**       10.487 +- 0.358
     8 D      0.999**       10.486 +- 0.366
     9 R      0.961*        10.120 +- 1.877
    10 K      0.993**       10.437 +- 0.776
    11 S      0.999**       10.493 +- 0.249
    12 M      0.914         9.669 +- 2.708
    13 I      0.999**       10.488 +- 0.337
    14 Q      0.994**       10.440 +- 0.756
    15 Y      0.998**       10.484 +- 0.388
    16 V      0.998**       10.482 +- 0.419
    17 S      0.999**       10.487 +- 0.353
    18 S      0.994**       10.444 +- 0.734
    19 R      0.997**       10.470 +- 0.533
    20 E      0.991**       10.417 +- 0.890
    21 R      0.991**       10.412 +- 0.915
    22 G      0.992**       10.424 +- 0.853
    23 A      1.000**       10.497 +- 0.178
    24 Y      0.977*        10.282 +- 1.432
    25 S      0.641         6.970 +- 4.721
    26 S      1.000**       10.496 +- 0.201
    27 G      0.999**       10.495 +- 0.219
    28 C      0.997**       10.473 +- 0.507
    29 R      0.996**       10.460 +- 0.620
    30 Q      1.000**       10.497 +- 0.162
    31 T      0.971*        10.219 +- 1.623
    32 I      0.998**       10.486 +- 0.371
    33 P      1.000**       10.497 +- 0.182
    34 E      0.995**       10.452 +- 0.676
    35 V      0.995**       10.455 +- 0.655
    36 L      0.998**       10.484 +- 0.395
    37 T      1.000**       10.496 +- 0.191
    38 C      1.000**       10.497 +- 0.173
    39 V      0.999**       10.488 +- 0.333
    40 R      0.707         7.628 +- 4.468
    41 R      0.999**       10.486 +- 0.370
    42 M      0.969*        10.200 +- 1.673
    43 K      1.000**       10.498 +- 0.140
    44 P      0.998**       10.482 +- 0.413
    45 V      0.941         9.936 +- 2.263
    46 I      0.985*        10.361 +- 1.146
    47 A      0.763         8.167 +- 4.186
    48 A      0.960*        10.117 +- 1.884
    49 T      0.980*        10.310 +- 1.338
    50 P      0.950         10.017 +- 2.102
    51 S      1.000**       10.496 +- 0.197
    52 D      0.995**       10.451 +- 0.685
    53 C      0.996**       10.457 +- 0.642
    54 R      1.000**       10.496 +- 0.207
    55 S      0.980*        10.308 +- 1.346
    56 T      0.999**       10.488 +- 0.335
    57 Y      0.998**       10.481 +- 0.429
    58 L      0.888         9.398 +- 3.099
    59 L      0.987*        10.376 +- 1.087
    60 R      0.993**       10.433 +- 0.798
    61 L      0.999**       10.488 +- 0.337
    62 N      1.000**       10.496 +- 0.190
    63 L      1.000**       10.496 +- 0.183
    64 D      0.910         9.634 +- 2.759
    65 N      0.952*        10.038 +- 2.060
    66 K      0.999**       10.492 +- 0.277
    67 L      0.961*        10.127 +- 1.860
    68 L      0.998**       10.478 +- 0.457
    69 A      0.694         7.491 +- 4.535
    70 A      0.726         7.813 +- 4.383
    71 A      1.000**       10.496 +- 0.189
    72 H      0.999**       10.494 +- 0.239
    73 G      0.989*        10.399 +- 0.982
    74 D      0.999**       10.486 +- 0.362
    75 R      0.999**       10.488 +- 0.335
    76 S      0.997**       10.473 +- 0.508
    77 V      0.966*        10.169 +- 1.755
    78 A      0.935         9.873 +- 2.378
    79 V      0.999**       10.486 +- 0.362
    80 Y      0.945         9.968 +- 2.201
    81 C      0.998**       10.485 +- 0.382
    82 A      0.763         8.167 +- 4.186
    83 S      0.982*        10.323 +- 1.293
    84 T      0.999**       10.487 +- 0.357
    85 G      0.975*        10.256 +- 1.514
    86 A      0.985*        10.361 +- 1.146
    87 L      0.766         8.205 +- 4.159
    88 L      0.998**       10.478 +- 0.457
    89 A      0.999**       10.492 +- 0.275
    90 K      0.998**       10.478 +- 0.462
    91 C      1.000**       10.496 +- 0.188
    92 V      0.979*        10.301 +- 1.369
    93 G      0.999**       10.494 +- 0.247
    94 H      0.997**       10.467 +- 0.561
    95 E      0.991**       10.413 +- 0.907
    96 R      0.999**       10.493 +- 0.264
    97 S      0.955*        10.071 +- 1.988
    98 P      0.998**       10.478 +- 0.461
    99 W      1.000**       10.498 +- 0.150
   100 T      0.999**       10.493 +- 0.262
   101 L      0.999**       10.492 +- 0.280
   102 A      0.996**       10.463 +- 0.596
   103 F      0.995**       10.455 +- 0.654
   104 H      0.994**       10.439 +- 0.763
   105 P      0.990**       10.407 +- 0.940
   106 C      0.999**       10.489 +- 0.326
   107 Q      0.982*        10.325 +- 1.285
   108 P      0.994**       10.440 +- 0.759
   109 H      0.995**       10.455 +- 0.654
   110 L      0.998**       10.479 +- 0.453
   111 L      0.995**       10.455 +- 0.656
   112 A      0.995**       10.451 +- 0.682
   113 S      0.917         9.698 +- 2.664
   114 G      0.972*        10.233 +- 1.582
   115 C      0.997**       10.472 +- 0.514
   116 L      1.000**       10.497 +- 0.179
   117 G      0.884         9.360 +- 3.149
   118 G      0.983*        10.342 +- 1.221
   119 N      0.971*        10.218 +- 1.626
   120 I      1.000**       10.498 +- 0.128
   121 R      0.984*        10.348 +- 1.202
   122 L      0.997**       10.473 +- 0.512
   123 W      1.000**       10.497 +- 0.179
   124 N      1.000**       10.498 +- 0.121
   125 L      0.999**       10.490 +- 0.309
   126 E      0.999**       10.495 +- 0.216
   127 C      0.999**       10.490 +- 0.309
   128 L      0.997**       10.471 +- 0.526
   129 A      0.999**       10.492 +- 0.280
   130 N      0.995**       10.449 +- 0.697
   131 V      0.977*        10.276 +- 1.451
   132 D      0.990*        10.403 +- 0.961
   133 S      0.943         9.951 +- 2.234
   134 A      0.710         7.647 +- 4.468
   135 A      1.000**       10.497 +- 0.183
   136 Q      1.000**       10.497 +- 0.164
   137 T      0.999**       10.492 +- 0.280
   138 E      0.997**       10.475 +- 0.491
   139 T      0.999**       10.490 +- 0.302
   140 Q      0.739         7.937 +- 4.313
   141 Q      1.000**       10.497 +- 0.162
   142 I      0.995**       10.456 +- 0.647
   143 L      0.990*        10.402 +- 0.964
   144 S      0.980*        10.308 +- 1.346
   145 T      0.978*        10.292 +- 1.399
   146 S      0.997**       10.468 +- 0.556
   147 V      1.000**       10.498 +- 0.148
   148 W      0.998**       10.480 +- 0.440
   149 K      0.997**       10.469 +- 0.546
   150 H      0.996**       10.463 +- 0.594
   151 S      0.999**       10.487 +- 0.358
   152 G      0.991**       10.412 +- 0.915
   153 A      0.995**       10.455 +- 0.653
   154 I      0.989*        10.391 +- 1.014
   155 A      0.980*        10.312 +- 1.333
   156 S      0.991**       10.412 +- 0.916
   157 L      0.998**       10.480 +- 0.439
   158 A      0.999**       10.490 +- 0.317
   159 F      0.997**       10.468 +- 0.549
   160 H      0.974*        10.246 +- 1.543
   161 P      0.976*        10.269 +- 1.473
   162 T      1.000**       10.496 +- 0.192
   163 H      0.994**       10.440 +- 0.759
   164 P      0.999**       10.490 +- 0.307
   165 I      0.999**       10.489 +- 0.323
   166 L      0.998**       10.477 +- 0.465
   167 V      0.958*        10.100 +- 1.924
   168 A      0.763         8.167 +- 4.186
   169 A      0.999**       10.491 +- 0.300
   170 W      0.996**       10.459 +- 0.624
   171 S      0.999**       10.493 +- 0.255
   172 Q      0.980*        10.303 +- 1.363
   173 E      0.977*        10.277 +- 1.450
   174 V      0.807         8.602 +- 3.882
   175 V      0.977*        10.282 +- 1.432
   176 F      0.978*        10.287 +- 1.415
   177 Y      0.975*        10.261 +- 1.498
   178 D      1.000**       10.496 +- 0.184
   179 W      1.000**       10.498 +- 0.148
   180 V      0.997**       10.470 +- 0.534
   181 S      0.999**       10.487 +- 0.358
   182 G      0.993**       10.434 +- 0.796
   183 R      0.997**       10.472 +- 0.516
   184 K      0.999**       10.491 +- 0.295
   185 L      0.990**       10.405 +- 0.952
   186 S      0.996**       10.463 +- 0.592
   187 V      1.000**       10.498 +- 0.150
   188 W      0.986*        10.364 +- 1.137
   189 R      0.999**       10.494 +- 0.245
   190 F      0.994**       10.442 +- 0.742
   191 V      0.998**       10.479 +- 0.451
   192 S      1.000**       10.497 +- 0.168
   193 N      0.969*        10.205 +- 1.660
   194 H      0.999**       10.490 +- 0.309
   195 S      0.996**       10.463 +- 0.596
   196 R      0.998**       10.485 +- 0.375
   197 V      1.000**       10.497 +- 0.169
   198 R      0.971*        10.220 +- 1.618
   199 W      0.999**       10.488 +- 0.335
   200 V      0.991**       10.409 +- 0.934
   201 R      0.997**       10.472 +- 0.513
   202 F      0.999**       10.489 +- 0.328
   203 S      1.000**       10.496 +- 0.192
   204 P      1.000**       10.495 +- 0.212
   205 D      0.988*        10.381 +- 1.064
   206 G      1.000**       10.496 +- 0.199
   207 S      0.991**       10.413 +- 0.911
   208 L      0.777         8.310 +- 4.089
   209 L      0.999**       10.494 +- 0.237
   210 Y      0.999**       10.488 +- 0.335
   211 T      0.947         9.990 +- 2.157
   212 A      0.960*        10.116 +- 1.884
   213 T      0.957*        10.088 +- 1.952
   214 A      0.994**       10.446 +- 0.717
   215 N      1.000**       10.497 +- 0.168
   216 P      0.956*        10.080 +- 1.968
   217 S      0.987*        10.372 +- 1.102
   218 A      0.929         9.817 +- 2.475
   219 V      0.999**       10.486 +- 0.362
   220 H      0.675         7.304 +- 4.609
   221 H      0.949         10.013 +- 2.111
   222 Q      0.996**       10.457 +- 0.641
   223 L      0.998**       10.485 +- 0.382
   224 T      0.999**       10.489 +- 0.324
   225 D      0.910         9.634 +- 2.759
   226 N      0.997**       10.469 +- 0.546
   227 Q      0.979*        10.302 +- 1.366
   228 E      0.998**       10.485 +- 0.377
   229 I      0.999**       10.495 +- 0.227
   230 R      0.994**       10.444 +- 0.734
   231 S      0.995**       10.452 +- 0.676
   232 Q      0.999**       10.494 +- 0.240
   233 G      0.999**       10.495 +- 0.222
   234 P      1.000**       10.496 +- 0.194
   235 S      0.532         5.892 +- 4.914
   236 S      0.917         9.698 +- 2.664
   237 S      0.671         7.273 +- 4.617
   238 C      0.972*        10.233 +- 1.582
   239 S      0.727         7.819 +- 4.377
   240 H      0.638         6.940 +- 4.727
   241 N      0.582         6.393 +- 4.852
   242 T      0.664         7.200 +- 4.644
   243 K      0.592         6.490 +- 4.833
   244 S      0.561         6.183 +- 4.881
   245 D      0.639         6.955 +- 4.725
   246 R      0.696         7.518 +- 4.520
   247 S      0.727         7.819 +- 4.377
   248 T      0.947         9.992 +- 2.153
   249 K      0.595         6.520 +- 4.828
   250 E      0.646         7.017 +- 4.705
   251 H      0.943         9.950 +- 2.236
   252 N      0.567         6.242 +- 4.881
   253 A      0.739         7.940 +- 4.315
   254 A      0.929         9.820 +- 2.470
   255 A      0.726         7.813 +- 4.383
   256 V      0.671         7.271 +- 4.619
   257 Q      0.696         7.521 +- 4.515

