Supplemental results for CODEML (seqf: algn  treef: tree)


dN/dS (w) for site classes (K=3)

p:   0.09140  0.00000  0.90860
w:   0.62502  1.00000 23.51580

Naive Empirical Bayes (NEB) probabilities for 3 classes & postmean_w & P(w>1)
(amino acids refer to 1st sequence: Mlig.21836)

   1 N   0.04413 0.00000 0.95587 ( 3) 22.506  0.956
   2 S   0.00262 0.00000 0.99738 ( 3) 23.456  0.997
   3 A   0.00504 0.00000 0.99496 ( 3) 23.400  0.995
   4 A   0.20725 0.00000 0.79275 ( 3) 18.772  0.793
   5 M   0.03663 0.00000 0.96337 ( 3) 22.677  0.963
   6 K   0.00321 0.00000 0.99679 ( 3) 23.442  0.997
   7 F   0.00348 0.00000 0.99652 ( 3) 23.436  0.997
   8 A   0.00561 0.00000 0.99439 ( 3) 23.387  0.994
   9 K   0.00502 0.00000 0.99498 ( 3) 23.401  0.995
  10 F   0.82952 0.00000 0.17048 ( 1)  4.528  0.170
  11 N   0.03835 0.00000 0.96165 ( 3) 22.638  0.962
  12 L   0.00545 0.00000 0.99455 ( 3) 23.391  0.995
  13 Q   0.05155 0.00000 0.94845 ( 3) 22.336  0.948
  14 L   0.02044 0.00000 0.97956 ( 3) 23.048  0.980
  15 I   0.02670 0.00000 0.97330 ( 3) 22.905  0.973
  16 F   0.02607 0.00000 0.97393 ( 3) 22.919  0.974
  17 D   0.18251 0.00000 0.81749 ( 3) 19.338  0.817
  18 N   0.02932 0.00000 0.97068 ( 3) 22.845  0.971
  19 N   0.03584 0.00000 0.96416 ( 3) 22.695  0.964
  20 S   0.00558 0.00000 0.99442 ( 3) 23.388  0.994
  21 E   0.02980 0.00000 0.97020 ( 3) 22.834  0.970
  22 S   0.17649 0.00000 0.82351 ( 3) 19.476  0.824
  23 D   0.04420 0.00000 0.95580 ( 3) 22.504  0.956
  24 A   0.03612 0.00000 0.96388 ( 3) 22.689  0.964
  25 A   0.00368 0.00000 0.99632 ( 3) 23.431  0.996
  26 L   0.02881 0.00000 0.97119 ( 3) 22.856  0.971
  27 I   0.02423 0.00000 0.97577 ( 3) 22.961  0.976
  28 N   0.02383 0.00000 0.97617 ( 3) 22.970  0.976
  29 E   0.04656 0.00000 0.95344 ( 3) 22.450  0.953
  30 L   0.03149 0.00000 0.96851 ( 3) 22.795  0.969
  31 T   0.02089 0.00000 0.97911 ( 3) 23.038  0.979
  32 R   0.12918 0.00000 0.87082 ( 3) 20.559  0.871
  33 V   0.03492 0.00000 0.96508 ( 3) 22.717  0.965
  34 T   0.00297 0.00000 0.99703 ( 3) 23.448  0.997
  35 L   0.00559 0.00000 0.99441 ( 3) 23.388  0.994
  36 H   0.20199 0.00000 0.79801 ( 3) 18.892  0.798
  37 C   0.00262 0.00000 0.99738 ( 3) 23.456  0.997
  38 S   0.00316 0.00000 0.99684 ( 3) 23.443  0.997
  39 E   0.00309 0.00000 0.99691 ( 3) 23.445  0.997
  40 C   0.03266 0.00000 0.96734 ( 3) 22.768  0.967
  41 S   0.02693 0.00000 0.97307 ( 3) 22.899  0.973
  42 E   0.00348 0.00000 0.99652 ( 3) 23.436  0.997
  43 F   0.00341 0.00000 0.99659 ( 3) 23.438  0.997
  44 K   0.05435 0.00000 0.94565 ( 3) 22.272  0.946
  45 F   0.03983 0.00000 0.96017 ( 3) 22.604  0.960
  46 W   0.00304 0.00000 0.99696 ( 3) 23.446  0.997
  47 N   0.00281 0.00000 0.99719 ( 3) 23.451  0.997
  48 F   0.13287 0.00000 0.86713 ( 3) 20.474  0.867
  49 S   0.00344 0.00000 0.99656 ( 3) 23.437  0.997
  50 E   0.04962 0.00000 0.95038 ( 3) 22.380  0.950
  51 L   0.05041 0.00000 0.94959 ( 3) 22.362  0.950
  52 A   0.00434 0.00000 0.99566 ( 3) 23.416  0.996
  53 D   0.03448 0.00000 0.96552 ( 3) 22.727  0.966
  54 H   0.28645 0.00000 0.71355 ( 3) 16.959  0.714
  55 I   0.15703 0.00000 0.84297 ( 3) 19.921  0.843
  56 C   0.14937 0.00000 0.85063 ( 3) 20.097  0.851
  57 H   0.02649 0.00000 0.97351 ( 3) 22.909  0.974
  58 Q   0.37452 0.00000 0.62548 ( 3) 14.943  0.625
  59 A   0.03384 0.00000 0.96616 ( 3) 22.741  0.966
  60 Q   0.02690 0.00000 0.97310 ( 3) 22.900  0.973
  61 A   0.15553 0.00000 0.84447 ( 3) 19.956  0.844
  62 G   0.00529 0.00000 0.99471 ( 3) 23.395  0.995
  63 S   0.00591 0.00000 0.99409 ( 3) 23.381  0.994
  64 D   0.52588 0.00000 0.47412 ( 1) 11.478  0.474
  65 L   0.00498 0.00000 0.99502 ( 3) 23.402  0.995
  66 A   0.04629 0.00000 0.95371 ( 3) 22.456  0.954
  67 A   0.00345 0.00000 0.99655 ( 3) 23.437  0.997
  68 G   0.53171 0.00000 0.46829 ( 1) 11.345  0.468
  69 D   0.00510 0.00000 0.99490 ( 3) 23.399  0.995
  70 L   0.07742 0.00000 0.92258 ( 3) 21.744  0.923
  71 R   0.32348 0.00000 0.67652 ( 3) 16.111  0.677
  72 N   0.03258 0.00000 0.96742 ( 3) 22.770  0.967
  73 V   0.00599 0.00000 0.99401 ( 3) 23.379  0.994
  74 L   0.40758 0.00000 0.59242 ( 3) 14.186  0.592
  75 T   0.00817 0.00000 0.99183 ( 3) 23.329  0.992
  76 S   0.00482 0.00000 0.99518 ( 3) 23.405  0.995
  77 R   0.00658 0.00000 0.99342 ( 3) 23.365  0.993
  78 Q   0.69541 0.00000 0.30459 ( 1)  7.597  0.305
  79 Q   0.05878 0.00000 0.94122 ( 3) 22.170  0.941
  80 Q   0.00851 0.00000 0.99149 ( 3) 23.321  0.991
  81 P   0.02313 0.00000 0.97687 ( 3) 22.986  0.977
  82 P   0.00345 0.00000 0.99655 ( 3) 23.437  0.997
  83 G   0.02303 0.00000 0.97697 ( 3) 22.989  0.977
  84 W   0.00248 0.00000 0.99752 ( 3) 23.459  0.998
  85 P   0.00421 0.00000 0.99579 ( 3) 23.419  0.996
  86 A   0.16994 0.00000 0.83006 ( 3) 19.626  0.830
  87 G   0.02756 0.00000 0.97244 ( 3) 22.885  0.972
  88 S   0.02476 0.00000 0.97524 ( 3) 22.949  0.975
  89 S   0.02930 0.00000 0.97070 ( 3) 22.845  0.971
  90 A   0.63526 0.00000 0.36474 ( 1)  8.974  0.365
  91 A   0.36983 0.00000 0.63017 ( 3) 15.050  0.630
  92 V   0.02758 0.00000 0.97242 ( 3) 22.884  0.972
  93 S   0.00474 0.00000 0.99526 ( 3) 23.407  0.995
  94 P   0.00885 0.00000 0.99115 ( 3) 23.313  0.991
  95 S   0.05032 0.00000 0.94968 ( 3) 22.364  0.950
  96 A   0.00785 0.00000 0.99215 ( 3) 23.336  0.992
  97 N   0.03105 0.00000 0.96895 ( 3) 22.805  0.969
  98 S   0.00559 0.00000 0.99441 ( 3) 23.388  0.994
  99 A   0.00549 0.00000 0.99451 ( 3) 23.390  0.995
 100 L   0.80978 0.00000 0.19022 ( 1)  4.979  0.190
 101 R   0.02279 0.00000 0.97721 ( 3) 22.994  0.977
 102 Q   0.08295 0.00000 0.91705 ( 3) 21.617  0.917
 103 R   0.03941 0.00000 0.96059 ( 3) 22.614  0.961
 104 Q   0.36830 0.00000 0.63170 ( 3) 15.085  0.632
 105 P   0.05580 0.00000 0.94420 ( 3) 22.239  0.944
 106 G   0.00277 0.00000 0.99723 ( 3) 23.452  0.997

Positively selected sites

	Prob(w>1)  mean w

     1 N      0.956*        22.506
     2 S      0.997**       23.456
     3 A      0.995**       23.400
     4 A      0.793         18.772
     5 M      0.963*        22.677
     6 K      0.997**       23.442
     7 F      0.997**       23.436
     8 A      0.994**       23.387
     9 K      0.995**       23.401
    11 N      0.962*        22.638
    12 L      0.995**       23.391
    13 Q      0.948         22.336
    14 L      0.980*        23.048
    15 I      0.973*        22.905
    16 F      0.974*        22.919
    17 D      0.817         19.338
    18 N      0.971*        22.845
    19 N      0.964*        22.695
    20 S      0.994**       23.388
    21 E      0.970*        22.834
    22 S      0.824         19.476
    23 D      0.956*        22.504
    24 A      0.964*        22.689
    25 A      0.996**       23.431
    26 L      0.971*        22.856
    27 I      0.976*        22.961
    28 N      0.976*        22.970
    29 E      0.953*        22.450
    30 L      0.969*        22.795
    31 T      0.979*        23.038
    32 R      0.871         20.559
    33 V      0.965*        22.717
    34 T      0.997**       23.448
    35 L      0.994**       23.388
    36 H      0.798         18.892
    37 C      0.997**       23.456
    38 S      0.997**       23.443
    39 E      0.997**       23.445
    40 C      0.967*        22.768
    41 S      0.973*        22.899
    42 E      0.997**       23.436
    43 F      0.997**       23.438
    44 K      0.946         22.272
    45 F      0.960*        22.604
    46 W      0.997**       23.446
    47 N      0.997**       23.451
    48 F      0.867         20.474
    49 S      0.997**       23.437
    50 E      0.950*        22.380
    51 L      0.950         22.362
    52 A      0.996**       23.416
    53 D      0.966*        22.727
    54 H      0.714         16.959
    55 I      0.843         19.921
    56 C      0.851         20.097
    57 H      0.974*        22.909
    58 Q      0.625         14.943
    59 A      0.966*        22.741
    60 Q      0.973*        22.900
    61 A      0.844         19.956
    62 G      0.995**       23.395
    63 S      0.994**       23.381
    65 L      0.995**       23.402
    66 A      0.954*        22.456
    67 A      0.997**       23.437
    69 D      0.995**       23.399
    70 L      0.923         21.744
    71 R      0.677         16.111
    72 N      0.967*        22.770
    73 V      0.994**       23.379
    74 L      0.592         14.186
    75 T      0.992**       23.329
    76 S      0.995**       23.405
    77 R      0.993**       23.365
    79 Q      0.941         22.170
    80 Q      0.991**       23.321
    81 P      0.977*        22.986
    82 P      0.997**       23.437
    83 G      0.977*        22.989
    84 W      0.998**       23.459
    85 P      0.996**       23.419
    86 A      0.830         19.626
    87 G      0.972*        22.885
    88 S      0.975*        22.949
    89 S      0.971*        22.845
    91 A      0.630         15.050
    92 V      0.972*        22.884
    93 S      0.995**       23.407
    94 P      0.991**       23.313
    95 S      0.950         22.364
    96 A      0.992**       23.336
    97 N      0.969*        22.805
    98 S      0.994**       23.388
    99 A      0.995**       23.390
   101 R      0.977*        22.994
   102 Q      0.917         21.617
   103 R      0.961*        22.614
   104 Q      0.632         15.085
   105 P      0.944         22.239
   106 G      0.997**       23.452


lnL = -1276.547802

Bayes Empirical Bayes (BEB) probabilities for 3 classes (class) & postmean_w
(amino acids refer to 1st sequence: Mlig.21836)

   1 N   0.02790 0.04646 0.92564 ( 3)  8.750 +-  2.508
   2 S   0.00228 0.00676 0.99096 ( 3)  9.310 +-  1.430
   3 A   0.00450 0.01046 0.98504 ( 3)  9.260 +-  1.566
   4 A   0.11166 0.12688 0.76147 ( 3)  7.327 +-  3.792
   5 M   0.02015 0.03633 0.94352 ( 3)  8.902 +-  2.277
   6 K   0.00269 0.00744 0.98987 ( 3)  9.300 +-  1.457
   7 F   0.00309 0.00941 0.98750 ( 3)  9.280 +-  1.511
   8 A   0.00399 0.01019 0.98582 ( 3)  9.266 +-  1.549
   9 K   0.00390 0.00969 0.98641 ( 3)  9.271 +-  1.536
  10 F   0.50161 0.27877 0.21962 ( 1)  2.594 +-  3.609
  11 N   0.02408 0.04674 0.92917 ( 3)  8.782 +-  2.460
  12 L   0.00466 0.01120 0.98415 ( 3)  9.252 +-  1.585
  13 Q   0.03199 0.05275 0.91525 ( 3)  8.662 +-  2.628
  14 L   0.01265 0.03086 0.95649 ( 3)  9.015 +-  2.082
  15 I   0.01746 0.03761 0.94493 ( 3)  8.917 +-  2.252
  16 F   0.01563 0.03560 0.94878 ( 3)  8.948 +-  2.198
  17 D   0.10174 0.11665 0.78161 ( 3)  7.502 +-  3.689
  18 N   0.01741 0.03670 0.94589 ( 3)  8.924 +-  2.240
  19 N   0.02259 0.04435 0.93307 ( 3)  8.816 +-  2.411
  20 S   0.00456 0.01013 0.98530 ( 3)  9.262 +-  1.561
  21 E   0.01934 0.04184 0.93882 ( 3)  8.865 +-  2.335
  22 S   0.09195 0.12002 0.78803 ( 3)  7.564 +-  3.642
  23 D   0.02790 0.04678 0.92532 ( 3)  8.748 +-  2.512
  24 A   0.02382 0.04501 0.93116 ( 3)  8.801 +-  2.436
  25 A   0.00289 0.00823 0.98888 ( 3)  9.292 +-  1.480
  26 L   0.01693 0.03668 0.94639 ( 3)  8.928 +-  2.232
  27 I   0.01460 0.03363 0.95177 ( 3)  8.974 +-  2.154
  28 N   0.01677 0.03325 0.94998 ( 3)  8.961 +-  2.183
  29 E   0.02381 0.04596 0.93023 ( 3)  8.787 +-  2.448
  30 L   0.02229 0.04369 0.93402 ( 3)  8.826 +-  2.399
  31 T   0.01292 0.02970 0.95737 ( 3)  9.022 +-  2.070
  32 R   0.06796 0.10121 0.83083 ( 3)  7.935 +-  3.370
  33 V   0.02381 0.04435 0.93184 ( 3)  8.806 +-  2.428
  34 T   0.00255 0.00732 0.99013 ( 3)  9.303 +-  1.450
  35 L   0.00476 0.01132 0.98392 ( 3)  9.250 +-  1.590
  36 H   0.10404 0.12790 0.76806 ( 3)  7.390 +-  3.751
  37 C   0.00239 0.00630 0.99131 ( 3)  9.313 +-  1.422
  38 S   0.00276 0.00816 0.98907 ( 3)  9.294 +-  1.475
  39 E   0.00268 0.00770 0.98962 ( 3)  9.298 +-  1.462
  40 C   0.02112 0.04397 0.93490 ( 3)  8.832 +-  2.386
  41 S   0.01619 0.03485 0.94896 ( 3)  8.950 +-  2.196
  42 E   0.00280 0.00757 0.98964 ( 3)  9.298 +-  1.462
  43 F   0.00290 0.00833 0.98878 ( 3)  9.291 +-  1.482
  44 K   0.03282 0.06089 0.90628 ( 3)  8.586 +-  2.720
  45 F   0.02708 0.04459 0.92833 ( 3)  8.776 +-  2.475
  46 W   0.00260 0.00713 0.99027 ( 3)  9.304 +-  1.447
  47 N   0.00240 0.00689 0.99071 ( 3)  9.307 +-  1.436
  48 F   0.06565 0.11097 0.82339 ( 3)  7.872 +-  3.412
  49 S   0.00317 0.00886 0.98796 ( 3)  9.285 +-  1.500
  50 E   0.03074 0.05277 0.91649 ( 3)  8.673 +-  2.612
  51 L   0.03064 0.05497 0.91439 ( 3)  8.656 +-  2.634
  52 A   0.00353 0.00980 0.98667 ( 3)  9.273 +-  1.530
  53 D   0.02020 0.03966 0.94013 ( 3)  8.874 +-  2.320
  54 H   0.16476 0.16785 0.66740 ( 3)  6.518 +-  4.154
  55 I   0.07593 0.12597 0.79811 ( 3)  7.655 +-  3.569
  56 C   0.07437 0.12411 0.80152 ( 3)  7.687 +-  3.549
  57 H   0.01596 0.03415 0.94989 ( 3)  8.958 +-  2.183
  58 Q   0.19603 0.19268 0.61129 ( 3)  6.026 +-  4.277
  59 A   0.02392 0.04398 0.93210 ( 3)  8.810 +-  2.425
  60 Q   0.01776 0.03720 0.94503 ( 3)  8.918 +-  2.252
  61 A   0.07516 0.12654 0.79830 ( 3)  7.657 +-  3.567
  62 G   0.00417 0.01107 0.98476 ( 3)  9.257 +-  1.572
  63 S   0.00484 0.01086 0.98431 ( 3)  9.253 +-  1.583
  64 D   0.26144 0.25165 0.48691 ( 3)  4.961 +-  4.355
  65 L   0.00418 0.00912 0.98670 ( 3)  9.274 +-  1.531
  66 A   0.02899 0.04909 0.92192 ( 3)  8.721 +-  2.551
  67 A   0.00292 0.00820 0.98888 ( 3)  9.292 +-  1.480
  68 G   0.26150 0.25560 0.48290 ( 3)  4.928 +-  4.351
  69 D   0.00397 0.00980 0.98623 ( 3)  9.269 +-  1.540
  70 L   0.05079 0.07048 0.87873 ( 3)  8.348 +-  3.000
  71 R   0.16477 0.18176 0.65348 ( 3)  6.395 +-  4.179
  72 N   0.02099 0.04264 0.93637 ( 3)  8.844 +-  2.368
  73 V   0.00474 0.01180 0.98346 ( 3)  9.246 +-  1.600
  74 L   0.18681 0.21673 0.59646 ( 3)  5.898 +-  4.279
  75 T   0.00610 0.01280 0.98110 ( 3)  9.226 +-  1.651
  76 S   0.00390 0.01027 0.98583 ( 3)  9.266 +-  1.549
  77 R   0.00511 0.01322 0.98167 ( 3)  9.231 +-  1.637
  78 Q   0.29010 0.39609 0.31381 ( 2)  3.499 +-  3.975
  79 Q   0.03766 0.05604 0.90630 ( 3)  8.584 +-  2.730
  80 Q   0.00644 0.01360 0.97996 ( 3)  9.216 +-  1.674
  81 P   0.01380 0.03133 0.95487 ( 3)  9.000 +-  2.108
  82 P   0.00289 0.00803 0.98908 ( 3)  9.294 +-  1.475
  83 G   0.01379 0.03165 0.95455 ( 3)  8.998 +-  2.113
  84 W   0.00204 0.00502 0.99294 ( 3)  9.326 +-  1.383
  85 P   0.00380 0.00973 0.98647 ( 3)  9.272 +-  1.534
  86 A   0.08214 0.12557 0.79229 ( 3)  7.602 +-  3.608
  87 G   0.01614 0.03329 0.95056 ( 3)  8.963 +-  2.174
  88 S   0.01478 0.03339 0.95183 ( 3)  8.974 +-  2.154
  89 S   0.02223 0.04164 0.93613 ( 3)  8.845 +-  2.373
  90 A   0.34765 0.26119 0.39116 ( 3)  4.104 +-  4.257
  91 A   0.31343 0.15218 0.53439 ( 3)  5.329 +-  4.449
  92 V   0.01622 0.03618 0.94760 ( 3)  8.938 +-  2.215
  93 S   0.00393 0.01121 0.98486 ( 3)  9.258 +-  1.569
  94 P   0.00745 0.01491 0.97763 ( 3)  9.197 +-  1.721
  95 S   0.03232 0.06220 0.90548 ( 3)  8.581 +-  2.728
  96 A   0.00621 0.01270 0.98109 ( 3)  9.226 +-  1.651
  97 N   0.02023 0.04267 0.93710 ( 3)  8.851 +-  2.358
  98 S   0.00418 0.00977 0.98605 ( 3)  9.268 +-  1.545
  99 A   0.00430 0.01113 0.98457 ( 3)  9.255 +-  1.576
 100 L   0.34566 0.34223 0.31211 ( 1)  3.425 +-  3.964
 101 R   0.01554 0.03483 0.94962 ( 3)  8.958 +-  2.185
 102 Q   0.04789 0.07726 0.87486 ( 3)  8.315 +-  3.026
 103 R   0.02591 0.04644 0.92765 ( 3)  8.769 +-  2.481
 104 Q   0.15026 0.22722 0.62252 ( 3)  6.135 +-  4.212
 105 P   0.02877 0.05188 0.91935 ( 3)  8.694 +-  2.579
 106 G   0.00249 0.00662 0.99088 ( 3)  9.309 +-  1.433

Positively selected sites

	Prob(w>1)  mean w

     1 N      0.926         8.750 +- 2.508
     2 S      0.991**       9.310 +- 1.430
     3 A      0.985*        9.260 +- 1.566
     4 A      0.761         7.327 +- 3.792
     5 M      0.944         8.902 +- 2.277
     6 K      0.990*        9.300 +- 1.457
     7 F      0.987*        9.280 +- 1.511
     8 A      0.986*        9.266 +- 1.549
     9 K      0.986*        9.271 +- 1.536
    11 N      0.929         8.782 +- 2.460
    12 L      0.984*        9.252 +- 1.585
    13 Q      0.915         8.662 +- 2.628
    14 L      0.956*        9.015 +- 2.082
    15 I      0.945         8.917 +- 2.252
    16 F      0.949         8.948 +- 2.198
    17 D      0.782         7.502 +- 3.689
    18 N      0.946         8.924 +- 2.240
    19 N      0.933         8.816 +- 2.411
    20 S      0.985*        9.262 +- 1.561
    21 E      0.939         8.865 +- 2.335
    22 S      0.788         7.564 +- 3.642
    23 D      0.925         8.748 +- 2.512
    24 A      0.931         8.801 +- 2.436
    25 A      0.989*        9.292 +- 1.480
    26 L      0.946         8.928 +- 2.232
    27 I      0.952*        8.974 +- 2.154
    28 N      0.950         8.961 +- 2.183
    29 E      0.930         8.787 +- 2.448
    30 L      0.934         8.826 +- 2.399
    31 T      0.957*        9.022 +- 2.070
    32 R      0.831         7.935 +- 3.370
    33 V      0.932         8.806 +- 2.428
    34 T      0.990**       9.303 +- 1.450
    35 L      0.984*        9.250 +- 1.590
    36 H      0.768         7.390 +- 3.751
    37 C      0.991**       9.313 +- 1.422
    38 S      0.989*        9.294 +- 1.475
    39 E      0.990*        9.298 +- 1.462
    40 C      0.935         8.832 +- 2.386
    41 S      0.949         8.950 +- 2.196
    42 E      0.990*        9.298 +- 1.462
    43 F      0.989*        9.291 +- 1.482
    44 K      0.906         8.586 +- 2.720
    45 F      0.928         8.776 +- 2.475
    46 W      0.990**       9.304 +- 1.447
    47 N      0.991**       9.307 +- 1.436
    48 F      0.823         7.872 +- 3.412
    49 S      0.988*        9.285 +- 1.500
    50 E      0.916         8.673 +- 2.612
    51 L      0.914         8.656 +- 2.634
    52 A      0.987*        9.273 +- 1.530
    53 D      0.940         8.874 +- 2.320
    54 H      0.667         6.518 +- 4.154
    55 I      0.798         7.655 +- 3.569
    56 C      0.802         7.687 +- 3.549
    57 H      0.950         8.958 +- 2.183
    58 Q      0.611         6.026 +- 4.277
    59 A      0.932         8.810 +- 2.425
    60 Q      0.945         8.918 +- 2.252
    61 A      0.798         7.657 +- 3.567
    62 G      0.985*        9.257 +- 1.572
    63 S      0.984*        9.253 +- 1.583
    65 L      0.987*        9.274 +- 1.531
    66 A      0.922         8.721 +- 2.551
    67 A      0.989*        9.292 +- 1.480
    69 D      0.986*        9.269 +- 1.540
    70 L      0.879         8.348 +- 3.000
    71 R      0.653         6.395 +- 4.179
    72 N      0.936         8.844 +- 2.368
    73 V      0.983*        9.246 +- 1.600
    74 L      0.596         5.898 +- 4.279
    75 T      0.981*        9.226 +- 1.651
    76 S      0.986*        9.266 +- 1.549
    77 R      0.982*        9.231 +- 1.637
    79 Q      0.906         8.584 +- 2.730
    80 Q      0.980*        9.216 +- 1.674
    81 P      0.955*        9.000 +- 2.108
    82 P      0.989*        9.294 +- 1.475
    83 G      0.955*        8.998 +- 2.113
    84 W      0.993**       9.326 +- 1.383
    85 P      0.986*        9.272 +- 1.534
    86 A      0.792         7.602 +- 3.608
    87 G      0.951*        8.963 +- 2.174
    88 S      0.952*        8.974 +- 2.154
    89 S      0.936         8.845 +- 2.373
    91 A      0.534         5.329 +- 4.449
    92 V      0.948         8.938 +- 2.215
    93 S      0.985*        9.258 +- 1.569
    94 P      0.978*        9.197 +- 1.721
    95 S      0.905         8.581 +- 2.728
    96 A      0.981*        9.226 +- 1.651
    97 N      0.937         8.851 +- 2.358
    98 S      0.986*        9.268 +- 1.545
    99 A      0.985*        9.255 +- 1.576
   101 R      0.950         8.958 +- 2.185
   102 Q      0.875         8.315 +- 3.026
   103 R      0.928         8.769 +- 2.481
   104 Q      0.623         6.135 +- 4.212
   105 P      0.919         8.694 +- 2.579
   106 G      0.991**       9.309 +- 1.433

