Supplemental results for CODEML (seqf: algn  treef: tree)


dN/dS (w) for site classes (K=2)

p:   0.99999  0.00001
w:   1.00000  1.00000

Naive Empirical Bayes (NEB) probabilities for 2 classes & postmean_w
(amino acids refer to 1st sequence: Mlig.9282)

   1 M   0.99999 0.00001 ( 1)  1.000
   2 L   0.99999 0.00001 ( 1)  1.000
   3 Q   0.99999 0.00001 ( 1)  1.000
   4 Y   0.99999 0.00001 ( 1)  1.000
   5 F   0.99999 0.00001 ( 1)  1.000
   6 T   0.99999 0.00001 ( 1)  1.000
   7 L   0.99999 0.00001 ( 1)  1.000
   8 M   0.99999 0.00001 ( 1)  1.000
   9 L   0.99999 0.00001 ( 1)  1.000
  10 P   0.99999 0.00001 ( 1)  1.000
  11 V   0.99999 0.00001 ( 1)  1.000
  12 F   0.99999 0.00001 ( 1)  1.000
  13 F   0.99999 0.00001 ( 1)  1.000
  14 L   0.99999 0.00001 ( 1)  1.000
  15 L   0.99999 0.00001 ( 1)  1.000
  16 L   0.99999 0.00001 ( 1)  1.000
  17 A   0.99999 0.00001 ( 1)  1.000
  18 S   0.99999 0.00001 ( 1)  1.000
  19 S   0.99999 0.00001 ( 1)  1.000
  20 R   0.99999 0.00001 ( 1)  1.000
  21 C   0.99999 0.00001 ( 1)  1.000
  22 T   0.99999 0.00001 ( 1)  1.000
  23 L   0.99999 0.00001 ( 1)  1.000
  24 G   0.99999 0.00001 ( 1)  1.000
  25 S   0.99999 0.00001 ( 1)  1.000
  26 L   0.99999 0.00001 ( 1)  1.000
  27 T   0.99999 0.00001 ( 1)  1.000
  28 E   0.99999 0.00001 ( 1)  1.000
  29 A   0.99999 0.00001 ( 1)  1.000
  30 D   0.99999 0.00001 ( 1)  1.000
  31 E   0.99999 0.00001 ( 1)  1.000
  32 A   0.99999 0.00001 ( 1)  1.000
  33 K   0.99999 0.00001 ( 1)  1.000
  34 F   0.99999 0.00001 ( 1)  1.000
  35 L   0.99999 0.00001 ( 1)  1.000
  36 E   0.99999 0.00001 ( 1)  1.000
  37 V   0.99999 0.00001 ( 1)  1.000
  38 P   0.99999 0.00001 ( 1)  1.000
  39 W   0.99999 0.00001 ( 1)  1.000
  40 L   0.99999 0.00001 ( 1)  1.000
  41 D   0.99999 0.00001 ( 1)  1.000
  42 W   0.99999 0.00001 ( 1)  1.000
  43 A   0.99999 0.00001 ( 1)  1.000
  44 Q   0.99999 0.00001 ( 1)  1.000
  45 A   0.99999 0.00001 ( 1)  1.000
  46 L   0.99999 0.00001 ( 1)  1.000
  47 D   0.99999 0.00001 ( 1)  1.000
  48 A   0.99999 0.00001 ( 1)  1.000
  49 Y   0.99999 0.00001 ( 1)  1.000
  50 R   0.99999 0.00001 ( 1)  1.000
  51 S   0.99999 0.00001 ( 1)  1.000
  52 E   0.99999 0.00001 ( 1)  1.000
  53 Y   0.99999 0.00001 ( 1)  1.000
  54 R   0.99999 0.00001 ( 1)  1.000
  55 E   0.99999 0.00001 ( 1)  1.000
  56 A   0.99999 0.00001 ( 1)  1.000
  57 E   0.99999 0.00001 ( 1)  1.000
  58 L   0.99999 0.00001 ( 1)  1.000
  59 L   0.99999 0.00001 ( 1)  1.000
  60 G   0.99999 0.00001 ( 1)  1.000
  61 T   0.99999 0.00001 ( 1)  1.000
  62 N   0.99999 0.00001 ( 1)  1.000
  63 T   0.99999 0.00001 ( 1)  1.000
  64 L   0.99999 0.00001 ( 1)  1.000
  65 E   0.99999 0.00001 ( 1)  1.000
  66 N   0.99999 0.00001 ( 1)  1.000
  67 P   0.99999 0.00001 ( 1)  1.000
  68 N   0.99999 0.00001 ( 1)  1.000
  69 R   0.99999 0.00001 ( 1)  1.000
  70 L   0.99999 0.00001 ( 1)  1.000
  71 K   0.99999 0.00001 ( 1)  1.000
  72 F   0.99999 0.00001 ( 1)  1.000
  73 Y   0.99999 0.00001 ( 1)  1.000
  74 P   0.99999 0.00001 ( 1)  1.000
  75 E   0.99999 0.00001 ( 1)  1.000
  76 N   0.99999 0.00001 ( 1)  1.000
  77 R   0.99999 0.00001 ( 1)  1.000
  78 V   0.99999 0.00001 ( 1)  1.000
  79 T   0.99999 0.00001 ( 1)  1.000
  80 E   0.99999 0.00001 ( 1)  1.000
  81 N   0.99999 0.00001 ( 1)  1.000
  82 Q   0.99999 0.00001 ( 1)  1.000
  83 I   0.99999 0.00001 ( 1)  1.000
  84 V   0.99999 0.00001 ( 1)  1.000
  85 V   0.99999 0.00001 ( 1)  1.000
  86 A   0.99999 0.00001 ( 1)  1.000
  87 F   0.99999 0.00001 ( 1)  1.000
  88 C   0.99999 0.00001 ( 1)  1.000
  89 L   0.99999 0.00001 ( 1)  1.000
  90 L   0.99999 0.00001 ( 1)  1.000
  91 T   0.99999 0.00001 ( 1)  1.000
  92 P   0.99999 0.00001 ( 1)  1.000
  93 D   0.99999 0.00001 ( 1)  1.000
  94 K   0.99999 0.00001 ( 1)  1.000
  95 I   0.99999 0.00001 ( 1)  1.000
  96 N   0.99999 0.00001 ( 1)  1.000
  97 G   0.99999 0.00001 ( 1)  1.000
  98 Y   0.99999 0.00001 ( 1)  1.000
  99 R   0.99999 0.00001 ( 1)  1.000
 100 S   0.99999 0.00001 ( 1)  1.000
 101 N   0.99999 0.00001 ( 1)  1.000
 102 S   0.99999 0.00001 ( 1)  1.000
 103 I   0.99999 0.00001 ( 1)  1.000
 104 S   0.99999 0.00001 ( 1)  1.000
 105 L   0.99999 0.00001 ( 1)  1.000
 106 K   0.99999 0.00001 ( 1)  1.000
 107 I   0.99999 0.00001 ( 1)  1.000
 108 M   0.99999 0.00001 ( 1)  1.000
 109 E   0.99999 0.00001 ( 1)  1.000
 110 L   0.99999 0.00001 ( 1)  1.000
 111 G   0.99999 0.00001 ( 1)  1.000
 112 F   0.99999 0.00001 ( 1)  1.000
 113 M   0.99999 0.00001 ( 1)  1.000
 114 H   0.99999 0.00001 ( 1)  1.000
 115 R   0.99999 0.00001 ( 1)  1.000
 116 R   0.99999 0.00001 ( 1)  1.000
 117 S   0.99999 0.00001 ( 1)  1.000
 118 L   0.99999 0.00001 ( 1)  1.000
 119 L   0.99999 0.00001 ( 1)  1.000
 120 A   0.99999 0.00001 ( 1)  1.000
 121 P   0.99999 0.00001 ( 1)  1.000
 122 T   0.99999 0.00001 ( 1)  1.000
 123 R   0.99999 0.00001 ( 1)  1.000
 124 R   0.99999 0.00001 ( 1)  1.000
 125 L   0.99999 0.00001 ( 1)  1.000
 126 Q   0.99999 0.00001 ( 1)  1.000
 127 T   0.99999 0.00001 ( 1)  1.000
 128 P   0.99999 0.00001 ( 1)  1.000
 129 A   0.99999 0.00001 ( 1)  1.000
 130 D   0.99999 0.00001 ( 1)  1.000
 131 Q   0.99999 0.00001 ( 1)  1.000
 132 L   0.99999 0.00001 ( 1)  1.000
 133 N   0.99999 0.00001 ( 1)  1.000
 134 C   0.99999 0.00001 ( 1)  1.000
 135 W   0.99999 0.00001 ( 1)  1.000
 136 N   0.99999 0.00001 ( 1)  1.000
 137 Y   0.99999 0.00001 ( 1)  1.000
 138 V   0.99999 0.00001 ( 1)  1.000
 139 Q   0.99999 0.00001 ( 1)  1.000
 140 E   0.99999 0.00001 ( 1)  1.000
 141 S   0.99999 0.00001 ( 1)  1.000
 142 V   0.99999 0.00001 ( 1)  1.000
 143 C   0.99999 0.00001 ( 1)  1.000
 144 Q   0.99999 0.00001 ( 1)  1.000
 145 P   0.99999 0.00001 ( 1)  1.000
 146 I   0.99999 0.00001 ( 1)  1.000
 147 R   0.99999 0.00001 ( 1)  1.000
 148 D   0.99999 0.00001 ( 1)  1.000
 149 C   0.99999 0.00001 ( 1)  1.000
 150 S   0.99999 0.00001 ( 1)  1.000
 151 K   0.99999 0.00001 ( 1)  1.000
 152 P   0.99999 0.00001 ( 1)  1.000
 153 S   0.99999 0.00001 ( 1)  1.000
 154 N   0.99999 0.00001 ( 1)  1.000
 155 P   0.99999 0.00001 ( 1)  1.000
 156 K   0.99999 0.00001 ( 1)  1.000
 157 L   0.99999 0.00001 ( 1)  1.000
 158 F   0.99999 0.00001 ( 1)  1.000
 159 T   0.99999 0.00001 ( 1)  1.000
 160 V   0.99999 0.00001 ( 1)  1.000
 161 G   0.99999 0.00001 ( 1)  1.000
 162 T   0.99999 0.00001 ( 1)  1.000
 163 V   0.99999 0.00001 ( 1)  1.000
 164 T   0.99999 0.00001 ( 1)  1.000
 165 K   0.99999 0.00001 ( 1)  1.000
 166 E   0.99999 0.00001 ( 1)  1.000
 167 G   0.99999 0.00001 ( 1)  1.000
 168 W   0.99999 0.00001 ( 1)  1.000
 169 G   0.99999 0.00001 ( 1)  1.000
 170 V   0.99999 0.00001 ( 1)  1.000
 171 F   0.99999 0.00001 ( 1)  1.000
 172 Q   0.99999 0.00001 ( 1)  1.000
 173 L   0.99999 0.00001 ( 1)  1.000
 174 K   0.99999 0.00001 ( 1)  1.000
 175 A   0.99999 0.00001 ( 1)  1.000
 176 N   0.99999 0.00001 ( 1)  1.000
 177 Q   0.99999 0.00001 ( 1)  1.000
 178 L   0.99999 0.00001 ( 1)  1.000
 179 T   0.99999 0.00001 ( 1)  1.000
 180 Q   0.99999 0.00001 ( 1)  1.000
 181 A   0.99999 0.00001 ( 1)  1.000
 182 H   0.99999 0.00001 ( 1)  1.000
 183 Y   0.99999 0.00001 ( 1)  1.000
 184 E   0.99999 0.00001 ( 1)  1.000
 185 C   0.99999 0.00001 ( 1)  1.000
 186 V   0.99999 0.00001 ( 1)  1.000
 187 G   0.99999 0.00001 ( 1)  1.000
 188 D   0.99999 0.00001 ( 1)  1.000
 189 V   0.99999 0.00001 ( 1)  1.000
 190 Q   0.99999 0.00001 ( 1)  1.000
 191 N   0.99999 0.00001 ( 1)  1.000
 192 I   0.99999 0.00001 ( 1)  1.000
 193 L   0.99999 0.00001 ( 1)  1.000
 194 S   0.99999 0.00001 ( 1)  1.000
 195 S   0.99999 0.00001 ( 1)  1.000
 196 E   0.99999 0.00001 ( 1)  1.000


lnL =  -789.821077

