Supplemental results for CODEML (seqf: algn  treef: tree)


dN/dS (w) for site classes (K=2)

p:   0.99999  0.00001
w:   0.46585  1.00000

Naive Empirical Bayes (NEB) probabilities for 2 classes & postmean_w
(amino acids refer to 1st sequence: Mcor.10458)

   1 M   0.99999 0.00001 ( 1)  0.466
   2 M   0.99999 0.00001 ( 1)  0.466
   3 S   0.99999 0.00001 ( 1)  0.466
   4 S   0.99999 0.00001 ( 1)  0.466
   5 E   0.99999 0.00001 ( 1)  0.466
   6 Y   0.99999 0.00001 ( 1)  0.466
   7 E   0.99999 0.00001 ( 1)  0.466
   8 S   0.99999 0.00001 ( 1)  0.466
   9 L   0.99999 0.00001 ( 1)  0.466
  10 R   0.99999 0.00001 ( 1)  0.466
  11 F   0.99999 0.00001 ( 1)  0.466
  12 A   0.99999 0.00001 ( 1)  0.466
  13 F   0.99999 0.00001 ( 1)  0.466
  14 C   0.99999 0.00001 ( 1)  0.466
  15 S   0.99999 0.00001 ( 1)  0.466
  16 E   0.99999 0.00001 ( 1)  0.466
  17 P   0.99999 0.00001 ( 1)  0.466
  18 E   0.99999 0.00001 ( 1)  0.466
  19 M   0.99999 0.00001 ( 1)  0.466
  20 Y   0.99999 0.00001 ( 1)  0.466
  21 F   0.99999 0.00001 ( 1)  0.466
  22 N   0.99999 0.00001 ( 1)  0.466
  23 N   0.99999 0.00001 ( 1)  0.466
  24 L   0.99999 0.00001 ( 1)  0.466
  25 R   0.99999 0.00001 ( 1)  0.466
  26 F   0.99999 0.00001 ( 1)  0.466
  27 E   0.99999 0.00001 ( 1)  0.466
  28 V   0.99999 0.00001 ( 1)  0.466
  29 Y   0.99999 0.00001 ( 1)  0.466
  30 S   0.99999 0.00001 ( 1)  0.466
  31 E   0.99999 0.00001 ( 1)  0.466
  32 D   0.99999 0.00001 ( 1)  0.466
  33 D   0.99999 0.00001 ( 1)  0.466
  34 S   0.99999 0.00001 ( 1)  0.466
  35 H   0.99999 0.00001 ( 1)  0.466
  36 D   0.99999 0.00001 ( 1)  0.466
  37 E   0.99999 0.00001 ( 1)  0.466
  38 E   0.99999 0.00001 ( 1)  0.466
  39 I   0.99999 0.00001 ( 1)  0.466
  40 L   0.99999 0.00001 ( 1)  0.466
  41 T   0.99999 0.00001 ( 1)  0.466
  42 M   0.99999 0.00001 ( 1)  0.466
  43 Y   0.99999 0.00001 ( 1)  0.466
  44 L   0.99999 0.00001 ( 1)  0.466
  45 L   0.99999 0.00001 ( 1)  0.466
  46 S   0.99999 0.00001 ( 1)  0.466
  47 Y   0.99999 0.00001 ( 1)  0.466
  48 S   0.99999 0.00001 ( 1)  0.466
  49 A   0.99999 0.00001 ( 1)  0.466
  50 S   0.99999 0.00001 ( 1)  0.466
  51 V   0.99999 0.00001 ( 1)  0.466
  52 N   0.99999 0.00001 ( 1)  0.466
  53 Y   0.99999 0.00001 ( 1)  0.466
  54 P   0.99999 0.00001 ( 1)  0.466
  55 G   0.99999 0.00001 ( 1)  0.466
  56 L   0.99999 0.00001 ( 1)  0.466
  57 R   0.99999 0.00001 ( 1)  0.466
  58 F   0.99999 0.00001 ( 1)  0.466
  59 A   0.99999 0.00001 ( 1)  0.466
  60 V   0.99999 0.00001 ( 1)  0.466
  61 Q   0.99999 0.00001 ( 1)  0.466
  62 K   0.99999 0.00001 ( 1)  0.466
  63 T   0.99999 0.00001 ( 1)  0.466
  64 L   0.99999 0.00001 ( 1)  0.466
  65 M   0.99999 0.00001 ( 1)  0.466
  66 D   0.99999 0.00001 ( 1)  0.466
  67 R   0.99999 0.00001 ( 1)  0.466
  68 R   0.99999 0.00001 ( 1)  0.466
  69 K   0.99999 0.00001 ( 1)  0.466
  70 P   0.99999 0.00001 ( 1)  0.466
  71 S   0.99999 0.00001 ( 1)  0.466
  72 G   0.99999 0.00001 ( 1)  0.466
  73 E   0.99999 0.00001 ( 1)  0.466
  74 V   0.99999 0.00001 ( 1)  0.466
  75 W   0.99999 0.00001 ( 1)  0.466
  76 R   0.99999 0.00001 ( 1)  0.466
  77 Q   0.99999 0.00001 ( 1)  0.466
  78 R   0.99999 0.00001 ( 1)  0.466
  79 I   0.99999 0.00001 ( 1)  0.466
  80 S   0.99999 0.00001 ( 1)  0.466
  81 L   0.99999 0.00001 ( 1)  0.466
  82 G   0.99999 0.00001 ( 1)  0.466
  83 P   0.99999 0.00001 ( 1)  0.466
  84 V   0.99999 0.00001 ( 1)  0.466
  85 F   0.99999 0.00001 ( 1)  0.466
  86 N   0.99999 0.00001 ( 1)  0.466
  87 S   0.99999 0.00001 ( 1)  0.466
  88 G   0.99999 0.00001 ( 1)  0.466
  89 Y   0.99999 0.00001 ( 1)  0.466
  90 A   0.99999 0.00001 ( 1)  0.466
  91 Y   0.99999 0.00001 ( 1)  0.466
  92 Q   0.99999 0.00001 ( 1)  0.466
  93 L   0.99999 0.00001 ( 1)  0.466
  94 D   0.99999 0.00001 ( 1)  0.466
  95 Q   0.99999 0.00001 ( 1)  0.466
  96 Q   0.99999 0.00001 ( 1)  0.466
  97 K   0.99999 0.00001 ( 1)  0.466
  98 P   0.99999 0.00001 ( 1)  0.466
  99 E   0.99999 0.00001 ( 1)  0.466
 100 P   0.99999 0.00001 ( 1)  0.466
 101 D   0.99999 0.00001 ( 1)  0.466
 102 A   0.99999 0.00001 ( 1)  0.466
 103 D   0.99999 0.00001 ( 1)  0.466
 104 C   0.99999 0.00001 ( 1)  0.466
 105 I   0.99999 0.00001 ( 1)  0.466
 106 V   0.99999 0.00001 ( 1)  0.466
 107 L   0.99999 0.00001 ( 1)  0.466
 108 T   0.99999 0.00001 ( 1)  0.466
 109 A   0.99999 0.00001 ( 1)  0.466
 110 E   0.99999 0.00001 ( 1)  0.466
 111 I   0.99999 0.00001 ( 1)  0.466
 112 Q   0.99999 0.00001 ( 1)  0.466
 113 L   0.99999 0.00001 ( 1)  0.466
 114 T   0.99999 0.00001 ( 1)  0.466
 115 S   0.99999 0.00001 ( 1)  0.466
 116 G   0.99999 0.00001 ( 1)  0.466
 117 R   0.99999 0.00001 ( 1)  0.466
 118 G   0.99999 0.00001 ( 1)  0.466
 119 A   0.99999 0.00001 ( 1)  0.466
 120 N   0.99999 0.00001 ( 1)  0.466
 121 V   0.99999 0.00001 ( 1)  0.466
 122 G   0.99999 0.00001 ( 1)  0.466
 123 S   0.99999 0.00001 ( 1)  0.466
 124 R   0.99999 0.00001 ( 1)  0.466
 125 H   0.99999 0.00001 ( 1)  0.466
 126 H   0.99999 0.00001 ( 1)  0.466
 127 V   0.99999 0.00001 ( 1)  0.466
 128 V   0.99999 0.00001 ( 1)  0.466
 129 A   0.99999 0.00001 ( 1)  0.466
 130 K   0.99999 0.00001 ( 1)  0.466
 131 A   0.99999 0.00001 ( 1)  0.466
 132 I   0.99999 0.00001 ( 1)  0.466
 133 I   0.99999 0.00001 ( 1)  0.466
 134 N   0.99999 0.00001 ( 1)  0.466
 135 D   0.99999 0.00001 ( 1)  0.466
 136 K   0.99999 0.00001 ( 1)  0.466
 137 I   0.99999 0.00001 ( 1)  0.466
 138 E   0.99999 0.00001 ( 1)  0.466
 139 I   0.99999 0.00001 ( 1)  0.466
 140 T   0.99999 0.00001 ( 1)  0.466
 141 K   0.99999 0.00001 ( 1)  0.466
 142 R   0.99999 0.00001 ( 1)  0.466
 143 T   0.99999 0.00001 ( 1)  0.466
 144 I   0.99999 0.00001 ( 1)  0.466
 145 I   0.99999 0.00001 ( 1)  0.466
 146 V   0.99999 0.00001 ( 1)  0.466
 147 V   0.99999 0.00001 ( 1)  0.466
 148 R   0.99999 0.00001 ( 1)  0.466
 149 E   0.99999 0.00001 ( 1)  0.466
 150 H   0.99999 0.00001 ( 1)  0.466
 151 P   0.99999 0.00001 ( 1)  0.466
 152 R   0.99999 0.00001 ( 1)  0.466
 153 P   0.99999 0.00001 ( 1)  0.466
 154 F   0.99999 0.00001 ( 1)  0.466
 155 L   0.99999 0.00001 ( 1)  0.466
 156 L   0.99999 0.00001 ( 1)  0.466
 157 V   0.99999 0.00001 ( 1)  0.466
 158 N   0.99999 0.00001 ( 1)  0.466
 159 L   0.99999 0.00001 ( 1)  0.466
 160 G   0.99999 0.00001 ( 1)  0.466
 161 L   0.99999 0.00001 ( 1)  0.466
 162 V   0.99999 0.00001 ( 1)  0.466
 163 S   0.99999 0.00001 ( 1)  0.466
 164 P   0.99999 0.00001 ( 1)  0.466
 165 P   0.99999 0.00001 ( 1)  0.466
 166 V   0.99999 0.00001 ( 1)  0.466
 167 V   0.99999 0.00001 ( 1)  0.466
 168 N   0.99999 0.00001 ( 1)  0.466
 169 V   0.99999 0.00001 ( 1)  0.466
 170 R   0.99999 0.00001 ( 1)  0.466


lnL = -1385.569298

