Supplemental results for CODEML (seqf: algn  treef: tree)


dN/dS (w) for site classes (K=8)

p:   0.12500  0.12500  0.12500  0.12500  0.12500  0.12500  0.12500  0.12500
w:   0.00000  0.00000  0.00000  0.00000  0.00000  0.88427  1.00000  1.00000

Naive Empirical Bayes (NEB) probabilities for 8 classes & postmean_w
(amino acids refer to 1st sequence: Mlig.27140)

   1 Q   0.12813 0.12813 0.12813 0.12813 0.12813 0.12043 0.11947 0.11947 ( 1)  0.345
   2 S   0.12789 0.12789 0.12789 0.12789 0.12789 0.12079 0.11989 0.11989 ( 1)  0.347
   3 I   0.12784 0.12784 0.12784 0.12784 0.12784 0.12086 0.11997 0.11997 ( 1)  0.347
   4 P   0.12782 0.12782 0.12782 0.12782 0.12782 0.12088 0.12000 0.12000 ( 1)  0.347
   5 T   0.12602 0.12602 0.12602 0.12602 0.12602 0.12351 0.12319 0.12319 ( 1)  0.356
   6 M   0.12893 0.12893 0.12893 0.12893 0.12893 0.11926 0.11805 0.11805 ( 5)  0.342
   7 A   0.12817 0.12817 0.12817 0.12817 0.12817 0.12037 0.11939 0.11939 ( 1)  0.345
   8 A   0.12625 0.12625 0.12625 0.12625 0.12625 0.12318 0.12279 0.12279 ( 1)  0.355
   9 F   0.12753 0.12753 0.12753 0.12753 0.12753 0.12131 0.12052 0.12052 ( 1)  0.348
  10 L   0.12529 0.12529 0.12529 0.12529 0.12529 0.12458 0.12449 0.12449 ( 1)  0.359
  11 D   0.12854 0.12854 0.12854 0.12854 0.12854 0.11982 0.11874 0.11874 ( 1)  0.343
  12 K   0.00000 0.00000 0.00000 0.00000 0.00000 0.30701 0.34649 0.34649 ( 7)  0.964
  13 Q   0.12813 0.12813 0.12813 0.12813 0.12813 0.12043 0.11947 0.11947 ( 1)  0.345
  14 R   0.12570 0.12570 0.12570 0.12570 0.12570 0.12398 0.12376 0.12376 ( 5)  0.357
  15 T   0.12727 0.12727 0.12727 0.12727 0.12727 0.12169 0.12098 0.12098 ( 1)  0.350
  16 N   0.12871 0.12871 0.12871 0.12871 0.12871 0.11958 0.11844 0.11844 ( 1)  0.343
  17 Q   0.12579 0.12579 0.12579 0.12579 0.12579 0.12384 0.12359 0.12359 ( 5)  0.357
  18 N   0.12651 0.12651 0.12651 0.12651 0.12651 0.12280 0.12233 0.12233 ( 1)  0.353
  19 N   0.12651 0.12651 0.12651 0.12651 0.12651 0.12280 0.12233 0.12233 ( 1)  0.353
  20 N   0.12651 0.12651 0.12651 0.12651 0.12651 0.12280 0.12233 0.12233 ( 1)  0.353
  21 N   0.12651 0.12651 0.12651 0.12651 0.12651 0.12280 0.12233 0.12233 ( 1)  0.353
  22 Y   0.12813 0.12813 0.12813 0.12813 0.12813 0.12042 0.11945 0.11945 ( 1)  0.345
  23 Y   0.12813 0.12813 0.12813 0.12813 0.12813 0.12042 0.11945 0.11945 ( 1)  0.345
  24 Y   0.12623 0.12623 0.12623 0.12623 0.12623 0.12322 0.12283 0.12283 ( 5)  0.355
  25 C   0.12754 0.12754 0.12754 0.12754 0.12754 0.12129 0.12050 0.12050 ( 1)  0.348
  26 D   0.12662 0.12662 0.12662 0.12662 0.12662 0.12265 0.12214 0.12214 ( 1)  0.353
  27 P   0.12782 0.12782 0.12782 0.12782 0.12782 0.12088 0.12000 0.12000 ( 1)  0.347
  28 E   0.12952 0.12952 0.12952 0.12952 0.12952 0.11838 0.11701 0.11701 ( 1)  0.339
  29 S   0.12637 0.12637 0.12637 0.12637 0.12637 0.12300 0.12256 0.12256 ( 1)  0.354
  30 H   0.00000 0.00000 0.00000 0.00000 0.00000 0.30803 0.34599 0.34599 ( 7)  0.964
  31 S   0.12851 0.12851 0.12851 0.12851 0.12851 0.11987 0.11879 0.11879 ( 1)  0.344
  32 A   0.12580 0.12580 0.12580 0.12580 0.12580 0.12383 0.12358 0.12358 ( 1)  0.357
  33 P   0.00000 0.00000 0.00000 0.00000 0.00000 0.30834 0.34583 0.34583 ( 7)  0.964
  34 Q   0.12813 0.12813 0.12813 0.12813 0.12813 0.12043 0.11947 0.11947 ( 1)  0.345
  35 L   0.12641 0.12641 0.12641 0.12641 0.12641 0.12294 0.12250 0.12250 ( 1)  0.354
  36 P   0.12782 0.12782 0.12782 0.12782 0.12782 0.12088 0.12000 0.12000 ( 1)  0.347
  37 M   0.12893 0.12893 0.12893 0.12893 0.12893 0.11926 0.11805 0.11805 ( 5)  0.342
  38 A   0.12580 0.12580 0.12580 0.12580 0.12580 0.12383 0.12358 0.12358 ( 1)  0.357
  39 T   0.12907 0.12907 0.12907 0.12907 0.12907 0.11906 0.11781 0.11781 ( 1)  0.341
  40 S   0.12789 0.12789 0.12789 0.12789 0.12789 0.12079 0.11989 0.11989 ( 1)  0.347
  41 F   0.12602 0.12602 0.12602 0.12602 0.12602 0.12351 0.12319 0.12319 ( 1)  0.356
  42 A   0.12817 0.12817 0.12817 0.12817 0.12817 0.12037 0.11939 0.11939 ( 1)  0.345
  43 A   0.00000 0.00000 0.00000 0.00000 0.00000 0.30866 0.34567 0.34567 ( 7)  0.964
  44 V   0.00000 0.00000 0.00000 0.00000 0.00000 0.28307 0.35846 0.35846 ( 7)  0.967
  45 D   0.12662 0.12662 0.12662 0.12662 0.12662 0.12265 0.12214 0.12214 ( 1)  0.353
  46 V   0.12665 0.12665 0.12665 0.12665 0.12665 0.12260 0.12208 0.12208 ( 5)  0.353
  47 S   0.00000 0.00000 0.00000 0.00000 0.00000 0.30784 0.34608 0.34608 ( 7)  0.964
  48 S   0.12851 0.12851 0.12851 0.12851 0.12851 0.11987 0.11879 0.11879 ( 1)  0.344
  49 S   0.12966 0.12966 0.12966 0.12966 0.12966 0.11817 0.11675 0.11675 ( 1)  0.338
  50 L   0.12925 0.12925 0.12925 0.12925 0.12925 0.11878 0.11749 0.11749 ( 1)  0.340
  51 D   0.12662 0.12662 0.12662 0.12662 0.12662 0.12265 0.12214 0.12214 ( 1)  0.353
  52 D   0.12854 0.12854 0.12854 0.12854 0.12854 0.11982 0.11874 0.11874 ( 1)  0.343
  53 S   0.12789 0.12789 0.12789 0.12789 0.12789 0.12079 0.11989 0.11989 ( 1)  0.347
  54 L   0.12856 0.12856 0.12856 0.12856 0.12856 0.11979 0.11870 0.11870 ( 1)  0.343
  55 L   0.12925 0.12925 0.12925 0.12925 0.12925 0.11878 0.11749 0.11749 ( 1)  0.340
  56 L   0.12925 0.12925 0.12925 0.12925 0.12925 0.11878 0.11749 0.11749 ( 1)  0.340
  57 P   0.12611 0.12611 0.12611 0.12611 0.12611 0.12339 0.12303 0.12303 ( 5)  0.355
  58 P   0.12880 0.12880 0.12880 0.12880 0.12880 0.11943 0.11827 0.11827 ( 1)  0.342
  59 D   0.12662 0.12662 0.12662 0.12662 0.12662 0.12265 0.12214 0.12214 ( 1)  0.353
  60 A   0.12817 0.12817 0.12817 0.12817 0.12817 0.12037 0.11939 0.11939 ( 1)  0.345
  61 F   0.12753 0.12753 0.12753 0.12753 0.12753 0.12131 0.12052 0.12052 ( 1)  0.348
  62 L   0.12925 0.12925 0.12925 0.12925 0.12925 0.11878 0.11749 0.11749 ( 1)  0.340
  63 P   0.12880 0.12880 0.12880 0.12880 0.12880 0.11943 0.11827 0.11827 ( 1)  0.342
  64 S   0.12966 0.12966 0.12966 0.12966 0.12966 0.11817 0.11675 0.11675 ( 1)  0.338
  65 A   0.12625 0.12625 0.12625 0.12625 0.12625 0.12318 0.12279 0.12279 ( 1)  0.355
  66 A   0.12817 0.12817 0.12817 0.12817 0.12817 0.12037 0.11939 0.11939 ( 1)  0.345
  67 A   0.12625 0.12625 0.12625 0.12625 0.12625 0.12318 0.12279 0.12279 ( 1)  0.355
  68 A   0.12927 0.12927 0.12927 0.12927 0.12927 0.11875 0.11746 0.11746 ( 1)  0.340
  69 A   0.12927 0.12927 0.12927 0.12927 0.12927 0.11875 0.11746 0.11746 ( 1)  0.340
  70 P   0.12880 0.12880 0.12880 0.12880 0.12880 0.11943 0.11827 0.11827 ( 1)  0.342
  71 H   0.12810 0.12810 0.12810 0.12810 0.12810 0.12048 0.11952 0.11952 ( 1)  0.346
  72 S   0.12966 0.12966 0.12966 0.12966 0.12966 0.11817 0.11675 0.11675 ( 1)  0.338
  73 V   0.12665 0.12665 0.12665 0.12665 0.12665 0.12260 0.12208 0.12208 ( 5)  0.353
  74 R   0.12934 0.12934 0.12934 0.12934 0.12934 0.11864 0.11732 0.11732 ( 1)  0.340
  75 F   0.12602 0.12602 0.12602 0.12602 0.12602 0.12351 0.12319 0.12319 ( 1)  0.356
  76 V   0.12920 0.12920 0.12920 0.12920 0.12920 0.11886 0.11758 0.11758 ( 5)  0.340
  77 P   0.12611 0.12611 0.12611 0.12611 0.12611 0.12339 0.12303 0.12303 ( 5)  0.355
  78 A   0.12817 0.12817 0.12817 0.12817 0.12817 0.12037 0.11939 0.11939 ( 1)  0.345
  79 D   0.12854 0.12854 0.12854 0.12854 0.12854 0.11982 0.11874 0.11874 ( 1)  0.343
  80 A   0.12817 0.12817 0.12817 0.12817 0.12817 0.12037 0.11939 0.11939 ( 1)  0.345
  81 P   0.12611 0.12611 0.12611 0.12611 0.12611 0.12339 0.12303 0.12303 ( 5)  0.355
  82 P   0.12611 0.12611 0.12611 0.12611 0.12611 0.12339 0.12303 0.12303 ( 5)  0.355
  83 A   0.12927 0.12927 0.12927 0.12927 0.12927 0.11875 0.11746 0.11746 ( 1)  0.340
  84 A   0.12927 0.12927 0.12927 0.12927 0.12927 0.11875 0.11746 0.11746 ( 1)  0.340
  85 A   0.12625 0.12625 0.12625 0.12625 0.12625 0.12318 0.12279 0.12279 ( 1)  0.355
  86 P   0.12880 0.12880 0.12880 0.12880 0.12880 0.11943 0.11827 0.11827 ( 1)  0.342
  87 C   0.12754 0.12754 0.12754 0.12754 0.12754 0.12129 0.12050 0.12050 ( 1)  0.348
  88 R   0.12826 0.12826 0.12826 0.12826 0.12826 0.12024 0.11924 0.11924 ( 5)  0.345
  89 S   0.12851 0.12851 0.12851 0.12851 0.12851 0.11987 0.11879 0.11879 ( 1)  0.344
  90 C   0.12754 0.12754 0.12754 0.12754 0.12754 0.12129 0.12050 0.12050 ( 1)  0.348
  91 R   0.12934 0.12934 0.12934 0.12934 0.12934 0.11864 0.11732 0.11732 ( 1)  0.340
  92 Q   0.12813 0.12813 0.12813 0.12813 0.12813 0.12043 0.11947 0.11947 ( 1)  0.345
  93 L   0.12847 0.12847 0.12847 0.12847 0.12847 0.11992 0.11886 0.11886 ( 1)  0.344
  94 E   0.12952 0.12952 0.12952 0.12952 0.12952 0.11838 0.11701 0.11701 ( 1)  0.339
  95 R   0.12826 0.12826 0.12826 0.12826 0.12826 0.12024 0.11924 0.11924 ( 5)  0.345
  96 D   0.12854 0.12854 0.12854 0.12854 0.12854 0.11982 0.11874 0.11874 ( 1)  0.343
  97 L   0.12856 0.12856 0.12856 0.12856 0.12856 0.11979 0.11870 0.11870 ( 1)  0.343
  98 A   0.12817 0.12817 0.12817 0.12817 0.12817 0.12037 0.11939 0.11939 ( 1)  0.345
  99 R   0.12934 0.12934 0.12934 0.12934 0.12934 0.11864 0.11732 0.11732 ( 1)  0.340
 100 Q   0.12749 0.12749 0.12749 0.12749 0.12749 0.12137 0.12060 0.12060 ( 1)  0.349
 101 R   0.12628 0.12628 0.12628 0.12628 0.12628 0.12314 0.12274 0.12274 ( 5)  0.354
 102 R   0.12570 0.12570 0.12570 0.12570 0.12570 0.12398 0.12376 0.12376 ( 5)  0.357
 103 E   0.12952 0.12952 0.12952 0.12952 0.12952 0.11838 0.11701 0.11701 ( 1)  0.339
 104 L   0.12641 0.12641 0.12641 0.12641 0.12641 0.12294 0.12250 0.12250 ( 1)  0.354
 105 E   0.12952 0.12952 0.12952 0.12952 0.12952 0.11838 0.11701 0.11701 ( 1)  0.339
 106 R   0.12934 0.12934 0.12934 0.12934 0.12934 0.11864 0.11732 0.11732 ( 1)  0.340
 107 L   0.12925 0.12925 0.12925 0.12925 0.12925 0.11878 0.11749 0.11749 ( 1)  0.340
 108 R   0.12934 0.12934 0.12934 0.12934 0.12934 0.11864 0.11732 0.11732 ( 1)  0.340
 109 R   0.12934 0.12934 0.12934 0.12934 0.12934 0.11864 0.11732 0.11732 ( 1)  0.340
 110 Q   0.12813 0.12813 0.12813 0.12813 0.12813 0.12043 0.11947 0.11947 ( 1)  0.345
 111 Q   0.12813 0.12813 0.12813 0.12813 0.12813 0.12043 0.11947 0.11947 ( 1)  0.345
 112 L   0.12925 0.12925 0.12925 0.12925 0.12925 0.11878 0.11749 0.11749 ( 1)  0.340
 113 E   0.12952 0.12952 0.12952 0.12952 0.12952 0.11838 0.11701 0.11701 ( 1)  0.339
 114 T   0.13048 0.13048 0.13048 0.13048 0.13048 0.11697 0.11531 0.11531 ( 1)  0.334
 115 Q   0.12813 0.12813 0.12813 0.12813 0.12813 0.12043 0.11947 0.11947 ( 1)  0.345
 116 S   0.12789 0.12789 0.12789 0.12789 0.12789 0.12079 0.11989 0.11989 ( 1)  0.347
 117 L   0.12925 0.12925 0.12925 0.12925 0.12925 0.11878 0.11749 0.11749 ( 1)  0.340
 118 L   0.12925 0.12925 0.12925 0.12925 0.12925 0.11878 0.11749 0.11749 ( 1)  0.340
 119 D   0.12662 0.12662 0.12662 0.12662 0.12662 0.12265 0.12214 0.12214 ( 1)  0.353
 120 Q   0.12813 0.12813 0.12813 0.12813 0.12813 0.12043 0.11947 0.11947 ( 1)  0.345
 121 E   0.12952 0.12952 0.12952 0.12952 0.12952 0.11838 0.11701 0.11701 ( 1)  0.339
 122 R   0.12871 0.12871 0.12871 0.12871 0.12871 0.11958 0.11844 0.11844 ( 1)  0.343
 123 Q   0.12813 0.12813 0.12813 0.12813 0.12813 0.12043 0.11947 0.11947 ( 1)  0.345
 124 Q   0.12813 0.12813 0.12813 0.12813 0.12813 0.12043 0.11947 0.11947 ( 1)  0.345
 125 R   0.12934 0.12934 0.12934 0.12934 0.12934 0.11864 0.11732 0.11732 ( 1)  0.340
 126 M   0.12893 0.12893 0.12893 0.12893 0.12893 0.11926 0.11805 0.11805 ( 5)  0.342
 127 E   0.12952 0.12952 0.12952 0.12952 0.12952 0.11838 0.11701 0.11701 ( 1)  0.339
 128 L   0.12925 0.12925 0.12925 0.12925 0.12925 0.11878 0.11749 0.11749 ( 1)  0.340
 129 A   0.12625 0.12625 0.12625 0.12625 0.12625 0.12318 0.12279 0.12279 ( 1)  0.355
 130 E   0.12952 0.12952 0.12952 0.12952 0.12952 0.11838 0.11701 0.11701 ( 1)  0.339
 131 P   0.12571 0.12571 0.12571 0.12571 0.12571 0.12396 0.12374 0.12374 ( 5)  0.357
 132 T   0.13048 0.13048 0.13048 0.13048 0.13048 0.11697 0.11531 0.11531 ( 1)  0.334
 133 L   0.00000 0.00000 0.00000 0.00000 0.00000 0.30861 0.34570 0.34570 ( 7)  0.964
 134 R   0.12934 0.12934 0.12934 0.12934 0.12934 0.11864 0.11732 0.11732 ( 1)  0.340
 135 D   0.12854 0.12854 0.12854 0.12854 0.12854 0.11982 0.11874 0.11874 ( 1)  0.343
 136 W   0.12750 0.12750 0.12750 0.12750 0.12750 0.12135 0.12057 0.12057 ( 1)  0.348
 137 D   0.12694 0.12694 0.12694 0.12694 0.12694 0.12217 0.12156 0.12156 ( 1)  0.351
 138 D   0.12854 0.12854 0.12854 0.12854 0.12854 0.11982 0.11874 0.11874 ( 1)  0.343
 139 S   0.12617 0.12617 0.12617 0.12617 0.12617 0.12330 0.12293 0.12293 ( 5)  0.355
 140 R   0.12826 0.12826 0.12826 0.12826 0.12826 0.12024 0.11924 0.11924 ( 5)  0.345
 141 D   0.12854 0.12854 0.12854 0.12854 0.12854 0.11982 0.11874 0.11874 ( 1)  0.343
 142 A   0.12817 0.12817 0.12817 0.12817 0.12817 0.12037 0.11939 0.11939 ( 1)  0.345
 143 L   0.12925 0.12925 0.12925 0.12925 0.12925 0.11878 0.11749 0.11749 ( 1)  0.340
 144 A   0.12817 0.12817 0.12817 0.12817 0.12817 0.12037 0.11939 0.11939 ( 1)  0.345
 145 T   0.12907 0.12907 0.12907 0.12907 0.12907 0.11906 0.11781 0.11781 ( 1)  0.341
 146 R   0.12572 0.12572 0.12572 0.12572 0.12572 0.12395 0.12372 0.12372 ( 5)  0.357
 147 A   0.12817 0.12817 0.12817 0.12817 0.12817 0.12037 0.11939 0.11939 ( 1)  0.345
 148 A   0.12817 0.12817 0.12817 0.12817 0.12817 0.12037 0.11939 0.11939 ( 1)  0.345
 149 Q   0.12813 0.12813 0.12813 0.12813 0.12813 0.12043 0.11947 0.11947 ( 1)  0.345
 150 L   0.12640 0.12640 0.12640 0.12640 0.12640 0.12297 0.12252 0.12252 ( 1)  0.354
 151 E   0.12952 0.12952 0.12952 0.12952 0.12952 0.11838 0.11701 0.11701 ( 1)  0.339
 152 A   0.12625 0.12625 0.12625 0.12625 0.12625 0.12318 0.12279 0.12279 ( 1)  0.355
 153 E   0.12611 0.12611 0.12611 0.12611 0.12611 0.12339 0.12304 0.12304 ( 1)  0.355
 154 N   0.12871 0.12871 0.12871 0.12871 0.12871 0.11958 0.11844 0.11844 ( 1)  0.343
 155 E   0.12611 0.12611 0.12611 0.12611 0.12611 0.12339 0.12304 0.12304 ( 1)  0.355
 156 R   0.12826 0.12826 0.12826 0.12826 0.12826 0.12024 0.11924 0.11924 ( 5)  0.345
 157 L   0.12640 0.12640 0.12640 0.12640 0.12640 0.12297 0.12252 0.12252 ( 1)  0.354
 158 R   0.12570 0.12570 0.12570 0.12570 0.12570 0.12398 0.12376 0.12376 ( 5)  0.357
 159 A   0.12817 0.12817 0.12817 0.12817 0.12817 0.12037 0.11939 0.11939 ( 1)  0.345
 160 D   0.12854 0.12854 0.12854 0.12854 0.12854 0.11982 0.11874 0.11874 ( 1)  0.343
 161 A   0.12625 0.12625 0.12625 0.12625 0.12625 0.12318 0.12279 0.12279 ( 1)  0.355
 162 E   0.12952 0.12952 0.12952 0.12952 0.12952 0.11838 0.11701 0.11701 ( 1)  0.339
 163 L   0.12640 0.12640 0.12640 0.12640 0.12640 0.12297 0.12252 0.12252 ( 1)  0.354
 164 R   0.12934 0.12934 0.12934 0.12934 0.12934 0.11864 0.11732 0.11732 ( 1)  0.340
 165 E   0.12611 0.12611 0.12611 0.12611 0.12611 0.12339 0.12304 0.12304 ( 1)  0.355
 166 R   0.12826 0.12826 0.12826 0.12826 0.12826 0.12024 0.11924 0.11924 ( 5)  0.345
 167 R   0.12934 0.12934 0.12934 0.12934 0.12934 0.11864 0.11732 0.11732 ( 1)  0.340
 168 L   0.12925 0.12925 0.12925 0.12925 0.12925 0.11878 0.11749 0.11749 ( 1)  0.340
 169 A   0.12817 0.12817 0.12817 0.12817 0.12817 0.12037 0.11939 0.11939 ( 1)  0.345
 170 L   0.12925 0.12925 0.12925 0.12925 0.12925 0.11878 0.11749 0.11749 ( 1)  0.340
 171 Q   0.12813 0.12813 0.12813 0.12813 0.12813 0.12043 0.11947 0.11947 ( 1)  0.345
 172 S   0.12851 0.12851 0.12851 0.12851 0.12851 0.11987 0.11879 0.11879 ( 1)  0.344
 173 E   0.12952 0.12952 0.12952 0.12952 0.12952 0.11838 0.11701 0.11701 ( 1)  0.339
 174 L   0.12925 0.12925 0.12925 0.12925 0.12925 0.11878 0.11749 0.11749 ( 1)  0.340
 175 L   0.12640 0.12640 0.12640 0.12640 0.12640 0.12297 0.12252 0.12252 ( 1)  0.354
 176 A   0.12817 0.12817 0.12817 0.12817 0.12817 0.12037 0.11939 0.11939 ( 1)  0.345
 177 E   0.12952 0.12952 0.12952 0.12952 0.12952 0.11838 0.11701 0.11701 ( 1)  0.339
 178 P   0.12782 0.12782 0.12782 0.12782 0.12782 0.12088 0.12000 0.12000 ( 1)  0.347
 179 S   0.12789 0.12789 0.12789 0.12789 0.12789 0.12079 0.11989 0.11989 ( 1)  0.347
 180 A   0.12625 0.12625 0.12625 0.12625 0.12625 0.12318 0.12279 0.12279 ( 1)  0.355
 181 G   0.12882 0.12882 0.12882 0.12882 0.12882 0.11942 0.11825 0.11825 ( 5)  0.342
 182 G   0.12882 0.12882 0.12882 0.12882 0.12882 0.11942 0.11825 0.11825 ( 5)  0.342
 183 E   0.12952 0.12952 0.12952 0.12952 0.12952 0.11838 0.11701 0.11701 ( 1)  0.339
 184 A   0.12625 0.12625 0.12625 0.12625 0.12625 0.12318 0.12279 0.12279 ( 1)  0.355
 185 A   0.12927 0.12927 0.12927 0.12927 0.12927 0.11875 0.11746 0.11746 ( 1)  0.340
 186 A   0.12817 0.12817 0.12817 0.12817 0.12817 0.12037 0.11939 0.11939 ( 1)  0.345
 187 W   0.12750 0.12750 0.12750 0.12750 0.12750 0.12135 0.12057 0.12057 ( 1)  0.348
 188 R   0.12871 0.12871 0.12871 0.12871 0.12871 0.11958 0.11844 0.11844 ( 1)  0.343
 189 P   0.12782 0.12782 0.12782 0.12782 0.12782 0.12088 0.12000 0.12000 ( 1)  0.347
 190 R   0.12934 0.12934 0.12934 0.12934 0.12934 0.11864 0.11732 0.11732 ( 1)  0.340
 191 L   0.12925 0.12925 0.12925 0.12925 0.12925 0.11878 0.11749 0.11749 ( 1)  0.340
 192 Y   0.12813 0.12813 0.12813 0.12813 0.12813 0.12042 0.11945 0.11945 ( 1)  0.345
 193 K   0.12988 0.12988 0.12988 0.12988 0.12988 0.11785 0.11636 0.11636 ( 1)  0.337
 194 A   0.12927 0.12927 0.12927 0.12927 0.12927 0.11875 0.11746 0.11746 ( 1)  0.340
 195 L   0.12925 0.12925 0.12925 0.12925 0.12925 0.11878 0.11749 0.11749 ( 1)  0.340
 196 V   0.13065 0.13065 0.13065 0.13065 0.13065 0.11671 0.11501 0.11501 ( 1)  0.333
 197 Q   0.12813 0.12813 0.12813 0.12813 0.12813 0.12043 0.11947 0.11947 ( 1)  0.345
 198 A   0.12817 0.12817 0.12817 0.12817 0.12817 0.12037 0.11939 0.11939 ( 1)  0.345
 199 E   0.12952 0.12952 0.12952 0.12952 0.12952 0.11838 0.11701 0.11701 ( 1)  0.339
 200 A   0.12625 0.12625 0.12625 0.12625 0.12625 0.12318 0.12279 0.12279 ( 1)  0.355
 201 E   0.12952 0.12952 0.12952 0.12952 0.12952 0.11838 0.11701 0.11701 ( 1)  0.339
 202 R   0.12826 0.12826 0.12826 0.12826 0.12826 0.12024 0.11924 0.11924 ( 5)  0.345
 203 W   0.12750 0.12750 0.12750 0.12750 0.12750 0.12135 0.12057 0.12057 ( 1)  0.348
 204 A   0.12927 0.12927 0.12927 0.12927 0.12927 0.11875 0.11746 0.11746 ( 1)  0.340
 205 H   0.12763 0.12763 0.12763 0.12763 0.12763 0.12116 0.12035 0.12035 ( 5)  0.348
 206 D   0.12854 0.12854 0.12854 0.12854 0.12854 0.11982 0.11874 0.11874 ( 1)  0.343
 207 R   0.12572 0.12572 0.12572 0.12572 0.12572 0.12395 0.12372 0.12372 ( 5)  0.357
 208 Q   0.12813 0.12813 0.12813 0.12813 0.12813 0.12043 0.11947 0.11947 ( 1)  0.345
 209 L   0.12925 0.12925 0.12925 0.12925 0.12925 0.11878 0.11749 0.11749 ( 1)  0.340
 210 R   0.12572 0.12572 0.12572 0.12572 0.12572 0.12395 0.12372 0.12372 ( 5)  0.357
 211 Q   0.12813 0.12813 0.12813 0.12813 0.12813 0.12043 0.11947 0.11947 ( 1)  0.345
 212 T   0.13048 0.13048 0.13048 0.13048 0.13048 0.11697 0.11531 0.11531 ( 1)  0.334
 213 E   0.12952 0.12952 0.12952 0.12952 0.12952 0.11838 0.11701 0.11701 ( 1)  0.339
 214 A   0.12817 0.12817 0.12817 0.12817 0.12817 0.12037 0.11939 0.11939 ( 1)  0.345
 215 E   0.12611 0.12611 0.12611 0.12611 0.12611 0.12339 0.12304 0.12304 ( 1)  0.355
 216 A   0.12817 0.12817 0.12817 0.12817 0.12817 0.12037 0.11939 0.11939 ( 1)  0.345
 217 E   0.12952 0.12952 0.12952 0.12952 0.12952 0.11838 0.11701 0.11701 ( 1)  0.339
 218 A   0.12817 0.12817 0.12817 0.12817 0.12817 0.12037 0.11939 0.11939 ( 1)  0.345
 219 A   0.12580 0.12580 0.12580 0.12580 0.12580 0.12383 0.12358 0.12358 ( 1)  0.357
 220 V   0.12665 0.12665 0.12665 0.12665 0.12665 0.12260 0.12208 0.12208 ( 5)  0.353
 221 S   0.12851 0.12851 0.12851 0.12851 0.12851 0.11987 0.11879 0.11879 ( 1)  0.344
 222 D   0.12694 0.12694 0.12694 0.12694 0.12694 0.12217 0.12156 0.12156 ( 1)  0.351
 223 L   0.12640 0.12640 0.12640 0.12640 0.12640 0.12297 0.12252 0.12252 ( 1)  0.354
 224 R   0.12826 0.12826 0.12826 0.12826 0.12826 0.12024 0.11924 0.11924 ( 5)  0.345
 225 R   0.12826 0.12826 0.12826 0.12826 0.12826 0.12024 0.11924 0.11924 ( 5)  0.345
 226 R   0.12826 0.12826 0.12826 0.12826 0.12826 0.12024 0.11924 0.11924 ( 5)  0.345
 227 L   0.12579 0.12579 0.12579 0.12579 0.12579 0.12385 0.12359 0.12359 ( 1)  0.357
 228 D   0.12854 0.12854 0.12854 0.12854 0.12854 0.11982 0.11874 0.11874 ( 1)  0.343
 229 E   0.12952 0.12952 0.12952 0.12952 0.12952 0.11838 0.11701 0.11701 ( 1)  0.339
 230 A   0.12927 0.12927 0.12927 0.12927 0.12927 0.11875 0.11746 0.11746 ( 1)  0.340
 231 E   0.12952 0.12952 0.12952 0.12952 0.12952 0.11838 0.11701 0.11701 ( 1)  0.339
 232 A   0.12927 0.12927 0.12927 0.12927 0.12927 0.11875 0.11746 0.11746 ( 1)  0.340
 233 R   0.12826 0.12826 0.12826 0.12826 0.12826 0.12024 0.11924 0.11924 ( 5)  0.345
 234 A   0.12625 0.12625 0.12625 0.12625 0.12625 0.12318 0.12279 0.12279 ( 1)  0.355
 235 A   0.12927 0.12927 0.12927 0.12927 0.12927 0.11875 0.11746 0.11746 ( 1)  0.340
 236 A   0.12817 0.12817 0.12817 0.12817 0.12817 0.12037 0.11939 0.11939 ( 1)  0.345
 237 A   0.12817 0.12817 0.12817 0.12817 0.12817 0.12037 0.11939 0.11939 ( 1)  0.345
 238 E   0.12952 0.12952 0.12952 0.12952 0.12952 0.11838 0.11701 0.11701 ( 1)  0.339
 239 R   0.12826 0.12826 0.12826 0.12826 0.12826 0.12024 0.11924 0.11924 ( 5)  0.345
 240 K   0.12988 0.12988 0.12988 0.12988 0.12988 0.11785 0.11636 0.11636 ( 1)  0.337
 241 L   0.12925 0.12925 0.12925 0.12925 0.12925 0.11878 0.11749 0.11749 ( 1)  0.340
 242 A   0.12817 0.12817 0.12817 0.12817 0.12817 0.12037 0.11939 0.11939 ( 1)  0.345
 243 A   0.12625 0.12625 0.12625 0.12625 0.12625 0.12318 0.12279 0.12279 ( 1)  0.355
 244 A   0.12927 0.12927 0.12927 0.12927 0.12927 0.11875 0.11746 0.11746 ( 1)  0.340
 245 D   0.12854 0.12854 0.12854 0.12854 0.12854 0.11982 0.11874 0.11874 ( 1)  0.343
 246 R   0.12934 0.12934 0.12934 0.12934 0.12934 0.11864 0.11732 0.11732 ( 1)  0.340
 247 L   0.12925 0.12925 0.12925 0.12925 0.12925 0.11878 0.11749 0.11749 ( 1)  0.340
 248 A   0.12927 0.12927 0.12927 0.12927 0.12927 0.11875 0.11746 0.11746 ( 1)  0.340
 249 E   0.12952 0.12952 0.12952 0.12952 0.12952 0.11838 0.11701 0.11701 ( 1)  0.339
 250 R   0.12934 0.12934 0.12934 0.12934 0.12934 0.11864 0.11732 0.11732 ( 1)  0.340
 251 L   0.12640 0.12640 0.12640 0.12640 0.12640 0.12297 0.12252 0.12252 ( 1)  0.354
 252 Q   0.12813 0.12813 0.12813 0.12813 0.12813 0.12043 0.11947 0.11947 ( 1)  0.345
 253 S   0.12966 0.12966 0.12966 0.12966 0.12966 0.11817 0.11675 0.11675 ( 1)  0.338
 254 D   0.12854 0.12854 0.12854 0.12854 0.12854 0.11982 0.11874 0.11874 ( 1)  0.343
 255 A   0.12817 0.12817 0.12817 0.12817 0.12817 0.12037 0.11939 0.11939 ( 1)  0.345
 256 R   0.12934 0.12934 0.12934 0.12934 0.12934 0.11864 0.11732 0.11732 ( 1)  0.340
 257 R   0.12628 0.12628 0.12628 0.12628 0.12628 0.12314 0.12274 0.12274 ( 5)  0.354
 258 L   0.12925 0.12925 0.12925 0.12925 0.12925 0.11878 0.11749 0.11749 ( 1)  0.340
 259 A   0.12580 0.12580 0.12580 0.12580 0.12580 0.12383 0.12358 0.12358 ( 1)  0.357
 260 E   0.12952 0.12952 0.12952 0.12952 0.12952 0.11838 0.11701 0.11701 ( 1)  0.339
 261 R   0.12628 0.12628 0.12628 0.12628 0.12628 0.12314 0.12274 0.12274 ( 5)  0.354
 262 R   0.12934 0.12934 0.12934 0.12934 0.12934 0.11864 0.11732 0.11732 ( 1)  0.340
 263 A   0.12927 0.12927 0.12927 0.12927 0.12927 0.11875 0.11746 0.11746 ( 1)  0.340
 264 R   0.12570 0.12570 0.12570 0.12570 0.12570 0.12398 0.12376 0.12376 ( 5)  0.357
 265 E   0.12952 0.12952 0.12952 0.12952 0.12952 0.11838 0.11701 0.11701 ( 1)  0.339
 266 A   0.12927 0.12927 0.12927 0.12927 0.12927 0.11875 0.11746 0.11746 ( 1)  0.340
 267 S   0.12789 0.12789 0.12789 0.12789 0.12789 0.12079 0.11989 0.11989 ( 1)  0.347
 268 E   0.12611 0.12611 0.12611 0.12611 0.12611 0.12339 0.12304 0.12304 ( 1)  0.355
 269 A   0.12927 0.12927 0.12927 0.12927 0.12927 0.11875 0.11746 0.11746 ( 1)  0.340
 270 A   0.12817 0.12817 0.12817 0.12817 0.12817 0.12037 0.11939 0.11939 ( 1)  0.345
 271 E   0.12952 0.12952 0.12952 0.12952 0.12952 0.11838 0.11701 0.11701 ( 1)  0.339
 272 A   0.12625 0.12625 0.12625 0.12625 0.12625 0.12318 0.12279 0.12279 ( 1)  0.355
 273 V   0.12665 0.12665 0.12665 0.12665 0.12665 0.12260 0.12208 0.12208 ( 5)  0.353
 274 E   0.00000 0.00000 0.00000 0.00000 0.00000 0.30710 0.34645 0.34645 ( 7)  0.964
 275 S   0.12966 0.12966 0.12966 0.12966 0.12966 0.11817 0.11675 0.11675 ( 1)  0.338
 276 A   0.12817 0.12817 0.12817 0.12817 0.12817 0.12037 0.11939 0.11939 ( 1)  0.345
 277 R   0.12871 0.12871 0.12871 0.12871 0.12871 0.11958 0.11844 0.11844 ( 1)  0.343
 278 A   0.12580 0.12580 0.12580 0.12580 0.12580 0.12383 0.12358 0.12358 ( 1)  0.357
 279 A   0.12817 0.12817 0.12817 0.12817 0.12817 0.12037 0.11939 0.11939 ( 1)  0.345
 280 F   0.12753 0.12753 0.12753 0.12753 0.12753 0.12131 0.12052 0.12052 ( 1)  0.348
 281 E   0.12611 0.12611 0.12611 0.12611 0.12611 0.12339 0.12304 0.12304 ( 1)  0.355
 282 S   0.12637 0.12637 0.12637 0.12637 0.12637 0.12300 0.12256 0.12256 ( 1)  0.354
 283 A   0.12927 0.12927 0.12927 0.12927 0.12927 0.11875 0.11746 0.11746 ( 1)  0.340
 284 A   0.12817 0.12817 0.12817 0.12817 0.12817 0.12037 0.11939 0.11939 ( 1)  0.345
 285 G   0.13014 0.13014 0.13014 0.13014 0.13014 0.11746 0.11592 0.11592 ( 1)  0.336
 286 L   0.12925 0.12925 0.12925 0.12925 0.12925 0.11878 0.11749 0.11749 ( 1)  0.340
 287 W   0.12750 0.12750 0.12750 0.12750 0.12750 0.12135 0.12057 0.12057 ( 1)  0.348
 288 M   0.12893 0.12893 0.12893 0.12893 0.12893 0.11926 0.11805 0.11805 ( 5)  0.342
 289 E   0.12952 0.12952 0.12952 0.12952 0.12952 0.11838 0.11701 0.11701 ( 1)  0.339
 290 R   0.12826 0.12826 0.12826 0.12826 0.12826 0.12024 0.11924 0.11924 ( 5)  0.345
 291 L   0.12925 0.12925 0.12925 0.12925 0.12925 0.11878 0.11749 0.11749 ( 1)  0.340
 292 T   0.00000 0.00000 0.00000 0.00000 0.00000 0.30866 0.34567 0.34567 ( 7)  0.964
 293 D   0.12854 0.12854 0.12854 0.12854 0.12854 0.11982 0.11874 0.11874 ( 1)  0.343
 294 M   0.12893 0.12893 0.12893 0.12893 0.12893 0.11926 0.11805 0.11805 ( 5)  0.342
 295 E   0.12952 0.12952 0.12952 0.12952 0.12952 0.11838 0.11701 0.11701 ( 1)  0.339
 296 G   0.13014 0.13014 0.13014 0.13014 0.13014 0.11746 0.11592 0.11592 ( 1)  0.336
 297 R   0.12826 0.12826 0.12826 0.12826 0.12826 0.12024 0.11924 0.11924 ( 5)  0.345
 298 L   0.12856 0.12856 0.12856 0.12856 0.12856 0.11979 0.11870 0.11870 ( 1)  0.343
 299 G   0.12882 0.12882 0.12882 0.12882 0.12882 0.11942 0.11825 0.11825 ( 5)  0.342
 300 R   0.12826 0.12826 0.12826 0.12826 0.12826 0.12024 0.11924 0.11924 ( 5)  0.345
 301 L   0.12925 0.12925 0.12925 0.12925 0.12925 0.11878 0.11749 0.11749 ( 1)  0.340
 302 A   0.12817 0.12817 0.12817 0.12817 0.12817 0.12037 0.11939 0.11939 ( 1)  0.345
 303 D   0.12854 0.12854 0.12854 0.12854 0.12854 0.11982 0.11874 0.11874 ( 1)  0.343
 304 T   0.12907 0.12907 0.12907 0.12907 0.12907 0.11906 0.11781 0.11781 ( 1)  0.341
 305 T   0.12907 0.12907 0.12907 0.12907 0.12907 0.11906 0.11781 0.11781 ( 1)  0.341
 306 D   0.12854 0.12854 0.12854 0.12854 0.12854 0.11982 0.11874 0.11874 ( 1)  0.343
 307 Q   0.12813 0.12813 0.12813 0.12813 0.12813 0.12043 0.11947 0.11947 ( 1)  0.345
 308 L   0.12925 0.12925 0.12925 0.12925 0.12925 0.11878 0.11749 0.11749 ( 1)  0.340
 309 A   0.12796 0.12796 0.12796 0.12796 0.12796 0.12067 0.11976 0.11976 ( 1)  0.346
 310 A   0.12927 0.12927 0.12927 0.12927 0.12927 0.11875 0.11746 0.11746 ( 1)  0.340
 311 S   0.12851 0.12851 0.12851 0.12851 0.12851 0.11987 0.11879 0.11879 ( 1)  0.344
 312 E   0.12952 0.12952 0.12952 0.12952 0.12952 0.11838 0.11701 0.11701 ( 1)  0.339
 313 K   0.12988 0.12988 0.12988 0.12988 0.12988 0.11785 0.11636 0.11636 ( 1)  0.337
 314 L   0.12925 0.12925 0.12925 0.12925 0.12925 0.11878 0.11749 0.11749 ( 1)  0.340
 315 S   0.12851 0.12851 0.12851 0.12851 0.12851 0.11987 0.11879 0.11879 ( 1)  0.344
 316 E   0.12705 0.12705 0.12705 0.12705 0.12705 0.12201 0.12137 0.12137 ( 1)  0.351
 317 L   0.12856 0.12856 0.12856 0.12856 0.12856 0.11979 0.11870 0.11870 ( 1)  0.343
 318 S   0.12851 0.12851 0.12851 0.12851 0.12851 0.11987 0.11879 0.11879 ( 1)  0.344
 319 S   0.12966 0.12966 0.12966 0.12966 0.12966 0.11817 0.11675 0.11675 ( 1)  0.338
 320 V   0.13065 0.13065 0.13065 0.13065 0.13065 0.11671 0.11501 0.11501 ( 1)  0.333
 321 S   0.12851 0.12851 0.12851 0.12851 0.12851 0.11987 0.11879 0.11879 ( 1)  0.344
 322 E   0.12952 0.12952 0.12952 0.12952 0.12952 0.11838 0.11701 0.11701 ( 1)  0.339
 323 L   0.12640 0.12640 0.12640 0.12640 0.12640 0.12297 0.12252 0.12252 ( 1)  0.354
 324 R   0.12826 0.12826 0.12826 0.12826 0.12826 0.12024 0.11924 0.11924 ( 5)  0.345
 325 A   0.12817 0.12817 0.12817 0.12817 0.12817 0.12037 0.11939 0.11939 ( 1)  0.345
 326 A   0.12817 0.12817 0.12817 0.12817 0.12817 0.12037 0.11939 0.11939 ( 1)  0.345
 327 L   0.12925 0.12925 0.12925 0.12925 0.12925 0.11878 0.11749 0.11749 ( 1)  0.340
 328 S   0.12851 0.12851 0.12851 0.12851 0.12851 0.11987 0.11879 0.11879 ( 1)  0.344
 329 E   0.12611 0.12611 0.12611 0.12611 0.12611 0.12339 0.12304 0.12304 ( 1)  0.355
 330 T   0.12659 0.12659 0.12659 0.12659 0.12659 0.12268 0.12218 0.12218 ( 5)  0.353
 331 R   0.12570 0.12570 0.12570 0.12570 0.12570 0.12398 0.12376 0.12376 ( 5)  0.357
 332 S   0.12586 0.12586 0.12586 0.12586 0.12586 0.12375 0.12348 0.12348 ( 5)  0.356
 333 A   0.12927 0.12927 0.12927 0.12927 0.12927 0.11875 0.11746 0.11746 ( 1)  0.340
 334 L   0.12925 0.12925 0.12925 0.12925 0.12925 0.11878 0.11749 0.11749 ( 1)  0.340
 335 D   0.12854 0.12854 0.12854 0.12854 0.12854 0.11982 0.11874 0.11874 ( 1)  0.343
 336 S   0.12966 0.12966 0.12966 0.12966 0.12966 0.11817 0.11675 0.11675 ( 1)  0.338
 337 E   0.12952 0.12952 0.12952 0.12952 0.12952 0.11838 0.11701 0.11701 ( 1)  0.339
 338 R   0.12826 0.12826 0.12826 0.12826 0.12826 0.12024 0.11924 0.11924 ( 5)  0.345
 339 Q   0.12813 0.12813 0.12813 0.12813 0.12813 0.12043 0.11947 0.11947 ( 1)  0.345
 340 A   0.12927 0.12927 0.12927 0.12927 0.12927 0.11875 0.11746 0.11746 ( 1)  0.340
 341 R   0.12826 0.12826 0.12826 0.12826 0.12826 0.12024 0.11924 0.11924 ( 5)  0.345
 342 R   0.12826 0.12826 0.12826 0.12826 0.12826 0.12024 0.11924 0.11924 ( 5)  0.345
 343 L   0.12856 0.12856 0.12856 0.12856 0.12856 0.11979 0.11870 0.11870 ( 1)  0.343
 344 E   0.12611 0.12611 0.12611 0.12611 0.12611 0.12339 0.12304 0.12304 ( 1)  0.355
 345 A   0.12784 0.12784 0.12784 0.12784 0.12784 0.12086 0.11998 0.11998 ( 1)  0.347
 346 G   0.13014 0.13014 0.13014 0.13014 0.13014 0.11746 0.11592 0.11592 ( 1)  0.336
 347 C   0.00000 0.00000 0.00000 0.00000 0.00000 0.30820 0.34590 0.34590 ( 7)  0.964
 348 H   0.12810 0.12810 0.12810 0.12810 0.12810 0.12048 0.11952 0.11952 ( 1)  0.346
 349 A   0.12927 0.12927 0.12927 0.12927 0.12927 0.11875 0.11746 0.11746 ( 1)  0.340
 350 D   0.12854 0.12854 0.12854 0.12854 0.12854 0.11982 0.11874 0.11874 ( 1)  0.343
 351 A   0.12927 0.12927 0.12927 0.12927 0.12927 0.11875 0.11746 0.11746 ( 1)  0.340
 352 L   0.12925 0.12925 0.12925 0.12925 0.12925 0.11878 0.11749 0.11749 ( 1)  0.340
 353 D   0.12854 0.12854 0.12854 0.12854 0.12854 0.11982 0.11874 0.11874 ( 1)  0.343
 354 A   0.12927 0.12927 0.12927 0.12927 0.12927 0.11875 0.11746 0.11746 ( 1)  0.340
 355 S   0.12966 0.12966 0.12966 0.12966 0.12966 0.11817 0.11675 0.11675 ( 1)  0.338
 356 A   0.12927 0.12927 0.12927 0.12927 0.12927 0.11875 0.11746 0.11746 ( 1)  0.340
 357 R   0.12826 0.12826 0.12826 0.12826 0.12826 0.12024 0.11924 0.11924 ( 5)  0.345
 358 E   0.12952 0.12952 0.12952 0.12952 0.12952 0.11838 0.11701 0.11701 ( 1)  0.339
 359 Q   0.12813 0.12813 0.12813 0.12813 0.12813 0.12043 0.11947 0.11947 ( 1)  0.345
 360 A   0.12927 0.12927 0.12927 0.12927 0.12927 0.11875 0.11746 0.11746 ( 1)  0.340
 361 K   0.12988 0.12988 0.12988 0.12988 0.12988 0.11785 0.11636 0.11636 ( 1)  0.337
 362 L   0.12925 0.12925 0.12925 0.12925 0.12925 0.11878 0.11749 0.11749 ( 1)  0.340
 363 A   0.12927 0.12927 0.12927 0.12927 0.12927 0.11875 0.11746 0.11746 ( 1)  0.340
 364 A   0.12817 0.12817 0.12817 0.12817 0.12817 0.12037 0.11939 0.11939 ( 1)  0.345
 365 A   0.12927 0.12927 0.12927 0.12927 0.12927 0.11875 0.11746 0.11746 ( 1)  0.340
 366 L   0.12925 0.12925 0.12925 0.12925 0.12925 0.11878 0.11749 0.11749 ( 1)  0.340
 367 A   0.12817 0.12817 0.12817 0.12817 0.12817 0.12037 0.11939 0.11939 ( 1)  0.345
 368 Q   0.12813 0.12813 0.12813 0.12813 0.12813 0.12043 0.11947 0.11947 ( 1)  0.345
 369 S   0.12966 0.12966 0.12966 0.12966 0.12966 0.11817 0.11675 0.11675 ( 1)  0.338
 370 E   0.12952 0.12952 0.12952 0.12952 0.12952 0.11838 0.11701 0.11701 ( 1)  0.339
 371 R   0.12826 0.12826 0.12826 0.12826 0.12826 0.12024 0.11924 0.11924 ( 5)  0.345
 372 R   0.12934 0.12934 0.12934 0.12934 0.12934 0.11864 0.11732 0.11732 ( 1)  0.340
 373 L   0.12925 0.12925 0.12925 0.12925 0.12925 0.11878 0.11749 0.11749 ( 1)  0.340
 374 Q   0.12813 0.12813 0.12813 0.12813 0.12813 0.12043 0.11947 0.11947 ( 1)  0.345
 375 R   0.12934 0.12934 0.12934 0.12934 0.12934 0.11864 0.11732 0.11732 ( 1)  0.340
 376 E   0.12611 0.12611 0.12611 0.12611 0.12611 0.12339 0.12304 0.12304 ( 1)  0.355
 377 R   0.12826 0.12826 0.12826 0.12826 0.12826 0.12024 0.11924 0.11924 ( 5)  0.345
 378 E   0.12952 0.12952 0.12952 0.12952 0.12952 0.11838 0.11701 0.11701 ( 1)  0.339
 379 A   0.12817 0.12817 0.12817 0.12817 0.12817 0.12037 0.11939 0.11939 ( 1)  0.345
 380 A   0.12817 0.12817 0.12817 0.12817 0.12817 0.12037 0.11939 0.11939 ( 1)  0.345
 381 E   0.12952 0.12952 0.12952 0.12952 0.12952 0.11838 0.11701 0.11701 ( 1)  0.339
 382 A   0.12625 0.12625 0.12625 0.12625 0.12625 0.12318 0.12279 0.12279 ( 1)  0.355
 383 Q   0.12579 0.12579 0.12579 0.12579 0.12579 0.12384 0.12359 0.12359 ( 5)  0.357
 384 G   0.12882 0.12882 0.12882 0.12882 0.12882 0.11942 0.11825 0.11825 ( 5)  0.342
 385 R   0.12628 0.12628 0.12628 0.12628 0.12628 0.12314 0.12274 0.12274 ( 5)  0.354
 386 Q   0.12813 0.12813 0.12813 0.12813 0.12813 0.12043 0.11947 0.11947 ( 1)  0.345
 387 A   0.12625 0.12625 0.12625 0.12625 0.12625 0.12318 0.12279 0.12279 ( 1)  0.355
 388 V   0.12665 0.12665 0.12665 0.12665 0.12665 0.12260 0.12208 0.12208 ( 5)  0.353
 389 E   0.12611 0.12611 0.12611 0.12611 0.12611 0.12339 0.12304 0.12304 ( 1)  0.355
 390 D   0.12854 0.12854 0.12854 0.12854 0.12854 0.11982 0.11874 0.11874 ( 1)  0.343
 391 F   0.12602 0.12602 0.12602 0.12602 0.12602 0.12351 0.12319 0.12319 ( 1)  0.356
 392 Q   0.12813 0.12813 0.12813 0.12813 0.12813 0.12043 0.11947 0.11947 ( 1)  0.345
 393 L   0.12925 0.12925 0.12925 0.12925 0.12925 0.11878 0.11749 0.11749 ( 1)  0.340
 394 A   0.12817 0.12817 0.12817 0.12817 0.12817 0.12037 0.11939 0.11939 ( 1)  0.345
 395 T   0.13048 0.13048 0.13048 0.13048 0.13048 0.11697 0.11531 0.11531 ( 1)  0.334
 396 E   0.12952 0.12952 0.12952 0.12952 0.12952 0.11838 0.11701 0.11701 ( 1)  0.339
 397 R   0.12570 0.12570 0.12570 0.12570 0.12570 0.12398 0.12376 0.12376 ( 5)  0.357
 398 L   0.12925 0.12925 0.12925 0.12925 0.12925 0.11878 0.11749 0.11749 ( 1)  0.340
 399 R   0.12934 0.12934 0.12934 0.12934 0.12934 0.11864 0.11732 0.11732 ( 1)  0.340
 400 D   0.12662 0.12662 0.12662 0.12662 0.12662 0.12265 0.12214 0.12214 ( 1)  0.353
 401 R   0.12934 0.12934 0.12934 0.12934 0.12934 0.11864 0.11732 0.11732 ( 1)  0.340
 402 L   0.12925 0.12925 0.12925 0.12925 0.12925 0.11878 0.11749 0.11749 ( 1)  0.340
 403 R   0.12826 0.12826 0.12826 0.12826 0.12826 0.12024 0.11924 0.11924 ( 5)  0.345
 404 L   0.12925 0.12925 0.12925 0.12925 0.12925 0.11878 0.11749 0.11749 ( 1)  0.340
 405 V   0.13065 0.13065 0.13065 0.13065 0.13065 0.11671 0.11501 0.11501 ( 1)  0.333
 406 E   0.12952 0.12952 0.12952 0.12952 0.12952 0.11838 0.11701 0.11701 ( 1)  0.339
 407 G   0.12882 0.12882 0.12882 0.12882 0.12882 0.11942 0.11825 0.11825 ( 5)  0.342
 408 E   0.12952 0.12952 0.12952 0.12952 0.12952 0.11838 0.11701 0.11701 ( 1)  0.339
 409 R   0.12934 0.12934 0.12934 0.12934 0.12934 0.11864 0.11732 0.11732 ( 1)  0.340
 410 N   0.12871 0.12871 0.12871 0.12871 0.12871 0.11958 0.11844 0.11844 ( 1)  0.343
 411 L   0.12856 0.12856 0.12856 0.12856 0.12856 0.11979 0.11870 0.11870 ( 1)  0.343
 412 L   0.12925 0.12925 0.12925 0.12925 0.12925 0.11878 0.11749 0.11749 ( 1)  0.340
 413 Q   0.12813 0.12813 0.12813 0.12813 0.12813 0.12043 0.11947 0.11947 ( 1)  0.345
 414 A   0.12817 0.12817 0.12817 0.12817 0.12817 0.12037 0.11939 0.11939 ( 1)  0.345
 415 A   0.12927 0.12927 0.12927 0.12927 0.12927 0.11875 0.11746 0.11746 ( 1)  0.340
 416 A   0.12927 0.12927 0.12927 0.12927 0.12927 0.11875 0.11746 0.11746 ( 1)  0.340
 417 A   0.12927 0.12927 0.12927 0.12927 0.12927 0.11875 0.11746 0.11746 ( 1)  0.340
 418 A   0.12927 0.12927 0.12927 0.12927 0.12927 0.11875 0.11746 0.11746 ( 1)  0.340
 419 A   0.12817 0.12817 0.12817 0.12817 0.12817 0.12037 0.11939 0.11939 ( 1)  0.345
 420 A   0.12817 0.12817 0.12817 0.12817 0.12817 0.12037 0.11939 0.11939 ( 1)  0.345
 421 S   0.12586 0.12586 0.12586 0.12586 0.12586 0.12375 0.12348 0.12348 ( 5)  0.356
 422 E   0.12952 0.12952 0.12952 0.12952 0.12952 0.11838 0.11701 0.11701 ( 1)  0.339
 423 K   0.12988 0.12988 0.12988 0.12988 0.12988 0.11785 0.11636 0.11636 ( 1)  0.337
 424 Q   0.12813 0.12813 0.12813 0.12813 0.12813 0.12043 0.11947 0.11947 ( 1)  0.345
 425 Q   0.12813 0.12813 0.12813 0.12813 0.12813 0.12043 0.11947 0.11947 ( 1)  0.345
 426 Q   0.12813 0.12813 0.12813 0.12813 0.12813 0.12043 0.11947 0.11947 ( 1)  0.345
 427 R   0.12872 0.12872 0.12872 0.12872 0.12872 0.11956 0.11842 0.11842 ( 1)  0.343
 428 A   0.12580 0.12580 0.12580 0.12580 0.12580 0.12383 0.12358 0.12358 ( 1)  0.357
 429 A   0.12927 0.12927 0.12927 0.12927 0.12927 0.11875 0.11746 0.11746 ( 1)  0.340
 430 R   0.12826 0.12826 0.12826 0.12826 0.12826 0.12024 0.11924 0.11924 ( 5)  0.345
 431 P   0.12880 0.12880 0.12880 0.12880 0.12880 0.11943 0.11827 0.11827 ( 1)  0.342
 432 H   0.12810 0.12810 0.12810 0.12810 0.12810 0.12048 0.11952 0.11952 ( 1)  0.346
 433 S   0.12966 0.12966 0.12966 0.12966 0.12966 0.11817 0.11675 0.11675 ( 1)  0.338
 434 A   0.12927 0.12927 0.12927 0.12927 0.12927 0.11875 0.11746 0.11746 ( 1)  0.340
 435 M   0.12893 0.12893 0.12893 0.12893 0.12893 0.11926 0.11805 0.11805 ( 5)  0.342
 436 P   0.12624 0.12624 0.12624 0.12624 0.12624 0.12319 0.12280 0.12280 ( 1)  0.355
 437 V   0.12920 0.12920 0.12920 0.12920 0.12920 0.11886 0.11758 0.11758 ( 5)  0.340
 438 G   0.00000 0.00000 0.00000 0.00000 0.00000 0.30818 0.34591 0.34591 ( 7)  0.964
 439 G   0.13014 0.13014 0.13014 0.13014 0.13014 0.11746 0.11592 0.11592 ( 1)  0.336
 440 S   0.12851 0.12851 0.12851 0.12851 0.12851 0.11987 0.11879 0.11879 ( 1)  0.344
 441 A   0.12817 0.12817 0.12817 0.12817 0.12817 0.12037 0.11939 0.11939 ( 1)  0.345
 442 I   0.12784 0.12784 0.12784 0.12784 0.12784 0.12086 0.11997 0.11997 ( 1)  0.347
 443 E   0.12952 0.12952 0.12952 0.12952 0.12952 0.11838 0.11701 0.11701 ( 1)  0.339
 444 E   0.12952 0.12952 0.12952 0.12952 0.12952 0.11838 0.11701 0.11701 ( 1)  0.339
 445 S   0.12851 0.12851 0.12851 0.12851 0.12851 0.11987 0.11879 0.11879 ( 1)  0.344
 446 E   0.12952 0.12952 0.12952 0.12952 0.12952 0.11838 0.11701 0.11701 ( 1)  0.339
 447 D   0.12854 0.12854 0.12854 0.12854 0.12854 0.11982 0.11874 0.11874 ( 1)  0.343
 448 P   0.12880 0.12880 0.12880 0.12880 0.12880 0.11943 0.11827 0.11827 ( 1)  0.342
 449 R   0.12570 0.12570 0.12570 0.12570 0.12570 0.12398 0.12376 0.12376 ( 5)  0.357
 450 L   0.12925 0.12925 0.12925 0.12925 0.12925 0.11878 0.11749 0.11749 ( 1)  0.340
 451 H   0.12640 0.12640 0.12640 0.12640 0.12640 0.12296 0.12252 0.12252 ( 1)  0.354
 452 A   0.12817 0.12817 0.12817 0.12817 0.12817 0.12037 0.11939 0.11939 ( 1)  0.345
 453 A   0.12625 0.12625 0.12625 0.12625 0.12625 0.12318 0.12279 0.12279 ( 1)  0.355
 454 V   0.12665 0.12665 0.12665 0.12665 0.12665 0.12260 0.12208 0.12208 ( 5)  0.353
 455 R   0.12826 0.12826 0.12826 0.12826 0.12826 0.12024 0.11924 0.11924 ( 5)  0.345
 456 D   0.12854 0.12854 0.12854 0.12854 0.12854 0.11982 0.11874 0.11874 ( 1)  0.343
 457 L   0.12641 0.12641 0.12641 0.12641 0.12641 0.12294 0.12250 0.12250 ( 1)  0.354
 458 R   0.12572 0.12572 0.12572 0.12572 0.12572 0.12395 0.12372 0.12372 ( 5)  0.357
 459 Q   0.12788 0.12788 0.12788 0.12788 0.12788 0.12080 0.11991 0.11991 ( 1)  0.347
 460 M   0.12893 0.12893 0.12893 0.12893 0.12893 0.11926 0.11805 0.11805 ( 5)  0.342
 461 L   0.12925 0.12925 0.12925 0.12925 0.12925 0.11878 0.11749 0.11749 ( 1)  0.340
 462 A   0.12817 0.12817 0.12817 0.12817 0.12817 0.12037 0.11939 0.11939 ( 1)  0.345
 463 N   0.12871 0.12871 0.12871 0.12871 0.12871 0.11958 0.11844 0.11844 ( 1)  0.343
 464 S   0.12851 0.12851 0.12851 0.12851 0.12851 0.11987 0.11879 0.11879 ( 1)  0.344
 465 G   0.12882 0.12882 0.12882 0.12882 0.12882 0.11942 0.11825 0.11825 ( 5)  0.342


lnL = -1891.956808

