Supplemental results for CODEML (seqf: algn  treef: tree)


dN/dS (w) for site classes (K=2)

p:   0.92362  0.07638
w:   0.04490  1.00000

Naive Empirical Bayes (NEB) probabilities for 2 classes & postmean_w
(amino acids refer to 1st sequence: Mlig.25444)

   1 H   0.92838 0.07162 ( 1)  0.113
   2 I   0.91817 0.08183 ( 1)  0.123
   3 N   0.92930 0.07070 ( 1)  0.112
   4 Q   0.92948 0.07052 ( 1)  0.112
   5 V   0.91628 0.08372 ( 1)  0.125
   6 P   0.91918 0.08082 ( 1)  0.122
   7 V   0.91921 0.08079 ( 1)  0.122
   8 V   0.93835 0.06165 ( 1)  0.104
   9 S   0.92207 0.07793 ( 1)  0.119
  10 M   0.92718 0.07282 ( 1)  0.114
  11 Y   0.91394 0.08606 ( 1)  0.127
  12 F   0.93254 0.06746 ( 1)  0.109
  13 L   0.93664 0.06336 ( 1)  0.105
  14 S   0.92674 0.07326 ( 1)  0.115
  15 G   0.90998 0.09002 ( 1)  0.131
  16 W   0.93437 0.06563 ( 1)  0.108
  17 P   0.92294 0.07706 ( 1)  0.118
  18 Q   0.93149 0.06851 ( 1)  0.110
  19 L   0.92792 0.07208 ( 1)  0.114
  20 L   0.94010 0.05990 ( 1)  0.102
  21 T   0.92064 0.07936 ( 1)  0.121
  22 N   0.93015 0.06985 ( 1)  0.112
  23 C   0.92402 0.07598 ( 1)  0.117
  24 I   0.91605 0.08395 ( 1)  0.125
  25 G   0.91876 0.08124 ( 1)  0.122
  26 Y   0.92174 0.07826 ( 1)  0.120
  27 S   0.93308 0.06692 ( 1)  0.109
  28 W   0.93258 0.06742 ( 1)  0.109
  29 K   0.91084 0.08916 ( 1)  0.130
  30 N   0.94368 0.05632 ( 1)  0.099
  31 R   0.92509 0.07491 ( 1)  0.116
  32 L   0.91916 0.08084 ( 1)  0.122
  33 L   0.93944 0.06056 ( 1)  0.103
  34 S   0.91777 0.08223 ( 1)  0.123
  35 H   0.92554 0.07446 ( 1)  0.116
  36 Q   0.94086 0.05914 ( 1)  0.101
  37 F   0.91791 0.08209 ( 1)  0.123
  38 L   0.93750 0.06250 ( 1)  0.105
  39 Q   0.92897 0.07103 ( 1)  0.113
  40 T   0.91328 0.08672 ( 1)  0.128
  41 F   0.92153 0.07847 ( 1)  0.120
  42 D   0.91851 0.08149 ( 1)  0.123
  43 E   0.94101 0.05899 ( 1)  0.101
  44 H   0.92838 0.07162 ( 1)  0.113
  45 P   0.92789 0.07211 ( 1)  0.114
  46 H   0.92981 0.07019 ( 1)  0.112
  47 L   0.92726 0.07274 ( 1)  0.114
  48 V   0.92959 0.07041 ( 1)  0.112
  49 L   0.92930 0.07070 ( 1)  0.112
  50 F   0.93883 0.06117 ( 1)  0.103
  51 A   0.92149 0.07851 ( 1)  0.120
  52 S   0.93155 0.06845 ( 1)  0.110
  53 D   0.91635 0.08365 ( 1)  0.125
  54 Y   0.93317 0.06683 ( 1)  0.109
  55 S   0.93058 0.06942 ( 1)  0.111
  56 F   0.93756 0.06244 ( 1)  0.105
  57 Y   0.93292 0.06708 ( 1)  0.109
  58 I   0.91799 0.08201 ( 1)  0.123
  59 Y   0.91841 0.08159 ( 1)  0.123
  60 N   0.93671 0.06329 ( 1)  0.105
  61 V   0.92301 0.07699 ( 1)  0.118
  62 R   0.91733 0.08267 ( 1)  0.124
  63 T   0.92148 0.07852 ( 1)  0.120
  64 C   0.91590 0.08410 ( 1)  0.125
  65 I   0.91778 0.08222 ( 1)  0.123
  66 Q   0.91615 0.08385 ( 1)  0.125
  67 L   0.92792 0.07208 ( 1)  0.114
  68 C   0.92159 0.07841 ( 1)  0.120
  69 S   0.93447 0.06553 ( 1)  0.107
  70 Y   0.93318 0.06682 ( 1)  0.109
  71 N   0.93752 0.06248 ( 1)  0.105
  72 R   0.92649 0.07351 ( 1)  0.115
  73 S   0.91512 0.08488 ( 1)  0.126
  74 Q   0.91323 0.08677 ( 1)  0.128
  75 E   0.93498 0.06502 ( 1)  0.107
  76 S   0.90629 0.09371 ( 1)  0.134
  77 V   0.92133 0.07867 ( 1)  0.120
  78 N   0.92222 0.07778 ( 1)  0.119
  79 H   0.93365 0.06635 ( 1)  0.108
  80 Y   0.93781 0.06219 ( 1)  0.104
  81 G   0.92372 0.07628 ( 1)  0.118
  82 E   0.93698 0.06302 ( 1)  0.105
  83 T   0.91946 0.08054 ( 1)  0.122
  84 Q   0.91393 0.08607 ( 1)  0.127
  85 L   0.92796 0.07204 ( 1)  0.114
  86 V   0.92930 0.07070 ( 1)  0.112
  87 L   0.92897 0.07103 ( 1)  0.113
  88 L   0.94086 0.05914 ( 1)  0.101
  89 S   0.91828 0.08172 ( 1)  0.123
  90 Q   0.92262 0.07738 ( 1)  0.119
  91 T   0.91576 0.08424 ( 1)  0.125
  92 N   0.93104 0.06896 ( 1)  0.111
  93 T   0.92932 0.07068 ( 1)  0.112
  94 I   0.93479 0.06521 ( 1)  0.107
  95 L   0.92997 0.07003 ( 1)  0.112
  96 A   0.92027 0.07973 ( 1)  0.121
  97 A   0.94069 0.05931 ( 1)  0.102
  98 S   0.93163 0.06837 ( 1)  0.110
  99 T   0.93410 0.06590 ( 1)  0.108
 100 T   0.94725 0.05275 ( 1)  0.095
 101 L   0.91922 0.08078 ( 1)  0.122
 102 G   0.91649 0.08351 ( 1)  0.125
 103 Y   0.92349 0.07651 ( 1)  0.118
 104 I   0.91799 0.08201 ( 1)  0.123
 105 L   0.92997 0.07003 ( 1)  0.112
 106 I   0.93167 0.06833 ( 1)  0.110
 107 L   0.93219 0.06781 ( 1)  0.110
 108 T   0.92073 0.07927 ( 1)  0.121
 109 V   0.92652 0.07348 ( 1)  0.115
 110 D   0.93128 0.06872 ( 1)  0.111
 111 L   0.91350 0.08650 ( 1)  0.128
 112 G   0.91576 0.08424 ( 1)  0.125
 113 D   0.93527 0.06473 ( 1)  0.107
 114 G   0.93540 0.06460 ( 1)  0.107
 115 D   0.93619 0.06381 ( 1)  0.106
 116 S   0.92825 0.07175 ( 1)  0.113
 117 S   0.91352 0.08648 ( 1)  0.127
 118 V   0.91846 0.08154 ( 1)  0.123
 119 L   0.92933 0.07067 ( 1)  0.112
 120 V   0.93004 0.06996 ( 1)  0.112
 121 S   0.92040 0.07960 ( 1)  0.121
 122 D   0.91664 0.08336 ( 1)  0.125
 123 M   0.92223 0.07777 ( 1)  0.119
 124 D   0.92152 0.07848 ( 1)  0.120
 125 V   0.93056 0.06944 ( 1)  0.111
 126 R   0.91620 0.08380 ( 1)  0.125
 127 Q   0.93529 0.06471 ( 1)  0.107
 128 G   0.92058 0.07942 ( 1)  0.121
 129 R   0.92850 0.07150 ( 1)  0.113
 130 T   0.91654 0.08346 ( 1)  0.125
 131 G   0.92062 0.07938 ( 1)  0.121
 132 K   0.92602 0.07398 ( 1)  0.116
 133 S   0.90336 0.09664 ( 1)  0.137
 134 A   0.93211 0.06789 ( 1)  0.110
 135 P   0.92871 0.07129 ( 1)  0.113
 136 G   0.91632 0.08368 ( 1)  0.125
 137 R   0.92967 0.07033 ( 1)  0.112
 138 Q   0.93518 0.06482 ( 1)  0.107
 139 P   0.93034 0.06966 ( 1)  0.111
 140 L   0.93294 0.06706 ( 1)  0.109
 141 V   0.92930 0.07070 ( 1)  0.112
 142 S   0.91932 0.08068 ( 1)  0.122
 143 L   0.92841 0.07159 ( 1)  0.113
 144 R   0.92737 0.07263 ( 1)  0.114
 145 L   0.92623 0.07377 ( 1)  0.115
 146 S   0.92786 0.07214 ( 1)  0.114
 147 D   0.91635 0.08365 ( 1)  0.125
 148 A   0.92923 0.07077 ( 1)  0.112
 149 I   0.92710 0.07290 ( 1)  0.115
 150 H   0.92011 0.07989 ( 1)  0.121
 151 L   0.92691 0.07309 ( 1)  0.115
 152 G   0.91670 0.08330 ( 1)  0.124
 153 S   0.93437 0.06563 ( 1)  0.108
 154 Q   0.92253 0.07747 ( 1)  0.119
 155 V   0.91666 0.08334 ( 1)  0.124
 156 T   0.92515 0.07485 ( 1)  0.116
 157 S   0.93377 0.06623 ( 1)  0.108
 158 M   0.92026 0.07974 ( 1)  0.121
 159 C   0.91356 0.08644 ( 1)  0.127
 160 H   0.92968 0.07032 ( 1)  0.112
 161 F   0.92483 0.07517 ( 1)  0.117
 162 K   0.90783 0.09217 ( 1)  0.133
 163 D   0.93546 0.06454 ( 1)  0.107
 164 D   0.94022 0.05978 ( 1)  0.102
 165 L   0.91568 0.08432 ( 1)  0.125
 166 I   0.93158 0.06842 ( 1)  0.110
 167 V   0.93382 0.06618 ( 1)  0.108
 168 A   0.93340 0.06660 ( 1)  0.109
 169 T   0.93418 0.06582 ( 1)  0.108
 170 K   0.92903 0.07097 ( 1)  0.113
 171 D   0.93456 0.06544 ( 1)  0.107
 172 G   0.93540 0.06460 ( 1)  0.107
 173 L   0.91361 0.08639 ( 1)  0.127
 174 I   0.93167 0.06833 ( 1)  0.110
 175 R   0.91783 0.08217 ( 1)  0.123
 176 R   0.94164 0.05836 ( 1)  0.101
 177 L   0.92531 0.07469 ( 1)  0.116
 178 R   0.92679 0.07321 ( 1)  0.115
 179 W   0.94311 0.05689 ( 1)  0.099
 180 N   0.91327 0.08673 ( 1)  0.128
 181 G   0.92753 0.07247 ( 1)  0.114
 182 G   0.94223 0.05777 ( 1)  0.100
 183 A   0.93204 0.06796 ( 1)  0.110
 184 S   0.93157 0.06843 ( 1)  0.110
 185 Q   0.91503 0.08497 ( 1)  0.126
 186 S   0.91346 0.08654 ( 1)  0.128
 187 V   0.92133 0.07867 ( 1)  0.120
 188 I   0.93372 0.06628 ( 1)  0.108
 189 V   0.93356 0.06644 ( 1)  0.108
 190 S   0.92216 0.07784 ( 1)  0.119
 191 E   0.92436 0.07564 ( 1)  0.117
 192 K   0.94251 0.05749 ( 1)  0.100
 193 Q   0.93996 0.06004 ( 1)  0.102
 194 N   0.93022 0.06978 ( 1)  0.112
 195 Q   0.93055 0.06945 ( 1)  0.111
 196 Q   0.95011 0.04989 ( 1)  0.093
 197 Q   0.95079 0.04921 ( 1)  0.092
 198 Q   0.94995 0.05005 ( 1)  0.093
 199 Q   0.95079 0.04921 ( 1)  0.092
 200 N   0.93022 0.06978 ( 1)  0.112
 201 Q   0.92948 0.07052 ( 1)  0.112
 202 H   0.94175 0.05825 ( 1)  0.101
 203 Q   0.94142 0.05858 ( 1)  0.101
 204 S   0.91346 0.08654 ( 1)  0.128
 205 V   0.91846 0.08154 ( 1)  0.123
 206 D   0.93031 0.06969 ( 1)  0.111
 207 L   0.91551 0.08449 ( 1)  0.126
 208 G   0.32511 0.67489 ( 2)  0.689
 209 Q   0.93518 0.06482 ( 1)  0.107
 210 V   0.91666 0.08334 ( 1)  0.124
 211 T   0.92515 0.07485 ( 1)  0.116
 212 F   0.92165 0.07835 ( 1)  0.120
 213 F   0.94519 0.05481 ( 1)  0.097
 214 Y   0.93283 0.06717 ( 1)  0.109
 215 D   0.93417 0.06583 ( 1)  0.108
 216 L   0.91551 0.08449 ( 1)  0.126
 217 E   0.91538 0.08462 ( 1)  0.126
 218 H   0.92838 0.07162 ( 1)  0.113
 219 S   0.91799 0.08201 ( 1)  0.123
 220 R   0.91325 0.08675 ( 1)  0.128
 221 A   0.91414 0.08586 ( 1)  0.127
 222 T   0.93430 0.06570 ( 1)  0.108
 223 R   0.91960 0.08040 ( 1)  0.122
 224 L   0.92521 0.07479 ( 1)  0.116
 225 A   0.92177 0.07823 ( 1)  0.120
 226 E   0.93254 0.06746 ( 1)  0.109
 227 E   0.94759 0.05241 ( 1)  0.095
 228 G   0.93680 0.06320 ( 1)  0.105
 229 L   0.91523 0.08477 ( 1)  0.126
 230 H   0.92893 0.07107 ( 1)  0.113
 231 C   0.92765 0.07235 ( 1)  0.114
 232 R   0.93774 0.06226 ( 1)  0.104
 233 H   0.93382 0.06618 ( 1)  0.108
 234 L   0.92610 0.07390 ( 1)  0.115
 235 E   0.91454 0.08546 ( 1)  0.127
 236 F   0.91328 0.08672 ( 1)  0.128
 237 S   0.91755 0.08245 ( 1)  0.124
 238 P   0.91507 0.08493 ( 1)  0.126
 239 S   0.91670 0.08330 ( 1)  0.124
 240 L   0.91383 0.08617 ( 1)  0.127
 241 G   0.91576 0.08424 ( 1)  0.125
 242 V   0.93010 0.06990 ( 1)  0.112
 243 F   0.93154 0.06846 ( 1)  0.110
 244 V   0.93056 0.06944 ( 1)  0.111
 245 L   0.92900 0.07100 ( 1)  0.113
 246 L   0.94005 0.05995 ( 1)  0.102
 247 L   0.94005 0.05995 ( 1)  0.102
 248 S   0.92877 0.07123 ( 1)  0.113
 249 N   0.91422 0.08578 ( 1)  0.127
 250 G   0.92753 0.07247 ( 1)  0.114
 251 K   0.92602 0.07398 ( 1)  0.116
 252 A   0.91990 0.08010 ( 1)  0.121
 253 A   0.94142 0.05858 ( 1)  0.101
 254 L   0.92026 0.07974 ( 1)  0.121
 255 L   0.94005 0.05995 ( 1)  0.102
 256 A   0.92109 0.07891 ( 1)  0.120
 257 T   0.93410 0.06590 ( 1)  0.108
 258 N   0.93109 0.06891 ( 1)  0.111
 259 S   0.91236 0.08764 ( 1)  0.129
 260 A   0.93211 0.06789 ( 1)  0.110
 261 T   0.93418 0.06582 ( 1)  0.108
 262 K   0.93007 0.06993 ( 1)  0.112
 263 L   0.91450 0.08550 ( 1)  0.127
 264 D   0.91825 0.08175 ( 1)  0.123
 265 Q   0.92849 0.07151 ( 1)  0.113
 266 K   0.93986 0.06014 ( 1)  0.102
 267 L   0.91450 0.08550 ( 1)  0.127
 268 V   0.93038 0.06962 ( 1)  0.111
 269 E   0.93024 0.06976 ( 1)  0.112
 270 G   0.93700 0.06300 ( 1)  0.105
 271 I   0.92221 0.07779 ( 1)  0.119
 272 L   0.92989 0.07011 ( 1)  0.112
 273 A   0.92156 0.07844 ( 1)  0.120
 274 E   0.93254 0.06746 ( 1)  0.109
 275 N   0.93410 0.06590 ( 1)  0.108
 276 L   0.91525 0.08475 ( 1)  0.126
 277 K   0.91560 0.08440 ( 1)  0.126
 278 Y   0.92597 0.07403 ( 1)  0.116
 279 A   0.91836 0.08164 ( 1)  0.123
 280 T   0.93489 0.06511 ( 1)  0.107
 281 C   0.91590 0.08410 ( 1)  0.125
 282 M   0.91448 0.08552 ( 1)  0.127
 283 S   0.91835 0.08165 ( 1)  0.123
 284 V   0.92134 0.07866 ( 1)  0.120
 285 N   0.92222 0.07778 ( 1)  0.119
 286 N   0.94354 0.05646 ( 1)  0.099
 287 K   0.94287 0.05713 ( 1)  0.099
 288 Y   0.92503 0.07497 ( 1)  0.116
 289 R   0.92284 0.07716 ( 1)  0.119
 290 T   0.91896 0.08104 ( 1)  0.122
 291 V   0.92539 0.07461 ( 1)  0.116
 292 A   0.93246 0.06754 ( 1)  0.109
 293 F   0.92289 0.07711 ( 1)  0.119
 294 G   0.91407 0.08593 ( 1)  0.127
 295 G   0.94269 0.05731 ( 1)  0.100
 296 R   0.93061 0.06939 ( 1)  0.111
 297 G   0.93079 0.06921 ( 1)  0.111
 298 T   0.92064 0.07936 ( 1)  0.121
 299 D   0.92331 0.07669 ( 1)  0.118
 300 V   0.93014 0.06986 ( 1)  0.112
 301 V   0.93878 0.06122 ( 1)  0.103
 302 I   0.93305 0.06695 ( 1)  0.109
 303 F   0.93410 0.06590 ( 1)  0.108
 304 T   0.92251 0.07749 ( 1)  0.119
 305 A   0.93523 0.06477 ( 1)  0.107
 306 D   0.93218 0.06782 ( 1)  0.110
 307 D   0.94022 0.05978 ( 1)  0.102
 308 D   0.93943 0.06057 ( 1)  0.103
 309 T   0.92059 0.07941 ( 1)  0.121
 310 S   0.37471 0.62529 ( 2)  0.642
 311 A   0.91930 0.08070 ( 1)  0.122
 312 F   0.92289 0.07711 ( 1)  0.119
 313 A   0.92103 0.07897 ( 1)  0.120
 314 M   0.92670 0.07330 ( 1)  0.115
 315 S   0.92685 0.07315 ( 1)  0.115
 316 N   0.93556 0.06444 ( 1)  0.106
 317 R   0.92406 0.07594 ( 1)  0.117
 318 F   0.92137 0.07863 ( 1)  0.120
 319 R   0.92159 0.07841 ( 1)  0.120
 320 L   0.92623 0.07377 ( 1)  0.115
 321 T   0.92106 0.07894 ( 1)  0.120
 322 P   0.93120 0.06880 ( 1)  0.111
 323 K   0.91651 0.08349 ( 1)  0.125
 324 H   0.93252 0.06748 ( 1)  0.109
 325 H   0.93989 0.06011 ( 1)  0.102
 326 P   0.92921 0.07079 ( 1)  0.113
 327 P   0.94250 0.05750 ( 1)  0.100
 328 G   0.91525 0.08475 ( 1)  0.126
 329 L   0.91520 0.08480 ( 1)  0.126
 330 G   0.91530 0.08470 ( 1)  0.126
 331 L   0.91508 0.08492 ( 1)  0.126
 332 A   0.91900 0.08100 ( 1)  0.122
 333 A   0.94093 0.05907 ( 1)  0.101
 334 G   0.93172 0.06828 ( 1)  0.110
 335 Q   0.92036 0.07964 ( 1)  0.121
 336 Q   0.95079 0.04921 ( 1)  0.092
 337 T   0.91502 0.08498 ( 1)  0.126
 338 Q   0.91574 0.08426 ( 1)  0.125
 339 L   0.92670 0.07330 ( 1)  0.115
 340 L   0.94054 0.05946 ( 1)  0.102
 341 A   0.92048 0.07952 ( 1)  0.121
 342 L   0.92016 0.07984 ( 1)  0.121
 343 R   0.92299 0.07701 ( 1)  0.118
 344 W   0.94353 0.05647 ( 1)  0.099
 345 T   0.91117 0.08883 ( 1)  0.130
 346 P   0.92976 0.07024 ( 1)  0.112
 347 D   0.91786 0.08214 ( 1)  0.123
 348 C   0.92274 0.07726 ( 1)  0.119
 349 A   0.91515 0.08485 ( 1)  0.126
 350 V   0.93367 0.06633 ( 1)  0.108
 351 L   0.92900 0.07100 ( 1)  0.113
 352 L   0.93923 0.06077 ( 1)  0.103
 353 G   0.91649 0.08351 ( 1)  0.125
 354 L   0.91523 0.08477 ( 1)  0.126
 355 W   0.92420 0.07580 ( 1)  0.117
 356 D   0.91751 0.08249 ( 1)  0.124
 357 R   0.92257 0.07743 ( 1)  0.119
 358 G   0.93007 0.06993 ( 1)  0.112
 359 H   0.92376 0.07624 ( 1)  0.118
 360 I   0.91967 0.08033 ( 1)  0.122
 361 A   0.92688 0.07312 ( 1)  0.115
 362 L   0.92177 0.07823 ( 1)  0.120
 363 W   0.92383 0.07617 ( 1)  0.118
 364 T   0.90885 0.09115 ( 1)  0.132
 365 A   0.93456 0.06544 ( 1)  0.107
 366 G   0.93206 0.06794 ( 1)  0.110
 367 G   0.94223 0.05777 ( 1)  0.100
 368 F   0.91764 0.08236 ( 1)  0.124
 369 L   0.93729 0.06271 ( 1)  0.105
 370 L   0.94005 0.05995 ( 1)  0.102
 371 L   0.94005 0.05995 ( 1)  0.102
 372 S   0.92877 0.07123 ( 1)  0.113
 373 I   0.92104 0.07896 ( 1)  0.120
 374 P   0.92149 0.07851 ( 1)  0.120
 375 A   0.92782 0.07218 ( 1)  0.114
 376 P   0.92734 0.07266 ( 1)  0.114
 377 A   0.92892 0.07108 ( 1)  0.113
 378 S   0.93157 0.06843 ( 1)  0.110
 379 P   0.93895 0.06105 ( 1)  0.103
 380 A   0.92675 0.07325 ( 1)  0.115
 381 A   0.94119 0.05881 ( 1)  0.101
 382 G   0.93208 0.06792 ( 1)  0.110
 383 L   0.91558 0.08442 ( 1)  0.126
 384 I   0.93248 0.06752 ( 1)  0.109
 385 D   0.92409 0.07591 ( 1)  0.117
 386 A   0.93127 0.06873 ( 1)  0.111
 387 C   0.91622 0.08378 ( 1)  0.125
 388 W   0.95354 0.04646 ( 1)  0.089
 389 C   0.95410 0.04590 ( 1)  0.089
 390 C   0.95540 0.04460 ( 1)  0.087
 391 S   0.93739 0.06261 ( 1)  0.105
 392 G   0.93502 0.06498 ( 1)  0.107
 393 Y   0.92349 0.07651 ( 1)  0.118
 394 L   0.92241 0.07759 ( 1)  0.119
 395 M   0.93357 0.06643 ( 1)  0.108
 396 A   0.92517 0.07483 ( 1)  0.116
 397 T   0.93498 0.06502 ( 1)  0.107
 398 I   0.93553 0.06447 ( 1)  0.106
 399 T   0.93490 0.06510 ( 1)  0.107
 400 D   0.34507 0.65493 ( 2)  0.670
 401 R   0.91947 0.08053 ( 1)  0.122
 402 G   0.93105 0.06895 ( 1)  0.111
 403 G   0.94223 0.05777 ( 1)  0.100
 404 L   0.91523 0.08477 ( 1)  0.126
 405 S   0.92786 0.07214 ( 1)  0.114
 406 L   0.92809 0.07191 ( 1)  0.114
 407 Y   0.92037 0.07963 ( 1)  0.121
 408 S   0.92714 0.07286 ( 1)  0.114
 409 F   0.91769 0.08231 ( 1)  0.124
 410 V   0.93151 0.06849 ( 1)  0.110
 411 K   0.92087 0.07913 ( 1)  0.120
 412 S   0.90532 0.09468 ( 1)  0.135
 413 G   0.91101 0.08899 ( 1)  0.130
 414 L   0.91269 0.08731 ( 1)  0.128
 415 V   0.92990 0.07010 ( 1)  0.112
 416 D   0.93027 0.06973 ( 1)  0.111
 417 N   0.93519 0.06481 ( 1)  0.107
 418 P   0.91580 0.08420 ( 1)  0.125
 419 C   0.92131 0.07869 ( 1)  0.120
 420 Q   0.92119 0.07881 ( 1)  0.120
 421 G   0.92182 0.07818 ( 1)  0.120
 422 N   0.92698 0.07302 ( 1)  0.115
 423 L   0.91525 0.08475 ( 1)  0.126
 424 R   0.92600 0.07400 ( 1)  0.116
 425 H   0.93270 0.06730 ( 1)  0.109
 426 I   0.91817 0.08183 ( 1)  0.123
 427 V   0.93382 0.06618 ( 1)  0.108
 428 Q   0.91710 0.08290 ( 1)  0.124
 429 C   0.92103 0.07897 ( 1)  0.120
 430 G   0.93286 0.06714 ( 1)  0.109
 431 P   0.91614 0.08386 ( 1)  0.125
 432 D   0.91682 0.08318 ( 1)  0.124
 433 R   0.92116 0.07884 ( 1)  0.120
 434 V   0.91692 0.08308 ( 1)  0.124
 435 F   0.93140 0.06860 ( 1)  0.110
 436 L   0.93642 0.06358 ( 1)  0.106
 437 S   0.92801 0.07199 ( 1)  0.114
 438 P   0.93992 0.06008 ( 1)  0.102
 439 H   0.92975 0.07025 ( 1)  0.112
 440 H   0.94008 0.05992 ( 1)  0.102
 441 P   0.92889 0.07111 ( 1)  0.113
 442 H   0.92974 0.07026 ( 1)  0.112
 443 T   0.91639 0.08361 ( 1)  0.125
 444 S   0.93063 0.06937 ( 1)  0.111
 445 G   0.93502 0.06498 ( 1)  0.107
 446 A   0.93105 0.06895 ( 1)  0.111
 447 E   0.93260 0.06740 ( 1)  0.109
 448 P   0.91497 0.08503 ( 1)  0.126
 449 A   0.92781 0.07219 ( 1)  0.114
 450 Q   0.91561 0.08439 ( 1)  0.125
 451 L   0.92916 0.07084 ( 1)  0.113
 452 Y   0.92203 0.07797 ( 1)  0.119
 453 G   0.92384 0.07616 ( 1)  0.118
 454 G   0.94223 0.05777 ( 1)  0.100
 455 S   0.93437 0.06563 ( 1)  0.108
 456 K   0.93098 0.06902 ( 1)  0.111
 457 N   0.94416 0.05584 ( 1)  0.098
 458 W   0.91281 0.08719 ( 1)  0.128
 459 H   0.92544 0.07456 ( 1)  0.116
 460 T   0.91657 0.08343 ( 1)  0.125
 461 A   0.93534 0.06466 ( 1)  0.107
 462 C   0.91622 0.08378 ( 1)  0.125
 463 L   0.92060 0.07940 ( 1)  0.121
 464 P   0.93331 0.06669 ( 1)  0.109
 465 A   0.92888 0.07112 ( 1)  0.113
 466 L   0.92026 0.07974 ( 1)  0.121
 467 Y   0.92037 0.07963 ( 1)  0.121
 468 T   0.91554 0.08446 ( 1)  0.126
 469 A   0.93534 0.06466 ( 1)  0.107
 470 A   0.94051 0.05949 ( 1)  0.102
 471 H   0.91867 0.08133 ( 1)  0.123
 472 W   0.92340 0.07660 ( 1)  0.118
 473 P   0.92258 0.07742 ( 1)  0.119
 474 I   0.92067 0.07933 ( 1)  0.121
 475 R   0.91794 0.08206 ( 1)  0.123
 476 H   0.93362 0.06638 ( 1)  0.108
 477 V   0.91821 0.08179 ( 1)  0.123
 478 S   0.92207 0.07793 ( 1)  0.119
 479 I   0.92825 0.07175 ( 1)  0.113
 480 D   0.92372 0.07628 ( 1)  0.118
 481 E   0.94002 0.05998 ( 1)  0.102
 482 G   0.93700 0.06300 ( 1)  0.105
 483 G   0.94223 0.05777 ( 1)  0.100
 484 R   0.92967 0.07033 ( 1)  0.112
 485 Y   0.92613 0.07387 ( 1)  0.115
 486 L   0.92058 0.07942 ( 1)  0.121
 487 A   0.92168 0.07832 ( 1)  0.120
 488 V   0.93375 0.06625 ( 1)  0.108
 489 A   0.93433 0.06567 ( 1)  0.108
 490 G   0.93200 0.06800 ( 1)  0.110
 491 S   0.93512 0.06488 ( 1)  0.107
 492 R   0.93365 0.06635 ( 1)  0.108
 493 G   0.93105 0.06895 ( 1)  0.111
 494 F   0.91764 0.08236 ( 1)  0.124
 495 L   0.93729 0.06271 ( 1)  0.105
 496 H   0.92893 0.07107 ( 1)  0.113
 497 Y   0.93843 0.06157 ( 1)  0.104
 498 A   0.91836 0.08164 ( 1)  0.123
 499 I   0.92720 0.07280 ( 1)  0.114
 500 A   0.92572 0.07428 ( 1)  0.116
 501 T   0.93418 0.06582 ( 1)  0.108
 502 R   0.91620 0.08380 ( 1)  0.125
 503 K   0.92680 0.07320 ( 1)  0.115
 504 W   0.91128 0.08872 ( 1)  0.130
 505 K   0.91084 0.08916 ( 1)  0.130
 506 L   0.91074 0.08926 ( 1)  0.130
 507 F   0.93941 0.06059 ( 1)  0.103
 508 G   0.91710 0.08290 ( 1)  0.124
 509 N   0.92808 0.07192 ( 1)  0.114
 510 E   0.93359 0.06641 ( 1)  0.108
 511 T   0.91978 0.08022 ( 1)  0.122
 512 Q   0.91627 0.08373 ( 1)  0.125
 513 E   0.93483 0.06517 ( 1)  0.107
 514 R   0.92201 0.07799 ( 1)  0.119
 515 S   0.93574 0.06426 ( 1)  0.106
 516 F   0.91903 0.08097 ( 1)  0.122
 517 T   0.91994 0.08006 ( 1)  0.121
 518 V   0.92553 0.07447 ( 1)  0.116
 519 Q   0.91535 0.08465 ( 1)  0.126
 520 G   0.92157 0.07843 ( 1)  0.120
 521 G   0.94223 0.05777 ( 1)  0.100
 522 L   0.91306 0.08694 ( 1)  0.128
 523 V   0.93097 0.06903 ( 1)  0.111
 524 W   0.91266 0.08734 ( 1)  0.128
 525 W   0.97422 0.02578 ( 1)  0.070
 526 G   0.93513 0.06487 ( 1)  0.107
 527 A   0.93204 0.06796 ( 1)  0.110
 528 D   0.93218 0.06782 ( 1)  0.110
 529 Y   0.93317 0.06683 ( 1)  0.109
 530 I   0.91916 0.08084 ( 1)  0.122
 531 C   0.91697 0.08303 ( 1)  0.124
 532 M   0.91448 0.08552 ( 1)  0.127
 533 S   0.92685 0.07315 ( 1)  0.115
 534 D   0.92797 0.07203 ( 1)  0.114
 535 V   0.92948 0.07052 ( 1)  0.112
 536 S   0.92216 0.07784 ( 1)  0.119
 537 L   0.91406 0.08594 ( 1)  0.127
 538 E   0.91394 0.08606 ( 1)  0.127


lnL = -4446.185943

