Supplemental results for CODEML (seqf: algn  treef: tree)


dN/dS (w) for site classes (K=2)

p:   0.38845  0.61155
w:   0.00000  1.00000

Naive Empirical Bayes (NEB) probabilities for 2 classes & postmean_w
(amino acids refer to 1st sequence: Mlig.42275)

   1 M   0.80645 0.19355 ( 1)  0.194
   2 L   0.73692 0.26308 ( 1)  0.263
   3 L   0.73480 0.26520 ( 1)  0.265
   4 L   0.73692 0.26308 ( 1)  0.263
   5 Q   0.78465 0.21535 ( 1)  0.215
   6 I   0.73829 0.26171 ( 1)  0.262
   7 G   0.71332 0.28668 ( 1)  0.287
   8 L   0.73480 0.26520 ( 1)  0.265
   9 R   0.74421 0.25579 ( 1)  0.256
  10 V   0.77671 0.22329 ( 1)  0.223
  11 V   0.82597 0.17403 ( 1)  0.174
  12 R   0.81259 0.18741 ( 1)  0.187
  13 G   0.71332 0.28668 ( 1)  0.287
  14 P   0.83065 0.16935 ( 1)  0.169
  15 N   0.84840 0.15160 ( 1)  0.152
  16 W   0.85672 0.14328 ( 1)  0.143
  17 K   0.71595 0.28405 ( 1)  0.284
  18 W   0.85672 0.14328 ( 1)  0.143
  19 Q   0.84837 0.15163 ( 1)  0.152
  20 D   0.83627 0.16373 ( 1)  0.164
  21 Q   0.84837 0.15163 ( 1)  0.152
  22 D   0.85863 0.14137 ( 1)  0.141
  23 G   0.75630 0.24370 ( 1)  0.244
  24 G   0.75630 0.24370 ( 1)  0.244
  25 E   0.86982 0.13018 ( 1)  0.130
  26 G   0.71332 0.28668 ( 1)  0.287
  27 S   0.53655 0.46345 ( 1)  0.463
  28 V   0.76633 0.23367 ( 1)  0.234
  29 G   0.71332 0.28668 ( 1)  0.287
  30 T   0.60422 0.39578 ( 1)  0.396
  31 V   0.76633 0.23367 ( 1)  0.234
  32 V   0.77671 0.22329 ( 1)  0.223
  33 E   0.84578 0.15422 ( 1)  0.154
  34 I   0.73829 0.26171 ( 1)  0.262
  35 G   0.75630 0.24370 ( 1)  0.244
  36 K   0.71595 0.28405 ( 1)  0.284
  37 S   0.64254 0.35746 ( 1)  0.357
  38 V   0.77671 0.22329 ( 1)  0.223
  39 S   0.73029 0.26971 ( 1)  0.270
  40 S   0.53655 0.46345 ( 1)  0.463
  41 T   0.70866 0.29134 ( 1)  0.291
  42 A   0.75897 0.24103 ( 1)  0.241
  43 V   0.77671 0.22329 ( 1)  0.223
  44 A   0.76867 0.23133 ( 1)  0.231
  45 A   0.75897 0.24103 ( 1)  0.241
  46 S   0.69762 0.30238 ( 1)  0.302
  47 A   0.75897 0.24103 ( 1)  0.241
  48 D   0.83627 0.16373 ( 1)  0.164
  49 L   0.73480 0.26520 ( 1)  0.265
  50 A   0.67839 0.32161 ( 1)  0.322
  51 A   0.76867 0.23133 ( 1)  0.231
  52 T   0.60422 0.39578 ( 1)  0.396
  53 A   0.75897 0.24103 ( 1)  0.241
  54 S   0.82297 0.17703 ( 1)  0.177
  55 R   0.78818 0.21182 ( 1)  0.212
  56 L   0.73480 0.26520 ( 1)  0.265
  57 T   0.70866 0.29134 ( 1)  0.291
  58 G   0.71332 0.28668 ( 1)  0.287
  59 S   0.86236 0.13764 ( 1)  0.138
  60 S   0.69762 0.30238 ( 1)  0.302
  61 K   0.71595 0.28405 ( 1)  0.284
  62 S   0.73029 0.26971 ( 1)  0.270
  63 A   0.75897 0.24103 ( 1)  0.241
  64 T   0.60422 0.39578 ( 1)  0.396
  65 S   0.53655 0.46345 ( 1)  0.463
  66 A   0.67839 0.32161 ( 1)  0.322
  67 A   0.67839 0.32161 ( 1)  0.322
  68 A   0.67839 0.32161 ( 1)  0.322
  69 S   0.53655 0.46345 ( 1)  0.463
  70 N   0.84840 0.15160 ( 1)  0.152
  71 S   0.53655 0.46345 ( 1)  0.463
  72 A   0.75897 0.24103 ( 1)  0.241
  73 S   0.53655 0.46345 ( 1)  0.463
  74 S   0.73029 0.26971 ( 1)  0.270
  75 S   0.53655 0.46345 ( 1)  0.463
  76 S   0.86236 0.13764 ( 1)  0.138
  77 M   0.00000 1.00000 ( 2)  1.000
  78 N   0.78153 0.21847 ( 1)  0.218
  79 H   0.87188 0.12812 ( 1)  0.128
  80 S   0.80473 0.19527 ( 1)  0.195
  81 S   0.86236 0.13764 ( 1)  0.138
  82 S   0.86236 0.13764 ( 1)  0.138
  83 Y   0.73892 0.26108 ( 1)  0.261
  84 N   0.84840 0.15160 ( 1)  0.152
  85 S   0.86236 0.13764 ( 1)  0.138
  86 S   0.86236 0.13764 ( 1)  0.138
  87 G   0.72595 0.27405 ( 1)  0.274
  88 P   0.63994 0.36006 ( 1)  0.360
  89 E   0.86982 0.13018 ( 1)  0.130
  90 K   0.71595 0.28405 ( 1)  0.284
  91 T   0.60422 0.39578 ( 1)  0.396
  92 V   0.76633 0.23367 ( 1)  0.234
  93 F   0.78048 0.21952 ( 1)  0.220
  94 V   0.67700 0.32300 ( 1)  0.323
  95 Q   0.78465 0.21535 ( 1)  0.215
  96 W   0.85672 0.14328 ( 1)  0.143
  97 D   0.85863 0.14137 ( 1)  0.141
  98 N   0.78153 0.21847 ( 1)  0.218
  99 G   0.72595 0.27405 ( 1)  0.274
 100 S   0.69762 0.30238 ( 1)  0.302
 101 R   0.71474 0.28526 ( 1)  0.285
 102 T   0.70866 0.29134 ( 1)  0.291
 103 N   0.78153 0.21847 ( 1)  0.218
 104 Y   0.73892 0.26108 ( 1)  0.261
 105 R   0.71474 0.28526 ( 1)  0.285
 106 V   0.76633 0.23367 ( 1)  0.234
 107 G   0.63901 0.36099 ( 1)  0.361
 108 Y   0.83340 0.16660 ( 1)  0.167
 109 Q   0.84837 0.15163 ( 1)  0.152
 110 G   0.75630 0.24370 ( 1)  0.244
 111 A   0.81247 0.18753 ( 1)  0.188
 112 Y   0.83340 0.16660 ( 1)  0.167
 113 D   0.83627 0.16373 ( 1)  0.164
 114 L   0.75757 0.24243 ( 1)  0.242
 115 R   0.78818 0.21182 ( 1)  0.212
 116 V   0.77671 0.22329 ( 1)  0.223
 117 F   0.85835 0.14165 ( 1)  0.142
 118 D   0.83627 0.16373 ( 1)  0.164
 119 S   0.86236 0.13764 ( 1)  0.138
 120 A   0.76867 0.23133 ( 1)  0.231
 121 P   0.74529 0.25471 ( 1)  0.255
 122 V   0.67700 0.32300 ( 1)  0.323
 123 G   0.75630 0.24370 ( 1)  0.244
 124 I   0.73829 0.26171 ( 1)  0.262
 125 R   0.74421 0.25579 ( 1)  0.256
 126 H   0.87188 0.12812 ( 1)  0.128
 127 T   0.72182 0.27818 ( 1)  0.278
 128 V   0.77671 0.22329 ( 1)  0.223
 129 S   0.69762 0.30238 ( 1)  0.302
 130 C   0.86898 0.13102 ( 1)  0.131
 131 S   0.86236 0.13764 ( 1)  0.138
 132 E   0.84578 0.15422 ( 1)  0.154
 133 C   0.86898 0.13102 ( 1)  0.131
 134 N   0.78153 0.21847 ( 1)  0.218
 135 R   0.81259 0.18741 ( 1)  0.187
 136 R   0.60015 0.39985 ( 1)  0.400
 137 S   0.69762 0.30238 ( 1)  0.302
 138 L   0.63182 0.36818 ( 1)  0.368
 139 A   0.67839 0.32161 ( 1)  0.322
 140 S   0.53655 0.46345 ( 1)  0.463
 141 A   0.75897 0.24103 ( 1)  0.241
 142 G   0.75630 0.24370 ( 1)  0.244
 143 G   0.75630 0.24370 ( 1)  0.244
 144 S   0.80473 0.19527 ( 1)  0.195
 145 L   0.73480 0.26520 ( 1)  0.265
 146 S   0.73029 0.26971 ( 1)  0.270
 147 A   0.67839 0.32161 ( 1)  0.322
 148 S   0.73029 0.26971 ( 1)  0.270
 149 S   0.69762 0.30238 ( 1)  0.302
 150 G   0.75630 0.24370 ( 1)  0.244
 151 G   0.71332 0.28668 ( 1)  0.287
 152 R   0.81259 0.18741 ( 1)  0.187
 153 S   0.86236 0.13764 ( 1)  0.138
 154 S   0.86236 0.13764 ( 1)  0.138
 155 V   0.82597 0.17403 ( 1)  0.174
 156 G   0.71332 0.28668 ( 1)  0.287
 157 A   0.75897 0.24103 ( 1)  0.241
 158 V   0.76633 0.23367 ( 1)  0.234
 159 G   0.75630 0.24370 ( 1)  0.244
 160 R   0.81259 0.18741 ( 1)  0.187
 161 S   0.80473 0.19527 ( 1)  0.195
 162 P   0.75924 0.24076 ( 1)  0.241
 163 H   0.81922 0.18078 ( 1)  0.181
 164 H   0.87188 0.12812 ( 1)  0.128
 165 Q   0.84837 0.15163 ( 1)  0.152
 166 Q   0.84837 0.15163 ( 1)  0.152
 167 Q   0.84837 0.15163 ( 1)  0.152
 168 Q   0.84837 0.15163 ( 1)  0.152
 169 Q   0.84837 0.15163 ( 1)  0.152
 170 P   0.00000 1.00000 ( 2)  1.000
 171 I   0.00000 1.00000 ( 2)  1.000
 172 Q   0.00000 1.00000 ( 2)  1.000
 173 G   0.00000 1.00000 ( 2)  1.000
 174 I   0.00000 1.00000 ( 2)  1.000
 175 R   0.00000 1.00000 ( 2)  1.000
 176 W   0.00000 1.00000 ( 2)  1.000
 177 T   0.00000 1.00000 ( 2)  1.000
 178 C   0.00000 1.00000 ( 2)  1.000
 179 A   0.00000 1.00000 ( 2)  1.000
 180 E   0.00000 1.00000 ( 2)  1.000
 181 C   0.00000 1.00000 ( 2)  1.000
 182 D   0.00000 1.00000 ( 2)  1.000
 183 N   0.00000 1.00000 ( 2)  1.000
 184 Y   0.00000 1.00000 ( 2)  1.000
 185 S   0.00000 1.00000 ( 2)  1.000
 186 L   0.00000 1.00000 ( 2)  1.000
 187 C   0.00000 1.00000 ( 2)  1.000
 188 S   0.00000 1.00000 ( 2)  1.000
 189 A   0.00000 1.00000 ( 2)  1.000
 190 C   0.00000 1.00000 ( 2)  1.000
 191 Y   0.00000 1.00000 ( 2)  1.000
 192 H   0.00000 1.00000 ( 2)  1.000
 193 G   0.00000 1.00000 ( 2)  1.000
 194 D   0.00000 1.00000 ( 2)  1.000
 195 A   0.00000 1.00000 ( 2)  1.000
 196 H   0.00000 1.00000 ( 2)  1.000
 197 N   0.00000 1.00000 ( 2)  1.000
 198 L   0.00000 1.00000 ( 2)  1.000
 199 D   0.00000 1.00000 ( 2)  1.000
 200 H   0.00000 1.00000 ( 2)  1.000
 201 E   0.00000 1.00000 ( 2)  1.000
 202 F   0.00000 1.00000 ( 2)  1.000
 203 Y   0.00000 1.00000 ( 2)  1.000
 204 R   0.00000 1.00000 ( 2)  1.000
 205 F   0.00000 1.00000 ( 2)  1.000
 206 D   0.00000 1.00000 ( 2)  1.000
 207 Y   0.00000 1.00000 ( 2)  1.000
 208 N   0.00000 1.00000 ( 2)  1.000
 209 K   0.00000 1.00000 ( 2)  1.000
 210 S   0.00000 1.00000 ( 2)  1.000
 211 A   0.00000 1.00000 ( 2)  1.000
 212 R   0.00000 1.00000 ( 2)  1.000
 213 V   0.00000 1.00000 ( 2)  1.000
 214 S   0.00000 1.00000 ( 2)  1.000
 215 V   0.00000 1.00000 ( 2)  1.000
 216 G   0.00000 1.00000 ( 2)  1.000
 217 K   0.00000 1.00000 ( 2)  1.000
 218 R   0.00000 1.00000 ( 2)  1.000
 219 R   0.47367 0.52633 ( 2)  0.526
 220 G   0.00000 1.00000 ( 2)  1.000
 221 C   0.00000 1.00000 ( 2)  1.000
 222 V   0.00000 1.00000 ( 2)  1.000
 223 K   0.00000 1.00000 ( 2)  1.000
 224 M   0.00000 1.00000 ( 2)  1.000
 225 D   0.00000 1.00000 ( 2)  1.000
 226 A   0.00001 0.99999 ( 2)  1.000
 227 R   0.00000 1.00000 ( 2)  1.000
 228 G   0.00000 1.00000 ( 2)  1.000
 229 I   0.00000 1.00000 ( 2)  1.000
 230 F   0.00000 1.00000 ( 2)  1.000
 231 A   0.00000 1.00000 ( 2)  1.000
 232 G   0.00000 1.00000 ( 2)  1.000
 233 A   0.00000 1.00000 ( 2)  1.000
 234 R   0.00000 1.00000 ( 2)  1.000
 235 V   0.00000 1.00000 ( 2)  1.000
 236 V   0.82597 0.17403 ( 1)  0.174
 237 R   0.00000 1.00000 ( 2)  1.000
 238 G   0.00000 1.00000 ( 2)  1.000
 239 P   0.00000 1.00000 ( 2)  1.000
 240 D   0.00000 1.00000 ( 2)  1.000
 241 W   0.00000 1.00000 ( 2)  1.000
 242 D   0.00000 1.00000 ( 2)  1.000
 243 W   0.00000 1.00000 ( 2)  1.000
 244 G   0.00000 1.00000 ( 2)  1.000
 245 R   0.00000 1.00000 ( 2)  1.000
 246 Q   0.00000 1.00000 ( 2)  1.000
 247 D   0.00000 1.00000 ( 2)  1.000
 248 G   0.00000 1.00000 ( 2)  1.000
 249 G   0.75630 0.24370 ( 1)  0.244
 250 D   0.00000 1.00000 ( 2)  1.000
 251 G   0.00000 1.00000 ( 2)  1.000
 252 R   0.00000 1.00000 ( 2)  1.000
 253 P   0.00000 1.00000 ( 2)  1.000
 254 G   0.00000 1.00000 ( 2)  1.000
 255 R   0.00000 1.00000 ( 2)  1.000
 256 V   0.00000 1.00000 ( 2)  1.000
 257 L   0.00000 1.00000 ( 2)  1.000
 258 D   0.00000 1.00000 ( 2)  1.000
 259 I   0.00000 1.00000 ( 2)  1.000
 260 R   0.00000 1.00000 ( 2)  1.000
 261 G   0.00000 1.00000 ( 2)  1.000
 262 W   0.00000 1.00000 ( 2)  1.000
 263 E   0.00000 1.00000 ( 2)  1.000
 264 N   0.00000 1.00000 ( 2)  1.000
 265 E   0.00000 1.00000 ( 2)  1.000
 266 S   0.00000 1.00000 ( 2)  1.000
 267 G   0.00000 1.00000 ( 2)  1.000
 268 R   0.00000 1.00000 ( 2)  1.000
 269 S   0.00000 1.00000 ( 2)  1.000
 270 V   0.00000 1.00000 ( 2)  1.000
 271 A   0.00000 1.00000 ( 2)  1.000
 272 N   0.00000 1.00000 ( 2)  1.000
 273 V   0.00000 1.00000 ( 2)  1.000
 274 R   0.00000 1.00000 ( 2)  1.000
 275 W   0.00000 1.00000 ( 2)  1.000
 276 D   0.00000 1.00000 ( 2)  1.000
 277 N   0.00000 1.00000 ( 2)  1.000
 278 G   0.00000 1.00000 ( 2)  1.000
 279 L   0.00000 1.00000 ( 2)  1.000
 280 S   0.00000 1.00000 ( 2)  1.000
 281 N   0.00000 1.00000 ( 2)  1.000
 282 V   0.00000 1.00000 ( 2)  1.000
 283 Y   0.00000 1.00000 ( 2)  1.000
 284 R   0.00000 1.00000 ( 2)  1.000
 285 V   0.00000 1.00000 ( 2)  1.000
 286 G   0.00000 1.00000 ( 2)  1.000
 287 H   0.00000 1.00000 ( 2)  1.000
 288 K   0.00000 1.00000 ( 2)  1.000
 289 G   0.00000 1.00000 ( 2)  1.000
 290 K   0.00000 1.00000 ( 2)  1.000
 291 V   0.00000 1.00000 ( 2)  1.000
 292 D   0.00000 1.00000 ( 2)  1.000
 293 L   0.00000 1.00000 ( 2)  1.000
 294 K   0.00000 1.00000 ( 2)  1.000
 295 L   0.00000 1.00000 ( 2)  1.000
 296 L   0.77758 0.22242 ( 1)  0.222
 297 Q   0.00000 1.00000 ( 2)  1.000
 298 A   0.00000 1.00000 ( 2)  1.000
 299 P   0.00000 1.00000 ( 2)  1.000
 300 A   0.00000 1.00000 ( 2)  1.000
 301 S   0.00000 1.00000 ( 2)  1.000
 302 W   0.00000 1.00000 ( 2)  1.000
 303 G   0.00000 1.00000 ( 2)  1.000
 304 L   0.00000 1.00000 ( 2)  1.000
 305 Y   0.00000 1.00000 ( 2)  1.000
 306 Y   0.77737 0.22263 ( 1)  0.223
 307 R   0.00000 1.00000 ( 2)  1.000
 308 D   0.00000 1.00000 ( 2)  1.000
 309 H   0.00000 1.00000 ( 2)  1.000
 310 L   0.00000 1.00000 ( 2)  1.000
 311 P   0.00000 1.00000 ( 2)  1.000
 312 V   0.00000 1.00000 ( 2)  1.000
 313 L   0.00000 1.00000 ( 2)  1.000
 314 G   0.00000 1.00000 ( 2)  1.000
 315 E   0.00000 1.00000 ( 2)  1.000
 316 R   0.00000 1.00000 ( 2)  1.000
 317 L   0.00000 1.00000 ( 2)  1.000
 318 D   0.00000 1.00000 ( 2)  1.000
 319 S   0.00000 1.00000 ( 2)  1.000
 320 V   0.00000 1.00000 ( 2)  1.000
 321 G   0.00000 1.00000 ( 2)  1.000
 322 G   0.75630 0.24370 ( 1)  0.244
 323 G   0.75630 0.24370 ( 1)  0.244
 324 C   0.00000 1.00000 ( 2)  1.000
 325 P   0.00000 1.00000 ( 2)  1.000
 326 Y   0.00000 1.00000 ( 2)  1.000
 327 R   0.00000 1.00000 ( 2)  1.000
 328 V   0.00000 1.00000 ( 2)  1.000
 329 G   0.00000 1.00000 ( 2)  1.000
 330 E   0.00000 1.00000 ( 2)  1.000
 331 R   0.00000 1.00000 ( 2)  1.000
 332 V   0.00000 1.00000 ( 2)  1.000
 333 R   0.00000 1.00000 ( 2)  1.000
 334 V   0.00000 1.00000 ( 2)  1.000
 335 A   0.00000 1.00000 ( 2)  1.000
 336 R   0.00000 1.00000 ( 2)  1.000
 337 S   0.00000 1.00000 ( 2)  1.000
 338 E   0.00000 1.00000 ( 2)  1.000
 339 A   0.00000 1.00000 ( 2)  1.000
 340 Q   0.00000 1.00000 ( 2)  1.000
 341 L   0.00000 1.00000 ( 2)  1.000


lnL = -2371.446028

