Supplemental results for CODEML (seqf: algn  treef: tree)


dN/dS (w) for site classes (K=3)

p:   1.00000  0.00000  0.00000
w:   0.52941  1.00000  1.00000

Naive Empirical Bayes (NEB) probabilities for 3 classes & postmean_w
(amino acids refer to 1st sequence: Smar.3519)

   1 M   1.00000 0.00000 0.00000 ( 1)  0.529
   2 Q   1.00000 0.00000 0.00000 ( 1)  0.529
   3 C   1.00000 0.00000 0.00000 ( 1)  0.529
   4 D   1.00000 0.00000 0.00000 ( 1)  0.529
   5 E   1.00000 0.00000 0.00000 ( 1)  0.529
   6 C   1.00000 0.00000 0.00000 ( 1)  0.529
   7 N   1.00000 0.00000 0.00000 ( 1)  0.529
   8 K   1.00000 0.00000 0.00000 ( 1)  0.529
   9 W   1.00000 0.00000 0.00000 ( 1)  0.529
  10 F   1.00000 0.00000 0.00000 ( 1)  0.529
  11 H   1.00000 0.00000 0.00000 ( 1)  0.529
  12 K   1.00000 0.00000 0.00000 ( 1)  0.529
  13 M   1.00000 0.00000 0.00000 ( 1)  0.529
  14 C   1.00000 0.00000 0.00000 ( 1)  0.529
  15 T   1.00000 0.00000 0.00000 ( 1)  0.529
  16 R   1.00000 0.00000 0.00000 ( 1)  0.529
  17 L   1.00000 0.00000 0.00000 ( 1)  0.529
  18 S   1.00000 0.00000 0.00000 ( 1)  0.529
  19 P   1.00000 0.00000 0.00000 ( 1)  0.529
  20 T   1.00000 0.00000 0.00000 ( 1)  0.529
  21 A   1.00000 0.00000 0.00000 ( 1)  0.529
  22 Y   1.00000 0.00000 0.00000 ( 1)  0.529
  23 K   1.00000 0.00000 0.00000 ( 1)  0.529
  24 R   1.00000 0.00000 0.00000 ( 1)  0.529
  25 C   1.00000 0.00000 0.00000 ( 1)  0.529
  26 S   1.00000 0.00000 0.00000 ( 1)  0.529
  27 K   1.00000 0.00000 0.00000 ( 1)  0.529
  28 P   1.00000 0.00000 0.00000 ( 1)  0.529
  29 N   1.00000 0.00000 0.00000 ( 1)  0.529
  30 S   1.00000 0.00000 0.00000 ( 1)  0.529
  31 H   1.00000 0.00000 0.00000 ( 1)  0.529
  32 W   1.00000 0.00000 0.00000 ( 1)  0.529
  33 L   1.00000 0.00000 0.00000 ( 1)  0.529
  34 C   1.00000 0.00000 0.00000 ( 1)  0.529
  35 M   1.00000 0.00000 0.00000 ( 1)  0.529
  36 F   1.00000 0.00000 0.00000 ( 1)  0.529
  37 C   1.00000 0.00000 0.00000 ( 1)  0.529
  38 C   1.00000 0.00000 0.00000 ( 1)  0.529
  39 A   1.00000 0.00000 0.00000 ( 1)  0.529
  40 N   1.00000 0.00000 0.00000 ( 1)  0.529
  41 K   1.00000 0.00000 0.00000 ( 1)  0.529
  42 A   1.00000 0.00000 0.00000 ( 1)  0.529
  43 L   1.00000 0.00000 0.00000 ( 1)  0.529
  44 L   1.00000 0.00000 0.00000 ( 1)  0.529
  45 I   1.00000 0.00000 0.00000 ( 1)  0.529
  46 Q   1.00000 0.00000 0.00000 ( 1)  0.529
  47 E   1.00000 0.00000 0.00000 ( 1)  0.529
  48 A   1.00000 0.00000 0.00000 ( 1)  0.529
  49 M   1.00000 0.00000 0.00000 ( 1)  0.529
  50 S   1.00000 0.00000 0.00000 ( 1)  0.529
  51 L   1.00000 0.00000 0.00000 ( 1)  0.529
  52 L   1.00000 0.00000 0.00000 ( 1)  0.529
  53 A   1.00000 0.00000 0.00000 ( 1)  0.529
  54 L   1.00000 0.00000 0.00000 ( 1)  0.529
  55 A   1.00000 0.00000 0.00000 ( 1)  0.529
  56 C   1.00000 0.00000 0.00000 ( 1)  0.529
  57 K   1.00000 0.00000 0.00000 ( 1)  0.529
  58 K   1.00000 0.00000 0.00000 ( 1)  0.529
  59 N   1.00000 0.00000 0.00000 ( 1)  0.529
  60 D   1.00000 0.00000 0.00000 ( 1)  0.529
  61 G   1.00000 0.00000 0.00000 ( 1)  0.529
  62 I   1.00000 0.00000 0.00000 ( 1)  0.529
  63 C   1.00000 0.00000 0.00000 ( 1)  0.529
  64 A   1.00000 0.00000 0.00000 ( 1)  0.529
  65 D   1.00000 0.00000 0.00000 ( 1)  0.529
  66 N   1.00000 0.00000 0.00000 ( 1)  0.529
  67 T   1.00000 0.00000 0.00000 ( 1)  0.529
  68 G   1.00000 0.00000 0.00000 ( 1)  0.529
  69 T   1.00000 0.00000 0.00000 ( 1)  0.529
  70 D   1.00000 0.00000 0.00000 ( 1)  0.529
  71 S   1.00000 0.00000 0.00000 ( 1)  0.529
  72 D   1.00000 0.00000 0.00000 ( 1)  0.529
  73 E   1.00000 0.00000 0.00000 ( 1)  0.529
  74 C   1.00000 0.00000 0.00000 ( 1)  0.529
  75 V   1.00000 0.00000 0.00000 ( 1)  0.529
  76 S   1.00000 0.00000 0.00000 ( 1)  0.529
  77 V   1.00000 0.00000 0.00000 ( 1)  0.529
  78 V   1.00000 0.00000 0.00000 ( 1)  0.529
  79 T   1.00000 0.00000 0.00000 ( 1)  0.529
  80 Q   1.00000 0.00000 0.00000 ( 1)  0.529
  81 R   1.00000 0.00000 0.00000 ( 1)  0.529
  82 L   1.00000 0.00000 0.00000 ( 1)  0.529
  83 K   1.00000 0.00000 0.00000 ( 1)  0.529
  84 K   1.00000 0.00000 0.00000 ( 1)  0.529
  85 P   1.00000 0.00000 0.00000 ( 1)  0.529
  86 T   1.00000 0.00000 0.00000 ( 1)  0.529
  87 L   1.00000 0.00000 0.00000 ( 1)  0.529
  88 N   1.00000 0.00000 0.00000 ( 1)  0.529
  89 D   1.00000 0.00000 0.00000 ( 1)  0.529
  90 A   1.00000 0.00000 0.00000 ( 1)  0.529
  91 K   1.00000 0.00000 0.00000 ( 1)  0.529
  92 V   1.00000 0.00000 0.00000 ( 1)  0.529
  93 K   1.00000 0.00000 0.00000 ( 1)  0.529
  94 S   1.00000 0.00000 0.00000 ( 1)  0.529
  95 P   1.00000 0.00000 0.00000 ( 1)  0.529
  96 L   1.00000 0.00000 0.00000 ( 1)  0.529
  97 I   1.00000 0.00000 0.00000 ( 1)  0.529
  98 L   1.00000 0.00000 0.00000 ( 1)  0.529
  99 T   1.00000 0.00000 0.00000 ( 1)  0.529
 100 G   1.00000 0.00000 0.00000 ( 1)  0.529
 101 G   1.00000 0.00000 0.00000 ( 1)  0.529
 102 V   1.00000 0.00000 0.00000 ( 1)  0.529
 103 V   1.00000 0.00000 0.00000 ( 1)  0.529
 104 P   1.00000 0.00000 0.00000 ( 1)  0.529
 105 P   1.00000 0.00000 0.00000 ( 1)  0.529
 106 S   1.00000 0.00000 0.00000 ( 1)  0.529
 107 T   1.00000 0.00000 0.00000 ( 1)  0.529
 108 D   1.00000 0.00000 0.00000 ( 1)  0.529
 109 I   1.00000 0.00000 0.00000 ( 1)  0.529
 110 V   1.00000 0.00000 0.00000 ( 1)  0.529
 111 N   1.00000 0.00000 0.00000 ( 1)  0.529
 112 H   1.00000 0.00000 0.00000 ( 1)  0.529
 113 A   1.00000 0.00000 0.00000 ( 1)  0.529
 114 P   1.00000 0.00000 0.00000 ( 1)  0.529
 115 L   1.00000 0.00000 0.00000 ( 1)  0.529
 116 V   1.00000 0.00000 0.00000 ( 1)  0.529
 117 G   1.00000 0.00000 0.00000 ( 1)  0.529
 118 T   1.00000 0.00000 0.00000 ( 1)  0.529
 119 D   1.00000 0.00000 0.00000 ( 1)  0.529
 120 D   1.00000 0.00000 0.00000 ( 1)  0.529
 121 L   1.00000 0.00000 0.00000 ( 1)  0.529
 122 D   1.00000 0.00000 0.00000 ( 1)  0.529
 123 K   1.00000 0.00000 0.00000 ( 1)  0.529
 124 T   1.00000 0.00000 0.00000 ( 1)  0.529
 125 V   1.00000 0.00000 0.00000 ( 1)  0.529
 126 T   1.00000 0.00000 0.00000 ( 1)  0.529
 127 V   1.00000 0.00000 0.00000 ( 1)  0.529
 128 P   1.00000 0.00000 0.00000 ( 1)  0.529
 129 N   1.00000 0.00000 0.00000 ( 1)  0.529
 130 S   1.00000 0.00000 0.00000 ( 1)  0.529
 131 P   1.00000 0.00000 0.00000 ( 1)  0.529
 132 S   1.00000 0.00000 0.00000 ( 1)  0.529
 133 V   1.00000 0.00000 0.00000 ( 1)  0.529
 134 T   1.00000 0.00000 0.00000 ( 1)  0.529
 135 R   1.00000 0.00000 0.00000 ( 1)  0.529
 136 D   1.00000 0.00000 0.00000 ( 1)  0.529
 137 E   1.00000 0.00000 0.00000 ( 1)  0.529
 138 K   1.00000 0.00000 0.00000 ( 1)  0.529
 139 W   1.00000 0.00000 0.00000 ( 1)  0.529
 140 T   1.00000 0.00000 0.00000 ( 1)  0.529
 141 T   1.00000 0.00000 0.00000 ( 1)  0.529
 142 V   1.00000 0.00000 0.00000 ( 1)  0.529
 143 R   1.00000 0.00000 0.00000 ( 1)  0.529
 144 R   1.00000 0.00000 0.00000 ( 1)  0.529
 145 K   1.00000 0.00000 0.00000 ( 1)  0.529
 146 R   1.00000 0.00000 0.00000 ( 1)  0.529
 147 N   1.00000 0.00000 0.00000 ( 1)  0.529
 148 E   1.00000 0.00000 0.00000 ( 1)  0.529
 149 K   1.00000 0.00000 0.00000 ( 1)  0.529
 150 K   1.00000 0.00000 0.00000 ( 1)  0.529
 151 K   1.00000 0.00000 0.00000 ( 1)  0.529
 152 A   1.00000 0.00000 0.00000 ( 1)  0.529
 153 V   1.00000 0.00000 0.00000 ( 1)  0.529
 154 N   1.00000 0.00000 0.00000 ( 1)  0.529
 155 S   1.00000 0.00000 0.00000 ( 1)  0.529
 156 T   1.00000 0.00000 0.00000 ( 1)  0.529
 157 Q   1.00000 0.00000 0.00000 ( 1)  0.529
 158 V   1.00000 0.00000 0.00000 ( 1)  0.529
 159 V   1.00000 0.00000 0.00000 ( 1)  0.529
 160 S   1.00000 0.00000 0.00000 ( 1)  0.529
 161 N   1.00000 0.00000 0.00000 ( 1)  0.529
 162 S   1.00000 0.00000 0.00000 ( 1)  0.529
 163 M   1.00000 0.00000 0.00000 ( 1)  0.529
 164 V   1.00000 0.00000 0.00000 ( 1)  0.529
 165 D   1.00000 0.00000 0.00000 ( 1)  0.529
 166 S   1.00000 0.00000 0.00000 ( 1)  0.529
 167 N   1.00000 0.00000 0.00000 ( 1)  0.529
 168 C   1.00000 0.00000 0.00000 ( 1)  0.529
 169 E   1.00000 0.00000 0.00000 ( 1)  0.529
 170 P   1.00000 0.00000 0.00000 ( 1)  0.529
 171 Q   1.00000 0.00000 0.00000 ( 1)  0.529
 172 V   1.00000 0.00000 0.00000 ( 1)  0.529
 173 A   1.00000 0.00000 0.00000 ( 1)  0.529
 174 L   1.00000 0.00000 0.00000 ( 1)  0.529
 175 P   1.00000 0.00000 0.00000 ( 1)  0.529
 176 R   1.00000 0.00000 0.00000 ( 1)  0.529
 177 S   1.00000 0.00000 0.00000 ( 1)  0.529
 178 D   1.00000 0.00000 0.00000 ( 1)  0.529
 179 R   1.00000 0.00000 0.00000 ( 1)  0.529
 180 K   1.00000 0.00000 0.00000 ( 1)  0.529
 181 S   1.00000 0.00000 0.00000 ( 1)  0.529
 182 E   1.00000 0.00000 0.00000 ( 1)  0.529
 183 T   1.00000 0.00000 0.00000 ( 1)  0.529
 184 H   1.00000 0.00000 0.00000 ( 1)  0.529
 185 P   1.00000 0.00000 0.00000 ( 1)  0.529
 186 G   1.00000 0.00000 0.00000 ( 1)  0.529
 187 V   1.00000 0.00000 0.00000 ( 1)  0.529
 188 T   1.00000 0.00000 0.00000 ( 1)  0.529
 189 E   1.00000 0.00000 0.00000 ( 1)  0.529
 190 K   1.00000 0.00000 0.00000 ( 1)  0.529
 191 K   1.00000 0.00000 0.00000 ( 1)  0.529
 192 N   1.00000 0.00000 0.00000 ( 1)  0.529
 193 L   1.00000 0.00000 0.00000 ( 1)  0.529
 194 I   1.00000 0.00000 0.00000 ( 1)  0.529
 195 T   1.00000 0.00000 0.00000 ( 1)  0.529
 196 S   1.00000 0.00000 0.00000 ( 1)  0.529
 197 N   1.00000 0.00000 0.00000 ( 1)  0.529
 198 I   1.00000 0.00000 0.00000 ( 1)  0.529
 199 I   1.00000 0.00000 0.00000 ( 1)  0.529
 200 V   1.00000 0.00000 0.00000 ( 1)  0.529
 201 S   1.00000 0.00000 0.00000 ( 1)  0.529
 202 K   1.00000 0.00000 0.00000 ( 1)  0.529
 203 L   1.00000 0.00000 0.00000 ( 1)  0.529
 204 R   1.00000 0.00000 0.00000 ( 1)  0.529
 205 E   1.00000 0.00000 0.00000 ( 1)  0.529
 206 S   1.00000 0.00000 0.00000 ( 1)  0.529
 207 S   1.00000 0.00000 0.00000 ( 1)  0.529
 208 D   1.00000 0.00000 0.00000 ( 1)  0.529
 209 P   1.00000 0.00000 0.00000 ( 1)  0.529
 210 D   1.00000 0.00000 0.00000 ( 1)  0.529
 211 P   1.00000 0.00000 0.00000 ( 1)  0.529
 212 K   1.00000 0.00000 0.00000 ( 1)  0.529
 213 V   1.00000 0.00000 0.00000 ( 1)  0.529
 214 R   1.00000 0.00000 0.00000 ( 1)  0.529
 215 H   1.00000 0.00000 0.00000 ( 1)  0.529
 216 A   1.00000 0.00000 0.00000 ( 1)  0.529
 217 H   1.00000 0.00000 0.00000 ( 1)  0.529
 218 N   1.00000 0.00000 0.00000 ( 1)  0.529
 219 L   1.00000 0.00000 0.00000 ( 1)  0.529
 220 E   1.00000 0.00000 0.00000 ( 1)  0.529
 221 K   1.00000 0.00000 0.00000 ( 1)  0.529
 222 L   1.00000 0.00000 0.00000 ( 1)  0.529
 223 G   1.00000 0.00000 0.00000 ( 1)  0.529
 224 E   1.00000 0.00000 0.00000 ( 1)  0.529
 225 Y   1.00000 0.00000 0.00000 ( 1)  0.529
 226 I   1.00000 0.00000 0.00000 ( 1)  0.529
 227 R   1.00000 0.00000 0.00000 ( 1)  0.529
 228 S   1.00000 0.00000 0.00000 ( 1)  0.529
 229 I   1.00000 0.00000 0.00000 ( 1)  0.529
 230 L   1.00000 0.00000 0.00000 ( 1)  0.529
 231 P   1.00000 0.00000 0.00000 ( 1)  0.529
 232 D   1.00000 0.00000 0.00000 ( 1)  0.529
 233 N   1.00000 0.00000 0.00000 ( 1)  0.529
 234 S   1.00000 0.00000 0.00000 ( 1)  0.529
 235 K   1.00000 0.00000 0.00000 ( 1)  0.529
 236 G   1.00000 0.00000 0.00000 ( 1)  0.529
 237 V   1.00000 0.00000 0.00000 ( 1)  0.529
 238 Q   1.00000 0.00000 0.00000 ( 1)  0.529
 239 V   1.00000 0.00000 0.00000 ( 1)  0.529
 240 K   1.00000 0.00000 0.00000 ( 1)  0.529
 241 K   1.00000 0.00000 0.00000 ( 1)  0.529
 242 L   1.00000 0.00000 0.00000 ( 1)  0.529
 243 V   1.00000 0.00000 0.00000 ( 1)  0.529
 244 R   1.00000 0.00000 0.00000 ( 1)  0.529
 245 I   1.00000 0.00000 0.00000 ( 1)  0.529
 246 G   1.00000 0.00000 0.00000 ( 1)  0.529
 247 K   1.00000 0.00000 0.00000 ( 1)  0.529
 248 R   1.00000 0.00000 0.00000 ( 1)  0.529
 249 T   1.00000 0.00000 0.00000 ( 1)  0.529
 250 E   1.00000 0.00000 0.00000 ( 1)  0.529
 251 D   1.00000 0.00000 0.00000 ( 1)  0.529
 252 N   1.00000 0.00000 0.00000 ( 1)  0.529
 253 V   1.00000 0.00000 0.00000 ( 1)  0.529
 254 E   1.00000 0.00000 0.00000 ( 1)  0.529
 255 P   1.00000 0.00000 0.00000 ( 1)  0.529
 256 R   1.00000 0.00000 0.00000 ( 1)  0.529
 257 P   1.00000 0.00000 0.00000 ( 1)  0.529
 258 C   1.00000 0.00000 0.00000 ( 1)  0.529
 259 R   1.00000 0.00000 0.00000 ( 1)  0.529
 260 L   1.00000 0.00000 0.00000 ( 1)  0.529
 261 L   1.00000 0.00000 0.00000 ( 1)  0.529
 262 K   1.00000 0.00000 0.00000 ( 1)  0.529
 263 V   1.00000 0.00000 0.00000 ( 1)  0.529
 264 I   1.00000 0.00000 0.00000 ( 1)  0.529
 265 L   1.00000 0.00000 0.00000 ( 1)  0.529
 266 G   1.00000 0.00000 0.00000 ( 1)  0.529
 267 S   1.00000 0.00000 0.00000 ( 1)  0.529
 268 E   1.00000 0.00000 0.00000 ( 1)  0.529
 269 K   1.00000 0.00000 0.00000 ( 1)  0.529
 270 Q   1.00000 0.00000 0.00000 ( 1)  0.529
 271 R   1.00000 0.00000 0.00000 ( 1)  0.529
 272 D   1.00000 0.00000 0.00000 ( 1)  0.529
 273 L   1.00000 0.00000 0.00000 ( 1)  0.529
 274 L   1.00000 0.00000 0.00000 ( 1)  0.529
 275 L   1.00000 0.00000 0.00000 ( 1)  0.529
 276 S   1.00000 0.00000 0.00000 ( 1)  0.529
 277 S   1.00000 0.00000 0.00000 ( 1)  0.529
 278 A   1.00000 0.00000 0.00000 ( 1)  0.529
 279 R   1.00000 0.00000 0.00000 ( 1)  0.529
 280 C   1.00000 0.00000 0.00000 ( 1)  0.529
 281 H   1.00000 0.00000 0.00000 ( 1)  0.529
 282 D   1.00000 0.00000 0.00000 ( 1)  0.529
 283 N   1.00000 0.00000 0.00000 ( 1)  0.529
 284 S   1.00000 0.00000 0.00000 ( 1)  0.529
 285 D   1.00000 0.00000 0.00000 ( 1)  0.529
 286 I   1.00000 0.00000 0.00000 ( 1)  0.529
 287 R   1.00000 0.00000 0.00000 ( 1)  0.529
 288 V   1.00000 0.00000 0.00000 ( 1)  0.529
 289 R   1.00000 0.00000 0.00000 ( 1)  0.529
 290 P   1.00000 0.00000 0.00000 ( 1)  0.529
 291 D   1.00000 0.00000 0.00000 ( 1)  0.529
 292 I   1.00000 0.00000 0.00000 ( 1)  0.529
 293 S   1.00000 0.00000 0.00000 ( 1)  0.529
 294 L   1.00000 0.00000 0.00000 ( 1)  0.529
 295 E   1.00000 0.00000 0.00000 ( 1)  0.529
 296 D   1.00000 0.00000 0.00000 ( 1)  0.529
 297 R   1.00000 0.00000 0.00000 ( 1)  0.529
 298 I   1.00000 0.00000 0.00000 ( 1)  0.529
 299 K   1.00000 0.00000 0.00000 ( 1)  0.529
 300 R   1.00000 0.00000 0.00000 ( 1)  0.529
 301 K   1.00000 0.00000 0.00000 ( 1)  0.529
 302 K   1.00000 0.00000 0.00000 ( 1)  0.529
 303 A   1.00000 0.00000 0.00000 ( 1)  0.529
 304 L   1.00000 0.00000 0.00000 ( 1)  0.529
 305 A   1.00000 0.00000 0.00000 ( 1)  0.529
 306 E   1.00000 0.00000 0.00000 ( 1)  0.529
 307 L   1.00000 0.00000 0.00000 ( 1)  0.529
 308 E   1.00000 0.00000 0.00000 ( 1)  0.529
 309 T   1.00000 0.00000 0.00000 ( 1)  0.529
 310 R   1.00000 0.00000 0.00000 ( 1)  0.529
 311 R   1.00000 0.00000 0.00000 ( 1)  0.529
 312 Q   1.00000 0.00000 0.00000 ( 1)  0.529
 313 N   1.00000 0.00000 0.00000 ( 1)  0.529
 314 G   1.00000 0.00000 0.00000 ( 1)  0.529
 315 E   1.00000 0.00000 0.00000 ( 1)  0.529
 316 E   1.00000 0.00000 0.00000 ( 1)  0.529
 317 N   1.00000 0.00000 0.00000 ( 1)  0.529
 318 L   1.00000 0.00000 0.00000 ( 1)  0.529
 319 R   1.00000 0.00000 0.00000 ( 1)  0.529
 320 L   1.00000 0.00000 0.00000 ( 1)  0.529
 321 V   1.00000 0.00000 0.00000 ( 1)  0.529
 322 G   1.00000 0.00000 0.00000 ( 1)  0.529
 323 F   1.00000 0.00000 0.00000 ( 1)  0.529
 324 R   1.00000 0.00000 0.00000 ( 1)  0.529
 325 I   1.00000 0.00000 0.00000 ( 1)  0.529
 326 V   1.00000 0.00000 0.00000 ( 1)  0.529
 327 R   1.00000 0.00000 0.00000 ( 1)  0.529
 328 S   1.00000 0.00000 0.00000 ( 1)  0.529
 329 W   1.00000 0.00000 0.00000 ( 1)  0.529
 330 K   1.00000 0.00000 0.00000 ( 1)  0.529
 331 R   1.00000 0.00000 0.00000 ( 1)  0.529
 332 M   1.00000 0.00000 0.00000 ( 1)  0.529
 333 L   1.00000 0.00000 0.00000 ( 1)  0.529
 334 P   1.00000 0.00000 0.00000 ( 1)  0.529
 335 R   1.00000 0.00000 0.00000 ( 1)  0.529
 336 P   1.00000 0.00000 0.00000 ( 1)  0.529
 337 V   1.00000 0.00000 0.00000 ( 1)  0.529
 338 W   1.00000 0.00000 0.00000 ( 1)  0.529
 339 I   1.00000 0.00000 0.00000 ( 1)  0.529
 340 G   1.00000 0.00000 0.00000 ( 1)  0.529
 341 C   1.00000 0.00000 0.00000 ( 1)  0.529
 342 S   1.00000 0.00000 0.00000 ( 1)  0.529
 343 T   1.00000 0.00000 0.00000 ( 1)  0.529

Positively selected sites

	Prob(w>1)  mean w



lnL = -1528.783037

Bayes Empirical Bayes (BEB) probabilities for 3 classes (class) & postmean_w
(amino acids refer to 1st sequence: Smar.3519)

   1 M   0.65971 0.25945 0.08083 ( 1)  0.644 +-  0.702
   2 Q   0.64428 0.26501 0.09071 ( 1)  0.682 +-  0.798
   3 C   0.64902 0.26343 0.08754 ( 1)  0.670 +-  0.766
   4 D   0.65205 0.26234 0.08561 ( 1)  0.662 +-  0.747
   5 E   0.65883 0.25973 0.08144 ( 1)  0.647 +-  0.709
   6 C   0.64407 0.26508 0.09084 ( 1)  0.683 +-  0.800
   7 N   0.66023 0.25915 0.08062 ( 1)  0.644 +-  0.702
   8 K   0.65938 0.25947 0.08115 ( 1)  0.646 +-  0.707
   9 W   0.64216 0.26569 0.09215 ( 1)  0.688 +-  0.813
  10 F   0.64447 0.26496 0.09057 ( 1)  0.682 +-  0.797
  11 H   0.64677 0.26419 0.08904 ( 1)  0.676 +-  0.781
  12 K   0.65938 0.25947 0.08115 ( 1)  0.646 +-  0.707
  13 M   0.65971 0.25945 0.08083 ( 1)  0.644 +-  0.702
  14 C   0.64407 0.26508 0.09084 ( 1)  0.683 +-  0.800
  15 T   0.64752 0.26392 0.08856 ( 1)  0.674 +-  0.777
  16 R   0.64939 0.26329 0.08732 ( 1)  0.669 +-  0.764
  17 L   0.64266 0.26553 0.09182 ( 1)  0.687 +-  0.810
  18 S   0.65941 0.25954 0.08106 ( 1)  0.645 +-  0.705
  19 P   0.64311 0.26539 0.09151 ( 1)  0.686 +-  0.807
  20 T   0.65450 0.26141 0.08409 ( 1)  0.657 +-  0.733
  21 A   0.65361 0.26177 0.08462 ( 1)  0.659 +-  0.738
  22 Y   0.65018 0.26302 0.08681 ( 1)  0.667 +-  0.759
  23 K   0.65938 0.25947 0.08115 ( 1)  0.646 +-  0.707
  24 R   0.65805 0.26005 0.08190 ( 1)  0.648 +-  0.713
  25 C   0.64902 0.26343 0.08754 ( 1)  0.670 +-  0.766
  26 S   0.64267 0.26553 0.09180 ( 1)  0.687 +-  0.810
  27 K   0.65317 0.26190 0.08493 ( 1)  0.660 +-  0.741
  28 P   0.64779 0.26384 0.08836 ( 1)  0.673 +-  0.774
  29 N   0.65276 0.26207 0.08518 ( 1)  0.661 +-  0.744
  30 S   0.64556 0.26459 0.08985 ( 1)  0.679 +-  0.790
  31 H   0.65217 0.26230 0.08553 ( 1)  0.662 +-  0.747
  32 W   0.64216 0.26569 0.09215 ( 1)  0.688 +-  0.813
  33 L   0.64815 0.26371 0.08813 ( 1)  0.672 +-  0.772
  34 C   0.64407 0.26508 0.09084 ( 1)  0.683 +-  0.800
  35 M   0.65971 0.25945 0.08083 ( 1)  0.644 +-  0.702
  36 F   0.64916 0.26339 0.08745 ( 1)  0.669 +-  0.765
  37 C   0.64407 0.26508 0.09084 ( 1)  0.683 +-  0.800
  38 C   0.64902 0.26343 0.08754 ( 1)  0.670 +-  0.766
  39 A   0.64681 0.26417 0.08902 ( 1)  0.676 +-  0.781
  40 N   0.65276 0.26207 0.08518 ( 1)  0.661 +-  0.744
  41 K   0.65317 0.26190 0.08493 ( 1)  0.660 +-  0.741
  42 A   0.65361 0.26177 0.08462 ( 1)  0.659 +-  0.738
  43 L   0.64140 0.26581 0.09279 ( 1)  0.691 +-  0.823
  44 L   0.64456 0.26491 0.09053 ( 1)  0.682 +-  0.797
  45 I   0.66008 0.25923 0.08069 ( 1)  0.644 +-  0.702
  46 Q   0.64510 0.26458 0.09032 ( 1)  0.681 +-  0.798
  47 E   0.31272 0.38756 0.29972 ( 2)  1.515 +-  1.761
  48 A   0.65344 0.26183 0.08473 ( 1)  0.659 +-  0.739
  49 M   0.65971 0.25945 0.08083 ( 1)  0.644 +-  0.702
  50 S   0.65175 0.26246 0.08579 ( 1)  0.663 +-  0.749
  51 L   0.64456 0.26491 0.09053 ( 1)  0.682 +-  0.797
  52 L   0.64108 0.26602 0.09290 ( 1)  0.691 +-  0.821
  53 A   0.65344 0.26183 0.08473 ( 1)  0.659 +-  0.739
  54 L   0.64108 0.26602 0.09290 ( 1)  0.691 +-  0.821
  55 A   0.64681 0.26417 0.08902 ( 1)  0.676 +-  0.781
  56 C   0.64902 0.26343 0.08754 ( 1)  0.670 +-  0.766
  57 K   0.65317 0.26190 0.08493 ( 1)  0.660 +-  0.741
  58 K   0.65317 0.26190 0.08493 ( 1)  0.660 +-  0.741
  59 N   0.66023 0.25915 0.08062 ( 1)  0.644 +-  0.702
  60 D   0.65965 0.25942 0.08093 ( 1)  0.645 +-  0.704
  61 G   0.64828 0.26367 0.08805 ( 1)  0.672 +-  0.771
  62 I   0.31764 0.38953 0.29283 ( 2)  1.486 +-  1.728
  63 C   0.64902 0.26343 0.08754 ( 1)  0.670 +-  0.766
  64 A   0.64681 0.26417 0.08902 ( 1)  0.676 +-  0.781
  65 D   0.65205 0.26234 0.08561 ( 1)  0.662 +-  0.747
  66 N   0.65276 0.26207 0.08518 ( 1)  0.661 +-  0.744
  67 T   0.64863 0.26354 0.08782 ( 1)  0.671 +-  0.769
  68 G   0.64828 0.26367 0.08805 ( 1)  0.672 +-  0.771
  69 T   0.65450 0.26141 0.08409 ( 1)  0.657 +-  0.733
  70 D   0.65205 0.26234 0.08561 ( 1)  0.662 +-  0.747
  71 S   0.65941 0.25954 0.08106 ( 1)  0.645 +-  0.705
  72 D   0.65205 0.26234 0.08561 ( 1)  0.662 +-  0.747
  73 E   0.65883 0.25973 0.08144 ( 1)  0.647 +-  0.709
  74 C   0.64902 0.26343 0.08754 ( 1)  0.670 +-  0.766
  75 V   0.64722 0.26403 0.08876 ( 1)  0.675 +-  0.779
  76 S   0.65941 0.25954 0.08106 ( 1)  0.645 +-  0.705
  77 V   0.65404 0.26158 0.08438 ( 1)  0.658 +-  0.736
  78 V   0.65404 0.26158 0.08438 ( 1)  0.658 +-  0.736
  79 T   0.64863 0.26354 0.08782 ( 1)  0.671 +-  0.769
  80 Q   0.64757 0.26391 0.08852 ( 1)  0.674 +-  0.776
  81 R   0.64415 0.26505 0.09080 ( 1)  0.683 +-  0.799
  82 L   0.64334 0.26531 0.09135 ( 1)  0.685 +-  0.805
  83 K   0.65938 0.25947 0.08115 ( 1)  0.646 +-  0.707
  84 K   0.65938 0.25947 0.08115 ( 1)  0.646 +-  0.707
  85 P   0.64384 0.26515 0.09100 ( 1)  0.684 +-  0.801
  86 T   0.65450 0.26141 0.08409 ( 1)  0.657 +-  0.733
  87 L   0.64151 0.26588 0.09261 ( 1)  0.690 +-  0.818
  88 N   0.65276 0.26207 0.08518 ( 1)  0.661 +-  0.744
  89 D   0.65205 0.26234 0.08561 ( 1)  0.662 +-  0.747
  90 A   0.65361 0.26177 0.08462 ( 1)  0.659 +-  0.738
  91 K   0.65938 0.25947 0.08115 ( 1)  0.646 +-  0.707
  92 V   0.64830 0.26366 0.08804 ( 1)  0.672 +-  0.772
  93 K   0.65938 0.25947 0.08115 ( 1)  0.646 +-  0.707
  94 S   0.64710 0.26409 0.08881 ( 1)  0.675 +-  0.779
  95 P   0.64384 0.26515 0.09100 ( 1)  0.684 +-  0.801
  96 L   0.64108 0.26602 0.09290 ( 1)  0.691 +-  0.821
  97 I   0.66008 0.25923 0.08069 ( 1)  0.644 +-  0.702
  98 L   0.64266 0.26553 0.09182 ( 1)  0.687 +-  0.810
  99 T   0.65468 0.26135 0.08397 ( 1)  0.656 +-  0.732
 100 G   0.64946 0.26326 0.08728 ( 1)  0.669 +-  0.764
 101 G   0.65522 0.26116 0.08363 ( 1)  0.655 +-  0.729
 102 V   0.65421 0.26152 0.08427 ( 1)  0.657 +-  0.735
 103 V   0.65421 0.26152 0.08427 ( 1)  0.657 +-  0.735
 104 P   0.64791 0.26380 0.08828 ( 1)  0.673 +-  0.774
 105 P   0.64779 0.26384 0.08836 ( 1)  0.673 +-  0.774
 106 S   0.65941 0.25954 0.08106 ( 1)  0.645 +-  0.705
 107 T   0.65450 0.26141 0.08409 ( 1)  0.657 +-  0.733
 108 D   0.65261 0.26209 0.08530 ( 1)  0.661 +-  0.745
 109 I   0.65554 0.26100 0.08346 ( 1)  0.654 +-  0.728
 110 V   0.65405 0.26158 0.08437 ( 1)  0.658 +-  0.736
 111 N   0.66023 0.25915 0.08062 ( 1)  0.644 +-  0.702
 112 H   0.65217 0.26230 0.08553 ( 1)  0.662 +-  0.747
 113 A   0.65361 0.26177 0.08462 ( 1)  0.659 +-  0.738
 114 P   0.64779 0.26384 0.08836 ( 1)  0.673 +-  0.774
 115 L   0.64266 0.26553 0.09182 ( 1)  0.687 +-  0.810
 116 V   0.64830 0.26366 0.08804 ( 1)  0.672 +-  0.772
 117 G   0.65055 0.26262 0.08682 ( 1)  0.668 +-  0.769
 118 T   0.64752 0.26392 0.08856 ( 1)  0.674 +-  0.777
 119 D   0.65205 0.26234 0.08561 ( 1)  0.662 +-  0.747
 120 D   0.65965 0.25942 0.08093 ( 1)  0.645 +-  0.704
 121 L   0.64151 0.26588 0.09261 ( 1)  0.690 +-  0.818
 122 D   0.65965 0.25942 0.08093 ( 1)  0.645 +-  0.704
 123 K   0.65938 0.25947 0.08115 ( 1)  0.646 +-  0.707
 124 T   0.65468 0.26135 0.08397 ( 1)  0.656 +-  0.732
 125 V   0.64722 0.26403 0.08876 ( 1)  0.675 +-  0.779
 126 T   0.64752 0.26392 0.08856 ( 1)  0.674 +-  0.777
 127 V   0.65404 0.26158 0.08438 ( 1)  0.658 +-  0.736
 128 P   0.64791 0.26380 0.08828 ( 1)  0.673 +-  0.774
 129 N   0.66023 0.25915 0.08062 ( 1)  0.644 +-  0.702
 130 S   0.65941 0.25954 0.08106 ( 1)  0.645 +-  0.705
 131 P   0.64311 0.26539 0.09151 ( 1)  0.686 +-  0.807
 132 S   0.65941 0.25954 0.08106 ( 1)  0.645 +-  0.705
 133 V   0.65404 0.26158 0.08438 ( 1)  0.658 +-  0.736
 134 T   0.65450 0.26141 0.08409 ( 1)  0.657 +-  0.733
 135 R   0.65228 0.26226 0.08546 ( 1)  0.662 +-  0.746
 136 D   0.65965 0.25942 0.08093 ( 1)  0.645 +-  0.704
 137 E   0.65883 0.25973 0.08144 ( 1)  0.647 +-  0.709
 138 K   0.65938 0.25947 0.08115 ( 1)  0.646 +-  0.707
 139 W   0.64216 0.26569 0.09215 ( 1)  0.688 +-  0.813
 140 T   0.65450 0.26141 0.08409 ( 1)  0.657 +-  0.733
 141 T   0.64863 0.26354 0.08782 ( 1)  0.671 +-  0.769
 142 V   0.65421 0.26152 0.08427 ( 1)  0.657 +-  0.735
 143 R   0.64939 0.26329 0.08732 ( 1)  0.669 +-  0.764
 144 R   0.65805 0.26005 0.08190 ( 1)  0.648 +-  0.713
 145 K   0.65938 0.25947 0.08115 ( 1)  0.646 +-  0.707
 146 R   0.64460 0.26489 0.09051 ( 1)  0.682 +-  0.797
 147 N   0.66023 0.25915 0.08062 ( 1)  0.644 +-  0.702
 148 E   0.65883 0.25973 0.08144 ( 1)  0.647 +-  0.709
 149 K   0.65317 0.26190 0.08493 ( 1)  0.660 +-  0.741
 150 K   0.65938 0.25947 0.08115 ( 1)  0.646 +-  0.707
 151 K   0.65938 0.25947 0.08115 ( 1)  0.646 +-  0.707
 152 A   0.65344 0.26183 0.08473 ( 1)  0.659 +-  0.739
 153 V   0.65421 0.26152 0.08427 ( 1)  0.657 +-  0.735
 154 N   0.30883 0.38526 0.30591 ( 2)  1.546 +-  1.800
 155 S   0.65941 0.25954 0.08106 ( 1)  0.645 +-  0.705
 156 T   0.65468 0.26135 0.08397 ( 1)  0.656 +-  0.732
 157 Q   0.64428 0.26501 0.09071 ( 1)  0.682 +-  0.798
 158 V   0.65421 0.26152 0.08427 ( 1)  0.657 +-  0.735
 159 V   0.65404 0.26158 0.08438 ( 1)  0.658 +-  0.736
 160 S   0.65941 0.25954 0.08106 ( 1)  0.645 +-  0.705
 161 N   0.65276 0.26207 0.08518 ( 1)  0.661 +-  0.744
 162 S   0.30086 0.38048 0.31866 ( 2)  1.610 +-  1.877
 163 M   0.65971 0.25945 0.08083 ( 1)  0.644 +-  0.702
 164 V   0.64830 0.26366 0.08804 ( 1)  0.672 +-  0.772
 165 D   0.65205 0.26234 0.08561 ( 1)  0.662 +-  0.747
 166 S   0.64556 0.26459 0.08985 ( 1)  0.679 +-  0.790
 167 N   0.66023 0.25915 0.08062 ( 1)  0.644 +-  0.702
 168 C   0.64902 0.26343 0.08754 ( 1)  0.670 +-  0.766
 169 E   0.65251 0.26216 0.08533 ( 1)  0.661 +-  0.745
 170 P   0.64791 0.26380 0.08828 ( 1)  0.673 +-  0.774
 171 Q   0.64757 0.26391 0.08852 ( 1)  0.674 +-  0.776
 172 V   0.65404 0.26158 0.08438 ( 1)  0.658 +-  0.736
 173 A   0.65361 0.26177 0.08462 ( 1)  0.659 +-  0.738
 174 L   0.64456 0.26491 0.09053 ( 1)  0.682 +-  0.797
 175 P   0.64791 0.26380 0.08828 ( 1)  0.673 +-  0.774
 176 R   0.65805 0.26005 0.08190 ( 1)  0.648 +-  0.713
 177 S   0.64710 0.26409 0.08881 ( 1)  0.675 +-  0.779
 178 D   0.65965 0.25942 0.08093 ( 1)  0.645 +-  0.704
 179 R   0.64939 0.26329 0.08732 ( 1)  0.669 +-  0.764
 180 K   0.65317 0.26190 0.08493 ( 1)  0.660 +-  0.741
 181 S   0.65941 0.25954 0.08106 ( 1)  0.645 +-  0.705
 182 E   0.65883 0.25973 0.08144 ( 1)  0.647 +-  0.709
 183 T   0.64752 0.26392 0.08856 ( 1)  0.674 +-  0.777
 184 H   0.65217 0.26230 0.08553 ( 1)  0.662 +-  0.747
 185 P   0.64779 0.26384 0.08836 ( 1)  0.673 +-  0.774
 186 G   0.64828 0.26367 0.08805 ( 1)  0.672 +-  0.771
 187 V   0.65421 0.26152 0.08427 ( 1)  0.657 +-  0.735
 188 T   0.65450 0.26141 0.08409 ( 1)  0.657 +-  0.733
 189 E   0.31051 0.38627 0.30321 ( 2)  1.533 +-  1.783
 190 K   0.65317 0.26190 0.08493 ( 1)  0.660 +-  0.741
 191 K   0.65938 0.25947 0.08115 ( 1)  0.646 +-  0.707
 192 N   0.66023 0.25915 0.08062 ( 1)  0.644 +-  0.702
 193 L   0.64456 0.26491 0.09053 ( 1)  0.682 +-  0.797
 194 I   0.66008 0.25923 0.08069 ( 1)  0.644 +-  0.702
 195 T   0.65468 0.26135 0.08397 ( 1)  0.656 +-  0.732
 196 S   0.64267 0.26553 0.09180 ( 1)  0.687 +-  0.810
 197 N   0.66023 0.25915 0.08062 ( 1)  0.644 +-  0.702
 198 I   0.65554 0.26100 0.08346 ( 1)  0.654 +-  0.728
 199 I   0.65554 0.26100 0.08346 ( 1)  0.654 +-  0.728
 200 V   0.64830 0.26366 0.08804 ( 1)  0.672 +-  0.772
 201 S   0.65175 0.26246 0.08579 ( 1)  0.663 +-  0.749
 202 K   0.32249 0.39255 0.28497 ( 2)  1.445 +-  1.671
 203 L   0.64108 0.26602 0.09290 ( 1)  0.691 +-  0.821
 204 R   0.64387 0.26514 0.09099 ( 1)  0.684 +-  0.802
 205 E   0.65251 0.26216 0.08533 ( 1)  0.661 +-  0.745
 206 S   0.64556 0.26459 0.08985 ( 1)  0.679 +-  0.790
 207 S   0.32260 0.39290 0.28450 ( 2)  1.441 +-  1.663
 208 D   0.65205 0.26234 0.08561 ( 1)  0.662 +-  0.747
 209 P   0.64779 0.26384 0.08836 ( 1)  0.673 +-  0.774
 210 D   0.65965 0.25942 0.08093 ( 1)  0.645 +-  0.704
 211 P   0.64384 0.26515 0.09100 ( 1)  0.684 +-  0.801
 212 K   0.65938 0.25947 0.08115 ( 1)  0.646 +-  0.707
 213 V   0.31527 0.38895 0.29578 ( 2)  1.496 +-  1.737
 214 R   0.30422 0.38268 0.31310 ( 2)  1.581 +-  1.843
 215 H   0.64677 0.26419 0.08904 ( 1)  0.676 +-  0.781
 216 A   0.64786 0.26382 0.08832 ( 1)  0.673 +-  0.774
 217 H   0.65217 0.26230 0.08553 ( 1)  0.662 +-  0.747
 218 N   0.30888 0.38527 0.30585 ( 2)  1.546 +-  1.800
 219 L   0.64266 0.26553 0.09182 ( 1)  0.687 +-  0.810
 220 E   0.65883 0.25973 0.08144 ( 1)  0.647 +-  0.709
 221 K   0.65486 0.26099 0.08415 ( 1)  0.658 +-  0.741
 222 L   0.64456 0.26491 0.09053 ( 1)  0.682 +-  0.797
 223 G   0.65522 0.26116 0.08363 ( 1)  0.655 +-  0.729
 224 E   0.65883 0.25973 0.08144 ( 1)  0.647 +-  0.709
 225 Y   0.64466 0.26489 0.09045 ( 1)  0.681 +-  0.796
 226 I   0.65554 0.26100 0.08346 ( 1)  0.654 +-  0.728
 227 R   0.64939 0.26329 0.08732 ( 1)  0.669 +-  0.764
 228 S   0.65941 0.25954 0.08106 ( 1)  0.645 +-  0.705
 229 I   0.65554 0.26100 0.08346 ( 1)  0.654 +-  0.728
 230 L   0.64266 0.26553 0.09182 ( 1)  0.687 +-  0.810
 231 P   0.30426 0.38260 0.31314 ( 2)  1.582 +-  1.844
 232 D   0.65965 0.25942 0.08093 ( 1)  0.645 +-  0.704
 233 N   0.65276 0.26207 0.08518 ( 1)  0.661 +-  0.744
 234 S   0.64265 0.26554 0.09182 ( 1)  0.687 +-  0.810
 235 K   0.65938 0.25947 0.08115 ( 1)  0.646 +-  0.707
 236 G   0.65522 0.26116 0.08363 ( 1)  0.655 +-  0.729
 237 V   0.65404 0.26158 0.08438 ( 1)  0.658 +-  0.736
 238 Q   0.64428 0.26501 0.09071 ( 1)  0.682 +-  0.798
 239 V   0.65404 0.26158 0.08438 ( 1)  0.658 +-  0.736
 240 K   0.65938 0.25947 0.08115 ( 1)  0.646 +-  0.707
 241 K   0.65317 0.26190 0.08493 ( 1)  0.660 +-  0.741
 242 L   0.64179 0.26569 0.09251 ( 1)  0.690 +-  0.820
 243 V   0.65421 0.26152 0.08427 ( 1)  0.657 +-  0.735
 244 R   0.65805 0.26005 0.08190 ( 1)  0.648 +-  0.713
 245 I   0.66008 0.25923 0.08069 ( 1)  0.644 +-  0.702
 246 G   0.64828 0.26367 0.08805 ( 1)  0.672 +-  0.771
 247 K   0.65317 0.26190 0.08493 ( 1)  0.660 +-  0.741
 248 R   0.65228 0.26226 0.08546 ( 1)  0.662 +-  0.746
 249 T   0.64752 0.26392 0.08856 ( 1)  0.674 +-  0.777
 250 E   0.31272 0.38756 0.29972 ( 2)  1.515 +-  1.761
 251 D   0.65205 0.26234 0.08561 ( 1)  0.662 +-  0.747
 252 N   0.66023 0.25915 0.08062 ( 1)  0.644 +-  0.702
 253 V   0.65404 0.26158 0.08438 ( 1)  0.658 +-  0.736
 254 E   0.65883 0.25973 0.08144 ( 1)  0.647 +-  0.709
 255 P   0.64311 0.26539 0.09151 ( 1)  0.686 +-  0.807
 256 R   0.64939 0.26329 0.08732 ( 1)  0.669 +-  0.764
 257 P   0.64791 0.26380 0.08828 ( 1)  0.673 +-  0.774
 258 C   0.64407 0.26508 0.09084 ( 1)  0.683 +-  0.800
 259 R   0.65805 0.26005 0.08190 ( 1)  0.648 +-  0.713
 260 L   0.64334 0.26531 0.09135 ( 1)  0.685 +-  0.805
 261 L   0.64815 0.26371 0.08813 ( 1)  0.672 +-  0.772
 262 K   0.65317 0.26190 0.08493 ( 1)  0.660 +-  0.741
 263 V   0.31790 0.39037 0.29173 ( 2)  1.477 +-  1.711
 264 I   0.64867 0.26352 0.08781 ( 1)  0.671 +-  0.769
 265 L   0.64456 0.26491 0.09053 ( 1)  0.682 +-  0.797
 266 G   0.65522 0.26116 0.08363 ( 1)  0.655 +-  0.729
 267 S   0.64267 0.26553 0.09180 ( 1)  0.687 +-  0.810
 268 E   0.65251 0.26216 0.08533 ( 1)  0.661 +-  0.745
 269 K   0.65317 0.26190 0.08493 ( 1)  0.660 +-  0.741
 270 Q   0.64757 0.26391 0.08852 ( 1)  0.674 +-  0.776
 271 R   0.64387 0.26514 0.09099 ( 1)  0.684 +-  0.802
 272 D   0.65965 0.25942 0.08093 ( 1)  0.645 +-  0.704
 273 L   0.64334 0.26531 0.09135 ( 1)  0.685 +-  0.805
 274 L   0.64108 0.26602 0.09290 ( 1)  0.691 +-  0.821
 275 L   0.64266 0.26553 0.09182 ( 1)  0.687 +-  0.810
 276 S   0.65941 0.25954 0.08106 ( 1)  0.645 +-  0.705
 277 S   0.65175 0.26246 0.08579 ( 1)  0.663 +-  0.749
 278 A   0.65344 0.26183 0.08473 ( 1)  0.659 +-  0.739
 279 R   0.64939 0.26329 0.08732 ( 1)  0.669 +-  0.764
 280 C   0.64902 0.26343 0.08754 ( 1)  0.670 +-  0.766
 281 H   0.64677 0.26419 0.08904 ( 1)  0.676 +-  0.781
 282 D   0.65205 0.26234 0.08561 ( 1)  0.662 +-  0.747
 283 N   0.66023 0.25915 0.08062 ( 1)  0.644 +-  0.702
 284 S   0.64710 0.26409 0.08881 ( 1)  0.675 +-  0.779
 285 D   0.65205 0.26234 0.08561 ( 1)  0.662 +-  0.747
 286 I   0.64867 0.26352 0.08781 ( 1)  0.671 +-  0.769
 287 R   0.64460 0.26489 0.09051 ( 1)  0.682 +-  0.797
 288 V   0.65404 0.26158 0.08438 ( 1)  0.658 +-  0.736
 289 R   0.65394 0.26143 0.08463 ( 1)  0.659 +-  0.743
 290 P   0.64779 0.26384 0.08836 ( 1)  0.673 +-  0.774
 291 D   0.65631 0.26054 0.08316 ( 1)  0.654 +-  0.729
 292 I   0.66008 0.25923 0.08069 ( 1)  0.644 +-  0.702
 293 S   0.64710 0.26409 0.08881 ( 1)  0.675 +-  0.779
 294 L   0.64334 0.26531 0.09135 ( 1)  0.685 +-  0.805
 295 E   0.65883 0.25973 0.08144 ( 1)  0.647 +-  0.709
 296 D   0.65965 0.25942 0.08093 ( 1)  0.645 +-  0.704
 297 R   0.65805 0.26005 0.08190 ( 1)  0.648 +-  0.713
 298 I   0.66008 0.25923 0.08069 ( 1)  0.644 +-  0.702
 299 K   0.65938 0.25947 0.08115 ( 1)  0.646 +-  0.707
 300 R   0.65228 0.26226 0.08546 ( 1)  0.662 +-  0.746
 301 K   0.65317 0.26190 0.08493 ( 1)  0.660 +-  0.741
 302 K   0.65938 0.25947 0.08115 ( 1)  0.646 +-  0.707
 303 A   0.65361 0.26177 0.08462 ( 1)  0.659 +-  0.738
 304 L   0.64456 0.26491 0.09053 ( 1)  0.682 +-  0.797
 305 A   0.65344 0.26183 0.08473 ( 1)  0.659 +-  0.739
 306 E   0.65883 0.25973 0.08144 ( 1)  0.647 +-  0.709
 307 L   0.64815 0.26371 0.08813 ( 1)  0.672 +-  0.772
 308 E   0.65883 0.25973 0.08144 ( 1)  0.647 +-  0.709
 309 T   0.64752 0.26392 0.08856 ( 1)  0.674 +-  0.777
 310 R   0.64939 0.26329 0.08732 ( 1)  0.669 +-  0.764
 311 R   0.64579 0.26440 0.08980 ( 1)  0.679 +-  0.793
 312 Q   0.64757 0.26391 0.08852 ( 1)  0.674 +-  0.776
 313 N   0.65276 0.26207 0.08518 ( 1)  0.661 +-  0.744
 314 G   0.64828 0.26367 0.08805 ( 1)  0.672 +-  0.771
 315 E   0.65251 0.26216 0.08533 ( 1)  0.661 +-  0.745
 316 E   0.65883 0.25973 0.08144 ( 1)  0.647 +-  0.709
 317 N   0.66023 0.25915 0.08062 ( 1)  0.644 +-  0.702
 318 L   0.64334 0.26531 0.09135 ( 1)  0.685 +-  0.805
 319 R   0.64387 0.26514 0.09099 ( 1)  0.684 +-  0.802
 320 L   0.64266 0.26553 0.09182 ( 1)  0.687 +-  0.810
 321 V   0.64830 0.26366 0.08804 ( 1)  0.672 +-  0.772
 322 G   0.65567 0.26099 0.08334 ( 1)  0.654 +-  0.726
 323 F   0.64916 0.26339 0.08745 ( 1)  0.669 +-  0.765
 324 R   0.64387 0.26514 0.09099 ( 1)  0.684 +-  0.802
 325 I   0.66008 0.25923 0.08069 ( 1)  0.644 +-  0.702
 326 V   0.64722 0.26403 0.08876 ( 1)  0.675 +-  0.779
 327 R   0.65228 0.26226 0.08546 ( 1)  0.662 +-  0.746
 328 S   0.64710 0.26409 0.08881 ( 1)  0.675 +-  0.779
 329 W   0.64216 0.26569 0.09215 ( 1)  0.688 +-  0.813
 330 K   0.65317 0.26190 0.08493 ( 1)  0.660 +-  0.741
 331 R   0.64460 0.26489 0.09051 ( 1)  0.682 +-  0.797
 332 M   0.65971 0.25945 0.08083 ( 1)  0.644 +-  0.702
 333 L   0.64456 0.26491 0.09053 ( 1)  0.682 +-  0.797
 334 P   0.64791 0.26380 0.08828 ( 1)  0.673 +-  0.774
 335 R   0.65228 0.26226 0.08546 ( 1)  0.662 +-  0.746
 336 P   0.64779 0.26384 0.08836 ( 1)  0.673 +-  0.774
 337 V   0.64830 0.26366 0.08804 ( 1)  0.672 +-  0.772
 338 W   0.64216 0.26569 0.09215 ( 1)  0.688 +-  0.813
 339 I   0.66008 0.25923 0.08069 ( 1)  0.644 +-  0.702
 340 G   0.64828 0.26367 0.08805 ( 1)  0.672 +-  0.771
 341 C   0.64902 0.26343 0.08754 ( 1)  0.670 +-  0.766
 342 S   0.30114 0.38066 0.31819 ( 2)  1.607 +-  1.874
 343 T   0.65450 0.26141 0.08409 ( 1)  0.657 +-  0.733

Positively selected sites

	Prob(w>1)  mean w


