Supplemental results for CODEML (seqf: algn  treef: tree)


dN/dS (w) for site classes (K=3)

p:   1.00000  0.00000  0.00000
w:   0.00000  1.00000  1.00000

Naive Empirical Bayes (NEB) probabilities for 3 classes & postmean_w
(amino acids refer to 1st sequence: Csin.12711)

   1 M   1.00000 0.00000 0.00000 ( 1)  0.000
   2 I   1.00000 0.00000 0.00000 ( 1)  0.000
   3 K   1.00000 0.00000 0.00000 ( 1)  0.000
   4 N   1.00000 0.00000 0.00000 ( 1)  0.000
   5 G   1.00000 0.00000 0.00000 ( 1)  0.000
   6 P   1.00000 0.00000 0.00000 ( 1)  0.000
   7 C   1.00000 0.00000 0.00000 ( 1)  0.000
   8 I   1.00000 0.00000 0.00000 ( 1)  0.000
   9 N   1.00000 0.00000 0.00000 ( 1)  0.000
  10 R   1.00000 0.00000 0.00000 ( 1)  0.000
  11 K   1.00000 0.00000 0.00000 ( 1)  0.000
  12 Y   1.00000 0.00000 0.00000 ( 1)  0.000
  13 V   1.00000 0.00000 0.00000 ( 1)  0.000
  14 Q   1.00000 0.00000 0.00000 ( 1)  0.000
  15 T   1.00000 0.00000 0.00000 ( 1)  0.000
  16 I   1.00000 0.00000 0.00000 ( 1)  0.000
  17 V   1.00000 0.00000 0.00000 ( 1)  0.000
  18 D   1.00000 0.00000 0.00000 ( 1)  0.000
  19 F   1.00000 0.00000 0.00000 ( 1)  0.000
  20 I   1.00000 0.00000 0.00000 ( 1)  0.000
  21 R   1.00000 0.00000 0.00000 ( 1)  0.000
  22 E   1.00000 0.00000 0.00000 ( 1)  0.000
  23 R   1.00000 0.00000 0.00000 ( 1)  0.000
  24 I   1.00000 0.00000 0.00000 ( 1)  0.000
  25 S   1.00000 0.00000 0.00000 ( 1)  0.000
  26 I   1.00000 0.00000 0.00000 ( 1)  0.000
  27 L   1.00000 0.00000 0.00000 ( 1)  0.000
  28 P   1.00000 0.00000 0.00000 ( 1)  0.000
  29 T   1.00000 0.00000 0.00000 ( 1)  0.000
  30 V   1.00000 0.00000 0.00000 ( 1)  0.000
  31 G   1.00000 0.00000 0.00000 ( 1)  0.000
  32 I   1.00000 0.00000 0.00000 ( 1)  0.000
  33 V   1.00000 0.00000 0.00000 ( 1)  0.000
  34 C   1.00000 0.00000 0.00000 ( 1)  0.000
  35 G   1.00000 0.00000 0.00000 ( 1)  0.000
  36 S   1.00000 0.00000 0.00000 ( 1)  0.000
  37 G   1.00000 0.00000 0.00000 ( 1)  0.000
  38 F   1.00000 0.00000 0.00000 ( 1)  0.000
  39 G   1.00000 0.00000 0.00000 ( 1)  0.000
  40 K   1.00000 0.00000 0.00000 ( 1)  0.000
  41 I   1.00000 0.00000 0.00000 ( 1)  0.000
  42 A   1.00000 0.00000 0.00000 ( 1)  0.000
  43 S   1.00000 0.00000 0.00000 ( 1)  0.000
  44 R   1.00000 0.00000 0.00000 ( 1)  0.000
  45 M   1.00000 0.00000 0.00000 ( 1)  0.000
  46 K   1.00000 0.00000 0.00000 ( 1)  0.000
  47 N   1.00000 0.00000 0.00000 ( 1)  0.000
  48 A   1.00000 0.00000 0.00000 ( 1)  0.000
  49 Q   1.00000 0.00000 0.00000 ( 1)  0.000
  50 V   1.00000 0.00000 0.00000 ( 1)  0.000
  51 L   1.00000 0.00000 0.00000 ( 1)  0.000
  52 K   1.00000 0.00000 0.00000 ( 1)  0.000
  53 Y   1.00000 0.00000 0.00000 ( 1)  0.000
  54 E   1.00000 0.00000 0.00000 ( 1)  0.000
  55 D   1.00000 0.00000 0.00000 ( 1)  0.000
  56 I   1.00000 0.00000 0.00000 ( 1)  0.000
  57 P   1.00000 0.00000 0.00000 ( 1)  0.000
  58 N   1.00000 0.00000 0.00000 ( 1)  0.000
  59 F   1.00000 0.00000 0.00000 ( 1)  0.000
  60 P   1.00000 0.00000 0.00000 ( 1)  0.000
  61 R   1.00000 0.00000 0.00000 ( 1)  0.000
  62 S   1.00000 0.00000 0.00000 ( 1)  0.000
  63 T   1.00000 0.00000 0.00000 ( 1)  0.000
  64 V   1.00000 0.00000 0.00000 ( 1)  0.000
  65 V   1.00000 0.00000 0.00000 ( 1)  0.000
  66 G   1.00000 0.00000 0.00000 ( 1)  0.000
  67 H   1.00000 0.00000 0.00000 ( 1)  0.000
  68 P   1.00000 0.00000 0.00000 ( 1)  0.000
  69 G   1.00000 0.00000 0.00000 ( 1)  0.000
  70 N   1.00000 0.00000 0.00000 ( 1)  0.000
  71 L   1.00000 0.00000 0.00000 ( 1)  0.000
  72 V   1.00000 0.00000 0.00000 ( 1)  0.000
  73 F   1.00000 0.00000 0.00000 ( 1)  0.000
  74 G   1.00000 0.00000 0.00000 ( 1)  0.000
  75 E   1.00000 0.00000 0.00000 ( 1)  0.000
  76 F   1.00000 0.00000 0.00000 ( 1)  0.000
  77 G   1.00000 0.00000 0.00000 ( 1)  0.000
  78 G   1.00000 0.00000 0.00000 ( 1)  0.000
  79 K   1.00000 0.00000 0.00000 ( 1)  0.000
  80 M   1.00000 0.00000 0.00000 ( 1)  0.000
  81 V   1.00000 0.00000 0.00000 ( 1)  0.000
  82 V   1.00000 0.00000 0.00000 ( 1)  0.000
  83 V   1.00000 0.00000 0.00000 ( 1)  0.000
  84 M   1.00000 0.00000 0.00000 ( 1)  0.000
  85 Q   1.00000 0.00000 0.00000 ( 1)  0.000
  86 G   1.00000 0.00000 0.00000 ( 1)  0.000
  87 R   1.00000 0.00000 0.00000 ( 1)  0.000
  88 F   1.00000 0.00000 0.00000 ( 1)  0.000
  89 H   1.00000 0.00000 0.00000 ( 1)  0.000
  90 M   1.00000 0.00000 0.00000 ( 1)  0.000
  91 Y   1.00000 0.00000 0.00000 ( 1)  0.000
  92 E   1.00000 0.00000 0.00000 ( 1)  0.000
  93 G   1.00000 0.00000 0.00000 ( 1)  0.000
  94 Y   1.00000 0.00000 0.00000 ( 1)  0.000
  95 E   1.00000 0.00000 0.00000 ( 1)  0.000
  96 R   1.00000 0.00000 0.00000 ( 1)  0.000
  97 Q   1.00000 0.00000 0.00000 ( 1)  0.000
  98 Q   1.00000 0.00000 0.00000 ( 1)  0.000
  99 I   1.00000 0.00000 0.00000 ( 1)  0.000
 100 A   1.00000 0.00000 0.00000 ( 1)  0.000
 101 I   1.00000 0.00000 0.00000 ( 1)  0.000
 102 P   1.00000 0.00000 0.00000 ( 1)  0.000
 103 I   1.00000 0.00000 0.00000 ( 1)  0.000
 104 R   1.00000 0.00000 0.00000 ( 1)  0.000
 105 V   1.00000 0.00000 0.00000 ( 1)  0.000
 106 M   1.00000 0.00000 0.00000 ( 1)  0.000
 107 K   1.00000 0.00000 0.00000 ( 1)  0.000
 108 L   1.00000 0.00000 0.00000 ( 1)  0.000
 109 L   1.00000 0.00000 0.00000 ( 1)  0.000
 110 G   1.00000 0.00000 0.00000 ( 1)  0.000
 111 V   1.00000 0.00000 0.00000 ( 1)  0.000
 112 E   1.00000 0.00000 0.00000 ( 1)  0.000
 113 I   1.00000 0.00000 0.00000 ( 1)  0.000
 114 L   1.00000 0.00000 0.00000 ( 1)  0.000
 115 L   1.00000 0.00000 0.00000 ( 1)  0.000
 116 L   1.00000 0.00000 0.00000 ( 1)  0.000
 117 T   1.00000 0.00000 0.00000 ( 1)  0.000
 118 N   1.00000 0.00000 0.00000 ( 1)  0.000
 119 A   1.00000 0.00000 0.00000 ( 1)  0.000
 120 A   1.00000 0.00000 0.00000 ( 1)  0.000
 121 G   1.00000 0.00000 0.00000 ( 1)  0.000
 122 G   1.00000 0.00000 0.00000 ( 1)  0.000
 123 L   1.00000 0.00000 0.00000 ( 1)  0.000
 124 N   1.00000 0.00000 0.00000 ( 1)  0.000
 125 R   1.00000 0.00000 0.00000 ( 1)  0.000
 126 S   1.00000 0.00000 0.00000 ( 1)  0.000
 127 L   1.00000 0.00000 0.00000 ( 1)  0.000
 128 K   1.00000 0.00000 0.00000 ( 1)  0.000
 129 V   1.00000 0.00000 0.00000 ( 1)  0.000
 130 G   1.00000 0.00000 0.00000 ( 1)  0.000
 131 D   1.00000 0.00000 0.00000 ( 1)  0.000
 132 L   1.00000 0.00000 0.00000 ( 1)  0.000
 133 V   1.00000 0.00000 0.00000 ( 1)  0.000
 134 C   1.00000 0.00000 0.00000 ( 1)  0.000
 135 I   1.00000 0.00000 0.00000 ( 1)  0.000
 136 K   1.00000 0.00000 0.00000 ( 1)  0.000
 137 D   1.00000 0.00000 0.00000 ( 1)  0.000
 138 H   1.00000 0.00000 0.00000 ( 1)  0.000
 139 I   1.00000 0.00000 0.00000 ( 1)  0.000
 140 S   1.00000 0.00000 0.00000 ( 1)  0.000
 141 F   1.00000 0.00000 0.00000 ( 1)  0.000
 142 P   1.00000 0.00000 0.00000 ( 1)  0.000
 143 G   1.00000 0.00000 0.00000 ( 1)  0.000
 144 M   1.00000 0.00000 0.00000 ( 1)  0.000
 145 S   1.00000 0.00000 0.00000 ( 1)  0.000
 146 L   1.00000 0.00000 0.00000 ( 1)  0.000
 147 N   1.00000 0.00000 0.00000 ( 1)  0.000
 148 N   1.00000 0.00000 0.00000 ( 1)  0.000
 149 V   1.00000 0.00000 0.00000 ( 1)  0.000
 150 L   1.00000 0.00000 0.00000 ( 1)  0.000
 151 A   1.00000 0.00000 0.00000 ( 1)  0.000
 152 G   1.00000 0.00000 0.00000 ( 1)  0.000
 153 P   1.00000 0.00000 0.00000 ( 1)  0.000
 154 N   1.00000 0.00000 0.00000 ( 1)  0.000
 155 D   1.00000 0.00000 0.00000 ( 1)  0.000
 156 E   1.00000 0.00000 0.00000 ( 1)  0.000
 157 D   1.00000 0.00000 0.00000 ( 1)  0.000
 158 F   1.00000 0.00000 0.00000 ( 1)  0.000
 159 G   1.00000 0.00000 0.00000 ( 1)  0.000
 160 E   1.00000 0.00000 0.00000 ( 1)  0.000
 161 R   1.00000 0.00000 0.00000 ( 1)  0.000
 162 F   1.00000 0.00000 0.00000 ( 1)  0.000
 163 I   1.00000 0.00000 0.00000 ( 1)  0.000
 164 A   1.00000 0.00000 0.00000 ( 1)  0.000
 165 I   1.00000 0.00000 0.00000 ( 1)  0.000
 166 S   1.00000 0.00000 0.00000 ( 1)  0.000
 167 D   1.00000 0.00000 0.00000 ( 1)  0.000
 168 A   1.00000 0.00000 0.00000 ( 1)  0.000
 169 Y   1.00000 0.00000 0.00000 ( 1)  0.000
 170 D   1.00000 0.00000 0.00000 ( 1)  0.000
 171 S   1.00000 0.00000 0.00000 ( 1)  0.000
 172 T   1.00000 0.00000 0.00000 ( 1)  0.000
 173 L   1.00000 0.00000 0.00000 ( 1)  0.000
 174 R   1.00000 0.00000 0.00000 ( 1)  0.000
 175 S   1.00000 0.00000 0.00000 ( 1)  0.000
 176 I   1.00000 0.00000 0.00000 ( 1)  0.000
 177 F   1.00000 0.00000 0.00000 ( 1)  0.000
 178 K   1.00000 0.00000 0.00000 ( 1)  0.000
 179 K   1.00000 0.00000 0.00000 ( 1)  0.000
 180 V   1.00000 0.00000 0.00000 ( 1)  0.000
 181 V   1.00000 0.00000 0.00000 ( 1)  0.000
 182 A   1.00000 0.00000 0.00000 ( 1)  0.000
 183 E   1.00000 0.00000 0.00000 ( 1)  0.000
 184 M   1.00000 0.00000 0.00000 ( 1)  0.000
 185 N   1.00000 0.00000 0.00000 ( 1)  0.000
 186 F   1.00000 0.00000 0.00000 ( 1)  0.000
 187 S   1.00000 0.00000 0.00000 ( 1)  0.000
 188 D   1.00000 0.00000 0.00000 ( 1)  0.000
 189 V   1.00000 0.00000 0.00000 ( 1)  0.000
 190 V   1.00000 0.00000 0.00000 ( 1)  0.000
 191 K   1.00000 0.00000 0.00000 ( 1)  0.000
 192 E   1.00000 0.00000 0.00000 ( 1)  0.000
 193 G   1.00000 0.00000 0.00000 ( 1)  0.000
 194 V   1.00000 0.00000 0.00000 ( 1)  0.000
 195 Y   1.00000 0.00000 0.00000 ( 1)  0.000
 196 A   1.00000 0.00000 0.00000 ( 1)  0.000
 197 H   1.00000 0.00000 0.00000 ( 1)  0.000
 198 V   1.00000 0.00000 0.00000 ( 1)  0.000
 199 G   1.00000 0.00000 0.00000 ( 1)  0.000
 200 G   1.00000 0.00000 0.00000 ( 1)  0.000
 201 P   1.00000 0.00000 0.00000 ( 1)  0.000
 202 N   1.00000 0.00000 0.00000 ( 1)  0.000
 203 Y   1.00000 0.00000 0.00000 ( 1)  0.000
 204 E   1.00000 0.00000 0.00000 ( 1)  0.000
 205 S   1.00000 0.00000 0.00000 ( 1)  0.000
 206 P   1.00000 0.00000 0.00000 ( 1)  0.000
 207 A   1.00000 0.00000 0.00000 ( 1)  0.000
 208 E   1.00000 0.00000 0.00000 ( 1)  0.000
 209 C   1.00000 0.00000 0.00000 ( 1)  0.000
 210 R   1.00000 0.00000 0.00000 ( 1)  0.000
 211 M   1.00000 0.00000 0.00000 ( 1)  0.000
 212 L   1.00000 0.00000 0.00000 ( 1)  0.000
 213 L   1.00000 0.00000 0.00000 ( 1)  0.000
 214 M   1.00000 0.00000 0.00000 ( 1)  0.000
 215 I   1.00000 0.00000 0.00000 ( 1)  0.000
 216 G   1.00000 0.00000 0.00000 ( 1)  0.000
 217 A   1.00000 0.00000 0.00000 ( 1)  0.000
 218 D   1.00000 0.00000 0.00000 ( 1)  0.000
 219 V   1.00000 0.00000 0.00000 ( 1)  0.000
 220 V   1.00000 0.00000 0.00000 ( 1)  0.000
 221 G   1.00000 0.00000 0.00000 ( 1)  0.000
 222 M   1.00000 0.00000 0.00000 ( 1)  0.000
 223 S   1.00000 0.00000 0.00000 ( 1)  0.000
 224 T   1.00000 0.00000 0.00000 ( 1)  0.000
 225 A   1.00000 0.00000 0.00000 ( 1)  0.000
 226 P   1.00000 0.00000 0.00000 ( 1)  0.000
 227 E   1.00000 0.00000 0.00000 ( 1)  0.000
 228 V   1.00000 0.00000 0.00000 ( 1)  0.000
 229 L   1.00000 0.00000 0.00000 ( 1)  0.000
 230 V   1.00000 0.00000 0.00000 ( 1)  0.000
 231 A   1.00000 0.00000 0.00000 ( 1)  0.000
 232 R   1.00000 0.00000 0.00000 ( 1)  0.000
 233 H   1.00000 0.00000 0.00000 ( 1)  0.000
 234 A   1.00000 0.00000 0.00000 ( 1)  0.000
 235 G   1.00000 0.00000 0.00000 ( 1)  0.000
 236 I   1.00000 0.00000 0.00000 ( 1)  0.000
 237 R   1.00000 0.00000 0.00000 ( 1)  0.000
 238 V   1.00000 0.00000 0.00000 ( 1)  0.000
 239 F   1.00000 0.00000 0.00000 ( 1)  0.000
 240 A   1.00000 0.00000 0.00000 ( 1)  0.000
 241 L   1.00000 0.00000 0.00000 ( 1)  0.000
 242 S   1.00000 0.00000 0.00000 ( 1)  0.000
 243 L   1.00000 0.00000 0.00000 ( 1)  0.000
 244 V   1.00000 0.00000 0.00000 ( 1)  0.000
 245 T   1.00000 0.00000 0.00000 ( 1)  0.000
 246 N   1.00000 0.00000 0.00000 ( 1)  0.000
 247 V   1.00000 0.00000 0.00000 ( 1)  0.000
 248 S   1.00000 0.00000 0.00000 ( 1)  0.000
 249 V   1.00000 0.00000 0.00000 ( 1)  0.000
 250 L   1.00000 0.00000 0.00000 ( 1)  0.000
 251 D   1.00000 0.00000 0.00000 ( 1)  0.000
 252 Q   1.00000 0.00000 0.00000 ( 1)  0.000
 253 E   1.00000 0.00000 0.00000 ( 1)  0.000
 254 S   1.00000 0.00000 0.00000 ( 1)  0.000
 255 K   1.00000 0.00000 0.00000 ( 1)  0.000
 256 E   1.00000 0.00000 0.00000 ( 1)  0.000
 257 K   1.00000 0.00000 0.00000 ( 1)  0.000

Positively selected sites

	Prob(w>1)  mean w



lnL = -1033.303820

Bayes Empirical Bayes (BEB) probabilities for 3 classes (class) & postmean_w
(amino acids refer to 1st sequence: Csin.12711)

   1 M   0.49953 0.35067 0.14980 ( 1)  1.010 +-  1.252
   2 I   0.49965 0.35068 0.14968 ( 1)  1.009 +-  1.251
   3 K   0.49811 0.35049 0.15140 ( 1)  1.018 +-  1.269
   4 N   0.49930 0.35064 0.15006 ( 1)  1.011 +-  1.255
   5 G   0.49811 0.35049 0.15140 ( 1)  1.018 +-  1.269
   6 P   0.49792 0.35047 0.15161 ( 1)  1.019 +-  1.271
   7 C   0.49717 0.35036 0.15246 ( 1)  1.023 +-  1.280
   8 I   0.49953 0.35067 0.14980 ( 1)  1.010 +-  1.252
   9 N   0.49930 0.35064 0.15006 ( 1)  1.011 +-  1.255
  10 R   0.49715 0.35036 0.15249 ( 1)  1.023 +-  1.280
  11 K   0.49811 0.35049 0.15140 ( 1)  1.018 +-  1.269
  12 Y   0.49774 0.35044 0.15182 ( 1)  1.020 +-  1.273
  13 V   0.49813 0.35049 0.15138 ( 1)  1.018 +-  1.268
  14 Q   0.49666 0.35029 0.15305 ( 1)  1.026 +-  1.286
  15 T   0.49815 0.35050 0.15135 ( 1)  1.018 +-  1.268
  16 I   0.49965 0.35068 0.14968 ( 1)  1.009 +-  1.251
  17 V   0.49825 0.35050 0.15125 ( 1)  1.017 +-  1.267
  18 D   0.49815 0.35049 0.15136 ( 1)  1.018 +-  1.268
  19 F   0.49732 0.35038 0.15229 ( 1)  1.022 +-  1.278
  20 I   0.49965 0.35068 0.14968 ( 1)  1.009 +-  1.251
  21 R   0.49774 0.35044 0.15182 ( 1)  1.020 +-  1.273
  22 E   0.49804 0.35048 0.15148 ( 1)  1.018 +-  1.269
  23 R   0.49774 0.35044 0.15182 ( 1)  1.020 +-  1.273
  24 I   0.49846 0.35053 0.15101 ( 1)  1.016 +-  1.265
  25 S   0.49920 0.35063 0.15017 ( 1)  1.012 +-  1.256
  26 I   0.49846 0.35053 0.15101 ( 1)  1.016 +-  1.265
  27 L   0.49723 0.35037 0.15241 ( 1)  1.023 +-  1.279
  28 P   0.49732 0.35038 0.15229 ( 1)  1.022 +-  1.278
  29 T   0.49937 0.35066 0.14997 ( 1)  1.011 +-  1.254
  30 V   0.49813 0.35049 0.15138 ( 1)  1.018 +-  1.268
  31 G   0.49823 0.35050 0.15127 ( 1)  1.017 +-  1.267
  32 I   0.49953 0.35067 0.14980 ( 1)  1.010 +-  1.252
  33 V   0.49825 0.35050 0.15125 ( 1)  1.017 +-  1.267
  34 C   0.49769 0.35043 0.15188 ( 1)  1.020 +-  1.273
  35 G   0.49811 0.35049 0.15140 ( 1)  1.018 +-  1.269
  36 S   0.49920 0.35063 0.15017 ( 1)  1.012 +-  1.256
  37 G   0.49811 0.35049 0.15140 ( 1)  1.018 +-  1.269
  38 F   0.49792 0.35046 0.15162 ( 1)  1.019 +-  1.271
  39 G   0.49811 0.35049 0.15140 ( 1)  1.018 +-  1.269
  40 K   0.49811 0.35049 0.15140 ( 1)  1.018 +-  1.269
  41 I   0.49953 0.35067 0.14980 ( 1)  1.010 +-  1.252
  42 A   0.49847 0.35054 0.15099 ( 1)  1.016 +-  1.264
  43 S   0.49777 0.35045 0.15178 ( 1)  1.020 +-  1.272
  44 R   0.49804 0.35048 0.15147 ( 1)  1.018 +-  1.269
  45 M   0.49953 0.35067 0.14980 ( 1)  1.010 +-  1.252
  46 K   0.49811 0.35049 0.15140 ( 1)  1.018 +-  1.269
  47 N   0.49823 0.35050 0.15127 ( 1)  1.017 +-  1.267
  48 A   0.49847 0.35054 0.15099 ( 1)  1.016 +-  1.264
  49 Q   0.49666 0.35029 0.15305 ( 1)  1.026 +-  1.286
  50 V   0.49813 0.35049 0.15138 ( 1)  1.018 +-  1.268
  51 L   0.49657 0.35027 0.15316 ( 1)  1.027 +-  1.287
  52 K   0.49811 0.35049 0.15140 ( 1)  1.018 +-  1.269
  53 Y   0.49774 0.35044 0.15182 ( 1)  1.020 +-  1.273
  54 E   0.49804 0.35048 0.15148 ( 1)  1.018 +-  1.269
  55 D   0.49815 0.35049 0.15136 ( 1)  1.018 +-  1.268
  56 I   0.49965 0.35068 0.14968 ( 1)  1.009 +-  1.251
  57 P   0.49726 0.35037 0.15237 ( 1)  1.023 +-  1.279
  58 N   0.49930 0.35064 0.15006 ( 1)  1.011 +-  1.255
  59 F   0.49792 0.35046 0.15162 ( 1)  1.019 +-  1.271
  60 P   0.49732 0.35038 0.15229 ( 1)  1.022 +-  1.278
  61 R   0.49774 0.35044 0.15182 ( 1)  1.020 +-  1.273
  62 S   0.49723 0.35037 0.15240 ( 1)  1.023 +-  1.279
  63 T   0.49937 0.35066 0.14997 ( 1)  1.011 +-  1.254
  64 V   0.49825 0.35050 0.15125 ( 1)  1.017 +-  1.267
  65 V   0.49813 0.35049 0.15138 ( 1)  1.018 +-  1.268
  66 G   0.49930 0.35064 0.15006 ( 1)  1.011 +-  1.255
  67 H   0.49769 0.35043 0.15188 ( 1)  1.020 +-  1.274
  68 P   0.49792 0.35047 0.15161 ( 1)  1.019 +-  1.271
  69 G   0.49930 0.35064 0.15006 ( 1)  1.011 +-  1.255
  70 N   0.49930 0.35064 0.15006 ( 1)  1.011 +-  1.255
  71 L   0.49723 0.35037 0.15241 ( 1)  1.023 +-  1.279
  72 V   0.49933 0.35063 0.15004 ( 1)  1.011 +-  1.255
  73 F   0.49792 0.35046 0.15162 ( 1)  1.019 +-  1.271
  74 G   0.49823 0.35050 0.15127 ( 1)  1.017 +-  1.267
  75 E   0.49804 0.35048 0.15148 ( 1)  1.018 +-  1.269
  76 F   0.49792 0.35046 0.15162 ( 1)  1.019 +-  1.271
  77 G   0.49823 0.35050 0.15127 ( 1)  1.017 +-  1.267
  78 G   0.49811 0.35049 0.15140 ( 1)  1.018 +-  1.269
  79 K   0.49811 0.35049 0.15140 ( 1)  1.018 +-  1.269
  80 M   0.49953 0.35067 0.14980 ( 1)  1.010 +-  1.252
  81 V   0.49813 0.35049 0.15138 ( 1)  1.018 +-  1.268
  82 V   0.49813 0.35049 0.15138 ( 1)  1.018 +-  1.268
  83 V   0.49813 0.35049 0.15138 ( 1)  1.018 +-  1.268
  84 M   0.49953 0.35067 0.14980 ( 1)  1.010 +-  1.252
  85 Q   0.49666 0.35029 0.15305 ( 1)  1.026 +-  1.286
  86 G   0.49811 0.35049 0.15140 ( 1)  1.018 +-  1.269
  87 R   0.49774 0.35044 0.15182 ( 1)  1.020 +-  1.273
  88 F   0.49792 0.35046 0.15162 ( 1)  1.019 +-  1.271
  89 H   0.49717 0.35036 0.15247 ( 1)  1.023 +-  1.280
  90 M   0.49953 0.35067 0.14980 ( 1)  1.010 +-  1.252
  91 Y   0.49774 0.35044 0.15182 ( 1)  1.020 +-  1.273
  92 E   0.49804 0.35048 0.15148 ( 1)  1.018 +-  1.269
  93 G   0.49930 0.35064 0.15006 ( 1)  1.011 +-  1.255
  94 Y   0.49721 0.35037 0.15243 ( 1)  1.023 +-  1.279
  95 E   0.49804 0.35048 0.15148 ( 1)  1.018 +-  1.269
  96 R   0.49774 0.35044 0.15182 ( 1)  1.020 +-  1.273
  97 Q   0.49666 0.35029 0.15305 ( 1)  1.026 +-  1.286
  98 Q   0.49666 0.35029 0.15305 ( 1)  1.026 +-  1.286
  99 I   0.49846 0.35053 0.15101 ( 1)  1.016 +-  1.265
 100 A   0.49833 0.35052 0.15114 ( 1)  1.017 +-  1.266
 101 I   0.49846 0.35053 0.15101 ( 1)  1.016 +-  1.265
 102 P   0.49726 0.35037 0.15237 ( 1)  1.023 +-  1.279
 103 I   0.49965 0.35068 0.14968 ( 1)  1.009 +-  1.251
 104 R   0.49721 0.35037 0.15243 ( 1)  1.023 +-  1.279
 105 V   0.49933 0.35063 0.15004 ( 1)  1.011 +-  1.255
 106 M   0.49953 0.35067 0.14980 ( 1)  1.010 +-  1.252
 107 K   0.49811 0.35049 0.15140 ( 1)  1.018 +-  1.269
 108 L   0.49650 0.35026 0.15324 ( 1)  1.027 +-  1.288
 109 L   0.49650 0.35026 0.15324 ( 1)  1.027 +-  1.288
 110 G   0.49811 0.35049 0.15140 ( 1)  1.018 +-  1.269
 111 V   0.49813 0.35049 0.15138 ( 1)  1.018 +-  1.268
 112 E   0.49804 0.35048 0.15148 ( 1)  1.018 +-  1.269
 113 I   0.49846 0.35053 0.15101 ( 1)  1.016 +-  1.265
 114 L   0.49777 0.35044 0.15179 ( 1)  1.020 +-  1.273
 115 L   0.49657 0.35027 0.15316 ( 1)  1.027 +-  1.287
 116 L   0.49650 0.35026 0.15324 ( 1)  1.027 +-  1.288
 117 T   0.49815 0.35050 0.15135 ( 1)  1.018 +-  1.268
 118 N   0.49930 0.35064 0.15006 ( 1)  1.011 +-  1.255
 119 A   0.49967 0.35069 0.14964 ( 1)  1.009 +-  1.250
 120 A   0.49847 0.35054 0.15099 ( 1)  1.016 +-  1.264
 121 G   0.49930 0.35064 0.15006 ( 1)  1.011 +-  1.255
 122 G   0.49930 0.35064 0.15006 ( 1)  1.011 +-  1.255
 123 L   0.49650 0.35026 0.15324 ( 1)  1.027 +-  1.288
 124 N   0.49930 0.35064 0.15006 ( 1)  1.011 +-  1.255
 125 R   0.49721 0.35037 0.15243 ( 1)  1.023 +-  1.279
 126 S   0.49920 0.35063 0.15017 ( 1)  1.012 +-  1.256
 127 L   0.49650 0.35026 0.15324 ( 1)  1.027 +-  1.288
 128 K   0.49811 0.35049 0.15140 ( 1)  1.018 +-  1.269
 129 V   0.49933 0.35063 0.15004 ( 1)  1.011 +-  1.255
 130 G   0.49823 0.35050 0.15127 ( 1)  1.017 +-  1.267
 131 D   0.49918 0.35062 0.15020 ( 1)  1.012 +-  1.256
 132 L   0.49657 0.35027 0.15316 ( 1)  1.027 +-  1.287
 133 V   0.49933 0.35063 0.15004 ( 1)  1.011 +-  1.255
 134 C   0.49769 0.35043 0.15188 ( 1)  1.020 +-  1.273
 135 I   0.49965 0.35068 0.14968 ( 1)  1.009 +-  1.251
 136 K   0.49811 0.35049 0.15140 ( 1)  1.018 +-  1.269
 137 D   0.49815 0.35049 0.15136 ( 1)  1.018 +-  1.268
 138 H   0.49769 0.35043 0.15188 ( 1)  1.020 +-  1.274
 139 I   0.49953 0.35067 0.14980 ( 1)  1.010 +-  1.252
 140 S   0.49816 0.35050 0.15134 ( 1)  1.018 +-  1.268
 141 F   0.49792 0.35046 0.15162 ( 1)  1.019 +-  1.271
 142 P   0.49726 0.35037 0.15237 ( 1)  1.023 +-  1.279
 143 G   0.49930 0.35064 0.15006 ( 1)  1.011 +-  1.255
 144 M   0.49953 0.35067 0.14980 ( 1)  1.010 +-  1.252
 145 S   0.49816 0.35050 0.15134 ( 1)  1.018 +-  1.268
 146 L   0.49657 0.35027 0.15316 ( 1)  1.027 +-  1.287
 147 N   0.49823 0.35050 0.15127 ( 1)  1.017 +-  1.267
 148 N   0.49823 0.35050 0.15127 ( 1)  1.017 +-  1.267
 149 V   0.49813 0.35049 0.15138 ( 1)  1.018 +-  1.268
 150 L   0.49723 0.35037 0.15241 ( 1)  1.023 +-  1.279
 151 A   0.49833 0.35052 0.15114 ( 1)  1.017 +-  1.266
 152 G   0.49823 0.35050 0.15127 ( 1)  1.017 +-  1.267
 153 P   0.49726 0.35037 0.15237 ( 1)  1.023 +-  1.279
 154 N   0.49823 0.35050 0.15127 ( 1)  1.017 +-  1.267
 155 D   0.49918 0.35062 0.15020 ( 1)  1.012 +-  1.256
 156 E   0.49804 0.35048 0.15148 ( 1)  1.018 +-  1.269
 157 D   0.49918 0.35062 0.15020 ( 1)  1.012 +-  1.256
 158 F   0.49732 0.35038 0.15229 ( 1)  1.022 +-  1.278
 159 G   0.49823 0.35050 0.15127 ( 1)  1.017 +-  1.267
 160 E   0.49804 0.35048 0.15148 ( 1)  1.018 +-  1.269
 161 R   0.49804 0.35048 0.15148 ( 1)  1.018 +-  1.269
 162 F   0.49732 0.35038 0.15229 ( 1)  1.022 +-  1.278
 163 I   0.49965 0.35068 0.14968 ( 1)  1.009 +-  1.251
 164 A   0.49967 0.35069 0.14964 ( 1)  1.009 +-  1.250
 165 I   0.49953 0.35067 0.14980 ( 1)  1.010 +-  1.252
 166 S   0.49717 0.35036 0.15247 ( 1)  1.023 +-  1.280
 167 D   0.49918 0.35062 0.15020 ( 1)  1.012 +-  1.256
 168 A   0.49833 0.35052 0.15114 ( 1)  1.017 +-  1.266
 169 Y   0.49721 0.35037 0.15243 ( 1)  1.023 +-  1.279
 170 D   0.49815 0.35049 0.15136 ( 1)  1.018 +-  1.268
 171 S   0.49717 0.35036 0.15247 ( 1)  1.023 +-  1.280
 172 T   0.49937 0.35066 0.14997 ( 1)  1.011 +-  1.254
 173 L   0.49650 0.35026 0.15324 ( 1)  1.027 +-  1.288
 174 R   0.49774 0.35044 0.15182 ( 1)  1.020 +-  1.273
 175 S   0.49816 0.35050 0.15134 ( 1)  1.018 +-  1.268
 176 I   0.49965 0.35068 0.14968 ( 1)  1.009 +-  1.251
 177 F   0.49732 0.35038 0.15229 ( 1)  1.022 +-  1.278
 178 K   0.49811 0.35049 0.15140 ( 1)  1.018 +-  1.269
 179 K   0.49811 0.35049 0.15140 ( 1)  1.018 +-  1.269
 180 V   0.49933 0.35063 0.15004 ( 1)  1.011 +-  1.255
 181 V   0.49933 0.35063 0.15004 ( 1)  1.011 +-  1.255
 182 A   0.49833 0.35052 0.15114 ( 1)  1.017 +-  1.266
 183 E   0.49804 0.35048 0.15148 ( 1)  1.018 +-  1.269
 184 M   0.49953 0.35067 0.14980 ( 1)  1.010 +-  1.252
 185 N   0.49823 0.35050 0.15127 ( 1)  1.017 +-  1.267
 186 F   0.49792 0.35046 0.15162 ( 1)  1.019 +-  1.271
 187 S   0.49717 0.35036 0.15247 ( 1)  1.023 +-  1.280
 188 D   0.49918 0.35062 0.15020 ( 1)  1.012 +-  1.256
 189 V   0.49933 0.35063 0.15004 ( 1)  1.011 +-  1.255
 190 V   0.49813 0.35049 0.15138 ( 1)  1.018 +-  1.268
 191 K   0.49811 0.35049 0.15140 ( 1)  1.018 +-  1.269
 192 E   0.49804 0.35048 0.15148 ( 1)  1.018 +-  1.269
 193 G   0.49930 0.35064 0.15006 ( 1)  1.011 +-  1.255
 194 V   0.49933 0.35063 0.15004 ( 1)  1.011 +-  1.255
 195 Y   0.49721 0.35037 0.15243 ( 1)  1.023 +-  1.279
 196 A   0.49967 0.35069 0.14964 ( 1)  1.009 +-  1.250
 197 H   0.49769 0.35043 0.15188 ( 1)  1.020 +-  1.274
 198 V   0.49933 0.35063 0.15004 ( 1)  1.011 +-  1.255
 199 G   0.49930 0.35064 0.15006 ( 1)  1.011 +-  1.255
 200 G   0.49930 0.35064 0.15006 ( 1)  1.011 +-  1.255
 201 P   0.49792 0.35047 0.15161 ( 1)  1.019 +-  1.271
 202 N   0.49930 0.35064 0.15006 ( 1)  1.011 +-  1.255
 203 Y   0.49774 0.35044 0.15182 ( 1)  1.020 +-  1.273
 204 E   0.49804 0.35048 0.15148 ( 1)  1.018 +-  1.269
 205 S   0.49920 0.35063 0.15017 ( 1)  1.012 +-  1.256
 206 P   0.49792 0.35047 0.15161 ( 1)  1.019 +-  1.271
 207 A   0.49833 0.35052 0.15114 ( 1)  1.017 +-  1.266
 208 E   0.49804 0.35048 0.15148 ( 1)  1.018 +-  1.269
 209 C   0.49769 0.35043 0.15188 ( 1)  1.020 +-  1.273
 210 R   0.49774 0.35044 0.15182 ( 1)  1.020 +-  1.273
 211 M   0.49953 0.35067 0.14980 ( 1)  1.010 +-  1.252
 212 L   0.49657 0.35027 0.15316 ( 1)  1.027 +-  1.287
 213 L   0.49723 0.35037 0.15241 ( 1)  1.023 +-  1.279
 214 M   0.49953 0.35067 0.14980 ( 1)  1.010 +-  1.252
 215 I   0.49846 0.35053 0.15101 ( 1)  1.016 +-  1.265
 216 G   0.49811 0.35049 0.15140 ( 1)  1.018 +-  1.269
 217 A   0.49967 0.35069 0.14964 ( 1)  1.009 +-  1.250
 218 D   0.49815 0.35049 0.15136 ( 1)  1.018 +-  1.268
 219 V   0.49933 0.35063 0.15004 ( 1)  1.011 +-  1.255
 220 V   0.49825 0.35050 0.15125 ( 1)  1.017 +-  1.267
 221 G   0.49811 0.35049 0.15140 ( 1)  1.018 +-  1.269
 222 M   0.49953 0.35067 0.14980 ( 1)  1.010 +-  1.252
 223 S   0.49816 0.35050 0.15134 ( 1)  1.018 +-  1.268
 224 T   0.49937 0.35066 0.14997 ( 1)  1.011 +-  1.254
 225 A   0.49833 0.35052 0.15114 ( 1)  1.017 +-  1.266
 226 P   0.49732 0.35038 0.15229 ( 1)  1.022 +-  1.278
 227 E   0.49804 0.35048 0.15148 ( 1)  1.018 +-  1.269
 228 V   0.49813 0.35049 0.15138 ( 1)  1.018 +-  1.268
 229 L   0.49777 0.35044 0.15179 ( 1)  1.020 +-  1.273
 230 V   0.49813 0.35049 0.15138 ( 1)  1.018 +-  1.268
 231 A   0.49833 0.35052 0.15114 ( 1)  1.017 +-  1.266
 232 R   0.49715 0.35036 0.15249 ( 1)  1.023 +-  1.280
 233 H   0.49769 0.35043 0.15188 ( 1)  1.020 +-  1.274
 234 A   0.49967 0.35069 0.14964 ( 1)  1.009 +-  1.250
 235 G   0.49811 0.35049 0.15140 ( 1)  1.018 +-  1.269
 236 I   0.49965 0.35068 0.14968 ( 1)  1.009 +-  1.251
 237 R   0.49681 0.35031 0.15288 ( 1)  1.025 +-  1.284
 238 V   0.49813 0.35049 0.15138 ( 1)  1.018 +-  1.268
 239 F   0.49792 0.35046 0.15162 ( 1)  1.019 +-  1.271
 240 A   0.49833 0.35052 0.15114 ( 1)  1.017 +-  1.266
 241 L   0.49723 0.35037 0.15241 ( 1)  1.023 +-  1.279
 242 S   0.49723 0.35037 0.15240 ( 1)  1.023 +-  1.279
 243 L   0.49650 0.35026 0.15324 ( 1)  1.027 +-  1.288
 244 V   0.49813 0.35049 0.15138 ( 1)  1.018 +-  1.268
 245 T   0.49827 0.35051 0.15122 ( 1)  1.017 +-  1.267
 246 N   0.49823 0.35050 0.15127 ( 1)  1.017 +-  1.267
 247 V   0.49933 0.35063 0.15004 ( 1)  1.011 +-  1.255
 248 S   0.49920 0.35063 0.15017 ( 1)  1.012 +-  1.256
 249 V   0.49933 0.35063 0.15004 ( 1)  1.011 +-  1.255
 250 L   0.49723 0.35037 0.15241 ( 1)  1.023 +-  1.279
 251 D   0.49918 0.35062 0.15020 ( 1)  1.012 +-  1.256
 252 Q   0.49666 0.35029 0.15305 ( 1)  1.026 +-  1.286
 253 E   0.49804 0.35048 0.15148 ( 1)  1.018 +-  1.269
 254 S   0.49723 0.35037 0.15240 ( 1)  1.023 +-  1.279
 255 K   0.49811 0.35049 0.15140 ( 1)  1.018 +-  1.269
 256 E   0.49804 0.35048 0.15148 ( 1)  1.018 +-  1.269
 257 K   0.49811 0.35049 0.15140 ( 1)  1.018 +-  1.269

Positively selected sites

	Prob(w>1)  mean w


