Supplemental results for CODEML (seqf: algn  treef: tree)


dN/dS (w) for site classes (K=2)

p:   0.00001  0.99999
w:   1.00000  1.00000

Naive Empirical Bayes (NEB) probabilities for 2 classes & postmean_w
(amino acids refer to 1st sequence: Fhep.3005)

   1 M   0.00001 0.99999 ( 2)  1.000
   2 P   0.00001 0.99999 ( 2)  1.000
   3 G   0.00001 0.99999 ( 2)  1.000
   4 F   0.00001 0.99999 ( 2)  1.000
   5 C   0.00001 0.99999 ( 2)  1.000
   6 E   0.00001 0.99999 ( 2)  1.000
   7 P   0.00001 0.99999 ( 2)  1.000
   8 L   0.00001 0.99999 ( 2)  1.000
   9 P   0.00001 0.99999 ( 2)  1.000
  10 Q   0.00001 0.99999 ( 2)  1.000
  11 T   0.00001 0.99999 ( 2)  1.000
  12 M   0.00001 0.99999 ( 2)  1.000
  13 K   0.00001 0.99999 ( 2)  1.000
  14 G   0.00001 0.99999 ( 2)  1.000
  15 L   0.00001 0.99999 ( 2)  1.000
  16 E   0.00001 0.99999 ( 2)  1.000
  17 T   0.00001 0.99999 ( 2)  1.000
  18 T   0.00001 0.99999 ( 2)  1.000
  19 F   0.00001 0.99999 ( 2)  1.000
  20 G   0.00001 0.99999 ( 2)  1.000
  21 Y   0.00001 0.99999 ( 2)  1.000
  22 I   0.00001 0.99999 ( 2)  1.000
  23 S   0.00001 0.99999 ( 2)  1.000
  24 L   0.00001 0.99999 ( 2)  1.000
  25 G   0.00001 0.99999 ( 2)  1.000
  26 D   0.00001 0.99999 ( 2)  1.000
  27 T   0.00001 0.99999 ( 2)  1.000
  28 L   0.00001 0.99999 ( 2)  1.000
  29 Q   0.00001 0.99999 ( 2)  1.000
  30 Q   0.00001 0.99999 ( 2)  1.000
  31 L   0.00001 0.99999 ( 2)  1.000
  32 S   0.00001 0.99999 ( 2)  1.000
  33 D   0.00001 0.99999 ( 2)  1.000
  34 P   0.00001 0.99999 ( 2)  1.000
  35 S   0.00001 0.99999 ( 2)  1.000
  36 F   0.00001 0.99999 ( 2)  1.000
  37 V   0.00001 0.99999 ( 2)  1.000
  38 Y   0.00001 0.99999 ( 2)  1.000
  39 T   0.00001 0.99999 ( 2)  1.000
  40 D   0.00001 0.99999 ( 2)  1.000
  41 N   0.00001 0.99999 ( 2)  1.000
  42 P   0.00001 0.99999 ( 2)  1.000
  43 Q   0.00001 0.99999 ( 2)  1.000
  44 L   0.00001 0.99999 ( 2)  1.000
  45 L   0.00001 0.99999 ( 2)  1.000
  46 N   0.00001 0.99999 ( 2)  1.000
  47 N   0.00001 0.99999 ( 2)  1.000
  48 F   0.00001 0.99999 ( 2)  1.000
  49 W   0.00001 0.99999 ( 2)  1.000
  50 S   0.00001 0.99999 ( 2)  1.000
  51 L   0.00001 0.99999 ( 2)  1.000
  52 P   0.00001 0.99999 ( 2)  1.000
  53 S   0.00001 0.99999 ( 2)  1.000
  54 T   0.00001 0.99999 ( 2)  1.000
  55 G   0.00001 0.99999 ( 2)  1.000
  56 T   0.00001 0.99999 ( 2)  1.000
  57 K   0.00001 0.99999 ( 2)  1.000
  58 R   0.00001 0.99999 ( 2)  1.000
  59 N   0.00001 0.99999 ( 2)  1.000
  60 G   0.00001 0.99999 ( 2)  1.000
  61 P   0.00001 0.99999 ( 2)  1.000
  62 R   0.00001 0.99999 ( 2)  1.000
  63 F   0.00001 0.99999 ( 2)  1.000
  64 G   0.00001 0.99999 ( 2)  1.000
  65 S   0.00001 0.99999 ( 2)  1.000
  66 Y   0.00001 0.99999 ( 2)  1.000
  67 S   0.00001 0.99999 ( 2)  1.000
  68 S   0.00001 0.99999 ( 2)  1.000
  69 A   0.00001 0.99999 ( 2)  1.000
  70 N   0.00001 0.99999 ( 2)  1.000
  71 V   0.00001 0.99999 ( 2)  1.000
  72 G   0.00001 0.99999 ( 2)  1.000
  73 V   0.00001 0.99999 ( 2)  1.000
  74 N   0.00001 0.99999 ( 2)  1.000
  75 T   0.00001 0.99999 ( 2)  1.000
  76 K   0.00001 0.99999 ( 2)  1.000
  77 K   0.00001 0.99999 ( 2)  1.000
  78 Y   0.00001 0.99999 ( 2)  1.000
  79 S   0.00001 0.99999 ( 2)  1.000
  80 I   0.00001 0.99999 ( 2)  1.000
  81 G   0.00001 0.99999 ( 2)  1.000
  82 N   0.00001 0.99999 ( 2)  1.000
  83 Y   0.00001 0.99999 ( 2)  1.000
  84 W   0.00001 0.99999 ( 2)  1.000
  85 S   0.00001 0.99999 ( 2)  1.000
  86 L   0.00001 0.99999 ( 2)  1.000
  87 V   0.00001 0.99999 ( 2)  1.000
  88 T   0.00001 0.99999 ( 2)  1.000
  89 K   0.00001 0.99999 ( 2)  1.000
  90 L   0.00001 0.99999 ( 2)  1.000
  91 K   0.00001 0.99999 ( 2)  1.000
  92 N   0.00001 0.99999 ( 2)  1.000
  93 V   0.00001 0.99999 ( 2)  1.000
  94 G   0.00001 0.99999 ( 2)  1.000
  95 L   0.00001 0.99999 ( 2)  1.000
  96 F   0.00001 0.99999 ( 2)  1.000
  97 G   0.00001 0.99999 ( 2)  1.000
  98 T   0.00001 0.99999 ( 2)  1.000
  99 P   0.00001 0.99999 ( 2)  1.000
 100 P   0.00001 0.99999 ( 2)  1.000
 101 S   0.00001 0.99999 ( 2)  1.000
 102 I   0.00001 0.99999 ( 2)  1.000
 103 K   0.00001 0.99999 ( 2)  1.000
 104 R   0.00001 0.99999 ( 2)  1.000
 105 N   0.00001 0.99999 ( 2)  1.000
 106 G   0.00001 0.99999 ( 2)  1.000
 107 F   0.00001 0.99999 ( 2)  1.000
 108 V   0.00001 0.99999 ( 2)  1.000
 109 E   0.00001 0.99999 ( 2)  1.000
 110 Q   0.00001 0.99999 ( 2)  1.000
 111 N   0.00001 0.99999 ( 2)  1.000
 112 N   0.00001 0.99999 ( 2)  1.000
 113 F   0.00001 0.99999 ( 2)  1.000
 114 P   0.00001 0.99999 ( 2)  1.000
 115 Y   0.00001 0.99999 ( 2)  1.000
 116 K   0.00001 0.99999 ( 2)  1.000
 117 P   0.00001 0.99999 ( 2)  1.000
 118 Y   0.00001 0.99999 ( 2)  1.000
 119 K   0.00001 0.99999 ( 2)  1.000
 120 K   0.00001 0.99999 ( 2)  1.000
 121 S   0.00001 0.99999 ( 2)  1.000
 122 Y   0.00001 0.99999 ( 2)  1.000
 123 N   0.00001 0.99999 ( 2)  1.000
 124 E   0.00001 0.99999 ( 2)  1.000
 125 Q   0.00001 0.99999 ( 2)  1.000
 126 H   0.00001 0.99999 ( 2)  1.000
 127 T   0.00001 0.99999 ( 2)  1.000
 128 W   0.00001 0.99999 ( 2)  1.000
 129 L   0.00001 0.99999 ( 2)  1.000
 130 Q   0.00001 0.99999 ( 2)  1.000
 131 Q   0.00001 0.99999 ( 2)  1.000
 132 N   0.00001 0.99999 ( 2)  1.000
 133 P   0.00001 0.99999 ( 2)  1.000
 134 E   0.00001 0.99999 ( 2)  1.000
 135 K   0.00001 0.99999 ( 2)  1.000
 136 L   0.00001 0.99999 ( 2)  1.000
 137 E   0.00001 0.99999 ( 2)  1.000
 138 Q   0.00001 0.99999 ( 2)  1.000
 139 E   0.00001 0.99999 ( 2)  1.000
 140 L   0.00001 0.99999 ( 2)  1.000
 141 F   0.00001 0.99999 ( 2)  1.000
 142 G   0.00001 0.99999 ( 2)  1.000
 143 R   0.00001 0.99999 ( 2)  1.000
 144 P   0.00001 0.99999 ( 2)  1.000
 145 K   0.00001 0.99999 ( 2)  1.000
 146 S   0.00001 0.99999 ( 2)  1.000
 147 G   0.00001 0.99999 ( 2)  1.000
 148 L   0.00001 0.99999 ( 2)  1.000
 149 N   0.00001 0.99999 ( 2)  1.000
 150 F   0.00001 0.99999 ( 2)  1.000
 151 Q   0.00001 0.99999 ( 2)  1.000
 152 L   0.00001 0.99999 ( 2)  1.000
 153 F   0.00001 0.99999 ( 2)  1.000
 154 D   0.00001 0.99999 ( 2)  1.000
 155 S   0.00001 0.99999 ( 2)  1.000
 156 T   0.00001 0.99999 ( 2)  1.000
 157 P   0.00001 0.99999 ( 2)  1.000
 158 V   0.00001 0.99999 ( 2)  1.000
 159 T   0.00001 0.99999 ( 2)  1.000
 160 Q   0.00001 0.99999 ( 2)  1.000
 161 S   0.00001 0.99999 ( 2)  1.000
 162 D   0.00001 0.99999 ( 2)  1.000
 163 L   0.00001 0.99999 ( 2)  1.000
 164 N   0.00001 0.99999 ( 2)  1.000
 165 F   0.00001 0.99999 ( 2)  1.000
 166 T   0.00001 0.99999 ( 2)  1.000
 167 N   0.00001 0.99999 ( 2)  1.000
 168 D   0.00001 0.99999 ( 2)  1.000
 169 T   0.00001 0.99999 ( 2)  1.000
 170 T   0.00001 0.99999 ( 2)  1.000
 171 E   0.00001 0.99999 ( 2)  1.000
 172 R   0.00001 0.99999 ( 2)  1.000
 173 A   0.00001 0.99999 ( 2)  1.000
 174 Q   0.00001 0.99999 ( 2)  1.000
 175 Y   0.00001 0.99999 ( 2)  1.000
 176 T   0.00001 0.99999 ( 2)  1.000
 177 Y   0.00001 0.99999 ( 2)  1.000
 178 P   0.00001 0.99999 ( 2)  1.000
 179 A   0.00001 0.99999 ( 2)  1.000
 180 P   0.00001 0.99999 ( 2)  1.000
 181 T   0.00001 0.99999 ( 2)  1.000
 182 Q   0.00001 0.99999 ( 2)  1.000
 183 K   0.00001 0.99999 ( 2)  1.000
 184 Y   0.00001 0.99999 ( 2)  1.000
 185 A   0.00001 0.99999 ( 2)  1.000
 186 P   0.00001 0.99999 ( 2)  1.000
 187 P   0.00001 0.99999 ( 2)  1.000
 188 I   0.00001 0.99999 ( 2)  1.000
 189 I   0.00001 0.99999 ( 2)  1.000
 190 T   0.00001 0.99999 ( 2)  1.000
 191 A   0.00001 0.99999 ( 2)  1.000
 192 S   0.00001 0.99999 ( 2)  1.000
 193 Y   0.00001 0.99999 ( 2)  1.000
 194 R   0.00001 0.99999 ( 2)  1.000
 195 S   0.00001 0.99999 ( 2)  1.000
 196 D   0.00001 0.99999 ( 2)  1.000
 197 T   0.00001 0.99999 ( 2)  1.000
 198 R   0.00001 0.99999 ( 2)  1.000
 199 G   0.00001 0.99999 ( 2)  1.000
 200 A   0.00001 0.99999 ( 2)  1.000
 201 S   0.00001 0.99999 ( 2)  1.000
 202 I   0.00001 0.99999 ( 2)  1.000
 203 M   0.00001 0.99999 ( 2)  1.000
 204 A   0.00001 0.99999 ( 2)  1.000
 205 Q   0.00001 0.99999 ( 2)  1.000
 206 V   0.00001 0.99999 ( 2)  1.000
 207 R   0.00001 0.99999 ( 2)  1.000
 208 E   0.00001 0.99999 ( 2)  1.000
 209 L   0.00001 0.99999 ( 2)  1.000
 210 S   0.00001 0.99999 ( 2)  1.000
 211 H   0.00001 0.99999 ( 2)  1.000
 212 G   0.00001 0.99999 ( 2)  1.000
 213 C   0.00001 0.99999 ( 2)  1.000
 214 N   0.00001 0.99999 ( 2)  1.000
 215 I   0.00001 0.99999 ( 2)  1.000
 216 L   0.00001 0.99999 ( 2)  1.000
 217 V   0.00001 0.99999 ( 2)  1.000
 218 A   0.00001 0.99999 ( 2)  1.000
 219 T   0.00001 0.99999 ( 2)  1.000
 220 P   0.00001 0.99999 ( 2)  1.000
 221 G   0.00001 0.99999 ( 2)  1.000
 222 R   0.00001 0.99999 ( 2)  1.000
 223 L   0.00001 0.99999 ( 2)  1.000
 224 V   0.00001 0.99999 ( 2)  1.000
 225 D   0.00001 0.99999 ( 2)  1.000
 226 M   0.00001 0.99999 ( 2)  1.000
 227 I   0.00001 0.99999 ( 2)  1.000


lnL = -1846.511745

