Supplemental results for CODEML (seqf: algn  treef: tree)


dN/dS (w) for site classes (K=9)

p:   0.09902  0.09902  0.09902  0.09902  0.09902  0.09902  0.09902  0.09902  0.20787
w:   0.24596  0.27619  0.29556  0.31207  0.32804  0.34516  0.36608  0.40073 25.33093

Naive Empirical Bayes (NEB) probabilities for 9 classes & postmean_w & P(w>1)
(amino acids refer to 1st sequence: Mlig.21137)

   1 S   0.11402 0.12024 0.12306 0.12489 0.12624 0.12731 0.12817 0.12879 0.00728 ( 8)  0.505  0.007
   2 L   0.12361 0.12472 0.12491 0.12486 0.12466 0.12434 0.12383 0.12283 0.00624 ( 3)  0.477  0.006
   3 Q   0.02465 0.02955 0.03262 0.03520 0.03765 0.04023 0.04331 0.04826 0.70852 ( 9) 18.044  0.709
   4 F   0.12300 0.12405 0.12425 0.12422 0.12404 0.12374 0.12325 0.12221 0.01122 ( 3)  0.602  0.011
   5 H   0.04063 0.04841 0.05323 0.05722 0.06098 0.06489 0.06952 0.07682 0.52831 ( 9) 13.538  0.528
   6 I   0.12369 0.12445 0.12454 0.12446 0.12428 0.12401 0.12360 0.12280 0.00817 ( 3)  0.525  0.008
   7 S   0.11549 0.11998 0.12195 0.12320 0.12410 0.12479 0.12533 0.12566 0.01950 ( 8)  0.810  0.020
   8 G   0.04662 0.05654 0.06284 0.06816 0.07325 0.07863 0.08510 0.09553 0.43331 ( 9) 11.164  0.433
   9 S   0.15625 0.13883 0.13002 0.12371 0.11849 0.11372 0.10885 0.10260 0.00755 ( 1)  0.504  0.008
  10 L   0.10533 0.11510 0.12019 0.12390 0.12701 0.12986 0.13277 0.13642 0.00943 ( 8)  0.560  0.009
  11 A   0.10705 0.11392 0.11742 0.11994 0.12204 0.12396 0.12590 0.12836 0.04142 ( 8)  1.359  0.041
  12 S   0.12396 0.12484 0.12479 0.12447 0.12400 0.12336 0.12245 0.12079 0.01135 ( 2)  0.605  0.011
  13 N   0.12390 0.12441 0.12442 0.12430 0.12410 0.12382 0.12341 0.12264 0.00898 ( 3)  0.546  0.009
  14 S   0.11713 0.12102 0.12267 0.12368 0.12437 0.12485 0.12515 0.12510 0.01603 ( 7)  0.723  0.016
  15 L   0.14424 0.13406 0.12848 0.12429 0.12069 0.11728 0.11369 0.10888 0.00839 ( 1)  0.527  0.008
  16 P   0.13020 0.12760 0.12580 0.12425 0.12278 0.12125 0.11947 0.11675 0.01189 ( 1)  0.617  0.012
  17 L   0.10751 0.11602 0.12030 0.12331 0.12576 0.12791 0.13000 0.13237 0.01683 ( 8)  0.745  0.017
  18 I   0.10857 0.11527 0.11867 0.12110 0.12312 0.12496 0.12681 0.12913 0.03238 ( 8)  1.133  0.032
  19 V   0.15424 0.13726 0.12889 0.12295 0.11807 0.11363 0.10911 0.10333 0.01252 ( 1)  0.629  0.013
  20 Y   0.11986 0.12276 0.12385 0.12442 0.12473 0.12485 0.12477 0.12425 0.01051 ( 6)  0.585  0.011
  21 G   0.14508 0.13390 0.12792 0.12348 0.11972 0.11620 0.11253 0.10770 0.01346 ( 1)  0.654  0.013
  22 L   0.12266 0.12450 0.12491 0.12493 0.12472 0.12433 0.12367 0.12231 0.00796 ( 4)  0.520  0.008
  23 V   0.11524 0.11993 0.12214 0.12365 0.12482 0.12581 0.12673 0.12766 0.01402 ( 8)  0.673  0.014
  24 L   0.10562 0.11490 0.11983 0.12346 0.12652 0.12935 0.13225 0.13588 0.01220 ( 8)  0.630  0.012
  25 E   0.10453 0.11401 0.11900 0.12265 0.12571 0.12854 0.13141 0.13502 0.01913 ( 8)  0.803  0.019
  26 I   0.12637 0.12509 0.12416 0.12335 0.12258 0.12176 0.12080 0.11931 0.01657 ( 1)  0.735  0.017
  27 P   0.10602 0.11539 0.12023 0.12372 0.12661 0.12923 0.13184 0.13501 0.01195 ( 8)  0.623  0.012
  28 T   0.10767 0.11625 0.12070 0.12393 0.12661 0.12907 0.13154 0.13458 0.00966 ( 8)  0.566  0.010
  29 C   0.10419 0.11425 0.11952 0.12334 0.12651 0.12939 0.13224 0.13560 0.01495 ( 8)  0.699  0.015
  30 D   0.11609 0.12074 0.12282 0.12416 0.12513 0.12588 0.12644 0.12673 0.01201 ( 8)  0.623  0.012
  31 F   0.14577 0.13400 0.12814 0.12397 0.12054 0.11739 0.11415 0.10992 0.00611 ( 1)  0.470  0.006
  32 S   0.13142 0.12937 0.12752 0.12574 0.12392 0.12193 0.11949 0.11558 0.00502 ( 1)  0.445  0.005
  33 K   0.13238 0.12934 0.12691 0.12475 0.12266 0.12049 0.11799 0.11432 0.01115 ( 1)  0.598  0.011
  34 L   0.14551 0.13376 0.12780 0.12348 0.11985 0.11647 0.11292 0.10815 0.01206 ( 1)  0.619  0.012
  35 S   0.13057 0.12756 0.12570 0.12418 0.12279 0.12139 0.11980 0.11743 0.01057 ( 1)  0.584  0.011
  36 R   0.10233 0.11282 0.11853 0.12282 0.12650 0.12997 0.13361 0.13836 0.01507 ( 8)  0.702  0.015
  37 Q   0.12358 0.12406 0.12408 0.12397 0.12376 0.12345 0.12295 0.12193 0.01222 ( 3)  0.627  0.012
  38 L   0.14684 0.13477 0.12849 0.12389 0.12000 0.11636 0.11255 0.10742 0.00969 ( 1)  0.559  0.010
  39 P   0.11920 0.12263 0.12396 0.12468 0.12510 0.12530 0.12527 0.12473 0.00913 ( 6)  0.550  0.009
  40 S   0.14935 0.13660 0.12964 0.12441 0.11992 0.11567 0.11118 0.10515 0.00809 ( 1)  0.519  0.008
  41 F   0.10379 0.11415 0.11956 0.12350 0.12677 0.12975 0.13274 0.13635 0.01340 ( 8)  0.660  0.013
  42 V   0.15165 0.13598 0.12836 0.12302 0.11866 0.11471 0.11072 0.10564 0.01126 ( 1)  0.598  0.011
  43 S   0.10557 0.11536 0.12033 0.12385 0.12669 0.12921 0.13161 0.13428 0.01310 ( 8)  0.652  0.013
  44 P   0.11876 0.12204 0.12332 0.12403 0.12444 0.12465 0.12464 0.12416 0.01396 ( 6)  0.671  0.014
  45 R   0.12327 0.12437 0.12446 0.12428 0.12392 0.12339 0.12261 0.12113 0.01258 ( 3)  0.636  0.013
  46 V   0.11686 0.12065 0.12233 0.12341 0.12419 0.12480 0.12527 0.12555 0.01694 ( 8)  0.746  0.017
  47 R   0.13525 0.12999 0.12695 0.12457 0.12244 0.12034 0.11800 0.11461 0.00784 ( 1)  0.515  0.008
  48 Y   0.11758 0.12098 0.12243 0.12332 0.12395 0.12440 0.12472 0.12481 0.01782 ( 8)  0.768  0.018
  49 Y   0.11261 0.11895 0.12184 0.12373 0.12513 0.12624 0.12715 0.12783 0.01653 ( 8)  0.736  0.017
  50 F   0.09692 0.10785 0.11380 0.11829 0.12215 0.12580 0.12967 0.13482 0.05070 ( 8)  1.593  0.051
  51 N   0.13494 0.12934 0.12633 0.12407 0.12212 0.12025 0.11823 0.11540 0.00931 ( 1)  0.552  0.009
  52 S   0.11452 0.12006 0.12259 0.12426 0.12550 0.12650 0.12734 0.12800 0.01123 ( 8)  0.604  0.011
  53 S   0.11592 0.12040 0.12238 0.12364 0.12454 0.12522 0.12572 0.12593 0.01625 ( 8)  0.729  0.016
  54 T   0.12022 0.12314 0.12410 0.12450 0.12460 0.12447 0.12404 0.12291 0.01203 ( 5)  0.622  0.012
  55 D   0.12601 0.12418 0.12293 0.12187 0.12085 0.11979 0.11855 0.11666 0.02917 ( 1)  1.050  0.029
  56 E   0.13310 0.12922 0.12681 0.12487 0.12311 0.12136 0.11941 0.11659 0.00553 ( 1)  0.458  0.006
  57 L   0.14491 0.13385 0.12815 0.12397 0.12043 0.11711 0.11360 0.10885 0.00914 ( 1)  0.546  0.009
  58 S   0.11290 0.11877 0.12161 0.12357 0.12512 0.12646 0.12772 0.12909 0.01478 ( 8)  0.693  0.015
  59 N   0.11549 0.12024 0.12247 0.12396 0.12510 0.12606 0.12691 0.12773 0.01203 ( 8)  0.624  0.012
  60 Q   0.11095 0.11685 0.11962 0.12147 0.12288 0.12405 0.12509 0.12605 0.03305 ( 8)  1.149  0.033
  61 L   0.09740 0.10863 0.11478 0.11941 0.12341 0.12720 0.13120 0.13653 0.04145 ( 8)  1.362  0.041
  62 A   0.11364 0.11875 0.12120 0.12287 0.12418 0.12530 0.12633 0.12741 0.02033 ( 8)  0.831  0.020
  63 G   0.10959 0.11534 0.11819 0.12021 0.12186 0.12334 0.12481 0.12659 0.04005 ( 8)  1.325  0.040
  64 S   0.12907 0.12674 0.12521 0.12394 0.12274 0.12151 0.12007 0.11788 0.01285 ( 1)  0.641  0.013
  65 D   0.11556 0.12016 0.12224 0.12359 0.12458 0.12534 0.12594 0.12628 0.01631 ( 8)  0.730  0.016
  66 P   0.12729 0.12545 0.12424 0.12322 0.12226 0.12128 0.12014 0.11842 0.01770 ( 1)  0.763  0.018
  67 A   0.12303 0.12330 0.12323 0.12306 0.12283 0.12253 0.12211 0.12133 0.01858 ( 2)  0.786  0.019
  68 D   0.11679 0.12107 0.12295 0.12413 0.12498 0.12560 0.12604 0.12617 0.01227 ( 8)  0.629  0.012
  69 P   0.12722 0.12640 0.12547 0.12454 0.12356 0.12247 0.12111 0.11887 0.01037 ( 1)  0.580  0.010
  70 F   0.15638 0.13792 0.12894 0.12263 0.11747 0.11281 0.10809 0.10209 0.01367 ( 1)  0.657  0.014
  71 P   0.11845 0.12193 0.12336 0.12418 0.12471 0.12501 0.12509 0.12470 0.01256 ( 7)  0.636  0.013
  72 A   0.16432 0.14196 0.13103 0.12333 0.11704 0.11136 0.10561 0.09831 0.00705 ( 1)  0.490  0.007
  73 Q   0.11038 0.11796 0.12160 0.12408 0.12600 0.12763 0.12911 0.13056 0.01266 ( 8)  0.640  0.013
  74 L   0.03866 0.04543 0.04973 0.05336 0.05684 0.06052 0.06497 0.07218 0.55832 ( 9) 14.288  0.558
  75 V   0.12624 0.12582 0.12525 0.12466 0.12402 0.12329 0.12236 0.12079 0.00758 ( 1)  0.510  0.008
  76 A   0.12242 0.12227 0.12196 0.12162 0.12124 0.12080 0.12023 0.11924 0.03021 ( 1)  1.076  0.030
  77 V   0.12850 0.12657 0.12533 0.12429 0.12331 0.12229 0.12110 0.11924 0.00938 ( 1)  0.555  0.009
  78 L   0.15406 0.13721 0.12887 0.12295 0.11808 0.11364 0.10911 0.10329 0.01279 ( 1)  0.635  0.013
  79 L   0.14327 0.13267 0.12719 0.12320 0.11986 0.11676 0.11354 0.10931 0.01419 ( 1)  0.672  0.014
  80 R   0.16284 0.14123 0.13069 0.12328 0.11725 0.11180 0.10631 0.09936 0.00724 ( 1)  0.495  0.007
  81 F   0.14069 0.13188 0.12736 0.12407 0.12130 0.11871 0.11599 0.11230 0.00772 ( 1)  0.511  0.008
  82 R   0.11702 0.12141 0.12333 0.12454 0.12540 0.12604 0.12650 0.12665 0.00911 ( 8)  0.550  0.009
  83 Y   0.12059 0.12275 0.12350 0.12387 0.12405 0.12409 0.12399 0.12356 0.01361 ( 6)  0.662  0.014
  84 A   0.10367 0.11389 0.11924 0.12313 0.12638 0.12936 0.13237 0.13610 0.01586 ( 8)  0.722  0.016
  85 N   0.11564 0.12003 0.12204 0.12336 0.12435 0.12515 0.12583 0.12640 0.01720 ( 8)  0.753  0.017
  86 V   0.12377 0.12424 0.12423 0.12409 0.12387 0.12356 0.12310 0.12222 0.01094 ( 2)  0.595  0.011
  87 S   0.10712 0.11616 0.12069 0.12388 0.12645 0.12870 0.13084 0.13319 0.01298 ( 8)  0.649  0.013
  88 I   0.11918 0.12199 0.12324 0.12406 0.12467 0.12516 0.12558 0.12593 0.01019 ( 8)  0.577  0.010
  89 A   0.11363 0.11924 0.12187 0.12361 0.12493 0.12600 0.12691 0.12763 0.01618 ( 8)  0.727  0.016
  90 E   0.09526 0.10894 0.11653 0.12228 0.12725 0.13197 0.13693 0.14346 0.01737 ( 8)  0.761  0.017
  91 S   0.11543 0.12000 0.12207 0.12341 0.12438 0.12513 0.12570 0.12598 0.01789 ( 8)  0.770  0.018
  92 N   0.10346 0.11420 0.11979 0.12385 0.12721 0.13027 0.13332 0.13701 0.01089 ( 8)  0.597  0.011
  93 W   0.19660 0.15765 0.13783 0.12363 0.11195 0.10137 0.09071 0.07739 0.00287 ( 1)  0.380  0.003
  94 P   0.10434 0.11432 0.11963 0.12356 0.12688 0.12995 0.13310 0.13707 0.01115 ( 8)  0.604  0.011
  95 H   0.18738 0.15070 0.13356 0.12185 0.11254 0.10434 0.09628 0.08645 0.00689 ( 1)  0.483  0.007
  96 S   0.11981 0.12296 0.12412 0.12471 0.12502 0.12510 0.12495 0.12425 0.00907 ( 6)  0.548  0.009
  97 A   0.10518 0.11508 0.12013 0.12372 0.12665 0.12926 0.13179 0.13468 0.01350 ( 8)  0.662  0.014
  98 G   0.12553 0.12496 0.12432 0.12367 0.12300 0.12225 0.12133 0.11984 0.01510 ( 1)  0.698  0.015
  99 Y   0.13864 0.13204 0.12803 0.12484 0.12198 0.11918 0.11610 0.11178 0.00742 ( 1)  0.504  0.007
 100 P   0.12400 0.12470 0.12467 0.12443 0.12405 0.12353 0.12277 0.12133 0.01053 ( 2)  0.584  0.011
 101 F   0.11776 0.12127 0.12282 0.12380 0.12451 0.12507 0.12550 0.12578 0.01349 ( 8)  0.659  0.013
 102 A   0.13827 0.13131 0.12736 0.12432 0.12164 0.11905 0.11622 0.11226 0.00957 ( 1)  0.558  0.010
 103 N   0.12064 0.12285 0.12368 0.12412 0.12436 0.12445 0.12437 0.12391 0.01161 ( 6)  0.612  0.012
 104 L   0.12287 0.12401 0.12413 0.12397 0.12364 0.12314 0.12240 0.12095 0.01490 ( 3)  0.694  0.015
 105 G   0.17217 0.14574 0.13266 0.12340 0.11581 0.10892 0.10194 0.09309 0.00626 ( 1)  0.469  0.006
 106 Y   0.18525 0.15033 0.13385 0.12251 0.11341 0.10531 0.09727 0.08730 0.00478 ( 1)  0.430  0.005
 107 V   0.11451 0.12013 0.12273 0.12445 0.12574 0.12678 0.12767 0.12840 0.00959 ( 8)  0.563  0.010
 108 Y   0.11486 0.11994 0.12241 0.12412 0.12547 0.12665 0.12776 0.12895 0.00984 ( 8)  0.569  0.010
 109 R   0.15566 0.14068 0.13208 0.12542 0.11957 0.11391 0.10779 0.09936 0.00553 ( 1)  0.453  0.006
 110 N   0.12845 0.12580 0.12434 0.12325 0.12232 0.12144 0.12053 0.11930 0.01458 ( 1)  0.685  0.015
 111 A   0.13048 0.12772 0.12592 0.12441 0.12301 0.12157 0.11991 0.11740 0.00958 ( 1)  0.559  0.010
 112 Q   0.10837 0.11508 0.11830 0.12051 0.12224 0.12372 0.12509 0.12653 0.04016 ( 8)  1.328  0.040
 113 S   0.11615 0.12039 0.12243 0.12383 0.12493 0.12587 0.12671 0.12749 0.01220 ( 8)  0.628  0.012
 114 S   0.11743 0.12192 0.12380 0.12492 0.12565 0.12614 0.12639 0.12619 0.00757 ( 7)  0.511  0.008
 115 A   0.14350 0.13304 0.12705 0.12242 0.11835 0.11442 0.11017 0.10431 0.02674 ( 1)  0.986  0.027
 116 G   0.11653 0.12098 0.12293 0.12415 0.12501 0.12562 0.12601 0.12600 0.01277 ( 7)  0.642  0.013
 117 N   0.11373 0.11918 0.12175 0.12349 0.12482 0.12594 0.12692 0.12780 0.01638 ( 8)  0.732  0.016
 118 A   0.10721 0.11620 0.12070 0.12387 0.12641 0.12864 0.13076 0.13308 0.01314 ( 8)  0.653  0.013
 119 S   0.11416 0.11979 0.12247 0.12429 0.12573 0.12696 0.12810 0.12932 0.00919 ( 8)  0.553  0.009
 120 S   0.12571 0.12524 0.12464 0.12404 0.12340 0.12269 0.12180 0.12034 0.01214 ( 1)  0.624  0.012
 121 A   0.15600 0.13823 0.12944 0.12319 0.11803 0.11331 0.10847 0.10218 0.01116 ( 1)  0.594  0.011
 122 L   0.11956 0.12245 0.12353 0.12408 0.12435 0.12443 0.12427 0.12357 0.01377 ( 6)  0.666  0.014
 123 A   0.11176 0.11891 0.12227 0.12453 0.12626 0.12769 0.12895 0.13011 0.00953 ( 8)  0.562  0.010
 124 S   0.12115 0.12346 0.12424 0.12462 0.12477 0.12478 0.12461 0.12403 0.00834 ( 6)  0.530  0.008
 125 V   0.10049 0.11256 0.11897 0.12368 0.12761 0.13122 0.13487 0.13932 0.01127 ( 8)  0.607  0.011
 126 S   0.17010 0.14515 0.13262 0.12365 0.11624 0.10946 0.10254 0.09367 0.00656 ( 1)  0.477  0.007
 127 N   0.12906 0.12685 0.12540 0.12418 0.12302 0.12180 0.12035 0.11804 0.01130 ( 1)  0.602  0.011
 128 S   0.13997 0.13278 0.12841 0.12494 0.12182 0.11876 0.11539 0.11065 0.00727 ( 1)  0.500  0.007
 129 C   0.11945 0.12243 0.12359 0.12422 0.12457 0.12471 0.12462 0.12399 0.01241 ( 6)  0.632  0.012
 130 T   0.18098 0.14727 0.13206 0.12188 0.11391 0.10698 0.10024 0.09211 0.00457 ( 1)  0.426  0.005
 131 P   0.10729 0.11602 0.12058 0.12392 0.12670 0.12926 0.13186 0.13510 0.00926 ( 8)  0.556  0.009
 132 M   0.12652 0.12532 0.12446 0.12371 0.12299 0.12224 0.12134 0.11993 0.01349 ( 1)  0.658  0.013
 133 P   0.10916 0.11642 0.12007 0.12265 0.12476 0.12663 0.12846 0.13059 0.02126 ( 8)  0.855  0.021
 134 S   0.12844 0.12655 0.12527 0.12417 0.12313 0.12205 0.12078 0.11881 0.01079 ( 1)  0.590  0.011
 135 L   0.11122 0.11803 0.12144 0.12384 0.12579 0.12751 0.12916 0.13102 0.01199 ( 8)  0.623  0.012
 136 T   0.10908 0.11483 0.11758 0.11948 0.12097 0.12226 0.12347 0.12482 0.04751 ( 8)  1.511  0.048
 137 E   0.09834 0.11078 0.11751 0.12253 0.12680 0.13079 0.13492 0.14020 0.01814 ( 8)  0.780  0.018
 138 L   0.10419 0.11053 0.11365 0.11582 0.11755 0.11905 0.12047 0.12200 0.07672 ( 8)  2.242  0.077
 139 A   0.14584 0.13474 0.12863 0.12403 0.12007 0.11633 0.11238 0.10712 0.01085 ( 1)  0.588  0.011
 140 R   0.10727 0.11636 0.12086 0.12399 0.12648 0.12864 0.13065 0.13278 0.01298 ( 8)  0.649  0.013
 141 L   0.12904 0.12685 0.12542 0.12423 0.12313 0.12200 0.12071 0.11878 0.00985 ( 1)  0.566  0.010
 142 P   0.12949 0.12717 0.12564 0.12436 0.12314 0.12188 0.12041 0.11815 0.00976 ( 1)  0.564  0.010
 143 P   0.12534 0.12515 0.12478 0.12438 0.12393 0.12340 0.12273 0.12156 0.00873 ( 1)  0.539  0.009
 144 A   0.11791 0.12131 0.12272 0.12356 0.12413 0.12453 0.12479 0.12481 0.01624 ( 8)  0.728  0.016
 145 S   0.11776 0.12150 0.12311 0.12411 0.12481 0.12532 0.12568 0.12575 0.01197 ( 8)  0.621  0.012
 146 Y   0.10463 0.11480 0.12000 0.12372 0.12674 0.12944 0.13205 0.13504 0.01358 ( 8)  0.664  0.014
 147 M   0.12371 0.12296 0.12234 0.12178 0.12122 0.12063 0.11992 0.11883 0.02860 ( 1)  1.036  0.029
 148 H   0.11006 0.11752 0.12110 0.12353 0.12542 0.12701 0.12845 0.12983 0.01707 ( 8)  0.750  0.017
 149 V   0.11590 0.12055 0.12269 0.12410 0.12516 0.12601 0.12671 0.12726 0.01162 ( 8)  0.613  0.012
 150 A   0.11179 0.11856 0.12189 0.12420 0.12604 0.12763 0.12913 0.13073 0.01003 ( 8)  0.574  0.010
 151 P   0.12640 0.12538 0.12456 0.12383 0.12311 0.12235 0.12144 0.12001 0.01291 ( 1)  0.643  0.013
 152 S   0.17769 0.15072 0.13610 0.12519 0.11588 0.10714 0.09799 0.08597 0.00332 ( 1)  0.394  0.003
 153 N   0.12112 0.12251 0.12296 0.12314 0.12318 0.12310 0.12289 0.12233 0.01877 ( 5)  0.791  0.019
 154 S   0.11174 0.11775 0.12070 0.12276 0.12441 0.12586 0.12724 0.12878 0.02076 ( 8)  0.842  0.021
 155 T   0.11789 0.12075 0.12205 0.12289 0.12352 0.12403 0.12444 0.12475 0.01968 ( 8)  0.814  0.020
 156 K   0.18196 0.15207 0.13631 0.12473 0.11496 0.10589 0.09650 0.08431 0.00326 ( 1)  0.392  0.003
 157 L   0.14550 0.13430 0.12849 0.12422 0.12060 0.11722 0.11365 0.10887 0.00715 ( 1)  0.496  0.007
 158 R   0.13363 0.12844 0.12552 0.12327 0.12130 0.11940 0.11734 0.11446 0.01663 ( 1)  0.735  0.017
 159 L   0.10393 0.11419 0.11947 0.12326 0.12638 0.12917 0.13191 0.13512 0.01657 ( 8)  0.739  0.017
 160 I   0.11361 0.11944 0.12222 0.12411 0.12559 0.12685 0.12801 0.12921 0.01096 ( 8)  0.597  0.011
 161 L   0.10970 0.11700 0.12070 0.12334 0.12550 0.12743 0.12935 0.13161 0.01538 ( 8)  0.708  0.015
 162 H   0.11167 0.11806 0.12133 0.12367 0.12557 0.12727 0.12891 0.13074 0.01278 ( 8)  0.643  0.013
 163 S   0.10834 0.11664 0.12068 0.12346 0.12563 0.12748 0.12916 0.13085 0.01774 ( 8)  0.767  0.018
 164 L   0.00073 0.00098 0.00115 0.00131 0.00147 0.00165 0.00188 0.00229 0.98852 ( 9) 25.044  0.989
 165 A   0.11861 0.12188 0.12335 0.12429 0.12498 0.12551 0.12591 0.12614 0.00934 ( 8)  0.556  0.009
 166 R   0.10789 0.11658 0.12091 0.12394 0.12637 0.12850 0.13051 0.13271 0.01260 ( 8)  0.639  0.013
 167 K   0.12224 0.12356 0.12404 0.12430 0.12444 0.12449 0.12444 0.12417 0.00832 ( 6)  0.529  0.008
 168 D   0.11652 0.12084 0.12280 0.12408 0.12503 0.12578 0.12641 0.12689 0.01165 ( 8)  0.614  0.012
 169 P   0.12200 0.12280 0.12300 0.12303 0.12297 0.12283 0.12258 0.12201 0.01879 ( 4)  0.791  0.019
 170 D   0.12397 0.12447 0.12440 0.12419 0.12387 0.12344 0.12283 0.12165 0.01118 ( 2)  0.601  0.011
 171 S   0.11560 0.12013 0.12223 0.12362 0.12468 0.12555 0.12631 0.12697 0.01490 ( 8)  0.695  0.015
 172 Q   0.13079 0.12774 0.12588 0.12441 0.12309 0.12179 0.12035 0.11831 0.00764 ( 1)  0.511  0.008
 173 L   0.02594 0.02928 0.03134 0.03304 0.03465 0.03635 0.03838 0.04165 0.72937 ( 9) 18.564  0.729
 174 A   0.01412 0.01692 0.01870 0.02019 0.02162 0.02314 0.02496 0.02789 0.83245 ( 9) 21.142  0.832
 175 D   0.00021 0.00029 0.00034 0.00039 0.00044 0.00050 0.00057 0.00070 0.99656 ( 9) 25.245  0.997
 176 S   0.00046 0.00064 0.00077 0.00089 0.00101 0.00115 0.00133 0.00164 0.99211 ( 9) 25.134  0.992
 177 P   0.00015 0.00019 0.00022 0.00025 0.00027 0.00030 0.00034 0.00041 0.99787 ( 9) 25.278  0.998
 178 V   0.00269 0.00335 0.00380 0.00421 0.00462 0.00508 0.00566 0.00670 0.96391 ( 9) 24.429  0.964
 179 R   0.00489 0.00548 0.00585 0.00617 0.00647 0.00681 0.00722 0.00792 0.94918 ( 9) 24.060  0.949
 180 L   0.02894 0.02939 0.02985 0.03035 0.03090 0.03156 0.03246 0.03412 0.75243 ( 9) 19.140  0.752
 181 G   0.00244 0.00316 0.00366 0.00411 0.00456 0.00506 0.00570 0.00682 0.96448 ( 9) 24.443  0.964
 182 A   0.05157 0.06092 0.06671 0.07150 0.07602 0.08074 0.08634 0.09522 0.41097 ( 9) 10.604  0.411
 183 L   0.01814 0.01915 0.01985 0.02047 0.02111 0.02181 0.02272 0.02432 0.83243 ( 9) 21.141  0.832
 184 I   0.00004 0.00006 0.00007 0.00008 0.00009 0.00010 0.00011 0.00013 0.99933 ( 9) 25.314  0.999
 185 W   0.00290 0.00373 0.00430 0.00480 0.00531 0.00587 0.00659 0.00784 0.95866 ( 9) 24.298  0.959
 186 P   0.04064 0.04607 0.04947 0.05232 0.05505 0.05794 0.06143 0.06711 0.56997 ( 9) 14.579  0.570
 187 R   0.00306 0.00410 0.00483 0.00547 0.00612 0.00683 0.00773 0.00928 0.95259 ( 9) 24.146  0.953
 188 S   0.00010 0.00013 0.00015 0.00017 0.00019 0.00021 0.00024 0.00029 0.99852 ( 9) 25.294  0.999
 189 I   0.00012 0.00017 0.00020 0.00023 0.00026 0.00030 0.00034 0.00042 0.99794 ( 9) 25.280  0.998
 190 I   0.00134 0.00164 0.00185 0.00204 0.00224 0.00245 0.00273 0.00323 0.98247 ( 9) 24.893  0.982
 191 N   0.00957 0.01004 0.01036 0.01065 0.01094 0.01129 0.01174 0.01256 0.91286 ( 9) 23.152  0.913
 192 A   0.01262 0.01507 0.01660 0.01789 0.01911 0.02041 0.02196 0.02445 0.85189 ( 9) 21.628  0.852
 193 Y   0.00034 0.00041 0.00046 0.00050 0.00054 0.00058 0.00063 0.00073 0.99583 ( 9) 25.227  0.996
 194 N   0.00308 0.00401 0.00465 0.00523 0.00581 0.00647 0.00730 0.00877 0.95467 ( 9) 24.198  0.955
 195 C   0.00449 0.00559 0.00631 0.00693 0.00754 0.00820 0.00901 0.01036 0.94156 ( 9) 23.870  0.942
 196 S   0.03031 0.03214 0.03329 0.03427 0.03524 0.03628 0.03759 0.03983 0.72104 ( 9) 18.355  0.721
 197 R   0.12029 0.12297 0.12399 0.12454 0.12485 0.12497 0.12490 0.12437 0.00911 ( 6)  0.550  0.009
 198 L   0.00012 0.00014 0.00016 0.00018 0.00020 0.00021 0.00024 0.00028 0.99846 ( 9) 25.293  0.998
 199 D   0.01211 0.01365 0.01458 0.01534 0.01606 0.01680 0.01769 0.01912 0.87465 ( 9) 22.197  0.875
 200 P   0.00282 0.00367 0.00426 0.00479 0.00532 0.00592 0.00668 0.00801 0.95854 ( 9) 24.295  0.959
 201 G   0.01285 0.01516 0.01659 0.01778 0.01890 0.02007 0.02147 0.02370 0.85348 ( 9) 21.668  0.853
 202 Q   0.00013 0.00016 0.00018 0.00019 0.00021 0.00023 0.00025 0.00030 0.99835 ( 9) 25.290  0.998
 203 F   0.02090 0.02415 0.02615 0.02782 0.02939 0.03104 0.03302 0.03618 0.77135 ( 9) 19.614  0.771
 204 C   0.00021 0.00025 0.00028 0.00031 0.00034 0.00037 0.00040 0.00047 0.99738 ( 9) 25.265  0.997
 205 S   0.10796 0.11652 0.12087 0.12398 0.12653 0.12882 0.13108 0.13375 0.01047 ( 8)  0.586  0.010
 206 L   0.00056 0.00073 0.00085 0.00096 0.00107 0.00120 0.00136 0.00164 0.99163 ( 9) 25.122  0.992
 207 L   0.01969 0.02223 0.02375 0.02500 0.02617 0.02740 0.02885 0.03120 0.79572 ( 9) 20.223  0.796
 208 D   0.00010 0.00013 0.00016 0.00018 0.00021 0.00024 0.00027 0.00034 0.99837 ( 9) 25.290  0.998
 209 D   0.00004 0.00006 0.00007 0.00008 0.00009 0.00011 0.00013 0.00017 0.99926 ( 9) 25.312  0.999
 210 N   0.00003 0.00004 0.00005 0.00005 0.00006 0.00007 0.00008 0.00011 0.99951 ( 9) 25.319  1.000
 211 Y   0.01097 0.01275 0.01388 0.01482 0.01572 0.01669 0.01785 0.01977 0.87754 ( 9) 22.269  0.878
 212 Q   0.01293 0.01493 0.01619 0.01726 0.01828 0.01937 0.02069 0.02284 0.85750 ( 9) 21.768  0.857
 213 L   0.00031 0.00041 0.00048 0.00054 0.00060 0.00066 0.00075 0.00090 0.99535 ( 9) 25.215  0.995
 214 L   0.00344 0.00412 0.00456 0.00495 0.00534 0.00576 0.00630 0.00723 0.95830 ( 9) 24.289  0.958
 215 P   0.00008 0.00012 0.00014 0.00016 0.00019 0.00021 0.00025 0.00031 0.99855 ( 9) 25.295  0.999
 216 R   0.00018 0.00022 0.00024 0.00027 0.00029 0.00032 0.00035 0.00042 0.99772 ( 9) 25.274  0.998
 217 G   0.00017 0.00024 0.00029 0.00034 0.00039 0.00044 0.00051 0.00064 0.99698 ( 9) 25.255  0.997
 218 L   0.00031 0.00041 0.00048 0.00054 0.00061 0.00068 0.00077 0.00094 0.99524 ( 9) 25.212  0.995
 219 D   0.00271 0.00369 0.00438 0.00501 0.00564 0.00635 0.00725 0.00884 0.95612 ( 9) 24.234  0.956
 220 L   0.01228 0.01403 0.01512 0.01603 0.01690 0.01781 0.01891 0.02071 0.86820 ( 9) 22.036  0.868
 221 D   0.00189 0.00253 0.00299 0.00340 0.00382 0.00429 0.00490 0.00597 0.97021 ( 9) 24.586  0.970
 222 Y   0.00254 0.00346 0.00412 0.00471 0.00530 0.00597 0.00682 0.00832 0.95875 ( 9) 24.300  0.959
 223 Y   0.00033 0.00041 0.00046 0.00051 0.00056 0.00061 0.00068 0.00081 0.99563 ( 9) 25.222  0.996
 224 M   0.10737 0.11310 0.11588 0.11780 0.11934 0.12069 0.12198 0.12345 0.06039 ( 8)  1.833  0.060
 225 R   0.00016 0.00023 0.00027 0.00031 0.00035 0.00040 0.00046 0.00057 0.99726 ( 9) 25.262  0.997
 226 L   0.05493 0.06420 0.06993 0.07468 0.07916 0.08384 0.08940 0.09824 0.38561 ( 9)  9.970  0.386
 227 H   0.00031 0.00039 0.00044 0.00049 0.00054 0.00059 0.00066 0.00078 0.99581 ( 9) 25.226  0.996
 228 C   0.00828 0.01046 0.01189 0.01311 0.01430 0.01557 0.01712 0.01967 0.88960 ( 9) 22.571  0.890
 229 L   0.00096 0.00133 0.00159 0.00182 0.00206 0.00233 0.00268 0.00329 0.98393 ( 9) 24.929  0.984

Positively selected sites

	Prob(w>1)  mean w

     3 Q      0.709         18.044
     5 H      0.528         13.538
    74 L      0.558         14.288
   164 L      0.989*        25.044
   173 L      0.729         18.564
   174 A      0.832         21.142
   175 D      0.997**       25.245
   176 S      0.992**       25.134
   177 P      0.998**       25.278
   178 V      0.964*        24.429
   179 R      0.949         24.060
   180 L      0.752         19.140
   181 G      0.964*        24.443
   183 L      0.832         21.141
   184 I      0.999**       25.314
   185 W      0.959*        24.298
   186 P      0.570         14.579
   187 R      0.953*        24.146
   188 S      0.999**       25.294
   189 I      0.998**       25.280
   190 I      0.982*        24.893
   191 N      0.913         23.152
   192 A      0.852         21.628
   193 Y      0.996**       25.227
   194 N      0.955*        24.198
   195 C      0.942         23.870
   196 S      0.721         18.355
   198 L      0.998**       25.293
   199 D      0.875         22.197
   200 P      0.959*        24.295
   201 G      0.853         21.668
   202 Q      0.998**       25.290
   203 F      0.771         19.614
   204 C      0.997**       25.265
   206 L      0.992**       25.122
   207 L      0.796         20.223
   208 D      0.998**       25.290
   209 D      0.999**       25.312
   210 N      1.000**       25.319
   211 Y      0.878         22.269
   212 Q      0.857         21.768
   213 L      0.995**       25.215
   214 L      0.958*        24.289
   215 P      0.999**       25.295
   216 R      0.998**       25.274
   217 G      0.997**       25.255
   218 L      0.995**       25.212
   219 D      0.956*        24.234
   220 L      0.868         22.036
   221 D      0.970*        24.586
   222 Y      0.959*        24.300
   223 Y      0.996**       25.222
   225 R      0.997**       25.262
   227 H      0.996**       25.226
   228 C      0.890         22.571
   229 L      0.984*        24.929


lnL = -3238.832358

Bayes Empirical Bayes (BEB) probabilities for 11 classes (class) & postmean_w
(amino acids refer to 1st sequence: Mlig.21137)

   1 S   0.00229 0.04673 0.09929 0.12911 0.14143 0.14233 0.13468 0.11945 0.09611 0.06028 0.02829 ( 6)  0.829 +-  1.649
   2 L   0.00803 0.06691 0.10674 0.12563 0.13336 0.13337 0.12660 0.11305 0.09174 0.05816 0.03642 ( 6)  0.893 +-  1.863
   3 Q   0.00007 0.00333 0.01196 0.02268 0.03312 0.04197 0.04819 0.05052 0.04709 0.03347 0.70758 (11)  7.561 +-  4.450
   4 F   0.00858 0.06888 0.10798 0.12713 0.13475 0.13406 0.12636 0.11198 0.09019 0.05680 0.03329 ( 5)  0.860 +-  1.787
   5 H   0.00011 0.00760 0.02742 0.05083 0.07234 0.08914 0.09928 0.10077 0.09079 0.06203 0.39969 (11)  4.547 +-  4.795
   6 I   0.01123 0.06749 0.10334 0.12130 0.12945 0.13033 0.12454 0.11192 0.09138 0.05823 0.05078 ( 6)  1.035 +-  2.179
   7 S   0.00457 0.05088 0.09586 0.12086 0.13185 0.13354 0.12775 0.11477 0.09361 0.05949 0.06681 ( 6)  1.207 +-  2.472
   8 G   0.00009 0.00473 0.01791 0.03507 0.05218 0.06670 0.07666 0.08004 0.07402 0.05189 0.54073 (11)  5.931 +-  4.871
   9 S   0.06620 0.15663 0.13118 0.11305 0.10570 0.10089 0.09436 0.08411 0.06864 0.04430 0.03493 ( 2)  0.790 +-  1.847
  10 L   0.00125 0.03228 0.08042 0.11526 0.13403 0.14022 0.13643 0.12369 0.10137 0.06440 0.07065 ( 6)  1.266 +-  2.529
  11 A   0.00267 0.03817 0.07973 0.10761 0.12276 0.12800 0.12489 0.11385 0.09392 0.06013 0.12827 (11)  1.828 +-  3.300
  12 S   0.00996 0.06607 0.10529 0.12254 0.12814 0.12698 0.12026 0.10770 0.08794 0.05621 0.06891 ( 5)  1.211 +-  2.512
  13 N   0.01282 0.06992 0.10433 0.12214 0.13037 0.13115 0.12504 0.11200 0.09109 0.05784 0.04329 ( 6)  0.959 +-  2.023
  14 S   0.00493 0.05589 0.10193 0.12685 0.13718 0.13745 0.12982 0.11501 0.09249 0.05806 0.04038 ( 6)  0.940 +-  1.955
  15 L   0.03334 0.11844 0.12605 0.12077 0.11742 0.11372 0.10696 0.09552 0.07787 0.04996 0.03995 ( 3)  0.879 +-  1.959
  16 P   0.01740 0.08531 0.11629 0.12701 0.12972 0.12702 0.11904 0.10537 0.08496 0.05372 0.03415 ( 5)  0.850 +-  1.813
  17 L   0.00183 0.03676 0.08569 0.11860 0.13454 0.13834 0.13307 0.11978 0.09773 0.06200 0.07164 ( 6)  1.269 +-  2.548
  18 I   0.00280 0.03963 0.08190 0.10990 0.12496 0.13001 0.12663 0.11527 0.09497 0.06075 0.11318 ( 6)  1.678 +-  3.127
  19 V   0.11914 0.15015 0.11744 0.10264 0.09724 0.09359 0.08810 0.07901 0.06483 0.04208 0.04578 ( 2)  0.877 +-  2.105
  20 Y   0.00562 0.05856 0.10246 0.12468 0.13364 0.13404 0.12745 0.11402 0.09270 0.05884 0.04798 ( 6)  1.014 +-  2.120
  21 G   0.03673 0.12122 0.12371 0.11686 0.11353 0.11029 0.10413 0.09337 0.07644 0.04925 0.05447 ( 3)  1.020 +-  2.267
  22 L   0.00608 0.06311 0.10729 0.12707 0.13374 0.13274 0.12552 0.11199 0.09096 0.05777 0.04374 ( 5)  0.967 +-  2.031
  23 V   0.00450 0.05036 0.09342 0.11907 0.13159 0.13442 0.12922 0.11642 0.09512 0.06050 0.06538 ( 6)  1.196 +-  2.446
  24 L   0.00228 0.03604 0.08346 0.11893 0.13818 0.14395 0.13908 0.12507 0.10163 0.06407 0.04730 ( 6)  1.033 +-  2.100
  25 E   0.00163 0.03342 0.08062 0.11530 0.13399 0.13990 0.13576 0.12276 0.10037 0.06365 0.07258 ( 6)  1.284 +-  2.561
  26 I   0.01696 0.07650 0.10537 0.11908 0.12518 0.12524 0.11939 0.10722 0.08757 0.05592 0.06157 ( 6)  1.132 +-  2.388
  27 P   0.00128 0.03481 0.08515 0.12067 0.13895 0.14393 0.13867 0.12454 0.10115 0.06377 0.04708 ( 6)  1.030 +-  2.095
  28 T   0.00227 0.03750 0.08484 0.11838 0.13608 0.14132 0.13671 0.12335 0.10068 0.06378 0.05509 ( 6)  1.108 +-  2.255
  29 C   0.00137 0.03446 0.08637 0.12464 0.14381 0.14778 0.14057 0.12439 0.09951 0.06186 0.03523 ( 6)  0.911 +-  1.828
  30 D   0.00483 0.05368 0.10046 0.12711 0.13839 0.13906 0.13156 0.11674 0.09403 0.05910 0.03504 ( 6)  0.890 +-  1.827
  31 F   0.05637 0.13374 0.12266 0.11680 0.11523 0.11209 0.10503 0.09310 0.07526 0.04793 0.02179 ( 2)  0.682 +-  1.473
  32 S   0.01415 0.08306 0.12157 0.13199 0.13092 0.12520 0.11597 0.10245 0.08294 0.05287 0.03888 ( 4)  0.895 +-  1.927
  33 K   0.00765 0.07929 0.11857 0.12634 0.12629 0.12327 0.11640 0.10427 0.08519 0.05455 0.05819 ( 4)  1.094 +-  2.326
  34 L   0.09303 0.13202 0.11877 0.11242 0.10936 0.10527 0.09806 0.08666 0.06996 0.04460 0.02986 ( 2)  0.742 +-  1.716
  35 S   0.02019 0.08776 0.11457 0.12505 0.12882 0.12699 0.11946 0.10593 0.08548 0.05405 0.03170 ( 5)  0.825 +-  1.750
  36 R   0.00161 0.03214 0.08003 0.11818 0.14017 0.14761 0.14317 0.12864 0.10412 0.06522 0.03912 ( 6)  0.958 +-  1.919
  37 Q   0.01751 0.07443 0.10774 0.12611 0.13368 0.13270 0.12452 0.10970 0.08779 0.05498 0.03083 ( 5)  0.827 +-  1.725
  38 L   0.05247 0.13528 0.12881 0.12056 0.11610 0.11096 0.10267 0.09011 0.07223 0.04572 0.02507 ( 2)  0.711 +-  1.576
  39 P   0.00494 0.05842 0.10591 0.12997 0.13912 0.13853 0.13033 0.11515 0.09240 0.05792 0.02732 ( 5)  0.809 +-  1.624
  40 S   0.03977 0.13440 0.13556 0.12379 0.11644 0.11042 0.10240 0.09047 0.07313 0.04669 0.02692 ( 3)  0.733 +-  1.628
  41 F   0.00115 0.03256 0.08418 0.12224 0.14180 0.14689 0.14106 0.12608 0.10185 0.06385 0.03833 ( 6)  0.946 +-  1.901
  42 V   0.12300 0.14539 0.11420 0.10251 0.09902 0.09613 0.09066 0.08117 0.06639 0.04291 0.03861 ( 2)  0.808 +-  1.942
  43 S   0.00114 0.03498 0.08924 0.12687 0.14441 0.14727 0.13962 0.12346 0.09881 0.06152 0.03268 ( 6)  0.884 +-  1.764
  44 P   0.00518 0.05828 0.10423 0.12774 0.13691 0.13663 0.12889 0.11424 0.09198 0.05785 0.03807 ( 5)  0.915 +-  1.902
  45 R   0.01047 0.06430 0.10205 0.11947 0.12543 0.12466 0.11842 0.10641 0.08718 0.05589 0.08570 ( 5)  1.378 +-  2.774
  46 V   0.00540 0.05486 0.09775 0.12192 0.13289 0.13445 0.12832 0.11492 0.09342 0.05921 0.05684 ( 6)  1.106 +-  2.295
  47 R   0.02845 0.10094 0.12071 0.12626 0.12698 0.12339 0.11504 0.10140 0.08147 0.05144 0.02392 ( 5)  0.734 +-  1.533
  48 Y   0.00539 0.05537 0.09756 0.12058 0.13097 0.13250 0.12668 0.11377 0.09279 0.05901 0.06538 ( 6)  1.190 +-  2.448
  49 Y   0.00196 0.04542 0.09780 0.12769 0.14001 0.14080 0.13306 0.11784 0.09470 0.05934 0.04138 ( 6)  0.959 +-  1.976
  50 F   0.00090 0.02507 0.06718 0.10130 0.12155 0.12975 0.12805 0.11741 0.09715 0.06218 0.14946 (11)  2.051 +-  3.511
  51 N   0.03348 0.10021 0.11353 0.11907 0.12149 0.11985 0.11336 0.10132 0.08252 0.05274 0.04242 ( 5)  0.919 +-  2.012
  52 S   0.00336 0.04924 0.09841 0.12674 0.13905 0.14041 0.13330 0.11858 0.09567 0.06017 0.03508 ( 6)  0.895 +-  1.827
  53 S   0.00439 0.05345 0.10048 0.12666 0.13770 0.13829 0.13074 0.11588 0.09320 0.05849 0.04074 ( 6)  0.946 +-  1.963
  54 T   0.00505 0.06053 0.10888 0.13160 0.13897 0.13706 0.12807 0.11256 0.08995 0.05623 0.03109 ( 5)  0.842 +-  1.729
  55 D   0.01944 0.07490 0.10019 0.11173 0.11634 0.11602 0.11086 0.10019 0.08253 0.05321 0.11460 ( 5)  1.653 +-  3.160
  56 E   0.01806 0.08874 0.11558 0.12372 0.12627 0.12445 0.11764 0.10510 0.08554 0.05458 0.04031 ( 5)  0.911 +-  1.960
  57 L   0.08655 0.12882 0.11986 0.11446 0.11142 0.10725 0.09996 0.08842 0.07146 0.04558 0.02622 ( 2)  0.711 +-  1.612
  58 S   0.00355 0.04608 0.09140 0.11939 0.13301 0.13619 0.13095 0.11791 0.09624 0.06112 0.06416 ( 6)  1.187 +-  2.424
  59 N   0.00449 0.05096 0.09516 0.12123 0.13361 0.13606 0.13041 0.11717 0.09547 0.06058 0.05486 ( 6)  1.091 +-  2.255
  60 Q   0.00301 0.04609 0.09435 0.12295 0.13579 0.13781 0.13148 0.11756 0.09534 0.06023 0.05540 ( 6)  1.099 +-  2.266
  61 L   0.00096 0.02506 0.06763 0.10259 0.12335 0.13168 0.12986 0.11896 0.09833 0.06286 0.13872 (11)  1.945 +-  3.404
  62 A   0.00423 0.04863 0.09219 0.11861 0.13142 0.13422 0.12890 0.11598 0.09463 0.06011 0.07108 ( 6)  1.253 +-  2.542
  63 G   0.00334 0.04217 0.08289 0.10883 0.12251 0.12684 0.12329 0.11217 0.09247 0.05924 0.12626 ( 6)  1.803 +-  3.280
  64 S   0.01987 0.08487 0.11303 0.12487 0.12911 0.12735 0.11977 0.10615 0.08560 0.05408 0.03530 ( 5)  0.863 +-  1.841
  65 D   0.00483 0.05360 0.09981 0.12635 0.13771 0.13840 0.13084 0.11595 0.09325 0.05851 0.04076 ( 6)  0.947 +-  1.963
  66 P   0.01795 0.07883 0.10631 0.11884 0.12426 0.12396 0.11796 0.10584 0.08639 0.05517 0.06448 ( 5)  1.158 +-  2.440
  67 A   0.01440 0.06956 0.10140 0.11834 0.12630 0.12713 0.12142 0.10907 0.08903 0.05676 0.06659 ( 6)  1.188 +-  2.474
  68 D   0.00500 0.05503 0.10127 0.12713 0.13798 0.13849 0.13100 0.11625 0.09366 0.05889 0.03530 ( 6)  0.892 +-  1.834
  69 P   0.00959 0.07730 0.11576 0.13050 0.13463 0.13184 0.12299 0.10816 0.08657 0.05431 0.02837 ( 5)  0.801 +-  1.658
  70 F   0.13729 0.15656 0.11589 0.09932 0.09349 0.08976 0.08438 0.07559 0.06199 0.04026 0.04546 ( 2)  0.861 +-  2.101
  71 P   0.00567 0.05906 0.10504 0.12946 0.13892 0.13816 0.12956 0.11402 0.09113 0.05692 0.03204 ( 5)  0.854 +-  1.753
  72 A   0.15216 0.17826 0.12542 0.10108 0.09163 0.08612 0.07979 0.07065 0.05736 0.03703 0.02048 ( 2)  0.591 +-  1.444
  73 Q   0.00165 0.04146 0.09429 0.12687 0.14127 0.14323 0.13599 0.12081 0.09729 0.06101 0.03613 ( 6)  0.912 +-  1.851
  74 L   0.00021 0.00480 0.01460 0.02664 0.03862 0.04891 0.05613 0.05877 0.05465 0.03870 0.65795 (11)  7.075 +-  4.641
  75 V   0.01548 0.07585 0.10960 0.12542 0.13149 0.13055 0.12332 0.10973 0.08881 0.05624 0.03351 ( 5)  0.854 +-  1.794
  76 A   0.01506 0.07281 0.10468 0.12107 0.12857 0.12888 0.12254 0.10953 0.08895 0.05645 0.05147 ( 6)  1.036 +-  2.196
  77 V   0.02345 0.08326 0.10931 0.12208 0.12727 0.12637 0.11964 0.10679 0.08675 0.05517 0.03993 ( 5)  0.910 +-  1.951
  78 L   0.11877 0.14994 0.11788 0.10313 0.09762 0.09384 0.08823 0.07903 0.06478 0.04201 0.04478 ( 2)  0.867 +-  2.083
  79 L   0.04561 0.12122 0.11893 0.11441 0.11287 0.11031 0.10428 0.09347 0.07644 0.04918 0.05329 ( 2)  1.006 +-  2.245
  80 R   0.14469 0.17473 0.12470 0.10180 0.09328 0.08820 0.08194 0.07262 0.05896 0.03802 0.02107 ( 2)  0.604 +-  1.463
  81 F   0.04823 0.11962 0.12046 0.11993 0.11986 0.11679 0.10920 0.09644 0.07761 0.04914 0.02271 ( 3)  0.703 +-  1.500
  82 R   0.00461 0.05463 0.10190 0.12809 0.13908 0.13962 0.13203 0.11709 0.09425 0.05920 0.02950 ( 6)  0.835 +-  1.683
  83 Y   0.00598 0.05984 0.10066 0.12111 0.13018 0.13138 0.12565 0.11295 0.09222 0.05872 0.06130 ( 6)  1.146 +-  2.378
  84 A   0.00102 0.03107 0.08016 0.11620 0.13523 0.14107 0.13677 0.12360 0.10102 0.06403 0.06983 ( 6)  1.259 +-  2.516
  85 N   0.00455 0.05212 0.09630 0.12167 0.13338 0.13533 0.12935 0.11593 0.09426 0.05972 0.05740 ( 6)  1.114 +-  2.304
  86 V   0.01455 0.07110 0.10493 0.12271 0.13065 0.13099 0.12450 0.11124 0.09029 0.05725 0.04180 ( 6)  0.942 +-  1.990
  87 S   0.00132 0.03723 0.09088 0.12692 0.14367 0.14636 0.13879 0.12277 0.09830 0.06124 0.03252 ( 6)  0.880 +-  1.760
  88 I   0.00640 0.05838 0.09784 0.12016 0.13131 0.13367 0.12830 0.11545 0.09423 0.05992 0.05433 ( 6)  1.080 +-  2.247
  89 A   0.00388 0.04957 0.09773 0.12636 0.13874 0.13977 0.13225 0.11726 0.09433 0.05917 0.04095 ( 6)  0.952 +-  1.967
  90 E   0.00045 0.02140 0.06817 0.10940 0.13368 0.14277 0.14007 0.12743 0.10455 0.06632 0.08576 ( 6)  1.428 +-  2.758
  91 S   0.00584 0.05392 0.09975 0.12619 0.13737 0.13786 0.13016 0.11523 0.09259 0.05807 0.04301 ( 6)  0.968 +-  2.014
  92 N   0.00090 0.03075 0.08241 0.12047 0.13991 0.14516 0.13985 0.12557 0.10197 0.06426 0.04876 ( 6)  1.050 +-  2.129
  93 W   0.10557 0.26911 0.18060 0.11033 0.07949 0.06629 0.05841 0.05076 0.04104 0.02683 0.01157 ( 2)  0.458 +-  1.103
  94 P   0.00184 0.03362 0.08169 0.11830 0.13826 0.14443 0.13981 0.12590 0.10242 0.06460 0.04912 ( 6)  1.053 +-  2.136
  95 H   0.25371 0.22317 0.11890 0.07923 0.06573 0.05998 0.05539 0.04944 0.04071 0.02692 0.02682 ( 1)  0.578 +-  1.652
  96 S   0.00505 0.05944 0.10678 0.13018 0.13887 0.13810 0.12986 0.11472 0.09206 0.05772 0.02722 ( 5)  0.807 +-  1.622
  97 A   0.00109 0.03407 0.08736 0.12471 0.14263 0.14628 0.13954 0.12419 0.10004 0.06264 0.03745 ( 6)  0.933 +-  1.881
  98 G   0.01406 0.07256 0.10509 0.11992 0.12604 0.12602 0.12016 0.10803 0.08834 0.05646 0.06334 ( 5)  1.153 +-  2.418
  99 Y   0.01471 0.10111 0.12728 0.12851 0.12641 0.12215 0.11414 0.10113 0.08176 0.05196 0.03082 ( 4)  0.806 +-  1.728
 100 P   0.01287 0.07173 0.11023 0.12853 0.13498 0.13335 0.12502 0.11030 0.08849 0.05558 0.02892 ( 5)  0.811 +-  1.672
 101 F   0.00534 0.05496 0.09684 0.12016 0.13104 0.13295 0.12734 0.11449 0.09345 0.05946 0.06396 ( 6)  1.177 +-  2.423
 102 A   0.02929 0.10709 0.12347 0.12506 0.12406 0.12015 0.11210 0.09905 0.07984 0.05063 0.02926 ( 4)  0.782 +-  1.689
 103 N   0.00685 0.06333 0.10492 0.12656 0.13580 0.13596 0.12857 0.11412 0.09197 0.05788 0.03404 ( 6)  0.873 +-  1.804
 104 L   0.00751 0.06767 0.10957 0.12843 0.13482 0.13319 0.12500 0.11047 0.08880 0.05587 0.03867 ( 5)  0.912 +-  1.919
 105 G   0.15656 0.19720 0.13443 0.10113 0.08722 0.07999 0.07338 0.06476 0.05256 0.03407 0.01870 ( 2)  0.557 +-  1.385
 106 Y   0.26173 0.22229 0.12185 0.08283 0.06844 0.06153 0.05583 0.04893 0.03958 0.02575 0.01124 ( 1)  0.418 +-  1.096
 107 V   0.00352 0.04911 0.09790 0.12638 0.13882 0.14023 0.13318 0.11853 0.09571 0.06023 0.03639 ( 6)  0.908 +-  1.859
 108 Y   0.00454 0.05047 0.09462 0.12178 0.13523 0.13819 0.13251 0.11887 0.09662 0.06112 0.04606 ( 6)  1.006 +-  2.077
 109 R   0.03725 0.14969 0.15451 0.13307 0.11664 0.10518 0.09465 0.08221 0.06582 0.04194 0.01902 ( 3)  0.637 +-  1.383
 110 N   0.02089 0.08135 0.10371 0.11522 0.12202 0.12337 0.11853 0.10701 0.08770 0.05612 0.06410 ( 6)  1.154 +-  2.433
 111 A   0.01925 0.08662 0.11522 0.12596 0.12933 0.12716 0.11951 0.10600 0.08559 0.05418 0.03117 ( 5)  0.821 +-  1.736
 112 Q   0.00246 0.04139 0.08864 0.11786 0.13149 0.13443 0.12914 0.11629 0.09499 0.06039 0.08292 ( 6)  1.375 +-  2.726
 113 S   0.00582 0.05611 0.09939 0.12583 0.13847 0.14006 0.13268 0.11746 0.09419 0.05887 0.03112 ( 6)  0.851 +-  1.727
 114 S   0.00413 0.05412 0.10357 0.12975 0.13981 0.13963 0.13171 0.11672 0.09396 0.05905 0.02755 ( 5)  0.815 +-  1.629
 115 A   0.03089 0.11889 0.12991 0.12189 0.11484 0.10877 0.10116 0.09000 0.07344 0.04732 0.06289 ( 3)  1.101 +-  2.424
 116 G   0.00494 0.05532 0.10289 0.12943 0.13995 0.13951 0.13090 0.11519 0.09204 0.05745 0.03238 ( 5)  0.861 +-  1.761
 117 N   0.00391 0.04987 0.09710 0.12542 0.13823 0.13979 0.13260 0.11772 0.09475 0.05944 0.04115 ( 6)  0.955 +-  1.971
 118 A   0.00142 0.03711 0.09007 0.12563 0.14219 0.14511 0.13811 0.12278 0.09887 0.06193 0.03677 ( 6)  0.923 +-  1.866
 119 S   0.00353 0.04760 0.09401 0.12193 0.13544 0.13852 0.13306 0.11960 0.09740 0.06170 0.04719 ( 6)  1.019 +-  2.100
 120 S   0.01384 0.07159 0.10387 0.11878 0.12494 0.12498 0.11926 0.10736 0.08795 0.05632 0.07111 ( 6)  1.230 +-  2.550
 121 A   0.12903 0.15936 0.12277 0.10583 0.09876 0.09353 0.08660 0.07641 0.06174 0.03957 0.02639 ( 2)  0.672 +-  1.625
 122 L   0.00689 0.06050 0.10521 0.12791 0.13646 0.13578 0.12787 0.11323 0.09113 0.05733 0.03768 ( 5)  0.909 +-  1.893
 123 A   0.00172 0.04312 0.09643 0.12824 0.14195 0.14350 0.13601 0.12068 0.09709 0.06085 0.03042 ( 6)  0.854 +-  1.706
 124 S   0.00578 0.06061 0.10347 0.12456 0.13342 0.13402 0.12757 0.11416 0.09282 0.05890 0.04469 ( 6)  0.981 +-  2.051
 125 V   0.00067 0.02762 0.08031 0.12159 0.14301 0.14871 0.14293 0.12777 0.10322 0.06468 0.03949 ( 6)  0.962 +-  1.927
 126 S   0.14273 0.18922 0.13463 0.10288 0.08872 0.08126 0.07471 0.06627 0.05416 0.03532 0.03012 ( 2)  0.681 +-  1.734
 127 N   0.02525 0.08742 0.11418 0.12646 0.13032 0.12764 0.11904 0.10464 0.08371 0.05255 0.02879 ( 5)  0.793 +-  1.673
 128 S   0.01504 0.10543 0.13172 0.13127 0.12767 0.12220 0.11322 0.09955 0.07993 0.05053 0.02343 ( 3)  0.728 +-  1.518
 129 C   0.00632 0.06135 0.10627 0.12961 0.13841 0.13734 0.12867 0.11320 0.09048 0.05654 0.03181 ( 5)  0.849 +-  1.748
 130 T   0.29073 0.20960 0.10618 0.07534 0.06639 0.06219 0.05769 0.05118 0.04170 0.02721 0.01178 ( 1)  0.423 +-  1.122
 131 P   0.00223 0.03685 0.08366 0.11732 0.13536 0.14087 0.13646 0.12326 0.10070 0.06385 0.05944 ( 6)  1.152 +-  2.336
 132 M   0.01688 0.07735 0.10668 0.12090 0.12730 0.12726 0.12098 0.10826 0.08806 0.05601 0.05032 ( 5)  1.020 +-  2.174
 133 P   0.00270 0.04082 0.08707 0.11767 0.13303 0.13695 0.13190 0.11876 0.09687 0.06143 0.07281 ( 6)  1.277 +-  2.568
 134 S   0.01836 0.08276 0.11233 0.12523 0.13015 0.12872 0.12122 0.10751 0.08673 0.05480 0.03219 ( 5)  0.835 +-  1.762
 135 L   0.00342 0.04460 0.09155 0.12233 0.13748 0.14080 0.13486 0.12074 0.09791 0.06176 0.04454 ( 6)  0.995 +-  2.044
 136 T   0.00327 0.04112 0.08237 0.10765 0.12007 0.12357 0.11982 0.10902 0.08999 0.05779 0.14533 (11)  1.990 +-  3.480
 137 E   0.00061 0.02486 0.07344 0.11325 0.13544 0.14296 0.13931 0.12619 0.10323 0.06539 0.07533 ( 6)  1.320 +-  2.602
 138 L   0.00301 0.04269 0.08873 0.11814 0.13217 0.13496 0.12907 0.11547 0.09363 0.05909 0.08304 ( 6)  1.375 +-  2.730
 139 A   0.03364 0.12027 0.12644 0.11884 0.11418 0.11018 0.10376 0.09298 0.07615 0.04911 0.05444 ( 3)  1.020 +-  2.266
 140 R   0.00125 0.03675 0.09080 0.12653 0.14262 0.14508 0.13781 0.12238 0.09849 0.06169 0.03659 ( 6)  0.921 +-  1.861
 141 L   0.01885 0.08189 0.10972 0.12173 0.12673 0.12611 0.11975 0.10720 0.08730 0.05564 0.04508 ( 5)  0.964 +-  2.065
 142 P   0.02161 0.08457 0.11202 0.12371 0.12776 0.12612 0.11898 0.10596 0.08593 0.05461 0.03874 ( 5)  0.897 +-  1.924
 143 P   0.01500 0.07375 0.10632 0.12268 0.12982 0.12985 0.12335 0.11026 0.08959 0.05690 0.04247 ( 6)  0.946 +-  2.006
 144 A   0.00483 0.05458 0.09762 0.12042 0.13061 0.13222 0.12662 0.11391 0.09306 0.05926 0.06688 ( 6)  1.205 +-  2.474
 145 S   0.00511 0.05658 0.10182 0.12655 0.13727 0.13806 0.13082 0.11623 0.09370 0.05893 0.03494 ( 6)  0.888 +-  1.825
 146 Y   0.00103 0.03326 0.08678 0.12466 0.14282 0.14653 0.13981 0.12445 0.10028 0.06280 0.03758 ( 6)  0.935 +-  1.884
 147 M   0.01489 0.07013 0.09863 0.11277 0.11962 0.12066 0.11592 0.10492 0.08635 0.05550 0.10061 ( 6)  1.523 +-  2.982
 148 H   0.00172 0.04178 0.09420 0.12651 0.14067 0.14235 0.13487 0.11957 0.09610 0.06017 0.04205 ( 6)  0.970 +-  1.990
 149 V   0.00469 0.05325 0.09922 0.12590 0.13785 0.13921 0.13219 0.11761 0.09491 0.05971 0.03546 ( 6)  0.896 +-  1.837
 150 A   0.00314 0.04503 0.09365 0.12459 0.13925 0.14195 0.13543 0.12079 0.09760 0.06138 0.03720 ( 6)  0.921 +-  1.877
 151 P   0.01580 0.07522 0.10549 0.11973 0.12604 0.12619 0.12033 0.10808 0.08827 0.05635 0.05849 ( 6)  1.103 +-  2.331
 152 S   0.06572 0.20955 0.17382 0.12364 0.09525 0.08070 0.07133 0.06227 0.05071 0.03326 0.03376 ( 2)  0.728 +-  1.825
 153 N   0.01190 0.06451 0.10015 0.11914 0.12771 0.12864 0.12286 0.11034 0.09004 0.05736 0.06737 ( 6)  1.200 +-  2.486
 154 S   0.00409 0.04546 0.08984 0.11802 0.13195 0.13528 0.13012 0.11714 0.09559 0.06068 0.07182 ( 6)  1.263 +-  2.554
 155 T   0.00977 0.05833 0.09579 0.11786 0.12869 0.13085 0.12554 0.11298 0.09226 0.05871 0.06922 ( 6)  1.225 +-  2.515
 156 K   0.10139 0.22082 0.16721 0.11505 0.08786 0.07447 0.06599 0.05775 0.04713 0.03101 0.03132 ( 2)  0.682 +-  1.766
 157 L   0.07698 0.12809 0.12130 0.11543 0.11232 0.10836 0.10126 0.08980 0.07274 0.04648 0.02723 ( 2)  0.726 +-  1.640
 158 R   0.02560 0.09412 0.11244 0.11813 0.12036 0.11889 0.11273 0.10103 0.08250 0.05282 0.06138 ( 5)  1.112 +-  2.390
 159 L   0.00099 0.03258 0.08552 0.12342 0.14204 0.14622 0.13977 0.12451 0.10033 0.06280 0.04182 ( 6)  0.978 +-  1.982
 160 I   0.00330 0.04715 0.09448 0.12301 0.13654 0.13927 0.13336 0.11951 0.09705 0.06134 0.04500 ( 6)  0.997 +-  2.054
 161 L   0.00287 0.04120 0.08723 0.11806 0.13381 0.13806 0.13317 0.12004 0.09799 0.06216 0.06541 ( 6)  1.205 +-  2.444
 162 H   0.00725 0.04885 0.09365 0.12451 0.13979 0.14250 0.13539 0.11998 0.09621 0.06005 0.03182 ( 6)  0.864 +-  1.745
 163 S   0.00180 0.03840 0.09009 0.12326 0.13782 0.13997 0.13332 0.11908 0.09655 0.06098 0.05873 ( 6)  1.138 +-  2.326
 164 L   0.00000 0.00010 0.00057 0.00150 0.00281 0.00435 0.00589 0.00711 0.00750 0.00599 0.96419 (11) 10.069 +-  1.826
 165 A   0.00877 0.05863 0.09921 0.12271 0.13362 0.13516 0.12893 0.11538 0.09371 0.05935 0.04453 ( 6)  0.981 +-  2.047
 166 R   0.00174 0.03717 0.08800 0.12187 0.13768 0.14085 0.13486 0.12089 0.09829 0.06218 0.05647 ( 6)  1.118 +-  2.282
 167 K   0.01249 0.06610 0.10066 0.12005 0.12953 0.13114 0.12564 0.11304 0.09231 0.05880 0.05025 ( 6)  1.032 +-  2.168
 168 D   0.00480 0.05349 0.09830 0.12389 0.13556 0.13727 0.13089 0.11700 0.09487 0.05995 0.04398 ( 6)  0.981 +-  2.034
 169 P   0.01329 0.06722 0.10031 0.11831 0.12684 0.12793 0.12229 0.10988 0.08969 0.05715 0.06710 ( 6)  1.195 +-  2.482
 170 D   0.00944 0.07140 0.10874 0.12679 0.13400 0.13322 0.12557 0.11131 0.08969 0.05653 0.03331 ( 5)  0.858 +-  1.787
 171 S   0.00479 0.05215 0.09616 0.12192 0.13392 0.13595 0.12993 0.11640 0.09460 0.05990 0.05428 ( 6)  1.084 +-  2.245
 172 Q   0.01946 0.08434 0.10989 0.12015 0.12490 0.12473 0.11897 0.10692 0.08737 0.05584 0.04741 ( 5)  0.986 +-  2.115
 173 L   0.00047 0.00782 0.01982 0.03240 0.04415 0.05396 0.06057 0.06243 0.05735 0.04019 0.62083 (11)  6.707 +-  4.754
 174 A   0.00009 0.00359 0.01255 0.02391 0.03519 0.04481 0.05152 0.05397 0.05021 0.03558 0.68858 (11)  7.376 +-  4.530
 175 D   0.00000 0.00004 0.00026 0.00072 0.00139 0.00218 0.00299 0.00366 0.00391 0.00317 0.98167 (11) 10.239 +-  1.333
 176 S   0.00000 0.00005 0.00040 0.00115 0.00224 0.00353 0.00482 0.00585 0.00620 0.00497 0.97081 (11) 10.134 +-  1.658
 177 P   0.00000 0.00004 0.00016 0.00039 0.00070 0.00107 0.00147 0.00182 0.00198 0.00165 0.99072 (11) 10.327 +-  0.974
 178 V   0.00001 0.00040 0.00150 0.00330 0.00572 0.00853 0.01131 0.01345 0.01402 0.01106 0.93069 (11)  9.743 +-  2.483
 179 R   0.00011 0.00152 0.00355 0.00579 0.00818 0.01053 0.01252 0.01368 0.01333 0.00996 0.92083 (11)  9.644 +-  2.651
 180 L   0.00643 0.02120 0.02772 0.03564 0.04479 0.05325 0.05916 0.06073 0.05569 0.03906 0.59632 (11)  6.453 +-  4.826
 181 G   0.00000 0.00028 0.00137 0.00329 0.00589 0.00886 0.01179 0.01402 0.01460 0.01150 0.92840 (11)  9.721 +-  2.520
 182 A   0.00016 0.00726 0.02455 0.04465 0.06332 0.07841 0.08820 0.09067 0.08284 0.05746 0.46247 (11)  5.161 +-  4.879
 183 L   0.00177 0.00812 0.01322 0.01869 0.02470 0.03054 0.03521 0.03745 0.03554 0.02580 0.76896 (11)  8.155 +-  4.136
 184 I   0.00000 0.00002 0.00010 0.00026 0.00048 0.00075 0.00102 0.00124 0.00133 0.00108 0.99373 (11) 10.356 +-  0.819
 185 W   0.00000 0.00033 0.00159 0.00374 0.00656 0.00977 0.01290 0.01529 0.01588 0.01247 0.92147 (11)  9.654 +-  2.628
 186 P   0.00048 0.00746 0.01877 0.03124 0.04335 0.05372 0.06094 0.06335 0.05863 0.04135 0.62072 (11)  6.707 +-  4.751
 187 R   0.00000 0.00030 0.00188 0.00487 0.00870 0.01277 0.01645 0.01897 0.01922 0.01476 0.90206 (11)  9.465 +-  2.902
 188 S   0.00000 0.00003 0.00014 0.00034 0.00064 0.00101 0.00143 0.00179 0.00197 0.00164 0.99101 (11) 10.329 +-  0.960
 189 I   0.00000 0.00003 0.00022 0.00063 0.00122 0.00192 0.00261 0.00317 0.00337 0.00271 0.98411 (11) 10.263 +-  1.247
 190 I   0.00001 0.00027 0.00094 0.00202 0.00350 0.00524 0.00700 0.00839 0.00882 0.00702 0.95679 (11)  9.997 +-  1.996
 191 N   0.00039 0.00364 0.00625 0.00866 0.01150 0.01453 0.01721 0.01882 0.01836 0.01372 0.88693 (11)  9.311 +-  3.109
 192 A   0.00007 0.00317 0.01106 0.02079 0.03032 0.03848 0.04422 0.04638 0.04324 0.03074 0.73152 (11)  7.795 +-  4.336
 193 Y   0.00000 0.00010 0.00036 0.00072 0.00114 0.00161 0.00207 0.00244 0.00257 0.00207 0.98692 (11) 10.289 +-  1.142
 194 N   0.00001 0.00035 0.00172 0.00421 0.00760 0.01147 0.01526 0.01812 0.01882 0.01476 0.90767 (11)  9.520 +-  2.825
 195 C   0.00001 0.00066 0.00281 0.00597 0.00954 0.01310 0.01616 0.01810 0.01793 0.01355 0.90217 (11)  9.464 +-  2.906
 196 S   0.00130 0.01329 0.02447 0.03434 0.04402 0.05262 0.05861 0.06029 0.05540 0.03891 0.61673 (11)  6.661 +-  4.772
 197 R   0.00604 0.06197 0.10627 0.12903 0.13816 0.13773 0.12963 0.11453 0.09190 0.05762 0.02714 ( 5)  0.805 +-  1.620
 198 L   0.00000 0.00005 0.00018 0.00039 0.00067 0.00103 0.00142 0.00176 0.00192 0.00159 0.99099 (11) 10.329 +-  0.962
 199 D   0.00013 0.00348 0.00923 0.01494 0.02016 0.02455 0.02762 0.02865 0.02656 0.01891 0.82578 (11)  8.713 +-  3.721
 200 P   0.00000 0.00031 0.00157 0.00382 0.00687 0.01034 0.01373 0.01630 0.01693 0.01328 0.91684 (11)  9.609 +-  2.696
 201 G   0.00007 0.00305 0.01029 0.01870 0.02666 0.03338 0.03807 0.03975 0.03696 0.02627 0.76681 (11)  8.139 +-  4.140
 202 Q   0.00000 0.00006 0.00020 0.00040 0.00069 0.00106 0.00145 0.00181 0.00197 0.00162 0.99074 (11) 10.327 +-  0.974
 203 F   0.00019 0.00588 0.01720 0.02976 0.04159 0.05146 0.05816 0.06024 0.05555 0.03907 0.64089 (11)  6.906 +-  4.698
 204 C   0.00000 0.00013 0.00044 0.00092 0.00156 0.00232 0.00309 0.00372 0.00394 0.00316 0.98071 (11) 10.229 +-  1.367
 205 S   0.00180 0.03767 0.08728 0.12117 0.13824 0.14261 0.13716 0.12312 0.10002 0.06312 0.04779 ( 6)  1.034 +-  2.111
 206 L   0.00000 0.00014 0.00071 0.00176 0.00321 0.00488 0.00654 0.00781 0.00818 0.00648 0.96030 (11) 10.031 +-  1.917
 207 L   0.00021 0.00604 0.01616 0.02622 0.03537 0.04300 0.04817 0.04965 0.04567 0.03213 0.69738 (11)  7.456 +-  4.503
 208 D   0.00000 0.00002 0.00015 0.00044 0.00085 0.00136 0.00188 0.00231 0.00248 0.00201 0.98850 (11) 10.305 +-  1.074
 209 D   0.00000 0.00001 0.00007 0.00023 0.00049 0.00082 0.00119 0.00151 0.00167 0.00139 0.99264 (11) 10.345 +-  0.877
 210 N   0.00000 0.00000 0.00004 0.00013 0.00027 0.00047 0.00071 0.00094 0.00107 0.00093 0.99543 (11) 10.372 +-  0.714
 211 Y   0.00009 0.00252 0.00743 0.01318 0.01899 0.02426 0.02830 0.03023 0.02873 0.02088 0.82540 (11)  8.712 +-  3.717
 212 Q   0.00021 0.00390 0.01071 0.01872 0.02672 0.03365 0.03854 0.04033 0.03752 0.02667 0.76302 (11)  8.101 +-  4.164
 213 L   0.00000 0.00008 0.00041 0.00101 0.00183 0.00280 0.00377 0.00455 0.00480 0.00384 0.97689 (11) 10.192 +-  1.487
 214 L   0.00001 0.00058 0.00192 0.00376 0.00604 0.00862 0.01118 0.01316 0.01366 0.01075 0.93033 (11)  9.739 +-  2.492
 215 P   0.00000 0.00002 0.00014 0.00043 0.00086 0.00138 0.00192 0.00238 0.00256 0.00209 0.98821 (11) 10.302 +-  1.086
 216 R   0.00000 0.00006 0.00019 0.00038 0.00068 0.00107 0.00152 0.00194 0.00217 0.00183 0.99015 (11) 10.321 +-  1.000
 217 G   0.00000 0.00003 0.00019 0.00058 0.00116 0.00188 0.00264 0.00329 0.00357 0.00293 0.98375 (11) 10.259 +-  1.259
 218 L   0.00000 0.00010 0.00048 0.00123 0.00228 0.00351 0.00474 0.00570 0.00599 0.00477 0.97120 (11) 10.137 +-  1.648
 219 D   0.00000 0.00022 0.00150 0.00406 0.00758 0.01158 0.01545 0.01837 0.01908 0.01495 0.90722 (11)  9.516 +-  2.830
 220 L   0.00015 0.00306 0.00834 0.01412 0.01975 0.02477 0.02858 0.03034 0.02873 0.02084 0.82132 (11)  8.671 +-  3.753
 221 D   0.00000 0.00019 0.00106 0.00281 0.00526 0.00809 0.01088 0.01303 0.01362 0.01076 0.93430 (11)  9.779 +-  2.421
 222 Y   0.00000 0.00023 0.00153 0.00416 0.00780 0.01194 0.01594 0.01894 0.01966 0.01540 0.90440 (11)  9.488 +-  2.868
 223 Y   0.00000 0.00015 0.00054 0.00118 0.00205 0.00307 0.00409 0.00490 0.00515 0.00410 0.97476 (11) 10.172 +-  1.551
 224 M   0.00292 0.04276 0.08626 0.11306 0.12647 0.13011 0.12574 0.11378 0.09332 0.05951 0.10608 ( 6)  1.603 +-  3.043
 225 R   0.00000 0.00003 0.00020 0.00055 0.00108 0.00173 0.00243 0.00304 0.00331 0.00273 0.98490 (11) 10.270 +-  1.217
 226 L   0.00024 0.00848 0.02658 0.04718 0.06627 0.08168 0.09161 0.09395 0.08566 0.05929 0.43906 (11)  4.930 +-  4.857
 227 H   0.00000 0.00013 0.00049 0.00108 0.00189 0.00283 0.00380 0.00457 0.00483 0.00387 0.97652 (11) 10.189 +-  1.499
 228 C   0.00001 0.00125 0.00588 0.01283 0.02034 0.02719 0.03243 0.03503 0.03351 0.02441 0.80711 (11)  8.537 +-  3.855
 229 L   0.00000 0.00009 0.00062 0.00174 0.00334 0.00519 0.00702 0.00846 0.00891 0.00710 0.95753 (11) 10.005 +-  1.977

Positively selected sites

	Prob(w>1)  mean w

     3 Q      0.708         7.561 +- 4.450
     8 G      0.541         5.931 +- 4.871
    74 L      0.658         7.075 +- 4.641
   164 L      0.964*        10.069 +- 1.826
   173 L      0.621         6.707 +- 4.754
   174 A      0.689         7.376 +- 4.530
   175 D      0.982*        10.239 +- 1.333
   176 S      0.971*        10.134 +- 1.658
   177 P      0.991**       10.327 +- 0.974
   178 V      0.931         9.743 +- 2.483
   179 R      0.921         9.644 +- 2.651
   180 L      0.596         6.453 +- 4.826
   181 G      0.928         9.721 +- 2.520
   183 L      0.769         8.155 +- 4.136
   184 I      0.994**       10.356 +- 0.819
   185 W      0.921         9.654 +- 2.628
   186 P      0.621         6.707 +- 4.751
   187 R      0.902         9.465 +- 2.902
   188 S      0.991**       10.329 +- 0.960
   189 I      0.984*        10.263 +- 1.247
   190 I      0.957*        9.997 +- 1.996
   191 N      0.887         9.311 +- 3.109
   192 A      0.732         7.795 +- 4.336
   193 Y      0.987*        10.289 +- 1.142
   194 N      0.908         9.520 +- 2.825
   195 C      0.902         9.464 +- 2.906
   196 S      0.617         6.661 +- 4.772
   198 L      0.991**       10.329 +- 0.962
   199 D      0.826         8.713 +- 3.721
   200 P      0.917         9.609 +- 2.696
   201 G      0.767         8.139 +- 4.140
   202 Q      0.991**       10.327 +- 0.974
   203 F      0.641         6.906 +- 4.698
   204 C      0.981*        10.229 +- 1.367
   206 L      0.960*        10.031 +- 1.917
   207 L      0.697         7.456 +- 4.503
   208 D      0.988*        10.305 +- 1.074
   209 D      0.993**       10.345 +- 0.877
   210 N      0.995**       10.372 +- 0.714
   211 Y      0.825         8.712 +- 3.717
   212 Q      0.763         8.101 +- 4.164
   213 L      0.977*        10.192 +- 1.487
   214 L      0.930         9.739 +- 2.492
   215 P      0.988*        10.302 +- 1.086
   216 R      0.990**       10.321 +- 1.000
   217 G      0.984*        10.259 +- 1.259
   218 L      0.971*        10.137 +- 1.648
   219 D      0.907         9.516 +- 2.830
   220 L      0.821         8.671 +- 3.753
   221 D      0.934         9.779 +- 2.421
   222 Y      0.904         9.488 +- 2.868
   223 Y      0.975*        10.172 +- 1.551
   225 R      0.985*        10.270 +- 1.217
   227 H      0.977*        10.189 +- 1.499
   228 C      0.807         8.537 +- 3.855
   229 L      0.958*        10.005 +- 1.977

