Supplemental results for CODEML (seqf: algn  treef: tree)


dN/dS (w) for site classes (K=9)

p:   0.12500  0.12500  0.12500  0.12500  0.12500  0.12500  0.12500  0.12500  0.00001
w:   0.11938  0.13849  0.15109  0.16203  0.17280  0.18455  0.19919  0.22411  1.00000

Naive Empirical Bayes (NEB) probabilities for 9 classes & postmean_w
(amino acids refer to 1st sequence: Mlig.2973)

   1 D   0.12337 0.12465 0.12508 0.12528 0.12540 0.12544 0.12544 0.12533 0.00001 ( 6)  0.169
   2 I   0.12762 0.12596 0.12529 0.12486 0.12453 0.12425 0.12395 0.12353 0.00001 ( 1)  0.169
   3 L   0.12568 0.12545 0.12527 0.12511 0.12495 0.12478 0.12456 0.12419 0.00001 ( 1)  0.169
   4 S   0.12802 0.12600 0.12522 0.12476 0.12442 0.12414 0.12388 0.12355 0.00001 ( 1)  0.169
   5 F   0.12464 0.12495 0.12504 0.12508 0.12510 0.12509 0.12507 0.12501 0.00001 ( 5)  0.169
   6 I   0.12753 0.12605 0.12540 0.12496 0.12460 0.12426 0.12388 0.12330 0.00001 ( 1)  0.169
   7 N   0.12366 0.12483 0.12518 0.12532 0.12537 0.12535 0.12526 0.12501 0.00001 ( 5)  0.169
   8 E   0.12563 0.12552 0.12535 0.12518 0.12499 0.12478 0.12451 0.12404 0.00001 ( 1)  0.169
   9 T   0.12632 0.12575 0.12541 0.12513 0.12487 0.12459 0.12425 0.12368 0.00001 ( 1)  0.169
  10 V   0.12742 0.12601 0.12539 0.12497 0.12462 0.12429 0.12392 0.12336 0.00001 ( 1)  0.169
  11 L   0.12359 0.12474 0.12511 0.12528 0.12536 0.12538 0.12535 0.12519 0.00001 ( 6)  0.169
  12 P   0.12749 0.12590 0.12526 0.12485 0.12454 0.12428 0.12401 0.12365 0.00001 ( 1)  0.169
  13 M   0.12749 0.12604 0.12540 0.12497 0.12461 0.12427 0.12390 0.12332 0.00001 ( 1)  0.169
  14 S   0.12583 0.12530 0.12508 0.12495 0.12485 0.12476 0.12467 0.12456 0.00001 ( 1)  0.169
  15 S   0.12749 0.12590 0.12525 0.12485 0.12454 0.12428 0.12402 0.12366 0.00001 ( 1)  0.169
  16 Y   0.12535 0.12528 0.12519 0.12510 0.12499 0.12488 0.12473 0.12447 0.00001 ( 1)  0.169
  17 F   0.12791 0.12620 0.12545 0.12495 0.12453 0.12415 0.12372 0.12309 0.00001 ( 1)  0.169
  18 S   0.12789 0.12614 0.12539 0.12489 0.12450 0.12415 0.12378 0.12326 0.00001 ( 1)  0.169
  19 R   0.12525 0.12525 0.12518 0.12511 0.12502 0.12491 0.12477 0.12451 0.00001 ( 1)  0.169
  20 L   0.12336 0.12477 0.12520 0.12539 0.12545 0.12544 0.12534 0.12505 0.00001 ( 5)  0.169
  21 T   0.12576 0.12546 0.12527 0.12510 0.12494 0.12476 0.12454 0.12417 0.00001 ( 1)  0.169
  22 K   0.12316 0.12468 0.12517 0.12540 0.12549 0.12550 0.12543 0.12516 0.00001 ( 6)  0.169
  23 L   0.12429 0.12513 0.12532 0.12534 0.12528 0.12516 0.12495 0.12452 0.00001 ( 4)  0.169
  24 L   0.12544 0.12533 0.12523 0.12512 0.12500 0.12486 0.12467 0.12435 0.00001 ( 1)  0.169
  25 F   0.12453 0.12523 0.12536 0.12534 0.12525 0.12509 0.12484 0.12435 0.00001 ( 3)  0.169
  26 E   0.12539 0.12519 0.12509 0.12502 0.12495 0.12488 0.12480 0.12467 0.00001 ( 1)  0.169
  27 L   0.12777 0.12615 0.12544 0.12496 0.12456 0.12419 0.12377 0.12314 0.00001 ( 1)  0.169
  28 E   0.12607 0.12554 0.12526 0.12505 0.12486 0.12467 0.12445 0.12409 0.00001 ( 1)  0.169
  29 S   0.12835 0.12625 0.12540 0.12485 0.12442 0.12403 0.12363 0.12305 0.00001 ( 1)  0.169
  30 V   0.12718 0.12585 0.12529 0.12493 0.12464 0.12437 0.12408 0.12365 0.00001 ( 1)  0.169
  31 G   0.12371 0.12479 0.12513 0.12528 0.12534 0.12534 0.12529 0.12511 0.00001 ( 6)  0.169
  32 G   0.12363 0.12476 0.12512 0.12528 0.12536 0.12537 0.12532 0.12514 0.00001 ( 6)  0.169
  33 N   0.12418 0.12510 0.12531 0.12535 0.12531 0.12519 0.12499 0.12456 0.00001 ( 4)  0.169
  34 V   0.12577 0.12556 0.12536 0.12517 0.12497 0.12475 0.12446 0.12395 0.00001 ( 1)  0.169
  35 Y   0.12628 0.12572 0.12540 0.12513 0.12488 0.12460 0.12427 0.12371 0.00001 ( 1)  0.169
  36 R   0.12405 0.12488 0.12514 0.12525 0.12528 0.12526 0.12518 0.12496 0.00001 ( 5)  0.169
  37 S   0.12516 0.12528 0.12524 0.12516 0.12505 0.12492 0.12475 0.12443 0.00001 ( 2)  0.169
  38 I   0.12777 0.12607 0.12537 0.12491 0.12454 0.12420 0.12384 0.12330 0.00001 ( 1)  0.169
  39 L   0.12531 0.12528 0.12521 0.12512 0.12502 0.12489 0.12473 0.12443 0.00001 ( 1)  0.169
  40 I   0.12355 0.12482 0.12519 0.12535 0.12540 0.12538 0.12528 0.12503 0.00001 ( 5)  0.169
  41 P   0.12428 0.12513 0.12532 0.12534 0.12529 0.12516 0.12495 0.12452 0.00001 ( 4)  0.169
  42 G   0.12541 0.12534 0.12524 0.12512 0.12500 0.12486 0.12467 0.12435 0.00001 ( 1)  0.169
  43 S   0.12779 0.12609 0.12535 0.12488 0.12450 0.12417 0.12384 0.12337 0.00001 ( 1)  0.169
  44 Q   0.12769 0.12596 0.12528 0.12485 0.12452 0.12423 0.12394 0.12352 0.00001 ( 1)  0.169
  45 P   0.12555 0.12541 0.12527 0.12513 0.12498 0.12481 0.12460 0.12424 0.00001 ( 1)  0.169
  46 L   0.12631 0.12574 0.12540 0.12512 0.12486 0.12459 0.12426 0.12371 0.00001 ( 1)  0.169
  47 W   0.12514 0.12521 0.12518 0.12512 0.12504 0.12494 0.12481 0.12456 0.00001 ( 2)  0.169
  48 Q   0.12624 0.12572 0.12539 0.12512 0.12487 0.12461 0.12429 0.12376 0.00001 ( 1)  0.169
  49 G   0.12714 0.12575 0.12520 0.12486 0.12461 0.12439 0.12417 0.12387 0.00001 ( 1)  0.169
  50 T   0.12359 0.12484 0.12520 0.12534 0.12539 0.12536 0.12526 0.12500 0.00001 ( 5)  0.169
  51 R   0.12470 0.12519 0.12526 0.12524 0.12516 0.12505 0.12487 0.12453 0.00001 ( 3)  0.169
  52 R   0.12392 0.12485 0.12513 0.12524 0.12529 0.12528 0.12522 0.12506 0.00001 ( 5)  0.169
  53 G   0.12607 0.12564 0.12537 0.12514 0.12491 0.12467 0.12436 0.12384 0.00001 ( 1)  0.169
  54 L   0.12532 0.12529 0.12522 0.12513 0.12502 0.12489 0.12472 0.12440 0.00001 ( 1)  0.169
  55 F   0.12581 0.12557 0.12536 0.12517 0.12496 0.12474 0.12444 0.12394 0.00001 ( 1)  0.169
  56 G   0.12444 0.12519 0.12533 0.12533 0.12526 0.12512 0.12489 0.12444 0.00001 ( 3)  0.169
  57 G   0.12359 0.12479 0.12516 0.12532 0.12538 0.12537 0.12530 0.12508 0.00001 ( 5)  0.169
  58 Q   0.12408 0.12510 0.12534 0.12538 0.12533 0.12521 0.12500 0.12455 0.00001 ( 4)  0.169
  59 V   0.12753 0.12604 0.12540 0.12496 0.12460 0.12426 0.12389 0.12331 0.00001 ( 1)  0.169
  60 A   0.12383 0.12481 0.12511 0.12524 0.12530 0.12531 0.12526 0.12512 0.00001 ( 6)  0.169
  61 A   0.12448 0.12520 0.12533 0.12532 0.12524 0.12510 0.12488 0.12443 0.00001 ( 3)  0.169
  62 Q   0.12397 0.12504 0.12530 0.12537 0.12534 0.12524 0.12506 0.12467 0.00001 ( 4)  0.169
  63 C   0.12424 0.12505 0.12524 0.12529 0.12526 0.12518 0.12503 0.12471 0.00001 ( 4)  0.169
  64 L   0.12748 0.12595 0.12531 0.12490 0.12457 0.12428 0.12397 0.12353 0.00001 ( 1)  0.169
  65 S   0.12515 0.12527 0.12523 0.12516 0.12506 0.12493 0.12476 0.12444 0.00001 ( 2)  0.169
  66 A   0.12627 0.12572 0.12540 0.12513 0.12488 0.12461 0.12427 0.12371 0.00001 ( 1)  0.169
  67 A   0.12475 0.12519 0.12525 0.12522 0.12515 0.12503 0.12486 0.12453 0.00001 ( 3)  0.169
  68 Y   0.12602 0.12565 0.12539 0.12516 0.12493 0.12468 0.12435 0.12380 0.00001 ( 1)  0.169
  69 K   0.12612 0.12570 0.12540 0.12514 0.12490 0.12463 0.12432 0.12379 0.00001 ( 1)  0.169
  70 T   0.12454 0.12525 0.12537 0.12534 0.12524 0.12508 0.12483 0.12434 0.00001 ( 3)  0.169
  71 V   0.12575 0.12556 0.12536 0.12518 0.12498 0.12475 0.12446 0.12396 0.00001 ( 1)  0.169
  72 P   0.12789 0.12618 0.12543 0.12493 0.12453 0.12415 0.12374 0.12313 0.00001 ( 1)  0.169
  73 E   0.12538 0.12529 0.12519 0.12509 0.12499 0.12487 0.12472 0.12446 0.00001 ( 1)  0.169
  74 D   0.12768 0.12610 0.12542 0.12495 0.12457 0.12421 0.12382 0.12323 0.00001 ( 1)  0.169
  75 R   0.12742 0.12600 0.12538 0.12496 0.12461 0.12429 0.12394 0.12340 0.00001 ( 1)  0.169
  76 L   0.12788 0.12619 0.12545 0.12495 0.12454 0.12415 0.12373 0.12310 0.00001 ( 1)  0.169
  77 C   0.12447 0.12522 0.12536 0.12534 0.12526 0.12510 0.12486 0.12439 0.00001 ( 3)  0.169
  78 H   0.12392 0.12485 0.12513 0.12524 0.12529 0.12528 0.12522 0.12506 0.00001 ( 5)  0.169
  79 S   0.12583 0.12558 0.12537 0.12517 0.12496 0.12473 0.12444 0.12393 0.00001 ( 1)  0.169
  80 F   0.12367 0.12475 0.12510 0.12526 0.12534 0.12536 0.12533 0.12519 0.00001 ( 6)  0.169
  81 H   0.12617 0.12570 0.12540 0.12515 0.12490 0.12463 0.12430 0.12374 0.00001 ( 1)  0.169
  82 S   0.12779 0.12609 0.12535 0.12488 0.12450 0.12417 0.12384 0.12337 0.00001 ( 1)  0.169
  83 Y   0.12383 0.12489 0.12520 0.12531 0.12534 0.12530 0.12519 0.12493 0.00001 ( 5)  0.169
  84 F   0.12299 0.12463 0.12516 0.12540 0.12552 0.12554 0.12549 0.12526 0.00001 ( 6)  0.169
  85 I   0.12612 0.12567 0.12538 0.12513 0.12490 0.12464 0.12433 0.12381 0.00001 ( 1)  0.169
  86 S   0.12612 0.12569 0.12539 0.12514 0.12490 0.12464 0.12432 0.12378 0.00001 ( 1)  0.169
  87 L   0.12349 0.12482 0.12521 0.12538 0.12543 0.12540 0.12529 0.12498 0.00001 ( 5)  0.169
  88 G   0.12383 0.12483 0.12514 0.12527 0.12532 0.12531 0.12524 0.12506 0.00001 ( 5)  0.169
  89 D   0.12592 0.12549 0.12526 0.12507 0.12489 0.12471 0.12450 0.12415 0.00001 ( 1)  0.169
  90 Q   0.12419 0.12513 0.12534 0.12537 0.12531 0.12518 0.12496 0.12450 0.00001 ( 4)  0.169
  91 A   0.12423 0.12491 0.12510 0.12517 0.12520 0.12519 0.12515 0.12503 0.00001 ( 5)  0.169
  92 L   0.12477 0.12498 0.12504 0.12507 0.12507 0.12506 0.12503 0.12497 0.00001 ( 5)  0.169
  93 P   0.12594 0.12563 0.12539 0.12516 0.12494 0.12469 0.12438 0.12386 0.00001 ( 1)  0.169
  94 V   0.12362 0.12466 0.12502 0.12520 0.12531 0.12538 0.12541 0.12539 0.00001 ( 7)  0.169
  95 Y   0.12628 0.12572 0.12540 0.12513 0.12488 0.12460 0.12427 0.12371 0.00001 ( 1)  0.169
  96 Y   0.12622 0.12568 0.12537 0.12512 0.12488 0.12462 0.12431 0.12379 0.00001 ( 1)  0.169
  97 H   0.08996 0.10328 0.11217 0.11996 0.12765 0.13605 0.14653 0.16435 0.00005 ( 8)  0.175
  98 V   0.08896 0.10295 0.11212 0.12007 0.12787 0.13635 0.14689 0.16474 0.00005 ( 8)  0.175
  99 S   0.12646 0.12571 0.12534 0.12507 0.12482 0.12456 0.12426 0.12377 0.00001 ( 1)  0.169
 100 Q   0.12590 0.12546 0.12521 0.12503 0.12487 0.12471 0.12454 0.12426 0.00001 ( 1)  0.169
 101 I   0.12559 0.12550 0.12536 0.12519 0.12501 0.12480 0.12452 0.12402 0.00001 ( 1)  0.169
 102 R   0.12757 0.12605 0.12539 0.12495 0.12459 0.12425 0.12388 0.12331 0.00001 ( 1)  0.169
 103 D   0.12760 0.12608 0.12541 0.12496 0.12459 0.12424 0.12385 0.12327 0.00001 ( 1)  0.169
 104 G   0.12579 0.12558 0.12538 0.12518 0.12497 0.12474 0.12444 0.12391 0.00001 ( 1)  0.169

Positively selected sites

	Prob(w>1)  mean w



lnL =  -872.578613

Bayes Empirical Bayes (BEB) probabilities for 11 classes (class) & postmean_w
(amino acids refer to 1st sequence: Mlig.2973)

   1 D   0.19265 0.11831 0.10392 0.09470 0.08707 0.07974 0.07216 0.06402 0.05521 0.05630 0.07593 ( 1)  0.568 +-  0.857
   2 I   0.28184 0.10503 0.09240 0.08490 0.07845 0.07206 0.06531 0.05797 0.04997 0.05086 0.06120 ( 1)  0.489 +-  0.744
   3 L   0.23039 0.11478 0.10038 0.09147 0.08398 0.07675 0.06927 0.06127 0.05266 0.05357 0.06548 ( 1)  0.517 +-  0.757
   4 S   0.30360 0.09913 0.08777 0.08122 0.07553 0.06977 0.06358 0.05672 0.04911 0.05009 0.06349 ( 1)  0.494 +-  0.800
   5 F   0.21653 0.11194 0.09869 0.09058 0.08381 0.07719 0.07022 0.06260 0.05421 0.05536 0.07888 ( 1)  0.578 +-  0.928
   6 I   0.27963 0.10818 0.09472 0.08648 0.07942 0.07251 0.06534 0.05768 0.04946 0.05022 0.05635 ( 1)  0.472 +-  0.686
   7 N   0.19557 0.12029 0.10524 0.09554 0.08749 0.07981 0.07194 0.06359 0.05463 0.05561 0.07029 ( 1)  0.544 +-  0.787
   8 E   0.22280 0.11799 0.10274 0.09322 0.08525 0.07761 0.06980 0.06153 0.05273 0.05357 0.06276 ( 1)  0.508 +-  0.713
   9 T   0.23919 0.11628 0.10120 0.09179 0.08386 0.07626 0.06848 0.06026 0.05155 0.05232 0.05881 ( 1)  0.490 +-  0.679
  10 V   0.27786 0.10842 0.09496 0.08670 0.07962 0.07270 0.06552 0.05783 0.04960 0.05036 0.05644 ( 1)  0.472 +-  0.682
  11 L   0.19529 0.11861 0.10406 0.09475 0.08703 0.07963 0.07199 0.06380 0.05496 0.05601 0.07388 ( 1)  0.558 +-  0.832
  12 P   0.27403 0.10538 0.09270 0.08526 0.07889 0.07257 0.06588 0.05858 0.05057 0.05152 0.06462 ( 1)  0.505 +-  0.788
  13 M   0.27024 0.10994 0.09608 0.08763 0.08041 0.07338 0.06610 0.05832 0.05000 0.05077 0.05713 ( 1)  0.476 +-  0.685
  14 S   0.24558 0.10698 0.09453 0.08711 0.08083 0.07461 0.06800 0.06070 0.05262 0.05373 0.07532 ( 1)  0.557 +-  0.911
  15 S   0.26967 0.10618 0.09333 0.08579 0.07934 0.07296 0.06622 0.05886 0.05081 0.05176 0.06508 ( 1)  0.508 +-  0.791
  16 Y   0.22690 0.11356 0.09962 0.09103 0.08382 0.07682 0.06954 0.06168 0.05316 0.05415 0.06973 ( 1)  0.536 +-  0.812
  17 F   0.29081 0.10670 0.09343 0.08536 0.07840 0.07158 0.06448 0.05690 0.04876 0.04949 0.05409 ( 1)  0.460 +-  0.660
  18 S   0.26328 0.10991 0.09594 0.08769 0.08068 0.07383 0.06669 0.05901 0.05072 0.05157 0.06068 ( 1)  0.491 +-  0.722
  19 R   0.22993 0.11294 0.09918 0.09067 0.08351 0.07656 0.06931 0.06149 0.05300 0.05399 0.06940 ( 1)  0.534 +-  0.810
  20 L   0.19162 0.12218 0.10677 0.09665 0.08828 0.08033 0.07224 0.06370 0.05462 0.05555 0.06804 ( 1)  0.535 +-  0.753
  21 T   0.23970 0.11293 0.09896 0.09030 0.08300 0.07592 0.06856 0.06068 0.05218 0.05308 0.06469 ( 1)  0.512 +-  0.755
  22 K   0.19161 0.12165 0.10645 0.09643 0.08812 0.08023 0.07220 0.06370 0.05465 0.05560 0.06937 ( 1)  0.542 +-  0.781
  23 L   0.20403 0.12171 0.10599 0.09581 0.08736 0.07933 0.07119 0.06264 0.05359 0.05443 0.06391 ( 1)  0.517 +-  0.717
  24 L   0.23786 0.11281 0.09902 0.09040 0.08313 0.07607 0.06874 0.06086 0.05236 0.05328 0.06546 ( 1)  0.515 +-  0.761
  25 F   0.20948 0.12156 0.10577 0.09554 0.08702 0.07894 0.07075 0.06218 0.05313 0.05393 0.06170 ( 1)  0.507 +-  0.693
  26 E   0.23692 0.10929 0.09643 0.08862 0.08203 0.07556 0.06872 0.06123 0.05299 0.05408 0.07412 ( 1)  0.553 +-  0.883
  27 L   0.28228 0.10830 0.09470 0.08641 0.07930 0.07235 0.06515 0.05746 0.04923 0.04996 0.05485 ( 1)  0.465 +-  0.663
  28 E   0.23778 0.11284 0.09881 0.09023 0.08301 0.07599 0.06869 0.06085 0.05237 0.05330 0.06614 ( 1)  0.519 +-  0.774
  29 S   0.30958 0.10211 0.08984 0.08250 0.07612 0.06977 0.06308 0.05584 0.04800 0.04878 0.05438 ( 1)  0.456 +-  0.676
  30 V   0.27876 0.10602 0.09328 0.08556 0.07893 0.07239 0.06552 0.05809 0.05001 0.05087 0.06056 ( 1)  0.488 +-  0.737
  31 G   0.19772 0.11854 0.10395 0.09461 0.08686 0.07943 0.07177 0.06358 0.05474 0.05578 0.07301 ( 1)  0.555 +-  0.826
  32 G   0.19682 0.11867 0.10409 0.09472 0.08696 0.07951 0.07184 0.06364 0.05479 0.05583 0.07312 ( 1)  0.556 +-  0.827
  33 N   0.20168 0.12222 0.10641 0.09616 0.08764 0.07957 0.07138 0.06279 0.05371 0.05456 0.06389 ( 1)  0.517 +-  0.713
  34 V   0.23467 0.11637 0.10149 0.09211 0.08422 0.07664 0.06889 0.06068 0.05195 0.05275 0.06024 ( 1)  0.496 +-  0.691
  35 Y   0.25570 0.11300 0.09875 0.08977 0.08215 0.07479 0.06722 0.05920 0.05067 0.05142 0.05734 ( 1)  0.480 +-  0.675
  36 R   0.21117 0.11684 0.10259 0.09342 0.08576 0.07840 0.07080 0.06267 0.05391 0.05489 0.06956 ( 1)  0.538 +-  0.791
  37 S   0.21824 0.11654 0.10191 0.09278 0.08515 0.07780 0.07022 0.06212 0.05340 0.05435 0.06750 ( 1)  0.528 +-  0.770
  38 I   0.29249 0.10497 0.09224 0.08454 0.07789 0.07133 0.06445 0.05702 0.04900 0.04979 0.05628 ( 1)  0.467 +-  0.686
  39 L   0.23172 0.11350 0.09959 0.09093 0.08363 0.07656 0.06921 0.06132 0.05278 0.05372 0.06703 ( 1)  0.523 +-  0.776
  40 I   0.19050 0.12138 0.10607 0.09621 0.08805 0.08028 0.07234 0.06391 0.05489 0.05588 0.07051 ( 1)  0.545 +-  0.783
  41 P   0.20365 0.12179 0.10605 0.09586 0.08740 0.07937 0.07122 0.06266 0.05361 0.05445 0.06395 ( 1)  0.517 +-  0.717
  42 G   0.22685 0.11481 0.10052 0.09165 0.08421 0.07702 0.06957 0.06159 0.05298 0.05392 0.06688 ( 1)  0.523 +-  0.769
  43 S   0.26005 0.10969 0.09582 0.08769 0.08079 0.07403 0.06697 0.05934 0.05107 0.05196 0.06258 ( 1)  0.499 +-  0.743
  44 Q   0.28303 0.10472 0.09216 0.08469 0.07827 0.07191 0.06519 0.05788 0.04990 0.05079 0.06147 ( 1)  0.490 +-  0.753
  45 P   0.23461 0.11391 0.09976 0.09095 0.08354 0.07636 0.06894 0.06099 0.05243 0.05333 0.06519 ( 1)  0.516 +-  0.759
  46 L   0.24823 0.11425 0.09968 0.09057 0.08287 0.07544 0.06781 0.05973 0.05114 0.05190 0.05839 ( 1)  0.486 +-  0.680
  47 W   0.22579 0.11373 0.09983 0.09121 0.08398 0.07696 0.06966 0.06178 0.05325 0.05424 0.06957 ( 1)  0.535 +-  0.805
  48 Q   0.23553 0.11621 0.10118 0.09185 0.08401 0.07648 0.06876 0.06059 0.05190 0.05270 0.06079 ( 1)  0.498 +-  0.705
  49 G   0.27916 0.10356 0.09146 0.08430 0.07815 0.07203 0.06550 0.05833 0.05044 0.05141 0.06566 ( 1)  0.508 +-  0.807
  50 T   0.19116 0.12128 0.10597 0.09612 0.08797 0.08022 0.07228 0.06386 0.05486 0.05584 0.07043 ( 1)  0.545 +-  0.783
  51 R   0.20988 0.11852 0.10349 0.09402 0.08613 0.07857 0.07082 0.06257 0.05373 0.05467 0.06761 ( 1)  0.530 +-  0.768
  52 R   0.19889 0.11770 0.10322 0.09409 0.08650 0.07922 0.07168 0.06358 0.05481 0.05587 0.07445 ( 1)  0.561 +-  0.845
  53 G   0.24706 0.11400 0.09960 0.09054 0.08289 0.07550 0.06791 0.05985 0.05127 0.05205 0.05933 ( 1)  0.490 +-  0.694
  54 L   0.23591 0.11314 0.09931 0.09064 0.08334 0.07625 0.06889 0.06099 0.05247 0.05339 0.06567 ( 1)  0.517 +-  0.762
  55 F   0.24325 0.11462 0.10015 0.09101 0.08330 0.07587 0.06823 0.06014 0.05151 0.05230 0.05961 ( 1)  0.491 +-  0.691
  56 G   0.20577 0.12164 0.10587 0.09568 0.08721 0.07918 0.07103 0.06248 0.05344 0.05427 0.06343 ( 1)  0.515 +-  0.715
  57 G   0.19456 0.11997 0.10505 0.09543 0.08746 0.07985 0.07204 0.06372 0.05478 0.05579 0.07136 ( 1)  0.548 +-  0.799
  58 Q   0.19644 0.12338 0.10727 0.09683 0.08819 0.08002 0.07176 0.06310 0.05395 0.05480 0.06426 ( 1)  0.520 +-  0.714
  59 V   0.27889 0.10827 0.09480 0.08656 0.07951 0.07260 0.06543 0.05776 0.04954 0.05030 0.05634 ( 1)  0.471 +-  0.681
  60 A   0.19671 0.11772 0.10328 0.09417 0.08662 0.07936 0.07184 0.06375 0.05498 0.05607 0.07552 ( 1)  0.565 +-  0.856
  61 A   0.20592 0.12139 0.10565 0.09554 0.08714 0.07915 0.07105 0.06252 0.05350 0.05435 0.06379 ( 1)  0.516 +-  0.717
  62 Q   0.19528 0.12282 0.10692 0.09665 0.08815 0.08009 0.07192 0.06332 0.05421 0.05509 0.06555 ( 1)  0.525 +-  0.723
  63 C   0.20238 0.11981 0.10462 0.09495 0.08692 0.07925 0.07139 0.06305 0.05414 0.05508 0.06841 ( 1)  0.535 +-  0.771
  64 L   0.27524 0.10670 0.09368 0.08591 0.07925 0.07269 0.06580 0.05833 0.05023 0.05110 0.06107 ( 1)  0.490 +-  0.739
  65 S   0.21893 0.11639 0.10181 0.09270 0.08508 0.07774 0.07017 0.06208 0.05337 0.05431 0.06743 ( 1)  0.527 +-  0.770
  66 A   0.25034 0.11405 0.09955 0.09043 0.08271 0.07526 0.06763 0.05955 0.05096 0.05171 0.05783 ( 1)  0.483 +-  0.677
  67 A   0.21001 0.11828 0.10331 0.09390 0.08607 0.07856 0.07084 0.06262 0.05380 0.05475 0.06785 ( 1)  0.531 +-  0.766
  68 Y   0.24982 0.11406 0.09963 0.09050 0.08278 0.07533 0.06769 0.05960 0.05100 0.05175 0.05785 ( 1)  0.483 +-  0.675
  69 K   0.22712 0.11797 0.10253 0.09296 0.08495 0.07727 0.06943 0.06115 0.05235 0.05316 0.06112 ( 1)  0.501 +-  0.697
  70 T   0.20597 0.12219 0.10621 0.09591 0.08735 0.07923 0.07102 0.06241 0.05334 0.05415 0.06222 ( 1)  0.510 +-  0.696
  71 V   0.23390 0.11652 0.10160 0.09220 0.08430 0.07671 0.06894 0.06073 0.05199 0.05279 0.06031 ( 1)  0.496 +-  0.691
  72 P   0.28038 0.10818 0.09457 0.08636 0.07932 0.07243 0.06527 0.05762 0.04942 0.05018 0.05627 ( 1)  0.471 +-  0.685
  73 E   0.22654 0.11368 0.09970 0.09110 0.08388 0.07688 0.06959 0.06173 0.05320 0.05419 0.06950 ( 1)  0.534 +-  0.805
  74 D   0.27696 0.10875 0.09510 0.08682 0.07973 0.07280 0.06560 0.05791 0.04966 0.05042 0.05626 ( 1)  0.471 +-  0.674
  75 R   0.26539 0.11022 0.09634 0.08793 0.08076 0.07378 0.06652 0.05876 0.05043 0.05123 0.05863 ( 1)  0.482 +-  0.696
  76 L   0.28326 0.10816 0.09455 0.08629 0.07919 0.07226 0.06507 0.05739 0.04917 0.04990 0.05476 ( 1)  0.464 +-  0.663
  77 C   0.20604 0.12199 0.10610 0.09584 0.08731 0.07923 0.07104 0.06245 0.05338 0.05420 0.06242 ( 1)  0.511 +-  0.696
  78 H   0.19813 0.11785 0.10333 0.09418 0.08658 0.07928 0.07173 0.06362 0.05484 0.05591 0.07453 ( 1)  0.561 +-  0.845
  79 S   0.23521 0.11626 0.10137 0.09200 0.08412 0.07656 0.06881 0.06061 0.05190 0.05269 0.06046 ( 1)  0.497 +-  0.699
  80 F   0.19740 0.11777 0.10340 0.09425 0.08665 0.07935 0.07180 0.06369 0.05490 0.05597 0.07483 ( 1)  0.562 +-  0.849
  81 H   0.24831 0.11443 0.09986 0.09068 0.08292 0.07545 0.06778 0.05968 0.05106 0.05182 0.05802 ( 1)  0.485 +-  0.678
  82 S   0.26005 0.10969 0.09582 0.08769 0.08079 0.07403 0.06697 0.05934 0.05107 0.05196 0.06258 ( 1)  0.499 +-  0.743
  83 Y   0.19579 0.12029 0.10516 0.09548 0.08745 0.07979 0.07194 0.06359 0.05465 0.05563 0.07023 ( 1)  0.543 +-  0.783
  84 F   0.18280 0.12287 0.10743 0.09730 0.08895 0.08102 0.07294 0.06439 0.05527 0.05626 0.07077 ( 1)  0.548 +-  0.777
  85 I   0.23680 0.11597 0.10105 0.09175 0.08392 0.07640 0.06869 0.06052 0.05183 0.05263 0.06044 ( 1)  0.496 +-  0.699
  86 S   0.23571 0.11635 0.10131 0.09193 0.08405 0.07647 0.06872 0.06053 0.05182 0.05262 0.06049 ( 1)  0.497 +-  0.704
  87 L   0.19257 0.12206 0.10662 0.09653 0.08817 0.08024 0.07217 0.06364 0.05457 0.05550 0.06794 ( 1)  0.535 +-  0.753
  88 G   0.19940 0.11832 0.10374 0.09444 0.08672 0.07931 0.07167 0.06349 0.05467 0.05570 0.07252 ( 1)  0.552 +-  0.818
  89 D   0.23584 0.11316 0.09910 0.09047 0.08321 0.07616 0.06884 0.06098 0.05248 0.05341 0.06634 ( 1)  0.520 +-  0.775
  90 Q   0.19880 0.12300 0.10694 0.09655 0.08794 0.07979 0.07154 0.06290 0.05379 0.05463 0.06411 ( 1)  0.519 +-  0.718
  91 A   0.20285 0.11573 0.10164 0.09291 0.08566 0.07864 0.07133 0.06342 0.05479 0.05590 0.07713 ( 1)  0.572 +-  0.886
  92 L   0.22343 0.11069 0.09771 0.08977 0.08311 0.07659 0.06970 0.06215 0.05384 0.05498 0.07804 ( 1)  0.573 +-  0.924
  93 P   0.23409 0.11660 0.10157 0.09214 0.08422 0.07662 0.06885 0.06064 0.05191 0.05271 0.06065 ( 1)  0.498 +-  0.704
  94 V   0.19599 0.11543 0.10166 0.09305 0.08591 0.07900 0.07178 0.06392 0.05532 0.05650 0.08146 ( 1)  0.593 +-  0.940
  95 Y   0.25570 0.11300 0.09875 0.08977 0.08215 0.07479 0.06722 0.05920 0.05067 0.05142 0.05734 ( 1)  0.480 +-  0.675
  96 Y   0.24164 0.11496 0.10027 0.09111 0.08339 0.07595 0.06831 0.06021 0.05158 0.05237 0.06021 ( 1)  0.495 +-  0.702
  97 H   0.03780 0.03678 0.05130 0.06368 0.07358 0.08067 0.08453 0.08464 0.08042 0.08431 0.32229 (11)  1.635 +-  2.162
  98 V   0.03018 0.03779 0.05272 0.06524 0.07516 0.08218 0.08590 0.08581 0.08136 0.08514 0.31852 (11)  1.618 +-  2.140
  99 S   0.25074 0.11273 0.09856 0.08977 0.08233 0.07512 0.06767 0.05974 0.05124 0.05205 0.06005 ( 1)  0.491 +-  0.702
 100 Q   0.22687 0.11346 0.09935 0.09084 0.08371 0.07677 0.06954 0.06172 0.05323 0.05424 0.07026 ( 1)  0.537 +-  0.816
 101 I   0.23929 0.11539 0.10081 0.09155 0.08375 0.07624 0.06855 0.06039 0.05172 0.05250 0.05981 ( 1)  0.493 +-  0.689
 102 R   0.28381 0.10712 0.09392 0.08586 0.07893 0.07213 0.06506 0.05747 0.04931 0.05008 0.05631 ( 1)  0.470 +-  0.685
 103 D   0.27648 0.10881 0.09518 0.08688 0.07978 0.07285 0.06564 0.05794 0.04969 0.05045 0.05630 ( 1)  0.471 +-  0.674
 104 G   0.23427 0.11681 0.10180 0.09231 0.08434 0.07670 0.06888 0.06064 0.05188 0.05266 0.05970 ( 1)  0.494 +-  0.686

Positively selected sites

	Prob(w>1)  mean w


