Supplemental results for CODEML (seqf: algn  treef: tree)


dN/dS (w) for site classes (K=3)

p:   0.99988  0.00001  0.00011
w:   0.35556  1.00000  1.00000

Naive Empirical Bayes (NEB) probabilities for 3 classes & postmean_w
(amino acids refer to 1st sequence: Mlig.21972)

   1 M   0.99989 0.00001 0.00010 ( 1)  0.356
   2 L   0.99989 0.00001 0.00010 ( 1)  0.356
   3 L   0.99989 0.00001 0.00010 ( 1)  0.356
   4 N   0.99989 0.00001 0.00010 ( 1)  0.356
   5 H   0.99989 0.00001 0.00010 ( 1)  0.356
   6 G   0.99989 0.00001 0.00011 ( 1)  0.356
   7 L   0.99989 0.00001 0.00010 ( 1)  0.356
   8 L   0.99989 0.00001 0.00010 ( 1)  0.356
   9 L   0.99989 0.00001 0.00010 ( 1)  0.356
  10 L   0.99989 0.00001 0.00010 ( 1)  0.356
  11 L   0.99989 0.00001 0.00010 ( 1)  0.356
  12 L   0.99988 0.00001 0.00011 ( 1)  0.356
  13 I   0.99989 0.00001 0.00010 ( 1)  0.356
  14 G   0.99989 0.00001 0.00010 ( 1)  0.356
  15 S   0.99989 0.00001 0.00010 ( 1)  0.356
  16 A   0.99989 0.00001 0.00010 ( 1)  0.356
  17 V   0.99989 0.00001 0.00010 ( 1)  0.356
  18 Q   0.99989 0.00001 0.00010 ( 1)  0.356
  19 S   0.99989 0.00001 0.00010 ( 1)  0.356
  20 L   0.99989 0.00001 0.00010 ( 1)  0.356
  21 A   0.99989 0.00001 0.00010 ( 1)  0.356
  22 G   0.99989 0.00001 0.00010 ( 1)  0.356
  23 S   0.99989 0.00001 0.00010 ( 1)  0.356
  24 K   0.99989 0.00001 0.00010 ( 1)  0.356
  25 V   0.99989 0.00001 0.00010 ( 1)  0.356
  26 K   0.99989 0.00001 0.00010 ( 1)  0.356
  27 K   0.99989 0.00001 0.00010 ( 1)  0.356
  28 N   0.99989 0.00001 0.00010 ( 1)  0.356
  29 F   0.99989 0.00001 0.00010 ( 1)  0.356
  30 C   0.99989 0.00001 0.00010 ( 1)  0.356
  31 D   0.99989 0.00001 0.00010 ( 1)  0.356
  32 G   0.99989 0.00001 0.00011 ( 1)  0.356
  33 E   0.99989 0.00001 0.00010 ( 1)  0.356
  34 E   0.99989 0.00001 0.00010 ( 1)  0.356
  35 F   0.99989 0.00001 0.00010 ( 1)  0.356
  36 R   0.99989 0.00001 0.00010 ( 1)  0.356
  37 S   0.99989 0.00001 0.00010 ( 1)  0.356
  38 I   0.99989 0.00001 0.00010 ( 1)  0.356
  39 L   0.99989 0.00001 0.00010 ( 1)  0.356
  40 E   0.99989 0.00001 0.00010 ( 1)  0.356
  41 G   0.99989 0.00001 0.00010 ( 1)  0.356
  42 I   0.99989 0.00001 0.00010 ( 1)  0.356
  43 Q   0.99989 0.00001 0.00010 ( 1)  0.356
  44 L   0.99989 0.00001 0.00010 ( 1)  0.356
  45 P   0.99989 0.00001 0.00010 ( 1)  0.356
  46 S   0.99989 0.00001 0.00010 ( 1)  0.356
  47 C   0.99989 0.00001 0.00010 ( 1)  0.356
  48 L   0.99988 0.00001 0.00011 ( 1)  0.356
  49 A   0.99989 0.00001 0.00010 ( 1)  0.356
  50 A   0.99989 0.00001 0.00010 ( 1)  0.356
  51 N   0.99989 0.00001 0.00010 ( 1)  0.356
  52 K   0.99989 0.00001 0.00010 ( 1)  0.356
  53 E   0.99989 0.00001 0.00010 ( 1)  0.356
  54 D   0.99989 0.00001 0.00010 ( 1)  0.356
  55 A   0.99989 0.00001 0.00010 ( 1)  0.356
  56 S   0.99989 0.00001 0.00010 ( 1)  0.356
  57 K   0.99989 0.00001 0.00010 ( 1)  0.356
  58 P   0.99989 0.00001 0.00010 ( 1)  0.356
  59 A   0.99989 0.00001 0.00010 ( 1)  0.356
  60 R   0.99989 0.00001 0.00011 ( 1)  0.356
  61 N   0.99989 0.00001 0.00010 ( 1)  0.356
  62 C   0.99989 0.00001 0.00010 ( 1)  0.356
  63 S   0.99989 0.00001 0.00010 ( 1)  0.356
  64 I   0.99989 0.00001 0.00010 ( 1)  0.356
  65 I   0.99989 0.00001 0.00010 ( 1)  0.356
  66 Q   0.99989 0.00001 0.00010 ( 1)  0.356
  67 H   0.99989 0.00001 0.00010 ( 1)  0.356
  68 F   0.99989 0.00001 0.00010 ( 1)  0.356
  69 A   0.99989 0.00001 0.00010 ( 1)  0.356
  70 R   0.99989 0.00001 0.00011 ( 1)  0.356
  71 R   0.99989 0.00001 0.00010 ( 1)  0.356
  72 A   0.99989 0.00001 0.00010 ( 1)  0.356
  73 Q   0.99989 0.00001 0.00010 ( 1)  0.356
  74 E   0.99989 0.00001 0.00010 ( 1)  0.356
  75 Q   0.99989 0.00001 0.00010 ( 1)  0.356
  76 D   0.99989 0.00001 0.00010 ( 1)  0.356
  77 Q   0.99989 0.00001 0.00011 ( 1)  0.356
  78 S   0.99989 0.00001 0.00010 ( 1)  0.356
  79 L   0.99989 0.00001 0.00010 ( 1)  0.356
  80 D   0.99989 0.00001 0.00010 ( 1)  0.356
  81 T   0.99989 0.00001 0.00010 ( 1)  0.356
  82 F   0.99989 0.00001 0.00010 ( 1)  0.356
  83 M   0.99989 0.00001 0.00010 ( 1)  0.356
  84 S   0.99989 0.00001 0.00010 ( 1)  0.356
  85 R   0.99989 0.00001 0.00010 ( 1)  0.356
  86 V   0.99989 0.00001 0.00010 ( 1)  0.356
  87 T   0.99989 0.00001 0.00010 ( 1)  0.356
  88 V   0.99989 0.00001 0.00010 ( 1)  0.356
  89 L   0.99989 0.00001 0.00010 ( 1)  0.356
  90 I   0.99989 0.00001 0.00010 ( 1)  0.356
  91 F   0.99989 0.00001 0.00010 ( 1)  0.356
  92 A   0.99989 0.00001 0.00010 ( 1)  0.356
  93 H   0.99989 0.00001 0.00010 ( 1)  0.356
  94 S   0.99989 0.00001 0.00010 ( 1)  0.356
  95 E   0.99989 0.00001 0.00010 ( 1)  0.356
  96 F   0.99989 0.00001 0.00010 ( 1)  0.356
  97 M   0.99989 0.00001 0.00010 ( 1)  0.356
  98 E   0.99989 0.00001 0.00010 ( 1)  0.356
  99 E   0.99989 0.00001 0.00010 ( 1)  0.356
 100 L   0.99989 0.00001 0.00010 ( 1)  0.356
 101 T   0.99989 0.00001 0.00010 ( 1)  0.356
 102 V   0.99989 0.00001 0.00010 ( 1)  0.356
 103 P   0.99989 0.00001 0.00011 ( 1)  0.356
 104 N   0.99989 0.00001 0.00010 ( 1)  0.356
 105 N   0.99989 0.00001 0.00010 ( 1)  0.356
 106 P   0.99989 0.00001 0.00011 ( 1)  0.356
 107 A   0.99989 0.00001 0.00010 ( 1)  0.356
 108 L   0.99989 0.00001 0.00010 ( 1)  0.356
 109 E   0.99989 0.00001 0.00010 ( 1)  0.356
 110 I   0.99989 0.00001 0.00010 ( 1)  0.356
 111 A   0.99989 0.00001 0.00010 ( 1)  0.356
 112 S   0.99989 0.00001 0.00010 ( 1)  0.356
 113 E   0.99989 0.00001 0.00010 ( 1)  0.356
 114 M   0.99989 0.00001 0.00010 ( 1)  0.356
 115 E   0.99989 0.00001 0.00010 ( 1)  0.356
 116 R   0.99989 0.00001 0.00010 ( 1)  0.356
 117 H   0.99989 0.00001 0.00010 ( 1)  0.356
 118 N   0.99989 0.00001 0.00010 ( 1)  0.356
 119 S   0.99989 0.00001 0.00010 ( 1)  0.356
 120 Y   0.99989 0.00001 0.00010 ( 1)  0.356
 121 I   0.99989 0.00001 0.00010 ( 1)  0.356
 122 G   0.99989 0.00001 0.00010 ( 1)  0.356
 123 V   0.99989 0.00001 0.00010 ( 1)  0.356
 124 T   0.99989 0.00001 0.00011 ( 1)  0.356
 125 K   0.99989 0.00001 0.00010 ( 1)  0.356
 126 C   0.99989 0.00001 0.00010 ( 1)  0.356
 127 L   0.99989 0.00001 0.00010 ( 1)  0.356
 128 K   0.99989 0.00001 0.00010 ( 1)  0.356
 129 S   0.99989 0.00001 0.00010 ( 1)  0.356
 130 A   0.99989 0.00001 0.00010 ( 1)  0.356
 131 N   0.99989 0.00001 0.00010 ( 1)  0.356
 132 S   0.99988 0.00001 0.00011 ( 1)  0.356
 133 A   0.99989 0.00001 0.00010 ( 1)  0.356
 134 C   0.99989 0.00001 0.00010 ( 1)  0.356
 135 Q   0.99989 0.00001 0.00011 ( 1)  0.356
 136 R   0.99988 0.00001 0.00011 ( 1)  0.356
 137 L   0.99989 0.00001 0.00010 ( 1)  0.356
 138 R   0.99989 0.00001 0.00010 ( 1)  0.356
 139 I   0.99989 0.00001 0.00010 ( 1)  0.356
 140 A   0.99989 0.00001 0.00010 ( 1)  0.356
 141 C   0.99989 0.00001 0.00010 ( 1)  0.356
 142 T   0.99989 0.00001 0.00011 ( 1)  0.356
 143 G   0.99989 0.00001 0.00010 ( 1)  0.356
 144 G   0.99989 0.00001 0.00011 ( 1)  0.356
 145 Y   0.99989 0.00001 0.00010 ( 1)  0.356
 146 V   0.99989 0.00001 0.00010 ( 1)  0.356
 147 S   0.99989 0.00001 0.00010 ( 1)  0.356
 148 K   0.99989 0.00001 0.00010 ( 1)  0.356
 149 F   0.99989 0.00001 0.00010 ( 1)  0.356
 150 V   0.99989 0.00001 0.00010 ( 1)  0.356
 151 F   0.99989 0.00001 0.00010 ( 1)  0.356
 152 L   0.99988 0.00001 0.00011 ( 1)  0.356
 153 I   0.99989 0.00001 0.00010 ( 1)  0.356
 154 S   0.99989 0.00001 0.00010 ( 1)  0.356
 155 G   0.99989 0.00001 0.00010 ( 1)  0.356
 156 H   0.99989 0.00001 0.00010 ( 1)  0.356
 157 C   0.99989 0.00001 0.00010 ( 1)  0.356
 158 S   0.99989 0.00001 0.00010 ( 1)  0.356
 159 Q   0.99989 0.00001 0.00010 ( 1)  0.356
 160 N   0.99989 0.00001 0.00010 ( 1)  0.356
 161 F   0.99989 0.00001 0.00010 ( 1)  0.356
 162 G   0.99989 0.00001 0.00010 ( 1)  0.356
 163 C   0.99989 0.00001 0.00010 ( 1)  0.356
 164 S   0.99989 0.00001 0.00010 ( 1)  0.356
 165 L   0.99989 0.00001 0.00010 ( 1)  0.356
 166 I   0.99989 0.00001 0.00010 ( 1)  0.356
 167 E   0.99989 0.00001 0.00010 ( 1)  0.356
 168 N   0.99989 0.00001 0.00010 ( 1)  0.356
 169 K   0.99989 0.00001 0.00010 ( 1)  0.356
 170 E   0.99989 0.00001 0.00010 ( 1)  0.356
 171 K   0.99989 0.00001 0.00010 ( 1)  0.356
 172 E   0.99989 0.00001 0.00010 ( 1)  0.356
 173 R   0.99989 0.00001 0.00011 ( 1)  0.356
 174 P   0.99989 0.00001 0.00010 ( 1)  0.356
 175 T   0.99989 0.00001 0.00010 ( 1)  0.356
 176 T   0.99989 0.00001 0.00010 ( 1)  0.356
 177 L   0.99989 0.00001 0.00010 ( 1)  0.356
 178 L   0.99989 0.00001 0.00010 ( 1)  0.356
 179 N   0.99989 0.00001 0.00010 ( 1)  0.356
 180 M   0.99989 0.00001 0.00010 ( 1)  0.356
 181 L   0.99989 0.00001 0.00010 ( 1)  0.356
 182 Q   0.99989 0.00001 0.00010 ( 1)  0.356
 183 Y   0.99989 0.00001 0.00010 ( 1)  0.356
 184 V   0.99989 0.00001 0.00010 ( 1)  0.356
 185 H   0.99989 0.00001 0.00010 ( 1)  0.356
 186 F   0.99989 0.00001 0.00010 ( 1)  0.356
 187 R   0.99988 0.00001 0.00011 ( 1)  0.356
 188 M   0.99989 0.00001 0.00010 ( 1)  0.356
 189 V   0.99989 0.00001 0.00010 ( 1)  0.356
 190 E   0.99989 0.00001 0.00010 ( 1)  0.356
 191 R   0.99989 0.00001 0.00010 ( 1)  0.356
 192 Q   0.99989 0.00001 0.00010 ( 1)  0.356
 193 A   0.99989 0.00001 0.00010 ( 1)  0.356
 194 Y   0.99989 0.00001 0.00010 ( 1)  0.356
 195 I   0.99989 0.00001 0.00010 ( 1)  0.356
 196 A   0.99989 0.00001 0.00010 ( 1)  0.356
 197 K   0.99989 0.00001 0.00010 ( 1)  0.356
 198 E   0.99989 0.00001 0.00010 ( 1)  0.356
 199 L   0.99989 0.00001 0.00010 ( 1)  0.356
 200 G   0.99989 0.00001 0.00010 ( 1)  0.356
 201 E   0.99989 0.00001 0.00010 ( 1)  0.356
 202 L   0.99989 0.00001 0.00010 ( 1)  0.356
 203 R   0.99988 0.00001 0.00011 ( 1)  0.356
 204 L   0.99989 0.00001 0.00010 ( 1)  0.356
 205 T   0.99989 0.00001 0.00010 ( 1)  0.356
 206 T   0.99989 0.00001 0.00010 ( 1)  0.356
 207 S   0.99989 0.00001 0.00010 ( 1)  0.356
 208 T   0.99989 0.00001 0.00010 ( 1)  0.356
 209 G   0.99989 0.00001 0.00010 ( 1)  0.356
 210 T   0.99989 0.00001 0.00010 ( 1)  0.356
 211 E   0.99989 0.00001 0.00010 ( 1)  0.356
 212 Y   0.99989 0.00001 0.00010 ( 1)  0.356
 213 L   0.99989 0.00001 0.00010 ( 1)  0.356
 214 I   0.99989 0.00001 0.00010 ( 1)  0.356
 215 Q   0.99989 0.00001 0.00010 ( 1)  0.356
 216 S   0.99989 0.00001 0.00010 ( 1)  0.356
 217 E   0.99989 0.00001 0.00010 ( 1)  0.356
 218 L   0.99989 0.00001 0.00010 ( 1)  0.356
 219 D   0.99989 0.00001 0.00010 ( 1)  0.356
 220 D   0.99989 0.00001 0.00010 ( 1)  0.356
 221 S   0.99989 0.00001 0.00010 ( 1)  0.356
 222 N   0.99989 0.00001 0.00010 ( 1)  0.356
 223 G   0.99989 0.00001 0.00010 ( 1)  0.356
 224 K   0.99989 0.00001 0.00010 ( 1)  0.356
 225 Q   0.99989 0.00001 0.00010 ( 1)  0.356
 226 L   0.99989 0.00001 0.00010 ( 1)  0.356
 227 T   0.99989 0.00001 0.00010 ( 1)  0.356
 228 S   0.99989 0.00001 0.00010 ( 1)  0.356
 229 G   0.99989 0.00001 0.00010 ( 1)  0.356
 230 A   0.99989 0.00001 0.00010 ( 1)  0.356
 231 A   0.99968 0.00003 0.00029 ( 1)  0.356
 232 L   0.99988 0.00001 0.00011 ( 1)  0.356
 233 P   0.99989 0.00001 0.00010 ( 1)  0.356
 234 V   0.99989 0.00001 0.00010 ( 1)  0.356
 235 A   0.99989 0.00001 0.00010 ( 1)  0.356
 236 V   0.99989 0.00001 0.00010 ( 1)  0.356
 237 F   0.99989 0.00001 0.00010 ( 1)  0.356
 238 S   0.99989 0.00001 0.00010 ( 1)  0.356
 239 A   0.99989 0.00001 0.00010 ( 1)  0.356
 240 G   0.99989 0.00001 0.00010 ( 1)  0.356
 241 P   0.99989 0.00001 0.00010 ( 1)  0.356
 242 V   0.99989 0.00001 0.00010 ( 1)  0.356
 243 I   0.99968 0.00003 0.00029 ( 1)  0.356
 244 N   0.99989 0.00001 0.00010 ( 1)  0.356
 245 L   0.99989 0.00001 0.00010 ( 1)  0.356
 246 A   0.99989 0.00001 0.00010 ( 1)  0.356
 247 Y   0.99989 0.00001 0.00010 ( 1)  0.356
 248 Y   0.99989 0.00001 0.00010 ( 1)  0.356
 249 Q   0.99989 0.00001 0.00011 ( 1)  0.356
 250 Q   0.99989 0.00001 0.00010 ( 1)  0.356
 251 L   0.99989 0.00001 0.00010 ( 1)  0.356
 252 A   0.99989 0.00001 0.00010 ( 1)  0.356
 253 W   0.99989 0.00001 0.00011 ( 1)  0.356
 254 F   0.99989 0.00001 0.00010 ( 1)  0.356
 255 L   0.99989 0.00001 0.00010 ( 1)  0.356
 256 E   0.99989 0.00001 0.00010 ( 1)  0.356
 257 A   0.99989 0.00001 0.00010 ( 1)  0.356
 258 A   0.99989 0.00001 0.00010 ( 1)  0.356
 259 L   0.99989 0.00001 0.00011 ( 1)  0.356
 260 T   0.99989 0.00001 0.00010 ( 1)  0.356
 261 L   0.99989 0.00001 0.00010 ( 1)  0.356
 262 K   0.99989 0.00001 0.00010 ( 1)  0.356
 263 S   0.99989 0.00001 0.00010 ( 1)  0.356
 264 S   0.99989 0.00001 0.00010 ( 1)  0.356
 265 F   0.99989 0.00001 0.00010 ( 1)  0.356
 266 A   0.99989 0.00001 0.00010 ( 1)  0.356
 267 F   0.99989 0.00001 0.00010 ( 1)  0.356
 268 H   0.99989 0.00001 0.00010 ( 1)  0.356
 269 I   0.99989 0.00001 0.00010 ( 1)  0.356
 270 I   0.99989 0.00001 0.00010 ( 1)  0.356
 271 A   0.99989 0.00001 0.00010 ( 1)  0.356
 272 T   0.99989 0.00001 0.00010 ( 1)  0.356
 273 P   0.99989 0.00001 0.00010 ( 1)  0.356
 274 L   0.99989 0.00001 0.00010 ( 1)  0.356
 275 S   0.99989 0.00001 0.00010 ( 1)  0.356
 276 Y   0.99989 0.00001 0.00010 ( 1)  0.356
 277 I   0.99989 0.00001 0.00010 ( 1)  0.356
 278 E   0.99989 0.00001 0.00010 ( 1)  0.356
 279 K   0.99968 0.00003 0.00029 ( 1)  0.356
 280 E   0.99989 0.00001 0.00010 ( 1)  0.356
 281 A   0.99989 0.00001 0.00010 ( 1)  0.356
 282 D   0.99989 0.00001 0.00010 ( 1)  0.356
 283 R   0.99988 0.00001 0.00011 ( 1)  0.356
 284 P   0.99989 0.00001 0.00010 ( 1)  0.356
 285 L   0.99989 0.00001 0.00010 ( 1)  0.356
 286 Y   0.99989 0.00001 0.00010 ( 1)  0.356
 287 R   0.99988 0.00001 0.00011 ( 1)  0.356
 288 W   0.99989 0.00001 0.00011 ( 1)  0.356
 289 K   0.99989 0.00001 0.00010 ( 1)  0.356
 290 I   0.99989 0.00001 0.00010 ( 1)  0.356
 291 R   0.99988 0.00001 0.00011 ( 1)  0.356
 292 E   0.99989 0.00001 0.00010 ( 1)  0.356
 293 H   0.99989 0.00001 0.00010 ( 1)  0.356
 294 E   0.99989 0.00001 0.00010 ( 1)  0.356
 295 S   0.99989 0.00001 0.00010 ( 1)  0.356
 296 F   0.99989 0.00001 0.00010 ( 1)  0.356
 297 L   0.99988 0.00001 0.00011 ( 1)  0.356
 298 A   0.99989 0.00001 0.00010 ( 1)  0.356
 299 L   0.99989 0.00001 0.00010 ( 1)  0.356
 300 Y   0.99989 0.00001 0.00010 ( 1)  0.356
 301 T   0.99989 0.00001 0.00010 ( 1)  0.356
 302 R   0.99989 0.00001 0.00011 ( 1)  0.356
 303 Q   0.99989 0.00001 0.00011 ( 1)  0.356
 304 I   0.99989 0.00001 0.00010 ( 1)  0.356
 305 C   0.99989 0.00001 0.00010 ( 1)  0.356
 306 S   0.99989 0.00001 0.00010 ( 1)  0.356
 307 S   0.99988 0.00001 0.00011 ( 1)  0.356
 308 D   0.99989 0.00001 0.00010 ( 1)  0.356
 309 A   0.99989 0.00001 0.00010 ( 1)  0.356
 310 K   0.99989 0.00001 0.00010 ( 1)  0.356
 311 W   0.99989 0.00001 0.00011 ( 1)  0.356
 312 V   0.99968 0.00003 0.00029 ( 1)  0.356
 313 F   0.99989 0.00001 0.00010 ( 1)  0.356
 314 S   0.99989 0.00001 0.00010 ( 1)  0.356
 315 C   0.99989 0.00001 0.00010 ( 1)  0.356
 316 K   0.99989 0.00001 0.00010 ( 1)  0.356
 317 P   0.99989 0.00001 0.00011 ( 1)  0.356
 318 L   0.99989 0.00001 0.00011 ( 1)  0.356
 319 M   0.99989 0.00001 0.00010 ( 1)  0.356
 320 K   0.99989 0.00001 0.00010 ( 1)  0.356
 321 I   0.99989 0.00001 0.00010 ( 1)  0.356
 322 A   0.99989 0.00001 0.00010 ( 1)  0.356
 323 N   0.99989 0.00001 0.00010 ( 1)  0.356
 324 E   0.99989 0.00001 0.00010 ( 1)  0.356
 325 M   0.99989 0.00001 0.00010 ( 1)  0.356
 326 L   0.99989 0.00001 0.00010 ( 1)  0.356
 327 V   0.99989 0.00001 0.00010 ( 1)  0.356
 328 P   0.99989 0.00001 0.00010 ( 1)  0.356
 329 E   0.99989 0.00001 0.00010 ( 1)  0.356
 330 Q   0.99989 0.00001 0.00011 ( 1)  0.356
 331 Y   0.99989 0.00001 0.00010 ( 1)  0.356
 332 S   0.99989 0.00001 0.00010 ( 1)  0.356
 333 A   0.99989 0.00001 0.00010 ( 1)  0.356
 334 F   0.99989 0.00001 0.00010 ( 1)  0.356
 335 L   0.99989 0.00001 0.00010 ( 1)  0.356
 336 L   0.99989 0.00001 0.00010 ( 1)  0.356
 337 H   0.99989 0.00001 0.00010 ( 1)  0.356
 338 G   0.99989 0.00001 0.00011 ( 1)  0.356
 339 V   0.99989 0.00001 0.00010 ( 1)  0.356
 340 L   0.99989 0.00001 0.00010 ( 1)  0.356
 341 A   0.99989 0.00001 0.00010 ( 1)  0.356
 342 A   0.99968 0.00003 0.00029 ( 1)  0.356
 343 H   0.99989 0.00001 0.00010 ( 1)  0.356
 344 S   0.99988 0.00001 0.00011 ( 1)  0.356
 345 L   0.99989 0.00001 0.00010 ( 1)  0.356
 346 P   0.99989 0.00001 0.00011 ( 1)  0.356
 347 G   0.99989 0.00001 0.00010 ( 1)  0.356
 348 T   0.99989 0.00001 0.00010 ( 1)  0.356
 349 S   0.99989 0.00001 0.00010 ( 1)  0.356
 350 Y   0.99989 0.00001 0.00010 ( 1)  0.356
 351 P   0.99989 0.00001 0.00010 ( 1)  0.356
 352 T   0.99989 0.00001 0.00010 ( 1)  0.356
 353 Y   0.99968 0.00003 0.00029 ( 1)  0.356
 354 K   0.99989 0.00001 0.00010 ( 1)  0.356
 355 S   0.99989 0.00001 0.00010 ( 1)  0.356
 356 T   0.99989 0.00001 0.00010 ( 1)  0.356
 357 A   0.99989 0.00001 0.00010 ( 1)  0.356
 358 V   0.99989 0.00001 0.00010 ( 1)  0.356
 359 S   0.99989 0.00001 0.00010 ( 1)  0.356
 360 E   0.99989 0.00001 0.00010 ( 1)  0.356
 361 L   0.99989 0.00001 0.00010 ( 1)  0.356
 362 S   0.99989 0.00001 0.00010 ( 1)  0.356
 363 D   0.99989 0.00001 0.00010 ( 1)  0.356
 364 F   0.99989 0.00001 0.00010 ( 1)  0.356
 365 V   0.99989 0.00001 0.00010 ( 1)  0.356
 366 H   0.99989 0.00001 0.00010 ( 1)  0.356
 367 S   0.99989 0.00001 0.00010 ( 1)  0.356
 368 T   0.99989 0.00001 0.00011 ( 1)  0.356
 369 A   0.99989 0.00001 0.00010 ( 1)  0.356
 370 S   0.99988 0.00001 0.00011 ( 1)  0.356
 371 Y   0.99989 0.00001 0.00010 ( 1)  0.356
 372 V   0.99989 0.00001 0.00010 ( 1)  0.356
 373 L   0.99989 0.00001 0.00010 ( 1)  0.356
 374 A   0.99989 0.00001 0.00010 ( 1)  0.356
 375 V   0.99989 0.00001 0.00010 ( 1)  0.356
 376 M   0.99989 0.00001 0.00010 ( 1)  0.356
 377 P   0.99989 0.00001 0.00011 ( 1)  0.356
 378 V   0.99989 0.00001 0.00010 ( 1)  0.356
 379 D   0.99989 0.00001 0.00010 ( 1)  0.356
 380 E   0.99989 0.00001 0.00010 ( 1)  0.356
 381 L   0.99989 0.00001 0.00010 ( 1)  0.356
 382 L   0.99989 0.00001 0.00010 ( 1)  0.356
 383 T   0.99989 0.00001 0.00011 ( 1)  0.356
 384 D   0.99989 0.00001 0.00010 ( 1)  0.356
 385 P   0.99989 0.00001 0.00010 ( 1)  0.356
 386 M   0.99989 0.00001 0.00010 ( 1)  0.356
 387 I   0.99989 0.00001 0.00010 ( 1)  0.356
 388 S   0.99989 0.00001 0.00010 ( 1)  0.356
 389 L   0.99989 0.00001 0.00010 ( 1)  0.356
 390 E   0.99989 0.00001 0.00010 ( 1)  0.356
 391 M   0.99989 0.00001 0.00010 ( 1)  0.356
 392 M   0.99989 0.00001 0.00010 ( 1)  0.356
 393 D   0.99989 0.00001 0.00010 ( 1)  0.356
 394 S   0.99989 0.00001 0.00010 ( 1)  0.356
 395 L   0.99989 0.00001 0.00010 ( 1)  0.356
 396 T   0.99989 0.00001 0.00010 ( 1)  0.356
 397 S   0.99988 0.00001 0.00011 ( 1)  0.356
 398 Y   0.99989 0.00001 0.00010 ( 1)  0.356
 399 L   0.99989 0.00001 0.00010 ( 1)  0.356
 400 G   0.99989 0.00001 0.00010 ( 1)  0.356
 401 S   0.99989 0.00001 0.00010 ( 1)  0.356
 402 S   0.99989 0.00001 0.00010 ( 1)  0.356
 403 F   0.99989 0.00001 0.00010 ( 1)  0.356
 404 S   0.99989 0.00001 0.00010 ( 1)  0.356
 405 I   0.99989 0.00001 0.00010 ( 1)  0.356
 406 T   0.99989 0.00001 0.00010 ( 1)  0.356
 407 Y   0.99989 0.00001 0.00010 ( 1)  0.356
 408 Y   0.99989 0.00001 0.00010 ( 1)  0.356
 409 P   0.99989 0.00001 0.00010 ( 1)  0.356
 410 V   0.99989 0.00001 0.00010 ( 1)  0.356
 411 V   0.99989 0.00001 0.00010 ( 1)  0.356
 412 L   0.99989 0.00001 0.00010 ( 1)  0.356
 413 N   0.99989 0.00001 0.00010 ( 1)  0.356
 414 K   0.99989 0.00001 0.00010 ( 1)  0.356
 415 A   0.99989 0.00001 0.00010 ( 1)  0.356
 416 T   0.99989 0.00001 0.00010 ( 1)  0.356
 417 A   0.99989 0.00001 0.00010 ( 1)  0.356
 418 L   0.99989 0.00001 0.00010 ( 1)  0.356
 419 Q   0.99989 0.00001 0.00010 ( 1)  0.356
 420 I   0.99989 0.00001 0.00010 ( 1)  0.356
 421 L   0.99989 0.00001 0.00010 ( 1)  0.356
 422 K   0.99989 0.00001 0.00010 ( 1)  0.356
 423 D   0.99989 0.00001 0.00010 ( 1)  0.356
 424 V   0.99989 0.00001 0.00010 ( 1)  0.356
 425 D   0.99989 0.00001 0.00010 ( 1)  0.356
 426 T   0.99989 0.00001 0.00010 ( 1)  0.356
 427 G   0.99989 0.00001 0.00010 ( 1)  0.356
 428 L   0.99989 0.00001 0.00011 ( 1)  0.356
 429 N   0.99989 0.00001 0.00010 ( 1)  0.356
 430 L   0.99989 0.00001 0.00010 ( 1)  0.356
 431 Q   0.99989 0.00001 0.00010 ( 1)  0.356
 432 E   0.99989 0.00001 0.00010 ( 1)  0.356
 433 V   0.99989 0.00001 0.00010 ( 1)  0.356
 434 F   0.99989 0.00001 0.00010 ( 1)  0.356
 435 E   0.99989 0.00001 0.00010 ( 1)  0.356
 436 R   0.99988 0.00001 0.00011 ( 1)  0.356
 437 P   0.99989 0.00001 0.00010 ( 1)  0.356
 438 C   0.99989 0.00001 0.00010 ( 1)  0.356
 439 Y   0.99989 0.00001 0.00010 ( 1)  0.356
 440 F   0.99989 0.00001 0.00010 ( 1)  0.356
 441 M   0.99989 0.00001 0.00010 ( 1)  0.356
 442 R   0.99988 0.00001 0.00011 ( 1)  0.356
 443 F   0.99989 0.00001 0.00010 ( 1)  0.356
 444 P   0.99989 0.00001 0.00010 ( 1)  0.356
 445 N   0.99989 0.00001 0.00010 ( 1)  0.356
 446 G   0.99989 0.00001 0.00010 ( 1)  0.356
 447 A   0.99989 0.00001 0.00010 ( 1)  0.356
 448 F   0.99989 0.00001 0.00010 ( 1)  0.356
 449 A   0.99989 0.00001 0.00010 ( 1)  0.356
 450 V   0.99989 0.00001 0.00010 ( 1)  0.356
 451 L   0.99989 0.00001 0.00010 ( 1)  0.356
 452 K   0.99989 0.00001 0.00010 ( 1)  0.356
 453 N   0.99989 0.00001 0.00010 ( 1)  0.356
 454 D   0.99989 0.00001 0.00010 ( 1)  0.356
 455 E   0.99989 0.00001 0.00010 ( 1)  0.356
 456 P   0.99989 0.00001 0.00010 ( 1)  0.356
 457 I   0.99989 0.00001 0.00010 ( 1)  0.356
 458 A   0.99989 0.00001 0.00010 ( 1)  0.356
 459 T   0.99989 0.00001 0.00010 ( 1)  0.356
 460 L   0.99989 0.00001 0.00010 ( 1)  0.356
 461 D   0.99989 0.00001 0.00010 ( 1)  0.356
 462 S   0.99988 0.00001 0.00011 ( 1)  0.356
 463 T   0.99989 0.00001 0.00010 ( 1)  0.356
 464 V   0.99989 0.00001 0.00010 ( 1)  0.356
 465 R   0.99989 0.00001 0.00010 ( 1)  0.356
 466 H   0.99989 0.00001 0.00010 ( 1)  0.356
 467 I   0.99989 0.00001 0.00010 ( 1)  0.356
 468 A   0.99989 0.00001 0.00010 ( 1)  0.356
 469 Q   0.99989 0.00001 0.00010 ( 1)  0.356
 470 E   0.99989 0.00001 0.00010 ( 1)  0.356
 471 G   0.99989 0.00001 0.00010 ( 1)  0.356
 472 S   0.99989 0.00001 0.00010 ( 1)  0.356
 473 Y   0.99989 0.00001 0.00010 ( 1)  0.356
 474 Q   0.99989 0.00001 0.00010 ( 1)  0.356
 475 I   0.99989 0.00001 0.00010 ( 1)  0.356
 476 I   0.99989 0.00001 0.00010 ( 1)  0.356
 477 I   0.99989 0.00001 0.00010 ( 1)  0.356
 478 Q   0.99989 0.00001 0.00010 ( 1)  0.356
 479 S   0.99988 0.00001 0.00011 ( 1)  0.356
 480 S   0.99989 0.00001 0.00010 ( 1)  0.356
 481 R   0.99988 0.00001 0.00011 ( 1)  0.356
 482 E   0.99989 0.00001 0.00010 ( 1)  0.356
 483 V   0.99989 0.00001 0.00010 ( 1)  0.356
 484 F   0.99989 0.00001 0.00010 ( 1)  0.356
 485 N   0.99989 0.00001 0.00010 ( 1)  0.356
 486 T   0.99989 0.00001 0.00010 ( 1)  0.356
 487 D   0.99989 0.00001 0.00010 ( 1)  0.356
 488 V   0.99989 0.00001 0.00010 ( 1)  0.356
 489 A   0.99989 0.00001 0.00010 ( 1)  0.356
 490 E   0.99989 0.00001 0.00010 ( 1)  0.356
 491 L   0.99989 0.00001 0.00010 ( 1)  0.356
 492 P   0.99989 0.00001 0.00010 ( 1)  0.356
 493 E   0.99989 0.00001 0.00010 ( 1)  0.356
 494 K   0.99989 0.00001 0.00010 ( 1)  0.356
 495 L   0.99989 0.00001 0.00010 ( 1)  0.356
 496 I   0.99989 0.00001 0.00010 ( 1)  0.356
 497 K   0.99989 0.00001 0.00010 ( 1)  0.356
 498 S   0.99989 0.00001 0.00010 ( 1)  0.356
 499 G   0.99989 0.00001 0.00010 ( 1)  0.356
 500 H   0.99989 0.00001 0.00010 ( 1)  0.356
 501 I   0.99989 0.00001 0.00010 ( 1)  0.356
 502 S   0.99989 0.00001 0.00010 ( 1)  0.356
 503 G   0.99989 0.00001 0.00010 ( 1)  0.356
 504 E   0.99989 0.00001 0.00010 ( 1)  0.356
 505 M   0.99989 0.00001 0.00010 ( 1)  0.356
 506 A   0.99989 0.00001 0.00010 ( 1)  0.356
 507 R   0.99988 0.00001 0.00011 ( 1)  0.356
 508 A   0.99989 0.00001 0.00010 ( 1)  0.356
 509 D   0.99989 0.00001 0.00010 ( 1)  0.356
 510 E   0.99989 0.00001 0.00010 ( 1)  0.356
 511 D   0.99989 0.00001 0.00010 ( 1)  0.356
 512 T   0.99989 0.00001 0.00011 ( 1)  0.356
 513 K   0.99989 0.00001 0.00010 ( 1)  0.356
 514 D   0.99989 0.00001 0.00010 ( 1)  0.356
 515 L   0.99989 0.00001 0.00011 ( 1)  0.356
 516 V   0.99989 0.00001 0.00010 ( 1)  0.356
 517 D   0.99989 0.00001 0.00010 ( 1)  0.356
 518 E   0.99989 0.00001 0.00010 ( 1)  0.356
 519 I   0.99989 0.00001 0.00010 ( 1)  0.356
 520 R   0.99988 0.00001 0.00011 ( 1)  0.356
 521 V   0.99989 0.00001 0.00010 ( 1)  0.356
 522 S   0.99989 0.00001 0.00010 ( 1)  0.356
 523 N   0.99989 0.00001 0.00010 ( 1)  0.356
 524 Q   0.99989 0.00001 0.00011 ( 1)  0.356
 525 T   0.99989 0.00001 0.00011 ( 1)  0.356
 526 D   0.99989 0.00001 0.00010 ( 1)  0.356
 527 A   0.99989 0.00001 0.00010 ( 1)  0.356
 528 F   0.99989 0.00001 0.00010 ( 1)  0.356
 529 V   0.99989 0.00001 0.00010 ( 1)  0.356
 530 E   0.99989 0.00001 0.00010 ( 1)  0.356
 531 Q   0.99989 0.00001 0.00010 ( 1)  0.356
 532 L   0.99989 0.00001 0.00010 ( 1)  0.356
 533 K   0.99989 0.00001 0.00010 ( 1)  0.356
 534 F   0.99989 0.00001 0.00010 ( 1)  0.356
 535 R   0.99989 0.00001 0.00010 ( 1)  0.356
 536 D   0.99989 0.00001 0.00010 ( 1)  0.356
 537 I   0.99989 0.00001 0.00010 ( 1)  0.356
 538 Y   0.99989 0.00001 0.00010 ( 1)  0.356
 539 N   0.99989 0.00001 0.00010 ( 1)  0.356
 540 V   0.99989 0.00001 0.00010 ( 1)  0.356
 541 S   0.99989 0.00001 0.00010 ( 1)  0.356
 542 G   0.99989 0.00001 0.00010 ( 1)  0.356
 543 V   0.99989 0.00001 0.00010 ( 1)  0.356
 544 L   0.99989 0.00001 0.00011 ( 1)  0.356
 545 V   0.99989 0.00001 0.00010 ( 1)  0.356
 546 V   0.99989 0.00001 0.00010 ( 1)  0.356
 547 E   0.99989 0.00001 0.00010 ( 1)  0.356
 548 S   0.99989 0.00001 0.00010 ( 1)  0.356
 549 D   0.99989 0.00001 0.00010 ( 1)  0.356
 550 D   0.99989 0.00001 0.00010 ( 1)  0.356
 551 K   0.99989 0.00001 0.00010 ( 1)  0.356
 552 L   0.99989 0.00001 0.00011 ( 1)  0.356
 553 M   0.99989 0.00001 0.00010 ( 1)  0.356
 554 S   0.99989 0.00001 0.00010 ( 1)  0.356
 555 N   0.99989 0.00001 0.00010 ( 1)  0.356
 556 F   0.99989 0.00001 0.00010 ( 1)  0.356
 557 F   0.99989 0.00001 0.00010 ( 1)  0.356
 558 E   0.99989 0.00001 0.00010 ( 1)  0.356
 559 L   0.99989 0.00001 0.00011 ( 1)  0.356
 560 A   0.99989 0.00001 0.00010 ( 1)  0.356
 561 G   0.99989 0.00001 0.00010 ( 1)  0.356
 562 K   0.99989 0.00001 0.00010 ( 1)  0.356
 563 D   0.99989 0.00001 0.00010 ( 1)  0.356
 564 K   0.99989 0.00001 0.00010 ( 1)  0.356
 565 P   0.99989 0.00001 0.00010 ( 1)  0.356
 566 W   0.99989 0.00001 0.00011 ( 1)  0.356
 567 M   0.99989 0.00001 0.00010 ( 1)  0.356
 568 V   0.99989 0.00001 0.00010 ( 1)  0.356
 569 L   0.99989 0.00001 0.00010 ( 1)  0.356
 570 F   0.99989 0.00001 0.00010 ( 1)  0.356
 571 T   0.99989 0.00001 0.00010 ( 1)  0.356
 572 V   0.99989 0.00001 0.00010 ( 1)  0.356
 573 S   0.99989 0.00001 0.00010 ( 1)  0.356
 574 W   0.99989 0.00001 0.00011 ( 1)  0.356
 575 S   0.99989 0.00001 0.00010 ( 1)  0.356
 576 P   0.99989 0.00001 0.00010 ( 1)  0.356
 577 L   0.99989 0.00001 0.00010 ( 1)  0.356
 578 C   0.99989 0.00001 0.00010 ( 1)  0.356
 579 K   0.99989 0.00001 0.00010 ( 1)  0.356
 580 A   0.99989 0.00001 0.00010 ( 1)  0.356
 581 A   0.99989 0.00001 0.00010 ( 1)  0.356
 582 R   0.99988 0.00001 0.00011 ( 1)  0.356
 583 S   0.99989 0.00001 0.00010 ( 1)  0.356
 584 I   0.99989 0.00001 0.00010 ( 1)  0.356
 585 W   0.99989 0.00001 0.00011 ( 1)  0.356
 586 A   0.99989 0.00001 0.00010 ( 1)  0.356
 587 S   0.99989 0.00001 0.00010 ( 1)  0.356
 588 V   0.99989 0.00001 0.00010 ( 1)  0.356
 589 G   0.99989 0.00001 0.00010 ( 1)  0.356
 590 D   0.99989 0.00001 0.00010 ( 1)  0.356
 591 C   0.99989 0.00001 0.00010 ( 1)  0.356
 592 A   0.99989 0.00001 0.00010 ( 1)  0.356
 593 R   0.99989 0.00001 0.00011 ( 1)  0.356
 594 R   0.99988 0.00001 0.00011 ( 1)  0.356
 595 L   0.99989 0.00001 0.00010 ( 1)  0.356

Positively selected sites

	Prob(w>1)  mean w



lnL = -2494.253338

Bayes Empirical Bayes (BEB) probabilities for 3 classes (class) & postmean_w
(amino acids refer to 1st sequence: Mlig.21972)

   1 M   0.72895 0.19847 0.07258 ( 1)  0.550 +-  0.842
   2 L   0.72313 0.20035 0.07652 ( 1)  0.569 +-  0.893
   3 L   0.72399 0.20008 0.07592 ( 1)  0.566 +-  0.885
   4 N   0.72547 0.19962 0.07491 ( 1)  0.561 +-  0.872
   5 H   0.72629 0.19935 0.07435 ( 1)  0.559 +-  0.864
   6 G   0.72219 0.20064 0.07717 ( 1)  0.572 +-  0.901
   7 L   0.72313 0.20035 0.07652 ( 1)  0.569 +-  0.893
   8 L   0.72358 0.20021 0.07621 ( 1)  0.567 +-  0.889
   9 L   0.72399 0.20008 0.07592 ( 1)  0.566 +-  0.885
  10 L   0.72358 0.20021 0.07621 ( 1)  0.567 +-  0.889
  11 L   0.72358 0.20021 0.07621 ( 1)  0.567 +-  0.889
  12 L   0.72132 0.20090 0.07779 ( 1)  0.575 +-  0.909
  13 I   0.72522 0.19970 0.07509 ( 1)  0.562 +-  0.874
  14 G   0.72546 0.19962 0.07492 ( 1)  0.561 +-  0.872
  15 S   0.72578 0.19952 0.07469 ( 1)  0.560 +-  0.869
  16 A   0.72291 0.20042 0.07668 ( 1)  0.570 +-  0.895
  17 V   0.72592 0.19946 0.07462 ( 1)  0.560 +-  0.868
  18 Q   0.72428 0.19999 0.07572 ( 1)  0.565 +-  0.882
  19 S   0.72365 0.20019 0.07616 ( 1)  0.567 +-  0.888
  20 L   0.72399 0.20008 0.07592 ( 1)  0.566 +-  0.885
  21 A   0.72621 0.19937 0.07442 ( 1)  0.559 +-  0.865
  22 G   0.72546 0.19962 0.07492 ( 1)  0.561 +-  0.872
  23 S   0.72403 0.20007 0.07589 ( 1)  0.566 +-  0.884
  24 K   0.72635 0.19933 0.07432 ( 1)  0.558 +-  0.864
  25 V   0.72651 0.19926 0.07422 ( 1)  0.558 +-  0.863
  26 K   0.72635 0.19933 0.07432 ( 1)  0.558 +-  0.864
  27 K   0.72635 0.19933 0.07432 ( 1)  0.558 +-  0.864
  28 N   0.72744 0.19897 0.07359 ( 1)  0.555 +-  0.855
  29 F   0.72495 0.19978 0.07526 ( 1)  0.563 +-  0.876
  30 C   0.72448 0.19993 0.07558 ( 1)  0.564 +-  0.880
  31 D   0.72782 0.19885 0.07334 ( 1)  0.554 +-  0.852
  32 G   0.72219 0.20064 0.07717 ( 1)  0.572 +-  0.901
  33 E   0.72445 0.19994 0.07561 ( 1)  0.565 +-  0.881
  34 E   0.72677 0.19919 0.07404 ( 1)  0.557 +-  0.861
  35 F   0.72495 0.19978 0.07526 ( 1)  0.563 +-  0.876
  36 R   0.72398 0.20009 0.07593 ( 1)  0.566 +-  0.885
  37 S   0.72494 0.19979 0.07527 ( 1)  0.563 +-  0.876
  38 I   0.72736 0.19900 0.07365 ( 1)  0.555 +-  0.856
  39 L   0.72399 0.20008 0.07592 ( 1)  0.566 +-  0.885
  40 E   0.72677 0.19919 0.07404 ( 1)  0.557 +-  0.861
  41 G   0.72546 0.19962 0.07492 ( 1)  0.561 +-  0.872
  42 I   0.72736 0.19900 0.07365 ( 1)  0.555 +-  0.856
  43 Q   0.72428 0.19999 0.07572 ( 1)  0.565 +-  0.882
  44 L   0.72313 0.20035 0.07652 ( 1)  0.569 +-  0.893
  45 P   0.72440 0.19996 0.07565 ( 1)  0.565 +-  0.881
  46 S   0.72494 0.19979 0.07527 ( 1)  0.563 +-  0.876
  47 C   0.72296 0.20041 0.07664 ( 1)  0.569 +-  0.894
  48 L   0.72132 0.20090 0.07779 ( 1)  0.575 +-  0.909
  49 A   0.72563 0.19956 0.07481 ( 1)  0.561 +-  0.870
  50 A   0.72413 0.20004 0.07583 ( 1)  0.566 +-  0.884
  51 N   0.72744 0.19897 0.07359 ( 1)  0.555 +-  0.855
  52 K   0.72406 0.20006 0.07587 ( 1)  0.566 +-  0.884
  53 E   0.72445 0.19994 0.07561 ( 1)  0.565 +-  0.881
  54 D   0.72583 0.19950 0.07467 ( 1)  0.560 +-  0.869
  55 A   0.72621 0.19937 0.07442 ( 1)  0.559 +-  0.865
  56 S   0.72578 0.19952 0.07469 ( 1)  0.560 +-  0.869
  57 K   0.72635 0.19933 0.07432 ( 1)  0.558 +-  0.864
  58 P   0.72440 0.19996 0.07565 ( 1)  0.565 +-  0.881
  59 A   0.72291 0.20042 0.07668 ( 1)  0.570 +-  0.895
  60 R   0.72262 0.20051 0.07687 ( 1)  0.570 +-  0.897
  61 N   0.72744 0.19897 0.07359 ( 1)  0.555 +-  0.855
  62 C   0.72296 0.20041 0.07664 ( 1)  0.569 +-  0.894
  63 S   0.72494 0.19979 0.07527 ( 1)  0.563 +-  0.876
  64 I   0.72736 0.19900 0.07365 ( 1)  0.555 +-  0.856
  65 I   0.72736 0.19900 0.07365 ( 1)  0.555 +-  0.856
  66 Q   0.72428 0.19999 0.07572 ( 1)  0.565 +-  0.882
  67 H   0.72453 0.19992 0.07555 ( 1)  0.564 +-  0.880
  68 F   0.72495 0.19978 0.07526 ( 1)  0.563 +-  0.876
  69 A   0.72563 0.19956 0.07481 ( 1)  0.561 +-  0.870
  70 R   0.72247 0.20055 0.07698 ( 1)  0.571 +-  0.899
  71 R   0.72304 0.20038 0.07658 ( 1)  0.569 +-  0.893
  72 A   0.72563 0.19956 0.07481 ( 1)  0.561 +-  0.870
  73 Q   0.72428 0.19999 0.07572 ( 1)  0.565 +-  0.882
  74 E   0.72677 0.19919 0.07404 ( 1)  0.557 +-  0.861
  75 Q   0.72428 0.19999 0.07572 ( 1)  0.565 +-  0.882
  76 D   0.72782 0.19885 0.07334 ( 1)  0.554 +-  0.852
  77 Q   0.72260 0.20051 0.07688 ( 1)  0.571 +-  0.897
  78 S   0.72365 0.20019 0.07616 ( 1)  0.567 +-  0.888
  79 L   0.72313 0.20035 0.07652 ( 1)  0.569 +-  0.893
  80 D   0.72782 0.19885 0.07334 ( 1)  0.554 +-  0.852
  81 T   0.72586 0.19949 0.07465 ( 1)  0.560 +-  0.868
  82 F   0.72682 0.19918 0.07400 ( 1)  0.557 +-  0.860
  83 M   0.72895 0.19847 0.07258 ( 1)  0.550 +-  0.842
  84 S   0.72578 0.19952 0.07469 ( 1)  0.560 +-  0.869
  85 R   0.72398 0.20009 0.07593 ( 1)  0.566 +-  0.885
  86 V   0.72651 0.19926 0.07422 ( 1)  0.558 +-  0.863
  87 T   0.72586 0.19949 0.07465 ( 1)  0.560 +-  0.868
  88 V   0.72309 0.20036 0.07655 ( 1)  0.569 +-  0.893
  89 L   0.72399 0.20008 0.07592 ( 1)  0.566 +-  0.885
  90 I   0.72736 0.19900 0.07365 ( 1)  0.555 +-  0.856
  91 F   0.72495 0.19978 0.07526 ( 1)  0.563 +-  0.876
  92 A   0.72413 0.20004 0.07583 ( 1)  0.566 +-  0.884
  93 H   0.72453 0.19992 0.07555 ( 1)  0.564 +-  0.880
  94 S   0.72578 0.19952 0.07469 ( 1)  0.560 +-  0.869
  95 E   0.72677 0.19919 0.07404 ( 1)  0.557 +-  0.861
  96 F   0.72682 0.19918 0.07400 ( 1)  0.557 +-  0.860
  97 M   0.72895 0.19847 0.07258 ( 1)  0.550 +-  0.842
  98 E   0.72445 0.19994 0.07561 ( 1)  0.565 +-  0.881
  99 E   0.72445 0.19994 0.07561 ( 1)  0.565 +-  0.881
 100 L   0.72313 0.20035 0.07652 ( 1)  0.569 +-  0.893
 101 T   0.72387 0.20012 0.07601 ( 1)  0.566 +-  0.886
 102 V   0.72592 0.19946 0.07462 ( 1)  0.560 +-  0.868
 103 P   0.72212 0.20066 0.07723 ( 1)  0.572 +-  0.902
 104 N   0.72744 0.19897 0.07359 ( 1)  0.555 +-  0.855
 105 N   0.72547 0.19962 0.07491 ( 1)  0.561 +-  0.872
 106 P   0.72212 0.20066 0.07723 ( 1)  0.572 +-  0.902
 107 A   0.72621 0.19937 0.07442 ( 1)  0.559 +-  0.865
 108 L   0.72358 0.20021 0.07621 ( 1)  0.567 +-  0.889
 109 E   0.72677 0.19919 0.07404 ( 1)  0.557 +-  0.861
 110 I   0.72527 0.19968 0.07505 ( 1)  0.562 +-  0.874
 111 A   0.72621 0.19937 0.07442 ( 1)  0.559 +-  0.865
 112 S   0.72578 0.19952 0.07469 ( 1)  0.560 +-  0.869
 113 E   0.72445 0.19994 0.07561 ( 1)  0.565 +-  0.881
 114 M   0.72895 0.19847 0.07258 ( 1)  0.550 +-  0.842
 115 E   0.72677 0.19919 0.07404 ( 1)  0.557 +-  0.861
 116 R   0.72398 0.20009 0.07593 ( 1)  0.566 +-  0.885
 117 H   0.72629 0.19935 0.07435 ( 1)  0.559 +-  0.864
 118 N   0.72744 0.19897 0.07359 ( 1)  0.555 +-  0.855
 119 S   0.72365 0.20019 0.07616 ( 1)  0.567 +-  0.888
 120 Y   0.72508 0.19974 0.07518 ( 1)  0.562 +-  0.875
 121 I   0.72527 0.19968 0.07505 ( 1)  0.562 +-  0.874
 122 G   0.72546 0.19962 0.07492 ( 1)  0.561 +-  0.872
 123 V   0.72437 0.19996 0.07568 ( 1)  0.565 +-  0.882
 124 T   0.72270 0.20048 0.07682 ( 1)  0.570 +-  0.897
 125 K   0.72635 0.19933 0.07432 ( 1)  0.558 +-  0.864
 126 C   0.72448 0.19993 0.07558 ( 1)  0.564 +-  0.880
 127 L   0.72313 0.20035 0.07652 ( 1)  0.569 +-  0.893
 128 K   0.72406 0.20006 0.07587 ( 1)  0.566 +-  0.884
 129 S   0.72365 0.20019 0.07616 ( 1)  0.567 +-  0.888
 130 A   0.72621 0.19937 0.07442 ( 1)  0.559 +-  0.865
 131 N   0.72547 0.19962 0.07491 ( 1)  0.561 +-  0.872
 132 S   0.72138 0.20088 0.07774 ( 1)  0.575 +-  0.909
 133 A   0.72563 0.19956 0.07481 ( 1)  0.561 +-  0.870
 134 C   0.72296 0.20041 0.07664 ( 1)  0.569 +-  0.894
 135 Q   0.72260 0.20051 0.07688 ( 1)  0.571 +-  0.897
 136 R   0.72067 0.20109 0.07824 ( 1)  0.577 +-  0.915
 137 L   0.72313 0.20035 0.07652 ( 1)  0.569 +-  0.893
 138 R   0.72398 0.20009 0.07593 ( 1)  0.566 +-  0.885
 139 I   0.72527 0.19968 0.07505 ( 1)  0.562 +-  0.874
 140 A   0.72621 0.19937 0.07442 ( 1)  0.559 +-  0.865
 141 C   0.72448 0.19993 0.07558 ( 1)  0.564 +-  0.880
 142 T   0.72270 0.20048 0.07682 ( 1)  0.570 +-  0.897
 143 G   0.72357 0.20022 0.07621 ( 1)  0.567 +-  0.889
 144 G   0.72219 0.20064 0.07717 ( 1)  0.572 +-  0.901
 145 Y   0.72508 0.19974 0.07518 ( 1)  0.562 +-  0.875
 146 V   0.72437 0.19996 0.07568 ( 1)  0.565 +-  0.882
 147 S   0.72578 0.19952 0.07469 ( 1)  0.560 +-  0.869
 148 K   0.72406 0.20006 0.07587 ( 1)  0.566 +-  0.884
 149 F   0.72682 0.19918 0.07400 ( 1)  0.557 +-  0.860
 150 V   0.72309 0.20036 0.07655 ( 1)  0.569 +-  0.893
 151 F   0.72682 0.19918 0.07400 ( 1)  0.557 +-  0.860
 152 L   0.72132 0.20090 0.07779 ( 1)  0.575 +-  0.909
 153 I   0.72736 0.19900 0.07365 ( 1)  0.555 +-  0.856
 154 S   0.72578 0.19952 0.07469 ( 1)  0.560 +-  0.869
 155 G   0.72546 0.19962 0.07492 ( 1)  0.561 +-  0.872
 156 H   0.72629 0.19935 0.07435 ( 1)  0.559 +-  0.864
 157 C   0.72296 0.20041 0.07664 ( 1)  0.569 +-  0.894
 158 S   0.72365 0.20019 0.07616 ( 1)  0.567 +-  0.888
 159 Q   0.72428 0.19999 0.07572 ( 1)  0.565 +-  0.882
 160 N   0.72547 0.19962 0.07491 ( 1)  0.561 +-  0.872
 161 F   0.72682 0.19918 0.07400 ( 1)  0.557 +-  0.860
 162 G   0.72546 0.19962 0.07492 ( 1)  0.561 +-  0.872
 163 C   0.72340 0.20016 0.07644 ( 1)  0.569 +-  0.894
 164 S   0.72365 0.20019 0.07616 ( 1)  0.567 +-  0.888
 165 L   0.72313 0.20035 0.07652 ( 1)  0.569 +-  0.893
 166 I   0.72527 0.19968 0.07505 ( 1)  0.562 +-  0.874
 167 E   0.72445 0.19994 0.07561 ( 1)  0.565 +-  0.881
 168 N   0.72744 0.19897 0.07359 ( 1)  0.555 +-  0.855
 169 K   0.72406 0.20006 0.07587 ( 1)  0.566 +-  0.884
 170 E   0.72677 0.19919 0.07404 ( 1)  0.557 +-  0.861
 171 K   0.72406 0.20006 0.07587 ( 1)  0.566 +-  0.884
 172 E   0.72677 0.19919 0.07404 ( 1)  0.557 +-  0.861
 173 R   0.72247 0.20055 0.07698 ( 1)  0.571 +-  0.899
 174 P   0.72314 0.20035 0.07651 ( 1)  0.569 +-  0.892
 175 T   0.72586 0.19949 0.07465 ( 1)  0.560 +-  0.868
 176 T   0.72387 0.20012 0.07601 ( 1)  0.566 +-  0.886
 177 L   0.72313 0.20035 0.07652 ( 1)  0.569 +-  0.893
 178 L   0.72547 0.19961 0.07492 ( 1)  0.561 +-  0.872
 179 N   0.72744 0.19897 0.07359 ( 1)  0.555 +-  0.855
 180 M   0.72895 0.19847 0.07258 ( 1)  0.550 +-  0.842
 181 L   0.72334 0.20027 0.07638 ( 1)  0.568 +-  0.891
 182 Q   0.72428 0.19999 0.07572 ( 1)  0.565 +-  0.882
 183 Y   0.72508 0.19974 0.07518 ( 1)  0.562 +-  0.875
 184 V   0.72509 0.19970 0.07521 ( 1)  0.563 +-  0.877
 185 H   0.72453 0.19992 0.07555 ( 1)  0.564 +-  0.880
 186 F   0.72682 0.19918 0.07400 ( 1)  0.557 +-  0.860
 187 R   0.72067 0.20109 0.07824 ( 1)  0.577 +-  0.915
 188 M   0.72895 0.19847 0.07258 ( 1)  0.550 +-  0.842
 189 V   0.72651 0.19926 0.07422 ( 1)  0.558 +-  0.863
 190 E   0.72445 0.19994 0.07561 ( 1)  0.565 +-  0.881
 191 R   0.72304 0.20038 0.07658 ( 1)  0.569 +-  0.893
 192 Q   0.72428 0.19999 0.07572 ( 1)  0.565 +-  0.882
 193 A   0.72621 0.19937 0.07442 ( 1)  0.559 +-  0.865
 194 Y   0.72508 0.19974 0.07518 ( 1)  0.562 +-  0.875
 195 I   0.72527 0.19968 0.07505 ( 1)  0.562 +-  0.874
 196 A   0.72413 0.20004 0.07583 ( 1)  0.566 +-  0.884
 197 K   0.72406 0.20006 0.07587 ( 1)  0.566 +-  0.884
 198 E   0.72677 0.19919 0.07404 ( 1)  0.557 +-  0.861
 199 L   0.72313 0.20035 0.07652 ( 1)  0.569 +-  0.893
 200 G   0.72546 0.19962 0.07492 ( 1)  0.561 +-  0.872
 201 E   0.72677 0.19919 0.07404 ( 1)  0.557 +-  0.861
 202 L   0.72313 0.20035 0.07652 ( 1)  0.569 +-  0.893
 203 R   0.72067 0.20109 0.07824 ( 1)  0.577 +-  0.915
 204 L   0.72313 0.20035 0.07652 ( 1)  0.569 +-  0.893
 205 T   0.72387 0.20012 0.07601 ( 1)  0.566 +-  0.886
 206 T   0.72387 0.20012 0.07601 ( 1)  0.566 +-  0.886
 207 S   0.72494 0.19979 0.07527 ( 1)  0.563 +-  0.876
 208 T   0.72387 0.20012 0.07601 ( 1)  0.566 +-  0.886
 209 G   0.72357 0.20022 0.07621 ( 1)  0.567 +-  0.889
 210 T   0.72586 0.19949 0.07465 ( 1)  0.560 +-  0.868
 211 E   0.72677 0.19919 0.07404 ( 1)  0.557 +-  0.861
 212 Y   0.72329 0.20030 0.07641 ( 1)  0.568 +-  0.891
 213 L   0.72547 0.19961 0.07492 ( 1)  0.561 +-  0.872
 214 I   0.72736 0.19900 0.07365 ( 1)  0.555 +-  0.856
 215 Q   0.72428 0.19999 0.07572 ( 1)  0.565 +-  0.882
 216 S   0.72365 0.20019 0.07616 ( 1)  0.567 +-  0.888
 217 E   0.72677 0.19919 0.07404 ( 1)  0.557 +-  0.861
 218 L   0.72313 0.20035 0.07652 ( 1)  0.569 +-  0.893
 219 D   0.72583 0.19950 0.07467 ( 1)  0.560 +-  0.869
 220 D   0.72583 0.19950 0.07467 ( 1)  0.560 +-  0.869
 221 S   0.72494 0.19979 0.07527 ( 1)  0.563 +-  0.876
 222 N   0.72547 0.19962 0.07491 ( 1)  0.561 +-  0.872
 223 G   0.72546 0.19962 0.07492 ( 1)  0.561 +-  0.872
 224 K   0.72635 0.19933 0.07432 ( 1)  0.558 +-  0.864
 225 Q   0.72428 0.19999 0.07572 ( 1)  0.565 +-  0.882
 226 L   0.72399 0.20008 0.07592 ( 1)  0.566 +-  0.885
 227 T   0.72387 0.20012 0.07601 ( 1)  0.566 +-  0.886
 228 S   0.72319 0.20033 0.07648 ( 1)  0.569 +-  0.892
 229 G   0.72357 0.20022 0.07621 ( 1)  0.567 +-  0.889
 230 A   0.72291 0.20042 0.07668 ( 1)  0.570 +-  0.895
 231 A   0.28582 0.34004 0.37415 ( 3)  1.984 +-  2.375
 232 L   0.72132 0.20090 0.07779 ( 1)  0.575 +-  0.909
 233 P   0.72314 0.20035 0.07651 ( 1)  0.569 +-  0.892
 234 V   0.72309 0.20036 0.07655 ( 1)  0.569 +-  0.893
 235 A   0.72621 0.19937 0.07442 ( 1)  0.559 +-  0.865
 236 V   0.72592 0.19946 0.07462 ( 1)  0.560 +-  0.868
 237 F   0.72682 0.19918 0.07400 ( 1)  0.557 +-  0.860
 238 S   0.72319 0.20033 0.07648 ( 1)  0.569 +-  0.892
 239 A   0.72413 0.20004 0.07583 ( 1)  0.566 +-  0.884
 240 G   0.72546 0.19962 0.07492 ( 1)  0.561 +-  0.872
 241 P   0.72440 0.19996 0.07565 ( 1)  0.565 +-  0.881
 242 V   0.72309 0.20036 0.07655 ( 1)  0.569 +-  0.893
 243 I   0.28580 0.34002 0.37419 ( 3)  1.984 +-  2.376
 244 N   0.72744 0.19897 0.07359 ( 1)  0.555 +-  0.855
 245 L   0.72313 0.20035 0.07652 ( 1)  0.569 +-  0.893
 246 A   0.72413 0.20004 0.07583 ( 1)  0.566 +-  0.884
 247 Y   0.72329 0.20030 0.07641 ( 1)  0.568 +-  0.891
 248 Y   0.72508 0.19974 0.07518 ( 1)  0.562 +-  0.875
 249 Q   0.72260 0.20051 0.07688 ( 1)  0.571 +-  0.897
 250 Q   0.72428 0.19999 0.07572 ( 1)  0.565 +-  0.882
 251 L   0.72399 0.20008 0.07592 ( 1)  0.566 +-  0.885
 252 A   0.72413 0.20004 0.07583 ( 1)  0.566 +-  0.884
 253 W   0.72268 0.20049 0.07683 ( 1)  0.570 +-  0.897
 254 F   0.72682 0.19918 0.07400 ( 1)  0.557 +-  0.860
 255 L   0.72313 0.20035 0.07652 ( 1)  0.569 +-  0.893
 256 E   0.72677 0.19919 0.07404 ( 1)  0.557 +-  0.861
 257 A   0.72563 0.19956 0.07481 ( 1)  0.561 +-  0.870
 258 A   0.72291 0.20042 0.07668 ( 1)  0.570 +-  0.895
 259 L   0.72221 0.20063 0.07716 ( 1)  0.572 +-  0.901
 260 T   0.72586 0.19949 0.07465 ( 1)  0.560 +-  0.868
 261 L   0.72313 0.20035 0.07652 ( 1)  0.569 +-  0.893
 262 K   0.72406 0.20006 0.07587 ( 1)  0.566 +-  0.884
 263 S   0.72365 0.20019 0.07616 ( 1)  0.567 +-  0.888
 264 S   0.72578 0.19952 0.07469 ( 1)  0.560 +-  0.869
 265 F   0.72682 0.19918 0.07400 ( 1)  0.557 +-  0.860
 266 A   0.72413 0.20004 0.07583 ( 1)  0.566 +-  0.884
 267 F   0.72682 0.19918 0.07400 ( 1)  0.557 +-  0.860
 268 H   0.72629 0.19935 0.07435 ( 1)  0.559 +-  0.864
 269 I   0.72736 0.19900 0.07365 ( 1)  0.555 +-  0.856
 270 I   0.72522 0.19970 0.07509 ( 1)  0.562 +-  0.874
 271 A   0.72621 0.19937 0.07442 ( 1)  0.559 +-  0.865
 272 T   0.72387 0.20012 0.07601 ( 1)  0.566 +-  0.886
 273 P   0.72314 0.20035 0.07651 ( 1)  0.569 +-  0.892
 274 L   0.72399 0.20008 0.07592 ( 1)  0.566 +-  0.885
 275 S   0.72578 0.19952 0.07469 ( 1)  0.560 +-  0.869
 276 Y   0.72508 0.19974 0.07518 ( 1)  0.562 +-  0.875
 277 I   0.72736 0.19900 0.07365 ( 1)  0.555 +-  0.856
 278 E   0.72445 0.19994 0.07561 ( 1)  0.565 +-  0.881
 279 K   0.28641 0.34042 0.37317 ( 3)  1.978 +-  2.371
 280 E   0.72677 0.19919 0.07404 ( 1)  0.557 +-  0.861
 281 A   0.72413 0.20004 0.07583 ( 1)  0.566 +-  0.884
 282 D   0.72583 0.19950 0.07467 ( 1)  0.560 +-  0.869
 283 R   0.72067 0.20109 0.07824 ( 1)  0.577 +-  0.915
 284 P   0.72314 0.20035 0.07651 ( 1)  0.569 +-  0.892
 285 L   0.72313 0.20035 0.07652 ( 1)  0.569 +-  0.893
 286 Y   0.72508 0.19974 0.07518 ( 1)  0.562 +-  0.875
 287 R   0.72067 0.20109 0.07824 ( 1)  0.577 +-  0.915
 288 W   0.72268 0.20049 0.07683 ( 1)  0.570 +-  0.897
 289 K   0.72635 0.19933 0.07432 ( 1)  0.558 +-  0.864
 290 I   0.72527 0.19968 0.07505 ( 1)  0.562 +-  0.874
 291 R   0.72067 0.20109 0.07824 ( 1)  0.577 +-  0.915
 292 E   0.72677 0.19919 0.07404 ( 1)  0.557 +-  0.861
 293 H   0.72453 0.19992 0.07555 ( 1)  0.564 +-  0.880
 294 E   0.72445 0.19994 0.07561 ( 1)  0.565 +-  0.881
 295 S   0.72578 0.19952 0.07469 ( 1)  0.560 +-  0.869
 296 F   0.72495 0.19978 0.07526 ( 1)  0.563 +-  0.876
 297 L   0.72132 0.20090 0.07779 ( 1)  0.575 +-  0.909
 298 A   0.72563 0.19956 0.07481 ( 1)  0.561 +-  0.870
 299 L   0.72399 0.20008 0.07592 ( 1)  0.566 +-  0.885
 300 Y   0.72508 0.19974 0.07518 ( 1)  0.562 +-  0.875
 301 T   0.72531 0.19967 0.07503 ( 1)  0.562 +-  0.873
 302 R   0.72262 0.20051 0.07687 ( 1)  0.570 +-  0.897
 303 Q   0.72260 0.20051 0.07688 ( 1)  0.571 +-  0.897
 304 I   0.72736 0.19900 0.07365 ( 1)  0.555 +-  0.856
 305 C   0.72448 0.19993 0.07558 ( 1)  0.564 +-  0.880
 306 S   0.72365 0.20019 0.07616 ( 1)  0.567 +-  0.888
 307 S   0.72138 0.20088 0.07774 ( 1)  0.575 +-  0.909
 308 D   0.72583 0.19950 0.07467 ( 1)  0.560 +-  0.869
 309 A   0.72621 0.19937 0.07442 ( 1)  0.559 +-  0.865
 310 K   0.72635 0.19933 0.07432 ( 1)  0.558 +-  0.864
 311 W   0.72268 0.20049 0.07683 ( 1)  0.570 +-  0.897
 312 V   0.28611 0.34022 0.37367 ( 3)  1.981 +-  2.373
 313 F   0.72682 0.19918 0.07400 ( 1)  0.557 +-  0.860
 314 S   0.72403 0.20007 0.07589 ( 1)  0.566 +-  0.884
 315 C   0.72296 0.20041 0.07664 ( 1)  0.569 +-  0.894
 316 K   0.72406 0.20006 0.07587 ( 1)  0.566 +-  0.884
 317 P   0.72212 0.20066 0.07723 ( 1)  0.572 +-  0.902
 318 L   0.72221 0.20063 0.07716 ( 1)  0.572 +-  0.901
 319 M   0.72895 0.19847 0.07258 ( 1)  0.550 +-  0.842
 320 K   0.72635 0.19933 0.07432 ( 1)  0.558 +-  0.864
 321 I   0.72736 0.19900 0.07365 ( 1)  0.555 +-  0.856
 322 A   0.72413 0.20004 0.07583 ( 1)  0.566 +-  0.884
 323 N   0.72744 0.19897 0.07359 ( 1)  0.555 +-  0.855
 324 E   0.72677 0.19919 0.07404 ( 1)  0.557 +-  0.861
 325 M   0.72895 0.19847 0.07258 ( 1)  0.550 +-  0.842
 326 L   0.72547 0.19961 0.07492 ( 1)  0.561 +-  0.872
 327 V   0.72437 0.19996 0.07568 ( 1)  0.565 +-  0.882
 328 P   0.72314 0.20035 0.07651 ( 1)  0.569 +-  0.892
 329 E   0.72677 0.19919 0.07404 ( 1)  0.557 +-  0.861
 330 Q   0.72260 0.20051 0.07688 ( 1)  0.571 +-  0.897
 331 Y   0.72329 0.20030 0.07641 ( 1)  0.568 +-  0.891
 332 S   0.72319 0.20033 0.07648 ( 1)  0.569 +-  0.892
 333 A   0.72291 0.20042 0.07668 ( 1)  0.570 +-  0.895
 334 F   0.72682 0.19918 0.07400 ( 1)  0.557 +-  0.860
 335 L   0.72399 0.20008 0.07592 ( 1)  0.566 +-  0.885
 336 L   0.72313 0.20035 0.07652 ( 1)  0.569 +-  0.893
 337 H   0.72629 0.19935 0.07435 ( 1)  0.559 +-  0.864
 338 G   0.72219 0.20064 0.07717 ( 1)  0.572 +-  0.901
 339 V   0.72592 0.19946 0.07462 ( 1)  0.560 +-  0.868
 340 L   0.72399 0.20008 0.07592 ( 1)  0.566 +-  0.885
 341 A   0.72621 0.19937 0.07442 ( 1)  0.559 +-  0.865
 342 A   0.28923 0.34219 0.36858 ( 3)  1.953 +-  2.350
 343 H   0.72453 0.19992 0.07555 ( 1)  0.564 +-  0.880
 344 S   0.72138 0.20088 0.07774 ( 1)  0.575 +-  0.909
 345 L   0.72399 0.20008 0.07592 ( 1)  0.566 +-  0.885
 346 P   0.72212 0.20066 0.07723 ( 1)  0.572 +-  0.902
 347 G   0.72546 0.19962 0.07492 ( 1)  0.561 +-  0.872
 348 T   0.72387 0.20012 0.07601 ( 1)  0.566 +-  0.886
 349 S   0.72365 0.20019 0.07616 ( 1)  0.567 +-  0.888
 350 Y   0.72329 0.20030 0.07641 ( 1)  0.568 +-  0.891
 351 P   0.72440 0.19996 0.07565 ( 1)  0.565 +-  0.881
 352 T   0.72397 0.20007 0.07596 ( 1)  0.566 +-  0.886
 353 Y   0.28746 0.34106 0.37148 ( 3)  1.969 +-  2.363
 354 K   0.72635 0.19933 0.07432 ( 1)  0.558 +-  0.864
 355 S   0.72319 0.20033 0.07648 ( 1)  0.569 +-  0.892
 356 T   0.72387 0.20012 0.07601 ( 1)  0.566 +-  0.886
 357 A   0.72291 0.20042 0.07668 ( 1)  0.570 +-  0.895
 358 V   0.72437 0.19996 0.07568 ( 1)  0.565 +-  0.882
 359 S   0.72403 0.20007 0.07589 ( 1)  0.566 +-  0.884
 360 E   0.72677 0.19919 0.07404 ( 1)  0.557 +-  0.861
 361 L   0.72547 0.19961 0.07492 ( 1)  0.561 +-  0.872
 362 S   0.72578 0.19952 0.07469 ( 1)  0.560 +-  0.869
 363 D   0.72782 0.19885 0.07334 ( 1)  0.554 +-  0.852
 364 F   0.72495 0.19978 0.07526 ( 1)  0.563 +-  0.876
 365 V   0.72437 0.19996 0.07568 ( 1)  0.565 +-  0.882
 366 H   0.72629 0.19935 0.07435 ( 1)  0.559 +-  0.864
 367 S   0.72403 0.20007 0.07589 ( 1)  0.566 +-  0.884
 368 T   0.72270 0.20048 0.07682 ( 1)  0.570 +-  0.897
 369 A   0.72413 0.20004 0.07583 ( 1)  0.566 +-  0.884
 370 S   0.72138 0.20088 0.07774 ( 1)  0.575 +-  0.909
 371 Y   0.72508 0.19974 0.07518 ( 1)  0.562 +-  0.875
 372 V   0.72437 0.19996 0.07568 ( 1)  0.565 +-  0.882
 373 L   0.72399 0.20008 0.07592 ( 1)  0.566 +-  0.885
 374 A   0.72413 0.20004 0.07583 ( 1)  0.566 +-  0.884
 375 V   0.72651 0.19926 0.07422 ( 1)  0.558 +-  0.863
 376 M   0.72895 0.19847 0.07258 ( 1)  0.550 +-  0.842
 377 P   0.72212 0.20066 0.07723 ( 1)  0.572 +-  0.902
 378 V   0.72309 0.20036 0.07655 ( 1)  0.569 +-  0.893
 379 D   0.72782 0.19885 0.07334 ( 1)  0.554 +-  0.852
 380 E   0.72445 0.19994 0.07561 ( 1)  0.565 +-  0.881
 381 L   0.72358 0.20021 0.07621 ( 1)  0.567 +-  0.889
 382 L   0.72547 0.19961 0.07492 ( 1)  0.561 +-  0.872
 383 T   0.72270 0.20048 0.07682 ( 1)  0.570 +-  0.897
 384 D   0.72583 0.19950 0.07467 ( 1)  0.560 +-  0.869
 385 P   0.72440 0.19996 0.07565 ( 1)  0.565 +-  0.881
 386 M   0.72895 0.19847 0.07258 ( 1)  0.550 +-  0.842
 387 I   0.72736 0.19900 0.07365 ( 1)  0.555 +-  0.856
 388 S   0.72578 0.19952 0.07469 ( 1)  0.560 +-  0.869
 389 L   0.72313 0.20035 0.07652 ( 1)  0.569 +-  0.893
 390 E   0.72677 0.19919 0.07404 ( 1)  0.557 +-  0.861
 391 M   0.72895 0.19847 0.07258 ( 1)  0.550 +-  0.842
 392 M   0.72895 0.19847 0.07258 ( 1)  0.550 +-  0.842
 393 D   0.72782 0.19885 0.07334 ( 1)  0.554 +-  0.852
 394 S   0.72365 0.20019 0.07616 ( 1)  0.567 +-  0.888
 395 L   0.72399 0.20008 0.07592 ( 1)  0.566 +-  0.885
 396 T   0.72531 0.19967 0.07503 ( 1)  0.562 +-  0.873
 397 S   0.72138 0.20088 0.07774 ( 1)  0.575 +-  0.909
 398 Y   0.72329 0.20030 0.07641 ( 1)  0.568 +-  0.891
 399 L   0.72313 0.20035 0.07652 ( 1)  0.569 +-  0.893
 400 G   0.72546 0.19962 0.07492 ( 1)  0.561 +-  0.872
 401 S   0.72365 0.20019 0.07616 ( 1)  0.567 +-  0.888
 402 S   0.72494 0.19979 0.07527 ( 1)  0.563 +-  0.876
 403 F   0.72682 0.19918 0.07400 ( 1)  0.557 +-  0.860
 404 S   0.72578 0.19952 0.07469 ( 1)  0.560 +-  0.869
 405 I   0.72522 0.19970 0.07509 ( 1)  0.562 +-  0.874
 406 T   0.72387 0.20012 0.07601 ( 1)  0.566 +-  0.886
 407 Y   0.72508 0.19974 0.07518 ( 1)  0.562 +-  0.875
 408 Y   0.72329 0.20030 0.07641 ( 1)  0.568 +-  0.891
 409 P   0.72314 0.20035 0.07651 ( 1)  0.569 +-  0.892
 410 V   0.72437 0.19996 0.07568 ( 1)  0.565 +-  0.882
 411 V   0.72437 0.19996 0.07568 ( 1)  0.565 +-  0.882
 412 L   0.72547 0.19961 0.07492 ( 1)  0.561 +-  0.872
 413 N   0.72744 0.19897 0.07359 ( 1)  0.555 +-  0.855
 414 K   0.72635 0.19933 0.07432 ( 1)  0.558 +-  0.864
 415 A   0.72621 0.19937 0.07442 ( 1)  0.559 +-  0.865
 416 T   0.72531 0.19967 0.07503 ( 1)  0.562 +-  0.873
 417 A   0.72413 0.20004 0.07583 ( 1)  0.566 +-  0.884
 418 L   0.72313 0.20035 0.07652 ( 1)  0.569 +-  0.893
 419 Q   0.72428 0.19999 0.07572 ( 1)  0.565 +-  0.882
 420 I   0.72527 0.19968 0.07505 ( 1)  0.562 +-  0.874
 421 L   0.72313 0.20035 0.07652 ( 1)  0.569 +-  0.893
 422 K   0.72635 0.19933 0.07432 ( 1)  0.558 +-  0.864
 423 D   0.72782 0.19885 0.07334 ( 1)  0.554 +-  0.852
 424 V   0.72437 0.19996 0.07568 ( 1)  0.565 +-  0.882
 425 D   0.72782 0.19885 0.07334 ( 1)  0.554 +-  0.852
 426 T   0.72387 0.20012 0.07601 ( 1)  0.566 +-  0.886
 427 G   0.72546 0.19962 0.07492 ( 1)  0.561 +-  0.872
 428 L   0.72221 0.20063 0.07716 ( 1)  0.572 +-  0.901
 429 N   0.72744 0.19897 0.07359 ( 1)  0.555 +-  0.855
 430 L   0.72399 0.20008 0.07592 ( 1)  0.566 +-  0.885
 431 Q   0.72428 0.19999 0.07572 ( 1)  0.565 +-  0.882
 432 E   0.72677 0.19919 0.07404 ( 1)  0.557 +-  0.861
 433 V   0.72309 0.20036 0.07655 ( 1)  0.569 +-  0.893
 434 F   0.72682 0.19918 0.07400 ( 1)  0.557 +-  0.860
 435 E   0.72677 0.19919 0.07404 ( 1)  0.557 +-  0.861
 436 R   0.72067 0.20109 0.07824 ( 1)  0.577 +-  0.915
 437 P   0.72488 0.19980 0.07532 ( 1)  0.563 +-  0.877
 438 C   0.72448 0.19993 0.07558 ( 1)  0.564 +-  0.880
 439 Y   0.72508 0.19974 0.07518 ( 1)  0.562 +-  0.875
 440 F   0.72682 0.19918 0.07400 ( 1)  0.557 +-  0.860
 441 M   0.72895 0.19847 0.07258 ( 1)  0.550 +-  0.842
 442 R   0.72067 0.20109 0.07824 ( 1)  0.577 +-  0.915
 443 F   0.72495 0.19978 0.07526 ( 1)  0.563 +-  0.876
 444 P   0.72488 0.19980 0.07532 ( 1)  0.563 +-  0.877
 445 N   0.72547 0.19962 0.07491 ( 1)  0.561 +-  0.872
 446 G   0.72493 0.19979 0.07528 ( 1)  0.563 +-  0.876
 447 A   0.72563 0.19956 0.07481 ( 1)  0.561 +-  0.870
 448 F   0.72495 0.19978 0.07526 ( 1)  0.563 +-  0.876
 449 A   0.72413 0.20004 0.07583 ( 1)  0.566 +-  0.884
 450 V   0.72592 0.19946 0.07462 ( 1)  0.560 +-  0.868
 451 L   0.72547 0.19961 0.07492 ( 1)  0.561 +-  0.872
 452 K   0.72406 0.20006 0.07587 ( 1)  0.566 +-  0.884
 453 N   0.72547 0.19962 0.07491 ( 1)  0.561 +-  0.872
 454 D   0.72782 0.19885 0.07334 ( 1)  0.554 +-  0.852
 455 E   0.72445 0.19994 0.07561 ( 1)  0.565 +-  0.881
 456 P   0.72440 0.19996 0.07565 ( 1)  0.565 +-  0.881
 457 I   0.72559 0.19932 0.07508 ( 1)  0.563 +-  0.880
 458 A   0.72291 0.20042 0.07668 ( 1)  0.570 +-  0.895
 459 T   0.72387 0.20012 0.07601 ( 1)  0.566 +-  0.886
 460 L   0.72399 0.20008 0.07592 ( 1)  0.566 +-  0.885
 461 D   0.72782 0.19885 0.07334 ( 1)  0.554 +-  0.852
 462 S   0.72138 0.20088 0.07774 ( 1)  0.575 +-  0.909
 463 T   0.72387 0.20012 0.07601 ( 1)  0.566 +-  0.886
 464 V   0.72592 0.19946 0.07462 ( 1)  0.560 +-  0.868
 465 R   0.72398 0.20009 0.07593 ( 1)  0.566 +-  0.885
 466 H   0.72453 0.19992 0.07555 ( 1)  0.564 +-  0.880
 467 I   0.72522 0.19970 0.07509 ( 1)  0.562 +-  0.874
 468 A   0.72413 0.20004 0.07583 ( 1)  0.566 +-  0.884
 469 Q   0.72428 0.19999 0.07572 ( 1)  0.565 +-  0.882
 470 E   0.72677 0.19919 0.07404 ( 1)  0.557 +-  0.861
 471 G   0.72546 0.19962 0.07492 ( 1)  0.561 +-  0.872
 472 S   0.72578 0.19952 0.07469 ( 1)  0.560 +-  0.869
 473 Y   0.72508 0.19974 0.07518 ( 1)  0.562 +-  0.875
 474 Q   0.72428 0.19999 0.07572 ( 1)  0.565 +-  0.882
 475 I   0.72736 0.19900 0.07365 ( 1)  0.555 +-  0.856
 476 I   0.72527 0.19968 0.07505 ( 1)  0.562 +-  0.874
 477 I   0.72736 0.19900 0.07365 ( 1)  0.555 +-  0.856
 478 Q   0.72428 0.19999 0.07572 ( 1)  0.565 +-  0.882
 479 S   0.72138 0.20088 0.07774 ( 1)  0.575 +-  0.909
 480 S   0.72319 0.20033 0.07648 ( 1)  0.569 +-  0.892
 481 R   0.72067 0.20109 0.07824 ( 1)  0.577 +-  0.915
 482 E   0.72445 0.19994 0.07561 ( 1)  0.565 +-  0.881
 483 V   0.72651 0.19926 0.07422 ( 1)  0.558 +-  0.863
 484 F   0.72489 0.19945 0.07565 ( 1)  0.566 +-  0.890
 485 N   0.72547 0.19962 0.07491 ( 1)  0.561 +-  0.872
 486 T   0.72586 0.19949 0.07465 ( 1)  0.560 +-  0.868
 487 D   0.72782 0.19885 0.07334 ( 1)  0.554 +-  0.852
 488 V   0.72592 0.19946 0.07462 ( 1)  0.560 +-  0.868
 489 A   0.72413 0.20004 0.07583 ( 1)  0.566 +-  0.884
 490 E   0.72677 0.19919 0.07404 ( 1)  0.557 +-  0.861
 491 L   0.72313 0.20035 0.07652 ( 1)  0.569 +-  0.893
 492 P   0.72314 0.20035 0.07651 ( 1)  0.569 +-  0.892
 493 E   0.72445 0.19994 0.07561 ( 1)  0.565 +-  0.881
 494 K   0.72635 0.19933 0.07432 ( 1)  0.558 +-  0.864
 495 L   0.72399 0.20008 0.07592 ( 1)  0.566 +-  0.885
 496 I   0.72527 0.19968 0.07505 ( 1)  0.562 +-  0.874
 497 K   0.72406 0.20006 0.07587 ( 1)  0.566 +-  0.884
 498 S   0.72578 0.19952 0.07469 ( 1)  0.560 +-  0.869
 499 G   0.72546 0.19962 0.07492 ( 1)  0.561 +-  0.872
 500 H   0.72629 0.19935 0.07435 ( 1)  0.559 +-  0.864
 501 I   0.72736 0.19900 0.07365 ( 1)  0.555 +-  0.856
 502 S   0.72494 0.19979 0.07527 ( 1)  0.563 +-  0.876
 503 G   0.72546 0.19962 0.07492 ( 1)  0.561 +-  0.872
 504 E   0.72445 0.19994 0.07561 ( 1)  0.565 +-  0.881
 505 M   0.72895 0.19847 0.07258 ( 1)  0.550 +-  0.842
 506 A   0.72621 0.19937 0.07442 ( 1)  0.559 +-  0.865
 507 R   0.72067 0.20109 0.07824 ( 1)  0.577 +-  0.915
 508 A   0.72563 0.19956 0.07481 ( 1)  0.561 +-  0.870
 509 D   0.72782 0.19885 0.07334 ( 1)  0.554 +-  0.852
 510 E   0.72445 0.19994 0.07561 ( 1)  0.565 +-  0.881
 511 D   0.72782 0.19885 0.07334 ( 1)  0.554 +-  0.852
 512 T   0.72270 0.20048 0.07682 ( 1)  0.570 +-  0.897
 513 K   0.72406 0.20006 0.07587 ( 1)  0.566 +-  0.884
 514 D   0.72583 0.19950 0.07467 ( 1)  0.560 +-  0.869
 515 L   0.72221 0.20063 0.07716 ( 1)  0.572 +-  0.901
 516 V   0.72309 0.20036 0.07655 ( 1)  0.569 +-  0.893
 517 D   0.72782 0.19885 0.07334 ( 1)  0.554 +-  0.852
 518 E   0.72677 0.19919 0.07404 ( 1)  0.557 +-  0.861
 519 I   0.72527 0.19968 0.07505 ( 1)  0.562 +-  0.874
 520 R   0.72067 0.20109 0.07824 ( 1)  0.577 +-  0.915
 521 V   0.72651 0.19926 0.07422 ( 1)  0.558 +-  0.863
 522 S   0.72578 0.19952 0.07469 ( 1)  0.560 +-  0.869
 523 N   0.72547 0.19962 0.07491 ( 1)  0.561 +-  0.872
 524 Q   0.72260 0.20051 0.07688 ( 1)  0.571 +-  0.897
 525 T   0.72270 0.20048 0.07682 ( 1)  0.570 +-  0.897
 526 D   0.72583 0.19950 0.07467 ( 1)  0.560 +-  0.869
 527 A   0.72621 0.19937 0.07442 ( 1)  0.559 +-  0.865
 528 F   0.72682 0.19918 0.07400 ( 1)  0.557 +-  0.860
 529 V   0.72437 0.19996 0.07568 ( 1)  0.565 +-  0.882
 530 E   0.72677 0.19919 0.07404 ( 1)  0.557 +-  0.861
 531 Q   0.72428 0.19999 0.07572 ( 1)  0.565 +-  0.882
 532 L   0.72313 0.20035 0.07652 ( 1)  0.569 +-  0.893
 533 K   0.72406 0.20006 0.07587 ( 1)  0.566 +-  0.884
 534 F   0.72682 0.19918 0.07400 ( 1)  0.557 +-  0.860
 535 R   0.72502 0.19976 0.07521 ( 1)  0.563 +-  0.875
 536 D   0.72583 0.19950 0.07467 ( 1)  0.560 +-  0.869
 537 I   0.72527 0.19968 0.07505 ( 1)  0.562 +-  0.874
 538 Y   0.72508 0.19974 0.07518 ( 1)  0.562 +-  0.875
 539 N   0.72547 0.19962 0.07491 ( 1)  0.561 +-  0.872
 540 V   0.72651 0.19926 0.07422 ( 1)  0.558 +-  0.863
 541 S   0.72365 0.20019 0.07616 ( 1)  0.567 +-  0.888
 542 G   0.72546 0.19962 0.07492 ( 1)  0.561 +-  0.872
 543 V   0.72437 0.19996 0.07568 ( 1)  0.565 +-  0.882
 544 L   0.72221 0.20063 0.07716 ( 1)  0.572 +-  0.901
 545 V   0.72651 0.19926 0.07422 ( 1)  0.558 +-  0.863
 546 V   0.72437 0.19996 0.07568 ( 1)  0.565 +-  0.882
 547 E   0.72445 0.19994 0.07561 ( 1)  0.565 +-  0.881
 548 S   0.72319 0.20033 0.07648 ( 1)  0.569 +-  0.892
 549 D   0.72782 0.19885 0.07334 ( 1)  0.554 +-  0.852
 550 D   0.72583 0.19950 0.07467 ( 1)  0.560 +-  0.869
 551 K   0.72635 0.19933 0.07432 ( 1)  0.558 +-  0.864
 552 L   0.72221 0.20063 0.07716 ( 1)  0.572 +-  0.901
 553 M   0.72895 0.19847 0.07258 ( 1)  0.550 +-  0.842
 554 S   0.72578 0.19952 0.07469 ( 1)  0.560 +-  0.869
 555 N   0.72547 0.19962 0.07491 ( 1)  0.561 +-  0.872
 556 F   0.72495 0.19978 0.07526 ( 1)  0.563 +-  0.876
 557 F   0.72682 0.19918 0.07400 ( 1)  0.557 +-  0.860
 558 E   0.72445 0.19994 0.07561 ( 1)  0.565 +-  0.881
 559 L   0.72221 0.20063 0.07716 ( 1)  0.572 +-  0.901
 560 A   0.72621 0.19937 0.07442 ( 1)  0.559 +-  0.865
 561 G   0.72357 0.20022 0.07621 ( 1)  0.567 +-  0.889
 562 K   0.72406 0.20006 0.07587 ( 1)  0.566 +-  0.884
 563 D   0.72782 0.19885 0.07334 ( 1)  0.554 +-  0.852
 564 K   0.72635 0.19933 0.07432 ( 1)  0.558 +-  0.864
 565 P   0.72440 0.19996 0.07565 ( 1)  0.565 +-  0.881
 566 W   0.72268 0.20049 0.07683 ( 1)  0.570 +-  0.897
 567 M   0.72895 0.19847 0.07258 ( 1)  0.550 +-  0.842
 568 V   0.72437 0.19996 0.07568 ( 1)  0.565 +-  0.882
 569 L   0.72399 0.20008 0.07592 ( 1)  0.566 +-  0.885
 570 F   0.72682 0.19918 0.07400 ( 1)  0.557 +-  0.860
 571 T   0.72586 0.19949 0.07465 ( 1)  0.560 +-  0.868
 572 V   0.72592 0.19946 0.07462 ( 1)  0.560 +-  0.868
 573 S   0.72494 0.19979 0.07527 ( 1)  0.563 +-  0.876
 574 W   0.72268 0.20049 0.07683 ( 1)  0.570 +-  0.897
 575 S   0.72578 0.19952 0.07469 ( 1)  0.560 +-  0.869
 576 P   0.72440 0.19996 0.07565 ( 1)  0.565 +-  0.881
 577 L   0.72313 0.20035 0.07652 ( 1)  0.569 +-  0.893
 578 C   0.72448 0.19993 0.07558 ( 1)  0.564 +-  0.880
 579 K   0.72635 0.19933 0.07432 ( 1)  0.558 +-  0.864
 580 A   0.72413 0.20004 0.07583 ( 1)  0.566 +-  0.884
 581 A   0.72621 0.19937 0.07442 ( 1)  0.559 +-  0.865
 582 R   0.72067 0.20109 0.07824 ( 1)  0.577 +-  0.915
 583 S   0.72319 0.20033 0.07648 ( 1)  0.569 +-  0.892
 584 I   0.72736 0.19900 0.07365 ( 1)  0.555 +-  0.856
 585 W   0.72268 0.20049 0.07683 ( 1)  0.570 +-  0.897
 586 A   0.72621 0.19937 0.07442 ( 1)  0.559 +-  0.865
 587 S   0.72494 0.19979 0.07527 ( 1)  0.563 +-  0.876
 588 V   0.72437 0.19996 0.07568 ( 1)  0.565 +-  0.882
 589 G   0.72546 0.19962 0.07492 ( 1)  0.561 +-  0.872
 590 D   0.72782 0.19885 0.07334 ( 1)  0.554 +-  0.852
 591 C   0.72448 0.19993 0.07558 ( 1)  0.564 +-  0.880
 592 A   0.72621 0.19937 0.07442 ( 1)  0.559 +-  0.865
 593 R   0.72262 0.20051 0.07687 ( 1)  0.570 +-  0.897
 594 R   0.72067 0.20109 0.07824 ( 1)  0.577 +-  0.915
 595 L   0.72313 0.20035 0.07652 ( 1)  0.569 +-  0.893

Positively selected sites

	Prob(w>1)  mean w


