Supplemental results for CODEML (seqf: algn  treef: tree)


dN/dS (w) for site classes (K=3)

p:   1.00000  0.00000  0.00000
w:   0.00000  1.00000  1.00000

Naive Empirical Bayes (NEB) probabilities for 3 classes & postmean_w
(amino acids refer to 1st sequence: Smat.8992)

   1 M   1.00000 0.00000 0.00000 ( 1)  0.000
   2 S   1.00000 0.00000 0.00000 ( 1)  0.000
   3 T   1.00000 0.00000 0.00000 ( 1)  0.000
   4 N   1.00000 0.00000 0.00000 ( 1)  0.000
   5 N   1.00000 0.00000 0.00000 ( 1)  0.000
   6 E   1.00000 0.00000 0.00000 ( 1)  0.000
   7 L   1.00000 0.00000 0.00000 ( 1)  0.000
   8 N   1.00000 0.00000 0.00000 ( 1)  0.000
   9 D   1.00000 0.00000 0.00000 ( 1)  0.000
  10 S   1.00000 0.00000 0.00000 ( 1)  0.000
  11 I   1.00000 0.00000 0.00000 ( 1)  0.000
  12 D   1.00000 0.00000 0.00000 ( 1)  0.000
  13 G   1.00000 0.00000 0.00000 ( 1)  0.000
  14 L   1.00000 0.00000 0.00000 ( 1)  0.000
  15 L   1.00000 0.00000 0.00000 ( 1)  0.000
  16 K   1.00000 0.00000 0.00000 ( 1)  0.000
  17 Y   1.00000 0.00000 0.00000 ( 1)  0.000
  18 P   1.00000 0.00000 0.00000 ( 1)  0.000
  19 V   1.00000 0.00000 0.00000 ( 1)  0.000
  20 K   1.00000 0.00000 0.00000 ( 1)  0.000
  21 N   1.00000 0.00000 0.00000 ( 1)  0.000
  22 K   1.00000 0.00000 0.00000 ( 1)  0.000
  23 Y   1.00000 0.00000 0.00000 ( 1)  0.000
  24 S   1.00000 0.00000 0.00000 ( 1)  0.000
  25 T   1.00000 0.00000 0.00000 ( 1)  0.000
  26 Q   1.00000 0.00000 0.00000 ( 1)  0.000
  27 V   1.00000 0.00000 0.00000 ( 1)  0.000
  28 F   1.00000 0.00000 0.00000 ( 1)  0.000
  29 V   1.00000 0.00000 0.00000 ( 1)  0.000
  30 H   1.00000 0.00000 0.00000 ( 1)  0.000
  31 M   1.00000 0.00000 0.00000 ( 1)  0.000
  32 H   1.00000 0.00000 0.00000 ( 1)  0.000
  33 P   1.00000 0.00000 0.00000 ( 1)  0.000
  34 P   1.00000 0.00000 0.00000 ( 1)  0.000
  35 V   1.00000 0.00000 0.00000 ( 1)  0.000
  36 V   1.00000 0.00000 0.00000 ( 1)  0.000
  37 N   1.00000 0.00000 0.00000 ( 1)  0.000
  38 K   1.00000 0.00000 0.00000 ( 1)  0.000
  39 T   1.00000 0.00000 0.00000 ( 1)  0.000
  40 K   1.00000 0.00000 0.00000 ( 1)  0.000
  41 Q   1.00000 0.00000 0.00000 ( 1)  0.000
  42 E   1.00000 0.00000 0.00000 ( 1)  0.000
  43 I   1.00000 0.00000 0.00000 ( 1)  0.000
  44 K   1.00000 0.00000 0.00000 ( 1)  0.000
  45 Q   1.00000 0.00000 0.00000 ( 1)  0.000
  46 M   1.00000 0.00000 0.00000 ( 1)  0.000
  47 D   1.00000 0.00000 0.00000 ( 1)  0.000
  48 Y   1.00000 0.00000 0.00000 ( 1)  0.000
  49 D   1.00000 0.00000 0.00000 ( 1)  0.000
  50 L   1.00000 0.00000 0.00000 ( 1)  0.000
  51 K   1.00000 0.00000 0.00000 ( 1)  0.000
  52 T   1.00000 0.00000 0.00000 ( 1)  0.000
  53 S   1.00000 0.00000 0.00000 ( 1)  0.000
  54 D   1.00000 0.00000 0.00000 ( 1)  0.000
  55 P   1.00000 0.00000 0.00000 ( 1)  0.000
  56 V   1.00000 0.00000 0.00000 ( 1)  0.000
  57 E   1.00000 0.00000 0.00000 ( 1)  0.000
  58 Q   1.00000 0.00000 0.00000 ( 1)  0.000
  59 D   1.00000 0.00000 0.00000 ( 1)  0.000
  60 Q   1.00000 0.00000 0.00000 ( 1)  0.000
  61 G   1.00000 0.00000 0.00000 ( 1)  0.000
  62 E   1.00000 0.00000 0.00000 ( 1)  0.000
  63 K   1.00000 0.00000 0.00000 ( 1)  0.000
  64 L   1.00000 0.00000 0.00000 ( 1)  0.000
  65 T   1.00000 0.00000 0.00000 ( 1)  0.000
  66 L   1.00000 0.00000 0.00000 ( 1)  0.000
  67 P   1.00000 0.00000 0.00000 ( 1)  0.000
  68 N   1.00000 0.00000 0.00000 ( 1)  0.000
  69 H   1.00000 0.00000 0.00000 ( 1)  0.000
  70 R   1.00000 0.00000 0.00000 ( 1)  0.000
  71 E   1.00000 0.00000 0.00000 ( 1)  0.000
  72 N   1.00000 0.00000 0.00000 ( 1)  0.000
  73 E   1.00000 0.00000 0.00000 ( 1)  0.000
  74 D   1.00000 0.00000 0.00000 ( 1)  0.000
  75 I   1.00000 0.00000 0.00000 ( 1)  0.000
  76 K   1.00000 0.00000 0.00000 ( 1)  0.000
  77 E   1.00000 0.00000 0.00000 ( 1)  0.000
  78 K   1.00000 0.00000 0.00000 ( 1)  0.000
  79 T   1.00000 0.00000 0.00000 ( 1)  0.000
  80 I   1.00000 0.00000 0.00000 ( 1)  0.000
  81 P   1.00000 0.00000 0.00000 ( 1)  0.000
  82 E   1.00000 0.00000 0.00000 ( 1)  0.000
  83 Q   1.00000 0.00000 0.00000 ( 1)  0.000
  84 D   1.00000 0.00000 0.00000 ( 1)  0.000
  85 C   1.00000 0.00000 0.00000 ( 1)  0.000
  86 Q   1.00000 0.00000 0.00000 ( 1)  0.000
  87 N   1.00000 0.00000 0.00000 ( 1)  0.000
  88 R   1.00000 0.00000 0.00000 ( 1)  0.000
  89 G   1.00000 0.00000 0.00000 ( 1)  0.000
  90 R   1.00000 0.00000 0.00000 ( 1)  0.000
  91 N   1.00000 0.00000 0.00000 ( 1)  0.000
  92 V   1.00000 0.00000 0.00000 ( 1)  0.000
  93 L   1.00000 0.00000 0.00000 ( 1)  0.000
  94 K   1.00000 0.00000 0.00000 ( 1)  0.000
  95 S   1.00000 0.00000 0.00000 ( 1)  0.000
  96 E   1.00000 0.00000 0.00000 ( 1)  0.000
  97 Y   1.00000 0.00000 0.00000 ( 1)  0.000
  98 P   1.00000 0.00000 0.00000 ( 1)  0.000
  99 D   1.00000 0.00000 0.00000 ( 1)  0.000
 100 D   1.00000 0.00000 0.00000 ( 1)  0.000
 101 I   1.00000 0.00000 0.00000 ( 1)  0.000
 102 D   1.00000 0.00000 0.00000 ( 1)  0.000
 103 S   1.00000 0.00000 0.00000 ( 1)  0.000
 104 L   1.00000 0.00000 0.00000 ( 1)  0.000
 105 N   1.00000 0.00000 0.00000 ( 1)  0.000
 106 S   1.00000 0.00000 0.00000 ( 1)  0.000
 107 C   1.00000 0.00000 0.00000 ( 1)  0.000
 108 G   1.00000 0.00000 0.00000 ( 1)  0.000
 109 L   1.00000 0.00000 0.00000 ( 1)  0.000
 110 H   1.00000 0.00000 0.00000 ( 1)  0.000
 111 F   1.00000 0.00000 0.00000 ( 1)  0.000
 112 I   1.00000 0.00000 0.00000 ( 1)  0.000
 113 S   1.00000 0.00000 0.00000 ( 1)  0.000
 114 E   1.00000 0.00000 0.00000 ( 1)  0.000
 115 N   1.00000 0.00000 0.00000 ( 1)  0.000
 116 P   1.00000 0.00000 0.00000 ( 1)  0.000
 117 Q   1.00000 0.00000 0.00000 ( 1)  0.000
 118 Q   1.00000 0.00000 0.00000 ( 1)  0.000
 119 L   1.00000 0.00000 0.00000 ( 1)  0.000
 120 E   1.00000 0.00000 0.00000 ( 1)  0.000
 121 S   1.00000 0.00000 0.00000 ( 1)  0.000
 122 R   1.00000 0.00000 0.00000 ( 1)  0.000
 123 S   1.00000 0.00000 0.00000 ( 1)  0.000
 124 C   1.00000 0.00000 0.00000 ( 1)  0.000
 125 N   1.00000 0.00000 0.00000 ( 1)  0.000
 126 L   1.00000 0.00000 0.00000 ( 1)  0.000
 127 S   1.00000 0.00000 0.00000 ( 1)  0.000
 128 V   1.00000 0.00000 0.00000 ( 1)  0.000
 129 V   1.00000 0.00000 0.00000 ( 1)  0.000
 130 D   1.00000 0.00000 0.00000 ( 1)  0.000
 131 A   1.00000 0.00000 0.00000 ( 1)  0.000
 132 K   1.00000 0.00000 0.00000 ( 1)  0.000
 133 N   1.00000 0.00000 0.00000 ( 1)  0.000
 134 K   1.00000 0.00000 0.00000 ( 1)  0.000
 135 E   1.00000 0.00000 0.00000 ( 1)  0.000
 136 F   1.00000 0.00000 0.00000 ( 1)  0.000
 137 H   1.00000 0.00000 0.00000 ( 1)  0.000
 138 Q   1.00000 0.00000 0.00000 ( 1)  0.000
 139 A   1.00000 0.00000 0.00000 ( 1)  0.000
 140 I   1.00000 0.00000 0.00000 ( 1)  0.000
 141 L   1.00000 0.00000 0.00000 ( 1)  0.000
 142 V   1.00000 0.00000 0.00000 ( 1)  0.000
 143 E   1.00000 0.00000 0.00000 ( 1)  0.000
 144 N   1.00000 0.00000 0.00000 ( 1)  0.000
 145 D   1.00000 0.00000 0.00000 ( 1)  0.000
 146 R   1.00000 0.00000 0.00000 ( 1)  0.000

Positively selected sites

	Prob(w>1)  mean w



lnL =  -556.380770

Bayes Empirical Bayes (BEB) probabilities for 3 classes (class) & postmean_w
(amino acids refer to 1st sequence: Smat.8992)

   1 M   0.33535 0.33484 0.32981 ( 1)  2.465 +-  2.961
   2 S   0.33533 0.33482 0.32985 ( 1)  2.465 +-  2.961
   3 T   0.33536 0.33484 0.32980 ( 1)  2.465 +-  2.961
   4 N   0.33539 0.33487 0.32974 ( 1)  2.464 +-  2.961
   5 N   0.33539 0.33487 0.32974 ( 1)  2.464 +-  2.961
   6 E   0.33537 0.33485 0.32977 ( 1)  2.464 +-  2.961
   7 L   0.33535 0.33483 0.32982 ( 1)  2.465 +-  2.961
   8 N   0.33539 0.33487 0.32974 ( 1)  2.464 +-  2.961
   9 D   0.33536 0.33484 0.32980 ( 1)  2.465 +-  2.961
  10 S   0.33535 0.33484 0.32981 ( 1)  2.465 +-  2.961
  11 I   0.33536 0.33485 0.32979 ( 1)  2.465 +-  2.961
  12 D   0.33538 0.33486 0.32976 ( 1)  2.464 +-  2.961
  13 G   0.33534 0.33483 0.32984 ( 1)  2.465 +-  2.961
  14 L   0.33535 0.33483 0.32982 ( 1)  2.465 +-  2.961
  15 L   0.33534 0.33483 0.32984 ( 1)  2.465 +-  2.961
  16 K   0.33538 0.33486 0.32975 ( 1)  2.464 +-  2.961
  17 Y   0.33537 0.33485 0.32978 ( 1)  2.465 +-  2.961
  18 P   0.33535 0.33484 0.32981 ( 1)  2.465 +-  2.961
  19 V   0.33535 0.33484 0.32981 ( 1)  2.465 +-  2.961
  20 K   0.33538 0.33486 0.32975 ( 1)  2.464 +-  2.961
  21 N   0.33539 0.33487 0.32974 ( 1)  2.464 +-  2.961
  22 K   0.33538 0.33486 0.32975 ( 1)  2.464 +-  2.961
  23 Y   0.33534 0.33483 0.32983 ( 1)  2.465 +-  2.961
  24 S   0.33534 0.33483 0.32982 ( 1)  2.465 +-  2.961
  25 T   0.33535 0.33484 0.32981 ( 1)  2.465 +-  2.961
  26 Q   0.33539 0.33487 0.32975 ( 1)  2.464 +-  2.961
  27 V   0.33533 0.33482 0.32985 ( 1)  2.465 +-  2.961
  28 F   0.33536 0.33484 0.32980 ( 1)  2.465 +-  2.961
  29 V   0.33535 0.33484 0.32981 ( 1)  2.465 +-  2.961
  30 H   0.33539 0.33487 0.32974 ( 1)  2.464 +-  2.961
  31 M   0.33535 0.33484 0.32981 ( 1)  2.465 +-  2.961
  32 H   0.33539 0.33487 0.32974 ( 1)  2.464 +-  2.961
  33 P   0.33535 0.33484 0.32981 ( 1)  2.465 +-  2.961
  34 P   0.33535 0.33483 0.32982 ( 1)  2.465 +-  2.961
  35 V   0.33535 0.33484 0.32981 ( 1)  2.465 +-  2.961
  36 V   0.33535 0.33484 0.32981 ( 1)  2.465 +-  2.961
  37 N   0.33537 0.33485 0.32978 ( 1)  2.465 +-  2.961
  38 K   0.33538 0.33486 0.32975 ( 1)  2.464 +-  2.961
  39 T   0.33533 0.33482 0.32985 ( 1)  2.465 +-  2.961
  40 K   0.33538 0.33486 0.32975 ( 1)  2.464 +-  2.961
  41 Q   0.33536 0.33484 0.32980 ( 1)  2.465 +-  2.961
  42 E   0.33537 0.33485 0.32977 ( 1)  2.464 +-  2.961
  43 I   0.33534 0.33483 0.32983 ( 1)  2.465 +-  2.961
  44 K   0.33538 0.33486 0.32975 ( 1)  2.464 +-  2.961
  45 Q   0.33539 0.33487 0.32975 ( 1)  2.464 +-  2.961
  46 M   0.33535 0.33484 0.32981 ( 1)  2.465 +-  2.961
  47 D   0.33536 0.33484 0.32980 ( 1)  2.465 +-  2.961
  48 Y   0.33534 0.33483 0.32983 ( 1)  2.465 +-  2.961
  49 D   0.33538 0.33486 0.32976 ( 1)  2.464 +-  2.961
  50 L   0.33535 0.33483 0.32982 ( 1)  2.465 +-  2.961
  51 K   0.33536 0.33485 0.32979 ( 1)  2.465 +-  2.961
  52 T   0.33535 0.33484 0.32981 ( 1)  2.465 +-  2.961
  53 S   0.33533 0.33482 0.32985 ( 1)  2.465 +-  2.961
  54 D   0.33538 0.33486 0.32976 ( 1)  2.464 +-  2.961
  55 P   0.33533 0.33482 0.32984 ( 1)  2.465 +-  2.961
  56 V   0.33535 0.33484 0.32981 ( 1)  2.465 +-  2.961
  57 E   0.33537 0.33485 0.32977 ( 1)  2.464 +-  2.961
  58 Q   0.33539 0.33487 0.32975 ( 1)  2.464 +-  2.961
  59 D   0.33536 0.33484 0.32980 ( 1)  2.465 +-  2.961
  60 Q   0.33536 0.33484 0.32980 ( 1)  2.465 +-  2.961
  61 G   0.33534 0.33483 0.32983 ( 1)  2.465 +-  2.961
  62 E   0.33537 0.33485 0.32977 ( 1)  2.464 +-  2.961
  63 K   0.33538 0.33486 0.32975 ( 1)  2.464 +-  2.961
  64 L   0.33533 0.33482 0.32984 ( 1)  2.465 +-  2.961
  65 T   0.33535 0.33484 0.32981 ( 1)  2.465 +-  2.961
  66 L   0.33533 0.33482 0.32984 ( 1)  2.465 +-  2.961
  67 P   0.33533 0.33482 0.32985 ( 1)  2.465 +-  2.961
  68 N   0.33539 0.33487 0.32974 ( 1)  2.464 +-  2.961
  69 H   0.33536 0.33484 0.32979 ( 1)  2.465 +-  2.961
  70 R   0.33533 0.33482 0.32984 ( 1)  2.465 +-  2.961
  71 E   0.33537 0.33485 0.32977 ( 1)  2.464 +-  2.961
  72 N   0.33539 0.33487 0.32974 ( 1)  2.464 +-  2.961
  73 E   0.33537 0.33485 0.32977 ( 1)  2.464 +-  2.961
  74 D   0.33536 0.33484 0.32980 ( 1)  2.465 +-  2.961
  75 I   0.33534 0.33483 0.32983 ( 1)  2.465 +-  2.961
  76 K   0.33538 0.33486 0.32975 ( 1)  2.464 +-  2.961
  77 E   0.33537 0.33485 0.32977 ( 1)  2.464 +-  2.961
  78 K   0.33538 0.33486 0.32975 ( 1)  2.464 +-  2.961
  79 T   0.33534 0.33483 0.32984 ( 1)  2.465 +-  2.961
  80 I   0.33536 0.33485 0.32979 ( 1)  2.465 +-  2.961
  81 P   0.33533 0.33482 0.32984 ( 1)  2.465 +-  2.961
  82 E   0.33537 0.33485 0.32977 ( 1)  2.464 +-  2.961
  83 Q   0.33539 0.33487 0.32975 ( 1)  2.464 +-  2.961
  84 D   0.33536 0.33484 0.32980 ( 1)  2.465 +-  2.961
  85 C   0.33534 0.33483 0.32983 ( 1)  2.465 +-  2.961
  86 Q   0.33536 0.33484 0.32980 ( 1)  2.465 +-  2.961
  87 N   0.33539 0.33487 0.32974 ( 1)  2.464 +-  2.961
  88 R   0.33534 0.33483 0.32982 ( 1)  2.465 +-  2.961
  89 G   0.33534 0.33483 0.32983 ( 1)  2.465 +-  2.961
  90 R   0.33533 0.33482 0.32984 ( 1)  2.465 +-  2.961
  91 N   0.33539 0.33487 0.32974 ( 1)  2.464 +-  2.961
  92 V   0.33535 0.33484 0.32981 ( 1)  2.465 +-  2.961
  93 L   0.33533 0.33482 0.32984 ( 1)  2.465 +-  2.961
  94 K   0.33538 0.33486 0.32975 ( 1)  2.464 +-  2.961
  95 S   0.33534 0.33483 0.32982 ( 1)  2.465 +-  2.961
  96 E   0.33537 0.33485 0.32977 ( 1)  2.464 +-  2.961
  97 Y   0.33534 0.33483 0.32983 ( 1)  2.465 +-  2.961
  98 P   0.33535 0.33483 0.32982 ( 1)  2.465 +-  2.961
  99 D   0.33538 0.33486 0.32976 ( 1)  2.464 +-  2.961
 100 D   0.33538 0.33486 0.32976 ( 1)  2.464 +-  2.961
 101 I   0.33534 0.33483 0.32983 ( 1)  2.465 +-  2.961
 102 D   0.33536 0.33484 0.32980 ( 1)  2.465 +-  2.961
 103 S   0.33535 0.33484 0.32981 ( 1)  2.465 +-  2.961
 104 L   0.33536 0.33484 0.32980 ( 1)  2.465 +-  2.961
 105 N   0.33539 0.33487 0.32974 ( 1)  2.464 +-  2.961
 106 S   0.33535 0.33484 0.32981 ( 1)  2.465 +-  2.961
 107 C   0.33534 0.33483 0.32983 ( 1)  2.465 +-  2.961
 108 G   0.33534 0.33483 0.32984 ( 1)  2.465 +-  2.961
 109 L   0.33535 0.33484 0.32981 ( 1)  2.465 +-  2.961
 110 H   0.33539 0.33487 0.32974 ( 1)  2.464 +-  2.961
 111 F   0.33534 0.33483 0.32983 ( 1)  2.465 +-  2.961
 112 I   0.33536 0.33485 0.32979 ( 1)  2.465 +-  2.961
 113 S   0.33533 0.33482 0.32985 ( 1)  2.465 +-  2.961
 114 E   0.33537 0.33485 0.32977 ( 1)  2.464 +-  2.961
 115 N   0.33539 0.33487 0.32974 ( 1)  2.464 +-  2.961
 116 P   0.33535 0.33484 0.32981 ( 1)  2.465 +-  2.961
 117 Q   0.33539 0.33487 0.32975 ( 1)  2.464 +-  2.961
 118 Q   0.33536 0.33484 0.32980 ( 1)  2.465 +-  2.961
 119 L   0.33536 0.33484 0.32980 ( 1)  2.465 +-  2.961
 120 E   0.33537 0.33485 0.32977 ( 1)  2.464 +-  2.961
 121 S   0.33534 0.33483 0.32982 ( 1)  2.465 +-  2.961
 122 R   0.33533 0.33482 0.32984 ( 1)  2.465 +-  2.961
 123 S   0.33535 0.33484 0.32981 ( 1)  2.465 +-  2.961
 124 C   0.33534 0.33483 0.32983 ( 1)  2.465 +-  2.961
 125 N   0.33539 0.33487 0.32974 ( 1)  2.464 +-  2.961
 126 L   0.33534 0.33483 0.32984 ( 1)  2.465 +-  2.961
 127 S   0.33535 0.33484 0.32981 ( 1)  2.465 +-  2.961
 128 V   0.33535 0.33484 0.32981 ( 1)  2.465 +-  2.961
 129 V   0.33535 0.33484 0.32981 ( 1)  2.465 +-  2.961
 130 D   0.33538 0.33486 0.32976 ( 1)  2.464 +-  2.961
 131 A   0.33535 0.33484 0.32981 ( 1)  2.465 +-  2.961
 132 K   0.33536 0.33485 0.32979 ( 1)  2.465 +-  2.961
 133 N   0.33539 0.33487 0.32974 ( 1)  2.464 +-  2.961
 134 K   0.33538 0.33486 0.32975 ( 1)  2.464 +-  2.961
 135 E   0.33536 0.33484 0.32980 ( 1)  2.465 +-  2.961
 136 F   0.33536 0.33484 0.32980 ( 1)  2.465 +-  2.961
 137 H   0.33539 0.33487 0.32974 ( 1)  2.464 +-  2.961
 138 Q   0.33539 0.33487 0.32975 ( 1)  2.464 +-  2.961
 139 A   0.33535 0.33483 0.32982 ( 1)  2.465 +-  2.961
 140 I   0.33534 0.33483 0.32983 ( 1)  2.465 +-  2.961
 141 L   0.33534 0.33483 0.32984 ( 1)  2.465 +-  2.961
 142 V   0.33534 0.33483 0.32984 ( 1)  2.465 +-  2.961
 143 E   0.33537 0.33485 0.32977 ( 1)  2.464 +-  2.961
 144 N   0.33539 0.33487 0.32974 ( 1)  2.464 +-  2.961
 145 D   0.33538 0.33486 0.32976 ( 1)  2.464 +-  2.961
 146 R   0.33534 0.33483 0.32982 ( 1)  2.465 +-  2.961

Positively selected sites

	Prob(w>1)  mean w


