Supplemental results for CODEML (seqf: algn  treef: tree)


dN/dS (w) for site classes (K=9)

p:   0.12500  0.12500  0.12500  0.12500  0.12500  0.12500  0.12500  0.12500  0.00001
w:   0.19423  0.21645  0.23073  0.24295  0.25480  0.26756  0.28324  0.30943  1.00000

Naive Empirical Bayes (NEB) probabilities for 9 classes & postmean_w
(amino acids refer to 1st sequence: Mlig.2472)

   1 N   0.12545 0.12527 0.12515 0.12505 0.12496 0.12486 0.12473 0.12452 0.00001 ( 1)  0.250
   2 A   0.12507 0.12504 0.12502 0.12501 0.12499 0.12497 0.12495 0.12492 0.00001 ( 1)  0.250
   3 M   0.12536 0.12522 0.12512 0.12504 0.12497 0.12488 0.12478 0.12461 0.00001 ( 1)  0.250
   4 A   0.12513 0.12508 0.12504 0.12502 0.12499 0.12496 0.12492 0.12486 0.00001 ( 1)  0.250
   5 K   0.12510 0.12506 0.12503 0.12501 0.12499 0.12497 0.12494 0.12489 0.00001 ( 1)  0.250
   6 L   0.12509 0.12505 0.12503 0.12501 0.12499 0.12497 0.12495 0.12490 0.00001 ( 1)  0.250
   7 A   0.12549 0.12530 0.12517 0.12506 0.12496 0.12484 0.12470 0.12447 0.00001 ( 1)  0.250
   8 A   0.12549 0.12530 0.12517 0.12506 0.12496 0.12484 0.12470 0.12447 0.00001 ( 1)  0.250
   9 N   0.12514 0.12508 0.12505 0.12502 0.12499 0.12495 0.12492 0.12485 0.00001 ( 1)  0.250
  10 E   0.12533 0.12520 0.12511 0.12504 0.12497 0.12490 0.12480 0.12465 0.00001 ( 1)  0.250
  11 S   0.12506 0.12504 0.12502 0.12501 0.12499 0.12498 0.12496 0.12493 0.00001 ( 1)  0.250
  12 L   0.12514 0.12508 0.12505 0.12502 0.12499 0.12495 0.12491 0.12485 0.00001 ( 1)  0.250
  13 E   0.12512 0.12507 0.12504 0.12501 0.12499 0.12496 0.12493 0.12487 0.00001 ( 1)  0.250
  14 S   0.12550 0.12530 0.12517 0.12506 0.12495 0.12484 0.12470 0.12447 0.00001 ( 1)  0.250
  15 Q   0.12530 0.12518 0.12510 0.12504 0.12497 0.12490 0.12482 0.12468 0.00001 ( 1)  0.250
  16 S   0.12546 0.12527 0.12516 0.12506 0.12496 0.12485 0.12472 0.12451 0.00001 ( 1)  0.250
  17 K   0.12529 0.12517 0.12510 0.12503 0.12497 0.12491 0.12483 0.12469 0.00001 ( 1)  0.250
  18 S   0.12506 0.12504 0.12502 0.12501 0.12499 0.12498 0.12496 0.12493 0.00001 ( 1)  0.250
  19 K   0.12519 0.12511 0.12506 0.12502 0.12498 0.12494 0.12488 0.12479 0.00001 ( 1)  0.250
  20 T   0.12512 0.12507 0.12504 0.12501 0.12499 0.12496 0.12492 0.12487 0.00001 ( 1)  0.250
  21 S   0.12546 0.12527 0.12516 0.12506 0.12496 0.12485 0.12472 0.12451 0.00001 ( 1)  0.250
  22 A   0.12507 0.12504 0.12502 0.12501 0.12499 0.12497 0.12495 0.12492 0.00001 ( 1)  0.250
  23 N   0.12514 0.12508 0.12505 0.12502 0.12499 0.12495 0.12492 0.12485 0.00001 ( 1)  0.250
  24 L   0.12553 0.12532 0.12518 0.12506 0.12495 0.12483 0.12468 0.12444 0.00001 ( 1)  0.250
  25 T   0.12512 0.12507 0.12504 0.12501 0.12499 0.12496 0.12492 0.12487 0.00001 ( 1)  0.250
  26 N   0.12545 0.12527 0.12515 0.12505 0.12496 0.12486 0.12473 0.12452 0.00001 ( 1)  0.250
  27 A   0.12549 0.12530 0.12517 0.12506 0.12496 0.12484 0.12470 0.12447 0.00001 ( 1)  0.250
  28 W   0.12527 0.12516 0.12509 0.12503 0.12498 0.12491 0.12484 0.12471 0.00001 ( 1)  0.250
  29 R   0.12549 0.12529 0.12517 0.12506 0.12496 0.12484 0.12470 0.12447 0.00001 ( 1)  0.250
  30 E   0.12533 0.12520 0.12511 0.12504 0.12497 0.12490 0.12480 0.12465 0.00001 ( 1)  0.250
  31 H   0.12553 0.12532 0.12518 0.12506 0.12495 0.12483 0.12468 0.12443 0.00001 ( 1)  0.250
  32 M   0.12536 0.12522 0.12512 0.12504 0.12497 0.12488 0.12478 0.12461 0.00001 ( 1)  0.250
  33 Q   0.12530 0.12518 0.12510 0.12504 0.12497 0.12490 0.12482 0.12468 0.00001 ( 1)  0.250
  34 S   0.12546 0.12527 0.12516 0.12506 0.12496 0.12485 0.12472 0.12451 0.00001 ( 1)  0.250
  35 R   0.12549 0.12529 0.12517 0.12506 0.12496 0.12484 0.12470 0.12447 0.00001 ( 1)  0.250
  36 S   0.12546 0.12527 0.12516 0.12506 0.12496 0.12485 0.12472 0.12451 0.00001 ( 1)  0.250
  37 F   0.12553 0.12532 0.12518 0.12506 0.12495 0.12483 0.12468 0.12443 0.00001 ( 1)  0.250
  38 T   0.12547 0.12528 0.12516 0.12506 0.12496 0.12485 0.12472 0.12450 0.00001 ( 1)  0.250
  39 T   0.12547 0.12528 0.12516 0.12506 0.12496 0.12485 0.12472 0.12450 0.00001 ( 1)  0.250
  40 E   0.12533 0.12520 0.12511 0.12504 0.12497 0.12490 0.12480 0.12465 0.00001 ( 1)  0.250
  41 P   0.12533 0.12520 0.12511 0.12504 0.12497 0.12489 0.12480 0.12464 0.00001 ( 1)  0.250
  42 H   0.12517 0.12510 0.12506 0.12502 0.12498 0.12494 0.12490 0.12482 0.00001 ( 1)  0.250
  43 H   0.12553 0.12532 0.12518 0.12506 0.12495 0.12483 0.12468 0.12443 0.00001 ( 1)  0.250
  44 L   0.12525 0.12515 0.12508 0.12503 0.12498 0.12492 0.12485 0.12473 0.00001 ( 1)  0.250
  45 H   0.12553 0.12532 0.12518 0.12506 0.12495 0.12483 0.12468 0.12443 0.00001 ( 1)  0.250
  46 R   0.12528 0.12517 0.12510 0.12503 0.12497 0.12491 0.12483 0.12470 0.00001 ( 1)  0.250
  47 L   0.12514 0.12508 0.12505 0.12502 0.12499 0.12495 0.12491 0.12485 0.00001 ( 1)  0.250
  48 G   0.12546 0.12528 0.12516 0.12506 0.12496 0.12485 0.12472 0.12451 0.00001 ( 1)  0.250
  49 I   0.12549 0.12529 0.12517 0.12506 0.12496 0.12484 0.12470 0.12447 0.00001 ( 1)  0.250
  50 L   0.12522 0.12513 0.12508 0.12503 0.12498 0.12493 0.12486 0.12476 0.00001 ( 1)  0.250
  51 A   0.12549 0.12530 0.12517 0.12506 0.12496 0.12484 0.12470 0.12447 0.00001 ( 1)  0.250
  52 Y   0.12545 0.12527 0.12515 0.12506 0.12496 0.12485 0.12473 0.12451 0.00001 ( 1)  0.250
  53 F   0.12553 0.12532 0.12518 0.12506 0.12495 0.12483 0.12468 0.12443 0.00001 ( 1)  0.250
  54 Y   0.12545 0.12527 0.12515 0.12506 0.12496 0.12485 0.12473 0.12451 0.00001 ( 1)  0.250
  55 C   0.12548 0.12529 0.12517 0.12506 0.12496 0.12484 0.12471 0.12448 0.00001 ( 1)  0.250
  56 L   0.12553 0.12532 0.12518 0.12506 0.12495 0.12483 0.12468 0.12444 0.00001 ( 1)  0.250
  57 L   0.12514 0.12508 0.12505 0.12502 0.12499 0.12495 0.12491 0.12485 0.00001 ( 1)  0.250
  58 A   0.12549 0.12530 0.12517 0.12506 0.12496 0.12484 0.12470 0.12447 0.00001 ( 1)  0.250
  59 T   0.12547 0.12528 0.12516 0.12506 0.12496 0.12485 0.12472 0.12450 0.00001 ( 1)  0.250
  60 P   0.12533 0.12520 0.12511 0.12504 0.12497 0.12489 0.12480 0.12464 0.00001 ( 1)  0.250
  61 A   0.12549 0.12530 0.12517 0.12506 0.12496 0.12484 0.12470 0.12447 0.00001 ( 1)  0.250
  62 L   0.12553 0.12532 0.12518 0.12506 0.12495 0.12483 0.12468 0.12444 0.00001 ( 1)  0.250
  63 F   0.12553 0.12532 0.12518 0.12506 0.12495 0.12483 0.12468 0.12443 0.00001 ( 1)  0.250
  64 L   0.12509 0.12505 0.12503 0.12501 0.12499 0.12497 0.12495 0.12490 0.00001 ( 1)  0.250
  65 T   0.12547 0.12528 0.12516 0.12506 0.12496 0.12485 0.12472 0.12450 0.00001 ( 1)  0.250
  66 R   0.12549 0.12529 0.12517 0.12506 0.12496 0.12484 0.12470 0.12447 0.00001 ( 1)  0.250
  67 V   0.12531 0.12519 0.12511 0.12504 0.12497 0.12490 0.12481 0.12466 0.00001 ( 1)  0.250
  68 L   0.12525 0.12515 0.12508 0.12503 0.12498 0.12492 0.12485 0.12473 0.00001 ( 1)  0.250
  69 P   0.12533 0.12520 0.12511 0.12504 0.12497 0.12489 0.12480 0.12464 0.00001 ( 1)  0.250
  70 Q   0.12512 0.12507 0.12504 0.12501 0.12499 0.12496 0.12493 0.12487 0.00001 ( 1)  0.250
  71 L   0.12553 0.12532 0.12518 0.12506 0.12495 0.12483 0.12468 0.12444 0.00001 ( 1)  0.250
  72 S   0.12506 0.12504 0.12502 0.12501 0.12499 0.12498 0.12496 0.12493 0.00001 ( 1)  0.250
  73 P   0.12508 0.12505 0.12503 0.12501 0.12499 0.12497 0.12495 0.12491 0.00001 ( 1)  0.250
  74 A   0.12513 0.12508 0.12504 0.12502 0.12499 0.12496 0.12492 0.12486 0.00001 ( 1)  0.250
  75 D   0.12549 0.12530 0.12517 0.12506 0.12495 0.12484 0.12470 0.12447 0.00001 ( 1)  0.250
  76 S   0.12546 0.12527 0.12516 0.12506 0.12496 0.12485 0.12472 0.12451 0.00001 ( 1)  0.250
  77 G   0.12512 0.12507 0.12504 0.12501 0.12499 0.12496 0.12493 0.12487 0.00001 ( 1)  0.250
  78 W   0.12527 0.12516 0.12509 0.12503 0.12498 0.12491 0.12484 0.12471 0.00001 ( 1)  0.250
  79 W   0.12527 0.12516 0.12509 0.12503 0.12498 0.12491 0.12484 0.12471 0.00001 ( 1)  0.250
  80 A   0.12549 0.12530 0.12517 0.12506 0.12496 0.12484 0.12470 0.12447 0.00001 ( 1)  0.250
  81 A   0.12549 0.12530 0.12517 0.12506 0.12496 0.12484 0.12470 0.12447 0.00001 ( 1)  0.250
  82 G   0.09741 0.10844 0.11552 0.12157 0.12744 0.13374 0.14147 0.15437 0.00004 ( 8)  0.255
  83 L   0.12522 0.12513 0.12508 0.12503 0.12498 0.12493 0.12486 0.12476 0.00001 ( 1)  0.250
  84 A   0.12549 0.12530 0.12517 0.12506 0.12496 0.12484 0.12470 0.12447 0.00001 ( 1)  0.250
  85 T   0.12512 0.12507 0.12504 0.12501 0.12499 0.12496 0.12492 0.12487 0.00001 ( 1)  0.250
  86 A   0.12549 0.12530 0.12517 0.12506 0.12496 0.12484 0.12470 0.12447 0.00001 ( 1)  0.250
  87 F   0.12553 0.12532 0.12518 0.12506 0.12495 0.12483 0.12468 0.12443 0.00001 ( 1)  0.250
  88 L   0.12525 0.12515 0.12508 0.12503 0.12498 0.12492 0.12485 0.12473 0.00001 ( 1)  0.250
  89 V   0.12531 0.12519 0.12511 0.12504 0.12497 0.12490 0.12481 0.12466 0.00001 ( 1)  0.250
  90 A   0.12531 0.12519 0.12511 0.12504 0.12497 0.12490 0.12481 0.12466 0.00001 ( 1)  0.250
  91 E   0.12533 0.12520 0.12511 0.12504 0.12497 0.12490 0.12480 0.12465 0.00001 ( 1)  0.250
  92 N   0.12514 0.12508 0.12505 0.12502 0.12499 0.12495 0.12492 0.12485 0.00001 ( 1)  0.250
  93 F   0.12517 0.12510 0.12506 0.12502 0.12498 0.12495 0.12490 0.12482 0.00001 ( 1)  0.250
  94 L   0.12553 0.12532 0.12518 0.12506 0.12495 0.12483 0.12468 0.12444 0.00001 ( 1)  0.250
  95 N   0.12545 0.12527 0.12515 0.12505 0.12496 0.12486 0.12473 0.12452 0.00001 ( 1)  0.250
  96 Y   0.12512 0.12507 0.12504 0.12501 0.12499 0.12496 0.12493 0.12487 0.00001 ( 1)  0.250
  97 R   0.12517 0.12510 0.12506 0.12502 0.12498 0.12494 0.12490 0.12482 0.00001 ( 1)  0.250
  98 A   0.12549 0.12530 0.12517 0.12506 0.12496 0.12484 0.12470 0.12447 0.00001 ( 1)  0.250
  99 C   0.12548 0.12529 0.12517 0.12506 0.12496 0.12484 0.12471 0.12448 0.00001 ( 1)  0.250
 100 I   0.12515 0.12509 0.12505 0.12502 0.12499 0.12495 0.12491 0.12484 0.00001 ( 1)  0.250
 101 I   0.12515 0.12509 0.12505 0.12502 0.12499 0.12495 0.12491 0.12484 0.00001 ( 1)  0.250
 102 G   0.12529 0.12517 0.12510 0.12504 0.12497 0.12491 0.12482 0.12469 0.00001 ( 1)  0.250
 103 H   0.12517 0.12510 0.12506 0.12502 0.12498 0.12494 0.12490 0.12482 0.00001 ( 1)  0.250
 104 H   0.12553 0.12532 0.12518 0.12506 0.12495 0.12483 0.12468 0.12443 0.00001 ( 1)  0.250
 105 E   0.12533 0.12520 0.12511 0.12504 0.12497 0.12490 0.12480 0.12465 0.00001 ( 1)  0.250
 106 H   0.12553 0.12532 0.12518 0.12506 0.12495 0.12483 0.12468 0.12443 0.00001 ( 1)  0.250
 107 N   0.12514 0.12508 0.12505 0.12502 0.12499 0.12495 0.12492 0.12485 0.00001 ( 1)  0.250
 108 V   0.12531 0.12519 0.12511 0.12504 0.12497 0.12490 0.12481 0.12466 0.00001 ( 1)  0.250
 109 V   0.12531 0.12519 0.12511 0.12504 0.12497 0.12490 0.12481 0.12466 0.00001 ( 1)  0.250
 110 H   0.12553 0.12532 0.12518 0.12506 0.12495 0.12483 0.12468 0.12443 0.00001 ( 1)  0.250
 111 C   0.12548 0.12529 0.12517 0.12506 0.12496 0.12484 0.12471 0.12448 0.00001 ( 1)  0.250
 112 F   0.12553 0.12532 0.12518 0.12506 0.12495 0.12483 0.12468 0.12443 0.00001 ( 1)  0.250
 113 H   0.12553 0.12532 0.12518 0.12506 0.12495 0.12483 0.12468 0.12443 0.00001 ( 1)  0.250
 114 C   0.12548 0.12529 0.12517 0.12506 0.12496 0.12484 0.12471 0.12448 0.00001 ( 1)  0.250
 115 Q   0.12530 0.12518 0.12510 0.12504 0.12497 0.12490 0.12482 0.12468 0.00001 ( 1)  0.250
 116 R   0.12529 0.12517 0.12510 0.12504 0.12497 0.12491 0.12482 0.12469 0.00001 ( 1)  0.250
 117 T   0.12547 0.12528 0.12516 0.12506 0.12496 0.12485 0.12472 0.12450 0.00001 ( 1)  0.250
 118 S   0.12546 0.12527 0.12516 0.12506 0.12496 0.12485 0.12472 0.12451 0.00001 ( 1)  0.250
 119 P   0.12553 0.12532 0.12518 0.12506 0.12495 0.12483 0.12468 0.12444 0.00001 ( 1)  0.250
 120 A   0.12549 0.12530 0.12517 0.12506 0.12496 0.12484 0.12470 0.12447 0.00001 ( 1)  0.250
 121 V   0.12549 0.12530 0.12517 0.12506 0.12495 0.12484 0.12470 0.12447 0.00001 ( 1)  0.250
 122 L   0.12525 0.12515 0.12508 0.12503 0.12498 0.12492 0.12485 0.12473 0.00001 ( 1)  0.250
 123 A   0.12549 0.12530 0.12517 0.12506 0.12496 0.12484 0.12470 0.12447 0.00001 ( 1)  0.250
 124 W   0.12527 0.12516 0.12509 0.12503 0.12498 0.12491 0.12484 0.12471 0.00001 ( 1)  0.250
 125 Q   0.12530 0.12518 0.12510 0.12504 0.12497 0.12490 0.12482 0.12468 0.00001 ( 1)  0.250
 126 A   0.09722 0.10832 0.11544 0.12153 0.12744 0.13379 0.14160 0.15463 0.00004 ( 8)  0.255
 127 G   0.12529 0.12517 0.12510 0.12504 0.12497 0.12491 0.12482 0.12469 0.00001 ( 1)  0.250
 128 G   0.12546 0.12528 0.12516 0.12506 0.12496 0.12485 0.12472 0.12451 0.00001 ( 1)  0.250
 129 D   0.12549 0.12530 0.12517 0.12506 0.12495 0.12484 0.12470 0.12447 0.00001 ( 1)  0.250
 130 R   0.12519 0.12511 0.12506 0.12502 0.12498 0.12494 0.12489 0.12480 0.00001 ( 1)  0.250
 131 H   0.09756 0.10855 0.11559 0.12161 0.12744 0.13369 0.14137 0.15415 0.00004 ( 8)  0.255
 132 Q   0.12530 0.12518 0.12510 0.12504 0.12497 0.12490 0.12482 0.12468 0.00001 ( 1)  0.250
 133 R   0.12509 0.12506 0.12503 0.12501 0.12499 0.12497 0.12494 0.12490 0.00001 ( 1)  0.250
 134 C   0.12548 0.12529 0.12517 0.12506 0.12496 0.12484 0.12471 0.12448 0.00001 ( 1)  0.250
 135 L   0.12553 0.12532 0.12518 0.12506 0.12495 0.12483 0.12468 0.12444 0.00001 ( 1)  0.250
 136 A   0.12549 0.12530 0.12517 0.12506 0.12496 0.12484 0.12470 0.12447 0.00001 ( 1)  0.250
 137 C   0.12548 0.12529 0.12517 0.12506 0.12496 0.12484 0.12471 0.12448 0.00001 ( 1)  0.250
 138 Q   0.12530 0.12518 0.12510 0.12504 0.12497 0.12490 0.12482 0.12468 0.00001 ( 1)  0.250
 139 T   0.12529 0.12518 0.12510 0.12504 0.12497 0.12490 0.12482 0.12468 0.00001 ( 1)  0.250
 140 E   0.12533 0.12520 0.12511 0.12504 0.12497 0.12490 0.12480 0.12465 0.00001 ( 1)  0.250
 141 S   0.12529 0.12517 0.12510 0.12504 0.12497 0.12491 0.12482 0.12469 0.00001 ( 1)  0.250
 142 P   0.12533 0.12520 0.12511 0.12504 0.12497 0.12489 0.12480 0.12464 0.00001 ( 1)  0.250
 143 P   0.12533 0.12520 0.12511 0.12504 0.12497 0.12489 0.12480 0.12464 0.00001 ( 1)  0.250
 144 R   0.12505 0.12503 0.12502 0.12501 0.12499 0.12498 0.12497 0.12494 0.00001 ( 1)  0.250
 145 S   0.12550 0.12530 0.12517 0.12506 0.12495 0.12484 0.12470 0.12447 0.00001 ( 1)  0.250
 146 E   0.12533 0.12520 0.12511 0.12504 0.12497 0.12490 0.12480 0.12465 0.00001 ( 1)  0.250
 147 H   0.12553 0.12532 0.12518 0.12506 0.12495 0.12483 0.12468 0.12443 0.00001 ( 1)  0.250
 148 C   0.12548 0.12529 0.12517 0.12506 0.12496 0.12484 0.12471 0.12448 0.00001 ( 1)  0.250
 149 R   0.12549 0.12529 0.12517 0.12506 0.12496 0.12484 0.12470 0.12447 0.00001 ( 1)  0.250
 150 L   0.12525 0.12515 0.12508 0.12503 0.12498 0.12492 0.12485 0.12473 0.00001 ( 1)  0.250
 151 C   0.12548 0.12529 0.12517 0.12506 0.12496 0.12484 0.12471 0.12448 0.00001 ( 1)  0.250
 152 N   0.12545 0.12527 0.12515 0.12505 0.12496 0.12486 0.12473 0.12452 0.00001 ( 1)  0.250
 153 L   0.12525 0.12515 0.12508 0.12503 0.12498 0.12492 0.12485 0.12473 0.00001 ( 1)  0.250
 154 C   0.12548 0.12529 0.12517 0.12506 0.12496 0.12484 0.12471 0.12448 0.00001 ( 1)  0.250
 155 V   0.12549 0.12530 0.12517 0.12506 0.12495 0.12484 0.12470 0.12447 0.00001 ( 1)  0.250
 156 M   0.12536 0.12522 0.12512 0.12504 0.12497 0.12488 0.12478 0.12461 0.00001 ( 1)  0.250
 157 R   0.12528 0.12517 0.12510 0.12503 0.12497 0.12491 0.12483 0.12470 0.00001 ( 1)  0.250
 158 R   0.12549 0.12529 0.12517 0.12506 0.12496 0.12484 0.12470 0.12447 0.00001 ( 1)  0.250
 159 H   0.12553 0.12532 0.12518 0.12506 0.12495 0.12483 0.12468 0.12443 0.00001 ( 1)  0.250
 160 F   0.12517 0.12510 0.12506 0.12502 0.12498 0.12495 0.12490 0.12482 0.00001 ( 1)  0.250
 161 H   0.12553 0.12532 0.12518 0.12506 0.12495 0.12483 0.12468 0.12443 0.00001 ( 1)  0.250
 162 C   0.12548 0.12529 0.12517 0.12506 0.12496 0.12484 0.12471 0.12448 0.00001 ( 1)  0.250
 163 Y   0.12545 0.12527 0.12515 0.12506 0.12496 0.12485 0.12473 0.12451 0.00001 ( 1)  0.250
 164 L   0.12525 0.12515 0.12508 0.12503 0.12498 0.12492 0.12485 0.12473 0.00001 ( 1)  0.250
 165 L   0.12553 0.12532 0.12518 0.12506 0.12495 0.12483 0.12468 0.12444 0.00001 ( 1)  0.250
 166 C   0.12548 0.12529 0.12517 0.12506 0.12496 0.12484 0.12471 0.12448 0.00001 ( 1)  0.250
 167 C   0.12548 0.12529 0.12517 0.12506 0.12496 0.12484 0.12471 0.12448 0.00001 ( 1)  0.250
 168 C   0.12548 0.12529 0.12517 0.12506 0.12496 0.12484 0.12471 0.12448 0.00001 ( 1)  0.250
 169 I   0.12549 0.12529 0.12517 0.12506 0.12496 0.12484 0.12470 0.12447 0.00001 ( 1)  0.250
 170 G   0.12529 0.12517 0.12510 0.12504 0.12497 0.12491 0.12482 0.12469 0.00001 ( 1)  0.250
 171 H   0.12553 0.12532 0.12518 0.12506 0.12495 0.12483 0.12468 0.12443 0.00001 ( 1)  0.250
 172 R   0.12529 0.12517 0.12510 0.12504 0.12497 0.12491 0.12482 0.12469 0.00001 ( 1)  0.250
 173 T   0.12512 0.12507 0.12504 0.12501 0.12499 0.12496 0.12492 0.12487 0.00001 ( 1)  0.250
 174 H   0.12553 0.12532 0.12518 0.12506 0.12495 0.12483 0.12468 0.12443 0.00001 ( 1)  0.250
 175 G   0.12546 0.12528 0.12516 0.12506 0.12496 0.12485 0.12472 0.12451 0.00001 ( 1)  0.250
 176 H   0.12553 0.12532 0.12518 0.12506 0.12495 0.12483 0.12468 0.12443 0.00001 ( 1)  0.250
 177 F   0.12553 0.12532 0.12518 0.12506 0.12495 0.12483 0.12468 0.12443 0.00001 ( 1)  0.250
 178 L   0.12514 0.12508 0.12505 0.12502 0.12499 0.12495 0.12491 0.12485 0.00001 ( 1)  0.250
 179 A   0.12531 0.12519 0.12511 0.12504 0.12497 0.12490 0.12481 0.12466 0.00001 ( 1)  0.250
 180 L   0.12506 0.12503 0.12502 0.12501 0.12499 0.12498 0.12496 0.12494 0.00001 ( 1)  0.250
 181 C   0.12548 0.12529 0.12517 0.12506 0.12496 0.12484 0.12471 0.12448 0.00001 ( 1)  0.250
 182 L   0.12525 0.12515 0.12508 0.12503 0.12498 0.12492 0.12485 0.12473 0.00001 ( 1)  0.250
 183 Y   0.12545 0.12527 0.12515 0.12506 0.12496 0.12485 0.12473 0.12451 0.00001 ( 1)  0.250
 184 S   0.12546 0.12527 0.12516 0.12506 0.12496 0.12485 0.12472 0.12451 0.00001 ( 1)  0.250
 185 T   0.12547 0.12528 0.12516 0.12506 0.12496 0.12485 0.12472 0.12450 0.00001 ( 1)  0.250
 186 V   0.12549 0.12530 0.12517 0.12506 0.12495 0.12484 0.12470 0.12447 0.00001 ( 1)  0.250
 187 G   0.12546 0.12528 0.12516 0.12506 0.12496 0.12485 0.12472 0.12451 0.00001 ( 1)  0.250
 188 L   0.12525 0.12515 0.12508 0.12503 0.12498 0.12492 0.12485 0.12473 0.00001 ( 1)  0.250
 189 A   0.12531 0.12519 0.12511 0.12504 0.12497 0.12490 0.12481 0.12466 0.00001 ( 1)  0.250
 190 T   0.12547 0.12528 0.12516 0.12506 0.12496 0.12485 0.12472 0.12450 0.00001 ( 1)  0.250
 191 S   0.12546 0.12527 0.12516 0.12506 0.12496 0.12485 0.12472 0.12451 0.00001 ( 1)  0.250
 192 S   0.12529 0.12517 0.12510 0.12504 0.12497 0.12491 0.12482 0.12469 0.00001 ( 1)  0.250
 193 L   0.12525 0.12515 0.12508 0.12503 0.12498 0.12492 0.12485 0.12473 0.00001 ( 1)  0.250
 194 A   0.12549 0.12530 0.12517 0.12506 0.12496 0.12484 0.12470 0.12447 0.00001 ( 1)  0.250
 195 F   0.12553 0.12532 0.12518 0.12506 0.12495 0.12483 0.12468 0.12443 0.00001 ( 1)  0.250
 196 A   0.12549 0.12530 0.12517 0.12506 0.12496 0.12484 0.12470 0.12447 0.00001 ( 1)  0.250
 197 I   0.12549 0.12529 0.12517 0.12506 0.12496 0.12484 0.12470 0.12447 0.00001 ( 1)  0.250
 198 Y   0.12545 0.12527 0.12515 0.12506 0.12496 0.12485 0.12473 0.12451 0.00001 ( 1)  0.250
 199 A   0.12549 0.12530 0.12517 0.12506 0.12496 0.12484 0.12470 0.12447 0.00001 ( 1)  0.250
 200 F   0.09744 0.10847 0.11554 0.12158 0.12744 0.13373 0.14145 0.15432 0.00004 ( 8)  0.255
 201 D   0.12516 0.12509 0.12505 0.12502 0.12498 0.12495 0.12490 0.12483 0.00001 ( 1)  0.250
 202 V   0.12513 0.12508 0.12504 0.12502 0.12499 0.12496 0.12492 0.12486 0.00001 ( 1)  0.250
 203 G   0.12546 0.12528 0.12516 0.12506 0.12496 0.12485 0.12472 0.12451 0.00001 ( 1)  0.250
 204 G   0.12546 0.12528 0.12516 0.12506 0.12496 0.12485 0.12472 0.12451 0.00001 ( 1)  0.250
 205 G   0.12546 0.12528 0.12516 0.12506 0.12496 0.12485 0.12472 0.12451 0.00001 ( 1)  0.250
 206 W   0.12527 0.12516 0.12509 0.12503 0.12498 0.12491 0.12484 0.12471 0.00001 ( 1)  0.250
 207 S   0.12550 0.12530 0.12517 0.12506 0.12495 0.12484 0.12470 0.12447 0.00001 ( 1)  0.250
 208 G   0.12546 0.12528 0.12516 0.12506 0.12496 0.12485 0.12472 0.12451 0.00001 ( 1)  0.250
 209 L   0.12525 0.12515 0.12508 0.12503 0.12498 0.12492 0.12485 0.12473 0.00001 ( 1)  0.250
 210 L   0.12523 0.12514 0.12508 0.12503 0.12498 0.12493 0.12486 0.12475 0.00001 ( 1)  0.250
 211 L   0.12525 0.12515 0.12508 0.12503 0.12498 0.12492 0.12485 0.12473 0.00001 ( 1)  0.250
 212 P   0.12533 0.12520 0.12511 0.12504 0.12497 0.12489 0.12480 0.12464 0.00001 ( 1)  0.250
 213 A   0.12531 0.12519 0.12511 0.12504 0.12497 0.12490 0.12481 0.12466 0.00001 ( 1)  0.250
 214 A   0.12549 0.12530 0.12517 0.12506 0.12496 0.12484 0.12470 0.12447 0.00001 ( 1)  0.250
 215 A   0.12513 0.12508 0.12504 0.12502 0.12499 0.12496 0.12492 0.12486 0.00001 ( 1)  0.250
 216 L   0.12553 0.12532 0.12518 0.12506 0.12495 0.12483 0.12468 0.12444 0.00001 ( 1)  0.250
 217 R   0.12529 0.12517 0.12510 0.12504 0.12497 0.12491 0.12482 0.12469 0.00001 ( 1)  0.250
 218 F   0.12553 0.12532 0.12518 0.12506 0.12495 0.12483 0.12468 0.12443 0.00001 ( 1)  0.250
 219 A   0.12549 0.12530 0.12517 0.12506 0.12496 0.12484 0.12470 0.12447 0.00001 ( 1)  0.250
 220 A   0.12513 0.12508 0.12504 0.12502 0.12499 0.12496 0.12492 0.12486 0.00001 ( 1)  0.250
 221 G   0.12546 0.12528 0.12516 0.12506 0.12496 0.12485 0.12472 0.12451 0.00001 ( 1)  0.250
 222 S   0.12506 0.12504 0.12502 0.12501 0.12499 0.12498 0.12496 0.12493 0.00001 ( 1)  0.250
 223 A   0.12531 0.12519 0.12511 0.12504 0.12497 0.12490 0.12481 0.12466 0.00001 ( 1)  0.250
 224 P   0.12533 0.12520 0.12511 0.12504 0.12497 0.12489 0.12480 0.12464 0.00001 ( 1)  0.250
 225 A   0.12549 0.12530 0.12517 0.12506 0.12496 0.12484 0.12470 0.12447 0.00001 ( 1)  0.250
 226 A   0.12549 0.12530 0.12517 0.12506 0.12496 0.12484 0.12470 0.12447 0.00001 ( 1)  0.250
 227 L   0.12525 0.12515 0.12508 0.12503 0.12498 0.12492 0.12485 0.12473 0.00001 ( 1)  0.250
 228 P   0.12553 0.12532 0.12518 0.12506 0.12495 0.12483 0.12468 0.12444 0.00001 ( 1)  0.250
 229 A   0.12549 0.12530 0.12517 0.12506 0.12496 0.12484 0.12470 0.12447 0.00001 ( 1)  0.250
 230 A   0.12531 0.12519 0.12511 0.12504 0.12497 0.12490 0.12481 0.12466 0.00001 ( 1)  0.250
 231 V   0.12531 0.12519 0.12511 0.12504 0.12497 0.12490 0.12481 0.12466 0.00001 ( 1)  0.250
 232 F   0.12553 0.12532 0.12518 0.12506 0.12495 0.12483 0.12468 0.12443 0.00001 ( 1)  0.250
 233 S   0.12546 0.12527 0.12516 0.12506 0.12496 0.12485 0.12472 0.12451 0.00001 ( 1)  0.250
 234 L   0.12553 0.12532 0.12518 0.12506 0.12495 0.12483 0.12468 0.12444 0.00001 ( 1)  0.250
 235 Y   0.12545 0.12527 0.12515 0.12506 0.12496 0.12485 0.12473 0.12451 0.00001 ( 1)  0.250
 236 I   0.12549 0.12529 0.12517 0.12506 0.12496 0.12484 0.12470 0.12447 0.00001 ( 1)  0.250
 237 Q   0.12530 0.12518 0.12510 0.12504 0.12497 0.12490 0.12482 0.12468 0.00001 ( 1)  0.250
 238 L   0.12525 0.12515 0.12508 0.12503 0.12498 0.12492 0.12485 0.12473 0.00001 ( 1)  0.250
 239 T   0.12547 0.12528 0.12516 0.12506 0.12496 0.12485 0.12472 0.12450 0.00001 ( 1)  0.250
 240 C   0.12548 0.12529 0.12517 0.12506 0.12496 0.12484 0.12471 0.12448 0.00001 ( 1)  0.250
 241 L   0.12525 0.12515 0.12508 0.12503 0.12498 0.12492 0.12485 0.12473 0.00001 ( 1)  0.250
 242 A   0.12549 0.12530 0.12517 0.12506 0.12496 0.12484 0.12470 0.12447 0.00001 ( 1)  0.250
 243 I   0.12549 0.12529 0.12517 0.12506 0.12496 0.12484 0.12470 0.12447 0.00001 ( 1)  0.250
 244 A   0.12549 0.12530 0.12517 0.12506 0.12496 0.12484 0.12470 0.12447 0.00001 ( 1)  0.250
 245 A   0.12549 0.12530 0.12517 0.12506 0.12496 0.12484 0.12470 0.12447 0.00001 ( 1)  0.250
 246 I   0.12549 0.12529 0.12517 0.12506 0.12496 0.12484 0.12470 0.12447 0.00001 ( 1)  0.250
 247 Y   0.12545 0.12527 0.12515 0.12506 0.12496 0.12485 0.12473 0.12451 0.00001 ( 1)  0.250
 248 G   0.12546 0.12528 0.12516 0.12506 0.12496 0.12485 0.12472 0.12451 0.00001 ( 1)  0.250
 249 F   0.12553 0.12532 0.12518 0.12506 0.12495 0.12483 0.12468 0.12443 0.00001 ( 1)  0.250
 250 L   0.12525 0.12515 0.12508 0.12503 0.12498 0.12492 0.12485 0.12473 0.00001 ( 1)  0.250
 251 Q   0.12530 0.12518 0.12510 0.12504 0.12497 0.12490 0.12482 0.12468 0.00001 ( 1)  0.250
 252 L   0.12522 0.12513 0.12508 0.12503 0.12498 0.12493 0.12486 0.12476 0.00001 ( 1)  0.250
 253 Q   0.12530 0.12518 0.12510 0.12504 0.12497 0.12490 0.12482 0.12468 0.00001 ( 1)  0.250
 254 L   0.12525 0.12515 0.12508 0.12503 0.12498 0.12492 0.12485 0.12473 0.00001 ( 1)  0.250
 255 L   0.12525 0.12515 0.12508 0.12503 0.12498 0.12492 0.12485 0.12473 0.00001 ( 1)  0.250
 256 L   0.12522 0.12513 0.12508 0.12503 0.12498 0.12493 0.12486 0.12476 0.00001 ( 1)  0.250
 257 R   0.12549 0.12529 0.12517 0.12506 0.12496 0.12484 0.12470 0.12447 0.00001 ( 1)  0.250
 258 N   0.12514 0.12508 0.12505 0.12502 0.12499 0.12495 0.12492 0.12485 0.00001 ( 1)  0.250
 259 Q   0.12530 0.12518 0.12510 0.12504 0.12497 0.12490 0.12482 0.12468 0.00001 ( 1)  0.250
 260 T   0.12512 0.12507 0.12504 0.12501 0.12499 0.12496 0.12492 0.12487 0.00001 ( 1)  0.250
 261 P   0.12533 0.12520 0.12511 0.12504 0.12497 0.12489 0.12480 0.12464 0.00001 ( 1)  0.250
 262 A   0.12549 0.12530 0.12517 0.12506 0.12496 0.12484 0.12470 0.12447 0.00001 ( 1)  0.250
 263 E   0.12533 0.12520 0.12511 0.12504 0.12497 0.12490 0.12480 0.12465 0.00001 ( 1)  0.250
 264 I   0.12515 0.12509 0.12505 0.12502 0.12499 0.12495 0.12491 0.12484 0.00001 ( 1)  0.250
 265 A   0.12549 0.12530 0.12517 0.12506 0.12496 0.12484 0.12470 0.12447 0.00001 ( 1)  0.250
 266 A   0.12549 0.12530 0.12517 0.12506 0.12496 0.12484 0.12470 0.12447 0.00001 ( 1)  0.250
 267 M   0.12536 0.12522 0.12512 0.12504 0.12497 0.12488 0.12478 0.12461 0.00001 ( 1)  0.250
 268 D   0.12549 0.12530 0.12517 0.12506 0.12495 0.12484 0.12470 0.12447 0.00001 ( 1)  0.250
 269 R   0.12529 0.12517 0.12510 0.12504 0.12497 0.12491 0.12482 0.12469 0.00001 ( 1)  0.250
 270 R   0.12549 0.12529 0.12517 0.12506 0.12496 0.12484 0.12470 0.12447 0.00001 ( 1)  0.250
 271 Y   0.12545 0.12527 0.12515 0.12506 0.12496 0.12485 0.12473 0.12451 0.00001 ( 1)  0.250
 272 R   0.12549 0.12529 0.12517 0.12506 0.12496 0.12484 0.12470 0.12447 0.00001 ( 1)  0.250
 273 L   0.12525 0.12515 0.12508 0.12503 0.12498 0.12492 0.12485 0.12473 0.00001 ( 1)  0.250
 274 D   0.12516 0.12509 0.12505 0.12502 0.12498 0.12495 0.12490 0.12483 0.00001 ( 1)  0.250
 275 S   0.12514 0.12508 0.12505 0.12502 0.12499 0.12495 0.12491 0.12485 0.00001 ( 1)  0.250
 276 C   0.12548 0.12529 0.12517 0.12506 0.12496 0.12484 0.12471 0.12448 0.00001 ( 1)  0.250
 277 Y   0.12512 0.12507 0.12504 0.12501 0.12499 0.12496 0.12493 0.12487 0.00001 ( 1)  0.250
 278 D   0.12549 0.12530 0.12517 0.12506 0.12495 0.12484 0.12470 0.12447 0.00001 ( 1)  0.250
 279 N   0.12545 0.12527 0.12515 0.12505 0.12496 0.12486 0.12473 0.12452 0.00001 ( 1)  0.250
 280 L   0.12525 0.12515 0.12508 0.12503 0.12498 0.12492 0.12485 0.12473 0.00001 ( 1)  0.250
 281 R   0.12549 0.12529 0.12517 0.12506 0.12496 0.12484 0.12470 0.12447 0.00001 ( 1)  0.250
 282 A   0.12513 0.12508 0.12504 0.12502 0.12499 0.12496 0.12492 0.12486 0.00001 ( 1)  0.250
 283 S   0.12529 0.12517 0.12510 0.12504 0.12497 0.12491 0.12482 0.12469 0.00001 ( 1)  0.250
 284 L   0.12514 0.12508 0.12505 0.12502 0.12499 0.12495 0.12491 0.12485 0.00001 ( 1)  0.250
 285 G   0.12546 0.12528 0.12516 0.12506 0.12496 0.12485 0.12472 0.12451 0.00001 ( 1)  0.250
 286 P   0.12533 0.12520 0.12511 0.12504 0.12497 0.12489 0.12480 0.12464 0.00001 ( 1)  0.250
 287 A   0.12513 0.12508 0.12504 0.12502 0.12499 0.12496 0.12492 0.12486 0.00001 ( 1)  0.250
 288 R   0.12529 0.12517 0.12510 0.12504 0.12497 0.12491 0.12482 0.12469 0.00001 ( 1)  0.250
 289 Y   0.12545 0.12527 0.12515 0.12506 0.12496 0.12485 0.12473 0.12451 0.00001 ( 1)  0.250
 290 W   0.12527 0.12516 0.12509 0.12503 0.12498 0.12491 0.12484 0.12471 0.00001 ( 1)  0.250
 291 P   0.12533 0.12520 0.12511 0.12504 0.12497 0.12489 0.12480 0.12464 0.00001 ( 1)  0.250
 292 L   0.12525 0.12515 0.12508 0.12503 0.12498 0.12492 0.12485 0.12473 0.00001 ( 1)  0.250
 293 L   0.12509 0.12505 0.12503 0.12501 0.12499 0.12497 0.12495 0.12490 0.00001 ( 1)  0.250
 294 L   0.12509 0.12505 0.12503 0.12501 0.12499 0.12497 0.12495 0.12490 0.00001 ( 1)  0.250
 295 L   0.12514 0.12508 0.12505 0.12502 0.12499 0.12495 0.12491 0.12485 0.00001 ( 1)  0.250
 296 Y   0.12512 0.12507 0.12504 0.12501 0.12499 0.12496 0.12493 0.12487 0.00001 ( 1)  0.250
 297 P   0.12533 0.12520 0.12511 0.12504 0.12497 0.12489 0.12480 0.12464 0.00001 ( 1)  0.250
 298 I   0.12515 0.12509 0.12505 0.12502 0.12499 0.12495 0.12491 0.12484 0.00001 ( 1)  0.250
 299 R   0.12509 0.12506 0.12503 0.12501 0.12499 0.12497 0.12494 0.12490 0.00001 ( 1)  0.250
 300 I   0.12515 0.12509 0.12505 0.12502 0.12499 0.12495 0.12491 0.12484 0.00001 ( 1)  0.250
 301 E   0.12533 0.12520 0.12511 0.12504 0.12497 0.12490 0.12480 0.12465 0.00001 ( 1)  0.250
 302 P   0.12533 0.12520 0.12511 0.12504 0.12497 0.12489 0.12480 0.12464 0.00001 ( 1)  0.250
 303 D   0.12549 0.12530 0.12517 0.12506 0.12495 0.12484 0.12470 0.12447 0.00001 ( 1)  0.250
 304 S   0.12513 0.12508 0.12504 0.12502 0.12499 0.12496 0.12492 0.12486 0.00001 ( 1)  0.250
 305 D   0.12549 0.12530 0.12517 0.12506 0.12495 0.12484 0.12470 0.12447 0.00001 ( 1)  0.250
 306 G   0.12546 0.12528 0.12516 0.12506 0.12496 0.12485 0.12472 0.12451 0.00001 ( 1)  0.250
 307 C   0.12548 0.12529 0.12517 0.12506 0.12496 0.12484 0.12471 0.12448 0.00001 ( 1)  0.250
 308 N   0.12545 0.12527 0.12515 0.12505 0.12496 0.12486 0.12473 0.12452 0.00001 ( 1)  0.250
 309 W   0.12527 0.12516 0.12509 0.12503 0.12498 0.12491 0.12484 0.12471 0.00001 ( 1)  0.250
 310 R   0.12529 0.12517 0.12510 0.12504 0.12497 0.12491 0.12482 0.12469 0.00001 ( 1)  0.250
 311 L   0.12553 0.12532 0.12518 0.12506 0.12495 0.12483 0.12468 0.12444 0.00001 ( 1)  0.250
 312 R   0.12509 0.12506 0.12503 0.12501 0.12499 0.12497 0.12494 0.12490 0.00001 ( 1)  0.250
 313 S   0.12506 0.12504 0.12502 0.12501 0.12499 0.12498 0.12496 0.12493 0.00001 ( 1)  0.250
 314 K   0.12529 0.12517 0.12510 0.12503 0.12497 0.12491 0.12483 0.12469 0.00001 ( 1)  0.250
 315 R   0.12509 0.12506 0.12503 0.12501 0.12499 0.12497 0.12494 0.12490 0.00001 ( 1)  0.250
 316 S   0.12514 0.12508 0.12505 0.12502 0.12499 0.12495 0.12491 0.12485 0.00001 ( 1)  0.250

Positively selected sites

	Prob(w>1)  mean w



lnL = -1286.294908

Bayes Empirical Bayes (BEB) probabilities for 11 classes (class) & postmean_w
(amino acids refer to 1st sequence: Mlig.2472)

   1 N   0.46991 0.09590 0.07215 0.05989 0.05155 0.04498 0.03929 0.03406 0.02920 0.03203 0.07104 ( 1)  0.423 +-  0.850
   2 A   0.46163 0.09438 0.07132 0.05948 0.05144 0.04509 0.03958 0.03449 0.02971 0.03270 0.08018 ( 1)  0.464 +-  0.969
   3 M   0.46813 0.09557 0.07198 0.05981 0.05154 0.04501 0.03936 0.03417 0.02932 0.03219 0.07293 ( 1)  0.431 +-  0.874
   4 A   0.46296 0.09463 0.07146 0.05955 0.05146 0.04508 0.03954 0.03443 0.02963 0.03260 0.07866 ( 1)  0.457 +-  0.949
   5 K   0.46224 0.09449 0.07139 0.05951 0.05145 0.04509 0.03957 0.03446 0.02967 0.03265 0.07948 ( 1)  0.461 +-  0.960
   6 L   0.46196 0.09445 0.07136 0.05950 0.05145 0.04509 0.03957 0.03447 0.02969 0.03267 0.07979 ( 1)  0.462 +-  0.964
   7 A   0.47071 0.09604 0.07222 0.05992 0.05155 0.04495 0.03924 0.03401 0.02914 0.03195 0.07027 ( 1)  0.419 +-  0.842
   8 A   0.47071 0.09604 0.07222 0.05992 0.05155 0.04495 0.03924 0.03401 0.02914 0.03195 0.07027 ( 1)  0.419 +-  0.842
   9 N   0.46313 0.09466 0.07148 0.05956 0.05147 0.04508 0.03954 0.03442 0.02962 0.03259 0.07845 ( 1)  0.456 +-  0.946
  10 E   0.46729 0.09542 0.07189 0.05977 0.05153 0.04502 0.03939 0.03421 0.02937 0.03226 0.07385 ( 1)  0.435 +-  0.886
  11 S   0.46137 0.09434 0.07130 0.05947 0.05143 0.04510 0.03959 0.03450 0.02972 0.03272 0.08048 ( 1)  0.466 +-  0.973
  12 L   0.46316 0.09466 0.07148 0.05956 0.05147 0.04508 0.03954 0.03442 0.02962 0.03258 0.07843 ( 1)  0.456 +-  0.946
  13 E   0.46276 0.09459 0.07144 0.05954 0.05146 0.04509 0.03955 0.03444 0.02964 0.03262 0.07888 ( 1)  0.458 +-  0.952
  14 S   0.47080 0.09606 0.07223 0.05993 0.05155 0.04495 0.03924 0.03401 0.02914 0.03195 0.07014 ( 1)  0.419 +-  0.839
  15 Q   0.46676 0.09532 0.07184 0.05974 0.05152 0.04503 0.03941 0.03424 0.02941 0.03230 0.07442 ( 1)  0.438 +-  0.894
  16 S   0.47008 0.09593 0.07217 0.05990 0.05155 0.04497 0.03928 0.03405 0.02919 0.03201 0.07086 ( 1)  0.422 +-  0.848
  17 K   0.46647 0.09527 0.07181 0.05973 0.05152 0.04504 0.03942 0.03426 0.02943 0.03233 0.07473 ( 1)  0.439 +-  0.897
  18 S   0.46137 0.09434 0.07130 0.05947 0.05143 0.04510 0.03959 0.03450 0.02972 0.03272 0.08048 ( 1)  0.466 +-  0.973
  19 K   0.46393 0.09480 0.07154 0.05958 0.05145 0.04504 0.03948 0.03435 0.02954 0.03249 0.07781 ( 1)  0.454 +-  0.944
  20 T   0.46279 0.09460 0.07144 0.05954 0.05146 0.04508 0.03955 0.03444 0.02964 0.03261 0.07885 ( 1)  0.458 +-  0.952
  21 S   0.47008 0.09593 0.07217 0.05990 0.05155 0.04497 0.03928 0.03405 0.02919 0.03201 0.07086 ( 1)  0.422 +-  0.848
  22 A   0.46163 0.09438 0.07132 0.05948 0.05144 0.04509 0.03958 0.03449 0.02971 0.03270 0.08018 ( 1)  0.464 +-  0.969
  23 N   0.46313 0.09466 0.07148 0.05956 0.05147 0.04508 0.03954 0.03442 0.02962 0.03259 0.07845 ( 1)  0.456 +-  0.946
  24 L   0.47136 0.09616 0.07228 0.05995 0.05155 0.04493 0.03921 0.03397 0.02909 0.03189 0.06962 ( 1)  0.417 +-  0.834
  25 T   0.46279 0.09460 0.07144 0.05954 0.05146 0.04508 0.03955 0.03444 0.02964 0.03261 0.07885 ( 1)  0.458 +-  0.952
  26 N   0.46991 0.09590 0.07215 0.05989 0.05155 0.04498 0.03929 0.03406 0.02920 0.03203 0.07104 ( 1)  0.423 +-  0.850
  27 A   0.47071 0.09604 0.07222 0.05992 0.05155 0.04495 0.03924 0.03401 0.02914 0.03195 0.07027 ( 1)  0.419 +-  0.842
  28 W   0.46600 0.09518 0.07176 0.05971 0.05151 0.04505 0.03944 0.03428 0.02946 0.03236 0.07525 ( 1)  0.441 +-  0.904
  29 R   0.47068 0.09603 0.07222 0.05992 0.05155 0.04495 0.03925 0.03401 0.02914 0.03195 0.07030 ( 1)  0.420 +-  0.842
  30 E   0.46729 0.09542 0.07189 0.05977 0.05153 0.04502 0.03939 0.03421 0.02937 0.03226 0.07385 ( 1)  0.435 +-  0.886
  31 H   0.47148 0.09618 0.07230 0.05996 0.05156 0.04493 0.03921 0.03396 0.02909 0.03188 0.06944 ( 1)  0.416 +-  0.831
  32 M   0.46813 0.09557 0.07198 0.05981 0.05154 0.04501 0.03936 0.03417 0.02932 0.03219 0.07293 ( 1)  0.431 +-  0.874
  33 Q   0.46676 0.09532 0.07184 0.05974 0.05152 0.04503 0.03941 0.03424 0.02941 0.03230 0.07442 ( 1)  0.438 +-  0.894
  34 S   0.47008 0.09593 0.07217 0.05990 0.05155 0.04497 0.03928 0.03405 0.02919 0.03201 0.07086 ( 1)  0.422 +-  0.848
  35 R   0.47068 0.09603 0.07222 0.05992 0.05155 0.04495 0.03925 0.03401 0.02914 0.03195 0.07030 ( 1)  0.420 +-  0.842
  36 S   0.47008 0.09593 0.07217 0.05990 0.05155 0.04497 0.03928 0.03405 0.02919 0.03201 0.07086 ( 1)  0.422 +-  0.848
  37 F   0.47153 0.09619 0.07230 0.05996 0.05156 0.04494 0.03921 0.03396 0.02909 0.03188 0.06937 ( 1)  0.415 +-  0.829
  38 T   0.47019 0.09595 0.07218 0.05990 0.05155 0.04497 0.03927 0.03405 0.02918 0.03200 0.07076 ( 1)  0.421 +-  0.847
  39 T   0.47019 0.09595 0.07218 0.05990 0.05155 0.04497 0.03927 0.03405 0.02918 0.03200 0.07076 ( 1)  0.421 +-  0.847
  40 E   0.46729 0.09542 0.07189 0.05977 0.05153 0.04502 0.03939 0.03421 0.02937 0.03226 0.07385 ( 1)  0.435 +-  0.886
  41 P   0.46743 0.09544 0.07190 0.05977 0.05152 0.04502 0.03938 0.03420 0.02936 0.03224 0.07373 ( 1)  0.435 +-  0.885
  42 H   0.46387 0.09479 0.07155 0.05960 0.05148 0.04507 0.03951 0.03438 0.02958 0.03253 0.07762 ( 1)  0.452 +-  0.935
  43 H   0.47148 0.09618 0.07230 0.05996 0.05156 0.04493 0.03921 0.03396 0.02909 0.03188 0.06944 ( 1)  0.416 +-  0.831
  44 L   0.46554 0.09510 0.07172 0.05968 0.05150 0.04505 0.03945 0.03430 0.02948 0.03240 0.07579 ( 1)  0.444 +-  0.912
  45 H   0.47148 0.09618 0.07230 0.05996 0.05156 0.04493 0.03921 0.03396 0.02909 0.03188 0.06944 ( 1)  0.416 +-  0.831
  46 R   0.46637 0.09525 0.07180 0.05972 0.05152 0.04504 0.03943 0.03426 0.02943 0.03233 0.07484 ( 1)  0.439 +-  0.899
  47 L   0.46316 0.09466 0.07148 0.05956 0.05147 0.04508 0.03954 0.03442 0.02962 0.03258 0.07843 ( 1)  0.456 +-  0.946
  48 G   0.47006 0.09592 0.07216 0.05989 0.05155 0.04497 0.03927 0.03405 0.02919 0.03201 0.07093 ( 1)  0.422 +-  0.850
  49 I   0.47075 0.09605 0.07223 0.05993 0.05156 0.04496 0.03925 0.03401 0.02914 0.03195 0.07018 ( 1)  0.419 +-  0.839
  50 L   0.46504 0.09501 0.07167 0.05966 0.05150 0.04506 0.03947 0.03433 0.02951 0.03244 0.07632 ( 1)  0.446 +-  0.918
  51 A   0.47071 0.09604 0.07222 0.05992 0.05155 0.04495 0.03924 0.03401 0.02914 0.03195 0.07027 ( 1)  0.419 +-  0.842
  52 Y   0.46995 0.09590 0.07215 0.05989 0.05155 0.04497 0.03928 0.03406 0.02920 0.03202 0.07101 ( 1)  0.422 +-  0.850
  53 F   0.47153 0.09619 0.07230 0.05996 0.05156 0.04494 0.03921 0.03396 0.02909 0.03188 0.06937 ( 1)  0.415 +-  0.829
  54 Y   0.46995 0.09590 0.07215 0.05989 0.05155 0.04497 0.03928 0.03406 0.02920 0.03202 0.07101 ( 1)  0.422 +-  0.850
  55 C   0.47060 0.09602 0.07221 0.05992 0.05155 0.04496 0.03926 0.03402 0.02915 0.03197 0.07034 ( 1)  0.420 +-  0.841
  56 L   0.47136 0.09616 0.07228 0.05995 0.05155 0.04493 0.03921 0.03397 0.02909 0.03189 0.06962 ( 1)  0.417 +-  0.834
  57 L   0.46316 0.09466 0.07148 0.05956 0.05147 0.04508 0.03954 0.03442 0.02962 0.03258 0.07843 ( 1)  0.456 +-  0.946
  58 A   0.47071 0.09604 0.07222 0.05992 0.05155 0.04495 0.03924 0.03401 0.02914 0.03195 0.07027 ( 1)  0.419 +-  0.842
  59 T   0.47019 0.09595 0.07218 0.05990 0.05155 0.04497 0.03927 0.03405 0.02918 0.03200 0.07076 ( 1)  0.421 +-  0.847
  60 P   0.46743 0.09544 0.07190 0.05977 0.05152 0.04502 0.03938 0.03420 0.02936 0.03224 0.07373 ( 1)  0.435 +-  0.885
  61 A   0.47071 0.09604 0.07222 0.05992 0.05155 0.04495 0.03924 0.03401 0.02914 0.03195 0.07027 ( 1)  0.419 +-  0.842
  62 L   0.47136 0.09616 0.07228 0.05995 0.05155 0.04493 0.03921 0.03397 0.02909 0.03189 0.06962 ( 1)  0.417 +-  0.834
  63 F   0.47153 0.09619 0.07230 0.05996 0.05156 0.04494 0.03921 0.03396 0.02909 0.03188 0.06937 ( 1)  0.415 +-  0.829
  64 L   0.46196 0.09445 0.07136 0.05950 0.05145 0.04509 0.03957 0.03447 0.02969 0.03267 0.07979 ( 1)  0.462 +-  0.964
  65 T   0.47019 0.09595 0.07218 0.05990 0.05155 0.04497 0.03927 0.03405 0.02918 0.03200 0.07076 ( 1)  0.421 +-  0.847
  66 R   0.47068 0.09603 0.07222 0.05992 0.05155 0.04495 0.03925 0.03401 0.02914 0.03195 0.07030 ( 1)  0.420 +-  0.842
  67 V   0.46700 0.09536 0.07186 0.05975 0.05152 0.04503 0.03940 0.03422 0.02939 0.03228 0.07418 ( 1)  0.437 +-  0.891
  68 L   0.46554 0.09510 0.07172 0.05968 0.05150 0.04505 0.03945 0.03430 0.02948 0.03240 0.07579 ( 1)  0.444 +-  0.912
  69 P   0.46743 0.09544 0.07190 0.05977 0.05152 0.04502 0.03938 0.03420 0.02936 0.03224 0.07373 ( 1)  0.435 +-  0.885
  70 Q   0.46274 0.09459 0.07144 0.05954 0.05146 0.04509 0.03955 0.03444 0.02965 0.03262 0.07890 ( 1)  0.458 +-  0.952
  71 L   0.47136 0.09616 0.07228 0.05995 0.05155 0.04493 0.03921 0.03397 0.02909 0.03189 0.06962 ( 1)  0.417 +-  0.834
  72 S   0.46137 0.09434 0.07130 0.05947 0.05143 0.04510 0.03959 0.03450 0.02972 0.03272 0.08048 ( 1)  0.466 +-  0.973
  73 P   0.46175 0.09441 0.07134 0.05949 0.05144 0.04509 0.03958 0.03448 0.02970 0.03269 0.08004 ( 1)  0.464 +-  0.967
  74 A   0.46296 0.09463 0.07146 0.05955 0.05146 0.04508 0.03954 0.03443 0.02963 0.03260 0.07866 ( 1)  0.457 +-  0.949
  75 D   0.47077 0.09605 0.07223 0.05993 0.05155 0.04495 0.03925 0.03401 0.02914 0.03195 0.07017 ( 1)  0.419 +-  0.839
  76 S   0.47008 0.09593 0.07217 0.05990 0.05155 0.04497 0.03928 0.03405 0.02919 0.03201 0.07086 ( 1)  0.422 +-  0.848
  77 G   0.46275 0.09459 0.07144 0.05954 0.05146 0.04508 0.03955 0.03444 0.02964 0.03262 0.07889 ( 1)  0.458 +-  0.952
  78 W   0.46600 0.09518 0.07176 0.05971 0.05151 0.04505 0.03944 0.03428 0.02946 0.03236 0.07525 ( 1)  0.441 +-  0.904
  79 W   0.46600 0.09518 0.07176 0.05971 0.05151 0.04505 0.03944 0.03428 0.02946 0.03236 0.07525 ( 1)  0.441 +-  0.904
  80 A   0.47071 0.09604 0.07222 0.05992 0.05155 0.04495 0.03924 0.03401 0.02914 0.03195 0.07027 ( 1)  0.419 +-  0.842
  81 A   0.47071 0.09604 0.07222 0.05992 0.05155 0.04495 0.03924 0.03401 0.02914 0.03195 0.07027 ( 1)  0.419 +-  0.842
  82 G   0.06882 0.03565 0.04286 0.04832 0.05217 0.05449 0.05522 0.05428 0.05177 0.06047 0.47595 (11)  2.207 +-  2.531
  83 L   0.46504 0.09501 0.07167 0.05966 0.05150 0.04506 0.03947 0.03433 0.02951 0.03244 0.07632 ( 1)  0.446 +-  0.918
  84 A   0.47071 0.09604 0.07222 0.05992 0.05155 0.04495 0.03924 0.03401 0.02914 0.03195 0.07027 ( 1)  0.419 +-  0.842
  85 T   0.46279 0.09460 0.07144 0.05954 0.05146 0.04508 0.03955 0.03444 0.02964 0.03261 0.07885 ( 1)  0.458 +-  0.952
  86 A   0.47071 0.09604 0.07222 0.05992 0.05155 0.04495 0.03924 0.03401 0.02914 0.03195 0.07027 ( 1)  0.419 +-  0.842
  87 F   0.47153 0.09619 0.07230 0.05996 0.05156 0.04494 0.03921 0.03396 0.02909 0.03188 0.06937 ( 1)  0.415 +-  0.829
  88 L   0.46554 0.09510 0.07172 0.05968 0.05150 0.04505 0.03945 0.03430 0.02948 0.03240 0.07579 ( 1)  0.444 +-  0.912
  89 V   0.46700 0.09536 0.07186 0.05975 0.05152 0.04503 0.03940 0.03422 0.02939 0.03228 0.07418 ( 1)  0.437 +-  0.891
  90 A   0.46699 0.09536 0.07186 0.05975 0.05152 0.04503 0.03940 0.03422 0.02939 0.03228 0.07419 ( 1)  0.437 +-  0.891
  91 E   0.46729 0.09542 0.07189 0.05977 0.05153 0.04502 0.03939 0.03421 0.02937 0.03226 0.07385 ( 1)  0.435 +-  0.886
  92 N   0.46313 0.09466 0.07148 0.05956 0.05147 0.04508 0.03954 0.03442 0.02962 0.03259 0.07845 ( 1)  0.456 +-  0.946
  93 F   0.46377 0.09477 0.07154 0.05959 0.05148 0.04508 0.03952 0.03439 0.02959 0.03254 0.07774 ( 1)  0.453 +-  0.937
  94 L   0.47136 0.09616 0.07228 0.05995 0.05155 0.04493 0.03921 0.03397 0.02909 0.03189 0.06962 ( 1)  0.417 +-  0.834
  95 N   0.46991 0.09590 0.07215 0.05989 0.05155 0.04498 0.03929 0.03406 0.02920 0.03203 0.07104 ( 1)  0.423 +-  0.850
  96 Y   0.46271 0.09458 0.07143 0.05954 0.05146 0.04509 0.03955 0.03444 0.02965 0.03262 0.07894 ( 1)  0.458 +-  0.953
  97 R   0.46382 0.09478 0.07154 0.05959 0.05148 0.04507 0.03951 0.03438 0.02958 0.03253 0.07771 ( 1)  0.453 +-  0.937
  98 A   0.47071 0.09604 0.07222 0.05992 0.05155 0.04495 0.03924 0.03401 0.02914 0.03195 0.07027 ( 1)  0.419 +-  0.842
  99 C   0.47060 0.09602 0.07221 0.05992 0.05155 0.04496 0.03926 0.03402 0.02915 0.03197 0.07034 ( 1)  0.420 +-  0.841
 100 I   0.46339 0.09471 0.07150 0.05957 0.05147 0.04508 0.03953 0.03441 0.02961 0.03257 0.07816 ( 1)  0.455 +-  0.942
 101 I   0.46337 0.09470 0.07150 0.05957 0.05147 0.04508 0.03953 0.03441 0.02961 0.03257 0.07819 ( 1)  0.455 +-  0.943
 102 G   0.46654 0.09528 0.07182 0.05973 0.05152 0.04504 0.03942 0.03425 0.02942 0.03232 0.07467 ( 1)  0.439 +-  0.897
 103 H   0.46387 0.09479 0.07155 0.05960 0.05148 0.04507 0.03951 0.03438 0.02958 0.03253 0.07762 ( 1)  0.452 +-  0.935
 104 H   0.47148 0.09618 0.07230 0.05996 0.05156 0.04493 0.03921 0.03396 0.02909 0.03188 0.06944 ( 1)  0.416 +-  0.831
 105 E   0.46729 0.09542 0.07189 0.05977 0.05153 0.04502 0.03939 0.03421 0.02937 0.03226 0.07385 ( 1)  0.435 +-  0.886
 106 H   0.47148 0.09618 0.07230 0.05996 0.05156 0.04493 0.03921 0.03396 0.02909 0.03188 0.06944 ( 1)  0.416 +-  0.831
 107 N   0.46313 0.09466 0.07148 0.05956 0.05147 0.04508 0.03954 0.03442 0.02962 0.03259 0.07845 ( 1)  0.456 +-  0.946
 108 V   0.46700 0.09536 0.07186 0.05975 0.05152 0.04503 0.03940 0.03422 0.02939 0.03228 0.07418 ( 1)  0.437 +-  0.891
 109 V   0.46700 0.09536 0.07186 0.05975 0.05152 0.04503 0.03940 0.03422 0.02939 0.03228 0.07418 ( 1)  0.437 +-  0.891
 110 H   0.47148 0.09618 0.07230 0.05996 0.05156 0.04493 0.03921 0.03396 0.02909 0.03188 0.06944 ( 1)  0.416 +-  0.831
 111 C   0.47060 0.09602 0.07221 0.05992 0.05155 0.04496 0.03926 0.03402 0.02915 0.03197 0.07034 ( 1)  0.420 +-  0.841
 112 F   0.47153 0.09619 0.07230 0.05996 0.05156 0.04494 0.03921 0.03396 0.02909 0.03188 0.06937 ( 1)  0.415 +-  0.829
 113 H   0.47148 0.09618 0.07230 0.05996 0.05156 0.04493 0.03921 0.03396 0.02909 0.03188 0.06944 ( 1)  0.416 +-  0.831
 114 C   0.47060 0.09602 0.07221 0.05992 0.05155 0.04496 0.03926 0.03402 0.02915 0.03197 0.07034 ( 1)  0.420 +-  0.841
 115 Q   0.46676 0.09532 0.07184 0.05974 0.05152 0.04503 0.03941 0.03424 0.02941 0.03230 0.07442 ( 1)  0.438 +-  0.894
 116 R   0.46649 0.09527 0.07181 0.05973 0.05151 0.04503 0.03942 0.03425 0.02942 0.03232 0.07475 ( 1)  0.439 +-  0.898
 117 T   0.47019 0.09595 0.07218 0.05990 0.05155 0.04497 0.03927 0.03405 0.02918 0.03200 0.07076 ( 1)  0.421 +-  0.847
 118 S   0.47008 0.09593 0.07217 0.05990 0.05155 0.04497 0.03928 0.03405 0.02919 0.03201 0.07086 ( 1)  0.422 +-  0.848
 119 P   0.47135 0.09616 0.07228 0.05995 0.05155 0.04493 0.03921 0.03397 0.02909 0.03189 0.06962 ( 1)  0.417 +-  0.834
 120 A   0.47071 0.09604 0.07222 0.05992 0.05155 0.04495 0.03924 0.03401 0.02914 0.03195 0.07027 ( 1)  0.419 +-  0.842
 121 V   0.47072 0.09604 0.07222 0.05992 0.05155 0.04495 0.03924 0.03401 0.02914 0.03195 0.07025 ( 1)  0.419 +-  0.841
 122 L   0.46554 0.09510 0.07172 0.05968 0.05150 0.04505 0.03945 0.03430 0.02948 0.03240 0.07579 ( 1)  0.444 +-  0.912
 123 A   0.47071 0.09604 0.07222 0.05992 0.05155 0.04495 0.03924 0.03401 0.02914 0.03195 0.07027 ( 1)  0.419 +-  0.842
 124 W   0.46600 0.09518 0.07176 0.05971 0.05151 0.04505 0.03944 0.03428 0.02946 0.03236 0.07525 ( 1)  0.441 +-  0.904
 125 Q   0.46676 0.09532 0.07184 0.05974 0.05152 0.04503 0.03941 0.03424 0.02941 0.03230 0.07442 ( 1)  0.438 +-  0.894
 126 A   0.06422 0.03374 0.04079 0.04619 0.05010 0.05253 0.05344 0.05273 0.05047 0.05917 0.49663 (11)  2.311 +-  2.586
 127 G   0.46654 0.09528 0.07182 0.05973 0.05152 0.04504 0.03942 0.03425 0.02942 0.03232 0.07467 ( 1)  0.439 +-  0.897
 128 G   0.47006 0.09592 0.07216 0.05989 0.05155 0.04497 0.03927 0.03405 0.02919 0.03201 0.07093 ( 1)  0.422 +-  0.850
 129 D   0.47077 0.09605 0.07223 0.05993 0.05155 0.04495 0.03925 0.03401 0.02914 0.03195 0.07017 ( 1)  0.419 +-  0.839
 130 R   0.46379 0.09478 0.07153 0.05957 0.05145 0.04504 0.03948 0.03435 0.02955 0.03250 0.07798 ( 1)  0.455 +-  0.947
 131 H   0.07284 0.03728 0.04463 0.05011 0.05392 0.05612 0.05669 0.05556 0.05283 0.06153 0.45849 (11)  2.117 +-  2.478
 132 Q   0.46676 0.09532 0.07184 0.05974 0.05152 0.04503 0.03941 0.03424 0.02941 0.03230 0.07442 ( 1)  0.438 +-  0.894
 133 R   0.46211 0.09447 0.07137 0.05951 0.05145 0.04509 0.03957 0.03447 0.02968 0.03266 0.07962 ( 1)  0.462 +-  0.962
 134 C   0.47060 0.09602 0.07221 0.05992 0.05155 0.04496 0.03926 0.03402 0.02915 0.03197 0.07034 ( 1)  0.420 +-  0.841
 135 L   0.47136 0.09616 0.07228 0.05995 0.05155 0.04493 0.03921 0.03397 0.02909 0.03189 0.06962 ( 1)  0.417 +-  0.834
 136 A   0.47071 0.09604 0.07222 0.05992 0.05155 0.04495 0.03924 0.03401 0.02914 0.03195 0.07027 ( 1)  0.419 +-  0.842
 137 C   0.47060 0.09602 0.07221 0.05992 0.05155 0.04496 0.03926 0.03402 0.02915 0.03197 0.07034 ( 1)  0.420 +-  0.841
 138 Q   0.46676 0.09532 0.07184 0.05974 0.05152 0.04503 0.03941 0.03424 0.02941 0.03230 0.07442 ( 1)  0.438 +-  0.894
 139 T   0.46663 0.09530 0.07183 0.05974 0.05152 0.04504 0.03942 0.03425 0.02942 0.03231 0.07457 ( 1)  0.438 +-  0.896
 140 E   0.46729 0.09542 0.07189 0.05977 0.05153 0.04502 0.03939 0.03421 0.02937 0.03226 0.07385 ( 1)  0.435 +-  0.886
 141 S   0.46653 0.09528 0.07182 0.05973 0.05152 0.04504 0.03942 0.03425 0.02942 0.03232 0.07469 ( 1)  0.439 +-  0.897
 142 P   0.46743 0.09544 0.07190 0.05977 0.05152 0.04502 0.03938 0.03420 0.02936 0.03224 0.07373 ( 1)  0.435 +-  0.885
 143 P   0.46743 0.09544 0.07190 0.05977 0.05152 0.04502 0.03938 0.03420 0.02936 0.03224 0.07373 ( 1)  0.435 +-  0.885
 144 R   0.46105 0.09428 0.07126 0.05945 0.05143 0.04510 0.03960 0.03451 0.02974 0.03274 0.08085 ( 1)  0.467 +-  0.978
 145 S   0.47080 0.09606 0.07223 0.05993 0.05155 0.04495 0.03924 0.03401 0.02914 0.03195 0.07014 ( 1)  0.419 +-  0.839
 146 E   0.46729 0.09542 0.07189 0.05977 0.05153 0.04502 0.03939 0.03421 0.02937 0.03226 0.07385 ( 1)  0.435 +-  0.886
 147 H   0.47148 0.09618 0.07230 0.05996 0.05156 0.04493 0.03921 0.03396 0.02909 0.03188 0.06944 ( 1)  0.416 +-  0.831
 148 C   0.47060 0.09602 0.07221 0.05992 0.05155 0.04496 0.03926 0.03402 0.02915 0.03197 0.07034 ( 1)  0.420 +-  0.841
 149 R   0.47068 0.09603 0.07222 0.05992 0.05155 0.04495 0.03925 0.03401 0.02914 0.03195 0.07030 ( 1)  0.420 +-  0.842
 150 L   0.46554 0.09510 0.07172 0.05968 0.05150 0.04505 0.03945 0.03430 0.02948 0.03240 0.07579 ( 1)  0.444 +-  0.912
 151 C   0.47060 0.09602 0.07221 0.05992 0.05155 0.04496 0.03926 0.03402 0.02915 0.03197 0.07034 ( 1)  0.420 +-  0.841
 152 N   0.46991 0.09590 0.07215 0.05989 0.05155 0.04498 0.03929 0.03406 0.02920 0.03203 0.07104 ( 1)  0.423 +-  0.850
 153 L   0.46554 0.09510 0.07172 0.05968 0.05150 0.04505 0.03945 0.03430 0.02948 0.03240 0.07579 ( 1)  0.444 +-  0.912
 154 C   0.47060 0.09602 0.07221 0.05992 0.05155 0.04496 0.03926 0.03402 0.02915 0.03197 0.07034 ( 1)  0.420 +-  0.841
 155 V   0.47072 0.09604 0.07222 0.05992 0.05155 0.04495 0.03924 0.03401 0.02914 0.03195 0.07025 ( 1)  0.419 +-  0.841
 156 M   0.46813 0.09557 0.07198 0.05981 0.05154 0.04501 0.03936 0.03417 0.02932 0.03219 0.07293 ( 1)  0.431 +-  0.874
 157 R   0.46637 0.09525 0.07180 0.05972 0.05152 0.04504 0.03943 0.03426 0.02943 0.03233 0.07484 ( 1)  0.439 +-  0.899
 158 R   0.47068 0.09603 0.07222 0.05992 0.05155 0.04495 0.03925 0.03401 0.02914 0.03195 0.07030 ( 1)  0.420 +-  0.842
 159 H   0.47148 0.09618 0.07230 0.05996 0.05156 0.04493 0.03921 0.03396 0.02909 0.03188 0.06944 ( 1)  0.416 +-  0.831
 160 F   0.46377 0.09477 0.07154 0.05959 0.05148 0.04508 0.03952 0.03439 0.02959 0.03254 0.07774 ( 1)  0.453 +-  0.937
 161 H   0.47148 0.09618 0.07230 0.05996 0.05156 0.04493 0.03921 0.03396 0.02909 0.03188 0.06944 ( 1)  0.416 +-  0.831
 162 C   0.47060 0.09602 0.07221 0.05992 0.05155 0.04496 0.03926 0.03402 0.02915 0.03197 0.07034 ( 1)  0.420 +-  0.841
 163 Y   0.46995 0.09590 0.07215 0.05989 0.05155 0.04497 0.03928 0.03406 0.02920 0.03202 0.07101 ( 1)  0.422 +-  0.850
 164 L   0.46554 0.09510 0.07172 0.05968 0.05150 0.04505 0.03945 0.03430 0.02948 0.03240 0.07579 ( 1)  0.444 +-  0.912
 165 L   0.47136 0.09616 0.07228 0.05995 0.05155 0.04493 0.03921 0.03397 0.02909 0.03189 0.06962 ( 1)  0.417 +-  0.834
 166 C   0.47060 0.09602 0.07221 0.05992 0.05155 0.04496 0.03926 0.03402 0.02915 0.03197 0.07034 ( 1)  0.420 +-  0.841
 167 C   0.47060 0.09602 0.07221 0.05992 0.05155 0.04496 0.03926 0.03402 0.02915 0.03197 0.07034 ( 1)  0.420 +-  0.841
 168 C   0.47060 0.09602 0.07221 0.05992 0.05155 0.04496 0.03926 0.03402 0.02915 0.03197 0.07034 ( 1)  0.420 +-  0.841
 169 I   0.47075 0.09605 0.07223 0.05993 0.05156 0.04496 0.03925 0.03401 0.02914 0.03195 0.07018 ( 1)  0.419 +-  0.839
 170 G   0.46654 0.09528 0.07182 0.05973 0.05152 0.04504 0.03942 0.03425 0.02942 0.03232 0.07467 ( 1)  0.439 +-  0.897
 171 H   0.47148 0.09618 0.07230 0.05996 0.05156 0.04493 0.03921 0.03396 0.02909 0.03188 0.06944 ( 1)  0.416 +-  0.831
 172 R   0.46649 0.09527 0.07181 0.05973 0.05151 0.04503 0.03942 0.03425 0.02942 0.03232 0.07475 ( 1)  0.439 +-  0.898
 173 T   0.46279 0.09460 0.07144 0.05954 0.05146 0.04508 0.03955 0.03444 0.02964 0.03261 0.07885 ( 1)  0.458 +-  0.952
 174 H   0.47148 0.09618 0.07230 0.05996 0.05156 0.04493 0.03921 0.03396 0.02909 0.03188 0.06944 ( 1)  0.416 +-  0.831
 175 G   0.47006 0.09592 0.07216 0.05989 0.05155 0.04497 0.03927 0.03405 0.02919 0.03201 0.07093 ( 1)  0.422 +-  0.850
 176 H   0.47148 0.09618 0.07230 0.05996 0.05156 0.04493 0.03921 0.03396 0.02909 0.03188 0.06944 ( 1)  0.416 +-  0.831
 177 F   0.47153 0.09619 0.07230 0.05996 0.05156 0.04494 0.03921 0.03396 0.02909 0.03188 0.06937 ( 1)  0.415 +-  0.829
 178 L   0.46316 0.09466 0.07148 0.05956 0.05147 0.04508 0.03954 0.03442 0.02962 0.03258 0.07843 ( 1)  0.456 +-  0.946
 179 A   0.46699 0.09536 0.07186 0.05975 0.05152 0.04503 0.03940 0.03422 0.02939 0.03228 0.07419 ( 1)  0.437 +-  0.891
 180 L   0.46125 0.09432 0.07129 0.05946 0.05143 0.04510 0.03959 0.03450 0.02973 0.03273 0.08061 ( 1)  0.466 +-  0.975
 181 C   0.47060 0.09602 0.07221 0.05992 0.05155 0.04496 0.03926 0.03402 0.02915 0.03197 0.07034 ( 1)  0.420 +-  0.841
 182 L   0.46554 0.09510 0.07172 0.05968 0.05150 0.04505 0.03945 0.03430 0.02948 0.03240 0.07579 ( 1)  0.444 +-  0.912
 183 Y   0.46995 0.09590 0.07215 0.05989 0.05155 0.04497 0.03928 0.03406 0.02920 0.03202 0.07101 ( 1)  0.422 +-  0.850
 184 S   0.47008 0.09593 0.07217 0.05990 0.05155 0.04497 0.03928 0.03405 0.02919 0.03201 0.07086 ( 1)  0.422 +-  0.848
 185 T   0.47019 0.09595 0.07218 0.05990 0.05155 0.04497 0.03927 0.03405 0.02918 0.03200 0.07076 ( 1)  0.421 +-  0.847
 186 V   0.47072 0.09604 0.07222 0.05992 0.05155 0.04495 0.03924 0.03401 0.02914 0.03195 0.07025 ( 1)  0.419 +-  0.841
 187 G   0.47006 0.09592 0.07216 0.05989 0.05155 0.04497 0.03927 0.03405 0.02919 0.03201 0.07093 ( 1)  0.422 +-  0.850
 188 L   0.46554 0.09510 0.07172 0.05968 0.05150 0.04505 0.03945 0.03430 0.02948 0.03240 0.07579 ( 1)  0.444 +-  0.912
 189 A   0.46699 0.09536 0.07186 0.05975 0.05152 0.04503 0.03940 0.03422 0.02939 0.03228 0.07419 ( 1)  0.437 +-  0.891
 190 T   0.47019 0.09595 0.07218 0.05990 0.05155 0.04497 0.03927 0.03405 0.02918 0.03200 0.07076 ( 1)  0.421 +-  0.847
 191 S   0.47008 0.09593 0.07217 0.05990 0.05155 0.04497 0.03928 0.03405 0.02919 0.03201 0.07086 ( 1)  0.422 +-  0.848
 192 S   0.46653 0.09528 0.07182 0.05973 0.05152 0.04504 0.03942 0.03425 0.02942 0.03232 0.07469 ( 1)  0.439 +-  0.897
 193 L   0.46554 0.09510 0.07172 0.05968 0.05150 0.04505 0.03945 0.03430 0.02948 0.03240 0.07579 ( 1)  0.444 +-  0.912
 194 A   0.47071 0.09604 0.07222 0.05992 0.05155 0.04495 0.03924 0.03401 0.02914 0.03195 0.07027 ( 1)  0.419 +-  0.842
 195 F   0.47153 0.09619 0.07230 0.05996 0.05156 0.04494 0.03921 0.03396 0.02909 0.03188 0.06937 ( 1)  0.415 +-  0.829
 196 A   0.47071 0.09604 0.07222 0.05992 0.05155 0.04495 0.03924 0.03401 0.02914 0.03195 0.07027 ( 1)  0.419 +-  0.842
 197 I   0.47075 0.09605 0.07223 0.05993 0.05156 0.04496 0.03925 0.03401 0.02914 0.03195 0.07018 ( 1)  0.419 +-  0.839
 198 Y   0.46995 0.09590 0.07215 0.05989 0.05155 0.04497 0.03928 0.03406 0.02920 0.03202 0.07101 ( 1)  0.422 +-  0.850
 199 A   0.47071 0.09604 0.07222 0.05992 0.05155 0.04495 0.03924 0.03401 0.02914 0.03195 0.07027 ( 1)  0.419 +-  0.842
 200 F   0.06962 0.03598 0.04322 0.04868 0.05253 0.05482 0.05551 0.05454 0.05198 0.06069 0.47244 (11)  2.189 +-  2.521
 201 D   0.46358 0.09474 0.07152 0.05958 0.05147 0.04508 0.03952 0.03440 0.02960 0.03255 0.07794 ( 1)  0.454 +-  0.940
 202 V   0.46296 0.09463 0.07146 0.05955 0.05146 0.04508 0.03954 0.03443 0.02963 0.03260 0.07865 ( 1)  0.457 +-  0.949
 203 G   0.47006 0.09592 0.07216 0.05989 0.05155 0.04497 0.03927 0.03405 0.02919 0.03201 0.07093 ( 1)  0.422 +-  0.850
 204 G   0.47006 0.09592 0.07216 0.05989 0.05155 0.04497 0.03927 0.03405 0.02919 0.03201 0.07093 ( 1)  0.422 +-  0.850
 205 G   0.47006 0.09592 0.07216 0.05989 0.05155 0.04497 0.03927 0.03405 0.02919 0.03201 0.07093 ( 1)  0.422 +-  0.850
 206 W   0.46600 0.09518 0.07176 0.05971 0.05151 0.04505 0.03944 0.03428 0.02946 0.03236 0.07525 ( 1)  0.441 +-  0.904
 207 S   0.47080 0.09606 0.07223 0.05993 0.05155 0.04495 0.03924 0.03401 0.02914 0.03195 0.07014 ( 1)  0.419 +-  0.839
 208 G   0.47006 0.09592 0.07216 0.05989 0.05155 0.04497 0.03927 0.03405 0.02919 0.03201 0.07093 ( 1)  0.422 +-  0.850
 209 L   0.46554 0.09510 0.07172 0.05968 0.05150 0.04505 0.03945 0.03430 0.02948 0.03240 0.07579 ( 1)  0.444 +-  0.912
 210 L   0.46454 0.09491 0.07159 0.05959 0.05144 0.04501 0.03943 0.03429 0.02948 0.03241 0.07731 ( 1)  0.453 +-  0.944
 211 L   0.46554 0.09510 0.07172 0.05968 0.05150 0.04505 0.03945 0.03430 0.02948 0.03240 0.07579 ( 1)  0.444 +-  0.912
 212 P   0.46743 0.09544 0.07190 0.05977 0.05152 0.04502 0.03938 0.03420 0.02936 0.03224 0.07373 ( 1)  0.435 +-  0.885
 213 A   0.46699 0.09536 0.07186 0.05975 0.05152 0.04503 0.03940 0.03422 0.02939 0.03228 0.07419 ( 1)  0.437 +-  0.891
 214 A   0.47071 0.09604 0.07222 0.05992 0.05155 0.04495 0.03924 0.03401 0.02914 0.03195 0.07027 ( 1)  0.419 +-  0.842
 215 A   0.46296 0.09463 0.07146 0.05955 0.05146 0.04508 0.03954 0.03443 0.02963 0.03260 0.07866 ( 1)  0.457 +-  0.949
 216 L   0.47136 0.09616 0.07228 0.05995 0.05155 0.04493 0.03921 0.03397 0.02909 0.03189 0.06962 ( 1)  0.417 +-  0.834
 217 R   0.46649 0.09527 0.07181 0.05973 0.05151 0.04503 0.03942 0.03425 0.02942 0.03232 0.07475 ( 1)  0.439 +-  0.898
 218 F   0.47153 0.09619 0.07230 0.05996 0.05156 0.04494 0.03921 0.03396 0.02909 0.03188 0.06937 ( 1)  0.415 +-  0.829
 219 A   0.47071 0.09604 0.07222 0.05992 0.05155 0.04495 0.03924 0.03401 0.02914 0.03195 0.07027 ( 1)  0.419 +-  0.842
 220 A   0.46296 0.09463 0.07146 0.05955 0.05146 0.04508 0.03954 0.03443 0.02963 0.03260 0.07866 ( 1)  0.457 +-  0.949
 221 G   0.47006 0.09592 0.07216 0.05989 0.05155 0.04497 0.03927 0.03405 0.02919 0.03201 0.07093 ( 1)  0.422 +-  0.850
 222 S   0.46137 0.09434 0.07130 0.05947 0.05143 0.04510 0.03959 0.03450 0.02972 0.03272 0.08048 ( 1)  0.466 +-  0.973
 223 A   0.46699 0.09536 0.07186 0.05975 0.05152 0.04503 0.03940 0.03422 0.02939 0.03228 0.07419 ( 1)  0.437 +-  0.891
 224 P   0.46743 0.09544 0.07190 0.05977 0.05152 0.04502 0.03938 0.03420 0.02936 0.03224 0.07373 ( 1)  0.435 +-  0.885
 225 A   0.47071 0.09604 0.07222 0.05992 0.05155 0.04495 0.03924 0.03401 0.02914 0.03195 0.07027 ( 1)  0.419 +-  0.842
 226 A   0.47071 0.09604 0.07222 0.05992 0.05155 0.04495 0.03924 0.03401 0.02914 0.03195 0.07027 ( 1)  0.419 +-  0.842
 227 L   0.46554 0.09510 0.07172 0.05968 0.05150 0.04505 0.03945 0.03430 0.02948 0.03240 0.07579 ( 1)  0.444 +-  0.912
 228 P   0.47135 0.09616 0.07228 0.05995 0.05155 0.04493 0.03921 0.03397 0.02909 0.03189 0.06962 ( 1)  0.417 +-  0.834
 229 A   0.47071 0.09604 0.07222 0.05992 0.05155 0.04495 0.03924 0.03401 0.02914 0.03195 0.07027 ( 1)  0.419 +-  0.842
 230 A   0.46699 0.09536 0.07186 0.05975 0.05152 0.04503 0.03940 0.03422 0.02939 0.03228 0.07419 ( 1)  0.437 +-  0.891
 231 V   0.46700 0.09536 0.07186 0.05975 0.05152 0.04503 0.03940 0.03422 0.02939 0.03228 0.07418 ( 1)  0.437 +-  0.891
 232 F   0.47153 0.09619 0.07230 0.05996 0.05156 0.04494 0.03921 0.03396 0.02909 0.03188 0.06937 ( 1)  0.415 +-  0.829
 233 S   0.47008 0.09593 0.07217 0.05990 0.05155 0.04497 0.03928 0.03405 0.02919 0.03201 0.07086 ( 1)  0.422 +-  0.848
 234 L   0.47136 0.09616 0.07228 0.05995 0.05155 0.04493 0.03921 0.03397 0.02909 0.03189 0.06962 ( 1)  0.417 +-  0.834
 235 Y   0.46995 0.09590 0.07215 0.05989 0.05155 0.04497 0.03928 0.03406 0.02920 0.03202 0.07101 ( 1)  0.422 +-  0.850
 236 I   0.47075 0.09605 0.07223 0.05993 0.05156 0.04496 0.03925 0.03401 0.02914 0.03195 0.07018 ( 1)  0.419 +-  0.839
 237 Q   0.46676 0.09532 0.07184 0.05974 0.05152 0.04503 0.03941 0.03424 0.02941 0.03230 0.07442 ( 1)  0.438 +-  0.894
 238 L   0.46554 0.09510 0.07172 0.05968 0.05150 0.04505 0.03945 0.03430 0.02948 0.03240 0.07579 ( 1)  0.444 +-  0.912
 239 T   0.47019 0.09595 0.07218 0.05990 0.05155 0.04497 0.03927 0.03405 0.02918 0.03200 0.07076 ( 1)  0.421 +-  0.847
 240 C   0.47060 0.09602 0.07221 0.05992 0.05155 0.04496 0.03926 0.03402 0.02915 0.03197 0.07034 ( 1)  0.420 +-  0.841
 241 L   0.46554 0.09510 0.07172 0.05968 0.05150 0.04505 0.03945 0.03430 0.02948 0.03240 0.07579 ( 1)  0.444 +-  0.912
 242 A   0.47071 0.09604 0.07222 0.05992 0.05155 0.04495 0.03924 0.03401 0.02914 0.03195 0.07027 ( 1)  0.419 +-  0.842
 243 I   0.47075 0.09605 0.07223 0.05993 0.05156 0.04496 0.03925 0.03401 0.02914 0.03195 0.07018 ( 1)  0.419 +-  0.839
 244 A   0.47071 0.09604 0.07222 0.05992 0.05155 0.04495 0.03924 0.03401 0.02914 0.03195 0.07027 ( 1)  0.419 +-  0.842
 245 A   0.47071 0.09604 0.07222 0.05992 0.05155 0.04495 0.03924 0.03401 0.02914 0.03195 0.07027 ( 1)  0.419 +-  0.842
 246 I   0.47075 0.09605 0.07223 0.05993 0.05156 0.04496 0.03925 0.03401 0.02914 0.03195 0.07018 ( 1)  0.419 +-  0.839
 247 Y   0.46995 0.09590 0.07215 0.05989 0.05155 0.04497 0.03928 0.03406 0.02920 0.03202 0.07101 ( 1)  0.422 +-  0.850
 248 G   0.47006 0.09592 0.07216 0.05989 0.05155 0.04497 0.03927 0.03405 0.02919 0.03201 0.07093 ( 1)  0.422 +-  0.850
 249 F   0.47153 0.09619 0.07230 0.05996 0.05156 0.04494 0.03921 0.03396 0.02909 0.03188 0.06937 ( 1)  0.415 +-  0.829
 250 L   0.46554 0.09510 0.07172 0.05968 0.05150 0.04505 0.03945 0.03430 0.02948 0.03240 0.07579 ( 1)  0.444 +-  0.912
 251 Q   0.46676 0.09532 0.07184 0.05974 0.05152 0.04503 0.03941 0.03424 0.02941 0.03230 0.07442 ( 1)  0.438 +-  0.894
 252 L   0.46504 0.09501 0.07167 0.05966 0.05150 0.04506 0.03947 0.03433 0.02951 0.03244 0.07632 ( 1)  0.446 +-  0.918
 253 Q   0.46676 0.09532 0.07184 0.05974 0.05152 0.04503 0.03941 0.03424 0.02941 0.03230 0.07442 ( 1)  0.438 +-  0.894
 254 L   0.46554 0.09510 0.07172 0.05968 0.05150 0.04505 0.03945 0.03430 0.02948 0.03240 0.07579 ( 1)  0.444 +-  0.912
 255 L   0.46554 0.09510 0.07172 0.05968 0.05150 0.04505 0.03945 0.03430 0.02948 0.03240 0.07579 ( 1)  0.444 +-  0.912
 256 L   0.46504 0.09501 0.07167 0.05966 0.05150 0.04506 0.03947 0.03433 0.02951 0.03244 0.07632 ( 1)  0.446 +-  0.918
 257 R   0.47068 0.09603 0.07222 0.05992 0.05155 0.04495 0.03925 0.03401 0.02914 0.03195 0.07030 ( 1)  0.420 +-  0.842
 258 N   0.46313 0.09466 0.07148 0.05956 0.05147 0.04508 0.03954 0.03442 0.02962 0.03259 0.07845 ( 1)  0.456 +-  0.946
 259 Q   0.46676 0.09532 0.07184 0.05974 0.05152 0.04503 0.03941 0.03424 0.02941 0.03230 0.07442 ( 1)  0.438 +-  0.894
 260 T   0.46279 0.09460 0.07144 0.05954 0.05146 0.04508 0.03955 0.03444 0.02964 0.03261 0.07885 ( 1)  0.458 +-  0.952
 261 P   0.46743 0.09544 0.07190 0.05977 0.05152 0.04502 0.03938 0.03420 0.02936 0.03224 0.07373 ( 1)  0.435 +-  0.885
 262 A   0.47071 0.09604 0.07222 0.05992 0.05155 0.04495 0.03924 0.03401 0.02914 0.03195 0.07027 ( 1)  0.419 +-  0.842
 263 E   0.46729 0.09542 0.07189 0.05977 0.05153 0.04502 0.03939 0.03421 0.02937 0.03226 0.07385 ( 1)  0.435 +-  0.886
 264 I   0.46337 0.09470 0.07150 0.05957 0.05147 0.04508 0.03953 0.03441 0.02961 0.03257 0.07819 ( 1)  0.455 +-  0.943
 265 A   0.47071 0.09604 0.07222 0.05992 0.05155 0.04495 0.03924 0.03401 0.02914 0.03195 0.07027 ( 1)  0.419 +-  0.842
 266 A   0.47071 0.09604 0.07222 0.05992 0.05155 0.04495 0.03924 0.03401 0.02914 0.03195 0.07027 ( 1)  0.419 +-  0.842
 267 M   0.46813 0.09557 0.07198 0.05981 0.05154 0.04501 0.03936 0.03417 0.02932 0.03219 0.07293 ( 1)  0.431 +-  0.874
 268 D   0.47077 0.09605 0.07223 0.05993 0.05155 0.04495 0.03925 0.03401 0.02914 0.03195 0.07017 ( 1)  0.419 +-  0.839
 269 R   0.46649 0.09527 0.07181 0.05973 0.05151 0.04503 0.03942 0.03425 0.02942 0.03232 0.07475 ( 1)  0.439 +-  0.898
 270 R   0.47068 0.09603 0.07222 0.05992 0.05155 0.04495 0.03925 0.03401 0.02914 0.03195 0.07030 ( 1)  0.420 +-  0.842
 271 Y   0.46995 0.09590 0.07215 0.05989 0.05155 0.04497 0.03928 0.03406 0.02920 0.03202 0.07101 ( 1)  0.422 +-  0.850
 272 R   0.47068 0.09603 0.07222 0.05992 0.05155 0.04495 0.03925 0.03401 0.02914 0.03195 0.07030 ( 1)  0.420 +-  0.842
 273 L   0.46554 0.09510 0.07172 0.05968 0.05150 0.04505 0.03945 0.03430 0.02948 0.03240 0.07579 ( 1)  0.444 +-  0.912
 274 D   0.46358 0.09474 0.07152 0.05958 0.05147 0.04508 0.03952 0.03440 0.02960 0.03255 0.07794 ( 1)  0.454 +-  0.940
 275 S   0.46321 0.09467 0.07148 0.05956 0.05147 0.04508 0.03954 0.03442 0.02962 0.03258 0.07836 ( 1)  0.456 +-  0.945
 276 C   0.47060 0.09602 0.07221 0.05992 0.05155 0.04496 0.03926 0.03402 0.02915 0.03197 0.07034 ( 1)  0.420 +-  0.841
 277 Y   0.46271 0.09458 0.07143 0.05954 0.05146 0.04509 0.03955 0.03444 0.02965 0.03262 0.07894 ( 1)  0.458 +-  0.953
 278 D   0.47077 0.09605 0.07223 0.05993 0.05155 0.04495 0.03925 0.03401 0.02914 0.03195 0.07017 ( 1)  0.419 +-  0.839
 279 N   0.46991 0.09590 0.07215 0.05989 0.05155 0.04498 0.03929 0.03406 0.02920 0.03203 0.07104 ( 1)  0.423 +-  0.850
 280 L   0.46554 0.09510 0.07172 0.05968 0.05150 0.04505 0.03945 0.03430 0.02948 0.03240 0.07579 ( 1)  0.444 +-  0.912
 281 R   0.47068 0.09603 0.07222 0.05992 0.05155 0.04495 0.03925 0.03401 0.02914 0.03195 0.07030 ( 1)  0.420 +-  0.842
 282 A   0.46296 0.09463 0.07146 0.05955 0.05146 0.04508 0.03954 0.03443 0.02963 0.03260 0.07866 ( 1)  0.457 +-  0.949
 283 S   0.46653 0.09528 0.07182 0.05973 0.05152 0.04504 0.03942 0.03425 0.02942 0.03232 0.07469 ( 1)  0.439 +-  0.897
 284 L   0.46316 0.09466 0.07148 0.05956 0.05147 0.04508 0.03954 0.03442 0.02962 0.03258 0.07843 ( 1)  0.456 +-  0.946
 285 G   0.47006 0.09592 0.07216 0.05989 0.05155 0.04497 0.03927 0.03405 0.02919 0.03201 0.07093 ( 1)  0.422 +-  0.850
 286 P   0.46743 0.09544 0.07190 0.05977 0.05152 0.04502 0.03938 0.03420 0.02936 0.03224 0.07373 ( 1)  0.435 +-  0.885
 287 A   0.46296 0.09463 0.07146 0.05955 0.05146 0.04508 0.03954 0.03443 0.02963 0.03260 0.07866 ( 1)  0.457 +-  0.949
 288 R   0.46649 0.09527 0.07181 0.05973 0.05151 0.04503 0.03942 0.03425 0.02942 0.03232 0.07475 ( 1)  0.439 +-  0.898
 289 Y   0.46995 0.09590 0.07215 0.05989 0.05155 0.04497 0.03928 0.03406 0.02920 0.03202 0.07101 ( 1)  0.422 +-  0.850
 290 W   0.46600 0.09518 0.07176 0.05971 0.05151 0.04505 0.03944 0.03428 0.02946 0.03236 0.07525 ( 1)  0.441 +-  0.904
 291 P   0.46743 0.09544 0.07190 0.05977 0.05152 0.04502 0.03938 0.03420 0.02936 0.03224 0.07373 ( 1)  0.435 +-  0.885
 292 L   0.46554 0.09510 0.07172 0.05968 0.05150 0.04505 0.03945 0.03430 0.02948 0.03240 0.07579 ( 1)  0.444 +-  0.912
 293 L   0.46196 0.09445 0.07136 0.05950 0.05145 0.04509 0.03957 0.03447 0.02969 0.03267 0.07979 ( 1)  0.462 +-  0.964
 294 L   0.46196 0.09445 0.07136 0.05950 0.05145 0.04509 0.03957 0.03447 0.02969 0.03267 0.07979 ( 1)  0.462 +-  0.964
 295 L   0.46316 0.09466 0.07148 0.05956 0.05147 0.04508 0.03954 0.03442 0.02962 0.03258 0.07843 ( 1)  0.456 +-  0.946
 296 Y   0.46271 0.09458 0.07143 0.05954 0.05146 0.04509 0.03955 0.03444 0.02965 0.03262 0.07894 ( 1)  0.458 +-  0.953
 297 P   0.46743 0.09544 0.07190 0.05977 0.05152 0.04502 0.03938 0.03420 0.02936 0.03224 0.07373 ( 1)  0.435 +-  0.885
 298 I   0.46337 0.09470 0.07150 0.05957 0.05147 0.04508 0.03953 0.03441 0.02961 0.03257 0.07819 ( 1)  0.455 +-  0.943
 299 R   0.46211 0.09447 0.07137 0.05951 0.05145 0.04509 0.03957 0.03447 0.02968 0.03266 0.07962 ( 1)  0.462 +-  0.962
 300 I   0.46337 0.09470 0.07150 0.05957 0.05147 0.04508 0.03953 0.03441 0.02961 0.03257 0.07819 ( 1)  0.455 +-  0.943
 301 E   0.46729 0.09542 0.07189 0.05977 0.05153 0.04502 0.03939 0.03421 0.02937 0.03226 0.07385 ( 1)  0.435 +-  0.886
 302 P   0.46743 0.09544 0.07190 0.05977 0.05152 0.04502 0.03938 0.03420 0.02936 0.03224 0.07373 ( 1)  0.435 +-  0.885
 303 D   0.47077 0.09605 0.07223 0.05993 0.05155 0.04495 0.03925 0.03401 0.02914 0.03195 0.07017 ( 1)  0.419 +-  0.839
 304 S   0.46297 0.09463 0.07146 0.05955 0.05146 0.04508 0.03954 0.03443 0.02963 0.03260 0.07864 ( 1)  0.457 +-  0.949
 305 D   0.47077 0.09605 0.07223 0.05993 0.05155 0.04495 0.03925 0.03401 0.02914 0.03195 0.07017 ( 1)  0.419 +-  0.839
 306 G   0.47006 0.09592 0.07216 0.05989 0.05155 0.04497 0.03927 0.03405 0.02919 0.03201 0.07093 ( 1)  0.422 +-  0.850
 307 C   0.47060 0.09602 0.07221 0.05992 0.05155 0.04496 0.03926 0.03402 0.02915 0.03197 0.07034 ( 1)  0.420 +-  0.841
 308 N   0.46991 0.09590 0.07215 0.05989 0.05155 0.04498 0.03929 0.03406 0.02920 0.03203 0.07104 ( 1)  0.423 +-  0.850
 309 W   0.46600 0.09518 0.07176 0.05971 0.05151 0.04505 0.03944 0.03428 0.02946 0.03236 0.07525 ( 1)  0.441 +-  0.904
 310 R   0.46649 0.09527 0.07181 0.05973 0.05151 0.04503 0.03942 0.03425 0.02942 0.03232 0.07475 ( 1)  0.439 +-  0.898
 311 L   0.47136 0.09616 0.07228 0.05995 0.05155 0.04493 0.03921 0.03397 0.02909 0.03189 0.06962 ( 1)  0.417 +-  0.834
 312 R   0.46211 0.09447 0.07137 0.05951 0.05145 0.04509 0.03957 0.03447 0.02968 0.03266 0.07962 ( 1)  0.462 +-  0.962
 313 S   0.46137 0.09434 0.07130 0.05947 0.05143 0.04510 0.03959 0.03450 0.02972 0.03272 0.08048 ( 1)  0.466 +-  0.973
 314 K   0.46647 0.09527 0.07181 0.05973 0.05152 0.04504 0.03942 0.03426 0.02943 0.03233 0.07473 ( 1)  0.439 +-  0.897
 315 R   0.46211 0.09447 0.07137 0.05951 0.05145 0.04509 0.03957 0.03447 0.02968 0.03266 0.07962 ( 1)  0.462 +-  0.962
 316 S   0.46321 0.09467 0.07148 0.05956 0.05147 0.04508 0.03954 0.03442 0.02962 0.03258 0.07836 ( 1)  0.456 +-  0.945

Positively selected sites

	Prob(w>1)  mean w


