Supplemental results for CODEML (seqf: algn  treef: tree)


dN/dS (w) for site classes (K=8)

p:   0.12500  0.12500  0.12500  0.12500  0.12500  0.12500  0.12500  0.12500
w:   0.00031  0.00556  0.02156  0.05339  0.10724  0.19285  0.33003  0.58387

Naive Empirical Bayes (NEB) probabilities for 8 classes & postmean_w
(amino acids refer to 1st sequence: Hdim.3740)

   1 M   0.12500 0.12500 0.12500 0.12500 0.12500 0.12500 0.12500 0.12500 ( 1)  0.162
   2 W   0.12500 0.12500 0.12500 0.12500 0.12500 0.12500 0.12500 0.12500 ( 1)  0.162
   3 S   0.12500 0.12500 0.12500 0.12500 0.12500 0.12500 0.12500 0.12500 ( 1)  0.162
   4 K   0.12500 0.12500 0.12500 0.12500 0.12500 0.12500 0.12500 0.12500 ( 1)  0.162
   5 A   0.12500 0.12500 0.12500 0.12500 0.12500 0.12500 0.12500 0.12500 ( 1)  0.162
   6 A   0.12500 0.12500 0.12500 0.12500 0.12500 0.12500 0.12500 0.12500 ( 1)  0.162
   7 K   0.12500 0.12500 0.12500 0.12500 0.12500 0.12500 0.12500 0.12500 ( 1)  0.162
   8 L   0.12500 0.12500 0.12500 0.12500 0.12500 0.12500 0.12500 0.12500 ( 1)  0.162
   9 E   0.12500 0.12500 0.12500 0.12500 0.12500 0.12500 0.12500 0.12500 ( 1)  0.162
  10 H   0.12500 0.12500 0.12500 0.12500 0.12500 0.12500 0.12500 0.12500 ( 1)  0.162
  11 A   0.12500 0.12500 0.12500 0.12500 0.12500 0.12500 0.12500 0.12500 ( 1)  0.162
  12 I   0.12500 0.12500 0.12500 0.12500 0.12500 0.12500 0.12500 0.12500 ( 1)  0.162
  13 S   0.12500 0.12500 0.12500 0.12500 0.12500 0.12500 0.12500 0.12500 ( 1)  0.162
  14 R   0.12500 0.12500 0.12500 0.12500 0.12500 0.12500 0.12500 0.12500 ( 1)  0.162
  15 R   0.12500 0.12500 0.12500 0.12500 0.12500 0.12500 0.12500 0.12500 ( 1)  0.162
  16 P   0.12500 0.12500 0.12500 0.12500 0.12500 0.12500 0.12500 0.12500 ( 1)  0.162
  17 R   0.12500 0.12500 0.12500 0.12500 0.12500 0.12500 0.12500 0.12500 ( 1)  0.162
  18 S   0.12500 0.12500 0.12500 0.12500 0.12500 0.12500 0.12500 0.12500 ( 1)  0.162
  19 A   0.12500 0.12500 0.12500 0.12500 0.12500 0.12500 0.12500 0.12500 ( 1)  0.162
  20 V   0.12500 0.12500 0.12500 0.12500 0.12500 0.12500 0.12500 0.12500 ( 1)  0.162
  21 R   0.12500 0.12500 0.12500 0.12500 0.12500 0.12500 0.12500 0.12500 ( 1)  0.162
  22 P   0.12500 0.12500 0.12500 0.12500 0.12500 0.12500 0.12500 0.12500 ( 1)  0.162
  23 E   0.12500 0.12500 0.12500 0.12500 0.12500 0.12500 0.12500 0.12500 ( 1)  0.162
  24 I   0.12500 0.12500 0.12500 0.12500 0.12500 0.12500 0.12500 0.12500 ( 1)  0.162
  25 T   0.12500 0.12500 0.12500 0.12500 0.12500 0.12500 0.12500 0.12500 ( 1)  0.162
  26 R   0.12500 0.12500 0.12500 0.12500 0.12500 0.12500 0.12500 0.12500 ( 1)  0.162
  27 C   0.12500 0.12500 0.12500 0.12500 0.12500 0.12500 0.12500 0.12500 ( 1)  0.162
  28 R   0.12500 0.12500 0.12500 0.12500 0.12500 0.12500 0.12500 0.12500 ( 1)  0.162
  29 S   0.12500 0.12500 0.12500 0.12500 0.12500 0.12500 0.12500 0.12500 ( 1)  0.162
  30 S   0.12500 0.12500 0.12500 0.12500 0.12500 0.12500 0.12500 0.12500 ( 1)  0.162
  31 I   0.12500 0.12500 0.12500 0.12500 0.12500 0.12500 0.12500 0.12500 ( 1)  0.162
  32 L   0.12500 0.12500 0.12500 0.12500 0.12500 0.12500 0.12500 0.12500 ( 1)  0.162
  33 R   0.12500 0.12500 0.12500 0.12500 0.12500 0.12500 0.12500 0.12500 ( 1)  0.162
  34 D   0.12500 0.12500 0.12500 0.12500 0.12500 0.12500 0.12500 0.12500 ( 1)  0.162
  35 S   0.12500 0.12500 0.12500 0.12500 0.12500 0.12500 0.12500 0.12500 ( 1)  0.162
  36 E   0.12500 0.12500 0.12500 0.12500 0.12500 0.12500 0.12500 0.12500 ( 1)  0.162
  37 R   0.12500 0.12500 0.12500 0.12500 0.12500 0.12500 0.12500 0.12500 ( 1)  0.162
  38 I   0.12500 0.12500 0.12500 0.12500 0.12500 0.12500 0.12500 0.12500 ( 1)  0.162
  39 R   0.12500 0.12500 0.12500 0.12500 0.12500 0.12500 0.12500 0.12500 ( 1)  0.162
  40 R   0.12500 0.12500 0.12500 0.12500 0.12500 0.12500 0.12500 0.12500 ( 1)  0.162
  41 E   0.12500 0.12500 0.12500 0.12500 0.12500 0.12500 0.12500 0.12500 ( 1)  0.162
  42 I   0.12500 0.12500 0.12500 0.12500 0.12500 0.12500 0.12500 0.12500 ( 1)  0.162
  43 N   0.12500 0.12500 0.12500 0.12500 0.12500 0.12500 0.12500 0.12500 ( 1)  0.162
  44 R   0.12500 0.12500 0.12500 0.12500 0.12500 0.12500 0.12500 0.12500 ( 1)  0.162
  45 G   0.12500 0.12500 0.12500 0.12500 0.12500 0.12500 0.12500 0.12500 ( 1)  0.162
  46 V   0.12500 0.12500 0.12500 0.12500 0.12500 0.12500 0.12500 0.12500 ( 1)  0.162
  47 R   0.12500 0.12500 0.12500 0.12500 0.12500 0.12500 0.12500 0.12500 ( 1)  0.162
  48 S   0.12500 0.12500 0.12500 0.12500 0.12500 0.12500 0.12500 0.12500 ( 1)  0.162
  49 V   0.12500 0.12500 0.12500 0.12500 0.12500 0.12500 0.12500 0.12500 ( 1)  0.162
  50 A   0.12500 0.12500 0.12500 0.12500 0.12500 0.12500 0.12500 0.12500 ( 1)  0.162
  51 I   0.12500 0.12500 0.12500 0.12500 0.12500 0.12500 0.12500 0.12500 ( 1)  0.162
  52 F   0.12500 0.12500 0.12500 0.12500 0.12500 0.12500 0.12500 0.12500 ( 1)  0.162
  53 T   0.12500 0.12500 0.12500 0.12500 0.12500 0.12500 0.12500 0.12500 ( 1)  0.162
  54 S   0.12500 0.12500 0.12500 0.12500 0.12500 0.12500 0.12500 0.12500 ( 1)  0.162
  55 T   0.12500 0.12500 0.12500 0.12500 0.12500 0.12500 0.12500 0.12500 ( 1)  0.162
  56 S   0.12500 0.12500 0.12500 0.12500 0.12500 0.12500 0.12500 0.12500 ( 1)  0.162
  57 P   0.12500 0.12500 0.12500 0.12500 0.12500 0.12500 0.12500 0.12500 ( 1)  0.162
  58 H   0.12500 0.12500 0.12500 0.12500 0.12500 0.12500 0.12500 0.12500 ( 1)  0.162
  59 C   0.12500 0.12500 0.12500 0.12500 0.12500 0.12500 0.12500 0.12500 ( 1)  0.162
  60 P   0.12500 0.12500 0.12500 0.12500 0.12500 0.12500 0.12500 0.12500 ( 1)  0.162
  61 F   0.12500 0.12500 0.12500 0.12500 0.12500 0.12500 0.12500 0.12500 ( 1)  0.162
  62 Y   0.12500 0.12500 0.12500 0.12500 0.12500 0.12500 0.12500 0.12500 ( 1)  0.162
  63 K   0.12500 0.12500 0.12500 0.12500 0.12500 0.12500 0.12500 0.12500 ( 1)  0.162
  64 H   0.12500 0.12500 0.12500 0.12500 0.12500 0.12500 0.12500 0.12500 ( 1)  0.162
  65 Q   0.12500 0.12500 0.12500 0.12500 0.12500 0.12500 0.12500 0.12500 ( 1)  0.162
  66 C   0.12500 0.12500 0.12500 0.12500 0.12500 0.12500 0.12500 0.12500 ( 1)  0.162
  67 Q   0.12500 0.12500 0.12500 0.12500 0.12500 0.12500 0.12500 0.12500 ( 1)  0.162
  68 D   0.12500 0.12500 0.12500 0.12500 0.12500 0.12500 0.12500 0.12500 ( 1)  0.162
  69 Y   0.12500 0.12500 0.12500 0.12500 0.12500 0.12500 0.12500 0.12500 ( 1)  0.162
  70 K   0.12500 0.12500 0.12500 0.12500 0.12500 0.12500 0.12500 0.12500 ( 1)  0.162
  71 S   0.12500 0.12500 0.12500 0.12500 0.12500 0.12500 0.12500 0.12500 ( 1)  0.162
  72 Y   0.12500 0.12500 0.12500 0.12500 0.12500 0.12500 0.12500 0.12500 ( 1)  0.162
  73 L   0.12500 0.12500 0.12500 0.12500 0.12500 0.12500 0.12500 0.12500 ( 1)  0.162
  74 D   0.12500 0.12500 0.12500 0.12500 0.12500 0.12500 0.12500 0.12500 ( 1)  0.162
  75 K   0.12500 0.12500 0.12500 0.12500 0.12500 0.12500 0.12500 0.12500 ( 1)  0.162
  76 G   0.12500 0.12500 0.12500 0.12500 0.12500 0.12500 0.12500 0.12500 ( 1)  0.162
  77 G   0.12500 0.12500 0.12500 0.12500 0.12500 0.12500 0.12500 0.12500 ( 1)  0.162
  78 Y   0.12500 0.12500 0.12500 0.12500 0.12500 0.12500 0.12500 0.12500 ( 1)  0.162
  79 C   0.12500 0.12500 0.12500 0.12500 0.12500 0.12500 0.12500 0.12500 ( 1)  0.162
  80 Q   0.12500 0.12500 0.12500 0.12500 0.12500 0.12500 0.12500 0.12500 ( 1)  0.162
  81 G   0.12500 0.12500 0.12500 0.12500 0.12500 0.12500 0.12500 0.12500 ( 1)  0.162
  82 L   0.12500 0.12500 0.12500 0.12500 0.12500 0.12500 0.12500 0.12500 ( 1)  0.162
  83 E   0.12500 0.12500 0.12500 0.12500 0.12500 0.12500 0.12500 0.12500 ( 1)  0.162
  84 Y   0.12500 0.12500 0.12500 0.12500 0.12500 0.12500 0.12500 0.12500 ( 1)  0.162
  85 W   0.12500 0.12500 0.12500 0.12500 0.12500 0.12500 0.12500 0.12500 ( 1)  0.162
  86 T   0.12500 0.12500 0.12500 0.12500 0.12500 0.12500 0.12500 0.12500 ( 1)  0.162
  87 A   0.12500 0.12500 0.12500 0.12500 0.12500 0.12500 0.12500 0.12500 ( 1)  0.162
  88 I   0.12500 0.12500 0.12500 0.12500 0.12500 0.12500 0.12500 0.12500 ( 1)  0.162
  89 L   0.12500 0.12500 0.12500 0.12500 0.12500 0.12500 0.12500 0.12500 ( 1)  0.162
  90 L   0.12500 0.12500 0.12500 0.12500 0.12500 0.12500 0.12500 0.12500 ( 1)  0.162
  91 P   0.12500 0.12500 0.12500 0.12500 0.12500 0.12500 0.12500 0.12500 ( 1)  0.162
  92 Y   0.12500 0.12500 0.12500 0.12500 0.12500 0.12500 0.12500 0.12500 ( 1)  0.162
  93 Q   0.12500 0.12500 0.12500 0.12500 0.12500 0.12500 0.12500 0.12500 ( 1)  0.162
  94 C   0.12500 0.12500 0.12500 0.12500 0.12500 0.12500 0.12500 0.12500 ( 1)  0.162
  95 H   0.12500 0.12500 0.12500 0.12500 0.12500 0.12500 0.12500 0.12500 ( 1)  0.162
  96 R   0.12500 0.12500 0.12500 0.12500 0.12500 0.12500 0.12500 0.12500 ( 1)  0.162
  97 A   0.12500 0.12500 0.12500 0.12500 0.12500 0.12500 0.12500 0.12500 ( 1)  0.162
  98 I   0.12500 0.12500 0.12500 0.12500 0.12500 0.12500 0.12500 0.12500 ( 1)  0.162
  99 L   0.12500 0.12500 0.12500 0.12500 0.12500 0.12500 0.12500 0.12500 ( 1)  0.162
 100 L   0.12500 0.12500 0.12500 0.12500 0.12500 0.12500 0.12500 0.12500 ( 1)  0.162
 101 K   0.12500 0.12500 0.12500 0.12500 0.12500 0.12500 0.12500 0.12500 ( 1)  0.162
 102 C   0.12500 0.12500 0.12500 0.12500 0.12500 0.12500 0.12500 0.12500 ( 1)  0.162
 103 T   0.12500 0.12500 0.12500 0.12500 0.12500 0.12500 0.12500 0.12500 ( 1)  0.162
 104 V   0.12500 0.12500 0.12500 0.12500 0.12500 0.12500 0.12500 0.12500 ( 1)  0.162
 105 I   0.12500 0.12500 0.12500 0.12500 0.12500 0.12500 0.12500 0.12500 ( 1)  0.162
 106 Q   0.12500 0.12500 0.12500 0.12500 0.12500 0.12500 0.12500 0.12500 ( 1)  0.162


lnL =  -427.629705

