Supplemental results for CODEML (seqf: algn  treef: tree)


dN/dS (w) for site classes (K=8)

p:   0.12500  0.12500  0.12500  0.12500  0.12500  0.12500  0.12500  0.12500
w:   0.00000  0.00000  0.00000  0.00000  0.00000  0.00000  0.00073  0.47393

Naive Empirical Bayes (NEB) probabilities for 8 classes & postmean_w
(amino acids refer to 1st sequence: Mlig.13078)

   1 I   0.12664 0.12664 0.12664 0.12664 0.12664 0.12664 0.12662 0.11351 ( 3)  0.054
   2 S   0.12605 0.12605 0.12605 0.12605 0.12605 0.12605 0.12604 0.11766 ( 1)  0.056
   3 P   0.00000 0.00000 0.00000 0.00000 0.00000 0.00000 0.00156 0.99844 ( 8)  0.473
   4 A   0.12522 0.12522 0.12522 0.12522 0.12522 0.12522 0.12521 0.12349 ( 3)  0.059
   5 A   0.12656 0.12656 0.12656 0.12656 0.12656 0.12656 0.12654 0.11410 ( 3)  0.054
   6 R   0.12605 0.12605 0.12605 0.12605 0.12605 0.12605 0.12603 0.11768 ( 3)  0.056
   7 Q   0.12596 0.12596 0.12596 0.12596 0.12596 0.12596 0.12595 0.11830 ( 3)  0.056
   8 P   0.12617 0.12617 0.12617 0.12617 0.12617 0.12617 0.12615 0.11684 ( 3)  0.055
   9 A   0.12522 0.12522 0.12522 0.12522 0.12522 0.12522 0.12521 0.12349 ( 3)  0.059
  10 A   0.12522 0.12522 0.12522 0.12522 0.12522 0.12522 0.12521 0.12349 ( 3)  0.059
  11 A   0.12522 0.12522 0.12522 0.12522 0.12522 0.12522 0.12521 0.12349 ( 3)  0.059
  12 E   0.12540 0.12540 0.12540 0.12540 0.12540 0.12540 0.12540 0.12219 ( 1)  0.058
  13 A   0.12522 0.12522 0.12522 0.12522 0.12522 0.12522 0.12521 0.12349 ( 3)  0.059
  14 A   0.12656 0.12656 0.12656 0.12656 0.12656 0.12656 0.12654 0.11410 ( 3)  0.054
  15 T   0.12520 0.12520 0.12520 0.12520 0.12520 0.12520 0.12520 0.12360 ( 3)  0.059
  16 M   0.12673 0.12673 0.12673 0.12673 0.12673 0.12673 0.12671 0.11291 ( 3)  0.054
  17 S   0.12598 0.12598 0.12598 0.12598 0.12598 0.12598 0.12597 0.11814 ( 3)  0.056
  18 G   0.12651 0.12651 0.12651 0.12651 0.12651 0.12651 0.12649 0.11447 ( 1)  0.054
  19 R   0.12605 0.12605 0.12605 0.12605 0.12605 0.12605 0.12603 0.11768 ( 3)  0.056
  20 P   0.12617 0.12617 0.12617 0.12617 0.12617 0.12617 0.12616 0.11681 ( 3)  0.055
  21 I   0.12576 0.12576 0.12576 0.12576 0.12576 0.12576 0.12575 0.11967 ( 3)  0.057
  22 F   0.12622 0.12622 0.12622 0.12622 0.12622 0.12622 0.12621 0.11645 ( 3)  0.055
  23 K   0.12590 0.12590 0.12590 0.12590 0.12590 0.12590 0.12589 0.11871 ( 3)  0.056
  24 K   0.12660 0.12660 0.12660 0.12660 0.12660 0.12660 0.12658 0.11384 ( 1)  0.054
  25 S   0.12641 0.12641 0.12641 0.12641 0.12641 0.12641 0.12640 0.11512 ( 3)  0.055
  26 S   0.12641 0.12641 0.12641 0.12641 0.12641 0.12641 0.12640 0.11512 ( 3)  0.055
  27 S   0.00000 0.00000 0.00000 0.00000 0.00000 0.00000 0.00165 0.99835 ( 8)  0.473
  28 N   0.12666 0.12666 0.12666 0.12666 0.12666 0.12666 0.12664 0.11338 ( 1)  0.054
  29 S   0.12641 0.12641 0.12641 0.12641 0.12641 0.12641 0.12640 0.11512 ( 3)  0.055
  30 R   0.12611 0.12611 0.12611 0.12611 0.12611 0.12611 0.12610 0.11723 ( 1)  0.056
  31 L   0.12577 0.12577 0.12577 0.12577 0.12577 0.12577 0.12576 0.11960 ( 3)  0.057
  32 T   0.12646 0.12646 0.12646 0.12646 0.12646 0.12646 0.12644 0.11481 ( 3)  0.055
  33 C   0.12596 0.12596 0.12596 0.12596 0.12596 0.12596 0.12595 0.11830 ( 1)  0.056
  34 Y   0.12618 0.12618 0.12618 0.12618 0.12618 0.12618 0.12616 0.11679 ( 3)  0.055
  35 L   0.12589 0.12589 0.12589 0.12589 0.12589 0.12589 0.12588 0.11879 ( 3)  0.056
  36 G   0.12651 0.12651 0.12651 0.12651 0.12651 0.12651 0.12649 0.11447 ( 1)  0.054
  37 K   0.12660 0.12660 0.12660 0.12660 0.12660 0.12660 0.12658 0.11384 ( 1)  0.054
  38 R   0.12605 0.12605 0.12605 0.12605 0.12605 0.12605 0.12603 0.11768 ( 3)  0.056
  39 D   0.12668 0.12668 0.12668 0.12668 0.12668 0.12668 0.12666 0.11323 ( 1)  0.054
  40 Y   0.12618 0.12618 0.12618 0.12618 0.12618 0.12618 0.12616 0.11679 ( 3)  0.055
  41 F   0.12622 0.12622 0.12622 0.12622 0.12622 0.12622 0.12621 0.11645 ( 3)  0.055
  42 D   0.12668 0.12668 0.12668 0.12668 0.12668 0.12668 0.12666 0.11323 ( 1)  0.054
  43 D   0.12540 0.12540 0.12540 0.12540 0.12540 0.12540 0.12539 0.12221 ( 3)  0.058
  44 L   0.12589 0.12589 0.12589 0.12589 0.12589 0.12589 0.12588 0.11879 ( 3)  0.056
  45 A   0.12656 0.12656 0.12656 0.12656 0.12656 0.12656 0.12654 0.11410 ( 3)  0.054
  46 T   0.12646 0.12646 0.12646 0.12646 0.12646 0.12646 0.12644 0.11481 ( 3)  0.055
  47 M   0.12673 0.12673 0.12673 0.12673 0.12673 0.12673 0.12671 0.11291 ( 3)  0.054
  48 D   0.12668 0.12668 0.12668 0.12668 0.12668 0.12668 0.12666 0.11323 ( 1)  0.054
  49 L   0.12589 0.12589 0.12589 0.12589 0.12589 0.12589 0.12588 0.11879 ( 3)  0.056
  50 I   0.12664 0.12664 0.12664 0.12664 0.12664 0.12664 0.12662 0.11351 ( 3)  0.054
  51 D   0.12540 0.12540 0.12540 0.12540 0.12540 0.12540 0.12539 0.12221 ( 3)  0.058
  52 G   0.12651 0.12651 0.12651 0.12651 0.12651 0.12651 0.12649 0.11443 ( 1)  0.054
  53 A   0.12657 0.12657 0.12657 0.12657 0.12657 0.12657 0.12655 0.11406 ( 1)  0.054
  54 V   0.12656 0.12656 0.12656 0.12656 0.12656 0.12656 0.12654 0.11411 ( 3)  0.054
  55 L   0.12589 0.12589 0.12589 0.12589 0.12589 0.12589 0.12588 0.11879 ( 3)  0.056
  56 V   0.12656 0.12656 0.12656 0.12656 0.12656 0.12656 0.12654 0.11411 ( 3)  0.054
  57 D   0.12668 0.12668 0.12668 0.12668 0.12668 0.12668 0.12666 0.11323 ( 1)  0.054
  58 P   0.12617 0.12617 0.12617 0.12617 0.12617 0.12617 0.12615 0.11684 ( 3)  0.055
  59 G   0.12651 0.12651 0.12651 0.12651 0.12651 0.12651 0.12649 0.11443 ( 1)  0.054
  60 I   0.12664 0.12664 0.12664 0.12664 0.12664 0.12664 0.12662 0.11351 ( 3)  0.054
  61 G   0.12651 0.12651 0.12651 0.12651 0.12651 0.12651 0.12649 0.11443 ( 1)  0.054
  62 P   0.12617 0.12617 0.12617 0.12617 0.12617 0.12617 0.12616 0.11681 ( 3)  0.055
  63 D   0.12668 0.12668 0.12668 0.12668 0.12668 0.12668 0.12666 0.11323 ( 1)  0.054
  64 K   0.12660 0.12660 0.12660 0.12660 0.12660 0.12660 0.12658 0.11384 ( 1)  0.054
  65 K   0.12660 0.12660 0.12660 0.12660 0.12660 0.12660 0.12658 0.11384 ( 1)  0.054
  66 V   0.12656 0.12656 0.12656 0.12656 0.12656 0.12656 0.12654 0.11411 ( 3)  0.054
  67 F   0.12622 0.12622 0.12622 0.12622 0.12622 0.12622 0.12621 0.11645 ( 3)  0.055
  68 A   0.12657 0.12657 0.12657 0.12657 0.12657 0.12657 0.12655 0.11406 ( 1)  0.054
  69 H   0.12628 0.12628 0.12628 0.12628 0.12628 0.12628 0.12626 0.11605 ( 1)  0.055
  70 I   0.12664 0.12664 0.12664 0.12664 0.12664 0.12664 0.12662 0.11351 ( 3)  0.054
  71 K   0.12660 0.12660 0.12660 0.12660 0.12660 0.12660 0.12658 0.11384 ( 1)  0.054
  72 C   0.12596 0.12596 0.12596 0.12596 0.12596 0.12596 0.12595 0.11830 ( 1)  0.056
  73 E   0.12662 0.12662 0.12662 0.12662 0.12662 0.12662 0.12660 0.11370 ( 1)  0.054
  74 Y   0.12618 0.12618 0.12618 0.12618 0.12618 0.12618 0.12616 0.11679 ( 3)  0.055
  75 R   0.12605 0.12605 0.12605 0.12605 0.12605 0.12605 0.12603 0.11768 ( 3)  0.056
  76 Y   0.12618 0.12618 0.12618 0.12618 0.12618 0.12618 0.12616 0.11679 ( 3)  0.055
  77 G   0.12651 0.12651 0.12651 0.12651 0.12651 0.12651 0.12649 0.11447 ( 1)  0.054
  78 R   0.12605 0.12605 0.12605 0.12605 0.12605 0.12605 0.12603 0.11768 ( 3)  0.056
  79 G   0.12651 0.12651 0.12651 0.12651 0.12651 0.12651 0.12649 0.11447 ( 1)  0.054
  80 D   0.12668 0.12668 0.12668 0.12668 0.12668 0.12668 0.12666 0.11323 ( 1)  0.054
  81 M   0.12673 0.12673 0.12673 0.12673 0.12673 0.12673 0.12671 0.11291 ( 3)  0.054
  82 D   0.12668 0.12668 0.12668 0.12668 0.12668 0.12668 0.12666 0.11323 ( 1)  0.054
  83 N   0.12535 0.12535 0.12535 0.12535 0.12535 0.12535 0.12534 0.12256 ( 3)  0.058
  84 V   0.12655 0.12655 0.12655 0.12655 0.12655 0.12655 0.12653 0.11415 ( 1)  0.054
  85 M   0.12673 0.12673 0.12673 0.12673 0.12673 0.12673 0.12671 0.11291 ( 3)  0.054
  86 N   0.12666 0.12666 0.12666 0.12666 0.12666 0.12666 0.12664 0.11338 ( 1)  0.054
  87 G   0.12651 0.12651 0.12651 0.12651 0.12651 0.12651 0.12649 0.11447 ( 1)  0.054
  88 V   0.12655 0.12655 0.12655 0.12655 0.12655 0.12655 0.12653 0.11415 ( 1)  0.054
  89 S   0.12598 0.12598 0.12598 0.12598 0.12598 0.12598 0.12597 0.11814 ( 3)  0.056
  90 F   0.12622 0.12622 0.12622 0.12622 0.12622 0.12622 0.12621 0.11645 ( 3)  0.055
  91 K   0.12660 0.12660 0.12660 0.12660 0.12660 0.12660 0.12658 0.11384 ( 1)  0.054
  92 K   0.12660 0.12660 0.12660 0.12660 0.12660 0.12660 0.12658 0.11384 ( 1)  0.054
  93 D   0.12668 0.12668 0.12668 0.12668 0.12668 0.12668 0.12666 0.11323 ( 1)  0.054
  94 F   0.12622 0.12622 0.12622 0.12622 0.12622 0.12622 0.12621 0.11645 ( 3)  0.055
  95 F   0.12622 0.12622 0.12622 0.12622 0.12622 0.12622 0.12621 0.11645 ( 3)  0.055
  96 F   0.12622 0.12622 0.12622 0.12622 0.12622 0.12622 0.12621 0.11645 ( 3)  0.055
  97 A   0.12656 0.12656 0.12656 0.12656 0.12656 0.12656 0.12654 0.11410 ( 3)  0.054
  98 A   0.12656 0.12656 0.12656 0.12656 0.12656 0.12656 0.12654 0.11410 ( 3)  0.054
  99 T   0.12646 0.12646 0.12646 0.12646 0.12646 0.12646 0.12644 0.11477 ( 3)  0.054
 100 Q   0.12596 0.12596 0.12596 0.12596 0.12596 0.12596 0.12595 0.11830 ( 3)  0.056
 101 V   0.12655 0.12655 0.12655 0.12655 0.12655 0.12655 0.12653 0.11415 ( 1)  0.054
 102 Y   0.12618 0.12618 0.12618 0.12618 0.12618 0.12618 0.12616 0.11679 ( 3)  0.055
 103 P   0.12617 0.12617 0.12617 0.12617 0.12617 0.12617 0.12616 0.11681 ( 3)  0.055
 104 S   0.12525 0.12525 0.12525 0.12525 0.12525 0.12525 0.12525 0.12325 ( 1)  0.059
 105 E   0.12662 0.12662 0.12662 0.12662 0.12662 0.12662 0.12660 0.11370 ( 1)  0.054
 106 T   0.12646 0.12646 0.12646 0.12646 0.12646 0.12646 0.12644 0.11477 ( 3)  0.054
 107 P   0.12516 0.12516 0.12516 0.12516 0.12516 0.12516 0.12516 0.12389 ( 3)  0.059
 108 A   0.12656 0.12656 0.12656 0.12656 0.12656 0.12656 0.12654 0.11410 ( 3)  0.054
 109 K   0.12660 0.12660 0.12660 0.12660 0.12660 0.12660 0.12658 0.11384 ( 1)  0.054
 110 K   0.12660 0.12660 0.12660 0.12660 0.12660 0.12660 0.12658 0.11384 ( 1)  0.054
 111 L   0.12618 0.12618 0.12618 0.12618 0.12618 0.12618 0.12616 0.11676 ( 3)  0.055
 112 T   0.12646 0.12646 0.12646 0.12646 0.12646 0.12646 0.12644 0.11477 ( 3)  0.054
 113 P   0.12617 0.12617 0.12617 0.12617 0.12617 0.12617 0.12616 0.11681 ( 3)  0.055
 114 L   0.12589 0.12589 0.12589 0.12589 0.12589 0.12589 0.12588 0.11879 ( 3)  0.056
 115 Q   0.12596 0.12596 0.12596 0.12596 0.12596 0.12596 0.12595 0.11830 ( 3)  0.056
 116 S   0.12598 0.12598 0.12598 0.12598 0.12598 0.12598 0.12597 0.11814 ( 3)  0.056
 117 S   0.12641 0.12641 0.12641 0.12641 0.12641 0.12641 0.12640 0.11512 ( 3)  0.055
 118 L   0.12589 0.12589 0.12589 0.12589 0.12589 0.12589 0.12588 0.11879 ( 3)  0.056
 119 L   0.12589 0.12589 0.12589 0.12589 0.12589 0.12589 0.12588 0.11879 ( 3)  0.056
 120 S   0.12598 0.12598 0.12598 0.12598 0.12598 0.12598 0.12597 0.11814 ( 3)  0.056
 121 K   0.12660 0.12660 0.12660 0.12660 0.12660 0.12660 0.12658 0.11384 ( 1)  0.054
 122 F   0.12622 0.12622 0.12622 0.12622 0.12622 0.12622 0.12621 0.11645 ( 3)  0.055
 123 S   0.12598 0.12598 0.12598 0.12598 0.12598 0.12598 0.12597 0.11814 ( 3)  0.056
 124 N   0.12666 0.12666 0.12666 0.12666 0.12666 0.12666 0.12664 0.11338 ( 1)  0.054
 125 A   0.12657 0.12657 0.12657 0.12657 0.12657 0.12657 0.12655 0.11406 ( 1)  0.054
 126 H   0.12529 0.12529 0.12529 0.12529 0.12529 0.12529 0.12529 0.12297 ( 1)  0.058
 127 P   0.12617 0.12617 0.12617 0.12617 0.12617 0.12617 0.12616 0.11681 ( 3)  0.055
 128 F   0.12622 0.12622 0.12622 0.12622 0.12622 0.12622 0.12621 0.11645 ( 3)  0.055
 129 S   0.12641 0.12641 0.12641 0.12641 0.12641 0.12641 0.12640 0.11512 ( 3)  0.055
 130 F   0.12622 0.12622 0.12622 0.12622 0.12622 0.12622 0.12621 0.11645 ( 3)  0.055
 131 Q   0.12596 0.12596 0.12596 0.12596 0.12596 0.12596 0.12595 0.11830 ( 3)  0.056
 132 L   0.12589 0.12589 0.12589 0.12589 0.12589 0.12589 0.12588 0.11879 ( 3)  0.056
 133 P   0.12617 0.12617 0.12617 0.12617 0.12617 0.12617 0.12616 0.11681 ( 3)  0.055
 134 H   0.12628 0.12628 0.12628 0.12628 0.12628 0.12628 0.12626 0.11605 ( 1)  0.055
 135 D   0.12668 0.12668 0.12668 0.12668 0.12668 0.12668 0.12666 0.11323 ( 1)  0.054
 136 I   0.12664 0.12664 0.12664 0.12664 0.12664 0.12664 0.12662 0.11351 ( 3)  0.054
 137 P   0.12617 0.12617 0.12617 0.12617 0.12617 0.12617 0.12616 0.11681 ( 3)  0.055
 138 P   0.12617 0.12617 0.12617 0.12617 0.12617 0.12617 0.12616 0.11681 ( 3)  0.055
 139 S   0.12598 0.12598 0.12598 0.12598 0.12598 0.12598 0.12597 0.11814 ( 3)  0.056
 140 L   0.12589 0.12589 0.12589 0.12589 0.12589 0.12589 0.12588 0.11879 ( 3)  0.056
 141 M   0.12673 0.12673 0.12673 0.12673 0.12673 0.12673 0.12671 0.11291 ( 3)  0.054
 142 I   0.12664 0.12664 0.12664 0.12664 0.12664 0.12664 0.12662 0.11351 ( 3)  0.054
 143 Q   0.12596 0.12596 0.12596 0.12596 0.12596 0.12596 0.12595 0.11830 ( 3)  0.056
 144 S   0.12641 0.12641 0.12641 0.12641 0.12641 0.12641 0.12640 0.11512 ( 3)  0.055
 145 T   0.12646 0.12646 0.12646 0.12646 0.12646 0.12646 0.12644 0.11477 ( 3)  0.054
 146 A   0.12657 0.12657 0.12657 0.12657 0.12657 0.12657 0.12655 0.11406 ( 1)  0.054
 147 V   0.12656 0.12656 0.12656 0.12656 0.12656 0.12656 0.12654 0.11411 ( 3)  0.054
 148 S   0.12598 0.12598 0.12598 0.12598 0.12598 0.12598 0.12597 0.11814 ( 3)  0.056
 149 D   0.12668 0.12668 0.12668 0.12668 0.12668 0.12668 0.12666 0.11323 ( 1)  0.054
 150 G   0.12651 0.12651 0.12651 0.12651 0.12651 0.12651 0.12649 0.11447 ( 1)  0.054
 151 S   0.12598 0.12598 0.12598 0.12598 0.12598 0.12598 0.12597 0.11814 ( 3)  0.056
 152 Q   0.12596 0.12596 0.12596 0.12596 0.12596 0.12596 0.12595 0.11830 ( 3)  0.056
 153 E   0.12662 0.12662 0.12662 0.12662 0.12662 0.12662 0.12660 0.11370 ( 1)  0.054
 154 E   0.12662 0.12662 0.12662 0.12662 0.12662 0.12662 0.12660 0.11370 ( 1)  0.054
 155 E   0.12662 0.12662 0.12662 0.12662 0.12662 0.12662 0.12660 0.11370 ( 1)  0.054
 156 P   0.12617 0.12617 0.12617 0.12617 0.12617 0.12617 0.12615 0.11684 ( 3)  0.055
 157 C   0.12596 0.12596 0.12596 0.12596 0.12596 0.12596 0.12595 0.11830 ( 1)  0.056
 158 G   0.12520 0.12520 0.12520 0.12520 0.12520 0.12520 0.12520 0.12359 ( 3)  0.059
 159 V   0.12655 0.12655 0.12655 0.12655 0.12655 0.12655 0.12653 0.11415 ( 1)  0.054
 160 E   0.12540 0.12540 0.12540 0.12540 0.12540 0.12540 0.12540 0.12219 ( 1)  0.058
 161 Y   0.12618 0.12618 0.12618 0.12618 0.12618 0.12618 0.12616 0.11679 ( 3)  0.055
 162 Y   0.12618 0.12618 0.12618 0.12618 0.12618 0.12618 0.12616 0.11679 ( 3)  0.055
 163 V   0.12656 0.12656 0.12656 0.12656 0.12656 0.12656 0.12654 0.11411 ( 3)  0.054
 164 Q   0.12596 0.12596 0.12596 0.12596 0.12596 0.12596 0.12595 0.11830 ( 3)  0.056
 165 V   0.12656 0.12656 0.12656 0.12656 0.12656 0.12656 0.12654 0.11411 ( 3)  0.054
 166 F   0.12622 0.12622 0.12622 0.12622 0.12622 0.12622 0.12621 0.11645 ( 3)  0.055
 167 V   0.12520 0.12520 0.12520 0.12520 0.12520 0.12520 0.12520 0.12360 ( 3)  0.059
 168 A   0.12520 0.12520 0.12520 0.12520 0.12520 0.12520 0.12520 0.12360 ( 1)  0.059
 169 R   0.12636 0.12636 0.12636 0.12636 0.12636 0.12636 0.12634 0.11553 ( 3)  0.055
 170 R   0.12611 0.12611 0.12611 0.12611 0.12611 0.12611 0.12610 0.11723 ( 1)  0.056
 171 K   0.12535 0.12535 0.12535 0.12535 0.12535 0.12535 0.12535 0.12254 ( 1)  0.058
 172 D   0.12668 0.12668 0.12668 0.12668 0.12668 0.12668 0.12666 0.11323 ( 1)  0.054
 173 D   0.12668 0.12668 0.12668 0.12668 0.12668 0.12668 0.12666 0.11323 ( 1)  0.054
 174 Q   0.12596 0.12596 0.12596 0.12596 0.12596 0.12596 0.12595 0.11830 ( 3)  0.056
 175 P   0.12617 0.12617 0.12617 0.12617 0.12617 0.12617 0.12616 0.11681 ( 3)  0.055
 176 Q   0.12596 0.12596 0.12596 0.12596 0.12596 0.12596 0.12595 0.11830 ( 3)  0.056
 177 G   0.12651 0.12651 0.12651 0.12651 0.12651 0.12651 0.12649 0.11447 ( 1)  0.054
 178 H   0.12628 0.12628 0.12628 0.12628 0.12628 0.12628 0.12626 0.11605 ( 1)  0.055
 179 S   0.12598 0.12598 0.12598 0.12598 0.12598 0.12598 0.12597 0.11814 ( 3)  0.056
 180 S   0.12605 0.12605 0.12605 0.12605 0.12605 0.12605 0.12604 0.11766 ( 1)  0.056
 181 V   0.12656 0.12656 0.12656 0.12656 0.12656 0.12656 0.12654 0.11411 ( 3)  0.054
 182 K   0.12660 0.12660 0.12660 0.12660 0.12660 0.12660 0.12658 0.11384 ( 1)  0.054
 183 M   0.12673 0.12673 0.12673 0.12673 0.12673 0.12673 0.12671 0.11291 ( 3)  0.054
 184 A   0.12656 0.12656 0.12656 0.12656 0.12656 0.12656 0.12654 0.11410 ( 3)  0.054
 185 I   0.12664 0.12664 0.12664 0.12664 0.12664 0.12664 0.12662 0.11351 ( 3)  0.054
 186 R   0.12605 0.12605 0.12605 0.12605 0.12605 0.12605 0.12603 0.11768 ( 3)  0.056
 187 R   0.12605 0.12605 0.12605 0.12605 0.12605 0.12605 0.12603 0.11768 ( 3)  0.056
 188 L   0.12601 0.12601 0.12601 0.12601 0.12601 0.12601 0.12600 0.11791 ( 3)  0.056
 189 T   0.12646 0.12646 0.12646 0.12646 0.12646 0.12646 0.12644 0.11481 ( 3)  0.055
 190 C   0.12596 0.12596 0.12596 0.12596 0.12596 0.12596 0.12595 0.11830 ( 1)  0.056
 191 V   0.12656 0.12656 0.12656 0.12656 0.12656 0.12656 0.12654 0.11411 ( 3)  0.054
 192 S   0.12605 0.12605 0.12605 0.12605 0.12605 0.12605 0.12604 0.11766 ( 1)  0.056
 193 P   0.12516 0.12516 0.12516 0.12516 0.12516 0.12516 0.12516 0.12389 ( 3)  0.059
 194 K   0.12660 0.12660 0.12660 0.12660 0.12660 0.12660 0.12658 0.11384 ( 1)  0.054
 195 P   0.12617 0.12617 0.12617 0.12617 0.12617 0.12617 0.12615 0.11684 ( 3)  0.055
 196 G   0.12520 0.12520 0.12520 0.12520 0.12520 0.12520 0.12520 0.12359 ( 3)  0.059
 197 E   0.12662 0.12662 0.12662 0.12662 0.12662 0.12662 0.12660 0.11370 ( 1)  0.054
 198 V   0.12655 0.12655 0.12655 0.12655 0.12655 0.12655 0.12653 0.11415 ( 1)  0.054
 199 G   0.12595 0.12595 0.12595 0.12595 0.12595 0.12595 0.12594 0.11837 ( 3)  0.056
 200 R   0.12636 0.12636 0.12636 0.12636 0.12636 0.12636 0.12634 0.11553 ( 3)  0.055
 201 P   0.12617 0.12617 0.12617 0.12617 0.12617 0.12617 0.12616 0.11681 ( 3)  0.055
 202 L   0.00000 0.00000 0.00000 0.00000 0.00000 0.00000 0.00162 0.99838 ( 8)  0.473
 203 A   0.12657 0.12657 0.12657 0.12657 0.12657 0.12657 0.12655 0.11406 ( 1)  0.054
 204 E   0.12662 0.12662 0.12662 0.12662 0.12662 0.12662 0.12660 0.11370 ( 1)  0.054
 205 I   0.12664 0.12664 0.12664 0.12664 0.12664 0.12664 0.12662 0.11351 ( 3)  0.054
 206 N   0.12666 0.12666 0.12666 0.12666 0.12666 0.12666 0.12664 0.11338 ( 1)  0.054
 207 K   0.12660 0.12660 0.12660 0.12660 0.12660 0.12660 0.12658 0.11384 ( 1)  0.054
 208 A   0.12656 0.12656 0.12656 0.12656 0.12656 0.12656 0.12654 0.11410 ( 3)  0.054
 209 F   0.12622 0.12622 0.12622 0.12622 0.12622 0.12622 0.12621 0.11645 ( 3)  0.055
 210 H   0.12628 0.12628 0.12628 0.12628 0.12628 0.12628 0.12626 0.11605 ( 1)  0.055
 211 L   0.12584 0.12584 0.12584 0.12584 0.12584 0.12584 0.12583 0.11913 ( 3)  0.057
 212 H   0.12628 0.12628 0.12628 0.12628 0.12628 0.12628 0.12626 0.11605 ( 1)  0.055
 213 S   0.12605 0.12605 0.12605 0.12605 0.12605 0.12605 0.12604 0.11766 ( 1)  0.056
 214 G   0.12651 0.12651 0.12651 0.12651 0.12651 0.12651 0.12649 0.11447 ( 1)  0.054
 215 S   0.12641 0.12641 0.12641 0.12641 0.12641 0.12641 0.12640 0.11512 ( 3)  0.055
 216 V   0.12656 0.12656 0.12656 0.12656 0.12656 0.12656 0.12654 0.11411 ( 3)  0.054
 217 R   0.12605 0.12605 0.12605 0.12605 0.12605 0.12605 0.12603 0.11768 ( 3)  0.056
 218 L   0.12546 0.12546 0.12546 0.12546 0.12546 0.12546 0.12545 0.12179 ( 3)  0.058
 219 E   0.12662 0.12662 0.12662 0.12662 0.12662 0.12662 0.12660 0.11370 ( 1)  0.054
 220 V   0.12655 0.12655 0.12655 0.12655 0.12655 0.12655 0.12653 0.11415 ( 1)  0.054
 221 S   0.12598 0.12598 0.12598 0.12598 0.12598 0.12598 0.12597 0.11814 ( 3)  0.056
 222 L   0.12589 0.12589 0.12589 0.12589 0.12589 0.12589 0.12588 0.11879 ( 3)  0.056
 223 A   0.12656 0.12656 0.12656 0.12656 0.12656 0.12656 0.12654 0.11410 ( 3)  0.054
 224 K   0.12660 0.12660 0.12660 0.12660 0.12660 0.12660 0.12658 0.11384 ( 1)  0.054
 225 E   0.12662 0.12662 0.12662 0.12662 0.12662 0.12662 0.12660 0.11370 ( 1)  0.054
 226 L   0.12589 0.12589 0.12589 0.12589 0.12589 0.12589 0.12588 0.11879 ( 3)  0.056
 227 H   0.00000 0.00000 0.00000 0.00000 0.00000 0.00000 0.00167 0.99833 ( 8)  0.473
 228 H   0.12628 0.12628 0.12628 0.12628 0.12628 0.12628 0.12626 0.11605 ( 1)  0.055
 229 H   0.12628 0.12628 0.12628 0.12628 0.12628 0.12628 0.12626 0.11605 ( 1)  0.055
 230 G   0.12651 0.12651 0.12651 0.12651 0.12651 0.12651 0.12649 0.11447 ( 1)  0.054
 231 E   0.12662 0.12662 0.12662 0.12662 0.12662 0.12662 0.12660 0.11370 ( 1)  0.054
 232 P   0.12516 0.12516 0.12516 0.12516 0.12516 0.12516 0.12516 0.12389 ( 3)  0.059
 233 V   0.12656 0.12656 0.12656 0.12656 0.12656 0.12656 0.12654 0.11411 ( 3)  0.054
 234 L   0.12589 0.12589 0.12589 0.12589 0.12589 0.12589 0.12588 0.11879 ( 3)  0.056
 235 V   0.12655 0.12655 0.12655 0.12655 0.12655 0.12655 0.12653 0.11415 ( 1)  0.054
 236 S   0.12641 0.12641 0.12641 0.12641 0.12641 0.12641 0.12640 0.11512 ( 3)  0.055
 237 V   0.12656 0.12656 0.12656 0.12656 0.12656 0.12656 0.12654 0.11411 ( 3)  0.054
 238 V   0.12656 0.12656 0.12656 0.12656 0.12656 0.12656 0.12654 0.11411 ( 3)  0.054
 239 I   0.12664 0.12664 0.12664 0.12664 0.12664 0.12664 0.12662 0.11351 ( 3)  0.054
 240 D   0.12668 0.12668 0.12668 0.12668 0.12668 0.12668 0.12666 0.11323 ( 1)  0.054
 241 N   0.12666 0.12666 0.12666 0.12666 0.12666 0.12666 0.12664 0.11338 ( 1)  0.054
 242 Y   0.12618 0.12618 0.12618 0.12618 0.12618 0.12618 0.12616 0.11679 ( 3)  0.055
 243 S   0.12513 0.12513 0.12513 0.12513 0.12513 0.12513 0.12513 0.12411 ( 3)  0.059
 244 S   0.12641 0.12641 0.12641 0.12641 0.12641 0.12641 0.12640 0.11512 ( 3)  0.055
 245 N   0.12666 0.12666 0.12666 0.12666 0.12666 0.12666 0.12664 0.11338 ( 1)  0.054
 246 V   0.12656 0.12656 0.12656 0.12656 0.12656 0.12656 0.12654 0.11411 ( 3)  0.054
 247 V   0.12599 0.12599 0.12599 0.12599 0.12599 0.12599 0.12598 0.11805 ( 1)  0.056
 248 K   0.12660 0.12660 0.12660 0.12660 0.12660 0.12660 0.12658 0.11384 ( 1)  0.054
 249 G   0.12651 0.12651 0.12651 0.12651 0.12651 0.12651 0.12649 0.11447 ( 1)  0.054
 250 L   0.12618 0.12618 0.12618 0.12618 0.12618 0.12618 0.12616 0.11676 ( 3)  0.055
 251 S   0.12641 0.12641 0.12641 0.12641 0.12641 0.12641 0.12640 0.11512 ( 3)  0.055
 252 L   0.12589 0.12589 0.12589 0.12589 0.12589 0.12589 0.12588 0.11879 ( 3)  0.056
 253 K   0.12660 0.12660 0.12660 0.12660 0.12660 0.12660 0.12658 0.11384 ( 1)  0.054
 254 L   0.12589 0.12589 0.12589 0.12589 0.12589 0.12589 0.12588 0.11879 ( 3)  0.056
 255 L   0.12589 0.12589 0.12589 0.12589 0.12589 0.12589 0.12588 0.11879 ( 3)  0.056
 256 Q   0.12596 0.12596 0.12596 0.12596 0.12596 0.12596 0.12595 0.11830 ( 3)  0.056
 257 L   0.12618 0.12618 0.12618 0.12618 0.12618 0.12618 0.12616 0.11676 ( 3)  0.055
 258 I   0.12664 0.12664 0.12664 0.12664 0.12664 0.12664 0.12662 0.11351 ( 3)  0.054
 259 E   0.12662 0.12662 0.12662 0.12662 0.12662 0.12662 0.12660 0.11370 ( 1)  0.054
 260 I   0.12664 0.12664 0.12664 0.12664 0.12664 0.12664 0.12662 0.11351 ( 3)  0.054
 261 T   0.12646 0.12646 0.12646 0.12646 0.12646 0.12646 0.12644 0.11477 ( 3)  0.054
 262 L   0.12589 0.12589 0.12589 0.12589 0.12589 0.12589 0.12588 0.11879 ( 3)  0.056
 263 F   0.12622 0.12622 0.12622 0.12622 0.12622 0.12622 0.12621 0.11645 ( 3)  0.055
 264 K   0.12660 0.12660 0.12660 0.12660 0.12660 0.12660 0.12658 0.11384 ( 1)  0.054
 265 E   0.12662 0.12662 0.12662 0.12662 0.12662 0.12662 0.12660 0.11370 ( 1)  0.054
 266 K   0.12660 0.12660 0.12660 0.12660 0.12660 0.12660 0.12658 0.11384 ( 1)  0.054
 267 A   0.12656 0.12656 0.12656 0.12656 0.12656 0.12656 0.12654 0.11410 ( 3)  0.054
 268 I   0.12532 0.12532 0.12532 0.12532 0.12532 0.12532 0.12532 0.12277 ( 3)  0.058
 269 K   0.12660 0.12660 0.12660 0.12660 0.12660 0.12660 0.12658 0.11384 ( 1)  0.054
 270 N   0.12666 0.12666 0.12666 0.12666 0.12666 0.12666 0.12664 0.11338 ( 1)  0.054
 271 V   0.12655 0.12655 0.12655 0.12655 0.12655 0.12655 0.12653 0.11415 ( 1)  0.054
 272 I   0.12664 0.12664 0.12664 0.12664 0.12664 0.12664 0.12662 0.11351 ( 3)  0.054
 273 C   0.12596 0.12596 0.12596 0.12596 0.12596 0.12596 0.12595 0.11830 ( 1)  0.056
 274 S   0.12641 0.12641 0.12641 0.12641 0.12641 0.12641 0.12640 0.11512 ( 3)  0.055
 275 E   0.12662 0.12662 0.12662 0.12662 0.12662 0.12662 0.12660 0.11370 ( 1)  0.054
 276 S   0.12598 0.12598 0.12598 0.12598 0.12598 0.12598 0.12597 0.11814 ( 3)  0.056
 277 V   0.12656 0.12656 0.12656 0.12656 0.12656 0.12656 0.12654 0.11411 ( 3)  0.054
 278 E   0.12662 0.12662 0.12662 0.12662 0.12662 0.12662 0.12660 0.11370 ( 1)  0.054
 279 K   0.12660 0.12660 0.12660 0.12660 0.12660 0.12660 0.12658 0.11384 ( 1)  0.054
 280 G   0.12651 0.12651 0.12651 0.12651 0.12651 0.12651 0.12649 0.11447 ( 1)  0.054
 281 F   0.12566 0.12566 0.12566 0.12566 0.12566 0.12566 0.12565 0.12037 ( 3)  0.057
 282 P   0.12617 0.12617 0.12617 0.12617 0.12617 0.12617 0.12616 0.11681 ( 3)  0.055
 283 L   0.12589 0.12589 0.12589 0.12589 0.12589 0.12589 0.12588 0.11879 ( 3)  0.056
 284 A   0.12656 0.12656 0.12656 0.12656 0.12656 0.12656 0.12654 0.11410 ( 3)  0.054
 285 P   0.12515 0.12515 0.12515 0.12515 0.12515 0.12515 0.12515 0.12397 ( 1)  0.059
 286 G   0.12520 0.12520 0.12520 0.12520 0.12520 0.12520 0.12520 0.12359 ( 3)  0.059
 287 Q   0.12596 0.12596 0.12596 0.12596 0.12596 0.12596 0.12595 0.11830 ( 3)  0.056
 288 A   0.12520 0.12520 0.12520 0.12520 0.12520 0.12520 0.12520 0.12360 ( 1)  0.059
 289 G   0.12651 0.12651 0.12651 0.12651 0.12651 0.12651 0.12649 0.11447 ( 1)  0.054
 290 W   0.12563 0.12563 0.12563 0.12563 0.12563 0.12563 0.12563 0.12057 ( 3)  0.057
 291 C   0.12596 0.12596 0.12596 0.12596 0.12596 0.12596 0.12595 0.11830 ( 1)  0.056
 292 E   0.12662 0.12662 0.12662 0.12662 0.12662 0.12662 0.12660 0.11370 ( 1)  0.054
 293 T   0.12646 0.12646 0.12646 0.12646 0.12646 0.12646 0.12644 0.11477 ( 3)  0.054
 294 F   0.12622 0.12622 0.12622 0.12622 0.12622 0.12622 0.12621 0.11645 ( 3)  0.055
 295 K   0.12660 0.12660 0.12660 0.12660 0.12660 0.12660 0.12658 0.11384 ( 1)  0.054
 296 L   0.12589 0.12589 0.12589 0.12589 0.12589 0.12589 0.12588 0.11879 ( 3)  0.056
 297 R   0.12605 0.12605 0.12605 0.12605 0.12605 0.12605 0.12603 0.11768 ( 3)  0.056
 298 P   0.12617 0.12617 0.12617 0.12617 0.12617 0.12617 0.12615 0.11684 ( 3)  0.055
 299 N   0.12666 0.12666 0.12666 0.12666 0.12666 0.12666 0.12664 0.11338 ( 1)  0.054
 300 L   0.12589 0.12589 0.12589 0.12589 0.12589 0.12589 0.12588 0.11879 ( 3)  0.056
 301 A   0.12520 0.12520 0.12520 0.12520 0.12520 0.12520 0.12520 0.12360 ( 1)  0.059
 302 D   0.12668 0.12668 0.12668 0.12668 0.12668 0.12668 0.12666 0.11323 ( 1)  0.054
 303 N   0.12666 0.12666 0.12666 0.12666 0.12666 0.12666 0.12664 0.11338 ( 1)  0.054
 304 R   0.12611 0.12611 0.12611 0.12611 0.12611 0.12611 0.12610 0.11723 ( 1)  0.056
 305 N   0.12666 0.12666 0.12666 0.12666 0.12666 0.12666 0.12664 0.11338 ( 1)  0.054
 306 K   0.12660 0.12660 0.12660 0.12660 0.12660 0.12660 0.12658 0.11384 ( 1)  0.054
 307 A   0.12520 0.12520 0.12520 0.12520 0.12520 0.12520 0.12520 0.12360 ( 1)  0.059
 308 G   0.12519 0.12519 0.12519 0.12519 0.12519 0.12519 0.12519 0.12365 ( 1)  0.059
 309 V   0.12656 0.12656 0.12656 0.12656 0.12656 0.12656 0.12654 0.11411 ( 3)  0.054
 310 A   0.12520 0.12520 0.12520 0.12520 0.12520 0.12520 0.12520 0.12360 ( 1)  0.059
 311 L   0.12589 0.12589 0.12589 0.12589 0.12589 0.12589 0.12588 0.11879 ( 3)  0.056
 312 D   0.12668 0.12668 0.12668 0.12668 0.12668 0.12668 0.12666 0.11323 ( 1)  0.054
 313 G   0.12651 0.12651 0.12651 0.12651 0.12651 0.12651 0.12649 0.11443 ( 1)  0.054
 314 K   0.12660 0.12660 0.12660 0.12660 0.12660 0.12660 0.12658 0.11384 ( 1)  0.054
 315 M   0.12673 0.12673 0.12673 0.12673 0.12673 0.12673 0.12671 0.11291 ( 3)  0.054
 316 K   0.12660 0.12660 0.12660 0.12660 0.12660 0.12660 0.12658 0.11384 ( 1)  0.054
 317 Y   0.12618 0.12618 0.12618 0.12618 0.12618 0.12618 0.12616 0.11679 ( 3)  0.055
 318 Q   0.12596 0.12596 0.12596 0.12596 0.12596 0.12596 0.12595 0.11830 ( 3)  0.056
 319 D   0.12668 0.12668 0.12668 0.12668 0.12668 0.12668 0.12666 0.11323 ( 1)  0.054
 320 T   0.12646 0.12646 0.12646 0.12646 0.12646 0.12646 0.12644 0.11477 ( 3)  0.054
 321 N   0.12666 0.12666 0.12666 0.12666 0.12666 0.12666 0.12664 0.11338 ( 1)  0.054
 322 L   0.12589 0.12589 0.12589 0.12589 0.12589 0.12589 0.12588 0.11879 ( 3)  0.056
 323 A   0.12656 0.12656 0.12656 0.12656 0.12656 0.12656 0.12654 0.11410 ( 3)  0.054
 324 S   0.12641 0.12641 0.12641 0.12641 0.12641 0.12641 0.12640 0.11512 ( 3)  0.055
 325 S   0.12605 0.12605 0.12605 0.12605 0.12605 0.12605 0.12604 0.11766 ( 1)  0.056
 326 T   0.12646 0.12646 0.12646 0.12646 0.12646 0.12646 0.12644 0.11481 ( 3)  0.055
 327 L   0.12618 0.12618 0.12618 0.12618 0.12618 0.12618 0.12616 0.11676 ( 3)  0.055
 328 I   0.12664 0.12664 0.12664 0.12664 0.12664 0.12664 0.12662 0.11351 ( 3)  0.054
 329 R   0.12605 0.12605 0.12605 0.12605 0.12605 0.12605 0.12603 0.11768 ( 3)  0.056
 330 D   0.12668 0.12668 0.12668 0.12668 0.12668 0.12668 0.12666 0.11323 ( 1)  0.054
 331 F   0.12622 0.12622 0.12622 0.12622 0.12622 0.12622 0.12621 0.11645 ( 3)  0.055
 332 R   0.12611 0.12611 0.12611 0.12611 0.12611 0.12611 0.12610 0.11723 ( 1)  0.056
 333 N   0.12666 0.12666 0.12666 0.12666 0.12666 0.12666 0.12664 0.11338 ( 1)  0.054
 334 K   0.12660 0.12660 0.12660 0.12660 0.12660 0.12660 0.12658 0.11384 ( 1)  0.054
 335 E   0.12662 0.12662 0.12662 0.12662 0.12662 0.12662 0.12660 0.11370 ( 1)  0.054
 336 N   0.12666 0.12666 0.12666 0.12666 0.12666 0.12666 0.12664 0.11338 ( 1)  0.054
 337 I   0.12532 0.12532 0.12532 0.12532 0.12532 0.12532 0.12532 0.12277 ( 3)  0.058
 338 G   0.12651 0.12651 0.12651 0.12651 0.12651 0.12651 0.12649 0.11447 ( 1)  0.054
 339 I   0.12664 0.12664 0.12664 0.12664 0.12664 0.12664 0.12662 0.11351 ( 3)  0.054
 340 I   0.12664 0.12664 0.12664 0.12664 0.12664 0.12664 0.12662 0.11351 ( 3)  0.054
 341 V   0.12656 0.12656 0.12656 0.12656 0.12656 0.12656 0.12654 0.11411 ( 3)  0.054
 342 Q   0.12525 0.12525 0.12525 0.12525 0.12525 0.12525 0.12525 0.12322 ( 3)  0.058
 343 Y   0.12515 0.12515 0.12515 0.12515 0.12515 0.12515 0.12515 0.12396 ( 3)  0.059
 344 V   0.12656 0.12656 0.12656 0.12656 0.12656 0.12656 0.12654 0.11411 ( 3)  0.054
 345 V   0.12656 0.12656 0.12656 0.12656 0.12656 0.12656 0.12654 0.11411 ( 3)  0.054
 346 K   0.12660 0.12660 0.12660 0.12660 0.12660 0.12660 0.12658 0.11384 ( 1)  0.054
 347 A   0.12656 0.12656 0.12656 0.12656 0.12656 0.12656 0.12654 0.11410 ( 3)  0.054
 348 R   0.12512 0.12512 0.12512 0.12512 0.12512 0.12512 0.12512 0.12418 ( 3)  0.059
 349 V   0.12656 0.12656 0.12656 0.12656 0.12656 0.12656 0.12654 0.11411 ( 3)  0.054
 350 F   0.12622 0.12622 0.12622 0.12622 0.12622 0.12622 0.12621 0.11645 ( 3)  0.055
 351 T   0.12646 0.12646 0.12646 0.12646 0.12646 0.12646 0.12644 0.11481 ( 3)  0.055
 352 G   0.12520 0.12520 0.12520 0.12520 0.12520 0.12520 0.12520 0.12359 ( 3)  0.059
 353 F   0.12579 0.12579 0.12579 0.12579 0.12579 0.12579 0.12578 0.11946 ( 3)  0.057
 354 G   0.12651 0.12651 0.12651 0.12651 0.12651 0.12651 0.12649 0.11447 ( 1)  0.054
 355 G   0.12651 0.12651 0.12651 0.12651 0.12651 0.12651 0.12649 0.11447 ( 1)  0.054
 356 R   0.12605 0.12605 0.12605 0.12605 0.12605 0.12605 0.12603 0.11768 ( 3)  0.056
 357 D   0.12668 0.12668 0.12668 0.12668 0.12668 0.12668 0.12666 0.11323 ( 1)  0.054
 358 A   0.12656 0.12656 0.12656 0.12656 0.12656 0.12656 0.12654 0.11410 ( 3)  0.054
 359 V   0.12656 0.12656 0.12656 0.12656 0.12656 0.12656 0.12654 0.11411 ( 3)  0.054
 360 L   0.12589 0.12589 0.12589 0.12589 0.12589 0.12589 0.12588 0.11879 ( 3)  0.056
 361 E   0.12662 0.12662 0.12662 0.12662 0.12662 0.12662 0.12660 0.11370 ( 1)  0.054
 362 V   0.12656 0.12656 0.12656 0.12656 0.12656 0.12656 0.12654 0.11411 ( 3)  0.054
 363 P   0.12617 0.12617 0.12617 0.12617 0.12617 0.12617 0.12616 0.11681 ( 3)  0.055
 364 L   0.12589 0.12589 0.12589 0.12589 0.12589 0.12589 0.12588 0.11879 ( 3)  0.056
 365 I   0.12664 0.12664 0.12664 0.12664 0.12664 0.12664 0.12662 0.11351 ( 3)  0.054
 366 L   0.12618 0.12618 0.12618 0.12618 0.12618 0.12618 0.12616 0.11676 ( 3)  0.055
 367 S   0.12641 0.12641 0.12641 0.12641 0.12641 0.12641 0.12640 0.11512 ( 3)  0.055
 368 H   0.12529 0.12529 0.12529 0.12529 0.12529 0.12529 0.12529 0.12297 ( 1)  0.058
 369 P   0.12617 0.12617 0.12617 0.12617 0.12617 0.12617 0.12616 0.11681 ( 3)  0.055
 370 K   0.12660 0.12660 0.12660 0.12660 0.12660 0.12660 0.12658 0.11384 ( 1)  0.054
 371 P   0.12617 0.12617 0.12617 0.12617 0.12617 0.12617 0.12615 0.11684 ( 3)  0.055
 372 V   0.12655 0.12655 0.12655 0.12655 0.12655 0.12655 0.12653 0.11415 ( 1)  0.054
 373 D   0.12668 0.12668 0.12668 0.12668 0.12668 0.12668 0.12666 0.11323 ( 1)  0.054
 374 G   0.12651 0.12651 0.12651 0.12651 0.12651 0.12651 0.12649 0.11447 ( 1)  0.054
 375 S   0.12605 0.12605 0.12605 0.12605 0.12605 0.12605 0.12604 0.11766 ( 1)  0.056
 376 S   0.12641 0.12641 0.12641 0.12641 0.12641 0.12641 0.12640 0.11512 ( 3)  0.055
 377 E   0.12662 0.12662 0.12662 0.12662 0.12662 0.12662 0.12660 0.11370 ( 1)  0.054
 378 A   0.12656 0.12656 0.12656 0.12656 0.12656 0.12656 0.12654 0.11410 ( 3)  0.054
 379 K   0.12535 0.12535 0.12535 0.12535 0.12535 0.12535 0.12535 0.12254 ( 1)  0.058
 380 K   0.12660 0.12660 0.12660 0.12660 0.12660 0.12660 0.12658 0.11384 ( 1)  0.054
 381 S   0.12598 0.12598 0.12598 0.12598 0.12598 0.12598 0.12597 0.11814 ( 3)  0.056
 382 D   0.12668 0.12668 0.12668 0.12668 0.12668 0.12668 0.12666 0.11323 ( 1)  0.054
 383 D   0.12668 0.12668 0.12668 0.12668 0.12668 0.12668 0.12666 0.11323 ( 1)  0.054
 384 V   0.12655 0.12655 0.12655 0.12655 0.12655 0.12655 0.12653 0.11415 ( 1)  0.054
 385 V   0.12520 0.12520 0.12520 0.12520 0.12520 0.12520 0.12520 0.12360 ( 3)  0.059
 386 F   0.12522 0.12522 0.12522 0.12522 0.12522 0.12522 0.12522 0.12344 ( 1)  0.059
 387 E   0.12662 0.12662 0.12662 0.12662 0.12662 0.12662 0.12660 0.11370 ( 1)  0.054
 388 H   0.12628 0.12628 0.12628 0.12628 0.12628 0.12628 0.12626 0.11605 ( 1)  0.055
 389 F   0.12622 0.12622 0.12622 0.12622 0.12622 0.12622 0.12621 0.11645 ( 3)  0.055
 390 A   0.12656 0.12656 0.12656 0.12656 0.12656 0.12656 0.12654 0.11410 ( 3)  0.054
 391 R   0.12605 0.12605 0.12605 0.12605 0.12605 0.12605 0.12603 0.11768 ( 3)  0.056
 392 L   0.12618 0.12618 0.12618 0.12618 0.12618 0.12618 0.12616 0.11676 ( 3)  0.055
 393 K   0.12660 0.12660 0.12660 0.12660 0.12660 0.12660 0.12658 0.11384 ( 1)  0.054
 394 V   0.12647 0.12647 0.12647 0.12647 0.12647 0.12647 0.12645 0.11471 ( 1)  0.054
 395 A   0.12656 0.12656 0.12656 0.12656 0.12656 0.12656 0.12654 0.11410 ( 3)  0.054
 396 K   0.12660 0.12660 0.12660 0.12660 0.12660 0.12660 0.12658 0.11384 ( 1)  0.054
 397 Q   0.12596 0.12596 0.12596 0.12596 0.12596 0.12596 0.12595 0.11830 ( 3)  0.056
 398 D   0.12668 0.12668 0.12668 0.12668 0.12668 0.12668 0.12666 0.11323 ( 1)  0.054
 399 T   0.12646 0.12646 0.12646 0.12646 0.12646 0.12646 0.12644 0.11481 ( 3)  0.055
 400 I   0.12532 0.12532 0.12532 0.12532 0.12532 0.12532 0.12532 0.12277 ( 3)  0.058
 401 A   0.12657 0.12657 0.12657 0.12657 0.12657 0.12657 0.12655 0.11406 ( 1)  0.054
 402 E   0.12662 0.12662 0.12662 0.12662 0.12662 0.12662 0.12660 0.11370 ( 1)  0.054
 403 A   0.12657 0.12657 0.12657 0.12657 0.12657 0.12657 0.12655 0.11406 ( 1)  0.054
 404 L   0.12589 0.12589 0.12589 0.12589 0.12589 0.12589 0.12588 0.11879 ( 3)  0.056
 405 D   0.12668 0.12668 0.12668 0.12668 0.12668 0.12668 0.12666 0.11323 ( 1)  0.054


lnL = -1598.940030

