Supplemental results for CODEML (seqf: algn  treef: tree)


dN/dS (w) for site classes (K=3)

p:   1.00000  0.00000  0.00000
w:   0.25377  1.00000  1.00000

Naive Empirical Bayes (NEB) probabilities for 3 classes & postmean_w
(amino acids refer to 1st sequence: Mlig.16411)

   1 T   1.00000 0.00000 0.00000 ( 1)  0.254
   2 A   1.00000 0.00000 0.00000 ( 1)  0.254
   3 S   1.00000 0.00000 0.00000 ( 1)  0.254
   4 S   1.00000 0.00000 0.00000 ( 1)  0.254
   5 T   1.00000 0.00000 0.00000 ( 1)  0.254
   6 S   1.00000 0.00000 0.00000 ( 1)  0.254
   7 G   1.00000 0.00000 0.00000 ( 1)  0.254
   8 G   1.00000 0.00000 0.00000 ( 1)  0.254
   9 G   1.00000 0.00000 0.00000 ( 1)  0.254
  10 S   1.00000 0.00000 0.00000 ( 1)  0.254
  11 G   1.00000 0.00000 0.00000 ( 1)  0.254
  12 G   1.00000 0.00000 0.00000 ( 1)  0.254
  13 D   1.00000 0.00000 0.00000 ( 1)  0.254
  14 P   1.00000 0.00000 0.00000 ( 1)  0.254
  15 D   1.00000 0.00000 0.00000 ( 1)  0.254
  16 S   1.00000 0.00000 0.00000 ( 1)  0.254
  17 A   1.00000 0.00000 0.00000 ( 1)  0.254
  18 D   1.00000 0.00000 0.00000 ( 1)  0.254
  19 Q   1.00000 0.00000 0.00000 ( 1)  0.254
  20 E   1.00000 0.00000 0.00000 ( 1)  0.254
  21 K   1.00000 0.00000 0.00000 ( 1)  0.254
  22 L   1.00000 0.00000 0.00000 ( 1)  0.254
  23 S   1.00000 0.00000 0.00000 ( 1)  0.254
  24 A   1.00000 0.00000 0.00000 ( 1)  0.254
  25 S   1.00000 0.00000 0.00000 ( 1)  0.254
  26 Q   1.00000 0.00000 0.00000 ( 1)  0.254
  27 Q   1.00000 0.00000 0.00000 ( 1)  0.254
  28 F   1.00000 0.00000 0.00000 ( 1)  0.254
  29 E   1.00000 0.00000 0.00000 ( 1)  0.254
  30 C   1.00000 0.00000 0.00000 ( 1)  0.254
  31 N   1.00000 0.00000 0.00000 ( 1)  0.254
  32 I   1.00000 0.00000 0.00000 ( 1)  0.254
  33 C   1.00000 0.00000 0.00000 ( 1)  0.254
  34 L   1.00000 0.00000 0.00000 ( 1)  0.254
  35 E   1.00000 0.00000 0.00000 ( 1)  0.254
  36 T   1.00000 0.00000 0.00000 ( 1)  0.254
  37 A   1.00000 0.00000 0.00000 ( 1)  0.254
  38 T   1.00000 0.00000 0.00000 ( 1)  0.254
  39 E   1.00000 0.00000 0.00000 ( 1)  0.254
  40 P   1.00000 0.00000 0.00000 ( 1)  0.254
  41 V   1.00000 0.00000 0.00000 ( 1)  0.254
  42 V   1.00000 0.00000 0.00000 ( 1)  0.254
  43 S   1.00000 0.00000 0.00000 ( 1)  0.254
  44 H   1.00000 0.00000 0.00000 ( 1)  0.254
  45 C   1.00000 0.00000 0.00000 ( 1)  0.254
  46 G   1.00000 0.00000 0.00000 ( 1)  0.254
  47 H   1.00000 0.00000 0.00000 ( 1)  0.254
  48 L   1.00000 0.00000 0.00000 ( 1)  0.254
  49 F   1.00000 0.00000 0.00000 ( 1)  0.254
  50 C   1.00000 0.00000 0.00000 ( 1)  0.254
  51 W   1.00000 0.00000 0.00000 ( 1)  0.254
  52 A   1.00000 0.00000 0.00000 ( 1)  0.254
  53 C   1.00000 0.00000 0.00000 ( 1)  0.254
  54 V   1.00000 0.00000 0.00000 ( 1)  0.254
  55 Y   1.00000 0.00000 0.00000 ( 1)  0.254
  56 R   1.00000 0.00000 0.00000 ( 1)  0.254
  57 W   1.00000 0.00000 0.00000 ( 1)  0.254
  58 M   1.00000 0.00000 0.00000 ( 1)  0.254
  59 E   1.00000 0.00000 0.00000 ( 1)  0.254
  60 T   1.00000 0.00000 0.00000 ( 1)  0.254
  61 Q   1.00000 0.00000 0.00000 ( 1)  0.254
  62 G   1.00000 0.00000 0.00000 ( 1)  0.254
  63 R   1.00000 0.00000 0.00000 ( 1)  0.254
  64 S   1.00000 0.00000 0.00000 ( 1)  0.254
  65 P   1.00000 0.00000 0.00000 ( 1)  0.254
  66 S   1.00000 0.00000 0.00000 ( 1)  0.254
  67 C   1.00000 0.00000 0.00000 ( 1)  0.254
  68 P   1.00000 0.00000 0.00000 ( 1)  0.254
  69 V   1.00000 0.00000 0.00000 ( 1)  0.254
  70 C   1.00000 0.00000 0.00000 ( 1)  0.254
  71 K   1.00000 0.00000 0.00000 ( 1)  0.254
  72 S   1.00000 0.00000 0.00000 ( 1)  0.254
  73 G   1.00000 0.00000 0.00000 ( 1)  0.254
  74 I   1.00000 0.00000 0.00000 ( 1)  0.254
  75 S   1.00000 0.00000 0.00000 ( 1)  0.254
  76 R   1.00000 0.00000 0.00000 ( 1)  0.254
  77 D   1.00000 0.00000 0.00000 ( 1)  0.254
  78 K   1.00000 0.00000 0.00000 ( 1)  0.254
  79 V   1.00000 0.00000 0.00000 ( 1)  0.254
  80 I   1.00000 0.00000 0.00000 ( 1)  0.254
  81 P   1.00000 0.00000 0.00000 ( 1)  0.254
  82 L   1.00000 0.00000 0.00000 ( 1)  0.254
  83 Y   1.00000 0.00000 0.00000 ( 1)  0.254
  84 G   1.00000 0.00000 0.00000 ( 1)  0.254
  85 R   1.00000 0.00000 0.00000 ( 1)  0.254
  86 G   1.00000 0.00000 0.00000 ( 1)  0.254
  87 G   1.00000 0.00000 0.00000 ( 1)  0.254
  88 S   1.00000 0.00000 0.00000 ( 1)  0.254
  89 G   1.00000 0.00000 0.00000 ( 1)  0.254
  90 N   1.00000 0.00000 0.00000 ( 1)  0.254
  91 T   1.00000 0.00000 0.00000 ( 1)  0.254
  92 T   1.00000 0.00000 0.00000 ( 1)  0.254
  93 D   1.00000 0.00000 0.00000 ( 1)  0.254
  94 P   1.00000 0.00000 0.00000 ( 1)  0.254
  95 R   1.00000 0.00000 0.00000 ( 1)  0.254
  96 S   1.00000 0.00000 0.00000 ( 1)  0.254
  97 R   1.00000 0.00000 0.00000 ( 1)  0.254
  98 V   1.00000 0.00000 0.00000 ( 1)  0.254
  99 P   1.00000 0.00000 0.00000 ( 1)  0.254
 100 P   1.00000 0.00000 0.00000 ( 1)  0.254
 101 R   1.00000 0.00000 0.00000 ( 1)  0.254
 102 P   1.00000 0.00000 0.00000 ( 1)  0.254
 103 Q   1.00000 0.00000 0.00000 ( 1)  0.254
 104 G   1.00000 0.00000 0.00000 ( 1)  0.254
 105 Q   1.00000 0.00000 0.00000 ( 1)  0.254
 106 R   1.00000 0.00000 0.00000 ( 1)  0.254
 107 S   1.00000 0.00000 0.00000 ( 1)  0.254
 108 E   1.00000 0.00000 0.00000 ( 1)  0.254
 109 P   1.00000 0.00000 0.00000 ( 1)  0.254
 110 E   1.00000 0.00000 0.00000 ( 1)  0.254
 111 A   1.00000 0.00000 0.00000 ( 1)  0.254
 112 G   1.00000 0.00000 0.00000 ( 1)  0.254
 113 G   1.00000 0.00000 0.00000 ( 1)  0.254
 114 G   1.00000 0.00000 0.00000 ( 1)  0.254
 115 L   1.00000 0.00000 0.00000 ( 1)  0.254
 116 H   1.00000 0.00000 0.00000 ( 1)  0.254
 117 G   1.00000 0.00000 0.00000 ( 1)  0.254
 118 F   1.00000 0.00000 0.00000 ( 1)  0.254
 119 A   1.00000 0.00000 0.00000 ( 1)  0.254
 120 D   1.00000 0.00000 0.00000 ( 1)  0.254
 121 G   1.00000 0.00000 0.00000 ( 1)  0.254
 122 L   1.00000 0.00000 0.00000 ( 1)  0.254
 123 F   1.00000 0.00000 0.00000 ( 1)  0.254
 124 G   1.00000 0.00000 0.00000 ( 1)  0.254
 125 Q   1.00000 0.00000 0.00000 ( 1)  0.254
 126 Q   1.00000 0.00000 0.00000 ( 1)  0.254
 127 H   1.00000 0.00000 0.00000 ( 1)  0.254
 128 G   1.00000 0.00000 0.00000 ( 1)  0.254
 129 G   1.00000 0.00000 0.00000 ( 1)  0.254
 130 T   1.00000 0.00000 0.00000 ( 1)  0.254
 131 F   1.00000 0.00000 0.00000 ( 1)  0.254
 132 Q   1.00000 0.00000 0.00000 ( 1)  0.254
 133 F   1.00000 0.00000 0.00000 ( 1)  0.254
 134 T   1.00000 0.00000 0.00000 ( 1)  0.254
 135 F   1.00000 0.00000 0.00000 ( 1)  0.254
 136 G   1.00000 0.00000 0.00000 ( 1)  0.254
 137 I   1.00000 0.00000 0.00000 ( 1)  0.254
 138 G   1.00000 0.00000 0.00000 ( 1)  0.254
 139 G   1.00000 0.00000 0.00000 ( 1)  0.254
 140 F   1.00000 0.00000 0.00000 ( 1)  0.254
 141 P   1.00000 0.00000 0.00000 ( 1)  0.254
 142 F   1.00000 0.00000 0.00000 ( 1)  0.254
 143 A   1.00000 0.00000 0.00000 ( 1)  0.254
 144 F   1.00000 0.00000 0.00000 ( 1)  0.254
 145 F   1.00000 0.00000 0.00000 ( 1)  0.254
 146 G   1.00000 0.00000 0.00000 ( 1)  0.254
 147 T   1.00000 0.00000 0.00000 ( 1)  0.254
 148 N   1.00000 0.00000 0.00000 ( 1)  0.254
 149 F   1.00000 0.00000 0.00000 ( 1)  0.254
 150 N   1.00000 0.00000 0.00000 ( 1)  0.254
 151 M   1.00000 0.00000 0.00000 ( 1)  0.254
 152 N   1.00000 0.00000 0.00000 ( 1)  0.254
 153 G   1.00000 0.00000 0.00000 ( 1)  0.254
 154 Q   1.00000 0.00000 0.00000 ( 1)  0.254
 155 N   1.00000 0.00000 0.00000 ( 1)  0.254
 156 R   1.00000 0.00000 0.00000 ( 1)  0.254
 157 N   1.00000 0.00000 0.00000 ( 1)  0.254
 158 R   1.00000 0.00000 0.00000 ( 1)  0.254
 159 D   1.00000 0.00000 0.00000 ( 1)  0.254
 160 A   1.00000 0.00000 0.00000 ( 1)  0.254
 161 F   1.00000 0.00000 0.00000 ( 1)  0.254
 162 G   1.00000 0.00000 0.00000 ( 1)  0.254
 163 Q   1.00000 0.00000 0.00000 ( 1)  0.254
 164 V   1.00000 0.00000 0.00000 ( 1)  0.254
 165 N   1.00000 0.00000 0.00000 ( 1)  0.254
 166 T   1.00000 0.00000 0.00000 ( 1)  0.254
 167 E   1.00000 0.00000 0.00000 ( 1)  0.254
 168 E   1.00000 0.00000 0.00000 ( 1)  0.254
 169 D   1.00000 0.00000 0.00000 ( 1)  0.254
 170 A   1.00000 0.00000 0.00000 ( 1)  0.254
 171 F   1.00000 0.00000 0.00000 ( 1)  0.254
 172 L   1.00000 0.00000 0.00000 ( 1)  0.254
 173 S   1.00000 0.00000 0.00000 ( 1)  0.254
 174 K   1.00000 0.00000 0.00000 ( 1)  0.254
 175 V   1.00000 0.00000 0.00000 ( 1)  0.254
 176 F   1.00000 0.00000 0.00000 ( 1)  0.254
 177 L   1.00000 0.00000 0.00000 ( 1)  0.254
 178 Y   1.00000 0.00000 0.00000 ( 1)  0.254
 179 I   1.00000 0.00000 0.00000 ( 1)  0.254
 180 A   1.00000 0.00000 0.00000 ( 1)  0.254
 181 I   1.00000 0.00000 0.00000 ( 1)  0.254
 182 I   1.00000 0.00000 0.00000 ( 1)  0.254
 183 F   1.00000 0.00000 0.00000 ( 1)  0.254
 184 V   1.00000 0.00000 0.00000 ( 1)  0.254
 185 V   1.00000 0.00000 0.00000 ( 1)  0.254
 186 W   1.00000 0.00000 0.00000 ( 1)  0.254
 187 L   1.00000 0.00000 0.00000 ( 1)  0.254
 188 L   1.00000 0.00000 0.00000 ( 1)  0.254
 189 L   1.00000 0.00000 0.00000 ( 1)  0.254
 190 A   1.00000 0.00000 0.00000 ( 1)  0.254

Positively selected sites

	Prob(w>1)  mean w



lnL =  -815.520345

Bayes Empirical Bayes (BEB) probabilities for 3 classes (class) & postmean_w
(amino acids refer to 1st sequence: Mlig.16411)

   1 T   0.77175 0.16395 0.06430 ( 1)  0.496 +-  0.928
   2 A   0.77220 0.16380 0.06400 ( 1)  0.494 +-  0.924
   3 S   0.76995 0.16449 0.06557 ( 1)  0.502 +-  0.948
   4 S   0.76995 0.16449 0.06557 ( 1)  0.502 +-  0.948
   5 T   0.78830 0.15805 0.05365 ( 1)  0.443 +-  0.771
   6 S   0.77345 0.16342 0.06313 ( 1)  0.490 +-  0.911
   7 G   0.79107 0.15673 0.05219 ( 1)  0.437 +-  0.755
   8 G   0.79107 0.15673 0.05219 ( 1)  0.437 +-  0.755
   9 G   0.79107 0.15673 0.05219 ( 1)  0.437 +-  0.755
  10 S   0.77761 0.16205 0.06034 ( 1)  0.476 +-  0.869
  11 G   0.78238 0.16020 0.05741 ( 1)  0.462 +-  0.829
  12 G   0.77646 0.16240 0.06114 ( 1)  0.480 +-  0.882
  13 D   0.79304 0.15597 0.05099 ( 1)  0.431 +-  0.736
  14 P   0.77080 0.16424 0.06497 ( 1)  0.499 +-  0.939
  15 D   0.79304 0.15597 0.05099 ( 1)  0.431 +-  0.736
  16 S   0.78500 0.15935 0.05565 ( 1)  0.453 +-  0.800
  17 A   0.78943 0.15748 0.05308 ( 1)  0.441 +-  0.766
  18 D   0.32551 0.34365 0.33084 ( 2)  1.812 +-  2.315
  19 Q   0.77750 0.16207 0.06042 ( 1)  0.476 +-  0.870
  20 E   0.78536 0.15918 0.05546 ( 1)  0.452 +-  0.798
  21 K   0.78335 0.16000 0.05665 ( 1)  0.457 +-  0.814
  22 L   0.28694 0.32160 0.39145 ( 3)  2.164 +-  2.606
  23 S   0.76995 0.16449 0.06557 ( 1)  0.502 +-  0.948
  24 A   0.78943 0.15748 0.05308 ( 1)  0.441 +-  0.766
  25 S   0.79204 0.15649 0.05147 ( 1)  0.433 +-  0.740
  26 Q   0.77750 0.16207 0.06042 ( 1)  0.476 +-  0.870
  27 Q   0.77133 0.16408 0.06459 ( 1)  0.497 +-  0.933
  28 F   0.78602 0.15897 0.05502 ( 1)  0.450 +-  0.790
  29 E   0.78536 0.15918 0.05546 ( 1)  0.452 +-  0.798
  30 C   0.78791 0.15819 0.05390 ( 1)  0.444 +-  0.775
  31 N   0.79110 0.15691 0.05198 ( 1)  0.435 +-  0.747
  32 I   0.78912 0.15772 0.05315 ( 1)  0.441 +-  0.764
  33 C   0.78791 0.15819 0.05390 ( 1)  0.444 +-  0.775
  34 L   0.77453 0.16305 0.06242 ( 1)  0.486 +-  0.900
  35 E   0.78536 0.15918 0.05546 ( 1)  0.452 +-  0.798
  36 T   0.78112 0.16081 0.05807 ( 1)  0.464 +-  0.835
  37 A   0.78943 0.15748 0.05308 ( 1)  0.441 +-  0.766
  38 T   0.77749 0.16204 0.06047 ( 1)  0.476 +-  0.873
  39 E   0.78536 0.15918 0.05546 ( 1)  0.452 +-  0.798
  40 P   0.78536 0.15919 0.05545 ( 1)  0.452 +-  0.798
  41 V   0.78196 0.16045 0.05759 ( 1)  0.462 +-  0.829
  42 V   0.78196 0.16045 0.05759 ( 1)  0.462 +-  0.829
  43 S   0.79204 0.15649 0.05147 ( 1)  0.433 +-  0.740
  44 H   0.78817 0.15809 0.05375 ( 1)  0.444 +-  0.773
  45 C   0.78791 0.15819 0.05390 ( 1)  0.444 +-  0.775
  46 G   0.79107 0.15673 0.05219 ( 1)  0.437 +-  0.755
  47 H   0.78817 0.15809 0.05375 ( 1)  0.444 +-  0.773
  48 L   0.77453 0.16305 0.06242 ( 1)  0.486 +-  0.900
  49 F   0.78602 0.15897 0.05502 ( 1)  0.450 +-  0.790
  50 C   0.78791 0.15819 0.05390 ( 1)  0.444 +-  0.775
  51 W   0.77751 0.16208 0.06042 ( 1)  0.476 +-  0.870
  52 A   0.78943 0.15748 0.05308 ( 1)  0.441 +-  0.766
  53 C   0.78791 0.15819 0.05390 ( 1)  0.444 +-  0.775
  54 V   0.78938 0.15750 0.05312 ( 1)  0.441 +-  0.767
  55 Y   0.77420 0.16318 0.06262 ( 1)  0.487 +-  0.903
  56 R   0.78720 0.15843 0.05437 ( 1)  0.447 +-  0.783
  57 W   0.77751 0.16208 0.06042 ( 1)  0.476 +-  0.870
  58 M   0.29910 0.32905 0.37185 ( 3)  2.050 +-  2.519
  59 E   0.78536 0.15918 0.05546 ( 1)  0.452 +-  0.798
  60 T   0.78112 0.16081 0.05807 ( 1)  0.464 +-  0.835
  61 Q   0.77750 0.16207 0.06042 ( 1)  0.476 +-  0.870
  62 G   0.79107 0.15673 0.05219 ( 1)  0.437 +-  0.755
  63 R   0.78720 0.15843 0.05437 ( 1)  0.447 +-  0.783
  64 S   0.77797 0.16191 0.06012 ( 1)  0.474 +-  0.866
  65 P   0.77900 0.16155 0.05945 ( 1)  0.471 +-  0.856
  66 S   0.78500 0.15935 0.05565 ( 1)  0.453 +-  0.800
  67 C   0.77536 0.16280 0.06184 ( 1)  0.483 +-  0.891
  68 P   0.77900 0.16155 0.05945 ( 1)  0.471 +-  0.856
  69 V   0.78196 0.16045 0.05759 ( 1)  0.462 +-  0.829
  70 C   0.78791 0.15819 0.05390 ( 1)  0.444 +-  0.775
  71 K   0.77387 0.16329 0.06284 ( 1)  0.488 +-  0.906
  72 S   0.78313 0.15991 0.05696 ( 1)  0.459 +-  0.823
  73 G   0.79107 0.15673 0.05219 ( 1)  0.437 +-  0.755
  74 I   0.77587 0.16264 0.06149 ( 1)  0.481 +-  0.886
  75 S   0.77761 0.16205 0.06034 ( 1)  0.476 +-  0.869
  76 R   0.77942 0.16137 0.05921 ( 1)  0.470 +-  0.853
  77 D   0.79304 0.15597 0.05099 ( 1)  0.431 +-  0.736
  78 K   0.77387 0.16329 0.06284 ( 1)  0.488 +-  0.906
  79 V   0.78938 0.15750 0.05312 ( 1)  0.441 +-  0.767
  80 I   0.78912 0.15772 0.05315 ( 1)  0.441 +-  0.764
  81 P   0.77900 0.16155 0.05945 ( 1)  0.471 +-  0.856
  82 L   0.77453 0.16305 0.06242 ( 1)  0.486 +-  0.900
  83 Y   0.77420 0.16318 0.06262 ( 1)  0.487 +-  0.903
  84 G   0.79107 0.15673 0.05219 ( 1)  0.437 +-  0.755
  85 R   0.76861 0.16488 0.06651 ( 1)  0.507 +-  0.962
  86 G   0.78994 0.15719 0.05287 ( 1)  0.440 +-  0.765
  87 G   0.79107 0.15673 0.05219 ( 1)  0.437 +-  0.755
  88 S   0.78500 0.15935 0.05565 ( 1)  0.453 +-  0.800
  89 G   0.79107 0.15673 0.05219 ( 1)  0.437 +-  0.755
  90 N   0.77704 0.16225 0.06071 ( 1)  0.477 +-  0.874
  91 T   0.78830 0.15805 0.05365 ( 1)  0.443 +-  0.771
  92 T   0.78112 0.16081 0.05807 ( 1)  0.464 +-  0.835
  93 D   0.77846 0.16174 0.05980 ( 1)  0.473 +-  0.861
  94 P   0.77900 0.16155 0.05945 ( 1)  0.471 +-  0.856
  95 R   0.78720 0.15843 0.05437 ( 1)  0.447 +-  0.783
  96 S   0.79204 0.15649 0.05147 ( 1)  0.433 +-  0.740
  97 R   0.78393 0.15977 0.05631 ( 1)  0.456 +-  0.809
  98 V   0.78196 0.16045 0.05759 ( 1)  0.462 +-  0.829
  99 P   0.77900 0.16155 0.05945 ( 1)  0.471 +-  0.856
 100 P   0.77900 0.16155 0.05945 ( 1)  0.471 +-  0.856
 101 R   0.77942 0.16137 0.05921 ( 1)  0.470 +-  0.853
 102 P   0.77080 0.16424 0.06497 ( 1)  0.499 +-  0.939
 103 Q   0.77750 0.16207 0.06042 ( 1)  0.476 +-  0.870
 104 G   0.79107 0.15673 0.05219 ( 1)  0.437 +-  0.755
 105 Q   0.77750 0.16207 0.06042 ( 1)  0.476 +-  0.870
 106 R   0.78720 0.15843 0.05437 ( 1)  0.447 +-  0.783
 107 S   0.76995 0.16449 0.06557 ( 1)  0.502 +-  0.948
 108 E   0.78536 0.15918 0.05546 ( 1)  0.452 +-  0.798
 109 P   0.77407 0.16319 0.06274 ( 1)  0.488 +-  0.906
 110 E   0.78536 0.15918 0.05546 ( 1)  0.452 +-  0.798
 111 A   0.77562 0.16269 0.06169 ( 1)  0.482 +-  0.890
 112 G   0.27655 0.31518 0.40827 ( 3)  2.261 +-  2.672
 113 G   0.79107 0.15673 0.05219 ( 1)  0.437 +-  0.755
 114 G   0.79107 0.15673 0.05219 ( 1)  0.437 +-  0.755
 115 L   0.77453 0.16305 0.06242 ( 1)  0.486 +-  0.900
 116 H   0.77573 0.16268 0.06159 ( 1)  0.482 +-  0.887
 117 G   0.79107 0.15673 0.05219 ( 1)  0.437 +-  0.755
 118 F   0.78602 0.15897 0.05502 ( 1)  0.450 +-  0.790
 119 A   0.77562 0.16269 0.06169 ( 1)  0.482 +-  0.890
 120 D   0.79304 0.15597 0.05099 ( 1)  0.431 +-  0.736
 121 G   0.79107 0.15673 0.05219 ( 1)  0.437 +-  0.755
 122 L   0.77453 0.16305 0.06242 ( 1)  0.486 +-  0.900
 123 F   0.77456 0.16307 0.06238 ( 1)  0.486 +-  0.899
 124 G   0.79107 0.15673 0.05219 ( 1)  0.437 +-  0.755
 125 Q   0.77750 0.16207 0.06042 ( 1)  0.476 +-  0.870
 126 Q   0.77750 0.16207 0.06042 ( 1)  0.476 +-  0.870
 127 H   0.78817 0.15809 0.05375 ( 1)  0.444 +-  0.773
 128 G   0.79107 0.15673 0.05219 ( 1)  0.437 +-  0.755
 129 G   0.79107 0.15673 0.05219 ( 1)  0.437 +-  0.755
 130 T   0.77500 0.16292 0.06208 ( 1)  0.484 +-  0.895
 131 F   0.77456 0.16307 0.06238 ( 1)  0.486 +-  0.899
 132 Q   0.77750 0.16207 0.06042 ( 1)  0.476 +-  0.870
 133 F   0.78602 0.15897 0.05502 ( 1)  0.450 +-  0.790
 134 T   0.78830 0.15805 0.05365 ( 1)  0.443 +-  0.771
 135 F   0.78602 0.15897 0.05502 ( 1)  0.450 +-  0.790
 136 G   0.79107 0.15673 0.05219 ( 1)  0.437 +-  0.755
 137 I   0.77587 0.16264 0.06149 ( 1)  0.481 +-  0.886
 138 G   0.79107 0.15673 0.05219 ( 1)  0.437 +-  0.755
 139 G   0.79107 0.15673 0.05219 ( 1)  0.437 +-  0.755
 140 F   0.78602 0.15897 0.05502 ( 1)  0.450 +-  0.790
 141 P   0.77900 0.16155 0.05945 ( 1)  0.471 +-  0.856
 142 F   0.77456 0.16307 0.06238 ( 1)  0.486 +-  0.899
 143 A   0.78943 0.15748 0.05308 ( 1)  0.441 +-  0.766
 144 F   0.78602 0.15897 0.05502 ( 1)  0.450 +-  0.790
 145 F   0.77456 0.16307 0.06238 ( 1)  0.486 +-  0.899
 146 G   0.79107 0.15673 0.05219 ( 1)  0.437 +-  0.755
 147 T   0.77500 0.16292 0.06208 ( 1)  0.484 +-  0.895
 148 N   0.77704 0.16225 0.06071 ( 1)  0.477 +-  0.874
 149 F   0.77456 0.16307 0.06238 ( 1)  0.486 +-  0.899
 150 N   0.77704 0.16225 0.06071 ( 1)  0.477 +-  0.874
 151 M   0.78464 0.15952 0.05583 ( 1)  0.453 +-  0.802
 152 N   0.77704 0.16225 0.06071 ( 1)  0.477 +-  0.874
 153 G   0.78323 0.15994 0.05683 ( 1)  0.459 +-  0.819
 154 Q   0.77750 0.16207 0.06042 ( 1)  0.476 +-  0.870
 155 N   0.79110 0.15691 0.05198 ( 1)  0.435 +-  0.747
 156 R   0.78393 0.15977 0.05631 ( 1)  0.456 +-  0.809
 157 N   0.79110 0.15691 0.05198 ( 1)  0.435 +-  0.747
 158 R   0.76861 0.16488 0.06651 ( 1)  0.507 +-  0.962
 159 D   0.79304 0.15597 0.05099 ( 1)  0.431 +-  0.736
 160 A   0.78943 0.15748 0.05308 ( 1)  0.441 +-  0.766
 161 F   0.77456 0.16307 0.06238 ( 1)  0.486 +-  0.899
 162 G   0.77646 0.16240 0.06114 ( 1)  0.480 +-  0.882
 163 Q   0.77750 0.16207 0.06042 ( 1)  0.476 +-  0.870
 164 V   0.78196 0.16045 0.05759 ( 1)  0.462 +-  0.829
 165 N   0.79110 0.15691 0.05198 ( 1)  0.435 +-  0.747
 166 T   0.77500 0.16292 0.06208 ( 1)  0.484 +-  0.895
 167 E   0.77546 0.16277 0.06177 ( 1)  0.483 +-  0.890
 168 E   0.77546 0.16277 0.06177 ( 1)  0.483 +-  0.890
 169 D   0.79304 0.15597 0.05099 ( 1)  0.431 +-  0.736
 170 A   0.78943 0.15748 0.05308 ( 1)  0.441 +-  0.766
 171 F   0.78602 0.15897 0.05502 ( 1)  0.450 +-  0.790
 172 L   0.78539 0.15917 0.05544 ( 1)  0.452 +-  0.797
 173 S   0.79204 0.15649 0.05147 ( 1)  0.433 +-  0.740
 174 K   0.77387 0.16329 0.06284 ( 1)  0.488 +-  0.906
 175 V   0.78196 0.16045 0.05759 ( 1)  0.462 +-  0.829
 176 F   0.77456 0.16307 0.06238 ( 1)  0.486 +-  0.899
 177 L   0.78539 0.15917 0.05544 ( 1)  0.452 +-  0.797
 178 Y   0.78660 0.15873 0.05467 ( 1)  0.448 +-  0.786
 179 I   0.77587 0.16264 0.06149 ( 1)  0.481 +-  0.886
 180 A   0.77220 0.16380 0.06400 ( 1)  0.494 +-  0.924
 181 I   0.78912 0.15772 0.05315 ( 1)  0.441 +-  0.764
 182 I   0.77690 0.16231 0.06079 ( 1)  0.478 +-  0.875
 183 F   0.77456 0.16307 0.06238 ( 1)  0.486 +-  0.899
 184 V   0.77560 0.16270 0.06170 ( 1)  0.483 +-  0.890
 185 V   0.78196 0.16045 0.05759 ( 1)  0.462 +-  0.829
 186 W   0.77751 0.16208 0.06042 ( 1)  0.476 +-  0.870
 187 L   0.77453 0.16305 0.06242 ( 1)  0.486 +-  0.900
 188 L   0.76880 0.16482 0.06637 ( 1)  0.507 +-  0.960
 189 L   0.76880 0.16482 0.06637 ( 1)  0.507 +-  0.960
 190 A   0.78943 0.15748 0.05308 ( 1)  0.441 +-  0.766

Positively selected sites

	Prob(w>1)  mean w


