Supplemental results for CODEML (seqf: algn  treef: tree)


dN/dS (w) for site classes (K=9)

p:   0.06647  0.06647  0.06647  0.06647  0.06647  0.06647  0.06647  0.06647  0.46822
w:   0.00000  0.00000  0.00000  0.00000  0.00000  0.00000  0.00000  0.00000  2.62716

Naive Empirical Bayes (NEB) probabilities for 9 classes & postmean_w & P(w>1)
(amino acids refer to 1st sequence: Smed.18266)

   1 M   0.09385 0.09385 0.09385 0.09385 0.09385 0.09385 0.09385 0.09385 0.24924 ( 9)  0.655  0.249
   2 S   0.08486 0.08486 0.08486 0.08486 0.08486 0.08486 0.08486 0.08486 0.32108 ( 9)  0.844  0.321
   3 G   0.07601 0.07601 0.07601 0.07601 0.07601 0.07601 0.07601 0.07601 0.39193 ( 9)  1.030  0.392
   4 R   0.07195 0.07195 0.07195 0.07195 0.07195 0.07195 0.07195 0.07195 0.42442 ( 9)  1.115  0.424
   5 L   0.00000 0.00000 0.00000 0.00000 0.00000 0.00000 0.00000 0.00000 1.00000 ( 9)  2.627  1.000
   6 F   0.00000 0.00000 0.00000 0.00000 0.00000 0.00000 0.00000 0.00000 1.00000 ( 9)  2.627  1.000
   7 S   0.00000 0.00000 0.00000 0.00000 0.00000 0.00000 0.00000 0.00000 1.00000 ( 9)  2.627  1.000
   8 V   0.00000 0.00000 0.00000 0.00000 0.00000 0.00000 0.00000 0.00000 1.00000 ( 9)  2.627  1.000
   9 S   0.07831 0.07831 0.07831 0.07831 0.07831 0.07831 0.07831 0.07831 0.37353 ( 9)  0.981  0.374
  10 Y   0.07869 0.07869 0.07869 0.07869 0.07869 0.07869 0.07869 0.07869 0.37051 ( 9)  0.973  0.371
  11 G   0.00000 0.00000 0.00000 0.00000 0.00000 0.00000 0.00000 0.00000 1.00000 ( 9)  2.627  1.000
  12 S   0.09176 0.09176 0.09176 0.09176 0.09176 0.09176 0.09176 0.09176 0.26594 ( 9)  0.699  0.266
  13 L   0.09291 0.09291 0.09291 0.09291 0.09291 0.09291 0.09291 0.09291 0.25675 ( 9)  0.675  0.257
  14 L   0.00000 0.00000 0.00000 0.00000 0.00000 0.00000 0.00000 0.00000 1.00000 ( 9)  2.627  1.000
  15 G   0.07760 0.07760 0.07760 0.07760 0.07760 0.07760 0.07760 0.07760 0.37920 ( 9)  0.996  0.379
  16 L   0.08293 0.08293 0.08293 0.08293 0.08293 0.08293 0.08293 0.08293 0.33659 ( 9)  0.884  0.337
  17 L   0.08293 0.08293 0.08293 0.08293 0.08293 0.08293 0.08293 0.08293 0.33659 ( 9)  0.884  0.337
  18 F   0.09223 0.09223 0.09223 0.09223 0.09223 0.09223 0.09223 0.09223 0.26214 ( 9)  0.689  0.262
  19 I   0.08139 0.08139 0.08139 0.08139 0.08139 0.08139 0.08139 0.08139 0.34888 ( 9)  0.917  0.349
  20 C   0.08668 0.08668 0.08668 0.08668 0.08668 0.08668 0.08668 0.08668 0.30654 ( 9)  0.805  0.307
  21 N   0.00000 0.00000 0.00000 0.00000 0.00000 0.00000 0.00000 0.00000 1.00000 ( 9)  2.627  1.000
  22 S   0.08559 0.08559 0.08559 0.08559 0.08559 0.08559 0.08559 0.08559 0.31525 ( 9)  0.828  0.315
  23 A   0.08309 0.08309 0.08309 0.08309 0.08309 0.08309 0.08309 0.08309 0.33532 ( 9)  0.881  0.335
  24 L   0.08385 0.08385 0.08385 0.08385 0.08385 0.08385 0.08385 0.08385 0.32922 ( 9)  0.865  0.329
  25 V   0.00000 0.00000 0.00000 0.00000 0.00000 0.00000 0.00000 0.00000 1.00000 ( 9)  2.627  1.000
  26 S   0.08486 0.08486 0.08486 0.08486 0.08486 0.08486 0.08486 0.08486 0.32108 ( 9)  0.844  0.321
  27 H   0.08421 0.08421 0.08421 0.08421 0.08421 0.08421 0.08421 0.08421 0.32633 ( 9)  0.857  0.326
  28 N   0.08470 0.08470 0.08470 0.08470 0.08470 0.08470 0.08470 0.08470 0.32238 ( 9)  0.847  0.322
  29 L   0.08293 0.08293 0.08293 0.08293 0.08293 0.08293 0.08293 0.08293 0.33659 ( 9)  0.884  0.337
  30 T   0.08380 0.08380 0.08380 0.08380 0.08380 0.08380 0.08380 0.08380 0.32958 ( 9)  0.866  0.330
  31 R   0.08016 0.08016 0.08016 0.08016 0.08016 0.08016 0.08016 0.08016 0.35870 ( 9)  0.942  0.359
  32 Y   0.07869 0.07869 0.07869 0.07869 0.07869 0.07869 0.07869 0.07869 0.37051 ( 9)  0.973  0.371
  33 L   0.07755 0.07755 0.07755 0.07755 0.07755 0.07755 0.07755 0.07755 0.37957 ( 9)  0.997  0.380
  34 A   0.08262 0.08262 0.08262 0.08262 0.08262 0.08262 0.08262 0.08262 0.33900 ( 9)  0.891  0.339
  35 I   0.08893 0.08893 0.08893 0.08893 0.08893 0.08893 0.08893 0.08893 0.28856 ( 9)  0.758  0.289
  36 S   0.08559 0.08559 0.08559 0.08559 0.08559 0.08559 0.08559 0.08559 0.31525 ( 9)  0.828  0.315
  37 E   0.07806 0.07806 0.07806 0.07806 0.07806 0.07806 0.07806 0.07806 0.37550 ( 9)  0.987  0.376
  38 F   0.09223 0.09223 0.09223 0.09223 0.09223 0.09223 0.09223 0.09223 0.26214 ( 9)  0.689  0.262
  39 S   0.08486 0.08486 0.08486 0.08486 0.08486 0.08486 0.08486 0.08486 0.32108 ( 9)  0.844  0.321
  40 I   0.08893 0.08893 0.08893 0.08893 0.08893 0.08893 0.08893 0.08893 0.28856 ( 9)  0.758  0.289
  41 S   0.09176 0.09176 0.09176 0.09176 0.09176 0.09176 0.09176 0.09176 0.26594 ( 9)  0.699  0.266
  42 T   0.08380 0.08380 0.08380 0.08380 0.08380 0.08380 0.08380 0.08380 0.32958 ( 9)  0.866  0.330
  43 K   0.00000 0.00000 0.00000 0.00000 0.00000 0.00000 0.00000 0.00000 1.00000 ( 9)  2.627  1.000

Positively selected sites

	Prob(w>1)  mean w

     5 L      1.000**       2.627
     6 F      1.000**       2.627
     7 S      1.000**       2.627
     8 V      1.000**       2.627
    11 G      1.000**       2.627
    14 L      1.000**       2.627
    21 N      1.000**       2.627
    25 V      1.000**       2.627
    43 K      1.000**       2.627


lnL =  -238.914352

Bayes Empirical Bayes (BEB) probabilities for 11 classes (class) & postmean_w
(amino acids refer to 1st sequence: Smed.18266)

   1 M   0.15790 0.07174 0.06710 0.06490 0.06322 0.06173 0.06051 0.06012 0.06277 0.15610 0.17392 (11)  0.833 +-  1.032
   2 S   0.14399 0.06588 0.06237 0.06109 0.06028 0.05961 0.05917 0.05950 0.06281 0.15650 0.20878 (11)  0.975 +-  1.282
   3 G   0.13089 0.06042 0.05793 0.05749 0.05746 0.05754 0.05781 0.05881 0.06274 0.15667 0.24223 (11)  1.112 +-  1.471
   4 R   0.12072 0.05612 0.05394 0.05364 0.05375 0.05398 0.05441 0.05556 0.05954 0.14981 0.28854 (11)  1.387 +-  1.912
   5 L   0.00565 0.00796 0.01280 0.01788 0.02308 0.02836 0.03378 0.03970 0.04787 0.12835 0.65458 (11)  3.144 +-  2.795
   6 F   0.01380 0.01663 0.02511 0.03326 0.04091 0.04798 0.05457 0.06120 0.07019 0.17304 0.46330 (11)  2.073 +-  2.184
   7 S   0.00017 0.00079 0.00213 0.00416 0.00689 0.01030 0.01444 0.01951 0.02665 0.08195 0.83301 (11)  4.002 +-  2.869
   8 V   0.00730 0.00993 0.01571 0.02164 0.02757 0.03346 0.03934 0.04564 0.05427 0.14199 0.60314 (11)  2.852 +-  2.678
   9 S   0.13449 0.06192 0.05919 0.05856 0.05836 0.05827 0.05837 0.05922 0.06301 0.15717 0.23143 (11)  1.063 +-  1.396
  10 Y   0.13494 0.06211 0.05934 0.05866 0.05842 0.05830 0.05837 0.05919 0.06295 0.15701 0.23072 (11)  1.062 +-  1.399
  11 G   0.00967 0.01255 0.01950 0.02646 0.03328 0.03986 0.04627 0.05297 0.06206 0.15786 0.53953 (11)  2.476 +-  2.459
  12 S   0.15474 0.07040 0.06596 0.06392 0.06240 0.06106 0.05999 0.05975 0.06254 0.15569 0.18355 (11)  0.874 +-  1.118
  13 L   0.15651 0.07115 0.06669 0.06466 0.06313 0.06178 0.06068 0.06040 0.06316 0.15697 0.17486 (11)  0.831 +-  1.011
  14 L   0.00993 0.01282 0.01988 0.02693 0.03380 0.04042 0.04684 0.05353 0.06261 0.15891 0.53432 (11)  2.450 +-  2.446
  15 G   0.13337 0.06145 0.05880 0.05822 0.05807 0.05803 0.05819 0.05908 0.06292 0.15699 0.23488 (11)  1.079 +-  1.421
  16 L   0.14108 0.06467 0.06138 0.06028 0.05965 0.05914 0.05886 0.05934 0.06279 0.15652 0.21629 (11)  1.006 +-  1.329
  17 L   0.14108 0.06467 0.06138 0.06028 0.05965 0.05914 0.05886 0.05934 0.06279 0.15652 0.21629 (11)  1.006 +-  1.329
  18 F   0.15551 0.07073 0.06615 0.06399 0.06237 0.06094 0.05979 0.05948 0.06220 0.15494 0.18389 (11)  0.879 +-  1.140
  19 I   0.13897 0.06379 0.06071 0.05980 0.05934 0.05899 0.05885 0.05947 0.06305 0.15713 0.21989 (11)  1.016 +-  1.332
  20 C   0.14693 0.06712 0.06342 0.06199 0.06105 0.06024 0.05967 0.05988 0.06309 0.15702 0.19959 (11)  0.932 +-  1.201
  21 N   0.00926 0.01211 0.01885 0.02561 0.03223 0.03864 0.04490 0.05145 0.06038 0.15438 0.55217 (11)  2.564 +-  2.529
  22 S   0.14517 0.06638 0.06279 0.06145 0.06058 0.05986 0.05936 0.05964 0.06291 0.15668 0.20518 (11)  0.958 +-  1.251
  23 A   0.14184 0.06498 0.06174 0.06070 0.06012 0.05965 0.05940 0.05991 0.06339 0.15781 0.21046 (11)  0.970 +-  1.245
  24 L   0.14256 0.06529 0.06190 0.06073 0.06002 0.05945 0.05909 0.05951 0.06290 0.15673 0.21181 (11)  0.985 +-  1.293
  25 V   0.00866 0.01146 0.01795 0.02451 0.03099 0.03732 0.04356 0.05013 0.05909 0.15196 0.56437 (11)  2.620 +-  2.549
  26 S   0.14399 0.06588 0.06237 0.06109 0.06028 0.05961 0.05917 0.05950 0.06281 0.15650 0.20878 (11)  0.975 +-  1.282
  27 H   0.14365 0.06574 0.06239 0.06126 0.06059 0.06004 0.05971 0.06014 0.06356 0.15814 0.20478 (11)  0.944 +-  1.194
  28 N   0.14419 0.06597 0.06254 0.06134 0.06061 0.06001 0.05962 0.06000 0.06337 0.15771 0.20464 (11)  0.947 +-  1.210
  29 L   0.14108 0.06467 0.06138 0.06028 0.05965 0.05914 0.05886 0.05934 0.06279 0.15652 0.21629 (11)  1.006 +-  1.329
  30 T   0.14284 0.06540 0.06206 0.06093 0.06027 0.05973 0.05941 0.05986 0.06328 0.15755 0.20868 (11)  0.965 +-  1.242
  31 R   0.13731 0.06310 0.06017 0.05938 0.05903 0.05879 0.05875 0.05947 0.06314 0.15737 0.22350 (11)  1.028 +-  1.343
  32 Y   0.13494 0.06211 0.05934 0.05866 0.05842 0.05830 0.05837 0.05919 0.06295 0.15701 0.23072 (11)  1.062 +-  1.399
  33 L   0.13162 0.06071 0.05804 0.05741 0.05721 0.05713 0.05724 0.05810 0.06187 0.15468 0.24598 (11)  1.155 +-  1.582
  34 A   0.14115 0.06470 0.06151 0.06051 0.05996 0.05953 0.05931 0.05986 0.06338 0.15779 0.21231 (11)  0.978 +-  1.257
  35 I   0.15029 0.06853 0.06450 0.06281 0.06161 0.06057 0.05978 0.05979 0.06281 0.15636 0.19294 (11)  0.909 +-  1.172
  36 S   0.14517 0.06638 0.06279 0.06145 0.06058 0.05986 0.05936 0.05964 0.06291 0.15668 0.20518 (11)  0.958 +-  1.251
  37 E   0.13417 0.06179 0.05909 0.05848 0.05830 0.05823 0.05835 0.05922 0.06303 0.15721 0.23213 (11)  1.065 +-  1.397
  38 F   0.15551 0.07073 0.06615 0.06399 0.06237 0.06094 0.05979 0.05948 0.06220 0.15494 0.18389 (11)  0.879 +-  1.140
  39 S   0.14399 0.06588 0.06237 0.06109 0.06028 0.05961 0.05917 0.05950 0.06281 0.15650 0.20878 (11)  0.975 +-  1.282
  40 I   0.15029 0.06853 0.06450 0.06281 0.06161 0.06057 0.05978 0.05979 0.06281 0.15636 0.19294 (11)  0.909 +-  1.172
  41 S   0.15474 0.07040 0.06596 0.06392 0.06240 0.06106 0.05999 0.05975 0.06254 0.15569 0.18355 (11)  0.874 +-  1.118
  42 T   0.14284 0.06540 0.06206 0.06093 0.06027 0.05973 0.05941 0.05986 0.06328 0.15755 0.20868 (11)  0.965 +-  1.242
  43 K   0.00820 0.01096 0.01722 0.02359 0.02992 0.03613 0.04228 0.04880 0.05769 0.14914 0.57607 (11)  2.687 +-  2.586

Positively selected sites

	Prob(w>1)  mean w

     5 L      0.655         3.144 +- 2.795
     7 S      0.833         4.002 +- 2.869
     8 V      0.603         2.852 +- 2.678
    11 G      0.540         2.476 +- 2.459
    14 L      0.534         2.450 +- 2.446
    21 N      0.552         2.564 +- 2.529
    25 V      0.564         2.620 +- 2.549
    43 K      0.576         2.687 +- 2.586

