Supplemental results for CODEML (seqf: algn  treef: tree)


dN/dS (w) for site classes (K=3)

p:   0.69061  0.16930  0.14009
w:   0.46937  1.00000  1.00000

Naive Empirical Bayes (NEB) probabilities for 3 classes & postmean_w
(amino acids refer to 1st sequence: Hmic.9701)

   1 M   0.69061 0.16930 0.14009 ( 1)  0.634
   2 R   0.69061 0.16930 0.14009 ( 1)  0.634
   3 T   0.69061 0.16930 0.14009 ( 1)  0.634
   4 C   0.69061 0.16930 0.14009 ( 1)  0.634
   5 D   0.69061 0.16930 0.14009 ( 1)  0.634
   6 M   0.69061 0.16930 0.14009 ( 1)  0.634
   7 I   0.69061 0.16930 0.14009 ( 1)  0.634
   8 L   0.69061 0.16930 0.14009 ( 1)  0.634
   9 G   0.69061 0.16930 0.14009 ( 1)  0.634
  10 I   0.69061 0.16930 0.14009 ( 1)  0.634
  11 L   0.69061 0.16930 0.14009 ( 1)  0.634
  12 F   0.69061 0.16930 0.14009 ( 1)  0.634
  13 L   0.69061 0.16930 0.14009 ( 1)  0.634
  14 T   0.69061 0.16930 0.14009 ( 1)  0.634
  15 L   0.69061 0.16930 0.14009 ( 1)  0.634
  16 I   0.69061 0.16930 0.14009 ( 1)  0.634
  17 F   0.69061 0.16930 0.14009 ( 1)  0.634
  18 S   0.69061 0.16930 0.14009 ( 1)  0.634
  19 Q   0.69061 0.16930 0.14009 ( 1)  0.634
  20 S   0.69061 0.16930 0.14009 ( 1)  0.634
  21 A   0.69061 0.16930 0.14009 ( 1)  0.634
  22 N   0.69061 0.16930 0.14009 ( 1)  0.634
  23 A   0.69061 0.16930 0.14009 ( 1)  0.634
  24 H   0.69061 0.16930 0.14009 ( 1)  0.634
  25 R   0.69061 0.16930 0.14009 ( 1)  0.634
  26 V   0.69061 0.16930 0.14009 ( 1)  0.634
  27 V   0.69061 0.16930 0.14009 ( 1)  0.634
  28 N   0.69061 0.16930 0.14009 ( 1)  0.634
  29 S   0.69061 0.16930 0.14009 ( 1)  0.634
  30 I   0.69061 0.16930 0.14009 ( 1)  0.634
  31 L   0.69061 0.16930 0.14009 ( 1)  0.634
  32 Y   0.69061 0.16930 0.14009 ( 1)  0.634
  33 T   0.69061 0.16930 0.14009 ( 1)  0.634
  34 F   0.69061 0.16930 0.14009 ( 1)  0.634
  35 L   0.69061 0.16930 0.14009 ( 1)  0.634
  36 F   0.69061 0.16930 0.14009 ( 1)  0.634
  37 L   0.69061 0.16930 0.14009 ( 1)  0.634
  38 C   0.69061 0.16930 0.14009 ( 1)  0.634
  39 N   0.69061 0.16930 0.14009 ( 1)  0.634
  40 T   0.69061 0.16930 0.14009 ( 1)  0.634
  41 I   0.69061 0.16930 0.14009 ( 1)  0.634
  42 V   0.69061 0.16930 0.14009 ( 1)  0.634
  43 K   0.69061 0.16930 0.14009 ( 1)  0.634
  44 I   0.69061 0.16930 0.14009 ( 1)  0.634
  45 N   0.69061 0.16930 0.14009 ( 1)  0.634
  46 S   0.69061 0.16930 0.14009 ( 1)  0.634
  47 S   0.69061 0.16930 0.14009 ( 1)  0.634
  48 N   0.69061 0.16930 0.14009 ( 1)  0.634
  49 C   0.69061 0.16930 0.14009 ( 1)  0.634
  50 V   0.69061 0.16930 0.14009 ( 1)  0.634
  51 L   0.69061 0.16930 0.14009 ( 1)  0.634
  52 N   0.69061 0.16930 0.14009 ( 1)  0.634
  53 W   0.69061 0.16930 0.14009 ( 1)  0.634
  54 E   0.69061 0.16930 0.14009 ( 1)  0.634
  55 F   0.69061 0.16930 0.14009 ( 1)  0.634
  56 V   0.69061 0.16930 0.14009 ( 1)  0.634
  57 R   0.69061 0.16930 0.14009 ( 1)  0.634
  58 L   0.69061 0.16930 0.14009 ( 1)  0.634
  59 G   0.69061 0.16930 0.14009 ( 1)  0.634
  60 G   0.69061 0.16930 0.14009 ( 1)  0.634
  61 G   0.69061 0.16930 0.14009 ( 1)  0.634
  62 Q   0.69061 0.16930 0.14009 ( 1)  0.634
  63 E   0.69061 0.16930 0.14009 ( 1)  0.634
  64 G   0.69061 0.16930 0.14009 ( 1)  0.634
  65 N   0.69061 0.16930 0.14009 ( 1)  0.634
  66 I   0.69061 0.16930 0.14009 ( 1)  0.634
  67 G   0.69061 0.16930 0.14009 ( 1)  0.634
  68 L   0.69061 0.16930 0.14009 ( 1)  0.634
  69 I   0.69061 0.16930 0.14009 ( 1)  0.634
  70 Q   0.69061 0.16930 0.14009 ( 1)  0.634
  71 D   0.69061 0.16930 0.14009 ( 1)  0.634
  72 L   0.69061 0.16930 0.14009 ( 1)  0.634
  73 R   0.69061 0.16930 0.14009 ( 1)  0.634
  74 T   0.69061 0.16930 0.14009 ( 1)  0.634
  75 E   0.69061 0.16930 0.14009 ( 1)  0.634
  76 N   0.69061 0.16930 0.14009 ( 1)  0.634
  77 Y   0.69061 0.16930 0.14009 ( 1)  0.634
  78 H   0.69061 0.16930 0.14009 ( 1)  0.634
  79 C   0.69061 0.16930 0.14009 ( 1)  0.634
  80 V   0.69061 0.16930 0.14009 ( 1)  0.634

Positively selected sites

	Prob(w>1)  mean w



lnL =  -312.325563

Bayes Empirical Bayes (BEB) probabilities for 3 classes (class) & postmean_w
(amino acids refer to 1st sequence: Hmic.9701)

   1 M   0.33345 0.33342 0.33312 ( 1)  2.498 +-  2.989
   2 R   0.33345 0.33342 0.33313 ( 1)  2.498 +-  2.989
   3 T   0.33345 0.33342 0.33313 ( 1)  2.498 +-  2.989
   4 C   0.33345 0.33342 0.33313 ( 1)  2.498 +-  2.989
   5 D   0.33345 0.33342 0.33312 ( 1)  2.498 +-  2.989
   6 M   0.33345 0.33342 0.33312 ( 1)  2.498 +-  2.989
   7 I   0.33345 0.33342 0.33313 ( 1)  2.498 +-  2.989
   8 L   0.33345 0.33342 0.33312 ( 1)  2.498 +-  2.989
   9 G   0.33345 0.33342 0.33313 ( 1)  2.498 +-  2.989
  10 I   0.33345 0.33342 0.33313 ( 1)  2.498 +-  2.989
  11 L   0.33345 0.33342 0.33313 ( 1)  2.498 +-  2.989
  12 F   0.33345 0.33342 0.33313 ( 1)  2.498 +-  2.989
  13 L   0.33345 0.33342 0.33313 ( 1)  2.498 +-  2.989
  14 T   0.33345 0.33342 0.33312 ( 1)  2.498 +-  2.989
  15 L   0.33345 0.33342 0.33313 ( 1)  2.498 +-  2.989
  16 I   0.33345 0.33342 0.33313 ( 1)  2.498 +-  2.989
  17 F   0.33345 0.33342 0.33312 ( 1)  2.498 +-  2.989
  18 S   0.33345 0.33342 0.33313 ( 1)  2.498 +-  2.989
  19 Q   0.33345 0.33342 0.33313 ( 1)  2.498 +-  2.989
  20 S   0.33345 0.33342 0.33312 ( 1)  2.498 +-  2.989
  21 A   0.33345 0.33342 0.33313 ( 1)  2.498 +-  2.989
  22 N   0.33345 0.33342 0.33312 ( 1)  2.498 +-  2.989
  23 A   0.33345 0.33342 0.33313 ( 1)  2.498 +-  2.989
  24 H   0.33345 0.33342 0.33313 ( 1)  2.498 +-  2.989
  25 R   0.33345 0.33342 0.33313 ( 1)  2.498 +-  2.989
  26 V   0.33345 0.33342 0.33312 ( 1)  2.498 +-  2.989
  27 V   0.33345 0.33342 0.33313 ( 1)  2.498 +-  2.989
  28 N   0.33345 0.33342 0.33312 ( 1)  2.498 +-  2.989
  29 S   0.33345 0.33342 0.33313 ( 1)  2.498 +-  2.989
  30 I   0.33345 0.33342 0.33312 ( 1)  2.498 +-  2.989
  31 L   0.33345 0.33342 0.33313 ( 1)  2.498 +-  2.989
  32 Y   0.33345 0.33342 0.33313 ( 1)  2.498 +-  2.989
  33 T   0.33345 0.33342 0.33313 ( 1)  2.498 +-  2.989
  34 F   0.33345 0.33342 0.33312 ( 1)  2.498 +-  2.989
  35 L   0.33345 0.33342 0.33313 ( 1)  2.498 +-  2.989
  36 F   0.33345 0.33342 0.33313 ( 1)  2.498 +-  2.989
  37 L   0.33345 0.33342 0.33312 ( 1)  2.498 +-  2.989
  38 C   0.33345 0.33342 0.33313 ( 1)  2.498 +-  2.989
  39 N   0.33345 0.33342 0.33312 ( 1)  2.498 +-  2.989
  40 T   0.33345 0.33342 0.33313 ( 1)  2.498 +-  2.989
  41 I   0.33345 0.33342 0.33312 ( 1)  2.498 +-  2.989
  42 V   0.33345 0.33342 0.33313 ( 1)  2.498 +-  2.989
  43 K   0.33345 0.33342 0.33313 ( 1)  2.498 +-  2.989
  44 I   0.33345 0.33342 0.33313 ( 1)  2.498 +-  2.989
  45 N   0.33345 0.33342 0.33313 ( 1)  2.498 +-  2.989
  46 S   0.33345 0.33342 0.33313 ( 1)  2.498 +-  2.989
  47 S   0.33345 0.33342 0.33313 ( 1)  2.498 +-  2.989
  48 N   0.33345 0.33342 0.33312 ( 1)  2.498 +-  2.989
  49 C   0.33345 0.33342 0.33313 ( 1)  2.498 +-  2.989
  50 V   0.33345 0.33342 0.33313 ( 1)  2.498 +-  2.989
  51 L   0.33345 0.33342 0.33313 ( 1)  2.498 +-  2.989
  52 N   0.33345 0.33342 0.33312 ( 1)  2.498 +-  2.989
  53 W   0.33345 0.33342 0.33313 ( 1)  2.498 +-  2.989
  54 E   0.33345 0.33342 0.33313 ( 1)  2.498 +-  2.989
  55 F   0.33345 0.33342 0.33312 ( 1)  2.498 +-  2.989
  56 V   0.33345 0.33342 0.33312 ( 1)  2.498 +-  2.989
  57 R   0.33345 0.33342 0.33313 ( 1)  2.498 +-  2.989
  58 L   0.33345 0.33342 0.33313 ( 1)  2.498 +-  2.989
  59 G   0.33345 0.33342 0.33313 ( 1)  2.498 +-  2.989
  60 G   0.33345 0.33342 0.33313 ( 1)  2.498 +-  2.989
  61 G   0.33345 0.33342 0.33313 ( 1)  2.498 +-  2.989
  62 Q   0.33345 0.33342 0.33313 ( 1)  2.498 +-  2.989
  63 E   0.33345 0.33342 0.33313 ( 1)  2.498 +-  2.989
  64 G   0.33345 0.33342 0.33313 ( 1)  2.498 +-  2.989
  65 N   0.33345 0.33342 0.33312 ( 1)  2.498 +-  2.989
  66 I   0.33345 0.33342 0.33312 ( 1)  2.498 +-  2.989
  67 G   0.33345 0.33342 0.33313 ( 1)  2.498 +-  2.989
  68 L   0.33345 0.33342 0.33313 ( 1)  2.498 +-  2.989
  69 I   0.33345 0.33342 0.33312 ( 1)  2.498 +-  2.989
  70 Q   0.33345 0.33342 0.33313 ( 1)  2.498 +-  2.989
  71 D   0.33345 0.33342 0.33312 ( 1)  2.498 +-  2.989
  72 L   0.33345 0.33342 0.33313 ( 1)  2.498 +-  2.989
  73 R   0.33345 0.33342 0.33313 ( 1)  2.498 +-  2.989
  74 T   0.33345 0.33342 0.33312 ( 1)  2.498 +-  2.989
  75 E   0.33345 0.33342 0.33313 ( 1)  2.498 +-  2.989
  76 N   0.33345 0.33342 0.33312 ( 1)  2.498 +-  2.989
  77 Y   0.33345 0.33342 0.33313 ( 1)  2.498 +-  2.989
  78 H   0.33345 0.33342 0.33313 ( 1)  2.498 +-  2.989
  79 C   0.33345 0.33342 0.33313 ( 1)  2.498 +-  2.989
  80 V   0.33345 0.33342 0.33312 ( 1)  2.498 +-  2.989

Positively selected sites

	Prob(w>1)  mean w


