Supplemental results for CODEML (seqf: algn  treef: tree)


dN/dS (w) for site classes (K=2)

p:   0.55731  0.44269
w:   0.00000  1.00000

Naive Empirical Bayes (NEB) probabilities for 2 classes & postmean_w
(amino acids refer to 1st sequence: Mlig.15166)

   1 M   0.92034 0.07966 ( 1)  0.080
   2 A   0.73160 0.26840 ( 1)  0.268
   3 T   0.71242 0.28758 ( 1)  0.288
   4 E   0.89908 0.10092 ( 1)  0.101
   5 M   0.92034 0.07966 ( 1)  0.080
   6 E   0.89908 0.10092 ( 1)  0.101
   7 R   0.00001 0.99999 ( 2)  1.000
   8 N   0.00001 0.99999 ( 2)  1.000
   9 L   0.86253 0.13747 ( 1)  0.137
  10 R   0.75005 0.24995 ( 1)  0.250
  11 A   0.00000 1.00000 ( 2)  1.000
  12 A   0.89196 0.10804 ( 1)  0.108
  13 L   0.86253 0.13747 ( 1)  0.137
  14 E   0.89908 0.10092 ( 1)  0.101
  15 A   0.00000 1.00000 ( 2)  1.000
  16 G   0.72385 0.27615 ( 1)  0.276
  17 D   0.89711 0.10289 ( 1)  0.103
  18 S   0.85941 0.14059 ( 1)  0.141
  19 I   0.00000 1.00000 ( 2)  1.000
  20 R   0.00000 1.00000 ( 2)  1.000
  21 L   0.86253 0.13747 ( 1)  0.137
  22 I   0.00000 1.00000 ( 2)  1.000
  23 K   0.00000 1.00000 ( 2)  1.000
  24 L   0.86253 0.13747 ( 1)  0.137
  25 C   0.80354 0.19646 ( 1)  0.196
  26 D   0.00000 1.00000 ( 2)  1.000
  27 E   0.89908 0.10092 ( 1)  0.101
  28 V   0.81338 0.18662 ( 1)  0.187
  29 G   0.81001 0.18999 ( 1)  0.190
  30 S   0.85941 0.14059 ( 1)  0.141
  31 N   0.88838 0.11162 ( 1)  0.112
  32 I   0.86434 0.13566 ( 1)  0.136
  33 E   0.89908 0.10092 ( 1)  0.101
  34 L   0.86253 0.13747 ( 1)  0.137
  35 E   0.00001 0.99999 ( 2)  1.000
  36 V   0.87063 0.12937 ( 1)  0.129
  37 G   0.81001 0.18999 ( 1)  0.190
  38 G   0.84756 0.15244 ( 1)  0.152
  39 F   0.79517 0.20483 ( 1)  0.205
  40 D   0.89711 0.10289 ( 1)  0.103
  41 Q   0.00001 0.99999 ( 2)  1.000
  42 Q   0.82209 0.17791 ( 1)  0.178
  43 T   0.00000 1.00000 ( 2)  1.000
  44 F   0.00000 1.00000 ( 2)  1.000
  45 P   0.79895 0.20105 ( 1)  0.201
  46 Y   0.00000 1.00000 ( 2)  1.000
  47 K   0.00000 1.00000 ( 2)  1.000
  48 E   0.00001 0.99999 ( 2)  1.000
  49 L   0.00000 1.00000 ( 2)  1.000
  50 R   0.80352 0.19648 ( 1)  0.196
  51 R   0.71003 0.28997 ( 1)  0.290
  52 M   0.92034 0.07966 ( 1)  0.080
  53 P   0.88521 0.11479 ( 1)  0.115
  54 L   0.86253 0.13747 ( 1)  0.137
  55 V   0.00000 1.00000 ( 2)  1.000
  56 H   0.87054 0.12946 ( 1)  0.129
  57 H   0.89410 0.10590 ( 1)  0.106
  58 V   0.87063 0.12937 ( 1)  0.129
  59 A   0.81183 0.18817 ( 1)  0.188
  60 C   0.80354 0.19646 ( 1)  0.196
  61 K   0.90138 0.09862 ( 1)  0.099
  62 P   0.88521 0.11479 ( 1)  0.115
  63 V   0.87063 0.12937 ( 1)  0.129
  64 S   0.82304 0.17696 ( 1)  0.177
  65 S   0.80041 0.19959 ( 1)  0.200
  66 S   0.72341 0.27659 ( 1)  0.277
  67 C   0.76227 0.23773 ( 1)  0.238
  68 L   0.86253 0.13747 ( 1)  0.137
  69 E   0.89908 0.10092 ( 1)  0.101
  70 L   0.86253 0.13747 ( 1)  0.137
  71 L   0.86253 0.13747 ( 1)  0.137
  72 I   0.82992 0.17008 ( 1)  0.170
  73 D   0.89711 0.10289 ( 1)  0.103
  74 G   0.00000 1.00000 ( 2)  1.000
  75 Y   0.00000 1.00000 ( 2)  1.000
  76 L   0.00000 1.00000 ( 2)  1.000
  77 D   0.00000 1.00000 ( 2)  1.000
  78 F   0.00000 1.00000 ( 2)  1.000
  79 K   0.00000 1.00000 ( 2)  1.000
  80 N   0.00000 1.00000 ( 2)  1.000
  81 N   0.86292 0.13708 ( 1)  0.137
  82 W   0.00000 1.00000 ( 2)  1.000
  83 F   0.00000 1.00000 ( 2)  1.000
  84 Q   0.00000 1.00000 ( 2)  1.000
  85 T   0.00000 1.00000 ( 2)  1.000


lnL =  -538.239104

