Supplemental results for CODEML (seqf: algn  treef: tree)


dN/dS (w) for site classes (K=3)

p:   0.99681  0.00000  0.00319
w:   0.00000  1.00000 999.00000

Naive Empirical Bayes (NEB) probabilities for 3 classes & postmean_w & P(w>1)
(amino acids refer to 1st sequence: Mlig.32895)

   1 M   0.99969 0.00000 0.00031 ( 1)  0.306  0.000
   2 Q   0.99944 0.00000 0.00056 ( 1)  0.559  0.001
   3 Q   0.99905 0.00000 0.00095 ( 1)  0.945  0.001
   4 P   0.99946 0.00000 0.00054 ( 1)  0.541  0.001
   5 T   0.99959 0.00000 0.00041 ( 1)  0.414  0.000
   6 Q   0.99944 0.00000 0.00056 ( 1)  0.559  0.001
   7 S   0.99960 0.00000 0.00040 ( 1)  0.404  0.000
   8 S   0.99867 0.00000 0.00133 ( 1)  1.326  0.001
   9 I   0.99964 0.00000 0.00036 ( 1)  0.355  0.000
  10 R   0.99857 0.00000 0.00143 ( 1)  1.430  0.001
  11 R   0.99960 0.00000 0.00040 ( 1)  0.405  0.000
  12 C   0.99894 0.00000 0.00106 ( 1)  1.057  0.001
  13 Q   0.99944 0.00000 0.00056 ( 1)  0.559  0.001
  14 Q   0.99905 0.00000 0.00095 ( 1)  0.945  0.001
  15 K   0.99927 0.00000 0.00073 ( 1)  0.733  0.001
  16 S   0.99867 0.00000 0.00133 ( 1)  1.326  0.001
  17 F   0.99921 0.00000 0.00079 ( 1)  0.786  0.001
  18 R   0.99895 0.00000 0.00105 ( 1)  1.044  0.001
  19 L   0.99951 0.00000 0.00049 ( 1)  0.490  0.000
  20 Y   0.99959 0.00000 0.00041 ( 1)  0.406  0.000
  21 R   0.99857 0.00000 0.00143 ( 1)  1.430  0.001
  22 R   0.99904 0.00000 0.00096 ( 1)  0.962  0.001
  23 N   0.99934 0.00000 0.00066 ( 1)  0.657  0.001
  24 R   0.99960 0.00000 0.00040 ( 1)  0.405  0.000
  25 A   0.99899 0.00000 0.00101 ( 1)  1.006  0.001
  26 L   0.99921 0.00000 0.00079 ( 1)  0.792  0.001
  27 I   0.99964 0.00000 0.00036 ( 1)  0.355  0.000
  28 H   0.99959 0.00000 0.00041 ( 1)  0.412  0.000
  29 C   0.99960 0.00000 0.00040 ( 1)  0.404  0.000
  30 L   0.99921 0.00000 0.00079 ( 1)  0.792  0.001
  31 M   0.99969 0.00000 0.00031 ( 1)  0.306  0.000
  32 F   0.99921 0.00000 0.00079 ( 1)  0.786  0.001
  33 V   0.99899 0.00000 0.00101 ( 1)  1.008  0.001
  34 I   0.99926 0.00000 0.00074 ( 1)  0.737  0.001
  35 L   0.99927 0.00000 0.00073 ( 1)  0.734  0.001
  36 V   0.99953 0.00000 0.00047 ( 1)  0.472  0.000
  37 T   0.99962 0.00000 0.00038 ( 1)  0.378  0.000
  38 L   0.99858 0.00000 0.00142 ( 1)  1.422  0.001
  39 T   0.99962 0.00000 0.00038 ( 1)  0.378  0.000
  40 L   0.99858 0.00000 0.00142 ( 1)  1.422  0.001
  41 A   0.99899 0.00000 0.00101 ( 1)  1.006  0.001
  42 A   0.99907 0.00000 0.00093 ( 1)  0.933  0.001
  43 V   0.99950 0.00000 0.00050 ( 1)  0.496  0.000
  44 T   0.99906 0.00000 0.00094 ( 1)  0.935  0.001
  45 Q   0.99905 0.00000 0.00095 ( 1)  0.945  0.001
  46 P   0.99954 0.00000 0.00046 ( 1)  0.456  0.000
  47 G   0.99908 0.00000 0.00092 ( 1)  0.919  0.001
  48 W   0.99923 0.00000 0.00077 ( 1)  0.772  0.001
  49 N   0.99934 0.00000 0.00066 ( 1)  0.657  0.001
  50 G   0.99965 0.00000 0.00035 ( 1)  0.352  0.000
  51 D   0.99962 0.00000 0.00038 ( 1)  0.383  0.000
  52 K   0.99927 0.00000 0.00073 ( 1)  0.733  0.001
  53 E   0.99957 0.00000 0.00043 ( 1)  0.433  0.000
  54 V   0.99904 0.00000 0.00096 ( 1)  0.956  0.001
  55 D   0.99962 0.00000 0.00038 ( 1)  0.383  0.000
  56 N   0.99934 0.00000 0.00066 ( 1)  0.657  0.001
  57 L   0.99896 0.00000 0.00104 ( 1)  1.043  0.001
  58 S   0.99960 0.00000 0.00040 ( 1)  0.404  0.000
  59 N   0.99934 0.00000 0.00066 ( 1)  0.657  0.001
  60 A   0.99957 0.00000 0.00043 ( 1)  0.429  0.000
  61 V   0.99899 0.00000 0.00101 ( 1)  1.008  0.001
  62 A   0.99957 0.00000 0.00043 ( 1)  0.429  0.000
  63 D   0.99962 0.00000 0.00038 ( 1)  0.383  0.000
  64 M   0.99969 0.00000 0.00031 ( 1)  0.306  0.000
  65 A   0.99899 0.00000 0.00101 ( 1)  1.006  0.001
  66 P   0.99946 0.00000 0.00054 ( 1)  0.541  0.001
  67 V   0.99950 0.00000 0.00050 ( 1)  0.496  0.000
  68 D   0.99962 0.00000 0.00038 ( 1)  0.383  0.000
  69 Q   0.99944 0.00000 0.00056 ( 1)  0.559  0.001
  70 V   0.99904 0.00000 0.00096 ( 1)  0.956  0.001
  71 R   0.99857 0.00000 0.00143 ( 1)  1.430  0.001
  72 V   0.99953 0.00000 0.00047 ( 1)  0.472  0.000
  73 P   0.99887 0.00000 0.00113 ( 1)  1.124  0.001
  74 A   0.99899 0.00000 0.00101 ( 1)  1.006  0.001
  75 G   0.99908 0.00000 0.00092 ( 1)  0.919  0.001
  76 G   0.99959 0.00000 0.00041 ( 1)  0.408  0.000
  77 P   0.99946 0.00000 0.00054 ( 1)  0.541  0.001
  78 N   0.99934 0.00000 0.00066 ( 1)  0.657  0.001
  79 K   0.99927 0.00000 0.00073 ( 1)  0.733  0.001
  80 F   0.99921 0.00000 0.00079 ( 1)  0.786  0.001
  81 V   0.99950 0.00000 0.00050 ( 1)  0.496  0.000
  82 N   0.99967 0.00000 0.00033 ( 1)  0.330  0.000
  83 E   0.99957 0.00000 0.00043 ( 1)  0.433  0.000
  84 A   0.99953 0.00000 0.00047 ( 1)  0.471  0.000
  85 P   0.99887 0.00000 0.00113 ( 1)  1.124  0.001
  86 W   0.99923 0.00000 0.00077 ( 1)  0.772  0.001
  87 A   0.99899 0.00000 0.00101 ( 1)  1.006  0.001
  88 V   0.99904 0.00000 0.00096 ( 1)  0.956  0.001
  89 K   0.99927 0.00000 0.00073 ( 1)  0.733  0.001
  90 R   0.99857 0.00000 0.00143 ( 1)  1.430  0.001
  91 S   0.99944 0.00000 0.00056 ( 1)  0.564  0.001
  92 Q   0.99905 0.00000 0.00095 ( 1)  0.945  0.001
  93 D   0.99962 0.00000 0.00038 ( 1)  0.383  0.000
  94 Q   0.99905 0.00000 0.00095 ( 1)  0.945  0.001
  95 G   0.99959 0.00000 0.00041 ( 1)  0.408  0.000
  96 K   0.99927 0.00000 0.00073 ( 1)  0.733  0.001
  97 L   0.99951 0.00000 0.00049 ( 1)  0.490  0.000
  98 I   0.99964 0.00000 0.00036 ( 1)  0.355  0.000
  99 I   0.99953 0.00000 0.00047 ( 1)  0.474  0.000
 100 P   0.99946 0.00000 0.00054 ( 1)  0.541  0.001
 101 K   0.99961 0.00000 0.00039 ( 1)  0.389  0.000
 102 L   0.99927 0.00000 0.00073 ( 1)  0.734  0.001
 103 I   0.99964 0.00000 0.00036 ( 1)  0.355  0.000
 104 H   0.99926 0.00000 0.00074 ( 1)  0.740  0.001
 105 H   0.99959 0.00000 0.00041 ( 1)  0.412  0.000
 106 Y   0.99959 0.00000 0.00041 ( 1)  0.406  0.000
 107 F   0.99921 0.00000 0.00079 ( 1)  0.786  0.001
 108 G   0.99965 0.00000 0.00035 ( 1)  0.352  0.000
 109 E   0.99957 0.00000 0.00043 ( 1)  0.433  0.000
 110 V   0.99953 0.00000 0.00047 ( 1)  0.472  0.000
 111 A   0.99953 0.00000 0.00047 ( 1)  0.471  0.000
 112 G   0.99895 0.00000 0.00105 ( 1)  1.051  0.001
 113 I   0.99926 0.00000 0.00074 ( 1)  0.737  0.001
 114 P   0.99887 0.00000 0.00113 ( 1)  1.124  0.001
 115 A   0.99907 0.00000 0.00093 ( 1)  0.933  0.001
 116 R   0.99904 0.00000 0.00096 ( 1)  0.962  0.001
 117 L   0.99927 0.00000 0.00073 ( 1)  0.734  0.001
 118 V   0.99950 0.00000 0.00050 ( 1)  0.496  0.000
 119 S   0.99894 0.00000 0.00106 ( 1)  1.061  0.001
 120 E   0.99957 0.00000 0.00043 ( 1)  0.433  0.000
 121 I   0.99926 0.00000 0.00074 ( 1)  0.737  0.001
 122 H   0.99959 0.00000 0.00041 ( 1)  0.412  0.000
 123 S   0.99969 0.00000 0.00031 ( 1)  0.306  0.000
 124 W   0.99923 0.00000 0.00077 ( 1)  0.772  0.001
 125 A   0.99907 0.00000 0.00093 ( 1)  0.933  0.001
 126 V   0.99953 0.00000 0.00047 ( 1)  0.472  0.000
 127 N   0.99934 0.00000 0.00066 ( 1)  0.657  0.001
 128 H   0.99959 0.00000 0.00041 ( 1)  0.412  0.000
 129 P   0.99946 0.00000 0.00054 ( 1)  0.541  0.001
 130 D   0.99936 0.00000 0.00064 ( 1)  0.644  0.001
 131 Y   0.99898 0.00000 0.00102 ( 1)  1.019  0.001
 132 E   0.99957 0.00000 0.00043 ( 1)  0.433  0.000
 133 I   0.99926 0.00000 0.00074 ( 1)  0.737  0.001
 134 H   0.99959 0.00000 0.00041 ( 1)  0.412  0.000
 135 Y   0.99898 0.00000 0.00102 ( 1)  1.019  0.001
 136 W   0.99923 0.00000 0.00077 ( 1)  0.772  0.001
 137 D   0.99936 0.00000 0.00064 ( 1)  0.644  0.001
 138 A   0.99953 0.00000 0.00047 ( 1)  0.471  0.000
 139 A   0.99957 0.00000 0.00043 ( 1)  0.429  0.000
 140 S   0.99920 0.00000 0.00080 ( 1)  0.802  0.001
 141 V   0.99950 0.00000 0.00050 ( 1)  0.496  0.000
 142 E   0.99957 0.00000 0.00043 ( 1)  0.433  0.000
 143 T   0.99962 0.00000 0.00038 ( 1)  0.378  0.000
 144 K   0.99927 0.00000 0.00073 ( 1)  0.733  0.001
 145 L   0.99927 0.00000 0.00073 ( 1)  0.734  0.001
 146 L   0.99927 0.00000 0.00073 ( 1)  0.734  0.001
 147 S   0.99969 0.00000 0.00031 ( 1)  0.306  0.000
 148 K   0.99927 0.00000 0.00073 ( 1)  0.733  0.001
 149 V   0.99904 0.00000 0.00096 ( 1)  0.956  0.001
 150 E   0.99957 0.00000 0.00043 ( 1)  0.433  0.000
 151 Y   0.99959 0.00000 0.00041 ( 1)  0.406  0.000
 152 A   0.99957 0.00000 0.00043 ( 1)  0.429  0.000
 153 K   0.99927 0.00000 0.00073 ( 1)  0.733  0.001
 154 Y   0.99898 0.00000 0.00102 ( 1)  1.019  0.001
 155 K   0.99927 0.00000 0.00073 ( 1)  0.733  0.001
 156 R   0.99904 0.00000 0.00096 ( 1)  0.962  0.001
 157 Y   0.99959 0.00000 0.00041 ( 1)  0.406  0.000
 158 Y   0.99959 0.00000 0.00041 ( 1)  0.406  0.000
 159 W   0.99923 0.00000 0.00077 ( 1)  0.772  0.001
 160 N   0.99967 0.00000 0.00033 ( 1)  0.330  0.000
 161 G   0.99965 0.00000 0.00035 ( 1)  0.352  0.000
 162 T   0.99962 0.00000 0.00038 ( 1)  0.378  0.000
 163 A   0.99957 0.00000 0.00043 ( 1)  0.429  0.000
 164 S   0.99969 0.00000 0.00031 ( 1)  0.306  0.000
 165 S   0.99960 0.00000 0.00040 ( 1)  0.404  0.000
 166 R   0.99904 0.00000 0.00096 ( 1)  0.962  0.001
 167 E   0.99957 0.00000 0.00043 ( 1)  0.433  0.000
 168 R   0.99960 0.00000 0.00040 ( 1)  0.405  0.000
 169 S   0.99969 0.00000 0.00031 ( 1)  0.306  0.000
 170 L   0.99927 0.00000 0.00073 ( 1)  0.734  0.001
 171 I   0.99964 0.00000 0.00036 ( 1)  0.355  0.000
 172 A   0.99957 0.00000 0.00043 ( 1)  0.429  0.000
 173 R   0.99960 0.00000 0.00040 ( 1)  0.405  0.000
 174 L   0.99927 0.00000 0.00073 ( 1)  0.734  0.001
 175 L   0.99927 0.00000 0.00073 ( 1)  0.734  0.001
 176 I   0.99926 0.00000 0.00074 ( 1)  0.737  0.001
 177 L   0.99927 0.00000 0.00073 ( 1)  0.734  0.001
 178 H   0.99926 0.00000 0.00074 ( 1)  0.740  0.001
 179 S   0.99969 0.00000 0.00031 ( 1)  0.306  0.000
 180 L   0.99951 0.00000 0.00049 ( 1)  0.490  0.000
 181 G   0.99965 0.00000 0.00035 ( 1)  0.352  0.000
 182 G   0.99965 0.00000 0.00035 ( 1)  0.352  0.000
 183 L   0.99927 0.00000 0.00073 ( 1)  0.734  0.001
 184 S   0.99867 0.00000 0.00133 ( 1)  1.326  0.001
 185 P   0.99954 0.00000 0.00046 ( 1)  0.456  0.000
 186 D   0.99962 0.00000 0.00038 ( 1)  0.383  0.000
 187 L   0.99927 0.00000 0.00073 ( 1)  0.734  0.001
 188 N   0.99967 0.00000 0.00033 ( 1)  0.330  0.000
 189 M   0.99969 0.00000 0.00031 ( 1)  0.306  0.000
 190 R   0.99960 0.00000 0.00040 ( 1)  0.405  0.000
 191 S   0.99944 0.00000 0.00056 ( 1)  0.564  0.001
 192 L   0.99896 0.00000 0.00104 ( 1)  1.043  0.001
 193 Q   0.99944 0.00000 0.00056 ( 1)  0.559  0.001
 194 S   0.99969 0.00000 0.00031 ( 1)  0.306  0.000
 195 S   0.99960 0.00000 0.00040 ( 1)  0.404  0.000
 196 T   0.99962 0.00000 0.00038 ( 1)  0.378  0.000
 197 S   0.99969 0.00000 0.00031 ( 1)  0.306  0.000
 198 Y   0.99959 0.00000 0.00041 ( 1)  0.406  0.000
 199 L   0.99927 0.00000 0.00073 ( 1)  0.734  0.001
 200 T   0.99962 0.00000 0.00038 ( 1)  0.378  0.000
 201 D   0.99962 0.00000 0.00038 ( 1)  0.383  0.000
 202 S   0.99960 0.00000 0.00040 ( 1)  0.404  0.000
 203 N   0.99967 0.00000 0.00033 ( 1)  0.330  0.000
 204 C   0.99960 0.00000 0.00040 ( 1)  0.404  0.000
 205 V   0.99953 0.00000 0.00047 ( 1)  0.472  0.000
 206 I   0.99964 0.00000 0.00036 ( 1)  0.355  0.000
 207 A   0.99907 0.00000 0.00093 ( 1)  0.933  0.001
 208 Q   0.99944 0.00000 0.00056 ( 1)  0.559  0.001
 209 D   0.99962 0.00000 0.00038 ( 1)  0.383  0.000
 210 R   0.99857 0.00000 0.00143 ( 1)  1.430  0.001
 211 V   0.99899 0.00000 0.00101 ( 1)  1.008  0.001
 212 E   0.99957 0.00000 0.00043 ( 1)  0.433  0.000
 213 K   0.99927 0.00000 0.00073 ( 1)  0.733  0.001
 214 A   0.99953 0.00000 0.00047 ( 1)  0.471  0.000
 215 V   0.99899 0.00000 0.00101 ( 1)  1.008  0.001
 216 F   0.99921 0.00000 0.00079 ( 1)  0.786  0.001
 217 Q   0.99905 0.00000 0.00095 ( 1)  0.945  0.001
 218 F   0.99966 0.00000 0.00034 ( 1)  0.343  0.000
 219 D   0.99936 0.00000 0.00064 ( 1)  0.644  0.001
 220 F   0.99966 0.00000 0.00034 ( 1)  0.343  0.000
 221 E   0.99930 0.00000 0.00070 ( 1)  0.700  0.001
 222 S   0.99894 0.00000 0.00106 ( 1)  1.061  0.001
 223 L   0.99927 0.00000 0.00073 ( 1)  0.734  0.001
 224 P   0.99954 0.00000 0.00046 ( 1)  0.456  0.000
 225 S   0.99969 0.00000 0.00031 ( 1)  0.306  0.000
 226 L   0.99927 0.00000 0.00073 ( 1)  0.734  0.001
 227 S   0.99894 0.00000 0.00106 ( 1)  1.061  0.001
 228 F   0.99921 0.00000 0.00079 ( 1)  0.786  0.001
 229 L   0.99858 0.00000 0.00142 ( 1)  1.422  0.001
 230 A   0.99957 0.00000 0.00043 ( 1)  0.429  0.000
 231 C   0.99960 0.00000 0.00040 ( 1)  0.404  0.000
 232 K   0.99927 0.00000 0.00073 ( 1)  0.733  0.001
 233 P   0.99946 0.00000 0.00054 ( 1)  0.541  0.001
 234 K   0.99961 0.00000 0.00039 ( 1)  0.389  0.000
 235 H   0.99959 0.00000 0.00041 ( 1)  0.412  0.000
 236 H   0.99926 0.00000 0.00074 ( 1)  0.740  0.001
 237 F   0.99921 0.00000 0.00079 ( 1)  0.786  0.001
 238 V   0.99950 0.00000 0.00050 ( 1)  0.496  0.000
 239 E   0.99957 0.00000 0.00043 ( 1)  0.433  0.000
 240 Y   0.99898 0.00000 0.00102 ( 1)  1.019  0.001
 241 F   0.99966 0.00000 0.00034 ( 1)  0.343  0.000
 242 L   0.99927 0.00000 0.00073 ( 1)  0.734  0.001
 243 R   0.99960 0.00000 0.00040 ( 1)  0.405  0.000
 244 K   0.99961 0.00000 0.00039 ( 1)  0.389  0.000
 245 I   0.99964 0.00000 0.00036 ( 1)  0.355  0.000
 246 T   0.99962 0.00000 0.00038 ( 1)  0.378  0.000
 247 E   0.99957 0.00000 0.00043 ( 1)  0.433  0.000
 248 V   0.99950 0.00000 0.00050 ( 1)  0.496  0.000
 249 S   0.99944 0.00000 0.00056 ( 1)  0.564  0.001
 250 L   0.99951 0.00000 0.00049 ( 1)  0.490  0.000
 251 R   0.99945 0.00000 0.00055 ( 1)  0.552  0.001
 252 T   0.99906 0.00000 0.00094 ( 1)  0.935  0.001
 253 G   0.99959 0.00000 0.00041 ( 1)  0.408  0.000
 254 A   0.99907 0.00000 0.00093 ( 1)  0.933  0.001
 255 V   0.99904 0.00000 0.00096 ( 1)  0.956  0.001
 256 V   0.99953 0.00000 0.00047 ( 1)  0.472  0.000
 257 L   0.99896 0.00000 0.00104 ( 1)  1.043  0.001
 258 D   0.99962 0.00000 0.00038 ( 1)  0.383  0.000
 259 V   0.99950 0.00000 0.00050 ( 1)  0.496  0.000
 260 D   0.99962 0.00000 0.00038 ( 1)  0.383  0.000
 261 T   0.99959 0.00000 0.00041 ( 1)  0.414  0.000
 262 P   0.99946 0.00000 0.00054 ( 1)  0.541  0.001
 263 A   0.99957 0.00000 0.00043 ( 1)  0.429  0.000
 264 F   0.99966 0.00000 0.00034 ( 1)  0.343  0.000
 265 L   0.99927 0.00000 0.00073 ( 1)  0.734  0.001
 266 L   0.99927 0.00000 0.00073 ( 1)  0.734  0.001
 267 H   0.99959 0.00000 0.00041 ( 1)  0.412  0.000
 268 S   0.99944 0.00000 0.00056 ( 1)  0.564  0.001
 269 F   0.99966 0.00000 0.00034 ( 1)  0.343  0.000
 270 N   0.99967 0.00000 0.00033 ( 1)  0.330  0.000
 271 S   0.99920 0.00000 0.00080 ( 1)  0.802  0.001
 272 A   0.99907 0.00000 0.00093 ( 1)  0.933  0.001
 273 V   0.99953 0.00000 0.00047 ( 1)  0.472  0.000
 274 A   0.99899 0.00000 0.00101 ( 1)  1.006  0.001
 275 A   0.99957 0.00000 0.00043 ( 1)  0.429  0.000
 276 Y   0.99959 0.00000 0.00041 ( 1)  0.406  0.000
 277 D   0.99962 0.00000 0.00038 ( 1)  0.383  0.000
 278 D   0.99962 0.00000 0.00038 ( 1)  0.383  0.000
 279 E   0.99930 0.00000 0.00070 ( 1)  0.700  0.001
 280 C   0.99960 0.00000 0.00040 ( 1)  0.404  0.000
 281 S   0.99944 0.00000 0.00056 ( 1)  0.564  0.001
 282 A   0.99953 0.00000 0.00047 ( 1)  0.471  0.000
 283 R   0.99961 0.00000 0.00039 ( 1)  0.393  0.000
 284 A   0.99907 0.00000 0.00093 ( 1)  0.933  0.001
 285 D   0.99962 0.00000 0.00038 ( 1)  0.383  0.000
 286 C   0.99960 0.00000 0.00040 ( 1)  0.404  0.000
 287 D   0.99962 0.00000 0.00038 ( 1)  0.383  0.000
 288 F   0.99966 0.00000 0.00034 ( 1)  0.343  0.000
 289 Q   0.99944 0.00000 0.00056 ( 1)  0.559  0.001
 290 D   0.99962 0.00000 0.00038 ( 1)  0.383  0.000
 291 R   0.99960 0.00000 0.00040 ( 1)  0.405  0.000
 292 V   0.99950 0.00000 0.00050 ( 1)  0.496  0.000
 293 S   0.99960 0.00000 0.00040 ( 1)  0.404  0.000
 294 L   0.99927 0.00000 0.00073 ( 1)  0.734  0.001
 295 A   0.99957 0.00000 0.00043 ( 1)  0.429  0.000
 296 E   0.99957 0.00000 0.00043 ( 1)  0.433  0.000
 297 P   0.99946 0.00000 0.00054 ( 1)  0.541  0.001
 298 A   0.99957 0.00000 0.00043 ( 1)  0.429  0.000
 299 I   0.99964 0.00000 0.00036 ( 1)  0.355  0.000
 300 F   0.99966 0.00000 0.00034 ( 1)  0.343  0.000
 301 M   0.99969 0.00000 0.00031 ( 1)  0.306  0.000
 302 P   0.99946 0.00000 0.00054 ( 1)  0.541  0.001
 303 V   0.99950 0.00000 0.00050 ( 1)  0.496  0.000
 304 M   0.99969 0.00000 0.00031 ( 1)  0.306  0.000
 305 E   0.99957 0.00000 0.00043 ( 1)  0.433  0.000
 306 P   0.99897 0.00000 0.00103 ( 1)  1.032  0.001
 307 H   0.99959 0.00000 0.00041 ( 1)  0.412  0.000
 308 L   0.99927 0.00000 0.00073 ( 1)  0.734  0.001
 309 F   0.99966 0.00000 0.00034 ( 1)  0.343  0.000
 310 D   0.99962 0.00000 0.00038 ( 1)  0.383  0.000
 311 S   0.99969 0.00000 0.00031 ( 1)  0.306  0.000
 312 L   0.99951 0.00000 0.00049 ( 1)  0.490  0.000
 313 V   0.99950 0.00000 0.00050 ( 1)  0.496  0.000
 314 D   0.99962 0.00000 0.00038 ( 1)  0.383  0.000
 315 N   0.99967 0.00000 0.00033 ( 1)  0.330  0.000
 316 C   0.99960 0.00000 0.00040 ( 1)  0.404  0.000
 317 R   0.99961 0.00000 0.00039 ( 1)  0.393  0.000
 318 H   0.99959 0.00000 0.00041 ( 1)  0.412  0.000
 319 R   0.99961 0.00000 0.00039 ( 1)  0.393  0.000
 320 D   0.99962 0.00000 0.00038 ( 1)  0.383  0.000
 321 R   0.00000 0.00000 1.00000 ( 3) 999.000  1.000
 322 L   0.99927 0.00000 0.00073 ( 1)  0.734  0.001
 323 P   0.99946 0.00000 0.00054 ( 1)  0.541  0.001
 324 F   0.99921 0.00000 0.00079 ( 1)  0.786  0.001
 325 L   0.99858 0.00000 0.00142 ( 1)  1.422  0.001
 326 K   0.99927 0.00000 0.00073 ( 1)  0.733  0.001
 327 K   0.99961 0.00000 0.00039 ( 1)  0.389  0.000
 328 E   0.99957 0.00000 0.00043 ( 1)  0.433  0.000
 329 A   0.99957 0.00000 0.00043 ( 1)  0.429  0.000
 330 C   0.99960 0.00000 0.00040 ( 1)  0.404  0.000
 331 Y   0.99959 0.00000 0.00041 ( 1)  0.406  0.000
 332 N   0.99967 0.00000 0.00033 ( 1)  0.330  0.000
 333 L   0.99921 0.00000 0.00079 ( 1)  0.792  0.001
 334 D   0.99962 0.00000 0.00038 ( 1)  0.383  0.000
 335 A   0.99907 0.00000 0.00093 ( 1)  0.933  0.001
 336 N   0.99967 0.00000 0.00033 ( 1)  0.330  0.000
 337 G   0.99959 0.00000 0.00041 ( 1)  0.408  0.000
 338 N   0.99967 0.00000 0.00033 ( 1)  0.330  0.000
 339 K   0.99927 0.00000 0.00073 ( 1)  0.733  0.001
 340 P   0.99887 0.00000 0.00113 ( 1)  1.124  0.001
 341 A   0.99907 0.00000 0.00093 ( 1)  0.933  0.001
 342 G   0.99965 0.00000 0.00035 ( 1)  0.352  0.000
 343 M   0.99969 0.00000 0.00031 ( 1)  0.306  0.000
 344 S   0.99944 0.00000 0.00056 ( 1)  0.564  0.001
 345 L   0.99927 0.00000 0.00073 ( 1)  0.734  0.001
 346 A   0.99899 0.00000 0.00101 ( 1)  1.006  0.001
 347 M   0.99969 0.00000 0.00031 ( 1)  0.306  0.000
 348 P   0.99946 0.00000 0.00054 ( 1)  0.541  0.001
 349 V   0.99953 0.00000 0.00047 ( 1)  0.472  0.000
 350 Y   0.99959 0.00000 0.00041 ( 1)  0.406  0.000
 351 L   0.99927 0.00000 0.00073 ( 1)  0.734  0.001
 352 P   0.99954 0.00000 0.00046 ( 1)  0.456  0.000
 353 V   0.99950 0.00000 0.00050 ( 1)  0.496  0.000
 354 W   0.99923 0.00000 0.00077 ( 1)  0.772  0.001
 355 A   0.99907 0.00000 0.00093 ( 1)  0.933  0.001
 356 P   0.99946 0.00000 0.00054 ( 1)  0.541  0.001
 357 N   0.99967 0.00000 0.00033 ( 1)  0.330  0.000
 358 K   0.99927 0.00000 0.00073 ( 1)  0.733  0.001
 359 D   0.99962 0.00000 0.00038 ( 1)  0.383  0.000
 360 R   0.99945 0.00000 0.00055 ( 1)  0.552  0.001
 361 P   0.99946 0.00000 0.00054 ( 1)  0.541  0.001
 362 L   0.99927 0.00000 0.00073 ( 1)  0.734  0.001
 363 L   0.99927 0.00000 0.00073 ( 1)  0.734  0.001
 364 S   0.99894 0.00000 0.00106 ( 1)  1.061  0.001
 365 L   0.99927 0.00000 0.00073 ( 1)  0.734  0.001
 366 A   0.99957 0.00000 0.00043 ( 1)  0.429  0.000
 367 R   0.99961 0.00000 0.00039 ( 1)  0.393  0.000
 368 I   0.99964 0.00000 0.00036 ( 1)  0.355  0.000
 369 A   0.99953 0.00000 0.00047 ( 1)  0.471  0.000
 370 P   0.99946 0.00000 0.00054 ( 1)  0.541  0.001
 371 A   0.99957 0.00000 0.00043 ( 1)  0.429  0.000
 372 A   0.99907 0.00000 0.00093 ( 1)  0.933  0.001
 373 G   0.99895 0.00000 0.00105 ( 1)  1.051  0.001
 374 L   0.99921 0.00000 0.00079 ( 1)  0.792  0.001
 375 T   0.99959 0.00000 0.00041 ( 1)  0.414  0.000
 376 R   0.99945 0.00000 0.00055 ( 1)  0.552  0.001
 377 K   0.99927 0.00000 0.00073 ( 1)  0.733  0.001
 378 V   0.99953 0.00000 0.00047 ( 1)  0.472  0.000
 379 K   0.99961 0.00000 0.00039 ( 1)  0.389  0.000
 380 K   0.99961 0.00000 0.00039 ( 1)  0.389  0.000
 381 H   0.99926 0.00000 0.00074 ( 1)  0.740  0.001
 382 W   0.99923 0.00000 0.00077 ( 1)  0.772  0.001
 383 R   0.99904 0.00000 0.00096 ( 1)  0.962  0.001
 384 F   0.99966 0.00000 0.00034 ( 1)  0.343  0.000
 385 Q   0.99944 0.00000 0.00056 ( 1)  0.559  0.001
 386 Q   0.99944 0.00000 0.00056 ( 1)  0.559  0.001
 387 S   0.99920 0.00000 0.00080 ( 1)  0.802  0.001

Positively selected sites

	Prob(w>1)  mean w

   321 R      1.000**       999.000


lnL = -1563.647367

Bayes Empirical Bayes (BEB) probabilities for 3 classes (class) & postmean_w
(amino acids refer to 1st sequence: Mlig.32895)

   1 M   0.38911 0.35928 0.25161 ( 1)  1.979 +-  2.577
   2 Q   0.38834 0.35879 0.25287 ( 1)  1.987 +-  2.585
   3 Q   0.38783 0.35846 0.25371 ( 1)  1.993 +-  2.591
   4 P   0.38850 0.35889 0.25261 ( 1)  1.986 +-  2.584
   5 T   0.38859 0.35895 0.25246 ( 1)  1.984 +-  2.583
   6 Q   0.38834 0.35879 0.25287 ( 1)  1.987 +-  2.585
   7 S   0.38851 0.35890 0.25259 ( 1)  1.985 +-  2.584
   8 S   0.38762 0.35834 0.25404 ( 1)  1.995 +-  2.593
   9 I   0.38897 0.35919 0.25185 ( 1)  1.980 +-  2.579
  10 R   0.38758 0.35830 0.25412 ( 1)  1.996 +-  2.594
  11 R   0.38854 0.35892 0.25254 ( 1)  1.985 +-  2.583
  12 C   0.38773 0.35840 0.25387 ( 1)  1.994 +-  2.592
  13 Q   0.38834 0.35879 0.25287 ( 1)  1.987 +-  2.585
  14 Q   0.38783 0.35846 0.25371 ( 1)  1.993 +-  2.591
  15 K   0.38800 0.35858 0.25342 ( 1)  1.991 +-  2.589
  16 S   0.38762 0.35834 0.25404 ( 1)  1.995 +-  2.593
  17 F   0.38794 0.35854 0.25352 ( 1)  1.992 +-  2.590
  18 R   0.38776 0.35842 0.25381 ( 1)  1.994 +-  2.592
  19 L   0.38867 0.35900 0.25233 ( 1)  1.984 +-  2.582
  20 Y   0.38859 0.35895 0.25246 ( 1)  1.984 +-  2.583
  21 R   0.38758 0.35830 0.25412 ( 1)  1.996 +-  2.594
  22 R   0.38779 0.35844 0.25376 ( 1)  1.993 +-  2.591
  23 N   0.38809 0.35863 0.25328 ( 1)  1.990 +-  2.588
  24 R   0.38854 0.35892 0.25254 ( 1)  1.985 +-  2.583
  25 A   0.38784 0.35848 0.25368 ( 1)  1.993 +-  2.591
  26 L   0.38796 0.35855 0.25348 ( 1)  1.991 +-  2.589
  27 I   0.38897 0.35919 0.25185 ( 1)  1.980 +-  2.579
  28 H   0.38884 0.35911 0.25205 ( 1)  1.982 +-  2.580
  29 C   0.38839 0.35882 0.25278 ( 1)  1.987 +-  2.585
  30 L   0.38796 0.35855 0.25348 ( 1)  1.991 +-  2.589
  31 M   0.38911 0.35928 0.25161 ( 1)  1.979 +-  2.577
  32 F   0.38794 0.35854 0.25352 ( 1)  1.992 +-  2.590
  33 V   0.38785 0.35848 0.25367 ( 1)  1.993 +-  2.591
  34 I   0.38803 0.35860 0.25337 ( 1)  1.991 +-  2.589
  35 L   0.38816 0.35867 0.25317 ( 1)  1.989 +-  2.587
  36 V   0.38888 0.35913 0.25200 ( 1)  1.981 +-  2.580
  37 T   0.38875 0.35905 0.25219 ( 1)  1.983 +-  2.581
  38 L   0.38760 0.35832 0.25408 ( 1)  1.996 +-  2.593
  39 T   0.38875 0.35905 0.25219 ( 1)  1.983 +-  2.581
  40 L   0.38760 0.35832 0.25408 ( 1)  1.996 +-  2.593
  41 A   0.38784 0.35848 0.25368 ( 1)  1.993 +-  2.591
  42 A   0.38791 0.35851 0.25358 ( 1)  1.992 +-  2.590
  43 V   0.38870 0.35902 0.25228 ( 1)  1.983 +-  2.582
  44 T   0.38786 0.35849 0.25365 ( 1)  1.993 +-  2.591
  45 Q   0.38783 0.35846 0.25371 ( 1)  1.993 +-  2.591
  46 P   0.38865 0.35898 0.25237 ( 1)  1.984 +-  2.582
  47 G   0.38785 0.35848 0.25366 ( 1)  1.993 +-  2.591
  48 W   0.38793 0.35853 0.25354 ( 1)  1.992 +-  2.590
  49 N   0.38809 0.35863 0.25328 ( 1)  1.990 +-  2.588
  50 G   0.38874 0.35904 0.25221 ( 1)  1.983 +-  2.581
  51 D   0.38907 0.35925 0.25168 ( 1)  1.979 +-  2.578
  52 K   0.38800 0.35858 0.25342 ( 1)  1.991 +-  2.589
  53 E   0.38883 0.35910 0.25207 ( 1)  1.982 +-  2.580
  54 V   0.38792 0.35852 0.25356 ( 1)  1.992 +-  2.590
  55 D   0.38907 0.35925 0.25168 ( 1)  1.979 +-  2.578
  56 N   0.38809 0.35863 0.25328 ( 1)  1.990 +-  2.588
  57 L   0.38782 0.35846 0.25372 ( 1)  1.993 +-  2.591
  58 S   0.38851 0.35890 0.25259 ( 1)  1.985 +-  2.584
  59 N   0.38809 0.35863 0.25328 ( 1)  1.990 +-  2.588
  60 A   0.38886 0.35912 0.25203 ( 1)  1.982 +-  2.580
  61 V   0.38785 0.35848 0.25367 ( 1)  1.993 +-  2.591
  62 A   0.38886 0.35912 0.25203 ( 1)  1.982 +-  2.580
  63 D   0.38907 0.35925 0.25168 ( 1)  1.979 +-  2.578
  64 M   0.38911 0.35928 0.25161 ( 1)  1.979 +-  2.577
  65 A   0.38784 0.35848 0.25368 ( 1)  1.993 +-  2.591
  66 P   0.38850 0.35889 0.25261 ( 1)  1.986 +-  2.584
  67 V   0.38870 0.35902 0.25228 ( 1)  1.983 +-  2.582
  68 D   0.38907 0.35925 0.25168 ( 1)  1.979 +-  2.578
  69 Q   0.38834 0.35879 0.25287 ( 1)  1.987 +-  2.585
  70 V   0.38792 0.35852 0.25356 ( 1)  1.992 +-  2.590
  71 R   0.38758 0.35830 0.25412 ( 1)  1.996 +-  2.594
  72 V   0.38888 0.35913 0.25200 ( 1)  1.981 +-  2.580
  73 P   0.38776 0.35842 0.25382 ( 1)  1.994 +-  2.592
  74 A   0.38784 0.35848 0.25368 ( 1)  1.993 +-  2.591
  75 G   0.38785 0.35848 0.25366 ( 1)  1.993 +-  2.591
  76 G   0.38858 0.35894 0.25248 ( 1)  1.985 +-  2.583
  77 P   0.38850 0.35889 0.25261 ( 1)  1.986 +-  2.584
  78 N   0.38809 0.35863 0.25328 ( 1)  1.990 +-  2.588
  79 K   0.38800 0.35858 0.25342 ( 1)  1.991 +-  2.589
  80 F   0.38794 0.35854 0.25352 ( 1)  1.992 +-  2.590
  81 V   0.38870 0.35902 0.25228 ( 1)  1.983 +-  2.582
  82 N   0.38900 0.35921 0.25179 ( 1)  1.980 +-  2.578
  83 E   0.38883 0.35910 0.25207 ( 1)  1.982 +-  2.580
  84 A   0.38868 0.35901 0.25231 ( 1)  1.983 +-  2.582
  85 P   0.38776 0.35842 0.25382 ( 1)  1.994 +-  2.592
  86 W   0.38793 0.35853 0.25354 ( 1)  1.992 +-  2.590
  87 A   0.38784 0.35848 0.25368 ( 1)  1.993 +-  2.591
  88 V   0.38792 0.35852 0.25356 ( 1)  1.992 +-  2.590
  89 K   0.38800 0.35858 0.25342 ( 1)  1.991 +-  2.589
  90 R   0.38758 0.35830 0.25412 ( 1)  1.996 +-  2.594
  91 S   0.38827 0.35874 0.25299 ( 1)  1.988 +-  2.586
  92 Q   0.38783 0.35846 0.25371 ( 1)  1.993 +-  2.591
  93 D   0.38907 0.35925 0.25168 ( 1)  1.979 +-  2.578
  94 Q   0.38783 0.35846 0.25371 ( 1)  1.993 +-  2.591
  95 G   0.38858 0.35894 0.25248 ( 1)  1.985 +-  2.583
  96 K   0.38800 0.35858 0.25342 ( 1)  1.991 +-  2.589
  97 L   0.38867 0.35900 0.25233 ( 1)  1.984 +-  2.582
  98 I   0.38897 0.35919 0.25185 ( 1)  1.980 +-  2.579
  99 I   0.38833 0.35878 0.25289 ( 1)  1.987 +-  2.586
 100 P   0.38850 0.35889 0.25261 ( 1)  1.986 +-  2.584
 101 K   0.38875 0.35905 0.25220 ( 1)  1.983 +-  2.581
 102 L   0.38816 0.35867 0.25317 ( 1)  1.989 +-  2.587
 103 I   0.38897 0.35919 0.25185 ( 1)  1.980 +-  2.579
 104 H   0.38803 0.35859 0.25337 ( 1)  1.991 +-  2.589
 105 H   0.38884 0.35911 0.25205 ( 1)  1.982 +-  2.580
 106 Y   0.38859 0.35895 0.25246 ( 1)  1.984 +-  2.583
 107 F   0.38794 0.35854 0.25352 ( 1)  1.992 +-  2.590
 108 G   0.38874 0.35904 0.25221 ( 1)  1.983 +-  2.581
 109 E   0.38883 0.35910 0.25207 ( 1)  1.982 +-  2.580
 110 V   0.38888 0.35913 0.25200 ( 1)  1.981 +-  2.580
 111 A   0.38868 0.35901 0.25231 ( 1)  1.983 +-  2.582
 112 G   0.38777 0.35843 0.25380 ( 1)  1.994 +-  2.592
 113 I   0.38803 0.35860 0.25337 ( 1)  1.991 +-  2.589
 114 P   0.38776 0.35842 0.25382 ( 1)  1.994 +-  2.592
 115 A   0.38791 0.35851 0.25358 ( 1)  1.992 +-  2.590
 116 R   0.38779 0.35844 0.25376 ( 1)  1.993 +-  2.591
 117 L   0.38816 0.35867 0.25317 ( 1)  1.989 +-  2.587
 118 V   0.38870 0.35902 0.25228 ( 1)  1.983 +-  2.582
 119 S   0.38775 0.35842 0.25383 ( 1)  1.994 +-  2.592
 120 E   0.38883 0.35910 0.25207 ( 1)  1.982 +-  2.580
 121 I   0.38803 0.35860 0.25337 ( 1)  1.991 +-  2.589
 122 H   0.38884 0.35911 0.25205 ( 1)  1.982 +-  2.580
 123 S   0.38871 0.35902 0.25227 ( 1)  1.983 +-  2.582
 124 W   0.38793 0.35853 0.25354 ( 1)  1.992 +-  2.590
 125 A   0.38791 0.35851 0.25358 ( 1)  1.992 +-  2.590
 126 V   0.38888 0.35913 0.25200 ( 1)  1.981 +-  2.580
 127 N   0.38809 0.35863 0.25328 ( 1)  1.990 +-  2.588
 128 H   0.38884 0.35911 0.25205 ( 1)  1.982 +-  2.580
 129 P   0.38850 0.35889 0.25261 ( 1)  1.986 +-  2.584
 130 D   0.38816 0.35867 0.25317 ( 1)  1.989 +-  2.587
 131 Y   0.38779 0.35844 0.25377 ( 1)  1.993 +-  2.591
 132 E   0.38883 0.35910 0.25207 ( 1)  1.982 +-  2.580
 133 I   0.38803 0.35860 0.25337 ( 1)  1.991 +-  2.589
 134 H   0.38884 0.35911 0.25205 ( 1)  1.982 +-  2.580
 135 Y   0.38779 0.35844 0.25377 ( 1)  1.993 +-  2.591
 136 W   0.38793 0.35853 0.25354 ( 1)  1.992 +-  2.590
 137 D   0.38816 0.35867 0.25317 ( 1)  1.989 +-  2.587
 138 A   0.38868 0.35901 0.25231 ( 1)  1.983 +-  2.582
 139 A   0.38886 0.35912 0.25203 ( 1)  1.982 +-  2.580
 140 S   0.38790 0.35851 0.25358 ( 1)  1.992 +-  2.590
 141 V   0.38870 0.35902 0.25228 ( 1)  1.983 +-  2.582
 142 E   0.38883 0.35910 0.25207 ( 1)  1.982 +-  2.580
 143 T   0.38875 0.35905 0.25219 ( 1)  1.983 +-  2.581
 144 K   0.38800 0.35858 0.25342 ( 1)  1.991 +-  2.589
 145 L   0.38816 0.35867 0.25317 ( 1)  1.989 +-  2.587
 146 L   0.38816 0.35867 0.25317 ( 1)  1.989 +-  2.587
 147 S   0.38871 0.35902 0.25227 ( 1)  1.983 +-  2.582
 148 K   0.38800 0.35858 0.25342 ( 1)  1.991 +-  2.589
 149 V   0.38792 0.35852 0.25356 ( 1)  1.992 +-  2.590
 150 E   0.38883 0.35910 0.25207 ( 1)  1.982 +-  2.580
 151 Y   0.38859 0.35895 0.25246 ( 1)  1.984 +-  2.583
 152 A   0.38886 0.35912 0.25203 ( 1)  1.982 +-  2.580
 153 K   0.38800 0.35858 0.25342 ( 1)  1.991 +-  2.589
 154 Y   0.38779 0.35844 0.25377 ( 1)  1.993 +-  2.591
 155 K   0.38800 0.35858 0.25342 ( 1)  1.991 +-  2.589
 156 R   0.38779 0.35844 0.25376 ( 1)  1.993 +-  2.591
 157 Y   0.38859 0.35895 0.25246 ( 1)  1.984 +-  2.583
 158 Y   0.38859 0.35895 0.25246 ( 1)  1.984 +-  2.583
 159 W   0.38793 0.35853 0.25354 ( 1)  1.992 +-  2.590
 160 N   0.38900 0.35921 0.25179 ( 1)  1.980 +-  2.578
 161 G   0.38874 0.35904 0.25221 ( 1)  1.983 +-  2.581
 162 T   0.38875 0.35905 0.25219 ( 1)  1.983 +-  2.581
 163 A   0.38886 0.35912 0.25203 ( 1)  1.982 +-  2.580
 164 S   0.38871 0.35902 0.25227 ( 1)  1.983 +-  2.582
 165 S   0.38851 0.35890 0.25259 ( 1)  1.985 +-  2.584
 166 R   0.38779 0.35844 0.25376 ( 1)  1.993 +-  2.591
 167 E   0.38883 0.35910 0.25207 ( 1)  1.982 +-  2.580
 168 R   0.38854 0.35892 0.25254 ( 1)  1.985 +-  2.583
 169 S   0.38871 0.35902 0.25227 ( 1)  1.983 +-  2.582
 170 L   0.38816 0.35867 0.25317 ( 1)  1.989 +-  2.587
 171 I   0.38897 0.35919 0.25185 ( 1)  1.980 +-  2.579
 172 A   0.38886 0.35912 0.25203 ( 1)  1.982 +-  2.580
 173 R   0.38854 0.35892 0.25254 ( 1)  1.985 +-  2.583
 174 L   0.38816 0.35867 0.25317 ( 1)  1.989 +-  2.587
 175 L   0.38816 0.35867 0.25317 ( 1)  1.989 +-  2.587
 176 I   0.38803 0.35860 0.25337 ( 1)  1.991 +-  2.589
 177 L   0.38816 0.35867 0.25317 ( 1)  1.989 +-  2.587
 178 H   0.38803 0.35859 0.25337 ( 1)  1.991 +-  2.589
 179 S   0.38871 0.35902 0.25227 ( 1)  1.983 +-  2.582
 180 L   0.38867 0.35900 0.25233 ( 1)  1.984 +-  2.582
 181 G   0.38874 0.35904 0.25221 ( 1)  1.983 +-  2.581
 182 G   0.38874 0.35904 0.25221 ( 1)  1.983 +-  2.581
 183 L   0.38816 0.35867 0.25317 ( 1)  1.989 +-  2.587
 184 S   0.38762 0.35834 0.25404 ( 1)  1.995 +-  2.593
 185 P   0.38865 0.35898 0.25237 ( 1)  1.984 +-  2.582
 186 D   0.38907 0.35925 0.25168 ( 1)  1.979 +-  2.578
 187 L   0.38816 0.35867 0.25317 ( 1)  1.989 +-  2.587
 188 N   0.38900 0.35921 0.25179 ( 1)  1.980 +-  2.578
 189 M   0.38911 0.35928 0.25161 ( 1)  1.979 +-  2.577
 190 R   0.38854 0.35892 0.25254 ( 1)  1.985 +-  2.583
 191 S   0.38827 0.35874 0.25299 ( 1)  1.988 +-  2.586
 192 L   0.38782 0.35846 0.25372 ( 1)  1.993 +-  2.591
 193 Q   0.38834 0.35879 0.25287 ( 1)  1.987 +-  2.585
 194 S   0.38871 0.35902 0.25227 ( 1)  1.983 +-  2.582
 195 S   0.38851 0.35890 0.25259 ( 1)  1.985 +-  2.584
 196 T   0.38875 0.35905 0.25219 ( 1)  1.983 +-  2.581
 197 S   0.38871 0.35902 0.25227 ( 1)  1.983 +-  2.582
 198 Y   0.38859 0.35895 0.25246 ( 1)  1.984 +-  2.583
 199 L   0.38816 0.35867 0.25317 ( 1)  1.989 +-  2.587
 200 T   0.38875 0.35905 0.25219 ( 1)  1.983 +-  2.581
 201 D   0.38907 0.35925 0.25168 ( 1)  1.979 +-  2.578
 202 S   0.38851 0.35890 0.25259 ( 1)  1.985 +-  2.584
 203 N   0.38900 0.35921 0.25179 ( 1)  1.980 +-  2.578
 204 C   0.38839 0.35882 0.25278 ( 1)  1.987 +-  2.585
 205 V   0.38888 0.35913 0.25200 ( 1)  1.981 +-  2.580
 206 I   0.38897 0.35919 0.25185 ( 1)  1.980 +-  2.579
 207 A   0.38791 0.35851 0.25358 ( 1)  1.992 +-  2.590
 208 Q   0.38834 0.35879 0.25287 ( 1)  1.987 +-  2.585
 209 D   0.38907 0.35925 0.25168 ( 1)  1.979 +-  2.578
 210 R   0.38758 0.35830 0.25412 ( 1)  1.996 +-  2.594
 211 V   0.38785 0.35848 0.25367 ( 1)  1.993 +-  2.591
 212 E   0.38883 0.35910 0.25207 ( 1)  1.982 +-  2.580
 213 K   0.38800 0.35858 0.25342 ( 1)  1.991 +-  2.589
 214 A   0.38868 0.35901 0.25231 ( 1)  1.983 +-  2.582
 215 V   0.38785 0.35848 0.25367 ( 1)  1.993 +-  2.591
 216 F   0.38794 0.35854 0.25352 ( 1)  1.992 +-  2.590
 217 Q   0.38783 0.35846 0.25371 ( 1)  1.993 +-  2.591
 218 F   0.38876 0.35905 0.25219 ( 1)  1.983 +-  2.581
 219 D   0.38816 0.35867 0.25317 ( 1)  1.989 +-  2.587
 220 F   0.38876 0.35905 0.25219 ( 1)  1.983 +-  2.581
 221 E   0.38808 0.35862 0.25330 ( 1)  1.990 +-  2.588
 222 S   0.38775 0.35842 0.25383 ( 1)  1.994 +-  2.592
 223 L   0.38816 0.35867 0.25317 ( 1)  1.989 +-  2.587
 224 P   0.38865 0.35898 0.25237 ( 1)  1.984 +-  2.582
 225 S   0.38871 0.35902 0.25227 ( 1)  1.983 +-  2.582
 226 L   0.38816 0.35867 0.25317 ( 1)  1.989 +-  2.587
 227 S   0.38775 0.35842 0.25383 ( 1)  1.994 +-  2.592
 228 F   0.38794 0.35854 0.25352 ( 1)  1.992 +-  2.590
 229 L   0.38760 0.35832 0.25408 ( 1)  1.996 +-  2.593
 230 A   0.38886 0.35912 0.25203 ( 1)  1.982 +-  2.580
 231 C   0.38839 0.35882 0.25278 ( 1)  1.987 +-  2.585
 232 K   0.38800 0.35858 0.25342 ( 1)  1.991 +-  2.589
 233 P   0.38850 0.35889 0.25261 ( 1)  1.986 +-  2.584
 234 K   0.38875 0.35905 0.25220 ( 1)  1.983 +-  2.581
 235 H   0.38884 0.35911 0.25205 ( 1)  1.982 +-  2.580
 236 H   0.38803 0.35859 0.25337 ( 1)  1.991 +-  2.589
 237 F   0.38794 0.35854 0.25352 ( 1)  1.992 +-  2.590
 238 V   0.38870 0.35902 0.25228 ( 1)  1.983 +-  2.582
 239 E   0.38883 0.35910 0.25207 ( 1)  1.982 +-  2.580
 240 Y   0.38779 0.35844 0.25377 ( 1)  1.993 +-  2.591
 241 F   0.38876 0.35905 0.25219 ( 1)  1.983 +-  2.581
 242 L   0.38816 0.35867 0.25317 ( 1)  1.989 +-  2.587
 243 R   0.38854 0.35892 0.25254 ( 1)  1.985 +-  2.583
 244 K   0.38875 0.35905 0.25220 ( 1)  1.983 +-  2.581
 245 I   0.38897 0.35919 0.25185 ( 1)  1.980 +-  2.579
 246 T   0.38875 0.35905 0.25219 ( 1)  1.983 +-  2.581
 247 E   0.38883 0.35910 0.25207 ( 1)  1.982 +-  2.580
 248 V   0.38870 0.35902 0.25228 ( 1)  1.983 +-  2.582
 249 S   0.38827 0.35874 0.25299 ( 1)  1.988 +-  2.586
 250 L   0.38867 0.35900 0.25233 ( 1)  1.984 +-  2.582
 251 R   0.38832 0.35878 0.25291 ( 1)  1.987 +-  2.586
 252 T   0.38786 0.35849 0.25365 ( 1)  1.993 +-  2.591
 253 G   0.38858 0.35894 0.25248 ( 1)  1.985 +-  2.583
 254 A   0.38791 0.35851 0.25358 ( 1)  1.992 +-  2.590
 255 V   0.38792 0.35852 0.25356 ( 1)  1.992 +-  2.590
 256 V   0.38888 0.35913 0.25200 ( 1)  1.981 +-  2.580
 257 L   0.38782 0.35846 0.25372 ( 1)  1.993 +-  2.591
 258 D   0.38907 0.35925 0.25168 ( 1)  1.979 +-  2.578
 259 V   0.38870 0.35902 0.25228 ( 1)  1.983 +-  2.582
 260 D   0.38907 0.35925 0.25168 ( 1)  1.979 +-  2.578
 261 T   0.38859 0.35895 0.25246 ( 1)  1.984 +-  2.583
 262 P   0.38850 0.35889 0.25261 ( 1)  1.986 +-  2.584
 263 A   0.38886 0.35912 0.25203 ( 1)  1.982 +-  2.580
 264 F   0.38876 0.35905 0.25219 ( 1)  1.983 +-  2.581
 265 L   0.38816 0.35867 0.25317 ( 1)  1.989 +-  2.587
 266 L   0.38816 0.35867 0.25317 ( 1)  1.989 +-  2.587
 267 H   0.38884 0.35911 0.25205 ( 1)  1.982 +-  2.580
 268 S   0.38827 0.35874 0.25299 ( 1)  1.988 +-  2.586
 269 F   0.38876 0.35905 0.25219 ( 1)  1.983 +-  2.581
 270 N   0.38900 0.35921 0.25179 ( 1)  1.980 +-  2.578
 271 S   0.38790 0.35851 0.25358 ( 1)  1.992 +-  2.590
 272 A   0.38791 0.35851 0.25358 ( 1)  1.992 +-  2.590
 273 V   0.38888 0.35913 0.25200 ( 1)  1.981 +-  2.580
 274 A   0.38784 0.35848 0.25368 ( 1)  1.993 +-  2.591
 275 A   0.38886 0.35912 0.25203 ( 1)  1.982 +-  2.580
 276 Y   0.38859 0.35895 0.25246 ( 1)  1.984 +-  2.583
 277 D   0.38907 0.35925 0.25168 ( 1)  1.979 +-  2.578
 278 D   0.38907 0.35925 0.25168 ( 1)  1.979 +-  2.578
 279 E   0.38808 0.35862 0.25330 ( 1)  1.990 +-  2.588
 280 C   0.38839 0.35882 0.25278 ( 1)  1.987 +-  2.585
 281 S   0.38827 0.35874 0.25299 ( 1)  1.988 +-  2.586
 282 A   0.38868 0.35901 0.25231 ( 1)  1.983 +-  2.582
 283 R   0.38848 0.35888 0.25264 ( 1)  1.986 +-  2.584
 284 A   0.38791 0.35851 0.25358 ( 1)  1.992 +-  2.590
 285 D   0.38907 0.35925 0.25168 ( 1)  1.979 +-  2.578
 286 C   0.38839 0.35882 0.25278 ( 1)  1.987 +-  2.585
 287 D   0.38907 0.35925 0.25168 ( 1)  1.979 +-  2.578
 288 F   0.38876 0.35905 0.25219 ( 1)  1.983 +-  2.581
 289 Q   0.38834 0.35879 0.25287 ( 1)  1.987 +-  2.585
 290 D   0.38907 0.35925 0.25168 ( 1)  1.979 +-  2.578
 291 R   0.38854 0.35892 0.25254 ( 1)  1.985 +-  2.583
 292 V   0.38870 0.35902 0.25228 ( 1)  1.983 +-  2.582
 293 S   0.38851 0.35890 0.25259 ( 1)  1.985 +-  2.584
 294 L   0.38816 0.35867 0.25317 ( 1)  1.989 +-  2.587
 295 A   0.38886 0.35912 0.25203 ( 1)  1.982 +-  2.580
 296 E   0.38883 0.35910 0.25207 ( 1)  1.982 +-  2.580
 297 P   0.38850 0.35889 0.25261 ( 1)  1.986 +-  2.584
 298 A   0.38886 0.35912 0.25203 ( 1)  1.982 +-  2.580
 299 I   0.38897 0.35919 0.25185 ( 1)  1.980 +-  2.579
 300 F   0.38876 0.35905 0.25219 ( 1)  1.983 +-  2.581
 301 M   0.38911 0.35928 0.25161 ( 1)  1.979 +-  2.577
 302 P   0.38850 0.35889 0.25261 ( 1)  1.986 +-  2.584
 303 V   0.38870 0.35902 0.25228 ( 1)  1.983 +-  2.582
 304 M   0.38911 0.35928 0.25161 ( 1)  1.979 +-  2.577
 305 E   0.38883 0.35910 0.25207 ( 1)  1.982 +-  2.580
 306 P   0.38781 0.35845 0.25373 ( 1)  1.993 +-  2.591
 307 H   0.38884 0.35911 0.25205 ( 1)  1.982 +-  2.580
 308 L   0.38816 0.35867 0.25317 ( 1)  1.989 +-  2.587
 309 F   0.38876 0.35905 0.25219 ( 1)  1.983 +-  2.581
 310 D   0.38907 0.35925 0.25168 ( 1)  1.979 +-  2.578
 311 S   0.38871 0.35902 0.25227 ( 1)  1.983 +-  2.582
 312 L   0.38867 0.35900 0.25233 ( 1)  1.984 +-  2.582
 313 V   0.38870 0.35902 0.25228 ( 1)  1.983 +-  2.582
 314 D   0.38907 0.35925 0.25168 ( 1)  1.979 +-  2.578
 315 N   0.38900 0.35921 0.25179 ( 1)  1.980 +-  2.578
 316 C   0.38839 0.35882 0.25278 ( 1)  1.987 +-  2.585
 317 R   0.38848 0.35888 0.25264 ( 1)  1.986 +-  2.584
 318 H   0.38884 0.35911 0.25205 ( 1)  1.982 +-  2.580
 319 R   0.38848 0.35888 0.25264 ( 1)  1.986 +-  2.584
 320 D   0.38907 0.35925 0.25168 ( 1)  1.979 +-  2.578
 321 R   0.04282 0.10782 0.84936 ( 3)  5.805 +-  3.205
 322 L   0.38816 0.35867 0.25317 ( 1)  1.989 +-  2.587
 323 P   0.38850 0.35889 0.25261 ( 1)  1.986 +-  2.584
 324 F   0.38794 0.35854 0.25352 ( 1)  1.992 +-  2.590
 325 L   0.38760 0.35832 0.25408 ( 1)  1.996 +-  2.593
 326 K   0.38800 0.35858 0.25342 ( 1)  1.991 +-  2.589
 327 K   0.38875 0.35905 0.25220 ( 1)  1.983 +-  2.581
 328 E   0.38883 0.35910 0.25207 ( 1)  1.982 +-  2.580
 329 A   0.38886 0.35912 0.25203 ( 1)  1.982 +-  2.580
 330 C   0.38839 0.35882 0.25278 ( 1)  1.987 +-  2.585
 331 Y   0.38859 0.35895 0.25246 ( 1)  1.984 +-  2.583
 332 N   0.38900 0.35921 0.25179 ( 1)  1.980 +-  2.578
 333 L   0.38796 0.35855 0.25348 ( 1)  1.991 +-  2.589
 334 D   0.38907 0.35925 0.25168 ( 1)  1.979 +-  2.578
 335 A   0.38791 0.35851 0.25358 ( 1)  1.992 +-  2.590
 336 N   0.38900 0.35921 0.25179 ( 1)  1.980 +-  2.578
 337 G   0.38858 0.35894 0.25248 ( 1)  1.985 +-  2.583
 338 N   0.38900 0.35921 0.25179 ( 1)  1.980 +-  2.578
 339 K   0.38800 0.35858 0.25342 ( 1)  1.991 +-  2.589
 340 P   0.38776 0.35842 0.25382 ( 1)  1.994 +-  2.592
 341 A   0.38791 0.35851 0.25358 ( 1)  1.992 +-  2.590
 342 G   0.38874 0.35904 0.25221 ( 1)  1.983 +-  2.581
 343 M   0.38911 0.35928 0.25161 ( 1)  1.979 +-  2.577
 344 S   0.38827 0.35874 0.25299 ( 1)  1.988 +-  2.586
 345 L   0.38816 0.35867 0.25317 ( 1)  1.989 +-  2.587
 346 A   0.38784 0.35848 0.25368 ( 1)  1.993 +-  2.591
 347 M   0.38911 0.35928 0.25161 ( 1)  1.979 +-  2.577
 348 P   0.38850 0.35889 0.25261 ( 1)  1.986 +-  2.584
 349 V   0.38888 0.35913 0.25200 ( 1)  1.981 +-  2.580
 350 Y   0.38859 0.35895 0.25246 ( 1)  1.984 +-  2.583
 351 L   0.38816 0.35867 0.25317 ( 1)  1.989 +-  2.587
 352 P   0.38865 0.35898 0.25237 ( 1)  1.984 +-  2.582
 353 V   0.38870 0.35902 0.25228 ( 1)  1.983 +-  2.582
 354 W   0.38793 0.35853 0.25354 ( 1)  1.992 +-  2.590
 355 A   0.38791 0.35851 0.25358 ( 1)  1.992 +-  2.590
 356 P   0.38850 0.35889 0.25261 ( 1)  1.986 +-  2.584
 357 N   0.38900 0.35921 0.25179 ( 1)  1.980 +-  2.578
 358 K   0.38800 0.35858 0.25342 ( 1)  1.991 +-  2.589
 359 D   0.38907 0.35925 0.25168 ( 1)  1.979 +-  2.578
 360 R   0.38832 0.35878 0.25291 ( 1)  1.987 +-  2.586
 361 P   0.38850 0.35889 0.25261 ( 1)  1.986 +-  2.584
 362 L   0.38816 0.35867 0.25317 ( 1)  1.989 +-  2.587
 363 L   0.38816 0.35867 0.25317 ( 1)  1.989 +-  2.587
 364 S   0.38775 0.35842 0.25383 ( 1)  1.994 +-  2.592
 365 L   0.38816 0.35867 0.25317 ( 1)  1.989 +-  2.587
 366 A   0.38886 0.35912 0.25203 ( 1)  1.982 +-  2.580
 367 R   0.38848 0.35888 0.25264 ( 1)  1.986 +-  2.584
 368 I   0.38897 0.35919 0.25185 ( 1)  1.980 +-  2.579
 369 A   0.38868 0.35901 0.25231 ( 1)  1.983 +-  2.582
 370 P   0.38850 0.35889 0.25261 ( 1)  1.986 +-  2.584
 371 A   0.38886 0.35912 0.25203 ( 1)  1.982 +-  2.580
 372 A   0.38791 0.35851 0.25358 ( 1)  1.992 +-  2.590
 373 G   0.38777 0.35843 0.25380 ( 1)  1.994 +-  2.592
 374 L   0.38796 0.35855 0.25348 ( 1)  1.991 +-  2.589
 375 T   0.38859 0.35895 0.25246 ( 1)  1.984 +-  2.583
 376 R   0.38832 0.35878 0.25291 ( 1)  1.987 +-  2.586
 377 K   0.38800 0.35858 0.25342 ( 1)  1.991 +-  2.589
 378 V   0.38888 0.35913 0.25200 ( 1)  1.981 +-  2.580
 379 K   0.38875 0.35905 0.25220 ( 1)  1.983 +-  2.581
 380 K   0.38875 0.35905 0.25220 ( 1)  1.983 +-  2.581
 381 H   0.38803 0.35859 0.25337 ( 1)  1.991 +-  2.589
 382 W   0.38793 0.35853 0.25354 ( 1)  1.992 +-  2.590
 383 R   0.38779 0.35844 0.25376 ( 1)  1.993 +-  2.591
 384 F   0.38876 0.35905 0.25219 ( 1)  1.983 +-  2.581
 385 Q   0.38834 0.35879 0.25287 ( 1)  1.987 +-  2.585
 386 Q   0.38834 0.35879 0.25287 ( 1)  1.987 +-  2.585
 387 S   0.38790 0.35851 0.25358 ( 1)  1.992 +-  2.590

Positively selected sites

	Prob(w>1)  mean w

   321 R      0.849         5.805 +- 3.205

