Supplemental results for CODEML (seqf: algn  treef: tree)


dN/dS (w) for site classes (K=2)

p:   0.57199  0.42801
w:   0.55144  1.00000

Naive Empirical Bayes (NEB) probabilities for 2 classes & postmean_w
(amino acids refer to 1st sequence: Hdim.11674)

   1 F   0.57199 0.42801 ( 1)  0.743
   2 H   0.57199 0.42801 ( 1)  0.743
   3 L   0.57199 0.42801 ( 1)  0.743
   4 L   0.57199 0.42801 ( 1)  0.743
   5 L   0.57199 0.42801 ( 1)  0.743
   6 Y   0.57199 0.42801 ( 1)  0.743
   7 A   0.57199 0.42801 ( 1)  0.743
   8 L   0.57199 0.42801 ( 1)  0.743
   9 K   0.57199 0.42801 ( 1)  0.743
  10 L   0.57199 0.42801 ( 1)  0.743
  11 R   0.57199 0.42801 ( 1)  0.743
  12 L   0.57199 0.42801 ( 1)  0.743
  13 L   0.57199 0.42801 ( 1)  0.743
  14 G   0.57199 0.42801 ( 1)  0.743
  15 F   0.57199 0.42801 ( 1)  0.743
  16 T   0.57199 0.42801 ( 1)  0.743
  17 L   0.57199 0.42801 ( 1)  0.743
  18 I   0.57199 0.42801 ( 1)  0.743
  19 S   0.57199 0.42801 ( 1)  0.743
  20 V   0.57199 0.42801 ( 1)  0.743
  21 L   0.57199 0.42801 ( 1)  0.743
  22 L   0.57199 0.42801 ( 1)  0.743
  23 D   0.57199 0.42801 ( 1)  0.743
  24 V   0.57199 0.42801 ( 1)  0.743
  25 P   0.57199 0.42801 ( 1)  0.743
  26 K   0.57199 0.42801 ( 1)  0.743
  27 V   0.57199 0.42801 ( 1)  0.743
  28 A   0.57199 0.42801 ( 1)  0.743
  29 H   0.57199 0.42801 ( 1)  0.743
  30 P   0.57199 0.42801 ( 1)  0.743
  31 L   0.57199 0.42801 ( 1)  0.743
  32 S   0.57199 0.42801 ( 1)  0.743
  33 W   0.57199 0.42801 ( 1)  0.743
  34 R   0.57199 0.42801 ( 1)  0.743
  35 G   0.57199 0.42801 ( 1)  0.743
  36 G   0.57199 0.42801 ( 1)  0.743
  37 I   0.57199 0.42801 ( 1)  0.743
  38 Q   0.57199 0.42801 ( 1)  0.743
  39 V   0.57199 0.42801 ( 1)  0.743
  40 P   0.57199 0.42801 ( 1)  0.743
  41 S   0.57199 0.42801 ( 1)  0.743
  42 D   0.57199 0.42801 ( 1)  0.743
  43 L   0.57199 0.42801 ( 1)  0.743
  44 R   0.57199 0.42801 ( 1)  0.743
  45 F   0.57199 0.42801 ( 1)  0.743
  46 C   0.57199 0.42801 ( 1)  0.743
  47 A   0.57199 0.42801 ( 1)  0.743
  48 L   0.57199 0.42801 ( 1)  0.743
  49 S   0.57199 0.42801 ( 1)  0.743
  50 L   0.57199 0.42801 ( 1)  0.743
  51 P   0.57199 0.42801 ( 1)  0.743
  52 Q   0.57199 0.42801 ( 1)  0.743
  53 P   0.57199 0.42801 ( 1)  0.743
  54 V   0.57199 0.42801 ( 1)  0.743
  55 A   0.57199 0.42801 ( 1)  0.743
  56 S   0.57199 0.42801 ( 1)  0.743
  57 V   0.57199 0.42801 ( 1)  0.743
  58 T   0.57199 0.42801 ( 1)  0.743
  59 A   0.57199 0.42801 ( 1)  0.743
  60 S   0.57199 0.42801 ( 1)  0.743
  61 A   0.57199 0.42801 ( 1)  0.743
  62 R   0.57199 0.42801 ( 1)  0.743
  63 Y   0.57199 0.42801 ( 1)  0.743
  64 S   0.57199 0.42801 ( 1)  0.743
  65 L   0.57199 0.42801 ( 1)  0.743
  66 P   0.57199 0.42801 ( 1)  0.743
  67 M   0.57199 0.42801 ( 1)  0.743
  68 G   0.57199 0.42801 ( 1)  0.743
  69 C   0.57199 0.42801 ( 1)  0.743
  70 R   0.57199 0.42801 ( 1)  0.743
  71 K   0.57199 0.42801 ( 1)  0.743
  72 L   0.57199 0.42801 ( 1)  0.743
  73 L   0.57199 0.42801 ( 1)  0.743
  74 C   0.57199 0.42801 ( 1)  0.743
  75 P   0.57199 0.42801 ( 1)  0.743
  76 E   0.57199 0.42801 ( 1)  0.743
  77 M   0.57199 0.42801 ( 1)  0.743
  78 S   0.57199 0.42801 ( 1)  0.743
  79 T   0.57199 0.42801 ( 1)  0.743
  80 C   0.57199 0.42801 ( 1)  0.743
  81 S   0.57199 0.42801 ( 1)  0.743
  82 L   0.57199 0.42801 ( 1)  0.743
  83 L   0.57199 0.42801 ( 1)  0.743
  84 L   0.57199 0.42801 ( 1)  0.743
  85 D   0.57199 0.42801 ( 1)  0.743
  86 S   0.57199 0.42801 ( 1)  0.743
  87 R   0.57199 0.42801 ( 1)  0.743
  88 T   0.57199 0.42801 ( 1)  0.743
  89 F   0.57199 0.42801 ( 1)  0.743
  90 V   0.57199 0.42801 ( 1)  0.743
  91 V   0.57199 0.42801 ( 1)  0.743
  92 L   0.57199 0.42801 ( 1)  0.743


lnL =  -369.128484

