Supplemental results for CODEML (seqf: algn  treef: tree)


dN/dS (w) for site classes (K=3)

p:   1.00000  0.00000  0.00000
w:   0.06733  1.00000  1.00000

Naive Empirical Bayes (NEB) probabilities for 3 classes & postmean_w
(amino acids refer to 1st sequence: Mlig.28464)

   1 I   1.00000 0.00000 0.00000 ( 1)  0.067
   2 E   1.00000 0.00000 0.00000 ( 1)  0.067
   3 F   1.00000 0.00000 0.00000 ( 1)  0.067
   4 M   1.00000 0.00000 0.00000 ( 1)  0.067
   5 D   1.00000 0.00000 0.00000 ( 1)  0.067
   6 T   1.00000 0.00000 0.00000 ( 1)  0.067
   7 S   1.00000 0.00000 0.00000 ( 1)  0.067
   8 I   1.00000 0.00000 0.00000 ( 1)  0.067
   9 Q   1.00000 0.00000 0.00000 ( 1)  0.067
  10 L   1.00000 0.00000 0.00000 ( 1)  0.067
  11 A   1.00000 0.00000 0.00000 ( 1)  0.067
  12 G   1.00000 0.00000 0.00000 ( 1)  0.067
  13 L   1.00000 0.00000 0.00000 ( 1)  0.067
  14 A   1.00000 0.00000 0.00000 ( 1)  0.067
  15 V   1.00000 0.00000 0.00000 ( 1)  0.067
  16 A   1.00000 0.00000 0.00000 ( 1)  0.067
  17 P   1.00000 0.00000 0.00000 ( 1)  0.067
  18 G   1.00000 0.00000 0.00000 ( 1)  0.067
  19 D   1.00000 0.00000 0.00000 ( 1)  0.067
  20 R   1.00000 0.00000 0.00000 ( 1)  0.067
  21 I   1.00000 0.00000 0.00000 ( 1)  0.067
  22 C   1.00000 0.00000 0.00000 ( 1)  0.067
  23 R   1.00000 0.00000 0.00000 ( 1)  0.067
  24 A   1.00000 0.00000 0.00000 ( 1)  0.067
  25 D   1.00000 0.00000 0.00000 ( 1)  0.067
  26 D   1.00000 0.00000 0.00000 ( 1)  0.067
  27 A   1.00000 0.00000 0.00000 ( 1)  0.067
  28 I   1.00000 0.00000 0.00000 ( 1)  0.067
  29 I   1.00000 0.00000 0.00000 ( 1)  0.067
  30 A   1.00000 0.00000 0.00000 ( 1)  0.067
  31 G   1.00000 0.00000 0.00000 ( 1)  0.067
  32 Q   1.00000 0.00000 0.00000 ( 1)  0.067
  33 G   1.00000 0.00000 0.00000 ( 1)  0.067
  34 T   1.00000 0.00000 0.00000 ( 1)  0.067
  35 H   1.00000 0.00000 0.00000 ( 1)  0.067
  36 E   1.00000 0.00000 0.00000 ( 1)  0.067
  37 Y   1.00000 0.00000 0.00000 ( 1)  0.067
  38 Q   1.00000 0.00000 0.00000 ( 1)  0.067
  39 N   1.00000 0.00000 0.00000 ( 1)  0.067
  40 W   1.00000 0.00000 0.00000 ( 1)  0.067
  41 I   1.00000 0.00000 0.00000 ( 1)  0.067
  42 H   1.00000 0.00000 0.00000 ( 1)  0.067
  43 S   1.00000 0.00000 0.00000 ( 1)  0.067
  44 S   1.00000 0.00000 0.00000 ( 1)  0.067
  45 L   1.00000 0.00000 0.00000 ( 1)  0.067
  46 L   1.00000 0.00000 0.00000 ( 1)  0.067
  47 G   1.00000 0.00000 0.00000 ( 1)  0.067
  48 R   1.00000 0.00000 0.00000 ( 1)  0.067
  49 V   1.00000 0.00000 0.00000 ( 1)  0.067
  50 Q   1.00000 0.00000 0.00000 ( 1)  0.067
  51 M   1.00000 0.00000 0.00000 ( 1)  0.067
  52 E   1.00000 0.00000 0.00000 ( 1)  0.067
  53 R   1.00000 0.00000 0.00000 ( 1)  0.067
  54 D   1.00000 0.00000 0.00000 ( 1)  0.067
  55 G   1.00000 0.00000 0.00000 ( 1)  0.067
  56 A   1.00000 0.00000 0.00000 ( 1)  0.067
  57 A   1.00000 0.00000 0.00000 ( 1)  0.067
  58 A   1.00000 0.00000 0.00000 ( 1)  0.067
  59 S   1.00000 0.00000 0.00000 ( 1)  0.067
  60 A   1.00000 0.00000 0.00000 ( 1)  0.067
  61 D   1.00000 0.00000 0.00000 ( 1)  0.067
  62 G   1.00000 0.00000 0.00000 ( 1)  0.067
  63 E   1.00000 0.00000 0.00000 ( 1)  0.067
  64 Q   1.00000 0.00000 0.00000 ( 1)  0.067
  65 H   1.00000 0.00000 0.00000 ( 1)  0.067
  66 E   1.00000 0.00000 0.00000 ( 1)  0.067
  67 T   1.00000 0.00000 0.00000 ( 1)  0.067
  68 E   1.00000 0.00000 0.00000 ( 1)  0.067
  69 T   1.00000 0.00000 0.00000 ( 1)  0.067
  70 A   1.00000 0.00000 0.00000 ( 1)  0.067
  71 S   1.00000 0.00000 0.00000 ( 1)  0.067
  72 G   1.00000 0.00000 0.00000 ( 1)  0.067
  73 K   1.00000 0.00000 0.00000 ( 1)  0.067
  74 A   1.00000 0.00000 0.00000 ( 1)  0.067
  75 I   1.00000 0.00000 0.00000 ( 1)  0.067
  76 V   1.00000 0.00000 0.00000 ( 1)  0.067
  77 R   1.00000 0.00000 0.00000 ( 1)  0.067
  78 V   1.00000 0.00000 0.00000 ( 1)  0.067
  79 E   1.00000 0.00000 0.00000 ( 1)  0.067
  80 S   1.00000 0.00000 0.00000 ( 1)  0.067
  81 H   1.00000 0.00000 0.00000 ( 1)  0.067
  82 N   1.00000 0.00000 0.00000 ( 1)  0.067
  83 R   1.00000 0.00000 0.00000 ( 1)  0.067
  84 T   1.00000 0.00000 0.00000 ( 1)  0.067
  85 F   1.00000 0.00000 0.00000 ( 1)  0.067
  86 P   1.00000 0.00000 0.00000 ( 1)  0.067
  87 S   1.00000 0.00000 0.00000 ( 1)  0.067
  88 S   1.00000 0.00000 0.00000 ( 1)  0.067
  89 M   1.00000 0.00000 0.00000 ( 1)  0.067
  90 I   1.00000 0.00000 0.00000 ( 1)  0.067
  91 D   1.00000 0.00000 0.00000 ( 1)  0.067
  92 A   1.00000 0.00000 0.00000 ( 1)  0.067
  93 I   1.00000 0.00000 0.00000 ( 1)  0.067
  94 V   1.00000 0.00000 0.00000 ( 1)  0.067
  95 V   1.00000 0.00000 0.00000 ( 1)  0.067
  96 A   1.00000 0.00000 0.00000 ( 1)  0.067
  97 Q   1.00000 0.00000 0.00000 ( 1)  0.067
  98 V   1.00000 0.00000 0.00000 ( 1)  0.067
  99 V   1.00000 0.00000 0.00000 ( 1)  0.067
 100 R   1.00000 0.00000 0.00000 ( 1)  0.067
 101 V   1.00000 0.00000 0.00000 ( 1)  0.067
 102 T   1.00000 0.00000 0.00000 ( 1)  0.067
 103 N   1.00000 0.00000 0.00000 ( 1)  0.067
 104 R   1.00000 0.00000 0.00000 ( 1)  0.067
 105 V   1.00000 0.00000 0.00000 ( 1)  0.067
 106 A   1.00000 0.00000 0.00000 ( 1)  0.067
 107 H   1.00000 0.00000 0.00000 ( 1)  0.067
 108 C   1.00000 0.00000 0.00000 ( 1)  0.067
 109 T   1.00000 0.00000 0.00000 ( 1)  0.067
 110 L   1.00000 0.00000 0.00000 ( 1)  0.067
 111 L   1.00000 0.00000 0.00000 ( 1)  0.067
 112 A   1.00000 0.00000 0.00000 ( 1)  0.067
 113 C   1.00000 0.00000 0.00000 ( 1)  0.067
 114 N   1.00000 0.00000 0.00000 ( 1)  0.067
 115 R   1.00000 0.00000 0.00000 ( 1)  0.067
 116 V   1.00000 0.00000 0.00000 ( 1)  0.067
 117 K   1.00000 0.00000 0.00000 ( 1)  0.067
 118 L   1.00000 0.00000 0.00000 ( 1)  0.067
 119 H   1.00000 0.00000 0.00000 ( 1)  0.067
 120 P   1.00000 0.00000 0.00000 ( 1)  0.067
 121 G   1.00000 0.00000 0.00000 ( 1)  0.067
 122 F   1.00000 0.00000 0.00000 ( 1)  0.067
 123 K   1.00000 0.00000 0.00000 ( 1)  0.067
 124 A   1.00000 0.00000 0.00000 ( 1)  0.067
 125 Q   1.00000 0.00000 0.00000 ( 1)  0.067
 126 I   1.00000 0.00000 0.00000 ( 1)  0.067
 127 R   1.00000 0.00000 0.00000 ( 1)  0.067
 128 R   1.00000 0.00000 0.00000 ( 1)  0.067
 129 E   1.00000 0.00000 0.00000 ( 1)  0.067
 130 D   1.00000 0.00000 0.00000 ( 1)  0.067
 131 V   1.00000 0.00000 0.00000 ( 1)  0.067
 132 R   1.00000 0.00000 0.00000 ( 1)  0.067
 133 A   1.00000 0.00000 0.00000 ( 1)  0.067
 134 T   1.00000 0.00000 0.00000 ( 1)  0.067
 135 E   1.00000 0.00000 0.00000 ( 1)  0.067
 136 R   1.00000 0.00000 0.00000 ( 1)  0.067
 137 D   1.00000 0.00000 0.00000 ( 1)  0.067
 138 R   1.00000 0.00000 0.00000 ( 1)  0.067
 139 V   1.00000 0.00000 0.00000 ( 1)  0.067
 140 E   1.00000 0.00000 0.00000 ( 1)  0.067
 141 L   1.00000 0.00000 0.00000 ( 1)  0.067
 142 A   1.00000 0.00000 0.00000 ( 1)  0.067
 143 D   1.00000 0.00000 0.00000 ( 1)  0.067
 144 C   1.00000 0.00000 0.00000 ( 1)  0.067
 145 F   1.00000 0.00000 0.00000 ( 1)  0.067
 146 R   1.00000 0.00000 0.00000 ( 1)  0.067
 147 A   1.00000 0.00000 0.00000 ( 1)  0.067
 148 G   1.00000 0.00000 0.00000 ( 1)  0.067
 149 D   1.00000 0.00000 0.00000 ( 1)  0.067
 150 I   1.00000 0.00000 0.00000 ( 1)  0.067
 151 V   1.00000 0.00000 0.00000 ( 1)  0.067
 152 Q   1.00000 0.00000 0.00000 ( 1)  0.067
 153 A   1.00000 0.00000 0.00000 ( 1)  0.067
 154 R   1.00000 0.00000 0.00000 ( 1)  0.067
 155 V   1.00000 0.00000 0.00000 ( 1)  0.067
 156 L   1.00000 0.00000 0.00000 ( 1)  0.067
 157 T   1.00000 0.00000 0.00000 ( 1)  0.067
 158 L   1.00000 0.00000 0.00000 ( 1)  0.067
 159 G   1.00000 0.00000 0.00000 ( 1)  0.067
 160 Q   1.00000 0.00000 0.00000 ( 1)  0.067
 161 N   1.00000 0.00000 0.00000 ( 1)  0.067
 162 G   1.00000 0.00000 0.00000 ( 1)  0.067
 163 A   1.00000 0.00000 0.00000 ( 1)  0.067
 164 Y   1.00000 0.00000 0.00000 ( 1)  0.067
 165 L   1.00000 0.00000 0.00000 ( 1)  0.067
 166 L   1.00000 0.00000 0.00000 ( 1)  0.067
 167 T   1.00000 0.00000 0.00000 ( 1)  0.067
 168 T   1.00000 0.00000 0.00000 ( 1)  0.067
 169 A   1.00000 0.00000 0.00000 ( 1)  0.067
 170 Q   1.00000 0.00000 0.00000 ( 1)  0.067
 171 N   1.00000 0.00000 0.00000 ( 1)  0.067
 172 E   1.00000 0.00000 0.00000 ( 1)  0.067
 173 L   1.00000 0.00000 0.00000 ( 1)  0.067
 174 G   1.00000 0.00000 0.00000 ( 1)  0.067
 175 V   1.00000 0.00000 0.00000 ( 1)  0.067
 176 V   1.00000 0.00000 0.00000 ( 1)  0.067
 177 V   1.00000 0.00000 0.00000 ( 1)  0.067
 178 A   1.00000 0.00000 0.00000 ( 1)  0.067
 179 S   1.00000 0.00000 0.00000 ( 1)  0.067
 180 G   1.00000 0.00000 0.00000 ( 1)  0.067
 181 Q   1.00000 0.00000 0.00000 ( 1)  0.067
 182 H   1.00000 0.00000 0.00000 ( 1)  0.067
 183 G   1.00000 0.00000 0.00000 ( 1)  0.067
 184 S   1.00000 0.00000 0.00000 ( 1)  0.067
 185 K   1.00000 0.00000 0.00000 ( 1)  0.067
 186 L   1.00000 0.00000 0.00000 ( 1)  0.067
 187 V   1.00000 0.00000 0.00000 ( 1)  0.067
 188 P   1.00000 0.00000 0.00000 ( 1)  0.067
 189 V   1.00000 0.00000 0.00000 ( 1)  0.067
 190 N   1.00000 0.00000 0.00000 ( 1)  0.067
 191 W   1.00000 0.00000 0.00000 ( 1)  0.067
 192 N   1.00000 0.00000 0.00000 ( 1)  0.067
 193 E   1.00000 0.00000 0.00000 ( 1)  0.067
 194 M   1.00000 0.00000 0.00000 ( 1)  0.067
 195 R   1.00000 0.00000 0.00000 ( 1)  0.067
 196 C   1.00000 0.00000 0.00000 ( 1)  0.067
 197 P   1.00000 0.00000 0.00000 ( 1)  0.067
 198 I   1.00000 0.00000 0.00000 ( 1)  0.067
 199 T   1.00000 0.00000 0.00000 ( 1)  0.067
 200 G   1.00000 0.00000 0.00000 ( 1)  0.067
 201 Q   1.00000 0.00000 0.00000 ( 1)  0.067
 202 V   1.00000 0.00000 0.00000 ( 1)  0.067
 203 Y   1.00000 0.00000 0.00000 ( 1)  0.067
 204 K   1.00000 0.00000 0.00000 ( 1)  0.067
 205 R   1.00000 0.00000 0.00000 ( 1)  0.067
 206 K   1.00000 0.00000 0.00000 ( 1)  0.067
 207 V   1.00000 0.00000 0.00000 ( 1)  0.067
 208 A   1.00000 0.00000 0.00000 ( 1)  0.067
 209 N   1.00000 0.00000 0.00000 ( 1)  0.067
 210 V   1.00000 0.00000 0.00000 ( 1)  0.067
 211 P   1.00000 0.00000 0.00000 ( 1)  0.067
 212 E   1.00000 0.00000 0.00000 ( 1)  0.067
 213 E   1.00000 0.00000 0.00000 ( 1)  0.067
 214 F   1.00000 0.00000 0.00000 ( 1)  0.067
 215 V   1.00000 0.00000 0.00000 ( 1)  0.067
 216 K   1.00000 0.00000 0.00000 ( 1)  0.067
 217 V   1.00000 0.00000 0.00000 ( 1)  0.067
 218 F   1.00000 0.00000 0.00000 ( 1)  0.067
 219 I   1.00000 0.00000 0.00000 ( 1)  0.067
 220 E   1.00000 0.00000 0.00000 ( 1)  0.067
 221 Y   1.00000 0.00000 0.00000 ( 1)  0.067
 222 V   1.00000 0.00000 0.00000 ( 1)  0.067
 223 L   1.00000 0.00000 0.00000 ( 1)  0.067
 224 K   1.00000 0.00000 0.00000 ( 1)  0.067
 225 Q   1.00000 0.00000 0.00000 ( 1)  0.067
 226 A   1.00000 0.00000 0.00000 ( 1)  0.067
 227 E   1.00000 0.00000 0.00000 ( 1)  0.067
 228 L   1.00000 0.00000 0.00000 ( 1)  0.067
 229 I   1.00000 0.00000 0.00000 ( 1)  0.067

Positively selected sites

	Prob(w>1)  mean w



lnL =  -953.749427

Bayes Empirical Bayes (BEB) probabilities for 3 classes (class) & postmean_w
(amino acids refer to 1st sequence: Mlig.28464)

   1 I   0.86230 0.09284 0.04486 ( 1)  0.309 +-  0.721
   2 E   0.86405 0.09222 0.04373 ( 1)  0.304 +-  0.704
   3 F   0.86412 0.09221 0.04367 ( 1)  0.303 +-  0.702
   4 M   0.86748 0.09096 0.04156 ( 1)  0.294 +-  0.670
   5 D   0.87028 0.08983 0.03989 ( 1)  0.287 +-  0.647
   6 T   0.86005 0.09361 0.04634 ( 1)  0.316 +-  0.744
   7 S   0.85595 0.09494 0.04910 ( 1)  0.329 +-  0.788
   8 I   0.86059 0.09343 0.04598 ( 1)  0.314 +-  0.738
   9 Q   0.86457 0.09203 0.04339 ( 1)  0.302 +-  0.698
  10 L   0.85727 0.09452 0.04820 ( 1)  0.324 +-  0.773
  11 A   0.85913 0.09392 0.04696 ( 1)  0.319 +-  0.754
  12 G   0.86164 0.09307 0.04529 ( 1)  0.311 +-  0.728
  13 L   0.86008 0.09360 0.04632 ( 1)  0.316 +-  0.744
  14 A   0.86177 0.09302 0.04522 ( 1)  0.310 +-  0.727
  15 V   0.86185 0.09298 0.04517 ( 1)  0.310 +-  0.727
  16 A   0.85913 0.09392 0.04696 ( 1)  0.319 +-  0.754
  17 P   0.85749 0.09445 0.04805 ( 1)  0.324 +-  0.771
  18 G   0.86547 0.09162 0.04291 ( 1)  0.300 +-  0.696
  19 D   0.87028 0.08983 0.03989 ( 1)  0.287 +-  0.647
  20 R   0.85879 0.09404 0.04717 ( 1)  0.319 +-  0.757
  21 I   0.86630 0.09139 0.04231 ( 1)  0.297 +-  0.682
  22 C   0.85964 0.09360 0.04677 ( 1)  0.318 +-  0.756
  23 R   0.86261 0.09274 0.04466 ( 1)  0.308 +-  0.718
  24 A   0.86633 0.09136 0.04231 ( 1)  0.297 +-  0.683
  25 D   0.86601 0.09149 0.04249 ( 1)  0.298 +-  0.685
  26 D   0.87028 0.08983 0.03989 ( 1)  0.287 +-  0.647
  27 A   0.85913 0.09392 0.04696 ( 1)  0.319 +-  0.754
  28 I   0.86630 0.09139 0.04231 ( 1)  0.297 +-  0.682
  29 I   0.86230 0.09284 0.04486 ( 1)  0.309 +-  0.721
  30 A   0.86551 0.09163 0.04286 ( 1)  0.300 +-  0.693
  31 G   0.86617 0.09143 0.04240 ( 1)  0.298 +-  0.684
  32 Q   0.86457 0.09203 0.04339 ( 1)  0.302 +-  0.698
  33 G   0.86617 0.09143 0.04240 ( 1)  0.298 +-  0.684
  34 T   0.86281 0.09266 0.04452 ( 1)  0.307 +-  0.716
  35 H   0.86621 0.09143 0.04236 ( 1)  0.297 +-  0.683
  36 E   0.86405 0.09222 0.04373 ( 1)  0.304 +-  0.704
  37 Y   0.85942 0.09383 0.04675 ( 1)  0.318 +-  0.750
  38 Q   0.86033 0.09352 0.04615 ( 1)  0.315 +-  0.741
  39 N   0.86317 0.09254 0.04429 ( 1)  0.306 +-  0.712
  40 W   0.85987 0.09368 0.04645 ( 1)  0.316 +-  0.746
  41 I   0.86230 0.09284 0.04486 ( 1)  0.309 +-  0.721
  42 H   0.86621 0.09143 0.04236 ( 1)  0.297 +-  0.683
  43 S   0.86162 0.09309 0.04530 ( 1)  0.311 +-  0.728
  44 S   0.86484 0.09194 0.04322 ( 1)  0.301 +-  0.695
  45 L   0.86173 0.09304 0.04524 ( 1)  0.310 +-  0.727
  46 L   0.86008 0.09360 0.04632 ( 1)  0.316 +-  0.744
  47 G   0.86617 0.09143 0.04240 ( 1)  0.298 +-  0.684
  48 R   0.85879 0.09404 0.04717 ( 1)  0.319 +-  0.757
  49 V   0.86185 0.09298 0.04517 ( 1)  0.310 +-  0.727
  50 Q   0.86033 0.09352 0.04615 ( 1)  0.315 +-  0.741
  51 M   0.86748 0.09096 0.04156 ( 1)  0.294 +-  0.670
  52 E   0.86405 0.09222 0.04373 ( 1)  0.304 +-  0.704
  53 R   0.85623 0.09486 0.04891 ( 1)  0.328 +-  0.785
  54 D   0.86601 0.09149 0.04249 ( 1)  0.298 +-  0.685
  55 G   0.85874 0.09405 0.04722 ( 1)  0.320 +-  0.758
  56 A   0.86507 0.09183 0.04310 ( 1)  0.301 +-  0.695
  57 A   0.86177 0.09302 0.04522 ( 1)  0.310 +-  0.727
  58 A   0.86177 0.09302 0.04522 ( 1)  0.310 +-  0.727
  59 S   0.85595 0.09494 0.04910 ( 1)  0.329 +-  0.788
  60 A   0.86507 0.09183 0.04310 ( 1)  0.301 +-  0.695
  61 D   0.87028 0.08983 0.03989 ( 1)  0.287 +-  0.647
  62 G   0.86164 0.09307 0.04529 ( 1)  0.311 +-  0.728
  63 E   0.86918 0.09027 0.04055 ( 1)  0.289 +-  0.656
  64 Q   0.86033 0.09352 0.04615 ( 1)  0.315 +-  0.741
  65 H   0.86251 0.09277 0.04472 ( 1)  0.308 +-  0.719
  66 E   0.86918 0.09027 0.04055 ( 1)  0.289 +-  0.656
  67 T   0.86388 0.09228 0.04384 ( 1)  0.304 +-  0.705
  68 E   0.86918 0.09027 0.04055 ( 1)  0.289 +-  0.656
  69 T   0.86281 0.09266 0.04452 ( 1)  0.307 +-  0.716
  70 A   0.86633 0.09136 0.04231 ( 1)  0.297 +-  0.683
  71 S   0.85849 0.09413 0.04737 ( 1)  0.320 +-  0.760
  72 G   0.85874 0.09405 0.04722 ( 1)  0.320 +-  0.758
  73 K   0.86101 0.09329 0.04569 ( 1)  0.313 +-  0.734
  74 A   0.86633 0.09136 0.04231 ( 1)  0.297 +-  0.683
  75 I   0.86230 0.09284 0.04486 ( 1)  0.309 +-  0.721
  76 V   0.86517 0.09178 0.04305 ( 1)  0.301 +-  0.695
  77 R   0.85879 0.09404 0.04717 ( 1)  0.319 +-  0.757
  78 V   0.86517 0.09178 0.04305 ( 1)  0.301 +-  0.695
  79 E   0.86918 0.09027 0.04055 ( 1)  0.289 +-  0.656
  80 S   0.85986 0.09368 0.04646 ( 1)  0.316 +-  0.746
  81 H   0.86621 0.09143 0.04236 ( 1)  0.297 +-  0.683
  82 N   0.86317 0.09254 0.04429 ( 1)  0.306 +-  0.712
  83 R   0.86261 0.09274 0.04466 ( 1)  0.308 +-  0.718
  84 T   0.85786 0.09434 0.04780 ( 1)  0.322 +-  0.767
  85 F   0.86412 0.09221 0.04367 ( 1)  0.303 +-  0.702
  86 P   0.86214 0.09290 0.04497 ( 1)  0.309 +-  0.723
  87 S   0.85595 0.09494 0.04910 ( 1)  0.329 +-  0.788
  88 S   0.86162 0.09309 0.04530 ( 1)  0.311 +-  0.728
  89 M   0.86748 0.09096 0.04156 ( 1)  0.294 +-  0.670
  90 I   0.86630 0.09139 0.04231 ( 1)  0.297 +-  0.682
  91 D   0.87028 0.08983 0.03989 ( 1)  0.287 +-  0.647
  92 A   0.86177 0.09302 0.04522 ( 1)  0.310 +-  0.727
  93 I   0.86230 0.09284 0.04486 ( 1)  0.309 +-  0.721
  94 V   0.86185 0.09298 0.04517 ( 1)  0.310 +-  0.727
  95 V   0.86643 0.09130 0.04227 ( 1)  0.297 +-  0.683
  96 A   0.86177 0.09302 0.04522 ( 1)  0.310 +-  0.727
  97 Q   0.86457 0.09203 0.04339 ( 1)  0.302 +-  0.698
  98 V   0.86517 0.09178 0.04305 ( 1)  0.301 +-  0.695
  99 V   0.86643 0.09130 0.04227 ( 1)  0.297 +-  0.683
 100 R   0.86261 0.09274 0.04466 ( 1)  0.308 +-  0.718
 101 V   0.86185 0.09298 0.04517 ( 1)  0.310 +-  0.727
 102 T   0.86388 0.09228 0.04384 ( 1)  0.304 +-  0.705
 103 N   0.86713 0.09109 0.04179 ( 1)  0.295 +-  0.674
 104 R   0.86056 0.09344 0.04600 ( 1)  0.314 +-  0.739
 105 V   0.86517 0.09178 0.04305 ( 1)  0.301 +-  0.695
 106 A   0.86633 0.09136 0.04231 ( 1)  0.297 +-  0.683
 107 H   0.86621 0.09143 0.04236 ( 1)  0.297 +-  0.683
 108 C   0.86138 0.09317 0.04545 ( 1)  0.311 +-  0.730
 109 T   0.86388 0.09228 0.04384 ( 1)  0.304 +-  0.705
 110 L   0.86173 0.09304 0.04524 ( 1)  0.310 +-  0.727
 111 L   0.86173 0.09304 0.04524 ( 1)  0.310 +-  0.727
 112 A   0.86633 0.09136 0.04231 ( 1)  0.297 +-  0.683
 113 C   0.86138 0.09317 0.04545 ( 1)  0.311 +-  0.730
 114 N   0.86713 0.09109 0.04179 ( 1)  0.295 +-  0.674
 115 R   0.86056 0.09344 0.04600 ( 1)  0.314 +-  0.739
 116 V   0.86643 0.09130 0.04227 ( 1)  0.297 +-  0.683
 117 K   0.86573 0.09161 0.04266 ( 1)  0.299 +-  0.687
 118 L   0.86173 0.09304 0.04524 ( 1)  0.310 +-  0.727
 119 H   0.86251 0.09277 0.04472 ( 1)  0.308 +-  0.719
 120 P   0.86314 0.09255 0.04432 ( 1)  0.306 +-  0.713
 121 G   0.86307 0.09252 0.04441 ( 1)  0.307 +-  0.717
 122 F   0.86412 0.09221 0.04367 ( 1)  0.303 +-  0.702
 123 K   0.86573 0.09161 0.04266 ( 1)  0.299 +-  0.687
 124 A   0.86507 0.09183 0.04310 ( 1)  0.301 +-  0.695
 125 Q   0.86457 0.09203 0.04339 ( 1)  0.302 +-  0.698
 126 I   0.86230 0.09284 0.04486 ( 1)  0.309 +-  0.721
 127 R   0.86261 0.09274 0.04466 ( 1)  0.308 +-  0.718
 128 R   0.85623 0.09486 0.04891 ( 1)  0.328 +-  0.785
 129 E   0.86918 0.09027 0.04055 ( 1)  0.289 +-  0.656
 130 D   0.86601 0.09149 0.04249 ( 1)  0.298 +-  0.685
 131 V   0.86643 0.09130 0.04227 ( 1)  0.297 +-  0.683
 132 R   0.86261 0.09274 0.04466 ( 1)  0.308 +-  0.718
 133 A   0.86633 0.09136 0.04231 ( 1)  0.297 +-  0.683
 134 T   0.86388 0.09228 0.04384 ( 1)  0.304 +-  0.705
 135 E   0.86918 0.09027 0.04055 ( 1)  0.289 +-  0.656
 136 R   0.86261 0.09274 0.04466 ( 1)  0.308 +-  0.718
 137 D   0.86601 0.09149 0.04249 ( 1)  0.298 +-  0.685
 138 R   0.85623 0.09486 0.04891 ( 1)  0.328 +-  0.785
 139 V   0.86185 0.09298 0.04517 ( 1)  0.310 +-  0.727
 140 E   0.86918 0.09027 0.04055 ( 1)  0.289 +-  0.656
 141 L   0.86046 0.09348 0.04606 ( 1)  0.314 +-  0.740
 142 A   0.86633 0.09136 0.04231 ( 1)  0.297 +-  0.683
 143 D   0.87028 0.08983 0.03989 ( 1)  0.287 +-  0.647
 144 C   0.85854 0.09412 0.04734 ( 1)  0.320 +-  0.760
 145 F   0.86412 0.09221 0.04367 ( 1)  0.303 +-  0.702
 146 R   0.85879 0.09404 0.04717 ( 1)  0.319 +-  0.757
 147 A   0.86633 0.09136 0.04231 ( 1)  0.297 +-  0.683
 148 G   0.86617 0.09143 0.04240 ( 1)  0.298 +-  0.684
 149 D   0.87028 0.08983 0.03989 ( 1)  0.287 +-  0.647
 150 I   0.86230 0.09284 0.04486 ( 1)  0.309 +-  0.721
 151 V   0.86643 0.09130 0.04227 ( 1)  0.297 +-  0.683
 152 Q   0.86457 0.09203 0.04339 ( 1)  0.302 +-  0.698
 153 A   0.86177 0.09302 0.04522 ( 1)  0.310 +-  0.727
 154 R   0.86056 0.09344 0.04600 ( 1)  0.314 +-  0.739
 155 V   0.86517 0.09178 0.04305 ( 1)  0.301 +-  0.695
 156 L   0.86173 0.09304 0.04524 ( 1)  0.310 +-  0.727
 157 T   0.86005 0.09361 0.04634 ( 1)  0.316 +-  0.744
 158 L   0.86391 0.09226 0.04382 ( 1)  0.304 +-  0.705
 159 G   0.86164 0.09307 0.04529 ( 1)  0.311 +-  0.728
 160 Q   0.86457 0.09203 0.04339 ( 1)  0.302 +-  0.698
 161 N   0.86713 0.09109 0.04179 ( 1)  0.295 +-  0.674
 162 G   0.85874 0.09405 0.04722 ( 1)  0.320 +-  0.758
 163 A   0.86633 0.09136 0.04231 ( 1)  0.297 +-  0.683
 164 Y   0.85942 0.09383 0.04675 ( 1)  0.318 +-  0.750
 165 L   0.86173 0.09304 0.04524 ( 1)  0.310 +-  0.727
 166 L   0.86173 0.09304 0.04524 ( 1)  0.310 +-  0.727
 167 T   0.86388 0.09228 0.04384 ( 1)  0.304 +-  0.705
 168 T   0.86388 0.09228 0.04384 ( 1)  0.304 +-  0.705
 169 A   0.86633 0.09136 0.04231 ( 1)  0.297 +-  0.683
 170 Q   0.86457 0.09203 0.04339 ( 1)  0.302 +-  0.698
 171 N   0.86713 0.09109 0.04179 ( 1)  0.295 +-  0.674
 172 E   0.86918 0.09027 0.04055 ( 1)  0.289 +-  0.656
 173 L   0.86391 0.09226 0.04382 ( 1)  0.304 +-  0.705
 174 G   0.86164 0.09307 0.04529 ( 1)  0.311 +-  0.728
 175 V   0.86185 0.09298 0.04517 ( 1)  0.310 +-  0.727
 176 V   0.86185 0.09298 0.04517 ( 1)  0.310 +-  0.727
 177 V   0.86517 0.09178 0.04305 ( 1)  0.301 +-  0.695
 178 A   0.86633 0.09136 0.04231 ( 1)  0.297 +-  0.683
 179 S   0.86162 0.09309 0.04530 ( 1)  0.311 +-  0.728
 180 G   0.85874 0.09405 0.04722 ( 1)  0.320 +-  0.758
 181 Q   0.86457 0.09203 0.04339 ( 1)  0.302 +-  0.698
 182 H   0.86621 0.09143 0.04236 ( 1)  0.297 +-  0.683
 183 G   0.86617 0.09143 0.04240 ( 1)  0.298 +-  0.684
 184 S   0.86484 0.09194 0.04322 ( 1)  0.301 +-  0.695
 185 K   0.86573 0.09161 0.04266 ( 1)  0.299 +-  0.687
 186 L   0.86173 0.09304 0.04524 ( 1)  0.310 +-  0.727
 187 V   0.86517 0.09178 0.04305 ( 1)  0.301 +-  0.695
 188 P   0.85954 0.09378 0.04668 ( 1)  0.317 +-  0.749
 189 V   0.86517 0.09178 0.04305 ( 1)  0.301 +-  0.695
 190 N   0.30648 0.28614 0.40738 ( 3)  1.911 +-  2.299
 191 W   0.85987 0.09368 0.04645 ( 1)  0.316 +-  0.746
 192 N   0.86317 0.09254 0.04429 ( 1)  0.306 +-  0.712
 193 E   0.86918 0.09027 0.04055 ( 1)  0.289 +-  0.656
 194 M   0.86748 0.09096 0.04156 ( 1)  0.294 +-  0.670
 195 R   0.85879 0.09404 0.04717 ( 1)  0.319 +-  0.757
 196 C   0.86138 0.09317 0.04545 ( 1)  0.311 +-  0.730
 197 P   0.86214 0.09290 0.04497 ( 1)  0.309 +-  0.723
 198 I   0.86059 0.09343 0.04598 ( 1)  0.314 +-  0.738
 199 T   0.85786 0.09434 0.04780 ( 1)  0.322 +-  0.767
 200 G   0.86492 0.09190 0.04319 ( 1)  0.301 +-  0.696
 201 Q   0.86457 0.09203 0.04339 ( 1)  0.302 +-  0.698
 202 V   0.86185 0.09298 0.04517 ( 1)  0.310 +-  0.727
 203 Y   0.86297 0.09262 0.04442 ( 1)  0.307 +-  0.714
 204 K   0.86573 0.09161 0.04266 ( 1)  0.299 +-  0.687
 205 R   0.85917 0.09391 0.04692 ( 1)  0.318 +-  0.753
 206 K   0.86573 0.09161 0.04266 ( 1)  0.299 +-  0.687
 207 V   0.86517 0.09178 0.04305 ( 1)  0.301 +-  0.695
 208 A   0.86633 0.09136 0.04231 ( 1)  0.297 +-  0.683
 209 N   0.86317 0.09254 0.04429 ( 1)  0.306 +-  0.712
 210 V   0.86517 0.09178 0.04305 ( 1)  0.301 +-  0.695
 211 P   0.86314 0.09255 0.04432 ( 1)  0.306 +-  0.713
 212 E   0.86405 0.09222 0.04373 ( 1)  0.304 +-  0.704
 213 E   0.86277 0.09144 0.04579 ( 1)  0.317 +-  0.772
 214 F   0.86066 0.09341 0.04592 ( 1)  0.314 +-  0.737
 215 V   0.86185 0.09298 0.04517 ( 1)  0.310 +-  0.727
 216 K   0.86573 0.09161 0.04266 ( 1)  0.299 +-  0.687
 217 V   0.86643 0.09130 0.04227 ( 1)  0.297 +-  0.683
 218 F   0.86066 0.09341 0.04592 ( 1)  0.314 +-  0.737
 219 I   0.86230 0.09284 0.04486 ( 1)  0.309 +-  0.721
 220 E   0.86405 0.09222 0.04373 ( 1)  0.304 +-  0.704
 221 Y   0.86297 0.09262 0.04442 ( 1)  0.307 +-  0.714
 222 V   0.86517 0.09178 0.04305 ( 1)  0.301 +-  0.695
 223 L   0.86046 0.09348 0.04606 ( 1)  0.314 +-  0.740
 224 K   0.86573 0.09161 0.04266 ( 1)  0.299 +-  0.687
 225 Q   0.86457 0.09203 0.04339 ( 1)  0.302 +-  0.698
 226 A   0.85913 0.09392 0.04696 ( 1)  0.319 +-  0.754
 227 E   0.86918 0.09027 0.04055 ( 1)  0.289 +-  0.656
 228 L   0.86046 0.09348 0.04606 ( 1)  0.314 +-  0.740
 229 I   0.86630 0.09139 0.04231 ( 1)  0.297 +-  0.682

Positively selected sites

	Prob(w>1)  mean w


