Supplemental results for CODEML (seqf: algn  treef: tree)


dN/dS (w) for site classes (K=8)

p:   0.12500  0.12500  0.12500  0.12500  0.12500  0.12500  0.12500  0.12500
w:   0.04774  0.15089  0.25942  0.37275  0.49132  0.61633  0.75041  0.90134

Naive Empirical Bayes (NEB) probabilities for 8 classes & postmean_w
(amino acids refer to 1st sequence: Mlig.9882)

   1 M   0.12500 0.12500 0.12500 0.12500 0.12500 0.12500 0.12500 0.12500 ( 1)  0.449
   2 A   0.12500 0.12500 0.12500 0.12500 0.12500 0.12500 0.12500 0.12500 ( 1)  0.449
   3 I   0.12500 0.12500 0.12500 0.12500 0.12500 0.12500 0.12500 0.12500 ( 1)  0.449
   4 Y   0.12500 0.12500 0.12500 0.12500 0.12500 0.12500 0.12500 0.12500 ( 1)  0.449
   5 K   0.12500 0.12500 0.12500 0.12500 0.12500 0.12500 0.12500 0.12500 ( 1)  0.449
   6 R   0.12500 0.12500 0.12500 0.12500 0.12500 0.12500 0.12500 0.12500 ( 1)  0.449
   7 T   0.12500 0.12500 0.12500 0.12500 0.12500 0.12500 0.12500 0.12500 ( 1)  0.449
   8 Y   0.12500 0.12500 0.12500 0.12500 0.12500 0.12500 0.12500 0.12500 ( 1)  0.449
   9 M   0.12500 0.12500 0.12500 0.12500 0.12500 0.12500 0.12500 0.12500 ( 1)  0.449
  10 P   0.12500 0.12500 0.12500 0.12500 0.12500 0.12500 0.12500 0.12500 ( 1)  0.449
  11 G   0.12500 0.12500 0.12500 0.12500 0.12500 0.12500 0.12500 0.12500 ( 1)  0.449
  12 F   0.12500 0.12500 0.12500 0.12500 0.12500 0.12500 0.12500 0.12500 ( 1)  0.449
  13 T   0.12500 0.12500 0.12500 0.12500 0.12500 0.12500 0.12500 0.12500 ( 1)  0.449
  14 T   0.12500 0.12500 0.12500 0.12500 0.12500 0.12500 0.12500 0.12500 ( 1)  0.449
  15 N   0.12500 0.12500 0.12500 0.12500 0.12500 0.12500 0.12500 0.12500 ( 1)  0.449
  16 D   0.12500 0.12500 0.12500 0.12500 0.12500 0.12500 0.12500 0.12500 ( 1)  0.449
  17 T   0.12500 0.12500 0.12500 0.12500 0.12500 0.12500 0.12500 0.12500 ( 1)  0.449
  18 Y   0.12500 0.12500 0.12500 0.12500 0.12500 0.12500 0.12500 0.12500 ( 1)  0.449
  19 G   0.12500 0.12500 0.12500 0.12500 0.12500 0.12500 0.12500 0.12500 ( 1)  0.449
  20 N   0.12500 0.12500 0.12500 0.12500 0.12500 0.12500 0.12500 0.12500 ( 1)  0.449
  21 F   0.12500 0.12500 0.12500 0.12500 0.12500 0.12500 0.12500 0.12500 ( 1)  0.449
  22 Y   0.12500 0.12500 0.12500 0.12500 0.12500 0.12500 0.12500 0.12500 ( 1)  0.449
  23 D   0.12500 0.12500 0.12500 0.12500 0.12500 0.12500 0.12500 0.12500 ( 1)  0.449
  24 G   0.12500 0.12500 0.12500 0.12500 0.12500 0.12500 0.12500 0.12500 ( 1)  0.449
  25 K   0.12500 0.12500 0.12500 0.12500 0.12500 0.12500 0.12500 0.12500 ( 1)  0.449
  26 K   0.12500 0.12500 0.12500 0.12500 0.12500 0.12500 0.12500 0.12500 ( 1)  0.449
  27 A   0.12500 0.12500 0.12500 0.12500 0.12500 0.12500 0.12500 0.12500 ( 1)  0.449
  28 S   0.12500 0.12500 0.12500 0.12500 0.12500 0.12500 0.12500 0.12500 ( 1)  0.449
  29 L   0.12500 0.12500 0.12500 0.12500 0.12500 0.12500 0.12500 0.12500 ( 1)  0.449
  30 I   0.12500 0.12500 0.12500 0.12500 0.12500 0.12500 0.12500 0.12500 ( 1)  0.449
  31 T   0.12500 0.12500 0.12500 0.12500 0.12500 0.12500 0.12500 0.12500 ( 1)  0.449
  32 A   0.12500 0.12500 0.12500 0.12500 0.12500 0.12500 0.12500 0.12500 ( 1)  0.449
  33 P   0.12500 0.12500 0.12500 0.12500 0.12500 0.12500 0.12500 0.12500 ( 1)  0.449
  34 E   0.12500 0.12500 0.12500 0.12500 0.12500 0.12500 0.12500 0.12500 ( 1)  0.449
  35 G   0.12500 0.12500 0.12500 0.12500 0.12500 0.12500 0.12500 0.12500 ( 1)  0.449
  36 L   0.12500 0.12500 0.12500 0.12500 0.12500 0.12500 0.12500 0.12500 ( 1)  0.449
  37 R   0.12500 0.12500 0.12500 0.12500 0.12500 0.12500 0.12500 0.12500 ( 1)  0.449
  38 N   0.12500 0.12500 0.12500 0.12500 0.12500 0.12500 0.12500 0.12500 ( 1)  0.449
  39 Y   0.12500 0.12500 0.12500 0.12500 0.12500 0.12500 0.12500 0.12500 ( 1)  0.449
  40 A   0.12500 0.12500 0.12500 0.12500 0.12500 0.12500 0.12500 0.12500 ( 1)  0.449
  41 L   0.12500 0.12500 0.12500 0.12500 0.12500 0.12500 0.12500 0.12500 ( 1)  0.449
  42 D   0.12500 0.12500 0.12500 0.12500 0.12500 0.12500 0.12500 0.12500 ( 1)  0.449
  43 V   0.12500 0.12500 0.12500 0.12500 0.12500 0.12500 0.12500 0.12500 ( 1)  0.449
  44 R   0.12500 0.12500 0.12500 0.12500 0.12500 0.12500 0.12500 0.12500 ( 1)  0.449
  45 N   0.12500 0.12500 0.12500 0.12500 0.12500 0.12500 0.12500 0.12500 ( 1)  0.449
  46 S   0.12500 0.12500 0.12500 0.12500 0.12500 0.12500 0.12500 0.12500 ( 1)  0.449
  47 H   0.12500 0.12500 0.12500 0.12500 0.12500 0.12500 0.12500 0.12500 ( 1)  0.449
  48 S   0.12500 0.12500 0.12500 0.12500 0.12500 0.12500 0.12500 0.12500 ( 1)  0.449
  49 S   0.12500 0.12500 0.12500 0.12500 0.12500 0.12500 0.12500 0.12500 ( 1)  0.449
  50 T   0.12500 0.12500 0.12500 0.12500 0.12500 0.12500 0.12500 0.12500 ( 1)  0.449
  51 A   0.12500 0.12500 0.12500 0.12500 0.12500 0.12500 0.12500 0.12500 ( 1)  0.449
  52 G   0.12500 0.12500 0.12500 0.12500 0.12500 0.12500 0.12500 0.12500 ( 1)  0.449
  53 A   0.12500 0.12500 0.12500 0.12500 0.12500 0.12500 0.12500 0.12500 ( 1)  0.449
  54 E   0.12500 0.12500 0.12500 0.12500 0.12500 0.12500 0.12500 0.12500 ( 1)  0.449
  55 Y   0.12500 0.12500 0.12500 0.12500 0.12500 0.12500 0.12500 0.12500 ( 1)  0.449
  56 G   0.12500 0.12500 0.12500 0.12500 0.12500 0.12500 0.12500 0.12500 ( 1)  0.449
  57 N   0.12500 0.12500 0.12500 0.12500 0.12500 0.12500 0.12500 0.12500 ( 1)  0.449
  58 F   0.12500 0.12500 0.12500 0.12500 0.12500 0.12500 0.12500 0.12500 ( 1)  0.449
  59 L   0.12500 0.12500 0.12500 0.12500 0.12500 0.12500 0.12500 0.12500 ( 1)  0.449
  60 T   0.12500 0.12500 0.12500 0.12500 0.12500 0.12500 0.12500 0.12500 ( 1)  0.449
  61 E   0.12500 0.12500 0.12500 0.12500 0.12500 0.12500 0.12500 0.12500 ( 1)  0.449
  62 Q   0.12500 0.12500 0.12500 0.12500 0.12500 0.12500 0.12500 0.12500 ( 1)  0.449
  63 Q   0.12500 0.12500 0.12500 0.12500 0.12500 0.12500 0.12500 0.12500 ( 1)  0.449
  64 A   0.12500 0.12500 0.12500 0.12500 0.12500 0.12500 0.12500 0.12500 ( 1)  0.449
  65 M   0.12500 0.12500 0.12500 0.12500 0.12500 0.12500 0.12500 0.12500 ( 1)  0.449
  66 Q   0.12500 0.12500 0.12500 0.12500 0.12500 0.12500 0.12500 0.12500 ( 1)  0.449
  67 L   0.12500 0.12500 0.12500 0.12500 0.12500 0.12500 0.12500 0.12500 ( 1)  0.449
  68 Q   0.12500 0.12500 0.12500 0.12500 0.12500 0.12500 0.12500 0.12500 ( 1)  0.449
  69 R   0.12500 0.12500 0.12500 0.12500 0.12500 0.12500 0.12500 0.12500 ( 1)  0.449
  70 L   0.12500 0.12500 0.12500 0.12500 0.12500 0.12500 0.12500 0.12500 ( 1)  0.449
  71 Q   0.12500 0.12500 0.12500 0.12500 0.12500 0.12500 0.12500 0.12500 ( 1)  0.449
  72 Q   0.12500 0.12500 0.12500 0.12500 0.12500 0.12500 0.12500 0.12500 ( 1)  0.449
  73 E   0.12500 0.12500 0.12500 0.12500 0.12500 0.12500 0.12500 0.12500 ( 1)  0.449
  74 H   0.12500 0.12500 0.12500 0.12500 0.12500 0.12500 0.12500 0.12500 ( 1)  0.449
  75 E   0.12500 0.12500 0.12500 0.12500 0.12500 0.12500 0.12500 0.12500 ( 1)  0.449
  76 Q   0.12500 0.12500 0.12500 0.12500 0.12500 0.12500 0.12500 0.12500 ( 1)  0.449
  77 R   0.12500 0.12500 0.12500 0.12500 0.12500 0.12500 0.12500 0.12500 ( 1)  0.449
  78 Q   0.12500 0.12500 0.12500 0.12500 0.12500 0.12500 0.12500 0.12500 ( 1)  0.449
  79 P   0.12500 0.12500 0.12500 0.12500 0.12500 0.12500 0.12500 0.12500 ( 1)  0.449
  80 Q   0.12500 0.12500 0.12500 0.12500 0.12500 0.12500 0.12500 0.12500 ( 1)  0.449
  81 W   0.12500 0.12500 0.12500 0.12500 0.12500 0.12500 0.12500 0.12500 ( 1)  0.449
  82 P   0.12500 0.12500 0.12500 0.12500 0.12500 0.12500 0.12500 0.12500 ( 1)  0.449
  83 L   0.12500 0.12500 0.12500 0.12500 0.12500 0.12500 0.12500 0.12500 ( 1)  0.449
  84 K   0.12500 0.12500 0.12500 0.12500 0.12500 0.12500 0.12500 0.12500 ( 1)  0.449
  85 P   0.12500 0.12500 0.12500 0.12500 0.12500 0.12500 0.12500 0.12500 ( 1)  0.449
  86 Y   0.12500 0.12500 0.12500 0.12500 0.12500 0.12500 0.12500 0.12500 ( 1)  0.449
  87 N   0.12500 0.12500 0.12500 0.12500 0.12500 0.12500 0.12500 0.12500 ( 1)  0.449
  88 G   0.12500 0.12500 0.12500 0.12500 0.12500 0.12500 0.12500 0.12500 ( 1)  0.449
  89 A   0.12500 0.12500 0.12500 0.12500 0.12500 0.12500 0.12500 0.12500 ( 1)  0.449
  90 Y   0.12500 0.12500 0.12500 0.12500 0.12500 0.12500 0.12500 0.12500 ( 1)  0.449
  91 S   0.12500 0.12500 0.12500 0.12500 0.12500 0.12500 0.12500 0.12500 ( 1)  0.449
  92 Q   0.12500 0.12500 0.12500 0.12500 0.12500 0.12500 0.12500 0.12500 ( 1)  0.449


lnL =  -344.048712

