Supplemental results for CODEML (seqf: algn  treef: tree)


dN/dS (w) for site classes (K=2)

p:   0.99999  0.00001
w:   0.00000  1.00000

Naive Empirical Bayes (NEB) probabilities for 2 classes & postmean_w
(amino acids refer to 1st sequence: Smed.16022)

   1 M   0.99999 0.00001 ( 1)  0.000
   2 A   0.99999 0.00001 ( 1)  0.000
   3 K   0.99999 0.00001 ( 1)  0.000
   4 T   0.99999 0.00001 ( 1)  0.000
   5 P   0.99999 0.00001 ( 1)  0.000
   6 V   0.99999 0.00001 ( 1)  0.000
   7 D   0.99999 0.00001 ( 1)  0.000
   8 S   0.99999 0.00001 ( 1)  0.000
   9 E   0.99999 0.00001 ( 1)  0.000
  10 T   0.99999 0.00001 ( 1)  0.000
  11 T   0.99999 0.00001 ( 1)  0.000
  12 L   0.99999 0.00001 ( 1)  0.000
  13 I   0.99999 0.00001 ( 1)  0.000
  14 D   0.99999 0.00001 ( 1)  0.000
  15 H   0.99999 0.00001 ( 1)  0.000
  16 Q   0.99999 0.00001 ( 1)  0.000
  17 S   0.99999 0.00001 ( 1)  0.000
  18 T   0.99999 0.00001 ( 1)  0.000
  19 E   0.99999 0.00001 ( 1)  0.000
  20 G   0.99999 0.00001 ( 1)  0.000
  21 I   0.99999 0.00001 ( 1)  0.000
  22 E   0.99999 0.00001 ( 1)  0.000
  23 Y   0.99999 0.00001 ( 1)  0.000
  24 I   0.99999 0.00001 ( 1)  0.000
  25 L   0.99999 0.00001 ( 1)  0.000
  26 S   0.99999 0.00001 ( 1)  0.000
  27 A   0.99999 0.00001 ( 1)  0.000
  28 F   0.99999 0.00001 ( 1)  0.000
  29 P   0.99999 0.00001 ( 1)  0.000
  30 F   0.99999 0.00001 ( 1)  0.000
  31 T   0.99999 0.00001 ( 1)  0.000
  32 N   0.99999 0.00001 ( 1)  0.000
  33 D   0.99999 0.00001 ( 1)  0.000
  34 K   0.99999 0.00001 ( 1)  0.000
  35 L   0.99999 0.00001 ( 1)  0.000
  36 K   0.99999 0.00001 ( 1)  0.000
  37 A   0.99999 0.00001 ( 1)  0.000
  38 M   0.99999 0.00001 ( 1)  0.000
  39 S   0.99999 0.00001 ( 1)  0.000
  40 I   0.99999 0.00001 ( 1)  0.000
  41 L   0.99999 0.00001 ( 1)  0.000
  42 A   0.99999 0.00001 ( 1)  0.000
  43 T   0.99999 0.00001 ( 1)  0.000
  44 V   0.99999 0.00001 ( 1)  0.000
  45 S   0.99999 0.00001 ( 1)  0.000
  46 S   0.99999 0.00001 ( 1)  0.000
  47 Y   0.99999 0.00001 ( 1)  0.000
  48 V   0.99999 0.00001 ( 1)  0.000
  49 S   0.99999 0.00001 ( 1)  0.000
  50 E   0.99999 0.00001 ( 1)  0.000
  51 K   0.99999 0.00001 ( 1)  0.000
  52 M   0.99999 0.00001 ( 1)  0.000
  53 S   0.99999 0.00001 ( 1)  0.000
  54 A   0.99999 0.00001 ( 1)  0.000
  55 G   0.99999 0.00001 ( 1)  0.000
  56 G   0.99999 0.00001 ( 1)  0.000
  57 H   0.99999 0.00001 ( 1)  0.000
  58 Q   0.99999 0.00001 ( 1)  0.000
  59 L   0.99999 0.00001 ( 1)  0.000
  60 Y   0.99999 0.00001 ( 1)  0.000
  61 S   0.99999 0.00001 ( 1)  0.000
  62 P   0.99999 0.00001 ( 1)  0.000
  63 V   0.99999 0.00001 ( 1)  0.000
  64 G   0.99999 0.00001 ( 1)  0.000
  65 G   0.99999 0.00001 ( 1)  0.000
  66 L   0.99999 0.00001 ( 1)  0.000
  67 F   0.99999 0.00001 ( 1)  0.000
  68 S   0.99999 0.00001 ( 1)  0.000
  69 Q   0.99999 0.00001 ( 1)  0.000
  70 S   0.99999 0.00001 ( 1)  0.000
  71 F   0.99999 0.00001 ( 1)  0.000
  72 P   0.99999 0.00001 ( 1)  0.000
  73 L   0.99999 0.00001 ( 1)  0.000
  74 K   0.99999 0.00001 ( 1)  0.000
  75 A   0.99999 0.00001 ( 1)  0.000
  76 N   0.99999 0.00001 ( 1)  0.000
  77 L   0.99999 0.00001 ( 1)  0.000
  78 F   0.99999 0.00001 ( 1)  0.000
  79 G   0.99999 0.00001 ( 1)  0.000
  80 P   0.99999 0.00001 ( 1)  0.000
  81 I   0.99999 0.00001 ( 1)  0.000
  82 D   0.99999 0.00001 ( 1)  0.000
  83 E   0.99999 0.00001 ( 1)  0.000
  84 Q   0.99999 0.00001 ( 1)  0.000
  85 L   0.99999 0.00001 ( 1)  0.000
  86 E   0.99999 0.00001 ( 1)  0.000
  87 N   0.99999 0.00001 ( 1)  0.000
  88 Q   0.99999 0.00001 ( 1)  0.000
  89 Q   0.99999 0.00001 ( 1)  0.000
  90 G   0.99999 0.00001 ( 1)  0.000
  91 K   0.99999 0.00001 ( 1)  0.000
  92 G   0.99999 0.00001 ( 1)  0.000
  93 Q   0.99999 0.00001 ( 1)  0.000
  94 P   0.99999 0.00001 ( 1)  0.000
  95 A   0.99999 0.00001 ( 1)  0.000
  96 I   0.99999 0.00001 ( 1)  0.000
  97 A   0.99999 0.00001 ( 1)  0.000
  98 P   0.99999 0.00001 ( 1)  0.000
  99 H   0.99999 0.00001 ( 1)  0.000
 100 A   0.99999 0.00001 ( 1)  0.000
 101 R   0.99999 0.00001 ( 1)  0.000
 102 P   0.99999 0.00001 ( 1)  0.000
 103 G   0.99999 0.00001 ( 1)  0.000
 104 K   0.99999 0.00001 ( 1)  0.000
 105 V   0.99999 0.00001 ( 1)  0.000
 106 D   0.99999 0.00001 ( 1)  0.000
 107 S   0.99999 0.00001 ( 1)  0.000
 108 L   0.99999 0.00001 ( 1)  0.000
 109 Y   0.99999 0.00001 ( 1)  0.000
 110 R   0.99999 0.00001 ( 1)  0.000
 111 S   0.99999 0.00001 ( 1)  0.000
 112 H   0.99999 0.00001 ( 1)  0.000
 113 P   0.99999 0.00001 ( 1)  0.000
 114 S   0.99999 0.00001 ( 1)  0.000
 115 Y   0.99999 0.00001 ( 1)  0.000
 116 R   0.99999 0.00001 ( 1)  0.000
 117 Y   0.99999 0.00001 ( 1)  0.000
 118 D   0.99999 0.00001 ( 1)  0.000
 119 N   0.99999 0.00001 ( 1)  0.000
 120 G   0.99999 0.00001 ( 1)  0.000
 121 V   0.99999 0.00001 ( 1)  0.000
 122 S   0.99999 0.00001 ( 1)  0.000
 123 W   0.99999 0.00001 ( 1)  0.000
 124 K   0.99999 0.00001 ( 1)  0.000
 125 S   0.99999 0.00001 ( 1)  0.000
 126 S   0.99999 0.00001 ( 1)  0.000
 127 M   0.99999 0.00001 ( 1)  0.000
 128 G   0.99999 0.00001 ( 1)  0.000
 129 Q   0.99999 0.00001 ( 1)  0.000
 130 F   0.99999 0.00001 ( 1)  0.000
 131 C   0.99999 0.00001 ( 1)  0.000


lnL =  -531.746520

