Supplemental results for CODEML (seqf: algn  treef: tree)


dN/dS (w) for site classes (K=3)

p:   1.00000  0.00000  0.00000
w:   0.17982  1.00000  1.00000

Naive Empirical Bayes (NEB) probabilities for 3 classes & postmean_w
(amino acids refer to 1st sequence: Mlig.12228)

   1 P   1.00000 0.00000 0.00000 ( 1)  0.180
   2 L   1.00000 0.00000 0.00000 ( 1)  0.180
   3 Q   1.00000 0.00000 0.00000 ( 1)  0.180
   4 K   1.00000 0.00000 0.00000 ( 1)  0.180
   5 R   1.00000 0.00000 0.00000 ( 1)  0.180
   6 I   1.00000 0.00000 0.00000 ( 1)  0.180
   7 P   1.00000 0.00000 0.00000 ( 1)  0.180
   8 R   1.00000 0.00000 0.00000 ( 1)  0.180
   9 N   1.00000 0.00000 0.00000 ( 1)  0.180
  10 P   1.00000 0.00000 0.00000 ( 1)  0.180
  11 K   1.00000 0.00000 0.00000 ( 1)  0.180
  12 Y   1.00000 0.00000 0.00000 ( 1)  0.180
  13 A   1.00000 0.00000 0.00000 ( 1)  0.180
  14 N   1.00000 0.00000 0.00000 ( 1)  0.180
  15 V   1.00000 0.00000 0.00000 ( 1)  0.180
  16 K   1.00000 0.00000 0.00000 ( 1)  0.180
  17 S   1.00000 0.00000 0.00000 ( 1)  0.180
  18 T   1.00000 0.00000 0.00000 ( 1)  0.180
  19 I   1.00000 0.00000 0.00000 ( 1)  0.180
  20 D   1.00000 0.00000 0.00000 ( 1)  0.180
  21 T   1.00000 0.00000 0.00000 ( 1)  0.180
  22 G   1.00000 0.00000 0.00000 ( 1)  0.180
  23 A   1.00000 0.00000 0.00000 ( 1)  0.180
  24 S   1.00000 0.00000 0.00000 ( 1)  0.180
  25 I   1.00000 0.00000 0.00000 ( 1)  0.180
  26 T   1.00000 0.00000 0.00000 ( 1)  0.180
  27 K   1.00000 0.00000 0.00000 ( 1)  0.180
  28 Y   1.00000 0.00000 0.00000 ( 1)  0.180
  29 M   1.00000 0.00000 0.00000 ( 1)  0.180
  30 K   1.00000 0.00000 0.00000 ( 1)  0.180
  31 K   1.00000 0.00000 0.00000 ( 1)  0.180
  32 I   1.00000 0.00000 0.00000 ( 1)  0.180
  33 E   1.00000 0.00000 0.00000 ( 1)  0.180
  34 E   1.00000 0.00000 0.00000 ( 1)  0.180
  35 I   1.00000 0.00000 0.00000 ( 1)  0.180
  36 R   1.00000 0.00000 0.00000 ( 1)  0.180
  37 E   1.00000 0.00000 0.00000 ( 1)  0.180
  38 N   1.00000 0.00000 0.00000 ( 1)  0.180
  39 Y   1.00000 0.00000 0.00000 ( 1)  0.180
  40 R   1.00000 0.00000 0.00000 ( 1)  0.180
  41 F   1.00000 0.00000 0.00000 ( 1)  0.180
  42 R   1.00000 0.00000 0.00000 ( 1)  0.180
  43 Q   1.00000 0.00000 0.00000 ( 1)  0.180
  44 D   1.00000 0.00000 0.00000 ( 1)  0.180
  45 E   1.00000 0.00000 0.00000 ( 1)  0.180
  46 I   1.00000 0.00000 0.00000 ( 1)  0.180
  47 F   1.00000 0.00000 0.00000 ( 1)  0.180
  48 K   1.00000 0.00000 0.00000 ( 1)  0.180
  49 R   1.00000 0.00000 0.00000 ( 1)  0.180
  50 M   1.00000 0.00000 0.00000 ( 1)  0.180
  51 K   1.00000 0.00000 0.00000 ( 1)  0.180
  52 A   1.00000 0.00000 0.00000 ( 1)  0.180
  53 T   1.00000 0.00000 0.00000 ( 1)  0.180
  54 T   1.00000 0.00000 0.00000 ( 1)  0.180
  55 F   1.00000 0.00000 0.00000 ( 1)  0.180
  56 V   1.00000 0.00000 0.00000 ( 1)  0.180
  57 Q   1.00000 0.00000 0.00000 ( 1)  0.180
  58 L   1.00000 0.00000 0.00000 ( 1)  0.180
  59 M   1.00000 0.00000 0.00000 ( 1)  0.180
  60 L   1.00000 0.00000 0.00000 ( 1)  0.180
  61 Q   1.00000 0.00000 0.00000 ( 1)  0.180
  62 V   1.00000 0.00000 0.00000 ( 1)  0.180
  63 T   1.00000 0.00000 0.00000 ( 1)  0.180
  64 E   1.00000 0.00000 0.00000 ( 1)  0.180
  65 I   1.00000 0.00000 0.00000 ( 1)  0.180
  66 N   1.00000 0.00000 0.00000 ( 1)  0.180
  67 R   1.00000 0.00000 0.00000 ( 1)  0.180
  68 G   1.00000 0.00000 0.00000 ( 1)  0.180
  69 L   1.00000 0.00000 0.00000 ( 1)  0.180
  70 A   1.00000 0.00000 0.00000 ( 1)  0.180
  71 E   1.00000 0.00000 0.00000 ( 1)  0.180
  72 P   1.00000 0.00000 0.00000 ( 1)  0.180
  73 P   1.00000 0.00000 0.00000 ( 1)  0.180
  74 P   1.00000 0.00000 0.00000 ( 1)  0.180
  75 D   1.00000 0.00000 0.00000 ( 1)  0.180
  76 A   1.00000 0.00000 0.00000 ( 1)  0.180
  77 G   1.00000 0.00000 0.00000 ( 1)  0.180
  78 E   1.00000 0.00000 0.00000 ( 1)  0.180
  79 F   1.00000 0.00000 0.00000 ( 1)  0.180
  80 S   1.00000 0.00000 0.00000 ( 1)  0.180
  81 D   1.00000 0.00000 0.00000 ( 1)  0.180
  82 A   1.00000 0.00000 0.00000 ( 1)  0.180
  83 E   1.00000 0.00000 0.00000 ( 1)  0.180
  84 D   1.00000 0.00000 0.00000 ( 1)  0.180
  85 D   1.00000 0.00000 0.00000 ( 1)  0.180
  86 L   1.00000 0.00000 0.00000 ( 1)  0.180
  87 L   1.00000 0.00000 0.00000 ( 1)  0.180
  88 P   1.00000 0.00000 0.00000 ( 1)  0.180
  89 A   1.00000 0.00000 0.00000 ( 1)  0.180
  90 E   1.00000 0.00000 0.00000 ( 1)  0.180
  91 S   1.00000 0.00000 0.00000 ( 1)  0.180
  92 E   1.00000 0.00000 0.00000 ( 1)  0.180
  93 R   1.00000 0.00000 0.00000 ( 1)  0.180
  94 T   1.00000 0.00000 0.00000 ( 1)  0.180
  95 L   1.00000 0.00000 0.00000 ( 1)  0.180
  96 R   1.00000 0.00000 0.00000 ( 1)  0.180
  97 D   1.00000 0.00000 0.00000 ( 1)  0.180
  98 G   1.00000 0.00000 0.00000 ( 1)  0.180
  99 D   1.00000 0.00000 0.00000 ( 1)  0.180
 100 D   1.00000 0.00000 0.00000 ( 1)  0.180
 101 G   1.00000 0.00000 0.00000 ( 1)  0.180
 102 Q   1.00000 0.00000 0.00000 ( 1)  0.180
 103 P   1.00000 0.00000 0.00000 ( 1)  0.180
 104 A   1.00000 0.00000 0.00000 ( 1)  0.180
 105 R   1.00000 0.00000 0.00000 ( 1)  0.180
 106 A   1.00000 0.00000 0.00000 ( 1)  0.180
 107 Q   1.00000 0.00000 0.00000 ( 1)  0.180
 108 S   1.00000 0.00000 0.00000 ( 1)  0.180
 109 A   1.00000 0.00000 0.00000 ( 1)  0.180
 110 Q   1.00000 0.00000 0.00000 ( 1)  0.180
 111 S   1.00000 0.00000 0.00000 ( 1)  0.180
 112 L   1.00000 0.00000 0.00000 ( 1)  0.180
 113 A   1.00000 0.00000 0.00000 ( 1)  0.180
 114 V   1.00000 0.00000 0.00000 ( 1)  0.180
 115 S   1.00000 0.00000 0.00000 ( 1)  0.180
 116 E   1.00000 0.00000 0.00000 ( 1)  0.180
 117 S   1.00000 0.00000 0.00000 ( 1)  0.180
 118 D   1.00000 0.00000 0.00000 ( 1)  0.180
 119 Y   1.00000 0.00000 0.00000 ( 1)  0.180
 120 G   1.00000 0.00000 0.00000 ( 1)  0.180
 121 R   1.00000 0.00000 0.00000 ( 1)  0.180
 122 P   1.00000 0.00000 0.00000 ( 1)  0.180
 123 V   1.00000 0.00000 0.00000 ( 1)  0.180
 124 S   1.00000 0.00000 0.00000 ( 1)  0.180
 125 T   1.00000 0.00000 0.00000 ( 1)  0.180
 126 A   1.00000 0.00000 0.00000 ( 1)  0.180
 127 R   1.00000 0.00000 0.00000 ( 1)  0.180
 128 S   1.00000 0.00000 0.00000 ( 1)  0.180
 129 T   1.00000 0.00000 0.00000 ( 1)  0.180
 130 L   1.00000 0.00000 0.00000 ( 1)  0.180
 131 Q   1.00000 0.00000 0.00000 ( 1)  0.180
 132 S   1.00000 0.00000 0.00000 ( 1)  0.180
 133 V   1.00000 0.00000 0.00000 ( 1)  0.180
 134 I   1.00000 0.00000 0.00000 ( 1)  0.180
 135 S   1.00000 0.00000 0.00000 ( 1)  0.180
 136 G   1.00000 0.00000 0.00000 ( 1)  0.180
 137 V   1.00000 0.00000 0.00000 ( 1)  0.180
 138 G   1.00000 0.00000 0.00000 ( 1)  0.180
 139 E   1.00000 0.00000 0.00000 ( 1)  0.180
 140 L   1.00000 0.00000 0.00000 ( 1)  0.180
 141 D   1.00000 0.00000 0.00000 ( 1)  0.180
 142 E   1.00000 0.00000 0.00000 ( 1)  0.180
 143 N   1.00000 0.00000 0.00000 ( 1)  0.180
 144 G   1.00000 0.00000 0.00000 ( 1)  0.180
 145 G   1.00000 0.00000 0.00000 ( 1)  0.180
 146 G   1.00000 0.00000 0.00000 ( 1)  0.180
 147 R   1.00000 0.00000 0.00000 ( 1)  0.180
 148 G   1.00000 0.00000 0.00000 ( 1)  0.180
 149 G   1.00000 0.00000 0.00000 ( 1)  0.180
 150 R   1.00000 0.00000 0.00000 ( 1)  0.180
 151 L   1.00000 0.00000 0.00000 ( 1)  0.180
 152 S   1.00000 0.00000 0.00000 ( 1)  0.180
 153 A   1.00000 0.00000 0.00000 ( 1)  0.180
 154 M   1.00000 0.00000 0.00000 ( 1)  0.180
 155 P   1.00000 0.00000 0.00000 ( 1)  0.180
 156 E   1.00000 0.00000 0.00000 ( 1)  0.180
 157 W   1.00000 0.00000 0.00000 ( 1)  0.180
 158 P   1.00000 0.00000 0.00000 ( 1)  0.180
 159 E   1.00000 0.00000 0.00000 ( 1)  0.180
 160 E   1.00000 0.00000 0.00000 ( 1)  0.180
 161 T   1.00000 0.00000 0.00000 ( 1)  0.180
 162 P   1.00000 0.00000 0.00000 ( 1)  0.180
 163 Y   1.00000 0.00000 0.00000 ( 1)  0.180
 164 L   1.00000 0.00000 0.00000 ( 1)  0.180
 165 L   1.00000 0.00000 0.00000 ( 1)  0.180
 166 L   1.00000 0.00000 0.00000 ( 1)  0.180
 167 D   1.00000 0.00000 0.00000 ( 1)  0.180
 168 V   1.00000 0.00000 0.00000 ( 1)  0.180
 169 R   1.00000 0.00000 0.00000 ( 1)  0.180
 170 E   1.00000 0.00000 0.00000 ( 1)  0.180
 171 R   1.00000 0.00000 0.00000 ( 1)  0.180
 172 E   1.00000 0.00000 0.00000 ( 1)  0.180
 173 E   1.00000 0.00000 0.00000 ( 1)  0.180
 174 Y   1.00000 0.00000 0.00000 ( 1)  0.180
 175 E   1.00000 0.00000 0.00000 ( 1)  0.180
 176 R   1.00000 0.00000 0.00000 ( 1)  0.180
 177 C   1.00000 0.00000 0.00000 ( 1)  0.180
 178 R   1.00000 0.00000 0.00000 ( 1)  0.180
 179 I   1.00000 0.00000 0.00000 ( 1)  0.180
 180 I   1.00000 0.00000 0.00000 ( 1)  0.180
 181 G   1.00000 0.00000 0.00000 ( 1)  0.180
 182 A   1.00000 0.00000 0.00000 ( 1)  0.180
 183 V   1.00000 0.00000 0.00000 ( 1)  0.180
 184 S   1.00000 0.00000 0.00000 ( 1)  0.180
 185 Y   1.00000 0.00000 0.00000 ( 1)  0.180
 186 P   1.00000 0.00000 0.00000 ( 1)  0.180
 187 Y   1.00000 0.00000 0.00000 ( 1)  0.180
 188 T   1.00000 0.00000 0.00000 ( 1)  0.180
 189 M   1.00000 0.00000 0.00000 ( 1)  0.180
 190 L   1.00000 0.00000 0.00000 ( 1)  0.180
 191 S   1.00000 0.00000 0.00000 ( 1)  0.180
 192 R   1.00000 0.00000 0.00000 ( 1)  0.180
 193 A   1.00000 0.00000 0.00000 ( 1)  0.180
 194 Q   1.00000 0.00000 0.00000 ( 1)  0.180
 195 N   1.00000 0.00000 0.00000 ( 1)  0.180
 196 Y   1.00000 0.00000 0.00000 ( 1)  0.180
 197 E   1.00000 0.00000 0.00000 ( 1)  0.180
 198 I   1.00000 0.00000 0.00000 ( 1)  0.180
 199 P   1.00000 0.00000 0.00000 ( 1)  0.180
 200 Q   1.00000 0.00000 0.00000 ( 1)  0.180
 201 M   1.00000 0.00000 0.00000 ( 1)  0.180
 202 L   1.00000 0.00000 0.00000 ( 1)  0.180
 203 A   1.00000 0.00000 0.00000 ( 1)  0.180
 204 C   1.00000 0.00000 0.00000 ( 1)  0.180
 205 R   1.00000 0.00000 0.00000 ( 1)  0.180
 206 N   1.00000 0.00000 0.00000 ( 1)  0.180
 207 R   1.00000 0.00000 0.00000 ( 1)  0.180
 208 P   1.00000 0.00000 0.00000 ( 1)  0.180
 209 G   1.00000 0.00000 0.00000 ( 1)  0.180
 210 R   1.00000 0.00000 0.00000 ( 1)  0.180
 211 I   1.00000 0.00000 0.00000 ( 1)  0.180
 212 V   1.00000 0.00000 0.00000 ( 1)  0.180
 213 L   1.00000 0.00000 0.00000 ( 1)  0.180
 214 I   1.00000 0.00000 0.00000 ( 1)  0.180
 215 Y   1.00000 0.00000 0.00000 ( 1)  0.180
 216 D   1.00000 0.00000 0.00000 ( 1)  0.180
 217 E   1.00000 0.00000 0.00000 ( 1)  0.180
 218 D   1.00000 0.00000 0.00000 ( 1)  0.180
 219 E   1.00000 0.00000 0.00000 ( 1)  0.180
 220 K   1.00000 0.00000 0.00000 ( 1)  0.180
 221 I   1.00000 0.00000 0.00000 ( 1)  0.180
 222 A   1.00000 0.00000 0.00000 ( 1)  0.180
 223 P   1.00000 0.00000 0.00000 ( 1)  0.180
 224 R   1.00000 0.00000 0.00000 ( 1)  0.180
 225 V   1.00000 0.00000 0.00000 ( 1)  0.180
 226 A   1.00000 0.00000 0.00000 ( 1)  0.180
 227 T   1.00000 0.00000 0.00000 ( 1)  0.180
 228 T   1.00000 0.00000 0.00000 ( 1)  0.180
 229 L   1.00000 0.00000 0.00000 ( 1)  0.180
 230 V   1.00000 0.00000 0.00000 ( 1)  0.180
 231 Q   1.00000 0.00000 0.00000 ( 1)  0.180
 232 R   1.00000 0.00000 0.00000 ( 1)  0.180
 233 G   1.00000 0.00000 0.00000 ( 1)  0.180
 234 Y   1.00000 0.00000 0.00000 ( 1)  0.180
 235 D   1.00000 0.00000 0.00000 ( 1)  0.180
 236 N   1.00000 0.00000 0.00000 ( 1)  0.180
 237 L   1.00000 0.00000 0.00000 ( 1)  0.180
 238 F   1.00000 0.00000 0.00000 ( 1)  0.180
 239 M   1.00000 0.00000 0.00000 ( 1)  0.180
 240 L   1.00000 0.00000 0.00000 ( 1)  0.180
 241 S   1.00000 0.00000 0.00000 ( 1)  0.180
 242 G   1.00000 0.00000 0.00000 ( 1)  0.180
 243 G   1.00000 0.00000 0.00000 ( 1)  0.180
 244 L   1.00000 0.00000 0.00000 ( 1)  0.180
 245 R   1.00000 0.00000 0.00000 ( 1)  0.180
 246 V   1.00000 0.00000 0.00000 ( 1)  0.180
 247 A   1.00000 0.00000 0.00000 ( 1)  0.180
 248 V   1.00000 0.00000 0.00000 ( 1)  0.180
 249 K   1.00000 0.00000 0.00000 ( 1)  0.180
 250 L   1.00000 0.00000 0.00000 ( 1)  0.180
 251 F   1.00000 0.00000 0.00000 ( 1)  0.180
 252 P   1.00000 0.00000 0.00000 ( 1)  0.180
 253 E   1.00000 0.00000 0.00000 ( 1)  0.180
 254 G   1.00000 0.00000 0.00000 ( 1)  0.180
 255 L   1.00000 0.00000 0.00000 ( 1)  0.180
 256 V   1.00000 0.00000 0.00000 ( 1)  0.180
 257 T   1.00000 0.00000 0.00000 ( 1)  0.180
 258 G   1.00000 0.00000 0.00000 ( 1)  0.180
 259 S   1.00000 0.00000 0.00000 ( 1)  0.180
 260 L   1.00000 0.00000 0.00000 ( 1)  0.180
 261 P   1.00000 0.00000 0.00000 ( 1)  0.180
 262 Q   1.00000 0.00000 0.00000 ( 1)  0.180
 263 T   1.00000 0.00000 0.00000 ( 1)  0.180
 264 A   1.00000 0.00000 0.00000 ( 1)  0.180
 265 R   1.00000 0.00000 0.00000 ( 1)  0.180
 266 S   1.00000 0.00000 0.00000 ( 1)  0.180
 267 T   1.00000 0.00000 0.00000 ( 1)  0.180
 268 T   1.00000 0.00000 0.00000 ( 1)  0.180
 269 S   1.00000 0.00000 0.00000 ( 1)  0.180
 270 S   1.00000 0.00000 0.00000 ( 1)  0.180
 271 S   1.00000 0.00000 0.00000 ( 1)  0.180
 272 I   1.00000 0.00000 0.00000 ( 1)  0.180
 273 V   1.00000 0.00000 0.00000 ( 1)  0.180
 274 G   1.00000 0.00000 0.00000 ( 1)  0.180
 275 G   1.00000 0.00000 0.00000 ( 1)  0.180
 276 K   1.00000 0.00000 0.00000 ( 1)  0.180
 277 S   1.00000 0.00000 0.00000 ( 1)  0.180
 278 A   1.00000 0.00000 0.00000 ( 1)  0.180
 279 A   1.00000 0.00000 0.00000 ( 1)  0.180
 280 S   1.00000 0.00000 0.00000 ( 1)  0.180
 281 Q   1.00000 0.00000 0.00000 ( 1)  0.180
 282 R   1.00000 0.00000 0.00000 ( 1)  0.180
 283 A   1.00000 0.00000 0.00000 ( 1)  0.180
 284 N   1.00000 0.00000 0.00000 ( 1)  0.180
 285 D   1.00000 0.00000 0.00000 ( 1)  0.180
 286 A   1.00000 0.00000 0.00000 ( 1)  0.180
 287 D   1.00000 0.00000 0.00000 ( 1)  0.180
 288 Q   1.00000 0.00000 0.00000 ( 1)  0.180
 289 L   1.00000 0.00000 0.00000 ( 1)  0.180
 290 D   1.00000 0.00000 0.00000 ( 1)  0.180
 291 V   1.00000 0.00000 0.00000 ( 1)  0.180
 292 D   1.00000 0.00000 0.00000 ( 1)  0.180
 293 K   1.00000 0.00000 0.00000 ( 1)  0.180
 294 L   1.00000 0.00000 0.00000 ( 1)  0.180
 295 A   1.00000 0.00000 0.00000 ( 1)  0.180
 296 A   1.00000 0.00000 0.00000 ( 1)  0.180
 297 A   1.00000 0.00000 0.00000 ( 1)  0.180
 298 L   1.00000 0.00000 0.00000 ( 1)  0.180
 299 D   1.00000 0.00000 0.00000 ( 1)  0.180
 300 Q   1.00000 0.00000 0.00000 ( 1)  0.180
 301 A   1.00000 0.00000 0.00000 ( 1)  0.180
 302 L   1.00000 0.00000 0.00000 ( 1)  0.180
 303 D   1.00000 0.00000 0.00000 ( 1)  0.180
 304 T   1.00000 0.00000 0.00000 ( 1)  0.180
 305 G   1.00000 0.00000 0.00000 ( 1)  0.180
 306 R   1.00000 0.00000 0.00000 ( 1)  0.180
 307 S   1.00000 0.00000 0.00000 ( 1)  0.180
 308 S   1.00000 0.00000 0.00000 ( 1)  0.180
 309 A   1.00000 0.00000 0.00000 ( 1)  0.180
 310 A   1.00000 0.00000 0.00000 ( 1)  0.180
 311 T   1.00000 0.00000 0.00000 ( 1)  0.180
 312 S   1.00000 0.00000 0.00000 ( 1)  0.180
 313 R   1.00000 0.00000 0.00000 ( 1)  0.180
 314 S   1.00000 0.00000 0.00000 ( 1)  0.180
 315 G   1.00000 0.00000 0.00000 ( 1)  0.180
 316 V   1.00000 0.00000 0.00000 ( 1)  0.180
 317 S   1.00000 0.00000 0.00000 ( 1)  0.180
 318 R   1.00000 0.00000 0.00000 ( 1)  0.180
 319 G   1.00000 0.00000 0.00000 ( 1)  0.180
 320 R   1.00000 0.00000 0.00000 ( 1)  0.180
 321 P   1.00000 0.00000 0.00000 ( 1)  0.180
 322 H   1.00000 0.00000 0.00000 ( 1)  0.180
 323 S   1.00000 0.00000 0.00000 ( 1)  0.180
 324 T   1.00000 0.00000 0.00000 ( 1)  0.180
 325 A   1.00000 0.00000 0.00000 ( 1)  0.180
 326 S   1.00000 0.00000 0.00000 ( 1)  0.180
 327 S   1.00000 0.00000 0.00000 ( 1)  0.180
 328 A   1.00000 0.00000 0.00000 ( 1)  0.180
 329 A   1.00000 0.00000 0.00000 ( 1)  0.180
 330 S   1.00000 0.00000 0.00000 ( 1)  0.180
 331 S   1.00000 0.00000 0.00000 ( 1)  0.180
 332 V   1.00000 0.00000 0.00000 ( 1)  0.180
 333 G   1.00000 0.00000 0.00000 ( 1)  0.180
 334 S   1.00000 0.00000 0.00000 ( 1)  0.180
 335 S   1.00000 0.00000 0.00000 ( 1)  0.180
 336 V   1.00000 0.00000 0.00000 ( 1)  0.180
 337 S   1.00000 0.00000 0.00000 ( 1)  0.180
 338 Q   1.00000 0.00000 0.00000 ( 1)  0.180
 339 R   1.00000 0.00000 0.00000 ( 1)  0.180
 340 P   1.00000 0.00000 0.00000 ( 1)  0.180
 341 P   1.00000 0.00000 0.00000 ( 1)  0.180
 342 F   1.00000 0.00000 0.00000 ( 1)  0.180
 343 K   1.00000 0.00000 0.00000 ( 1)  0.180

Positively selected sites

	Prob(w>1)  mean w



lnL = -1480.187531

Bayes Empirical Bayes (BEB) probabilities for 3 classes (class) & postmean_w
(amino acids refer to 1st sequence: Mlig.12228)

   1 P   0.87211 0.08266 0.04523 ( 1)  0.287 +-  0.683
   2 L   0.87107 0.08302 0.04591 ( 1)  0.290 +-  0.693
   3 Q   0.87339 0.08221 0.04440 ( 1)  0.283 +-  0.671
   4 K   0.88796 0.07644 0.03560 ( 1)  0.247 +-  0.553
   5 R   0.88455 0.07788 0.03757 ( 1)  0.255 +-  0.578
   6 I   0.87947 0.07996 0.04058 ( 1)  0.267 +-  0.618
   7 P   0.87338 0.08220 0.04441 ( 1)  0.283 +-  0.672
   8 R   0.88648 0.07709 0.03643 ( 1)  0.250 +-  0.563
   9 N   0.87768 0.08063 0.04169 ( 1)  0.272 +-  0.633
  10 P   0.87211 0.08266 0.04523 ( 1)  0.287 +-  0.683
  11 K   0.88796 0.07644 0.03560 ( 1)  0.247 +-  0.553
  12 Y   0.87321 0.08227 0.04451 ( 1)  0.284 +-  0.673
  13 A   0.88968 0.07562 0.03470 ( 1)  0.244 +-  0.543
  14 N   0.87768 0.08063 0.04169 ( 1)  0.272 +-  0.633
  15 V   0.88680 0.07692 0.03628 ( 1)  0.250 +-  0.562
  16 K   0.88796 0.07644 0.03560 ( 1)  0.247 +-  0.553
  17 S   0.87306 0.08233 0.04462 ( 1)  0.284 +-  0.674
  18 T   0.87391 0.08202 0.04407 ( 1)  0.282 +-  0.667
  19 I   0.87645 0.08110 0.04246 ( 1)  0.275 +-  0.644
  20 D   0.87863 0.08027 0.04111 ( 1)  0.269 +-  0.626
  21 T   0.87555 0.08142 0.04303 ( 1)  0.277 +-  0.652
  22 G   0.88706 0.07681 0.03614 ( 1)  0.249 +-  0.560
  23 A   0.88968 0.07562 0.03470 ( 1)  0.244 +-  0.543
  24 S   0.89015 0.07549 0.03436 ( 1)  0.242 +-  0.536
  25 I   0.88958 0.07574 0.03468 ( 1)  0.243 +-  0.540
  26 T   0.88924 0.07586 0.03489 ( 1)  0.244 +-  0.544
  27 K   0.88796 0.07644 0.03560 ( 1)  0.247 +-  0.553
  28 Y   0.87321 0.08227 0.04451 ( 1)  0.284 +-  0.673
  29 M   0.88898 0.07602 0.03500 ( 1)  0.245 +-  0.544
  30 K   0.87619 0.08119 0.04262 ( 1)  0.276 +-  0.646
  31 K   0.88796 0.07644 0.03560 ( 1)  0.247 +-  0.553
  32 I   0.87645 0.08110 0.04246 ( 1)  0.275 +-  0.644
  33 E   0.87728 0.08078 0.04194 ( 1)  0.273 +-  0.637
  34 E   0.87728 0.08078 0.04194 ( 1)  0.273 +-  0.637
  35 I   0.87645 0.08110 0.04246 ( 1)  0.275 +-  0.644
  36 R   0.87070 0.08314 0.04616 ( 1)  0.291 +-  0.696
  37 E   0.88041 0.07941 0.04017 ( 1)  0.266 +-  0.618
  38 N   0.89122 0.07499 0.03378 ( 1)  0.240 +-  0.529
  39 Y   0.87321 0.08227 0.04451 ( 1)  0.284 +-  0.673
  40 R   0.88455 0.07788 0.03757 ( 1)  0.255 +-  0.578
  41 F   0.88318 0.07848 0.03834 ( 1)  0.258 +-  0.587
  42 R   0.87070 0.08314 0.04616 ( 1)  0.291 +-  0.696
  43 Q   0.88100 0.07933 0.03967 ( 1)  0.263 +-  0.606
  44 D   0.35093 0.29943 0.34964 ( 1)  1.516 +-  1.882
  45 E   0.88904 0.07594 0.03502 ( 1)  0.245 +-  0.546
  46 I   0.87645 0.08110 0.04246 ( 1)  0.275 +-  0.644
  47 F   0.88318 0.07848 0.03834 ( 1)  0.258 +-  0.587
  48 K   0.87619 0.08119 0.04262 ( 1)  0.276 +-  0.646
  49 R   0.87350 0.08217 0.04434 ( 1)  0.283 +-  0.670
  50 M   0.88898 0.07602 0.03500 ( 1)  0.245 +-  0.544
  51 K   0.87619 0.08119 0.04262 ( 1)  0.276 +-  0.646
  52 A   0.88968 0.07562 0.03470 ( 1)  0.244 +-  0.543
  53 T   0.88924 0.07586 0.03489 ( 1)  0.244 +-  0.544
  54 T   0.88924 0.07586 0.03489 ( 1)  0.244 +-  0.544
  55 F   0.88318 0.07848 0.03834 ( 1)  0.258 +-  0.587
  56 V   0.88680 0.07692 0.03628 ( 1)  0.250 +-  0.562
  57 Q   0.88100 0.07933 0.03967 ( 1)  0.263 +-  0.606
  58 L   0.87923 0.08002 0.04075 ( 1)  0.268 +-  0.621
  59 M   0.88898 0.07602 0.03500 ( 1)  0.245 +-  0.544
  60 L   0.87923 0.08002 0.04075 ( 1)  0.268 +-  0.621
  61 Q   0.88100 0.07933 0.03967 ( 1)  0.263 +-  0.606
  62 V   0.88680 0.07692 0.03628 ( 1)  0.250 +-  0.562
  63 T   0.88924 0.07586 0.03489 ( 1)  0.244 +-  0.544
  64 E   0.87728 0.08078 0.04194 ( 1)  0.273 +-  0.637
  65 I   0.88958 0.07574 0.03468 ( 1)  0.243 +-  0.540
  66 N   0.87768 0.08063 0.04169 ( 1)  0.272 +-  0.633
  67 R   0.88455 0.07788 0.03757 ( 1)  0.255 +-  0.578
  68 G   0.34988 0.29952 0.35060 ( 3)  1.518 +-  1.881
  69 L   0.87923 0.08002 0.04075 ( 1)  0.268 +-  0.621
  70 A   0.88968 0.07562 0.03470 ( 1)  0.244 +-  0.543
  71 E   0.88904 0.07594 0.03502 ( 1)  0.245 +-  0.546
  72 P   0.88183 0.07899 0.03918 ( 1)  0.261 +-  0.600
  73 P   0.31966 0.28974 0.39059 ( 3)  1.700 +-  2.035
  74 P   0.87211 0.08266 0.04523 ( 1)  0.287 +-  0.683
  75 D   0.89216 0.07453 0.03332 ( 1)  0.238 +-  0.525
  76 A   0.88968 0.07562 0.03470 ( 1)  0.244 +-  0.543
  77 G   0.87598 0.08126 0.04276 ( 1)  0.276 +-  0.649
  78 E   0.88904 0.07594 0.03502 ( 1)  0.245 +-  0.546
  79 F   0.88318 0.07848 0.03834 ( 1)  0.258 +-  0.587
  80 S   0.88358 0.07831 0.03810 ( 1)  0.257 +-  0.585
  81 D   0.89216 0.07453 0.03332 ( 1)  0.238 +-  0.525
  82 A   0.88968 0.07562 0.03470 ( 1)  0.244 +-  0.543
  83 E   0.88904 0.07594 0.03502 ( 1)  0.245 +-  0.546
  84 D   0.89216 0.07453 0.03332 ( 1)  0.238 +-  0.525
  85 D   0.89216 0.07453 0.03332 ( 1)  0.238 +-  0.525
  86 L   0.87475 0.08172 0.04353 ( 1)  0.279 +-  0.659
  87 L   0.87923 0.08002 0.04075 ( 1)  0.268 +-  0.621
  88 P   0.88183 0.07899 0.03918 ( 1)  0.261 +-  0.600
  89 A   0.88968 0.07562 0.03470 ( 1)  0.244 +-  0.543
  90 E   0.87728 0.08078 0.04194 ( 1)  0.273 +-  0.637
  91 S   0.32121 0.29036 0.38843 ( 3)  1.689 +-  2.026
  92 E   0.88904 0.07594 0.03502 ( 1)  0.245 +-  0.546
  93 R   0.87070 0.08314 0.04616 ( 1)  0.291 +-  0.696
  94 T   0.87555 0.08142 0.04303 ( 1)  0.277 +-  0.652
  95 L   0.87923 0.08002 0.04075 ( 1)  0.268 +-  0.621
  96 R   0.32842 0.29279 0.37879 ( 3)  1.646 +-  1.992
  97 D   0.87863 0.08027 0.04111 ( 1)  0.269 +-  0.626
  98 G   0.89016 0.07544 0.03440 ( 1)  0.242 +-  0.538
  99 D   0.89216 0.07453 0.03332 ( 1)  0.238 +-  0.525
 100 D   0.87863 0.08027 0.04111 ( 1)  0.269 +-  0.626
 101 G   0.88798 0.07638 0.03563 ( 1)  0.247 +-  0.554
 102 Q   0.87339 0.08221 0.04440 ( 1)  0.283 +-  0.671
 103 P   0.31281 0.28735 0.39984 ( 3)  1.741 +-  2.066
 104 A   0.88968 0.07562 0.03470 ( 1)  0.244 +-  0.543
 105 R   0.88648 0.07709 0.03643 ( 1)  0.250 +-  0.563
 106 A   0.88664 0.07696 0.03640 ( 1)  0.250 +-  0.565
 107 Q   0.87339 0.08221 0.04440 ( 1)  0.283 +-  0.671
 108 S   0.88054 0.07953 0.03993 ( 1)  0.264 +-  0.609
 109 A   0.88968 0.07562 0.03470 ( 1)  0.244 +-  0.543
 110 Q   0.88100 0.07933 0.03967 ( 1)  0.263 +-  0.606
 111 S   0.87348 0.08218 0.04434 ( 1)  0.283 +-  0.670
 112 L   0.87923 0.08002 0.04075 ( 1)  0.268 +-  0.621
 113 A   0.88968 0.07562 0.03470 ( 1)  0.244 +-  0.543
 114 V   0.88680 0.07692 0.03628 ( 1)  0.250 +-  0.562
 115 S   0.88358 0.07831 0.03810 ( 1)  0.257 +-  0.585
 116 E   0.87728 0.08078 0.04194 ( 1)  0.273 +-  0.637
 117 S   0.87135 0.08292 0.04573 ( 1)  0.289 +-  0.690
 118 D   0.89216 0.07453 0.03332 ( 1)  0.238 +-  0.525
 119 Y   0.88395 0.07816 0.03789 ( 1)  0.256 +-  0.582
 120 G   0.89016 0.07544 0.03440 ( 1)  0.242 +-  0.538
 121 R   0.87307 0.08231 0.04462 ( 1)  0.284 +-  0.675
 122 P   0.88183 0.07899 0.03918 ( 1)  0.261 +-  0.600
 123 V   0.88680 0.07692 0.03628 ( 1)  0.250 +-  0.562
 124 S   0.88358 0.07831 0.03810 ( 1)  0.257 +-  0.585
 125 T   0.88624 0.07717 0.03659 ( 1)  0.251 +-  0.566
 126 A   0.87579 0.08132 0.04289 ( 1)  0.277 +-  0.651
 127 R   0.88096 0.07934 0.03970 ( 1)  0.264 +-  0.607
 128 S   0.88054 0.07953 0.03993 ( 1)  0.264 +-  0.609
 129 T   0.87555 0.08142 0.04303 ( 1)  0.277 +-  0.652
 130 L   0.87923 0.08002 0.04075 ( 1)  0.268 +-  0.621
 131 Q   0.88100 0.07933 0.03967 ( 1)  0.263 +-  0.606
 132 S   0.87289 0.08238 0.04473 ( 1)  0.285 +-  0.676
 133 V   0.88987 0.07557 0.03456 ( 1)  0.243 +-  0.540
 134 I   0.88958 0.07574 0.03468 ( 1)  0.243 +-  0.540
 135 S   0.89015 0.07549 0.03436 ( 1)  0.242 +-  0.536
 136 G   0.87405 0.08196 0.04398 ( 1)  0.281 +-  0.666
 137 V   0.88987 0.07557 0.03456 ( 1)  0.243 +-  0.540
 138 G   0.89016 0.07544 0.03440 ( 1)  0.242 +-  0.538
 139 E   0.87728 0.08078 0.04194 ( 1)  0.273 +-  0.637
 140 L   0.87923 0.08002 0.04075 ( 1)  0.268 +-  0.621
 141 D   0.87863 0.08027 0.04111 ( 1)  0.269 +-  0.626
 142 E   0.88904 0.07594 0.03502 ( 1)  0.245 +-  0.546
 143 N   0.89122 0.07499 0.03378 ( 1)  0.240 +-  0.529
 144 G   0.89016 0.07544 0.03440 ( 1)  0.242 +-  0.538
 145 G   0.89016 0.07544 0.03440 ( 1)  0.242 +-  0.538
 146 G   0.89016 0.07544 0.03440 ( 1)  0.242 +-  0.538
 147 R   0.88455 0.07788 0.03757 ( 1)  0.255 +-  0.578
 148 G   0.87598 0.08126 0.04276 ( 1)  0.276 +-  0.649
 149 G   0.87598 0.08126 0.04276 ( 1)  0.276 +-  0.649
 150 R   0.88096 0.07934 0.03970 ( 1)  0.264 +-  0.607
 151 L   0.87760 0.08065 0.04176 ( 1)  0.272 +-  0.635
 152 S   0.88054 0.07953 0.03993 ( 1)  0.264 +-  0.609
 153 A   0.88664 0.07696 0.03640 ( 1)  0.250 +-  0.565
 154 M   0.88898 0.07602 0.03500 ( 1)  0.245 +-  0.544
 155 P   0.87338 0.08220 0.04441 ( 1)  0.283 +-  0.672
 156 E   0.88904 0.07594 0.03502 ( 1)  0.245 +-  0.546
 157 W   0.87790 0.08055 0.04155 ( 1)  0.271 +-  0.631
 158 P   0.87506 0.08158 0.04336 ( 1)  0.279 +-  0.657
 159 E   0.88904 0.07594 0.03502 ( 1)  0.245 +-  0.546
 160 E   0.88904 0.07594 0.03502 ( 1)  0.245 +-  0.546
 161 T   0.88924 0.07586 0.03489 ( 1)  0.244 +-  0.544
 162 P   0.88426 0.07799 0.03775 ( 1)  0.256 +-  0.581
 163 Y   0.88395 0.07816 0.03789 ( 1)  0.256 +-  0.582
 164 L   0.87923 0.08002 0.04075 ( 1)  0.268 +-  0.621
 165 L   0.87923 0.08002 0.04075 ( 1)  0.268 +-  0.621
 166 L   0.87923 0.08002 0.04075 ( 1)  0.268 +-  0.621
 167 D   0.87863 0.08027 0.04111 ( 1)  0.269 +-  0.626
 168 V   0.88680 0.07692 0.03628 ( 1)  0.250 +-  0.562
 169 R   0.88096 0.07934 0.03970 ( 1)  0.264 +-  0.607
 170 E   0.87728 0.08078 0.04194 ( 1)  0.273 +-  0.637
 171 R   0.88648 0.07709 0.03643 ( 1)  0.250 +-  0.563
 172 E   0.88904 0.07594 0.03502 ( 1)  0.245 +-  0.546
 173 E   0.88904 0.07594 0.03502 ( 1)  0.245 +-  0.546
 174 Y   0.87321 0.08227 0.04451 ( 1)  0.284 +-  0.673
 175 E   0.87728 0.08078 0.04194 ( 1)  0.273 +-  0.637
 176 R   0.87508 0.08160 0.04332 ( 1)  0.279 +-  0.656
 177 C   0.88314 0.07850 0.03836 ( 1)  0.258 +-  0.588
 178 R   0.88455 0.07788 0.03757 ( 1)  0.255 +-  0.578
 179 I   0.88958 0.07574 0.03468 ( 1)  0.243 +-  0.540
 180 I   0.88958 0.07574 0.03468 ( 1)  0.243 +-  0.540
 181 G   0.89016 0.07544 0.03440 ( 1)  0.242 +-  0.538
 182 A   0.88968 0.07562 0.03470 ( 1)  0.244 +-  0.543
 183 V   0.88680 0.07692 0.03628 ( 1)  0.250 +-  0.562
 184 S   0.89015 0.07549 0.03436 ( 1)  0.242 +-  0.536
 185 Y   0.88395 0.07816 0.03789 ( 1)  0.256 +-  0.582
 186 P   0.88183 0.07899 0.03918 ( 1)  0.261 +-  0.600
 187 Y   0.88395 0.07816 0.03789 ( 1)  0.256 +-  0.582
 188 T   0.87391 0.08202 0.04407 ( 1)  0.282 +-  0.667
 189 M   0.88898 0.07602 0.03500 ( 1)  0.245 +-  0.544
 190 L   0.87923 0.08002 0.04075 ( 1)  0.268 +-  0.621
 191 S   0.89015 0.07549 0.03436 ( 1)  0.242 +-  0.536
 192 R   0.88096 0.07934 0.03970 ( 1)  0.264 +-  0.607
 193 A   0.88968 0.07562 0.03470 ( 1)  0.244 +-  0.543
 194 Q   0.88100 0.07933 0.03967 ( 1)  0.263 +-  0.606
 195 N   0.89122 0.07499 0.03378 ( 1)  0.240 +-  0.529
 196 Y   0.88395 0.07816 0.03789 ( 1)  0.256 +-  0.582
 197 E   0.88904 0.07594 0.03502 ( 1)  0.245 +-  0.546
 198 I   0.88029 0.07955 0.04016 ( 1)  0.266 +-  0.615
 199 P   0.88426 0.07799 0.03775 ( 1)  0.256 +-  0.581
 200 Q   0.88100 0.07933 0.03967 ( 1)  0.263 +-  0.606
 201 M   0.88898 0.07602 0.03500 ( 1)  0.245 +-  0.544
 202 L   0.87923 0.08002 0.04075 ( 1)  0.268 +-  0.621
 203 A   0.88968 0.07562 0.03470 ( 1)  0.244 +-  0.543
 204 C   0.88314 0.07850 0.03836 ( 1)  0.258 +-  0.588
 205 R   0.88455 0.07788 0.03757 ( 1)  0.255 +-  0.578
 206 N   0.89122 0.07499 0.03378 ( 1)  0.240 +-  0.529
 207 R   0.88096 0.07934 0.03970 ( 1)  0.264 +-  0.607
 208 P   0.88426 0.07799 0.03775 ( 1)  0.256 +-  0.581
 209 G   0.89016 0.07544 0.03440 ( 1)  0.242 +-  0.538
 210 R   0.88455 0.07788 0.03757 ( 1)  0.255 +-  0.578
 211 I   0.87645 0.08110 0.04246 ( 1)  0.275 +-  0.644
 212 V   0.88680 0.07692 0.03628 ( 1)  0.250 +-  0.562
 213 L   0.88433 0.07798 0.03770 ( 1)  0.255 +-  0.580
 214 I   0.88958 0.07574 0.03468 ( 1)  0.243 +-  0.540
 215 Y   0.88395 0.07816 0.03789 ( 1)  0.256 +-  0.582
 216 D   0.87863 0.08027 0.04111 ( 1)  0.269 +-  0.626
 217 E   0.88904 0.07594 0.03502 ( 1)  0.245 +-  0.546
 218 D   0.89216 0.07453 0.03332 ( 1)  0.238 +-  0.525
 219 E   0.88904 0.07594 0.03502 ( 1)  0.245 +-  0.546
 220 K   0.88796 0.07644 0.03560 ( 1)  0.247 +-  0.553
 221 I   0.88958 0.07574 0.03468 ( 1)  0.243 +-  0.540
 222 A   0.88664 0.07696 0.03640 ( 1)  0.250 +-  0.565
 223 P   0.88426 0.07799 0.03775 ( 1)  0.256 +-  0.581
 224 R   0.88309 0.07842 0.03849 ( 1)  0.259 +-  0.593
 225 V   0.88680 0.07692 0.03628 ( 1)  0.250 +-  0.562
 226 A   0.88968 0.07562 0.03470 ( 1)  0.244 +-  0.543
 227 T   0.87391 0.08202 0.04407 ( 1)  0.282 +-  0.667
 228 T   0.87555 0.08142 0.04303 ( 1)  0.277 +-  0.652
 229 L   0.87923 0.08002 0.04075 ( 1)  0.268 +-  0.621
 230 V   0.88680 0.07692 0.03628 ( 1)  0.250 +-  0.562
 231 Q   0.88100 0.07933 0.03967 ( 1)  0.263 +-  0.606
 232 R   0.88455 0.07788 0.03757 ( 1)  0.255 +-  0.578
 233 G   0.89016 0.07544 0.03440 ( 1)  0.242 +-  0.538
 234 Y   0.88395 0.07816 0.03789 ( 1)  0.256 +-  0.582
 235 D   0.89216 0.07453 0.03332 ( 1)  0.238 +-  0.525
 236 N   0.89122 0.07499 0.03378 ( 1)  0.240 +-  0.529
 237 L   0.87475 0.08172 0.04353 ( 1)  0.279 +-  0.659
 238 F   0.88318 0.07848 0.03834 ( 1)  0.258 +-  0.587
 239 M   0.88898 0.07602 0.03500 ( 1)  0.245 +-  0.544
 240 L   0.87923 0.08002 0.04075 ( 1)  0.268 +-  0.621
 241 S   0.88358 0.07831 0.03810 ( 1)  0.257 +-  0.585
 242 G   0.89016 0.07544 0.03440 ( 1)  0.242 +-  0.538
 243 G   0.89016 0.07544 0.03440 ( 1)  0.242 +-  0.538
 244 L   0.87923 0.08002 0.04075 ( 1)  0.268 +-  0.621
 245 R   0.87070 0.08314 0.04616 ( 1)  0.291 +-  0.696
 246 V   0.88680 0.07692 0.03628 ( 1)  0.250 +-  0.562
 247 A   0.88968 0.07562 0.03470 ( 1)  0.244 +-  0.543
 248 V   0.88987 0.07557 0.03456 ( 1)  0.243 +-  0.540
 249 K   0.88796 0.07644 0.03560 ( 1)  0.247 +-  0.553
 250 L   0.87923 0.08002 0.04075 ( 1)  0.268 +-  0.621
 251 F   0.88318 0.07848 0.03834 ( 1)  0.258 +-  0.587
 252 P   0.88426 0.07799 0.03775 ( 1)  0.256 +-  0.581
 253 E   0.88904 0.07594 0.03502 ( 1)  0.245 +-  0.546
 254 G   0.89016 0.07544 0.03440 ( 1)  0.242 +-  0.538
 255 L   0.88433 0.07798 0.03770 ( 1)  0.255 +-  0.580
 256 V   0.88987 0.07557 0.03456 ( 1)  0.243 +-  0.540
 257 T   0.88924 0.07586 0.03489 ( 1)  0.244 +-  0.544
 258 G   0.89016 0.07544 0.03440 ( 1)  0.242 +-  0.538
 259 S   0.88054 0.07953 0.03993 ( 1)  0.264 +-  0.609
 260 L   0.87923 0.08002 0.04075 ( 1)  0.268 +-  0.621
 261 P   0.88183 0.07899 0.03918 ( 1)  0.261 +-  0.600
 262 Q   0.87339 0.08221 0.04440 ( 1)  0.283 +-  0.671
 263 T   0.87555 0.08142 0.04303 ( 1)  0.277 +-  0.652
 264 A   0.88968 0.07562 0.03470 ( 1)  0.244 +-  0.543
 265 R   0.88455 0.07788 0.03757 ( 1)  0.255 +-  0.578
 266 S   0.87306 0.08233 0.04462 ( 1)  0.284 +-  0.674
 267 T   0.87555 0.08142 0.04303 ( 1)  0.277 +-  0.652
 268 T   0.87555 0.08142 0.04303 ( 1)  0.277 +-  0.652
 269 S   0.87135 0.08292 0.04573 ( 1)  0.289 +-  0.690
 270 S   0.87696 0.08090 0.04213 ( 1)  0.274 +-  0.640
 271 S   0.89015 0.07549 0.03436 ( 1)  0.242 +-  0.536
 272 I   0.87947 0.07996 0.04058 ( 1)  0.267 +-  0.618
 273 V   0.87585 0.08131 0.04284 ( 1)  0.277 +-  0.650
 274 G   0.89016 0.07544 0.03440 ( 1)  0.242 +-  0.538
 275 G   0.87405 0.08196 0.04398 ( 1)  0.281 +-  0.666
 276 K   0.32989 0.29342 0.37669 ( 3)  1.636 +-  1.982
 277 S   0.88054 0.07953 0.03993 ( 1)  0.264 +-  0.609
 278 A   0.88968 0.07562 0.03470 ( 1)  0.244 +-  0.543
 279 A   0.88968 0.07562 0.03470 ( 1)  0.244 +-  0.543
 280 S   0.87696 0.08090 0.04213 ( 1)  0.274 +-  0.640
 281 Q   0.88100 0.07933 0.03967 ( 1)  0.263 +-  0.606
 282 R   0.88096 0.07934 0.03970 ( 1)  0.264 +-  0.607
 283 A   0.87411 0.08194 0.04395 ( 1)  0.281 +-  0.665
 284 N   0.89122 0.07499 0.03378 ( 1)  0.240 +-  0.529
 285 D   0.89216 0.07453 0.03332 ( 1)  0.238 +-  0.525
 286 A   0.88968 0.07562 0.03470 ( 1)  0.244 +-  0.543
 287 D   0.87863 0.08027 0.04111 ( 1)  0.269 +-  0.626
 288 Q   0.87339 0.08221 0.04440 ( 1)  0.283 +-  0.671
 289 L   0.87475 0.08172 0.04353 ( 1)  0.279 +-  0.659
 290 D   0.89216 0.07453 0.03332 ( 1)  0.238 +-  0.525
 291 V   0.88987 0.07557 0.03456 ( 1)  0.243 +-  0.540
 292 D   0.87863 0.08027 0.04111 ( 1)  0.269 +-  0.626
 293 K   0.88796 0.07644 0.03560 ( 1)  0.247 +-  0.553
 294 L   0.87923 0.08002 0.04075 ( 1)  0.268 +-  0.621
 295 A   0.88968 0.07562 0.03470 ( 1)  0.244 +-  0.543
 296 A   0.88664 0.07696 0.03640 ( 1)  0.250 +-  0.565
 297 A   0.88664 0.07696 0.03640 ( 1)  0.250 +-  0.565
 298 L   0.87923 0.08002 0.04075 ( 1)  0.268 +-  0.621
 299 D   0.87863 0.08027 0.04111 ( 1)  0.269 +-  0.626
 300 Q   0.88100 0.07933 0.03967 ( 1)  0.263 +-  0.606
 301 A   0.88595 0.07726 0.03679 ( 1)  0.252 +-  0.570
 302 L   0.87923 0.08002 0.04075 ( 1)  0.268 +-  0.621
 303 D   0.89216 0.07453 0.03332 ( 1)  0.238 +-  0.525
 304 T   0.88924 0.07586 0.03489 ( 1)  0.244 +-  0.544
 305 G   0.89016 0.07544 0.03440 ( 1)  0.242 +-  0.538
 306 R   0.88455 0.07788 0.03757 ( 1)  0.255 +-  0.578
 307 S   0.89015 0.07549 0.03436 ( 1)  0.242 +-  0.536
 308 S   0.89015 0.07549 0.03436 ( 1)  0.242 +-  0.536
 309 A   0.88968 0.07562 0.03470 ( 1)  0.244 +-  0.543
 310 A   0.88968 0.07562 0.03470 ( 1)  0.244 +-  0.543
 311 T   0.88924 0.07586 0.03489 ( 1)  0.244 +-  0.544
 312 S   0.89015 0.07549 0.03436 ( 1)  0.242 +-  0.536
 313 R   0.88455 0.07788 0.03757 ( 1)  0.255 +-  0.578
 314 S   0.89015 0.07549 0.03436 ( 1)  0.242 +-  0.536
 315 G   0.87598 0.08126 0.04276 ( 1)  0.276 +-  0.649
 316 V   0.88987 0.07557 0.03456 ( 1)  0.243 +-  0.540
 317 S   0.89015 0.07549 0.03436 ( 1)  0.242 +-  0.536
 318 R   0.88648 0.07709 0.03643 ( 1)  0.250 +-  0.563
 319 G   0.89016 0.07544 0.03440 ( 1)  0.242 +-  0.538
 320 R   0.88096 0.07934 0.03970 ( 1)  0.264 +-  0.607
 321 P   0.88183 0.07899 0.03918 ( 1)  0.261 +-  0.600
 322 H   0.88620 0.07719 0.03661 ( 1)  0.251 +-  0.566
 323 S   0.89015 0.07549 0.03436 ( 1)  0.242 +-  0.536
 324 T   0.87555 0.08142 0.04303 ( 1)  0.277 +-  0.652
 325 A   0.88664 0.07696 0.03640 ( 1)  0.250 +-  0.565
 326 S   0.88358 0.07831 0.03810 ( 1)  0.257 +-  0.585
 327 S   0.88054 0.07953 0.03993 ( 1)  0.264 +-  0.609
 328 A   0.87579 0.08132 0.04289 ( 1)  0.277 +-  0.651
 329 A   0.88968 0.07562 0.03470 ( 1)  0.244 +-  0.543
 330 S   0.89015 0.07549 0.03436 ( 1)  0.242 +-  0.536
 331 S   0.89015 0.07549 0.03436 ( 1)  0.242 +-  0.536
 332 V   0.87585 0.08131 0.04284 ( 1)  0.277 +-  0.650
 333 G   0.87598 0.08126 0.04276 ( 1)  0.276 +-  0.649
 334 S   0.88054 0.07953 0.03993 ( 1)  0.264 +-  0.609
 335 S   0.87696 0.08090 0.04213 ( 1)  0.274 +-  0.640
 336 V   0.88987 0.07557 0.03456 ( 1)  0.243 +-  0.540
 337 S   0.89015 0.07549 0.03436 ( 1)  0.242 +-  0.536
 338 Q   0.88100 0.07933 0.03967 ( 1)  0.263 +-  0.606
 339 R   0.88648 0.07709 0.03643 ( 1)  0.250 +-  0.563
 340 P   0.88183 0.07899 0.03918 ( 1)  0.261 +-  0.600
 341 P   0.87211 0.08266 0.04523 ( 1)  0.287 +-  0.683
 342 F   0.88318 0.07848 0.03834 ( 1)  0.258 +-  0.587
 343 K   0.87619 0.08119 0.04262 ( 1)  0.276 +-  0.646

Positively selected sites

	Prob(w>1)  mean w


