Supplemental results for CODEML (seqf: algn  treef: tree)


dN/dS (w) for site classes (K=2)

p:   0.99999  0.00001
w:   0.01249  1.00000

Naive Empirical Bayes (NEB) probabilities for 2 classes & postmean_w
(amino acids refer to 1st sequence: Mlig.29279)

   1 M   0.99999 0.00001 ( 1)  0.013
   2 D   0.99999 0.00001 ( 1)  0.013
   3 R   0.99999 0.00001 ( 1)  0.013
   4 S   0.99999 0.00001 ( 1)  0.013
   5 I   0.99999 0.00001 ( 1)  0.013
   6 F   0.99999 0.00001 ( 1)  0.013
   7 Q   0.99999 0.00001 ( 1)  0.013
   8 Q   0.99999 0.00001 ( 1)  0.013
   9 E   0.99999 0.00001 ( 1)  0.013
  10 K   0.99999 0.00001 ( 1)  0.013
  11 L   0.99999 0.00001 ( 1)  0.013
  12 S   0.99999 0.00001 ( 1)  0.013
  13 K   0.99999 0.00001 ( 1)  0.013
  14 S   0.99999 0.00001 ( 1)  0.013
  15 R   0.99999 0.00001 ( 1)  0.013
  16 E   0.99999 0.00001 ( 1)  0.013
  17 R   0.99999 0.00001 ( 1)  0.013
  18 I   0.99999 0.00001 ( 1)  0.013
  19 V   0.99999 0.00001 ( 1)  0.013
  20 I   0.99999 0.00001 ( 1)  0.013
  21 N   0.99999 0.00001 ( 1)  0.013
  22 Q   0.99999 0.00001 ( 1)  0.013
  23 W   0.99999 0.00001 ( 1)  0.013
  24 D   0.99999 0.00001 ( 1)  0.013
  25 I   0.99999 0.00001 ( 1)  0.013
  26 E   0.99999 0.00001 ( 1)  0.013
  27 A   0.99999 0.00001 ( 1)  0.013
  28 W   0.99999 0.00001 ( 1)  0.013
  29 S   0.99999 0.00001 ( 1)  0.013
  30 V   0.99999 0.00001 ( 1)  0.013
  31 L   0.99999 0.00001 ( 1)  0.013
  32 I   0.99999 0.00001 ( 1)  0.013
  33 R   0.99999 0.00001 ( 1)  0.013
  34 D   0.99999 0.00001 ( 1)  0.013
  35 A   0.99999 0.00001 ( 1)  0.013
  36 Q   0.99999 0.00001 ( 1)  0.013
  37 E   0.99999 0.00001 ( 1)  0.013
  38 R   0.99999 0.00001 ( 1)  0.013
  39 K   0.99999 0.00001 ( 1)  0.013
  40 L   0.99999 0.00001 ( 1)  0.013
  41 E   0.99999 0.00001 ( 1)  0.013
  42 D   0.99999 0.00001 ( 1)  0.013
  43 G   0.99999 0.00001 ( 1)  0.013
  44 E   0.99999 0.00001 ( 1)  0.013
  45 K   0.99999 0.00001 ( 1)  0.013
  46 I   0.99999 0.00001 ( 1)  0.013
  47 F   0.99999 0.00001 ( 1)  0.013
  48 E   0.99999 0.00001 ( 1)  0.013
  49 E   0.99999 0.00001 ( 1)  0.013
  50 V   0.99999 0.00001 ( 1)  0.013
  51 V   0.99999 0.00001 ( 1)  0.013
  52 A   0.99999 0.00001 ( 1)  0.013
  53 Q   0.99999 0.00001 ( 1)  0.013
  54 F   0.99999 0.00001 ( 1)  0.013
  55 P   0.99999 0.00001 ( 1)  0.013
  56 L   0.99999 0.00001 ( 1)  0.013
  57 S   0.99999 0.00001 ( 1)  0.013
  58 G   0.99999 0.00001 ( 1)  0.013
  59 H   0.99999 0.00001 ( 1)  0.013
  60 Y   0.99999 0.00001 ( 1)  0.013
  61 W   0.99999 0.00001 ( 1)  0.013
  62 K   0.99999 0.00001 ( 1)  0.013
  63 L   0.99999 0.00001 ( 1)  0.013
  64 Y   0.99999 0.00001 ( 1)  0.013
  65 I   0.99999 0.00001 ( 1)  0.013
  66 N   0.99999 0.00001 ( 1)  0.013
  67 Y   0.99999 0.00001 ( 1)  0.013
  68 E   0.99999 0.00001 ( 1)  0.013
  69 I   0.99999 0.00001 ( 1)  0.013
  70 K   0.99999 0.00001 ( 1)  0.013
  71 H   0.99999 0.00001 ( 1)  0.013
  72 H   0.99999 0.00001 ( 1)  0.013
  73 N   0.99999 0.00001 ( 1)  0.013
  74 Y   0.99999 0.00001 ( 1)  0.013
  75 E   0.99999 0.00001 ( 1)  0.013
  76 K   0.99999 0.00001 ( 1)  0.013
  77 V   0.99999 0.00001 ( 1)  0.013
  78 E   0.99999 0.00001 ( 1)  0.013
  79 Q   0.99999 0.00001 ( 1)  0.013
  80 L   0.99999 0.00001 ( 1)  0.013
  81 F   0.99999 0.00001 ( 1)  0.013
  82 Q   0.99999 0.00001 ( 1)  0.013
  83 R   0.99999 0.00001 ( 1)  0.013
  84 C   0.99999 0.00001 ( 1)  0.013
  85 L   0.99999 0.00001 ( 1)  0.013
  86 T   0.99999 0.00001 ( 1)  0.013
  87 K   0.99999 0.00001 ( 1)  0.013
  88 V   0.99999 0.00001 ( 1)  0.013
  89 L   0.99999 0.00001 ( 1)  0.013
  90 H   0.99999 0.00001 ( 1)  0.013
  91 I   0.99999 0.00001 ( 1)  0.013
  92 E   0.99999 0.00001 ( 1)  0.013
  93 L   0.99999 0.00001 ( 1)  0.013
  94 W   0.99999 0.00001 ( 1)  0.013
  95 K   0.99999 0.00001 ( 1)  0.013
  96 L   0.99999 0.00001 ( 1)  0.013
  97 Y   0.99999 0.00001 ( 1)  0.013
  98 L   0.99999 0.00001 ( 1)  0.013
  99 Q   0.99999 0.00001 ( 1)  0.013
 100 Y   0.99999 0.00001 ( 1)  0.013
 101 I   0.99999 0.00001 ( 1)  0.013
 102 R   0.99999 0.00001 ( 1)  0.013
 103 D   0.99999 0.00001 ( 1)  0.013
 104 T   0.99999 0.00001 ( 1)  0.013
 105 K   0.99999 0.00001 ( 1)  0.013
 106 S   0.99999 0.00001 ( 1)  0.013
 107 K   0.99999 0.00001 ( 1)  0.013
 108 Q   0.99999 0.00001 ( 1)  0.013
 109 P   0.99999 0.00001 ( 1)  0.013
 110 A   0.99999 0.00001 ( 1)  0.013
 111 F   0.99999 0.00001 ( 1)  0.013
 112 K   0.99999 0.00001 ( 1)  0.013
 113 E   0.99999 0.00001 ( 1)  0.013
 114 K   0.99999 0.00001 ( 1)  0.013
 115 M   0.99999 0.00001 ( 1)  0.013
 116 G   0.99999 0.00001 ( 1)  0.013
 117 K   0.99999 0.00001 ( 1)  0.013
 118 A   0.99999 0.00001 ( 1)  0.013
 119 Y   0.99999 0.00001 ( 1)  0.013
 120 D   0.99999 0.00001 ( 1)  0.013
 121 F   0.99999 0.00001 ( 1)  0.013
 122 A   0.99999 0.00001 ( 1)  0.013
 123 L   0.99999 0.00001 ( 1)  0.013
 124 E   0.99999 0.00001 ( 1)  0.013
 125 K   0.99999 0.00001 ( 1)  0.013
 126 M   0.99999 0.00001 ( 1)  0.013
 127 G   0.99999 0.00001 ( 1)  0.013
 128 L   0.99999 0.00001 ( 1)  0.013
 129 D   0.99999 0.00001 ( 1)  0.013
 130 F   0.99999 0.00001 ( 1)  0.013
 131 S   0.99999 0.00001 ( 1)  0.013
 132 S   0.99999 0.00001 ( 1)  0.013
 133 Y   0.99999 0.00001 ( 1)  0.013
 134 S   0.99999 0.00001 ( 1)  0.013
 135 I   0.99999 0.00001 ( 1)  0.013
 136 W   0.99999 0.00001 ( 1)  0.013
 137 V   0.99999 0.00001 ( 1)  0.013
 138 D   0.99999 0.00001 ( 1)  0.013
 139 Y   0.99999 0.00001 ( 1)  0.013
 140 I   0.99999 0.00001 ( 1)  0.013
 141 Q   0.99999 0.00001 ( 1)  0.013
 142 F   0.99999 0.00001 ( 1)  0.013
 143 L   0.99999 0.00001 ( 1)  0.013
 144 K   0.99999 0.00001 ( 1)  0.013
 145 N   0.99999 0.00001 ( 1)  0.013
 146 A   0.99999 0.00001 ( 1)  0.013
 147 P   0.99999 0.00001 ( 1)  0.013
 148 V   0.99999 0.00001 ( 1)  0.013
 149 Q   0.99999 0.00001 ( 1)  0.013
 150 G   0.99999 0.00001 ( 1)  0.013
 151 S   0.99999 0.00001 ( 1)  0.013
 152 Y   0.99999 0.00001 ( 1)  0.013
 153 A   0.99999 0.00001 ( 1)  0.013
 154 E   0.99999 0.00001 ( 1)  0.013
 155 S   0.99999 0.00001 ( 1)  0.013
 156 Q   0.99999 0.00001 ( 1)  0.013
 157 K   0.99999 0.00001 ( 1)  0.013
 158 I   0.99999 0.00001 ( 1)  0.013
 159 T   0.99999 0.00001 ( 1)  0.013
 160 A   0.99999 0.00001 ( 1)  0.013
 161 V   0.99999 0.00001 ( 1)  0.013
 162 R   0.99999 0.00001 ( 1)  0.013
 163 K   0.99999 0.00001 ( 1)  0.013
 164 I   0.99999 0.00001 ( 1)  0.013
 165 Y   0.99999 0.00001 ( 1)  0.013
 166 Q   0.99999 0.00001 ( 1)  0.013
 167 K   0.99999 0.00001 ( 1)  0.013
 168 A   0.99999 0.00001 ( 1)  0.013
 169 I   0.99999 0.00001 ( 1)  0.013
 170 V   0.99999 0.00001 ( 1)  0.013
 171 T   0.99999 0.00001 ( 1)  0.013
 172 P   0.99999 0.00001 ( 1)  0.013
 173 M   0.99999 0.00001 ( 1)  0.013
 174 V   0.99999 0.00001 ( 1)  0.013
 175 N   0.99999 0.00001 ( 1)  0.013
 176 I   0.99999 0.00001 ( 1)  0.013
 177 D   0.99999 0.00001 ( 1)  0.013
 178 Q   0.99999 0.00001 ( 1)  0.013
 179 V   0.99999 0.00001 ( 1)  0.013
 180 W   0.99999 0.00001 ( 1)  0.013
 181 R   0.99999 0.00001 ( 1)  0.013
 182 D   0.99999 0.00001 ( 1)  0.013
 183 Y   0.99999 0.00001 ( 1)  0.013
 184 S   0.99999 0.00001 ( 1)  0.013
 185 S   0.99999 0.00001 ( 1)  0.013
 186 F   0.99999 0.00001 ( 1)  0.013
 187 E   0.99999 0.00001 ( 1)  0.013
 188 T   0.99999 0.00001 ( 1)  0.013
 189 G   0.99999 0.00001 ( 1)  0.013
 190 L   0.99999 0.00001 ( 1)  0.013
 191 N   0.99999 0.00001 ( 1)  0.013
 192 A   0.99999 0.00001 ( 1)  0.013
 193 A   0.99999 0.00001 ( 1)  0.013
 194 L   0.99999 0.00001 ( 1)  0.013
 195 A   0.99999 0.00001 ( 1)  0.013
 196 K   0.99999 0.00001 ( 1)  0.013
 197 K   0.99999 0.00001 ( 1)  0.013
 198 F   0.99999 0.00001 ( 1)  0.013
 199 I   0.99999 0.00001 ( 1)  0.013
 200 E   0.99999 0.00001 ( 1)  0.013
 201 D   0.99999 0.00001 ( 1)  0.013
 202 R   0.99999 0.00001 ( 1)  0.013
 203 Q   0.99999 0.00001 ( 1)  0.013
 204 R   0.99999 0.00001 ( 1)  0.013
 205 D   0.99999 0.00001 ( 1)  0.013
 206 Y   0.99999 0.00001 ( 1)  0.013
 207 M   0.99999 0.00001 ( 1)  0.013
 208 N   0.99999 0.00001 ( 1)  0.013
 209 A   0.99999 0.00001 ( 1)  0.013
 210 K   0.99999 0.00001 ( 1)  0.013
 211 R   0.99999 0.00001 ( 1)  0.013
 212 V   0.99999 0.00001 ( 1)  0.013
 213 A   0.99999 0.00001 ( 1)  0.013
 214 K   0.99999 0.00001 ( 1)  0.013
 215 E   0.99999 0.00001 ( 1)  0.013
 216 L   0.99999 0.00001 ( 1)  0.013
 217 E   0.99999 0.00001 ( 1)  0.013
 218 I   0.99999 0.00001 ( 1)  0.013
 219 V   0.99999 0.00001 ( 1)  0.013
 220 T   0.99999 0.00001 ( 1)  0.013
 221 K   0.99999 0.00001 ( 1)  0.013
 222 G   0.99999 0.00001 ( 1)  0.013
 223 I   0.99999 0.00001 ( 1)  0.013
 224 N   0.99999 0.00001 ( 1)  0.013
 225 R   0.99999 0.00001 ( 1)  0.013
 226 N   0.99999 0.00001 ( 1)  0.013
 227 W   0.99999 0.00001 ( 1)  0.013
 228 P   0.99999 0.00001 ( 1)  0.013
 229 S   0.99999 0.00001 ( 1)  0.013
 230 T   0.99999 0.00001 ( 1)  0.013
 231 P   0.99999 0.00001 ( 1)  0.013
 232 P   0.99999 0.00001 ( 1)  0.013
 233 T   0.99999 0.00001 ( 1)  0.013
 234 N   0.99999 0.00001 ( 1)  0.013
 235 N   0.99999 0.00001 ( 1)  0.013
 236 P   0.99999 0.00001 ( 1)  0.013
 237 D   0.99999 0.00001 ( 1)  0.013
 238 E   0.99999 0.00001 ( 1)  0.013
 239 A   0.99999 0.00001 ( 1)  0.013
 240 R   0.99999 0.00001 ( 1)  0.013
 241 Q   0.99999 0.00001 ( 1)  0.013
 242 V   0.99999 0.00001 ( 1)  0.013
 243 E   0.99999 0.00001 ( 1)  0.013
 244 L   0.99999 0.00001 ( 1)  0.013
 245 W   0.99999 0.00001 ( 1)  0.013
 246 K   0.99999 0.00001 ( 1)  0.013
 247 K   0.99999 0.00001 ( 1)  0.013
 248 Y   0.99999 0.00001 ( 1)  0.013
 249 I   0.99999 0.00001 ( 1)  0.013
 250 A   0.99999 0.00001 ( 1)  0.013
 251 W   0.99999 0.00001 ( 1)  0.013
 252 E   0.99999 0.00001 ( 1)  0.013
 253 K   0.99999 0.00001 ( 1)  0.013
 254 D   0.99999 0.00001 ( 1)  0.013
 255 N   0.99999 0.00001 ( 1)  0.013
 256 P   0.99999 0.00001 ( 1)  0.013
 257 L   0.99999 0.00001 ( 1)  0.013
 258 R   0.99999 0.00001 ( 1)  0.013
 259 T   0.99999 0.00001 ( 1)  0.013
 260 D   0.99999 0.00001 ( 1)  0.013
 261 D   0.99999 0.00001 ( 1)  0.013
 262 L   0.99999 0.00001 ( 1)  0.013
 263 S   0.99999 0.00001 ( 1)  0.013
 264 L   0.99999 0.00001 ( 1)  0.013
 265 I   0.99999 0.00001 ( 1)  0.013
 266 S   0.99999 0.00001 ( 1)  0.013
 267 K   0.99999 0.00001 ( 1)  0.013
 268 R   0.99999 0.00001 ( 1)  0.013
 269 V   0.99999 0.00001 ( 1)  0.013
 270 M   0.99999 0.00001 ( 1)  0.013
 271 F   0.99999 0.00001 ( 1)  0.013
 272 A   0.99999 0.00001 ( 1)  0.013
 273 Y   0.99999 0.00001 ( 1)  0.013
 274 E   0.99999 0.00001 ( 1)  0.013
 275 Q   0.99999 0.00001 ( 1)  0.013
 276 C   0.99999 0.00001 ( 1)  0.013
 277 L   0.99999 0.00001 ( 1)  0.013
 278 L   0.99999 0.00001 ( 1)  0.013
 279 C   0.99999 0.00001 ( 1)  0.013
 280 L   0.99999 0.00001 ( 1)  0.013
 281 G   0.99999 0.00001 ( 1)  0.013
 282 H   0.99999 0.00001 ( 1)  0.013
 283 H   0.99999 0.00001 ( 1)  0.013
 284 P   0.99999 0.00001 ( 1)  0.013
 285 D   0.99999 0.00001 ( 1)  0.013
 286 I   0.99999 0.00001 ( 1)  0.013
 287 W   0.99999 0.00001 ( 1)  0.013
 288 Y   0.99999 0.00001 ( 1)  0.013
 289 E   0.99999 0.00001 ( 1)  0.013
 290 A   0.99999 0.00001 ( 1)  0.013
 291 A   0.99999 0.00001 ( 1)  0.013
 292 S   0.99999 0.00001 ( 1)  0.013
 293 F   0.99999 0.00001 ( 1)  0.013
 294 L   0.99999 0.00001 ( 1)  0.013
 295 E   0.99999 0.00001 ( 1)  0.013
 296 Q   0.99999 0.00001 ( 1)  0.013
 297 A   0.99999 0.00001 ( 1)  0.013
 298 S   0.99999 0.00001 ( 1)  0.013
 299 R   0.99999 0.00001 ( 1)  0.013
 300 T   0.99999 0.00001 ( 1)  0.013
 301 L   0.99999 0.00001 ( 1)  0.013
 302 I   0.99999 0.00001 ( 1)  0.013
 303 E   0.99999 0.00001 ( 1)  0.013
 304 K   0.99999 0.00001 ( 1)  0.013
 305 G   0.99999 0.00001 ( 1)  0.013
 306 E   0.99999 0.00001 ( 1)  0.013
 307 P   0.99999 0.00001 ( 1)  0.013
 308 M   0.99999 0.00001 ( 1)  0.013
 309 A   0.99999 0.00001 ( 1)  0.013
 310 A   0.99999 0.00001 ( 1)  0.013
 311 K   0.99999 0.00001 ( 1)  0.013
 312 Q   0.99999 0.00001 ( 1)  0.013
 313 F   0.99999 0.00001 ( 1)  0.013
 314 A   0.99999 0.00001 ( 1)  0.013
 315 D   0.99999 0.00001 ( 1)  0.013
 316 E   0.99999 0.00001 ( 1)  0.013
 317 A   0.99999 0.00001 ( 1)  0.013
 318 A   0.99999 0.00001 ( 1)  0.013
 319 S   0.99999 0.00001 ( 1)  0.013
 320 M   0.99999 0.00001 ( 1)  0.013
 321 Y   0.99999 0.00001 ( 1)  0.013
 322 D   0.99999 0.00001 ( 1)  0.013
 323 R   0.99999 0.00001 ( 1)  0.013
 324 A   0.99999 0.00001 ( 1)  0.013
 325 T   0.99999 0.00001 ( 1)  0.013
 326 Q   0.99999 0.00001 ( 1)  0.013
 327 V   0.99999 0.00001 ( 1)  0.013
 328 L   0.99999 0.00001 ( 1)  0.013
 329 K   0.99999 0.00001 ( 1)  0.013
 330 E   0.99999 0.00001 ( 1)  0.013
 331 N   0.99999 0.00001 ( 1)  0.013
 332 T   0.99999 0.00001 ( 1)  0.013
 333 L   0.99999 0.00001 ( 1)  0.013
 334 L   0.99999 0.00001 ( 1)  0.013
 335 Y   0.99999 0.00001 ( 1)  0.013
 336 F   0.99999 0.00001 ( 1)  0.013
 337 A   0.99999 0.00001 ( 1)  0.013
 338 Y   0.99999 0.00001 ( 1)  0.013
 339 A   0.99999 0.00001 ( 1)  0.013
 340 D   0.99999 0.00001 ( 1)  0.013
 341 Y   0.99999 0.00001 ( 1)  0.013
 342 E   0.99999 0.00001 ( 1)  0.013
 343 E   0.99999 0.00001 ( 1)  0.013
 344 G   0.99999 0.00001 ( 1)  0.013
 345 R   0.99999 0.00001 ( 1)  0.013
 346 G   0.99999 0.00001 ( 1)  0.013
 347 N   0.99999 0.00001 ( 1)  0.013
 348 F   0.99999 0.00001 ( 1)  0.013
 349 E   0.99999 0.00001 ( 1)  0.013
 350 K   0.99999 0.00001 ( 1)  0.013
 351 V   0.99999 0.00001 ( 1)  0.013
 352 H   0.99999 0.00001 ( 1)  0.013
 353 S   0.99999 0.00001 ( 1)  0.013
 354 I   0.99999 0.00001 ( 1)  0.013
 355 Y   0.99999 0.00001 ( 1)  0.013
 356 R   0.99999 0.00001 ( 1)  0.013
 357 K   0.99999 0.00001 ( 1)  0.013
 358 L   0.99999 0.00001 ( 1)  0.013
 359 V   0.99999 0.00001 ( 1)  0.013
 360 N   0.99999 0.00001 ( 1)  0.013
 361 V   0.99999 0.00001 ( 1)  0.013
 362 D   0.99999 0.00001 ( 1)  0.013
 363 S   0.99999 0.00001 ( 1)  0.013
 364 I   0.99999 0.00001 ( 1)  0.013
 365 D   0.99999 0.00001 ( 1)  0.013
 366 P   0.99999 0.00001 ( 1)  0.013
 367 T   0.99999 0.00001 ( 1)  0.013
 368 L   0.99999 0.00001 ( 1)  0.013
 369 P   0.99999 0.00001 ( 1)  0.013
 370 Y   0.99999 0.00001 ( 1)  0.013
 371 I   0.99999 0.00001 ( 1)  0.013
 372 Q   0.99999 0.00001 ( 1)  0.013
 373 Y   0.99999 0.00001 ( 1)  0.013
 374 M   0.99999 0.00001 ( 1)  0.013
 375 K   0.99999 0.00001 ( 1)  0.013
 376 F   0.99999 0.00001 ( 1)  0.013
 377 A   0.99999 0.00001 ( 1)  0.013
 378 R   0.99999 0.00001 ( 1)  0.013
 379 R   0.99999 0.00001 ( 1)  0.013
 380 K   0.99999 0.00001 ( 1)  0.013
 381 E   0.99999 0.00001 ( 1)  0.013
 382 G   0.99999 0.00001 ( 1)  0.013
 383 I   0.99999 0.00001 ( 1)  0.013
 384 K   0.99999 0.00001 ( 1)  0.013
 385 S   0.99999 0.00001 ( 1)  0.013
 386 A   0.99999 0.00001 ( 1)  0.013
 387 R   0.99999 0.00001 ( 1)  0.013
 388 S   0.99999 0.00001 ( 1)  0.013
 389 V   0.99999 0.00001 ( 1)  0.013
 390 F   0.99999 0.00001 ( 1)  0.013
 391 K   0.99999 0.00001 ( 1)  0.013
 392 L   0.99999 0.00001 ( 1)  0.013
 393 A   0.99999 0.00001 ( 1)  0.013
 394 R   0.99999 0.00001 ( 1)  0.013
 395 A   0.99999 0.00001 ( 1)  0.013
 396 D   0.99999 0.00001 ( 1)  0.013
 397 P   0.99999 0.00001 ( 1)  0.013
 398 H   0.99999 0.00001 ( 1)  0.013
 399 C   0.99999 0.00001 ( 1)  0.013
 400 T   0.99999 0.00001 ( 1)  0.013
 401 Y   0.99999 0.00001 ( 1)  0.013
 402 H   0.99999 0.00001 ( 1)  0.013
 403 I   0.99999 0.00001 ( 1)  0.013
 404 F   0.99999 0.00001 ( 1)  0.013
 405 A   0.99999 0.00001 ( 1)  0.013
 406 A   0.99999 0.00001 ( 1)  0.013
 407 A   0.99999 0.00001 ( 1)  0.013
 408 A   0.99999 0.00001 ( 1)  0.013
 409 L   0.99999 0.00001 ( 1)  0.013
 410 M   0.99999 0.00001 ( 1)  0.013
 411 E   0.99999 0.00001 ( 1)  0.013
 412 Y   0.99999 0.00001 ( 1)  0.013
 413 F   0.99999 0.00001 ( 1)  0.013
 414 C   0.99999 0.00001 ( 1)  0.013
 415 S   0.99999 0.00001 ( 1)  0.013
 416 K   0.99999 0.00001 ( 1)  0.013
 417 D   0.99999 0.00001 ( 1)  0.013
 418 P   0.99999 0.00001 ( 1)  0.013
 419 A   0.99999 0.00001 ( 1)  0.013
 420 L   0.99999 0.00001 ( 1)  0.013
 421 G   0.99999 0.00001 ( 1)  0.013
 422 Q   0.99999 0.00001 ( 1)  0.013
 423 R   0.99999 0.00001 ( 1)  0.013
 424 I   0.99999 0.00001 ( 1)  0.013
 425 F   0.99999 0.00001 ( 1)  0.013
 426 D   0.99999 0.00001 ( 1)  0.013
 427 L   0.99999 0.00001 ( 1)  0.013
 428 G   0.99999 0.00001 ( 1)  0.013
 429 M   0.99999 0.00001 ( 1)  0.013
 430 K   0.99999 0.00001 ( 1)  0.013
 431 R   0.99999 0.00001 ( 1)  0.013
 432 F   0.99999 0.00001 ( 1)  0.013
 433 G   0.99999 0.00001 ( 1)  0.013
 434 Q   0.99999 0.00001 ( 1)  0.013
 435 V   0.99999 0.00001 ( 1)  0.013
 436 P   0.99999 0.00001 ( 1)  0.013
 437 E   0.99999 0.00001 ( 1)  0.013
 438 Y   0.99999 0.00001 ( 1)  0.013
 439 V   0.99999 0.00001 ( 1)  0.013
 440 L   0.99999 0.00001 ( 1)  0.013
 441 C   0.99999 0.00001 ( 1)  0.013
 442 Y   0.99999 0.00001 ( 1)  0.013
 443 T   0.99999 0.00001 ( 1)  0.013
 444 E   0.99999 0.00001 ( 1)  0.013
 445 Y   0.99999 0.00001 ( 1)  0.013
 446 M   0.99999 0.00001 ( 1)  0.013
 447 S   0.99999 0.00001 ( 1)  0.013
 448 H   0.99999 0.00001 ( 1)  0.013
 449 L   0.99999 0.00001 ( 1)  0.013
 450 N   0.99999 0.00001 ( 1)  0.013
 451 E   0.99999 0.00001 ( 1)  0.013
 452 D   0.99999 0.00001 ( 1)  0.013
 453 N   0.99999 0.00001 ( 1)  0.013
 454 N   0.99999 0.00001 ( 1)  0.013
 455 T   0.99999 0.00001 ( 1)  0.013
 456 R   0.99999 0.00001 ( 1)  0.013
 457 V   0.99999 0.00001 ( 1)  0.013
 458 L   0.99999 0.00001 ( 1)  0.013
 459 F   0.99999 0.00001 ( 1)  0.013
 460 E   0.99999 0.00001 ( 1)  0.013
 461 R   0.99999 0.00001 ( 1)  0.013
 462 A   0.99999 0.00001 ( 1)  0.013
 463 L   0.99999 0.00001 ( 1)  0.013
 464 T   0.99999 0.00001 ( 1)  0.013
 465 S   0.99999 0.00001 ( 1)  0.013
 466 G   0.99999 0.00001 ( 1)  0.013
 467 S   0.99999 0.00001 ( 1)  0.013
 468 V   0.99999 0.00001 ( 1)  0.013
 469 P   0.99999 0.00001 ( 1)  0.013
 470 T   0.99999 0.00001 ( 1)  0.013
 471 E   0.99999 0.00001 ( 1)  0.013
 472 K   0.99999 0.00001 ( 1)  0.013
 473 S   0.99999 0.00001 ( 1)  0.013
 474 R   0.99999 0.00001 ( 1)  0.013
 475 V   0.99999 0.00001 ( 1)  0.013
 476 I   0.99999 0.00001 ( 1)  0.013
 477 W   0.99999 0.00001 ( 1)  0.013
 478 A   0.99999 0.00001 ( 1)  0.013
 479 K   0.99999 0.00001 ( 1)  0.013
 480 F   0.99999 0.00001 ( 1)  0.013
 481 L   0.99999 0.00001 ( 1)  0.013
 482 E   0.99999 0.00001 ( 1)  0.013
 483 F   0.99999 0.00001 ( 1)  0.013
 484 E   0.99999 0.00001 ( 1)  0.013
 485 T   0.99999 0.00001 ( 1)  0.013
 486 S   0.99999 0.00001 ( 1)  0.013
 487 V   0.99999 0.00001 ( 1)  0.013
 488 G   0.99999 0.00001 ( 1)  0.013
 489 D   0.99999 0.00001 ( 1)  0.013
 490 L   0.99999 0.00001 ( 1)  0.013
 491 A   0.99999 0.00001 ( 1)  0.013
 492 S   0.99999 0.00001 ( 1)  0.013
 493 V   0.99999 0.00001 ( 1)  0.013
 494 L   0.99999 0.00001 ( 1)  0.013
 495 K   0.99999 0.00001 ( 1)  0.013
 496 V   0.99999 0.00001 ( 1)  0.013
 497 E   0.99999 0.00001 ( 1)  0.013
 498 R   0.99999 0.00001 ( 1)  0.013
 499 R   0.99999 0.00001 ( 1)  0.013
 500 R   0.99999 0.00001 ( 1)  0.013
 501 L   0.99999 0.00001 ( 1)  0.013
 502 Q   0.99999 0.00001 ( 1)  0.013
 503 A   0.99999 0.00001 ( 1)  0.013
 504 F   0.99999 0.00001 ( 1)  0.013
 505 Q   0.99999 0.00001 ( 1)  0.013
 506 G   0.99999 0.00001 ( 1)  0.013
 507 V   0.99999 0.00001 ( 1)  0.013
 508 E   0.99999 0.00001 ( 1)  0.013
 509 V   0.99999 0.00001 ( 1)  0.013
 510 F   0.99999 0.00001 ( 1)  0.013
 511 R   0.99999 0.00001 ( 1)  0.013
 512 G   0.99999 0.00001 ( 1)  0.013
 513 K   0.99999 0.00001 ( 1)  0.013
 514 E   0.99999 0.00001 ( 1)  0.013
 515 T   0.99999 0.00001 ( 1)  0.013
 516 A   0.99999 0.00001 ( 1)  0.013
 517 L   0.99999 0.00001 ( 1)  0.013
 518 L   0.99999 0.00001 ( 1)  0.013
 519 I   0.99999 0.00001 ( 1)  0.013
 520 D   0.99999 0.00001 ( 1)  0.013
 521 R   0.99999 0.00001 ( 1)  0.013
 522 Y   0.99999 0.00001 ( 1)  0.013
 523 K   0.99999 0.00001 ( 1)  0.013
 524 F   0.99999 0.00001 ( 1)  0.013
 525 M   0.99999 0.00001 ( 1)  0.013
 526 E   0.99999 0.00001 ( 1)  0.013
 527 L   0.99999 0.00001 ( 1)  0.013
 528 F   0.99999 0.00001 ( 1)  0.013
 529 P   0.99999 0.00001 ( 1)  0.013
 530 C   0.99999 0.00001 ( 1)  0.013
 531 S   0.99999 0.00001 ( 1)  0.013
 532 E   0.99999 0.00001 ( 1)  0.013
 533 Q   0.99999 0.00001 ( 1)  0.013
 534 E   0.99999 0.00001 ( 1)  0.013
 535 L   0.99999 0.00001 ( 1)  0.013
 536 R   0.99999 0.00001 ( 1)  0.013
 537 S   0.99999 0.00001 ( 1)  0.013
 538 L   0.99999 0.00001 ( 1)  0.013
 539 G   0.99999 0.00001 ( 1)  0.013
 540 Y   0.99999 0.00001 ( 1)  0.013
 541 T   0.99999 0.00001 ( 1)  0.013
 542 D   0.99999 0.00001 ( 1)  0.013
 543 L   0.99999 0.00001 ( 1)  0.013
 544 A   0.99999 0.00001 ( 1)  0.013
 545 K   0.99999 0.00001 ( 1)  0.013
 546 L   0.99999 0.00001 ( 1)  0.013
 547 S   0.99999 0.00001 ( 1)  0.013
 548 L   0.99999 0.00001 ( 1)  0.013
 549 A   0.99999 0.00001 ( 1)  0.013
 550 G   0.99999 0.00001 ( 1)  0.013
 551 L   0.99999 0.00001 ( 1)  0.013
 552 S   0.99999 0.00001 ( 1)  0.013
 553 N   0.99999 0.00001 ( 1)  0.013
 554 P   0.99999 0.00001 ( 1)  0.013
 555 A   0.99999 0.00001 ( 1)  0.013
 556 L   0.99999 0.00001 ( 1)  0.013
 557 S   0.99999 0.00001 ( 1)  0.013
 558 G   0.99999 0.00001 ( 1)  0.013
 559 L   0.99999 0.00001 ( 1)  0.013
 560 A   0.99999 0.00001 ( 1)  0.013
 561 T   0.99999 0.00001 ( 1)  0.013
 562 A   0.99999 0.00001 ( 1)  0.013
 563 A   0.99999 0.00001 ( 1)  0.013
 564 G   0.99999 0.00001 ( 1)  0.013
 565 I   0.99999 0.00001 ( 1)  0.013
 566 D   0.99999 0.00001 ( 1)  0.013
 567 G   0.99999 0.00001 ( 1)  0.013
 568 S   0.99999 0.00001 ( 1)  0.013
 569 F   0.99999 0.00001 ( 1)  0.013
 570 W   0.99999 0.00001 ( 1)  0.013
 571 L   0.99999 0.00001 ( 1)  0.013
 572 Q   0.99999 0.00001 ( 1)  0.013
 573 Q   0.99999 0.00001 ( 1)  0.013
 574 S   0.99999 0.00001 ( 1)  0.013
 575 R   0.99999 0.00001 ( 1)  0.013
 576 D   0.99999 0.00001 ( 1)  0.013
 577 V   0.99999 0.00001 ( 1)  0.013
 578 Q   0.99999 0.00001 ( 1)  0.013
 579 A   0.99999 0.00001 ( 1)  0.013
 580 K   0.99999 0.00001 ( 1)  0.013
 581 R   0.99999 0.00001 ( 1)  0.013
 582 P   0.99999 0.00001 ( 1)  0.013
 583 G   0.99999 0.00001 ( 1)  0.013
 584 G   0.99999 0.00001 ( 1)  0.013
 585 G   0.99999 0.00001 ( 1)  0.013
 586 A   0.99999 0.00001 ( 1)  0.013
 587 A   0.99999 0.00001 ( 1)  0.013
 588 A   0.99999 0.00001 ( 1)  0.013
 589 A   0.99999 0.00001 ( 1)  0.013
 590 A   0.99999 0.00001 ( 1)  0.013
 591 Y   0.99999 0.00001 ( 1)  0.013
 592 A   0.99999 0.00001 ( 1)  0.013
 593 K   0.99999 0.00001 ( 1)  0.013
 594 P   0.99999 0.00001 ( 1)  0.013
 595 D   0.99999 0.00001 ( 1)  0.013
 596 F   0.99999 0.00001 ( 1)  0.013
 597 S   0.99999 0.00001 ( 1)  0.013
 598 Q   0.99999 0.00001 ( 1)  0.013
 599 M   0.99999 0.00001 ( 1)  0.013
 600 L   0.99999 0.00001 ( 1)  0.013
 601 P   0.99999 0.00001 ( 1)  0.013
 602 F   0.99999 0.00001 ( 1)  0.013
 603 R   0.99999 0.00001 ( 1)  0.013
 604 P   0.99999 0.00001 ( 1)  0.013
 605 R   0.99999 0.00001 ( 1)  0.013
 606 A   0.99999 0.00001 ( 1)  0.013
 607 H   0.99999 0.00001 ( 1)  0.013
 608 P   0.99999 0.00001 ( 1)  0.013
 609 R   0.99999 0.00001 ( 1)  0.013
 610 T   0.99999 0.00001 ( 1)  0.013
 611 D   0.99999 0.00001 ( 1)  0.013
 612 S   0.99999 0.00001 ( 1)  0.013
 613 H   0.99999 0.00001 ( 1)  0.013
 614 P   0.99999 0.00001 ( 1)  0.013
 615 V   0.99999 0.00001 ( 1)  0.013
 616 P   0.99999 0.00001 ( 1)  0.013
 617 G   0.99999 0.00001 ( 1)  0.013
 618 G   0.99999 0.00001 ( 1)  0.013
 619 E   0.99999 0.00001 ( 1)  0.013
 620 F   0.99999 0.00001 ( 1)  0.013
 621 P   0.99999 0.00001 ( 1)  0.013
 622 L   0.99999 0.00001 ( 1)  0.013
 623 P   0.99999 0.00001 ( 1)  0.013
 624 P   0.99999 0.00001 ( 1)  0.013
 625 A   0.99999 0.00001 ( 1)  0.013
 626 A   0.99999 0.00001 ( 1)  0.013
 627 S   0.99999 0.00001 ( 1)  0.013
 628 H   0.99999 0.00001 ( 1)  0.013
 629 L   0.99999 0.00001 ( 1)  0.013
 630 V   0.99999 0.00001 ( 1)  0.013
 631 R   0.99999 0.00001 ( 1)  0.013
 632 I   0.99999 0.00001 ( 1)  0.013
 633 L   0.99999 0.00001 ( 1)  0.013
 634 P   0.99999 0.00001 ( 1)  0.013
 635 P   0.99999 0.00001 ( 1)  0.013
 636 P   0.99999 0.00001 ( 1)  0.013
 637 T   0.99999 0.00001 ( 1)  0.013
 638 C   0.99999 0.00001 ( 1)  0.013
 639 F   0.99999 0.00001 ( 1)  0.013
 640 R   0.99999 0.00001 ( 1)  0.013
 641 G   0.99999 0.00001 ( 1)  0.013
 642 P   0.99999 0.00001 ( 1)  0.013
 643 F   0.99999 0.00001 ( 1)  0.013
 644 V   0.99999 0.00001 ( 1)  0.013
 645 N   0.99999 0.00001 ( 1)  0.013
 646 V   0.99999 0.00001 ( 1)  0.013
 647 D   0.99999 0.00001 ( 1)  0.013
 648 Q   0.99999 0.00001 ( 1)  0.013
 649 L   0.99999 0.00001 ( 1)  0.013
 650 M   0.99999 0.00001 ( 1)  0.013
 651 E   0.99999 0.00001 ( 1)  0.013
 652 Q   0.99999 0.00001 ( 1)  0.013
 653 M   0.99999 0.00001 ( 1)  0.013
 654 A   0.99999 0.00001 ( 1)  0.013
 655 Q   0.99999 0.00001 ( 1)  0.013
 656 L   0.99999 0.00001 ( 1)  0.013
 657 P   0.99999 0.00001 ( 1)  0.013
 658 V   0.99999 0.00001 ( 1)  0.013
 659 P   0.99999 0.00001 ( 1)  0.013
 660 E   0.99999 0.00001 ( 1)  0.013
 661 D   0.99999 0.00001 ( 1)  0.013
 662 Y   0.99999 0.00001 ( 1)  0.013
 663 V   0.99999 0.00001 ( 1)  0.013
 664 R   0.99999 0.00001 ( 1)  0.013
 665 R   0.99999 0.00001 ( 1)  0.013
 666 Q   0.99999 0.00001 ( 1)  0.013
 667 Y   0.99999 0.00001 ( 1)  0.013
 668 S   0.99999 0.00001 ( 1)  0.013
 669 A   0.99999 0.00001 ( 1)  0.013
 670 E   0.99999 0.00001 ( 1)  0.013
 671 D   0.99999 0.00001 ( 1)  0.013
 672 R   0.99999 0.00001 ( 1)  0.013
 673 Q   0.99999 0.00001 ( 1)  0.013
 674 I   0.99999 0.00001 ( 1)  0.013
 675 D   0.99999 0.00001 ( 1)  0.013
 676 Q   0.99999 0.00001 ( 1)  0.013
 677 G   0.99999 0.00001 ( 1)  0.013
 678 T   0.99999 0.00001 ( 1)  0.013
 679 A   0.99999 0.00001 ( 1)  0.013
 680 F   0.99999 0.00001 ( 1)  0.013
 681 S   0.99999 0.00001 ( 1)  0.013
 682 I   0.99999 0.00001 ( 1)  0.013
 683 E   0.99999 0.00001 ( 1)  0.013
 684 V   0.99999 0.00001 ( 1)  0.013
 685 A   0.99999 0.00001 ( 1)  0.013
 686 T   0.99999 0.00001 ( 1)  0.013
 687 S   0.99999 0.00001 ( 1)  0.013
 688 G   0.99999 0.00001 ( 1)  0.013
 689 L   0.99999 0.00001 ( 1)  0.013
 690 P   0.99999 0.00001 ( 1)  0.013
 691 S   0.99999 0.00001 ( 1)  0.013
 692 G   0.99999 0.00001 ( 1)  0.013
 693 L   0.99999 0.00001 ( 1)  0.013
 694 K   0.99999 0.00001 ( 1)  0.013
 695 R   0.99999 0.00001 ( 1)  0.013
 696 R   0.99999 0.00001 ( 1)  0.013
 697 N   0.99999 0.00001 ( 1)  0.013
 698 L   0.99999 0.00001 ( 1)  0.013
 699 F   0.99999 0.00001 ( 1)  0.013
 700 P   0.99999 0.00001 ( 1)  0.013
 701 P   0.99999 0.00001 ( 1)  0.013
 702 D   0.99999 0.00001 ( 1)  0.013
 703 A   0.99999 0.00001 ( 1)  0.013
 704 H   0.99999 0.00001 ( 1)  0.013
 705 L   0.99999 0.00001 ( 1)  0.013
 706 S   0.99999 0.00001 ( 1)  0.013
 707 F   0.99999 0.00001 ( 1)  0.013
 708 M   0.99999 0.00001 ( 1)  0.013
 709 L   0.99999 0.00001 ( 1)  0.013
 710 P   0.99999 0.00001 ( 1)  0.013
 711 P   0.99999 0.00001 ( 1)  0.013
 712 P   0.99999 0.00001 ( 1)  0.013
 713 P   0.99999 0.00001 ( 1)  0.013
 714 P   0.99999 0.00001 ( 1)  0.013
 715 T   0.99999 0.00001 ( 1)  0.013
 716 A   0.99999 0.00001 ( 1)  0.013
 717 D   0.99999 0.00001 ( 1)  0.013
 718 P   0.99999 0.00001 ( 1)  0.013
 719 A   0.99999 0.00001 ( 1)  0.013
 720 D   0.99999 0.00001 ( 1)  0.013
 721 P   0.99999 0.00001 ( 1)  0.013
 722 T   0.99999 0.00001 ( 1)  0.013
 723 V   0.99999 0.00001 ( 1)  0.013
 724 M   0.99999 0.00001 ( 1)  0.013
 725 P   0.99999 0.00001 ( 1)  0.013
 726 A   0.99999 0.00001 ( 1)  0.013
 727 D   0.99999 0.00001 ( 1)  0.013
 728 A   0.99999 0.00001 ( 1)  0.013
 729 E   0.99999 0.00001 ( 1)  0.013
 730 A   0.99999 0.00001 ( 1)  0.013
 731 T   0.99999 0.00001 ( 1)  0.013
 732 G   0.99999 0.00001 ( 1)  0.013
 733 G   0.99999 0.00001 ( 1)  0.013
 734 G   0.99999 0.00001 ( 1)  0.013
 735 S   0.99999 0.00001 ( 1)  0.013
 736 G   0.99929 0.00071 ( 1)  0.013
 737 A   0.99999 0.00001 ( 1)  0.013
 738 G   0.99999 0.00001 ( 1)  0.013
 739 G   0.99999 0.00001 ( 1)  0.013
 740 A   0.99999 0.00001 ( 1)  0.013
 741 P   0.99999 0.00001 ( 1)  0.013
 742 A   0.99999 0.00001 ( 1)  0.013
 743 E   0.99999 0.00001 ( 1)  0.013
 744 T   0.99999 0.00001 ( 1)  0.013
 745 Y   0.99999 0.00001 ( 1)  0.013
 746 R   0.99999 0.00001 ( 1)  0.013
 747 H   0.99999 0.00001 ( 1)  0.013
 748 R   0.99999 0.00001 ( 1)  0.013
 749 L   0.99999 0.00001 ( 1)  0.013
 750 Q   0.99999 0.00001 ( 1)  0.013
 751 K   0.99999 0.00001 ( 1)  0.013
 752 R   0.99999 0.00001 ( 1)  0.013
 753 I   0.99999 0.00001 ( 1)  0.013
 754 K   0.99999 0.00001 ( 1)  0.013
 755 T   0.99999 0.00001 ( 1)  0.013


lnL = -2989.336036

