Supplemental results for CODEML (seqf: algn  treef: tree)


dN/dS (w) for site classes (K=3)

p:   0.70104  0.00000  0.29896
w:   0.43005  1.00000 93.41005

Naive Empirical Bayes (NEB) probabilities for 3 classes & postmean_w & P(w>1)
(amino acids refer to 1st sequence: Mlig.10772)

   1 M   0.99484 0.00000 0.00516 ( 1)  0.910  0.005
   2 F   0.97862 0.00000 0.02138 ( 1)  2.418  0.021
   3 G   0.99089 0.00000 0.00911 ( 1)  1.277  0.009
   4 K   0.98449 0.00000 0.01551 ( 1)  1.873  0.016
   5 V   0.99361 0.00000 0.00639 ( 1)  1.024  0.006
   6 F   0.99615 0.00000 0.00385 ( 1)  0.788  0.004
   7 D   0.98339 0.00000 0.01661 ( 1)  1.974  0.017
   8 W   0.99409 0.00000 0.00591 ( 1)  0.979  0.006
   9 A   0.97507 0.00000 0.02493 ( 1)  2.748  0.025
  10 K   0.97681 0.00000 0.02319 ( 1)  2.586  0.023
  11 Q   0.96853 0.00000 0.03147 ( 1)  3.357  0.031
  12 V   0.99361 0.00000 0.00639 ( 1)  1.024  0.006
  13 T   0.98440 0.00000 0.01560 ( 1)  1.881  0.016
  14 D   0.99103 0.00000 0.00897 ( 1)  1.264  0.009
  15 Q   0.96853 0.00000 0.03147 ( 1)  3.357  0.031
  16 V   0.99361 0.00000 0.00639 ( 1)  1.024  0.006
  17 S   0.98009 0.00000 0.01991 ( 1)  2.281  0.020
  18 N   0.98531 0.00000 0.01469 ( 1)  1.796  0.015
  19 Q   0.97843 0.00000 0.02157 ( 1)  2.436  0.022
  20 A   0.98611 0.00000 0.01389 ( 1)  1.721  0.014
  21 G   0.99089 0.00000 0.00911 ( 1)  1.277  0.009
  22 T   0.98774 0.00000 0.01226 ( 1)  1.570  0.012
  23 A   0.98611 0.00000 0.01389 ( 1)  1.721  0.014
  24 I   0.99576 0.00000 0.00424 ( 1)  0.825  0.004
  25 R   0.98894 0.00000 0.01106 ( 1)  1.458  0.011
  26 G   0.99089 0.00000 0.00911 ( 1)  1.277  0.009
  27 I   0.99576 0.00000 0.00424 ( 1)  0.825  0.004
  28 Q   0.96853 0.00000 0.03147 ( 1)  3.357  0.031
  29 G   0.99089 0.00000 0.00911 ( 1)  1.277  0.009
  30 E   0.97379 0.00000 0.02621 ( 1)  2.867  0.026
  31 I   0.99576 0.00000 0.00424 ( 1)  0.825  0.004
  32 S   0.99283 0.00000 0.00717 ( 1)  1.097  0.007
  33 S   0.99465 0.00000 0.00535 ( 1)  0.928  0.005
  34 R   0.98414 0.00000 0.01586 ( 1)  1.905  0.016
  35 Q   0.96853 0.00000 0.03147 ( 1)  3.357  0.031
  36 Q   0.96853 0.00000 0.03147 ( 1)  3.357  0.031
  37 Q   0.96853 0.00000 0.03147 ( 1)  3.357  0.031
  38 Q   0.96853 0.00000 0.03147 ( 1)  3.357  0.031
  39 Q   0.96853 0.00000 0.03147 ( 1)  3.357  0.031
  40 Q   0.96853 0.00000 0.03147 ( 1)  3.357  0.031
  41 Q   0.80123 0.00000 0.19877 ( 1) 18.912  0.199
  42 Q   0.80123 0.00000 0.19877 ( 1) 18.912  0.199
  43 Q   0.97843 0.00000 0.02157 ( 1)  2.436  0.022
  44 Q   0.97843 0.00000 0.02157 ( 1)  2.436  0.022
  45 Q   0.97843 0.00000 0.02157 ( 1)  2.436  0.022
  46 G   0.56998 0.00000 0.43001 ( 1) 40.413  0.430
  47 H   0.00032 0.00000 0.99968 ( 3) 93.381  1.000
  48 D   0.05901 0.00000 0.94099 ( 3) 87.923  0.941
  49 A   0.00013 0.00000 0.99987 ( 3) 93.398  1.000
  50 F   0.00011 0.00000 0.99989 ( 3) 93.400  1.000
  51 E   0.33148 0.00000 0.66852 ( 3) 62.589  0.669
  52 N   0.00297 0.00000 0.99703 ( 3) 93.134  0.997
  53 Y   0.00568 0.00000 0.99432 ( 3) 92.882  0.994
  54 S   0.00004 0.00000 0.99996 ( 3) 93.407  1.000
  55 G   0.00989 0.00000 0.99011 ( 3) 92.490  0.990
  56 G   0.00005 0.00000 0.99995 ( 3) 93.406  1.000
  57 S   0.00276 0.00000 0.99724 ( 3) 93.154  0.997
  58 F   0.00158 0.00000 0.99842 ( 3) 93.263  0.998
  59 S   0.00282 0.00000 0.99718 ( 3) 93.148  0.997
  60 G   0.00005 0.00000 0.99995 ( 3) 93.406  1.000
  61 P   0.00013 0.00000 0.99987 ( 3) 93.398  1.000
  62 S   0.00059 0.00000 0.99941 ( 3) 93.355  0.999
  63 S   0.52970 0.00000 0.47030 ( 1) 44.159  0.470
  64 S   0.91511 0.00000 0.08489 ( 1)  8.324  0.085
  65 A   0.04403 0.00000 0.95597 ( 3) 89.316  0.956
  66 A   0.32883 0.00000 0.67117 ( 3) 62.835  0.671
  67 P   0.25635 0.00000 0.74365 ( 3) 69.574  0.744
  68 G   0.36954 0.00000 0.63046 ( 3) 59.050  0.630
  69 G   0.00006 0.00000 0.99994 ( 3) 93.405  1.000
  70 V   0.37274 0.00000 0.62726 ( 3) 58.753  0.627
  71 S   0.00007 0.00000 0.99993 ( 3) 93.403  1.000
  72 M   0.01077 0.00000 0.98923 ( 3) 92.409  0.989
  73 L   0.00031 0.00000 0.99969 ( 3) 93.381  1.000
  74 G   0.00010 0.00000 0.99990 ( 3) 93.401  1.000
  75 G   0.00009 0.00000 0.99991 ( 3) 93.401  1.000
  76 F   0.00158 0.00000 0.99842 ( 3) 93.263  0.998
  77 P   0.00016 0.00000 0.99984 ( 3) 93.395  1.000
  78 K   0.00002 0.00000 0.99998 ( 3) 93.408  1.000
  79 P   0.68592 0.00000 0.31408 ( 1) 29.633  0.314
  80 M   0.41943 0.00000 0.58057 ( 3) 54.411  0.581
  81 M   0.00925 0.00000 0.99075 ( 3) 92.550  0.991
  82 S   0.00463 0.00000 0.99537 ( 3) 92.980  0.995
  83 G   0.00010 0.00000 0.99990 ( 3) 93.401  1.000
  84 A   0.00725 0.00000 0.99275 ( 3) 92.736  0.993
  85 T   0.00023 0.00000 0.99977 ( 3) 93.389  1.000
  86 A   0.98611 0.00000 0.01389 ( 1)  1.721  0.014
  87 E   0.01820 0.00000 0.98180 ( 3) 91.718  0.982
  88 V   0.02785 0.00000 0.97215 ( 3) 90.821  0.972
  89 T   0.00034 0.00000 0.99966 ( 3) 93.379  1.000
  90 T   0.00032 0.00000 0.99968 ( 3) 93.380  1.000
  91 C   0.00246 0.00000 0.99754 ( 3) 93.181  0.998
  92 T   0.68965 0.00000 0.31035 ( 1) 29.287  0.310
  93 C   0.85918 0.00000 0.14082 ( 1) 13.523  0.141
  94 Q   0.01048 0.00000 0.98952 ( 3) 92.436  0.990
  95 V   0.00002 0.00000 0.99998 ( 3) 93.408  1.000
  96 C   0.00020 0.00000 0.99980 ( 3) 93.391  1.000
  97 H   0.00014 0.00000 0.99986 ( 3) 93.397  1.000
  98 K   0.00004 0.00000 0.99996 ( 3) 93.406  1.000
  99 V   0.00014 0.00000 0.99986 ( 3) 93.397  1.000
 100 K   0.98449 0.00000 0.01551 ( 1)  1.873  0.016
 101 F   0.00282 0.00000 0.99718 ( 3) 93.148  0.997
 102 A   0.00123 0.00000 0.99877 ( 3) 93.295  0.999
 103 E   0.00001 0.00000 0.99999 ( 3) 93.409  1.000
 104 T   0.03346 0.00000 0.96654 ( 3) 90.299  0.967
 105 Y   0.00559 0.00000 0.99441 ( 3) 92.891  0.994
 106 G   0.00024 0.00000 0.99976 ( 3) 93.388  1.000
 107 H   0.06631 0.00000 0.93369 ( 3) 87.244  0.934
 108 P   0.00700 0.00000 0.99300 ( 3) 92.759  0.993
 109 C   0.00513 0.00000 0.99487 ( 3) 92.933  0.995
 110 H   0.01841 0.00000 0.98159 ( 3) 91.698  0.982
 111 Y   0.02800 0.00000 0.97200 ( 3) 90.806  0.972
 112 C   0.01558 0.00000 0.98442 ( 3) 91.962  0.984
 113 K   0.00519 0.00000 0.99481 ( 3) 92.927  0.995
 114 L   0.00008 0.00000 0.99992 ( 3) 93.402  1.000
 115 R   0.06692 0.00000 0.93308 ( 3) 87.187  0.933
 116 T   0.00021 0.00000 0.99979 ( 3) 93.390  1.000
 117 C   0.00254 0.00000 0.99746 ( 3) 93.174  0.997
 118 A   0.49331 0.00000 0.50669 ( 3) 47.542  0.507
 119 R   0.00254 0.00000 0.99746 ( 3) 93.174  0.997
 120 C   0.00262 0.00000 0.99738 ( 3) 93.167  0.997
 121 G   0.01384 0.00000 0.98616 ( 3) 92.124  0.986
 122 S   0.40728 0.00000 0.59272 ( 3) 55.541  0.593
 123 K   0.00054 0.00000 0.99946 ( 3) 93.359  0.999
 124 T   0.38803 0.00000 0.61197 ( 3) 57.331  0.612
 125 N   0.45741 0.00000 0.54259 ( 3) 50.880  0.543
 126 I   0.03323 0.00000 0.96677 ( 3) 90.320  0.967
 127 K   0.45960 0.00000 0.54040 ( 3) 50.677  0.540
 128 P   0.00107 0.00000 0.99893 ( 3) 93.311  0.999
 129 T   0.00923 0.00000 0.99077 ( 3) 92.551  0.991
 130 Q   0.01941 0.00000 0.98059 ( 3) 91.605  0.981
 131 S   0.24919 0.00000 0.75081 ( 3) 70.240  0.751
 132 V   0.00011 0.00000 0.99989 ( 3) 93.400  1.000
 133 W   0.00409 0.00000 0.99591 ( 3) 93.029  0.996
 134 I   0.51320 0.00000 0.48680 ( 1) 45.693  0.487
 135 C   0.47080 0.00000 0.52920 ( 3) 49.635  0.529
 136 V   0.51305 0.00000 0.48695 ( 1) 45.707  0.487
 137 N   0.00765 0.00000 0.99235 ( 3) 92.699  0.992
 138 C   0.00209 0.00000 0.99791 ( 3) 93.215  0.998
 139 S   0.58333 0.00000 0.41667 ( 1) 39.172  0.417
 140 R   0.82111 0.00000 0.17889 ( 1) 17.063  0.179
 141 D   0.98339 0.00000 0.01661 ( 1)  1.974  0.017
 142 S   0.46738 0.00000 0.53262 ( 3) 49.953  0.533
 143 G   0.56998 0.00000 0.43001 ( 1) 40.413  0.430
 144 K   0.01559 0.00000 0.98441 ( 3) 91.960  0.984
 145 W   0.01021 0.00000 0.98979 ( 3) 92.461  0.990
 146 Q   0.42172 0.00000 0.57828 ( 3) 54.199  0.578
 147 R   0.55880 0.00000 0.44120 ( 1) 41.453  0.441
 148 E   0.42182 0.00000 0.57818 ( 3) 54.190  0.578
 149 E   0.02104 0.00000 0.97896 ( 3) 91.454  0.979
 150 Q   0.41991 0.00000 0.58009 ( 3) 54.367  0.580
 151 E   0.97379 0.00000 0.02621 ( 1)  2.867  0.026
 152 Q   0.96853 0.00000 0.03147 ( 1)  3.357  0.031
 153 Q   0.41991 0.00000 0.58009 ( 3) 54.367  0.580
 154 Q   0.80123 0.00000 0.19877 ( 1) 18.912  0.199
 155 Q   0.80123 0.00000 0.19877 ( 1) 18.912  0.199
 156 Q   0.97843 0.00000 0.02157 ( 1)  2.436  0.022
 157 Q   0.80552 0.00000 0.19448 ( 1) 18.513  0.194
 158 Q   0.97843 0.00000 0.02157 ( 1)  2.436  0.022
 159 K   0.42334 0.00000 0.57666 ( 3) 54.048  0.577
 160 Q   0.97843 0.00000 0.02157 ( 1)  2.436  0.022
 161 Q   0.06345 0.00000 0.93655 ( 3) 87.511  0.937
 162 E   0.06760 0.00000 0.93240 ( 3) 87.124  0.932
 163 E   0.06760 0.00000 0.93240 ( 3) 87.124  0.932
 164 E   0.97379 0.00000 0.02621 ( 1)  2.867  0.026
 165 E   0.97379 0.00000 0.02621 ( 1)  2.867  0.026
 166 K   0.57889 0.00000 0.42111 ( 1) 39.585  0.421
 167 K   0.57889 0.00000 0.42111 ( 1) 39.585  0.421
 168 K   0.80343 0.00000 0.19657 ( 1) 18.707  0.197
 169 R   0.57150 0.00000 0.42850 ( 1) 40.272  0.429
 170 Q   0.38227 0.00000 0.61773 ( 3) 57.866  0.618
 171 Q   0.02750 0.00000 0.97250 ( 3) 90.854  0.973
 172 E   0.37900 0.00000 0.62100 ( 3) 58.171  0.621
 173 E   0.42182 0.00000 0.57818 ( 3) 54.190  0.578
 174 A   0.01181 0.00000 0.98819 ( 3) 92.312  0.988
 175 E   0.97379 0.00000 0.02621 ( 1)  2.867  0.026
 176 R   0.00010 0.00000 0.99990 ( 3) 93.400  1.000
 177 S   0.00037 0.00000 0.99963 ( 3) 93.376  1.000
 178 A   0.00011 0.00000 0.99989 ( 3) 93.400  1.000
 179 E   0.00024 0.00000 0.99976 ( 3) 93.387  1.000
 180 E   0.01202 0.00000 0.98798 ( 3) 92.293  0.988
 181 A   0.32633 0.00000 0.67367 ( 3) 63.068  0.674
 182 E   0.98214 0.00000 0.01786 ( 1)  2.090  0.018
 183 E   0.05414 0.00000 0.94586 ( 3) 88.376  0.946
 184 E   0.80908 0.00000 0.19092 ( 1) 18.181  0.191
 185 T   0.00105 0.00000 0.99895 ( 3) 93.312  0.999
 186 R   0.02056 0.00000 0.97944 ( 3) 91.498  0.979
 187 E   0.00111 0.00000 0.99889 ( 3) 93.306  0.999
 188 Q   0.56813 0.00000 0.43187 ( 1) 40.586  0.432
 189 E   0.14535 0.00000 0.85465 ( 3) 79.896  0.855
 190 Q   0.96853 0.00000 0.03147 ( 1)  3.357  0.031
 191 E   0.97379 0.00000 0.02621 ( 1)  2.867  0.026
 192 Q   0.96853 0.00000 0.03147 ( 1)  3.357  0.031
 193 Q   0.96853 0.00000 0.03147 ( 1)  3.357  0.031
 194 Q   0.96853 0.00000 0.03147 ( 1)  3.357  0.031
 195 E   0.97379 0.00000 0.02621 ( 1)  2.867  0.026
 196 Q   0.96853 0.00000 0.03147 ( 1)  3.357  0.031
 197 E   0.97379 0.00000 0.02621 ( 1)  2.867  0.026
 198 Q   0.96853 0.00000 0.03147 ( 1)  3.357  0.031
 199 T   0.98440 0.00000 0.01560 ( 1)  1.881  0.016
 200 K   0.98449 0.00000 0.01551 ( 1)  1.873  0.016
 201 E   0.97379 0.00000 0.02621 ( 1)  2.867  0.026
 202 D   0.98339 0.00000 0.01661 ( 1)  1.974  0.017
 203 T   0.97751 0.00000 0.02249 ( 1)  2.521  0.022
 204 A   0.97507 0.00000 0.02493 ( 1)  2.748  0.025
 205 P   0.97307 0.00000 0.02693 ( 1)  2.934  0.027
 206 K   0.98449 0.00000 0.01551 ( 1)  1.873  0.016
 207 E   0.98214 0.00000 0.01786 ( 1)  2.090  0.018
 208 D   0.99103 0.00000 0.00897 ( 1)  1.264  0.009
 209 S   0.99161 0.00000 0.00839 ( 1)  1.210  0.008
 210 S   0.98644 0.00000 0.01356 ( 1)  1.691  0.014
 211 E   0.98214 0.00000 0.01786 ( 1)  2.090  0.018
 212 K   0.97681 0.00000 0.02319 ( 1)  2.586  0.023
 213 Q   0.97843 0.00000 0.02157 ( 1)  2.436  0.022
 214 K   0.97681 0.00000 0.02319 ( 1)  2.586  0.023
 215 Q   0.97843 0.00000 0.02157 ( 1)  2.436  0.022
 216 Q   0.97843 0.00000 0.02157 ( 1)  2.436  0.022
 217 Q   0.97843 0.00000 0.02157 ( 1)  2.436  0.022
 218 Q   0.96853 0.00000 0.03147 ( 1)  3.357  0.031
 219 Q   0.97843 0.00000 0.02157 ( 1)  2.436  0.022
 220 Q   0.97843 0.00000 0.02157 ( 1)  2.436  0.022
 221 K   0.52383 0.00000 0.47617 ( 1) 44.705  0.476
 222 P   0.97862 0.00000 0.02138 ( 1)  2.418  0.021
 223 K   0.97681 0.00000 0.02319 ( 1)  2.586  0.023
 224 Q   0.97843 0.00000 0.02157 ( 1)  2.436  0.022
 225 K   0.98449 0.00000 0.01551 ( 1)  1.873  0.016
 226 P   0.97938 0.00000 0.02062 ( 1)  2.347  0.021
 227 A   0.98611 0.00000 0.01389 ( 1)  1.721  0.014
 228 G   0.98826 0.00000 0.01174 ( 1)  1.522  0.012
 229 Q   0.96853 0.00000 0.03147 ( 1)  3.357  0.031
 230 N   0.98531 0.00000 0.01469 ( 1)  1.796  0.015
 231 P   0.97938 0.00000 0.02062 ( 1)  2.347  0.021
 232 P   0.97938 0.00000 0.02062 ( 1)  2.347  0.021
 233 L   0.99237 0.00000 0.00763 ( 1)  1.139  0.008
 234 K   0.97681 0.00000 0.02319 ( 1)  2.586  0.023
 235 Q   0.96853 0.00000 0.03147 ( 1)  3.357  0.031
 236 Q   0.97843 0.00000 0.02157 ( 1)  2.436  0.022
 237 Q   0.97843 0.00000 0.02157 ( 1)  2.436  0.022
 238 Q   0.96853 0.00000 0.03147 ( 1)  3.357  0.031
 239 Q   0.96853 0.00000 0.03147 ( 1)  3.357  0.031
 240 R   0.98637 0.00000 0.01363 ( 1)  1.698  0.014
 241 L   0.99237 0.00000 0.00763 ( 1)  1.139  0.008
 242 P   0.97862 0.00000 0.02138 ( 1)  2.418  0.021
 243 T   0.97751 0.00000 0.02249 ( 1)  2.521  0.022
 244 E   0.98214 0.00000 0.01786 ( 1)  2.090  0.018
 245 S   0.98009 0.00000 0.01991 ( 1)  2.281  0.020
 246 V   0.99478 0.00000 0.00522 ( 1)  0.915  0.005
 247 D   0.98339 0.00000 0.01661 ( 1)  1.974  0.017
 248 K   0.97681 0.00000 0.02319 ( 1)  2.586  0.023
 249 P   0.97938 0.00000 0.02062 ( 1)  2.347  0.021
 250 P   0.98371 0.00000 0.01629 ( 1)  1.945  0.016
 251 V   0.99361 0.00000 0.00639 ( 1)  1.024  0.006
 252 K   0.97681 0.00000 0.02319 ( 1)  2.586  0.023
 253 Q   0.96853 0.00000 0.03147 ( 1)  3.357  0.031
 254 P   0.97938 0.00000 0.02062 ( 1)  2.347  0.021
 255 A   0.98205 0.00000 0.01795 ( 1)  2.099  0.018
 256 K   0.97681 0.00000 0.02319 ( 1)  2.586  0.023
 257 Q   0.96853 0.00000 0.03147 ( 1)  3.357  0.031
 258 Q   0.96853 0.00000 0.03147 ( 1)  3.357  0.031
 259 P   0.97843 0.00000 0.02157 ( 1)  2.435  0.022
 260 K   0.98449 0.00000 0.01551 ( 1)  1.873  0.016
 261 Q   0.96853 0.00000 0.03147 ( 1)  3.357  0.031
 262 Q   0.96853 0.00000 0.03147 ( 1)  3.357  0.031
 263 Q   0.96853 0.00000 0.03147 ( 1)  3.357  0.031
 264 Q   0.97843 0.00000 0.02157 ( 1)  2.436  0.022
 265 K   0.97681 0.00000 0.02319 ( 1)  2.586  0.023
 266 Q   0.96853 0.00000 0.03147 ( 1)  3.357  0.031
 267 Q   0.97843 0.00000 0.02157 ( 1)  2.436  0.022
 268 Q   0.96853 0.00000 0.03147 ( 1)  3.357  0.031
 269 Q   0.96853 0.00000 0.03147 ( 1)  3.357  0.031
 270 Q   0.97843 0.00000 0.02157 ( 1)  2.436  0.022
 271 K   0.11973 0.00000 0.88027 ( 3) 82.278  0.880
 272 Q   0.96853 0.00000 0.03147 ( 1)  3.357  0.031
 273 Q   0.97843 0.00000 0.02157 ( 1)  2.436  0.022
 274 Q   0.97843 0.00000 0.02157 ( 1)  2.436  0.022
 275 K   0.97681 0.00000 0.02319 ( 1)  2.586  0.023
 276 Q   0.96853 0.00000 0.03147 ( 1)  3.357  0.031
 277 Q   0.96853 0.00000 0.03147 ( 1)  3.357  0.031
 278 Q   0.97843 0.00000 0.02157 ( 1)  2.436  0.022
 279 Q   0.97843 0.00000 0.02157 ( 1)  2.436  0.022
 280 K   0.97681 0.00000 0.02319 ( 1)  2.586  0.023
 281 Q   0.96853 0.00000 0.03147 ( 1)  3.357  0.031
 282 Q   0.96853 0.00000 0.03147 ( 1)  3.357  0.031
 283 Q   0.96853 0.00000 0.03147 ( 1)  3.357  0.031
 284 Q   0.96853 0.00000 0.03147 ( 1)  3.357  0.031
 285 Q   0.96853 0.00000 0.03147 ( 1)  3.357  0.031
 286 Q   0.97843 0.00000 0.02157 ( 1)  2.436  0.022
 287 K   0.98449 0.00000 0.01551 ( 1)  1.873  0.016
 288 S   0.99465 0.00000 0.00535 ( 1)  0.928  0.005
 289 Q   0.97843 0.00000 0.02157 ( 1)  2.436  0.022
 290 S   0.99161 0.00000 0.00839 ( 1)  1.210  0.008
 291 K   0.98449 0.00000 0.01551 ( 1)  1.873  0.016
 292 D   0.99103 0.00000 0.00897 ( 1)  1.264  0.009
 293 S   0.98009 0.00000 0.01991 ( 1)  2.281  0.020
 294 S   0.99161 0.00000 0.00839 ( 1)  1.210  0.008
 295 A   0.98282 0.00000 0.01718 ( 1)  2.028  0.017
 296 P   0.97307 0.00000 0.02693 ( 1)  2.934  0.027
 297 P   0.97307 0.00000 0.02693 ( 1)  2.934  0.027
 298 R   0.99160 0.00000 0.00840 ( 1)  1.211  0.008
 299 Q   0.96853 0.00000 0.03147 ( 1)  3.357  0.031
 300 T   0.98440 0.00000 0.01560 ( 1)  1.881  0.016
 301 S   0.99161 0.00000 0.00839 ( 1)  1.210  0.008
 302 T   0.98440 0.00000 0.01560 ( 1)  1.881  0.016
 303 A   0.98282 0.00000 0.01718 ( 1)  2.028  0.017
 304 S   0.99288 0.00000 0.00712 ( 1)  1.092  0.007
 305 E   0.97379 0.00000 0.02621 ( 1)  2.867  0.026
 306 R   0.98909 0.00000 0.01091 ( 1)  1.445  0.011
 307 S   0.99288 0.00000 0.00712 ( 1)  1.092  0.007
 308 G   0.98900 0.00000 0.01100 ( 1)  1.452  0.011
 309 K   0.98449 0.00000 0.01551 ( 1)  1.873  0.016
 310 S   0.98009 0.00000 0.01991 ( 1)  2.281  0.020
 311 A   0.98611 0.00000 0.01389 ( 1)  1.721  0.014
 312 S   0.99283 0.00000 0.00717 ( 1)  1.097  0.007
 313 A   0.97507 0.00000 0.02493 ( 1)  2.748  0.025
 314 S   0.99161 0.00000 0.00839 ( 1)  1.210  0.008
 315 P   0.97938 0.00000 0.02062 ( 1)  2.347  0.021
 316 V   0.99361 0.00000 0.00639 ( 1)  1.024  0.006
 317 T   0.98488 0.00000 0.01512 ( 1)  1.836  0.015
 318 R   0.98637 0.00000 0.01363 ( 1)  1.698  0.014
 319 T   0.97751 0.00000 0.02249 ( 1)  2.521  0.022
 320 A   0.98282 0.00000 0.01718 ( 1)  2.028  0.017
 321 Q   0.96853 0.00000 0.03147 ( 1)  3.357  0.031
 322 P   0.97307 0.00000 0.02693 ( 1)  2.934  0.027
 323 G   0.98826 0.00000 0.01174 ( 1)  1.522  0.012
 324 G   0.99089 0.00000 0.00911 ( 1)  1.277  0.009
 325 V   0.99478 0.00000 0.00522 ( 1)  0.915  0.005
 326 S   0.99283 0.00000 0.00717 ( 1)  1.097  0.007
 327 G   0.99089 0.00000 0.00911 ( 1)  1.277  0.009
 328 A   0.98205 0.00000 0.01795 ( 1)  2.099  0.018
 329 V   0.99478 0.00000 0.00522 ( 1)  0.915  0.005
 330 S   0.99283 0.00000 0.00717 ( 1)  1.097  0.007
 331 G   0.99089 0.00000 0.00911 ( 1)  1.277  0.009
 332 G   0.99089 0.00000 0.00911 ( 1)  1.277  0.009
 333 N   0.98531 0.00000 0.01469 ( 1)  1.796  0.015
 334 R   0.98414 0.00000 0.01586 ( 1)  1.905  0.016
 335 S   0.99283 0.00000 0.00717 ( 1)  1.097  0.007
 336 A   0.98282 0.00000 0.01718 ( 1)  2.028  0.017
 337 S   0.99161 0.00000 0.00839 ( 1)  1.210  0.008
 338 Q   0.97843 0.00000 0.02157 ( 1)  2.436  0.022
 339 D   0.80273 0.00000 0.19727 ( 1) 18.773  0.197
 340 S   0.98644 0.00000 0.01356 ( 1)  1.691  0.014
 341 A   0.98205 0.00000 0.01795 ( 1)  2.099  0.018
 342 Q   0.96853 0.00000 0.03147 ( 1)  3.357  0.031
 343 S   0.99283 0.00000 0.00717 ( 1)  1.097  0.007
 344 G   0.98826 0.00000 0.01174 ( 1)  1.522  0.012
 345 Y   0.99216 0.00000 0.00784 ( 1)  1.159  0.008
 346 E   0.97379 0.00000 0.02621 ( 1)  2.867  0.026
 347 S   0.99161 0.00000 0.00839 ( 1)  1.210  0.008
 348 A   0.98205 0.00000 0.01795 ( 1)  2.099  0.018
 349 S   0.99161 0.00000 0.00839 ( 1)  1.210  0.008
 350 K   0.98449 0.00000 0.01551 ( 1)  1.873  0.016
 351 S   0.99161 0.00000 0.00839 ( 1)  1.210  0.008
 352 I   0.99576 0.00000 0.00424 ( 1)  0.825  0.004
 353 D   0.98339 0.00000 0.01661 ( 1)  1.974  0.017
 354 R   0.98637 0.00000 0.01363 ( 1)  1.698  0.014
 355 L   0.99212 0.00000 0.00788 ( 1)  1.163  0.008
 356 P   0.97862 0.00000 0.02138 ( 1)  2.418  0.021
 357 R   0.98894 0.00000 0.01106 ( 1)  1.458  0.011
 358 Q   0.96853 0.00000 0.03147 ( 1)  3.357  0.031
 359 S   0.99161 0.00000 0.00839 ( 1)  1.210  0.008
 360 L   0.99237 0.00000 0.00763 ( 1)  1.139  0.008
 361 T   0.97751 0.00000 0.02249 ( 1)  2.521  0.022
 362 D   0.98339 0.00000 0.01661 ( 1)  1.974  0.017
 363 S   0.99283 0.00000 0.00717 ( 1)  1.097  0.007
 364 S   0.99283 0.00000 0.00717 ( 1)  1.097  0.007
 365 G   0.98826 0.00000 0.01174 ( 1)  1.522  0.012
 366 G   0.99089 0.00000 0.00911 ( 1)  1.277  0.009
 367 G   0.99089 0.00000 0.00911 ( 1)  1.277  0.009
 368 S   0.99283 0.00000 0.00717 ( 1)  1.097  0.007
 369 G   0.99089 0.00000 0.00911 ( 1)  1.277  0.009
 370 H   0.98914 0.00000 0.01086 ( 1)  1.440  0.011
 371 R   0.98720 0.00000 0.01280 ( 1)  1.620  0.013
 372 Q   0.97843 0.00000 0.02157 ( 1)  2.436  0.022
 373 R   0.98720 0.00000 0.01280 ( 1)  1.620  0.013
 374 R   0.98637 0.00000 0.01363 ( 1)  1.698  0.014
 375 P   0.97307 0.00000 0.02693 ( 1)  2.934  0.027
 376 T   0.97751 0.00000 0.02249 ( 1)  2.521  0.022
 377 G   0.99089 0.00000 0.00911 ( 1)  1.277  0.009
 378 K   0.98449 0.00000 0.01551 ( 1)  1.873  0.016
 379 L   0.99212 0.00000 0.00788 ( 1)  1.163  0.008
 380 P   0.97938 0.00000 0.02062 ( 1)  2.347  0.021
 381 T   0.97751 0.00000 0.02249 ( 1)  2.521  0.022
 382 P   0.97307 0.00000 0.02693 ( 1)  2.934  0.027
 383 P   0.97307 0.00000 0.02693 ( 1)  2.934  0.027
 384 P   0.97891 0.00000 0.02109 ( 1)  2.391  0.021
 385 Q   0.12165 0.00000 0.87835 ( 3) 82.099  0.878

Positively selected sites

	Prob(w>1)  mean w

    47 H      1.000**       93.381
    48 D      0.941         87.923
    49 A      1.000**       93.398
    50 F      1.000**       93.400
    51 E      0.669         62.589
    52 N      0.997**       93.134
    53 Y      0.994**       92.882
    54 S      1.000**       93.407
    55 G      0.990**       92.490
    56 G      1.000**       93.406
    57 S      0.997**       93.154
    58 F      0.998**       93.263
    59 S      0.997**       93.148
    60 G      1.000**       93.406
    61 P      1.000**       93.398
    62 S      0.999**       93.355
    65 A      0.956*        89.316
    66 A      0.671         62.835
    67 P      0.744         69.574
    68 G      0.630         59.050
    69 G      1.000**       93.405
    70 V      0.627         58.753
    71 S      1.000**       93.403
    72 M      0.989*        92.409
    73 L      1.000**       93.381
    74 G      1.000**       93.401
    75 G      1.000**       93.401
    76 F      0.998**       93.263
    77 P      1.000**       93.395
    78 K      1.000**       93.408
    80 M      0.581         54.411
    81 M      0.991**       92.550
    82 S      0.995**       92.980
    83 G      1.000**       93.401
    84 A      0.993**       92.736
    85 T      1.000**       93.389
    87 E      0.982*        91.718
    88 V      0.972*        90.821
    89 T      1.000**       93.379
    90 T      1.000**       93.380
    91 C      0.998**       93.181
    94 Q      0.990*        92.436
    95 V      1.000**       93.408
    96 C      1.000**       93.391
    97 H      1.000**       93.397
    98 K      1.000**       93.406
    99 V      1.000**       93.397
   101 F      0.997**       93.148
   102 A      0.999**       93.295
   103 E      1.000**       93.409
   104 T      0.967*        90.299
   105 Y      0.994**       92.891
   106 G      1.000**       93.388
   107 H      0.934         87.244
   108 P      0.993**       92.759
   109 C      0.995**       92.933
   110 H      0.982*        91.698
   111 Y      0.972*        90.806
   112 C      0.984*        91.962
   113 K      0.995**       92.927
   114 L      1.000**       93.402
   115 R      0.933         87.187
   116 T      1.000**       93.390
   117 C      0.997**       93.174
   118 A      0.507         47.542
   119 R      0.997**       93.174
   120 C      0.997**       93.167
   121 G      0.986*        92.124
   122 S      0.593         55.541
   123 K      0.999**       93.359
   124 T      0.612         57.331
   125 N      0.543         50.880
   126 I      0.967*        90.320
   127 K      0.540         50.677
   128 P      0.999**       93.311
   129 T      0.991**       92.551
   130 Q      0.981*        91.605
   131 S      0.751         70.240
   132 V      1.000**       93.400
   133 W      0.996**       93.029
   135 C      0.529         49.635
   137 N      0.992**       92.699
   138 C      0.998**       93.215
   142 S      0.533         49.953
   144 K      0.984*        91.960
   145 W      0.990*        92.461
   146 Q      0.578         54.199
   148 E      0.578         54.190
   149 E      0.979*        91.454
   150 Q      0.580         54.367
   153 Q      0.580         54.367
   159 K      0.577         54.048
   161 Q      0.937         87.511
   162 E      0.932         87.124
   163 E      0.932         87.124
   170 Q      0.618         57.866
   171 Q      0.973*        90.854
   172 E      0.621         58.171
   173 E      0.578         54.190
   174 A      0.988*        92.312
   176 R      1.000**       93.400
   177 S      1.000**       93.376
   178 A      1.000**       93.400
   179 E      1.000**       93.387
   180 E      0.988*        92.293
   181 A      0.674         63.068
   183 E      0.946         88.376
   185 T      0.999**       93.312
   186 R      0.979*        91.498
   187 E      0.999**       93.306
   189 E      0.855         79.896
   271 K      0.880         82.278
   385 Q      0.878         82.099


lnL = -2314.132342

Bayes Empirical Bayes (BEB) probabilities for 3 classes (class) & postmean_w
(amino acids refer to 1st sequence: Mlig.10772)

   1 M   0.75803 0.08078 0.16119 ( 1)  1.841 +-  3.804
   2 F   0.56726 0.06674 0.36600 ( 1)  3.960 +-  4.974
   3 G   0.71504 0.07801 0.20695 ( 1)  2.315 +-  4.189
   4 K   0.73929 0.07872 0.18200 ( 1)  2.056 +-  3.991
   5 V   0.74816 0.08021 0.17163 ( 1)  1.949 +-  3.900
   6 F   0.63128 0.07230 0.29642 ( 1)  3.241 +-  4.717
   7 D   0.79096 0.07988 0.12916 ( 1)  1.507 +-  3.473
   8 W   0.69940 0.07732 0.22329 ( 1)  2.484 +-  4.305
   9 A   0.59942 0.06948 0.33110 ( 1)  3.599 +-  4.860
  10 K   0.79086 0.07834 0.13080 ( 1)  1.522 +-  3.492
  11 Q   0.76803 0.07726 0.15470 ( 1)  1.770 +-  3.743
  12 V   0.74816 0.08021 0.17163 ( 1)  1.949 +-  3.900
  13 T   0.66648 0.07473 0.25880 ( 1)  2.852 +-  4.526
  14 D   0.73744 0.07941 0.18315 ( 1)  2.068 +-  4.000
  15 Q   0.76803 0.07726 0.15470 ( 1)  1.770 +-  3.743
  16 V   0.74816 0.08021 0.17163 ( 1)  1.949 +-  3.900
  17 S   0.58608 0.06839 0.34553 ( 1)  3.749 +-  4.911
  18 N   0.79085 0.08030 0.12885 ( 1)  1.504 +-  3.469
  19 Q   0.72858 0.07786 0.19355 ( 1)  2.175 +-  4.086
  20 A   0.69185 0.07635 0.23180 ( 1)  2.572 +-  4.362
  21 G   0.71504 0.07801 0.20695 ( 1)  2.315 +-  4.189
  22 T   0.69019 0.07633 0.23348 ( 1)  2.589 +-  4.373
  23 A   0.69185 0.07635 0.23180 ( 1)  2.572 +-  4.362
  24 I   0.68522 0.07642 0.23836 ( 1)  2.640 +-  4.404
  25 R   0.76490 0.08024 0.15486 ( 1)  1.774 +-  3.743
  26 G   0.71504 0.07801 0.20695 ( 1)  2.315 +-  4.189
  27 I   0.68522 0.07642 0.23836 ( 1)  2.640 +-  4.404
  28 Q   0.76803 0.07726 0.15470 ( 1)  1.770 +-  3.743
  29 G   0.71504 0.07801 0.20695 ( 1)  2.315 +-  4.189
  30 E   0.78627 0.07771 0.13603 ( 1)  1.576 +-  3.550
  31 I   0.68522 0.07642 0.23836 ( 1)  2.640 +-  4.404
  32 S   0.74669 0.07995 0.17337 ( 1)  1.967 +-  3.916
  33 S   0.66137 0.07463 0.26400 ( 1)  2.906 +-  4.555
  34 R   0.76200 0.07934 0.15865 ( 1)  1.813 +-  3.780
  35 Q   0.76803 0.07726 0.15470 ( 1)  1.770 +-  3.743
  36 Q   0.76803 0.07726 0.15470 ( 1)  1.770 +-  3.743
  37 Q   0.76803 0.07726 0.15470 ( 1)  1.770 +-  3.743
  38 Q   0.76803 0.07726 0.15470 ( 1)  1.770 +-  3.743
  39 Q   0.76803 0.07726 0.15470 ( 1)  1.770 +-  3.743
  40 Q   0.76803 0.07726 0.15470 ( 1)  1.770 +-  3.743
  41 Q   0.63275 0.06628 0.30097 ( 1)  3.283 +-  4.741
  42 Q   0.63275 0.06628 0.30097 ( 1)  3.283 +-  4.741
  43 Q   0.72858 0.07786 0.19355 ( 1)  2.175 +-  4.086
  44 Q   0.72858 0.07786 0.19355 ( 1)  2.175 +-  4.086
  45 Q   0.72858 0.07786 0.19355 ( 1)  2.175 +-  4.086
  46 G   0.03610 0.04228 0.92162 ( 3)  9.724 +-  2.662
  47 H   0.00023 0.00196 0.99780 ( 3) 10.479 +-  0.449
  48 D   0.01725 0.02077 0.96198 ( 3) 10.124 +-  1.893
  49 A   0.00003 0.00049 0.99948 ( 3) 10.495 +-  0.219
  50 F   0.00015 0.00124 0.99861 ( 3) 10.486 +-  0.357
  51 E   0.02310 0.02831 0.94859 ( 3)  9.991 +-  2.185
  52 N   0.00027 0.00231 0.99742 ( 3) 10.475 +-  0.487
  53 Y   0.00036 0.00301 0.99663 ( 3) 10.467 +-  0.556
  54 S   0.00003 0.00035 0.99962 ( 3) 10.496 +-  0.187
  55 G   0.00036 0.00301 0.99663 ( 3) 10.467 +-  0.556
  56 G   0.00010 0.00091 0.99899 ( 3) 10.490 +-  0.305
  57 S   0.00022 0.00189 0.99789 ( 3) 10.479 +-  0.440
  58 F   0.00019 0.00166 0.99815 ( 3) 10.482 +-  0.412
  59 S   0.00023 0.00196 0.99781 ( 3) 10.479 +-  0.448
  60 G   0.00014 0.00123 0.99863 ( 3) 10.486 +-  0.355
  61 P   0.00005 0.00050 0.99945 ( 3) 10.494 +-  0.226
  62 S   0.00017 0.00149 0.99834 ( 3) 10.484 +-  0.390
  63 S   0.02930 0.03522 0.93548 ( 3)  9.862 +-  2.432
  64 S   0.63010 0.07200 0.29790 ( 1)  3.256 +-  4.724
  65 A   0.01843 0.02323 0.95833 ( 3) 10.088 +-  1.976
  66 A   0.01772 0.02243 0.95985 ( 3) 10.103 +-  1.941
  67 P   0.01815 0.02286 0.95899 ( 3) 10.094 +-  1.961
  68 G   0.02065 0.02583 0.95352 ( 3) 10.040 +-  2.082
  69 G   0.00009 0.00079 0.99912 ( 3) 10.491 +-  0.284
  70 V   0.01843 0.02337 0.95820 ( 3) 10.087 +-  1.979
  71 S   0.00011 0.00095 0.99895 ( 3) 10.489 +-  0.312
  72 M   0.00377 0.00669 0.98955 ( 3) 10.397 +-  0.998
  73 L   0.00026 0.00176 0.99798 ( 3) 10.480 +-  0.432
  74 G   0.00003 0.00039 0.99957 ( 3) 10.495 +-  0.199
  75 G   0.00015 0.00130 0.99856 ( 3) 10.486 +-  0.364
  76 F   0.00019 0.00166 0.99815 ( 3) 10.482 +-  0.412
  77 P   0.00018 0.00158 0.99823 ( 3) 10.483 +-  0.403
  78 K   0.00001 0.00021 0.99978 ( 3) 10.498 +-  0.141
  79 P   0.68291 0.07354 0.24355 ( 1)  2.692 +-  4.437
  80 M   0.03242 0.03818 0.92940 ( 3)  9.801 +-  2.537
  81 M   0.00040 0.00325 0.99635 ( 3) 10.465 +-  0.578
  82 S   0.00034 0.00289 0.99677 ( 3) 10.469 +-  0.545
  83 G   0.00003 0.00039 0.99957 ( 3) 10.495 +-  0.199
  84 A   0.00031 0.00261 0.99709 ( 3) 10.472 +-  0.517
  85 T   0.00008 0.00078 0.99913 ( 3) 10.491 +-  0.283
  86 A   0.69185 0.07635 0.23180 ( 1)  2.572 +-  4.362
  87 E   0.00060 0.00470 0.99470 ( 3) 10.449 +-  0.696
  88 V   0.01657 0.02019 0.96323 ( 3) 10.136 +-  1.862
  89 T   0.00005 0.00073 0.99921 ( 3) 10.492 +-  0.269
  90 T   0.00016 0.00140 0.99843 ( 3) 10.485 +-  0.379
  91 C   0.00022 0.00189 0.99790 ( 3) 10.479 +-  0.439
  92 T   0.68895 0.07447 0.23658 ( 1)  2.620 +-  4.393
  93 C   0.60537 0.06890 0.32573 ( 1)  3.543 +-  4.841
  94 Q   0.00047 0.00376 0.99577 ( 3) 10.459 +-  0.623
  95 V   0.00002 0.00026 0.99973 ( 3) 10.497 +-  0.159
  96 C   0.00003 0.00050 0.99948 ( 3) 10.495 +-  0.219
  97 H   0.00001 0.00043 0.99956 ( 3) 10.495 +-  0.201
  98 K   0.00001 0.00025 0.99974 ( 3) 10.497 +-  0.154
  99 V   0.00001 0.00043 0.99956 ( 3) 10.495 +-  0.201
 100 K   0.73929 0.07872 0.18200 ( 1)  2.056 +-  3.991
 101 F   0.00135 0.00343 0.99522 ( 3) 10.453 +-  0.672
 102 A   0.00034 0.00269 0.99697 ( 3) 10.471 +-  0.527
 103 E   0.00001 0.00021 0.99978 ( 3) 10.498 +-  0.142
 104 T   0.02247 0.02709 0.95044 ( 3) 10.010 +-  2.148
 105 Y   0.00038 0.00316 0.99646 ( 3) 10.466 +-  0.570
 106 G   0.00009 0.00084 0.99907 ( 3) 10.491 +-  0.293
 107 H   0.01628 0.01945 0.96427 ( 3) 10.146 +-  1.838
 108 P   0.00033 0.00279 0.99687 ( 3) 10.470 +-  0.535
 109 C   0.00029 0.00244 0.99727 ( 3) 10.473 +-  0.500
 110 H   0.00209 0.00647 0.99144 ( 3) 10.416 +-  0.895
 111 Y   0.01873 0.02329 0.95798 ( 3) 10.084 +-  1.984
 112 C   0.00047 0.00383 0.99570 ( 3) 10.458 +-  0.628
 113 K   0.00035 0.00292 0.99673 ( 3) 10.468 +-  0.548
 114 L   0.00004 0.00044 0.99952 ( 3) 10.495 +-  0.212
 115 R   0.02065 0.02439 0.95496 ( 3) 10.054 +-  2.054
 116 T   0.00015 0.00125 0.99860 ( 3) 10.486 +-  0.359
 117 C   0.00035 0.00274 0.99691 ( 3) 10.470 +-  0.533
 118 A   0.02314 0.02852 0.94834 ( 3)  9.989 +-  2.190
 119 R   0.00035 0.00274 0.99691 ( 3) 10.470 +-  0.533
 120 C   0.00022 0.00189 0.99790 ( 3) 10.479 +-  0.440
 121 G   0.00256 0.00551 0.99193 ( 3) 10.421 +-  0.875
 122 S   0.02205 0.02732 0.95063 ( 3) 10.012 +-  2.143
 123 K   0.00005 0.00074 0.99921 ( 3) 10.492 +-  0.269
 124 T   0.02288 0.02831 0.94881 ( 3)  9.994 +-  2.180
 125 N   0.04912 0.05481 0.89607 ( 3)  9.470 +-  3.026
 126 I   0.01552 0.01975 0.96473 ( 3) 10.151 +-  1.823
 127 K   0.03995 0.04611 0.91393 ( 3)  9.648 +-  2.779
 128 P   0.00019 0.00169 0.99811 ( 3) 10.481 +-  0.416
 129 T   0.00239 0.00513 0.99248 ( 3) 10.426 +-  0.845
 130 Q   0.00452 0.00793 0.98755 ( 3) 10.377 +-  1.089
 131 S   0.01547 0.01986 0.96467 ( 3) 10.151 +-  1.825
 132 V   0.00002 0.00045 0.99953 ( 3) 10.495 +-  0.207
 133 W   0.00035 0.00293 0.99672 ( 3) 10.468 +-  0.548
 134 I   0.02197 0.02725 0.95079 ( 3) 10.013 +-  2.140
 135 C   0.02451 0.03016 0.94532 ( 3)  9.959 +-  2.249
 136 V   0.02196 0.02725 0.95079 ( 3) 10.013 +-  2.140
 137 N   0.00034 0.00287 0.99679 ( 3) 10.469 +-  0.543
 138 C   0.00020 0.00176 0.99803 ( 3) 10.481 +-  0.425
 139 S   0.03908 0.04546 0.91546 ( 3)  9.663 +-  2.756
 140 R   0.65342 0.07090 0.27568 ( 1)  3.024 +-  4.618
 141 D   0.79096 0.07988 0.12916 ( 1)  1.507 +-  3.473
 142 S   0.02760 0.03343 0.93898 ( 3)  9.896 +-  2.369
 143 G   0.03610 0.04228 0.92162 ( 3)  9.724 +-  2.662
 144 K   0.00069 0.00537 0.99393 ( 3) 10.441 +-  0.745
 145 W   0.00480 0.00738 0.98783 ( 3) 10.380 +-  1.080
 146 Q   0.03953 0.04534 0.91513 ( 3)  9.659 +-  2.762
 147 R   0.03100 0.03706 0.93194 ( 3)  9.826 +-  2.493
 148 E   0.03970 0.04532 0.91497 ( 3)  9.658 +-  2.764
 149 E   0.00067 0.00525 0.99408 ( 3) 10.443 +-  0.736
 150 Q   0.03967 0.04529 0.91504 ( 3)  9.658 +-  2.763
 151 E   0.78627 0.07771 0.13603 ( 1)  1.576 +-  3.550
 152 Q   0.76803 0.07726 0.15470 ( 1)  1.770 +-  3.743
 153 Q   0.03967 0.04529 0.91504 ( 3)  9.658 +-  2.763
 154 Q   0.63275 0.06628 0.30097 ( 1)  3.283 +-  4.741
 155 Q   0.63275 0.06628 0.30097 ( 1)  3.283 +-  4.741
 156 Q   0.72858 0.07786 0.19355 ( 1)  2.175 +-  4.086
 157 Q   0.63335 0.06633 0.30032 ( 1)  3.276 +-  4.738
 158 Q   0.72858 0.07786 0.19355 ( 1)  2.175 +-  4.086
 159 K   0.03956 0.04537 0.91508 ( 3)  9.659 +-  2.762
 160 Q   0.72858 0.07786 0.19355 ( 1)  2.175 +-  4.086
 161 Q   0.01774 0.02098 0.96128 ( 3) 10.117 +-  1.910
 162 E   0.01806 0.02126 0.96069 ( 3) 10.111 +-  1.924
 163 E   0.01806 0.02126 0.96069 ( 3) 10.111 +-  1.924
 164 E   0.78627 0.07771 0.13603 ( 1)  1.576 +-  3.550
 165 E   0.78627 0.07771 0.13603 ( 1)  1.576 +-  3.550
 166 K   0.05251 0.05836 0.88913 ( 3)  9.401 +-  3.114
 167 K   0.05251 0.05836 0.88913 ( 3)  9.401 +-  3.114
 168 K   0.66406 0.06872 0.26722 ( 1)  2.934 +-  4.575
 169 R   0.04387 0.05002 0.90611 ( 3)  9.570 +-  2.891
 170 Q   0.02749 0.03318 0.93933 ( 3)  9.900 +-  2.363
 171 Q   0.00245 0.00614 0.99141 ( 3) 10.416 +-  0.900
 172 E   0.02793 0.03359 0.93848 ( 3)  9.891 +-  2.378
 173 E   0.03970 0.04532 0.91497 ( 3)  9.658 +-  2.764
 174 A   0.00194 0.00546 0.99260 ( 3) 10.428 +-  0.834
 175 E   0.78627 0.07771 0.13603 ( 1)  1.576 +-  3.550
 176 R   0.00004 0.00046 0.99950 ( 3) 10.495 +-  0.214
 177 S   0.00002 0.00059 0.99939 ( 3) 10.494 +-  0.237
 178 A   0.00004 0.00046 0.99950 ( 3) 10.495 +-  0.214
 179 E   0.00002 0.00046 0.99952 ( 3) 10.495 +-  0.209
 180 E   0.00194 0.00547 0.99259 ( 3) 10.428 +-  0.834
 181 A   0.02304 0.02824 0.94871 ( 3)  9.993 +-  2.182
 182 E   0.73978 0.07852 0.18171 ( 1)  2.052 +-  3.988
 183 E   0.02203 0.02628 0.95170 ( 3) 10.022 +-  2.123
 184 E   0.66062 0.06822 0.27116 ( 1)  2.974 +-  4.596
 185 T   0.00035 0.00280 0.99686 ( 3) 10.469 +-  0.537
 186 R   0.00067 0.00523 0.99409 ( 3) 10.443 +-  0.735
 187 E   0.00035 0.00281 0.99684 ( 3) 10.469 +-  0.539
 188 Q   0.04251 0.04872 0.90877 ( 3)  9.596 +-  2.854
 189 E   0.04375 0.04811 0.90814 ( 3)  9.589 +-  2.865
 190 Q   0.76803 0.07726 0.15470 ( 1)  1.770 +-  3.743
 191 E   0.78627 0.07771 0.13603 ( 1)  1.576 +-  3.550
 192 Q   0.76803 0.07726 0.15470 ( 1)  1.770 +-  3.743
 193 Q   0.76803 0.07726 0.15470 ( 1)  1.770 +-  3.743
 194 Q   0.76803 0.07726 0.15470 ( 1)  1.770 +-  3.743
 195 E   0.78627 0.07771 0.13603 ( 1)  1.576 +-  3.550
 196 Q   0.76803 0.07726 0.15470 ( 1)  1.770 +-  3.743
 197 E   0.78627 0.07771 0.13603 ( 1)  1.576 +-  3.550
 198 Q   0.76803 0.07726 0.15470 ( 1)  1.770 +-  3.743
 199 T   0.66648 0.07473 0.25880 ( 1)  2.852 +-  4.526
 200 K   0.73929 0.07872 0.18200 ( 1)  2.056 +-  3.991
 201 E   0.78627 0.07771 0.13603 ( 1)  1.576 +-  3.550
 202 D   0.79096 0.07988 0.12916 ( 1)  1.507 +-  3.473
 203 T   0.59757 0.06934 0.33309 ( 1)  3.620 +-  4.867
 204 A   0.59942 0.06948 0.33110 ( 1)  3.599 +-  4.860
 205 P   0.59978 0.06950 0.33073 ( 1)  3.596 +-  4.859
 206 K   0.73929 0.07872 0.18200 ( 1)  2.056 +-  3.991
 207 E   0.73978 0.07852 0.18171 ( 1)  2.052 +-  3.988
 208 D   0.73744 0.07941 0.18315 ( 1)  2.068 +-  4.000
 209 S   0.71384 0.07805 0.20811 ( 1)  2.327 +-  4.197
 210 S   0.62211 0.07143 0.30646 ( 1)  3.345 +-  4.762
 211 E   0.73978 0.07852 0.18171 ( 1)  2.052 +-  3.988
 212 K   0.79086 0.07834 0.13080 ( 1)  1.522 +-  3.492
 213 Q   0.72858 0.07786 0.19355 ( 1)  2.175 +-  4.086
 214 K   0.79086 0.07834 0.13080 ( 1)  1.522 +-  3.492
 215 Q   0.72858 0.07786 0.19355 ( 1)  2.175 +-  4.086
 216 Q   0.72858 0.07786 0.19355 ( 1)  2.175 +-  4.086
 217 Q   0.72858 0.07786 0.19355 ( 1)  2.175 +-  4.086
 218 Q   0.76803 0.07726 0.15470 ( 1)  1.770 +-  3.743
 219 Q   0.72858 0.07786 0.19355 ( 1)  2.175 +-  4.086
 220 Q   0.72858 0.07786 0.19355 ( 1)  2.175 +-  4.086
 221 K   0.02666 0.03233 0.94102 ( 3)  9.916 +-  2.332
 222 P   0.66721 0.07462 0.25816 ( 1)  2.845 +-  4.522
 223 K   0.79086 0.07834 0.13080 ( 1)  1.522 +-  3.492
 224 Q   0.72858 0.07786 0.19355 ( 1)  2.175 +-  4.086
 225 K   0.73929 0.07872 0.18200 ( 1)  2.056 +-  3.991
 226 P   0.74598 0.07850 0.17552 ( 1)  1.988 +-  3.935
 227 A   0.69185 0.07635 0.23180 ( 1)  2.572 +-  4.362
 228 G   0.61296 0.07067 0.31638 ( 1)  3.447 +-  4.803
 229 Q   0.76803 0.07726 0.15470 ( 1)  1.770 +-  3.743
 230 N   0.79085 0.08030 0.12885 ( 1)  1.504 +-  3.469
 231 P   0.74598 0.07850 0.17552 ( 1)  1.988 +-  3.935
 232 P   0.74598 0.07850 0.17552 ( 1)  1.988 +-  3.935
 233 L   0.75589 0.08044 0.16367 ( 1)  1.866 +-  3.828
 234 K   0.79086 0.07834 0.13080 ( 1)  1.522 +-  3.492
 235 Q   0.76803 0.07726 0.15470 ( 1)  1.770 +-  3.743
 236 Q   0.72858 0.07786 0.19355 ( 1)  2.175 +-  4.086
 237 Q   0.72858 0.07786 0.19355 ( 1)  2.175 +-  4.086
 238 Q   0.76803 0.07726 0.15470 ( 1)  1.770 +-  3.743
 239 Q   0.76803 0.07726 0.15470 ( 1)  1.770 +-  3.743
 240 R   0.66599 0.07463 0.25938 ( 1)  2.858 +-  4.529
 241 L   0.75589 0.08044 0.16367 ( 1)  1.866 +-  3.828
 242 P   0.66721 0.07462 0.25816 ( 1)  2.845 +-  4.522
 243 T   0.59757 0.06934 0.33309 ( 1)  3.620 +-  4.867
 244 E   0.73978 0.07852 0.18171 ( 1)  2.052 +-  3.988
 245 S   0.58608 0.06839 0.34553 ( 1)  3.749 +-  4.911
 246 V   0.68142 0.07610 0.24248 ( 1)  2.683 +-  4.429
 247 D   0.79096 0.07988 0.12916 ( 1)  1.507 +-  3.473
 248 K   0.79086 0.07834 0.13080 ( 1)  1.522 +-  3.492
 249 P   0.74598 0.07850 0.17552 ( 1)  1.988 +-  3.935
 250 P   0.69083 0.07618 0.23299 ( 1)  2.584 +-  4.370
 251 V   0.74816 0.08021 0.17163 ( 1)  1.949 +-  3.900
 252 K   0.79086 0.07834 0.13080 ( 1)  1.522 +-  3.492
 253 Q   0.76803 0.07726 0.15470 ( 1)  1.770 +-  3.743
 254 P   0.74598 0.07850 0.17552 ( 1)  1.988 +-  3.935
 255 A   0.66832 0.07480 0.25688 ( 1)  2.832 +-  4.515
 256 K   0.79086 0.07834 0.13080 ( 1)  1.522 +-  3.492
 257 Q   0.76803 0.07726 0.15470 ( 1)  1.770 +-  3.743
 258 Q   0.76803 0.07726 0.15470 ( 1)  1.770 +-  3.743
 259 P   0.66706 0.07461 0.25833 ( 1)  2.847 +-  4.523
 260 K   0.73929 0.07872 0.18200 ( 1)  2.056 +-  3.991
 261 Q   0.76803 0.07726 0.15470 ( 1)  1.770 +-  3.743
 262 Q   0.76803 0.07726 0.15470 ( 1)  1.770 +-  3.743
 263 Q   0.76803 0.07726 0.15470 ( 1)  1.770 +-  3.743
 264 Q   0.72858 0.07786 0.19355 ( 1)  2.175 +-  4.086
 265 K   0.79086 0.07834 0.13080 ( 1)  1.522 +-  3.492
 266 Q   0.76803 0.07726 0.15470 ( 1)  1.770 +-  3.743
 267 Q   0.72858 0.07786 0.19355 ( 1)  2.175 +-  4.086
 268 Q   0.76803 0.07726 0.15470 ( 1)  1.770 +-  3.743
 269 Q   0.76803 0.07726 0.15470 ( 1)  1.770 +-  3.743
 270 Q   0.72858 0.07786 0.19355 ( 1)  2.175 +-  4.086
 271 K   0.04524 0.04986 0.90490 ( 3)  9.557 +-  2.910
 272 Q   0.76803 0.07726 0.15470 ( 1)  1.770 +-  3.743
 273 Q   0.72858 0.07786 0.19355 ( 1)  2.175 +-  4.086
 274 Q   0.72858 0.07786 0.19355 ( 1)  2.175 +-  4.086
 275 K   0.79086 0.07834 0.13080 ( 1)  1.522 +-  3.492
 276 Q   0.76803 0.07726 0.15470 ( 1)  1.770 +-  3.743
 277 Q   0.76803 0.07726 0.15470 ( 1)  1.770 +-  3.743
 278 Q   0.72858 0.07786 0.19355 ( 1)  2.175 +-  4.086
 279 Q   0.72858 0.07786 0.19355 ( 1)  2.175 +-  4.086
 280 K   0.79086 0.07834 0.13080 ( 1)  1.522 +-  3.492
 281 Q   0.76803 0.07726 0.15470 ( 1)  1.770 +-  3.743
 282 Q   0.76803 0.07726 0.15470 ( 1)  1.770 +-  3.743
 283 Q   0.76803 0.07726 0.15470 ( 1)  1.770 +-  3.743
 284 Q   0.76803 0.07726 0.15470 ( 1)  1.770 +-  3.743
 285 Q   0.76803 0.07726 0.15470 ( 1)  1.770 +-  3.743
 286 Q   0.72858 0.07786 0.19355 ( 1)  2.175 +-  4.086
 287 K   0.73929 0.07872 0.18200 ( 1)  2.056 +-  3.991
 288 S   0.66137 0.07463 0.26400 ( 1)  2.906 +-  4.555
 289 Q   0.72858 0.07786 0.19355 ( 1)  2.175 +-  4.086
 290 S   0.71384 0.07805 0.20811 ( 1)  2.327 +-  4.197
 291 K   0.73929 0.07872 0.18200 ( 1)  2.056 +-  3.991
 292 D   0.73744 0.07941 0.18315 ( 1)  2.068 +-  4.000
 293 S   0.58608 0.06839 0.34553 ( 1)  3.749 +-  4.911
 294 S   0.71384 0.07805 0.20811 ( 1)  2.327 +-  4.197
 295 A   0.75068 0.07909 0.17023 ( 1)  1.933 +-  3.888
 296 P   0.59978 0.06950 0.33073 ( 1)  3.596 +-  4.859
 297 P   0.59978 0.06950 0.33073 ( 1)  3.596 +-  4.859
 298 R   0.68116 0.07589 0.24296 ( 1)  2.688 +-  4.432
 299 Q   0.76803 0.07726 0.15470 ( 1)  1.770 +-  3.743
 300 T   0.66648 0.07473 0.25880 ( 1)  2.852 +-  4.526
 301 S   0.71384 0.07805 0.20811 ( 1)  2.327 +-  4.197
 302 T   0.66648 0.07473 0.25880 ( 1)  2.852 +-  4.526
 303 A   0.75068 0.07909 0.17023 ( 1)  1.933 +-  3.888
 304 S   0.67596 0.07564 0.24840 ( 1)  2.744 +-  4.465
 305 E   0.78627 0.07771 0.13603 ( 1)  1.576 +-  3.550
 306 R   0.72200 0.07826 0.19974 ( 1)  2.240 +-  4.134
 307 S   0.67596 0.07564 0.24840 ( 1)  2.744 +-  4.465
 308 G   0.68105 0.07580 0.24315 ( 1)  2.690 +-  4.433
 309 K   0.73929 0.07872 0.18200 ( 1)  2.056 +-  3.991
 310 S   0.58608 0.06839 0.34553 ( 1)  3.749 +-  4.911
 311 A   0.69185 0.07635 0.23180 ( 1)  2.572 +-  4.362
 312 S   0.74669 0.07995 0.17337 ( 1)  1.967 +-  3.916
 313 A   0.59942 0.06948 0.33110 ( 1)  3.599 +-  4.860
 314 S   0.71384 0.07805 0.20811 ( 1)  2.327 +-  4.197
 315 P   0.74598 0.07850 0.17552 ( 1)  1.988 +-  3.935
 316 V   0.74816 0.08021 0.17163 ( 1)  1.949 +-  3.900
 317 T   0.75046 0.07931 0.17023 ( 1)  1.934 +-  3.888
 318 R   0.66599 0.07463 0.25938 ( 1)  2.858 +-  4.529
 319 T   0.59757 0.06934 0.33309 ( 1)  3.620 +-  4.867
 320 A   0.75068 0.07909 0.17023 ( 1)  1.933 +-  3.888
 321 Q   0.76803 0.07726 0.15470 ( 1)  1.770 +-  3.743
 322 P   0.59978 0.06950 0.33073 ( 1)  3.596 +-  4.859
 323 G   0.61296 0.07067 0.31638 ( 1)  3.447 +-  4.803
 324 G   0.71504 0.07801 0.20695 ( 1)  2.315 +-  4.189
 325 V   0.68142 0.07610 0.24248 ( 1)  2.683 +-  4.429
 326 S   0.74669 0.07995 0.17337 ( 1)  1.967 +-  3.916
 327 G   0.71504 0.07801 0.20695 ( 1)  2.315 +-  4.189
 328 A   0.66832 0.07480 0.25688 ( 1)  2.832 +-  4.515
 329 V   0.68142 0.07610 0.24248 ( 1)  2.683 +-  4.429
 330 S   0.74669 0.07995 0.17337 ( 1)  1.967 +-  3.916
 331 G   0.71504 0.07801 0.20695 ( 1)  2.315 +-  4.189
 332 G   0.71504 0.07801 0.20695 ( 1)  2.315 +-  4.189
 333 N   0.79085 0.08030 0.12885 ( 1)  1.504 +-  3.469
 334 R   0.76200 0.07934 0.15865 ( 1)  1.813 +-  3.780
 335 S   0.74669 0.07995 0.17337 ( 1)  1.967 +-  3.916
 336 A   0.75068 0.07909 0.17023 ( 1)  1.933 +-  3.888
 337 S   0.71384 0.07805 0.20811 ( 1)  2.327 +-  4.197
 338 Q   0.72858 0.07786 0.19355 ( 1)  2.175 +-  4.086
 339 D   0.60693 0.06417 0.32890 ( 1)  3.572 +-  4.855
 340 S   0.62211 0.07143 0.30646 ( 1)  3.345 +-  4.762
 341 A   0.66832 0.07480 0.25688 ( 1)  2.832 +-  4.515
 342 Q   0.76803 0.07726 0.15470 ( 1)  1.770 +-  3.743
 343 S   0.74669 0.07995 0.17337 ( 1)  1.967 +-  3.916
 344 G   0.61296 0.07067 0.31638 ( 1)  3.447 +-  4.803
 345 Y   0.74431 0.07975 0.17594 ( 1)  1.993 +-  3.938
 346 E   0.78627 0.07771 0.13603 ( 1)  1.576 +-  3.550
 347 S   0.71384 0.07805 0.20811 ( 1)  2.327 +-  4.197
 348 A   0.66832 0.07480 0.25688 ( 1)  2.832 +-  4.515
 349 S   0.71384 0.07805 0.20811 ( 1)  2.327 +-  4.197
 350 K   0.73929 0.07872 0.18200 ( 1)  2.056 +-  3.991
 351 S   0.71384 0.07805 0.20811 ( 1)  2.327 +-  4.197
 352 I   0.68522 0.07642 0.23836 ( 1)  2.640 +-  4.404
 353 D   0.79096 0.07988 0.12916 ( 1)  1.507 +-  3.473
 354 R   0.66599 0.07463 0.25938 ( 1)  2.858 +-  4.529
 355 L   0.60265 0.06985 0.32750 ( 1)  3.562 +-  4.847
 356 P   0.66721 0.07462 0.25816 ( 1)  2.845 +-  4.522
 357 R   0.76490 0.08024 0.15486 ( 1)  1.774 +-  3.743
 358 Q   0.76803 0.07726 0.15470 ( 1)  1.770 +-  3.743
 359 S   0.71384 0.07805 0.20811 ( 1)  2.327 +-  4.197
 360 L   0.75589 0.08044 0.16367 ( 1)  1.866 +-  3.828
 361 T   0.59757 0.06934 0.33309 ( 1)  3.620 +-  4.867
 362 D   0.79096 0.07988 0.12916 ( 1)  1.507 +-  3.473
 363 S   0.74669 0.07995 0.17337 ( 1)  1.967 +-  3.916
 364 S   0.74669 0.07995 0.17337 ( 1)  1.967 +-  3.916
 365 G   0.61296 0.07067 0.31638 ( 1)  3.447 +-  4.803
 366 G   0.71504 0.07801 0.20695 ( 1)  2.315 +-  4.189
 367 G   0.71504 0.07801 0.20695 ( 1)  2.315 +-  4.189
 368 S   0.74669 0.07995 0.17337 ( 1)  1.967 +-  3.916
 369 G   0.71504 0.07801 0.20695 ( 1)  2.315 +-  4.189
 370 H   0.74652 0.07971 0.17377 ( 1)  1.971 +-  3.919
 371 R   0.61921 0.07117 0.30963 ( 1)  3.377 +-  4.776
 372 Q   0.72858 0.07786 0.19355 ( 1)  2.175 +-  4.086
 373 R   0.61921 0.07117 0.30963 ( 1)  3.377 +-  4.776
 374 R   0.66599 0.07463 0.25938 ( 1)  2.858 +-  4.529
 375 P   0.59978 0.06950 0.33073 ( 1)  3.596 +-  4.859
 376 T   0.59757 0.06934 0.33309 ( 1)  3.620 +-  4.867
 377 G   0.71504 0.07801 0.20695 ( 1)  2.315 +-  4.189
 378 K   0.73929 0.07872 0.18200 ( 1)  2.056 +-  3.991
 379 L   0.60265 0.06985 0.32750 ( 1)  3.562 +-  4.847
 380 P   0.74598 0.07850 0.17552 ( 1)  1.988 +-  3.935
 381 T   0.59757 0.06934 0.33309 ( 1)  3.620 +-  4.867
 382 P   0.59978 0.06950 0.33073 ( 1)  3.596 +-  4.859
 383 P   0.59978 0.06950 0.33073 ( 1)  3.596 +-  4.859
 384 P   0.74565 0.07848 0.17586 ( 1)  1.991 +-  3.938
 385 Q   0.03811 0.04264 0.91925 ( 3)  9.700 +-  2.701

Positively selected sites

	Prob(w>1)  mean w

    46 G      0.922         9.724 +- 2.662
    47 H      0.998**       10.479 +- 0.449
    48 D      0.962*        10.124 +- 1.893
    49 A      0.999**       10.495 +- 0.219
    50 F      0.999**       10.486 +- 0.357
    51 E      0.949         9.991 +- 2.185
    52 N      0.997**       10.475 +- 0.487
    53 Y      0.997**       10.467 +- 0.556
    54 S      1.000**       10.496 +- 0.187
    55 G      0.997**       10.467 +- 0.556
    56 G      0.999**       10.490 +- 0.305
    57 S      0.998**       10.479 +- 0.440
    58 F      0.998**       10.482 +- 0.412
    59 S      0.998**       10.479 +- 0.448
    60 G      0.999**       10.486 +- 0.355
    61 P      0.999**       10.494 +- 0.226
    62 S      0.998**       10.484 +- 0.390
    63 S      0.935         9.862 +- 2.432
    65 A      0.958*        10.088 +- 1.976
    66 A      0.960*        10.103 +- 1.941
    67 P      0.959*        10.094 +- 1.961
    68 G      0.954*        10.040 +- 2.082
    69 G      0.999**       10.491 +- 0.284
    70 V      0.958*        10.087 +- 1.979
    71 S      0.999**       10.489 +- 0.312
    72 M      0.990*        10.397 +- 0.998
    73 L      0.998**       10.480 +- 0.432
    74 G      1.000**       10.495 +- 0.199
    75 G      0.999**       10.486 +- 0.364
    76 F      0.998**       10.482 +- 0.412
    77 P      0.998**       10.483 +- 0.403
    78 K      1.000**       10.498 +- 0.141
    80 M      0.929         9.801 +- 2.537
    81 M      0.996**       10.465 +- 0.578
    82 S      0.997**       10.469 +- 0.545
    83 G      1.000**       10.495 +- 0.199
    84 A      0.997**       10.472 +- 0.517
    85 T      0.999**       10.491 +- 0.283
    87 E      0.995**       10.449 +- 0.696
    88 V      0.963*        10.136 +- 1.862
    89 T      0.999**       10.492 +- 0.269
    90 T      0.998**       10.485 +- 0.379
    91 C      0.998**       10.479 +- 0.439
    94 Q      0.996**       10.459 +- 0.623
    95 V      1.000**       10.497 +- 0.159
    96 C      0.999**       10.495 +- 0.219
    97 H      1.000**       10.495 +- 0.201
    98 K      1.000**       10.497 +- 0.154
    99 V      1.000**       10.495 +- 0.201
   101 F      0.995**       10.453 +- 0.672
   102 A      0.997**       10.471 +- 0.527
   103 E      1.000**       10.498 +- 0.142
   104 T      0.950*        10.010 +- 2.148
   105 Y      0.996**       10.466 +- 0.570
   106 G      0.999**       10.491 +- 0.293
   107 H      0.964*        10.146 +- 1.838
   108 P      0.997**       10.470 +- 0.535
   109 C      0.997**       10.473 +- 0.500
   110 H      0.991**       10.416 +- 0.895
   111 Y      0.958*        10.084 +- 1.984
   112 C      0.996**       10.458 +- 0.628
   113 K      0.997**       10.468 +- 0.548
   114 L      1.000**       10.495 +- 0.212
   115 R      0.955*        10.054 +- 2.054
   116 T      0.999**       10.486 +- 0.359
   117 C      0.997**       10.470 +- 0.533
   118 A      0.948         9.989 +- 2.190
   119 R      0.997**       10.470 +- 0.533
   120 C      0.998**       10.479 +- 0.440
   121 G      0.992**       10.421 +- 0.875
   122 S      0.951*        10.012 +- 2.143
   123 K      0.999**       10.492 +- 0.269
   124 T      0.949         9.994 +- 2.180
   125 N      0.896         9.470 +- 3.026
   126 I      0.965*        10.151 +- 1.823
   127 K      0.914         9.648 +- 2.779
   128 P      0.998**       10.481 +- 0.416
   129 T      0.992**       10.426 +- 0.845
   130 Q      0.988*        10.377 +- 1.089
   131 S      0.965*        10.151 +- 1.825
   132 V      1.000**       10.495 +- 0.207
   133 W      0.997**       10.468 +- 0.548
   134 I      0.951*        10.013 +- 2.140
   135 C      0.945         9.959 +- 2.249
   136 V      0.951*        10.013 +- 2.140
   137 N      0.997**       10.469 +- 0.543
   138 C      0.998**       10.481 +- 0.425
   139 S      0.915         9.663 +- 2.756
   142 S      0.939         9.896 +- 2.369
   143 G      0.922         9.724 +- 2.662
   144 K      0.994**       10.441 +- 0.745
   145 W      0.988*        10.380 +- 1.080
   146 Q      0.915         9.659 +- 2.762
   147 R      0.932         9.826 +- 2.493
   148 E      0.915         9.658 +- 2.764
   149 E      0.994**       10.443 +- 0.736
   150 Q      0.915         9.658 +- 2.763
   153 Q      0.915         9.658 +- 2.763
   159 K      0.915         9.659 +- 2.762
   161 Q      0.961*        10.117 +- 1.910
   162 E      0.961*        10.111 +- 1.924
   163 E      0.961*        10.111 +- 1.924
   166 K      0.889         9.401 +- 3.114
   167 K      0.889         9.401 +- 3.114
   169 R      0.906         9.570 +- 2.891
   170 Q      0.939         9.900 +- 2.363
   171 Q      0.991**       10.416 +- 0.900
   172 E      0.938         9.891 +- 2.378
   173 E      0.915         9.658 +- 2.764
   174 A      0.993**       10.428 +- 0.834
   176 R      1.000**       10.495 +- 0.214
   177 S      0.999**       10.494 +- 0.237
   178 A      1.000**       10.495 +- 0.214
   179 E      1.000**       10.495 +- 0.209
   180 E      0.993**       10.428 +- 0.834
   181 A      0.949         9.993 +- 2.182
   183 E      0.952*        10.022 +- 2.123
   185 T      0.997**       10.469 +- 0.537
   186 R      0.994**       10.443 +- 0.735
   187 E      0.997**       10.469 +- 0.539
   188 Q      0.909         9.596 +- 2.854
   189 E      0.908         9.589 +- 2.865
   221 K      0.941         9.916 +- 2.332
   271 K      0.905         9.557 +- 2.910
   385 Q      0.919         9.700 +- 2.701

