Supplemental results for CODEML (seqf: algn  treef: tree)


dN/dS (w) for site classes (K=9)

p:   0.11633  0.11633  0.11633  0.11633  0.11633  0.11633  0.11633  0.11633  0.06935
w:   0.00000  0.00000  0.00000  0.00000  0.00000  0.00000  0.00000  0.00000 359.87116

Naive Empirical Bayes (NEB) probabilities for 9 classes & postmean_w & P(w>1)
(amino acids refer to 1st sequence: Smed.16526)

   1 M   0.12413 0.12413 0.12413 0.12413 0.12413 0.12413 0.12413 0.12413 0.00693 ( 3)  2.493  0.007
   2 L   0.12041 0.12041 0.12041 0.12041 0.12041 0.12041 0.12041 0.12041 0.03668 ( 6) 13.201  0.037
   3 L   0.12101 0.12101 0.12101 0.12101 0.12101 0.12101 0.12101 0.12101 0.03195 ( 3) 11.497  0.032
   4 I   0.12292 0.12292 0.12292 0.12292 0.12292 0.12292 0.12292 0.12292 0.01662 ( 1)  5.982  0.017
   5 C   0.12312 0.12312 0.12312 0.12312 0.12312 0.12312 0.12312 0.12312 0.01504 ( 1)  5.413  0.015
   6 S   0.12254 0.12254 0.12254 0.12254 0.12254 0.12254 0.12254 0.12254 0.01972 ( 3)  7.095  0.020
   7 I   0.12216 0.12216 0.12216 0.12216 0.12216 0.12216 0.12216 0.12216 0.02275 ( 3)  8.186  0.023
   8 Y   0.12104 0.12104 0.12104 0.12104 0.12104 0.12104 0.12104 0.12104 0.03171 ( 3) 11.413  0.032
   9 N   0.12197 0.12197 0.12197 0.12197 0.12197 0.12197 0.12197 0.12197 0.02428 ( 2)  8.736  0.024
  10 E   0.12211 0.12211 0.12211 0.12211 0.12211 0.12211 0.12211 0.12211 0.02312 ( 5)  8.320  0.023
  11 I   0.12216 0.12216 0.12216 0.12216 0.12216 0.12216 0.12216 0.12216 0.02275 ( 3)  8.186  0.023
  12 P   0.12394 0.12394 0.12394 0.12394 0.12394 0.12394 0.12394 0.12394 0.00846 ( 3)  3.043  0.008
  13 E   0.12211 0.12211 0.12211 0.12211 0.12211 0.12211 0.12211 0.12211 0.02312 ( 5)  8.320  0.023
  14 V   0.12234 0.12234 0.12234 0.12234 0.12234 0.12234 0.12234 0.12234 0.02126 ( 3)  7.652  0.021
  15 P   0.12388 0.12388 0.12388 0.12388 0.12388 0.12388 0.12388 0.12388 0.00897 ( 3)  3.229  0.009
  16 V   0.12234 0.12234 0.12234 0.12234 0.12234 0.12234 0.12234 0.12234 0.02126 ( 3)  7.652  0.021
  17 L   0.12322 0.12322 0.12322 0.12322 0.12322 0.12322 0.12322 0.12322 0.01426 ( 3)  5.133  0.014
  18 N   0.12197 0.12197 0.12197 0.12197 0.12197 0.12197 0.12197 0.12197 0.02428 ( 2)  8.736  0.024
  19 R   0.12354 0.12354 0.12354 0.12354 0.12354 0.12354 0.12354 0.12354 0.01165 ( 5)  4.192  0.012
  20 F   0.12135 0.12135 0.12135 0.12135 0.12135 0.12135 0.12135 0.12135 0.02920 ( 3) 10.507  0.029
  21 S   0.12273 0.12273 0.12273 0.12273 0.12273 0.12273 0.12273 0.12273 0.01820 ( 3)  6.548  0.018
  22 E   0.00000 0.00000 0.00000 0.00000 0.00000 0.00000 0.00000 0.00000 1.00000 ( 9) 359.871  1.000
  23 H   0.12306 0.12306 0.12306 0.12306 0.12306 0.12306 0.12306 0.12306 0.01550 ( 3)  5.577  0.015
  24 A   0.12342 0.12342 0.12342 0.12342 0.12342 0.12342 0.12342 0.12342 0.01260 ( 3)  4.535  0.013
  25 Y   0.12104 0.12104 0.12104 0.12104 0.12104 0.12104 0.12104 0.12104 0.03171 ( 3) 11.413  0.032
  26 E   0.12211 0.12211 0.12211 0.12211 0.12211 0.12211 0.12211 0.12211 0.02312 ( 5)  8.320  0.023
  27 K   0.00000 0.00000 0.00000 0.00000 0.00000 0.00000 0.00000 0.00000 1.00000 ( 9) 359.871  1.000
  28 R   0.12352 0.12352 0.12352 0.12352 0.12352 0.12352 0.12352 0.12352 0.01181 ( 5)  4.250  0.012
  29 L   0.12101 0.12101 0.12101 0.12101 0.12101 0.12101 0.12101 0.12101 0.03195 ( 3) 11.497  0.032
  30 I   0.12216 0.12216 0.12216 0.12216 0.12216 0.12216 0.12216 0.12216 0.02275 ( 3)  8.186  0.023
  31 D   0.12216 0.12216 0.12216 0.12216 0.12216 0.12216 0.12216 0.12216 0.02269 ( 3)  8.166  0.023
  32 E   0.12211 0.12211 0.12211 0.12211 0.12211 0.12211 0.12211 0.12211 0.02312 ( 5)  8.320  0.023
  33 Y   0.12054 0.12054 0.12054 0.12054 0.12054 0.12054 0.12054 0.12054 0.03565 ( 3) 12.828  0.036
  34 L   0.12101 0.12101 0.12101 0.12101 0.12101 0.12101 0.12101 0.12101 0.03195 ( 3) 11.497  0.032
  35 T   0.12374 0.12374 0.12374 0.12374 0.12374 0.12374 0.12374 0.12374 0.01006 ( 2)  3.619  0.010
  36 T   0.12312 0.12312 0.12312 0.12312 0.12312 0.12312 0.12312 0.12312 0.01508 ( 6)  5.426  0.015
  37 S   0.12357 0.12357 0.12357 0.12357 0.12357 0.12357 0.12357 0.12357 0.01147 ( 3)  4.127  0.011
  38 D   0.12216 0.12216 0.12216 0.12216 0.12216 0.12216 0.12216 0.12216 0.02269 ( 3)  8.166  0.023
  39 L   0.06897 0.06897 0.06897 0.06897 0.06897 0.06897 0.06897 0.06897 0.44822 ( 9) 161.301  0.448
  40 N   0.12197 0.12197 0.12197 0.12197 0.12197 0.12197 0.12197 0.12197 0.02428 ( 2)  8.736  0.024
  41 P   0.12388 0.12388 0.12388 0.12388 0.12388 0.12388 0.12388 0.12388 0.00897 ( 3)  3.229  0.009
  42 V   0.12215 0.12215 0.12215 0.12215 0.12215 0.12215 0.12215 0.12215 0.02279 ( 5)  8.200  0.023
  43 T   0.12331 0.12331 0.12331 0.12331 0.12331 0.12331 0.12331 0.12331 0.01349 ( 6)  4.854  0.013
  44 G   0.12362 0.12362 0.12362 0.12362 0.12362 0.12362 0.12362 0.12362 0.01106 ( 5)  3.982  0.011
  45 V   0.12301 0.12301 0.12301 0.12301 0.12301 0.12301 0.12301 0.12301 0.01593 ( 5)  5.734  0.016
  46 Q   0.11978 0.11978 0.11978 0.11978 0.11978 0.11978 0.11978 0.11978 0.04179 ( 3) 15.038  0.042
  47 F   0.12135 0.12135 0.12135 0.12135 0.12135 0.12135 0.12135 0.12135 0.02920 ( 3) 10.507  0.029
  48 S   0.12283 0.12283 0.12283 0.12283 0.12283 0.12283 0.12283 0.12283 0.01739 ( 5)  6.257  0.017
  49 G   0.12364 0.12364 0.12364 0.12364 0.12364 0.12364 0.12364 0.12364 0.01089 ( 5)  3.918  0.011

Positively selected sites

	Prob(w>1)  mean w

    22 E      1.000**       359.871
    27 K      1.000**       359.871


lnL =  -200.415207

Bayes Empirical Bayes (BEB) probabilities for 11 classes (class) & postmean_w
(amino acids refer to 1st sequence: Smed.16526)

   1 M   0.14467 0.05816 0.05430 0.05307 0.05250 0.05215 0.05203 0.05253 0.05549 0.13573 0.28938 (11)  1.333 +-  1.811
   2 L   0.13654 0.05505 0.05163 0.05069 0.05039 0.05029 0.05040 0.05112 0.05422 0.13281 0.31686 (11)  1.486 +-  2.004
   3 L   0.13826 0.05571 0.05220 0.05119 0.05083 0.05068 0.05074 0.05141 0.05449 0.13342 0.31106 (11)  1.454 +-  1.966
   4 I   0.14576 0.05858 0.05465 0.05335 0.05273 0.05234 0.05217 0.05263 0.05555 0.13588 0.28636 (11)  1.319 +-  1.797
   5 C   0.14257 0.05736 0.05361 0.05246 0.05196 0.05168 0.05162 0.05218 0.05517 0.13500 0.29641 (11)  1.371 +-  1.862
   6 S   0.13812 0.05566 0.05216 0.05116 0.05081 0.05067 0.05073 0.05141 0.05449 0.13343 0.31137 (11)  1.454 +-  1.966
   7 I   0.14569 0.05855 0.05462 0.05332 0.05270 0.05230 0.05213 0.05258 0.05550 0.13577 0.28684 (11)  1.323 +-  1.804
   8 Y   0.14068 0.05664 0.05299 0.05190 0.05145 0.05123 0.05121 0.05182 0.05485 0.13425 0.30299 (11)  1.409 +-  1.912
   9 N   0.14393 0.05788 0.05405 0.05283 0.05227 0.05194 0.05182 0.05233 0.05529 0.13528 0.29239 (11)  1.352 +-  1.840
  10 E   0.14238 0.05729 0.05355 0.05239 0.05189 0.05162 0.05155 0.05212 0.05511 0.13486 0.29724 (11)  1.377 +-  1.871
  11 I   0.14569 0.05855 0.05462 0.05332 0.05270 0.05230 0.05213 0.05258 0.05550 0.13577 0.28684 (11)  1.323 +-  1.804
  12 P   0.14261 0.05737 0.05363 0.05247 0.05197 0.05170 0.05163 0.05220 0.05519 0.13505 0.29618 (11)  1.370 +-  1.859
  13 E   0.14238 0.05729 0.05355 0.05239 0.05189 0.05162 0.05155 0.05212 0.05511 0.13486 0.29724 (11)  1.377 +-  1.871
  14 V   0.14594 0.05865 0.05470 0.05340 0.05277 0.05236 0.05218 0.05263 0.05554 0.13587 0.28595 (11)  1.318 +-  1.796
  15 P   0.14101 0.05676 0.05310 0.05201 0.05156 0.05134 0.05132 0.05193 0.05496 0.13450 0.30152 (11)  1.399 +-  1.897
  16 V   0.14594 0.05865 0.05470 0.05340 0.05277 0.05236 0.05218 0.05263 0.05554 0.13587 0.28595 (11)  1.318 +-  1.796
  17 L   0.14382 0.05783 0.05402 0.05282 0.05227 0.05195 0.05185 0.05237 0.05535 0.13540 0.29231 (11)  1.349 +-  1.834
  18 N   0.14393 0.05788 0.05405 0.05283 0.05227 0.05194 0.05182 0.05233 0.05529 0.13528 0.29239 (11)  1.352 +-  1.840
  19 R   0.14266 0.05739 0.05365 0.05249 0.05198 0.05170 0.05164 0.05220 0.05519 0.13505 0.29605 (11)  1.369 +-  1.859
  20 F   0.14207 0.05717 0.05344 0.05229 0.05180 0.05153 0.05147 0.05204 0.05503 0.13468 0.29848 (11)  1.385 +-  1.882
  21 S   0.14194 0.05711 0.05341 0.05227 0.05179 0.05153 0.05149 0.05206 0.05507 0.13477 0.29856 (11)  1.384 +-  1.878
  22 E   0.00756 0.00840 0.01282 0.01731 0.02180 0.02622 0.03060 0.03520 0.04133 0.10399 0.69476 (11)  3.490 +-  2.989
  23 H   0.14256 0.05735 0.05361 0.05245 0.05195 0.05168 0.05161 0.05217 0.05517 0.13499 0.29644 (11)  1.372 +-  1.862
  24 A   0.14625 0.05877 0.05481 0.05351 0.05288 0.05247 0.05229 0.05274 0.05566 0.13614 0.28447 (11)  1.308 +-  1.779
  25 Y   0.14068 0.05664 0.05299 0.05190 0.05145 0.05123 0.05121 0.05182 0.05485 0.13425 0.30299 (11)  1.409 +-  1.912
  26 E   0.14238 0.05729 0.05355 0.05239 0.05189 0.05162 0.05155 0.05212 0.05511 0.13486 0.29724 (11)  1.377 +-  1.871
  27 K   0.00830 0.00909 0.01380 0.01856 0.02327 0.02788 0.03242 0.03716 0.04346 0.10859 0.67747 (11)  3.383 +-  2.958
  28 R   0.13842 0.05577 0.05225 0.05125 0.05089 0.05074 0.05080 0.05147 0.05454 0.13355 0.31033 (11)  1.448 +-  1.958
  29 L   0.13826 0.05571 0.05220 0.05119 0.05083 0.05068 0.05074 0.05141 0.05449 0.13342 0.31106 (11)  1.454 +-  1.966
  30 I   0.14569 0.05855 0.05462 0.05332 0.05270 0.05230 0.05213 0.05258 0.05550 0.13577 0.28684 (11)  1.323 +-  1.804
  31 D   0.14420 0.05798 0.05414 0.05291 0.05234 0.05200 0.05188 0.05238 0.05534 0.13538 0.29146 (11)  1.347 +-  1.833
  32 E   0.14238 0.05729 0.05355 0.05239 0.05189 0.05162 0.05155 0.05212 0.05511 0.13486 0.29724 (11)  1.377 +-  1.871
  33 Y   0.13603 0.05486 0.05147 0.05054 0.05025 0.05017 0.05030 0.05103 0.05414 0.13261 0.31861 (11)  1.496 +-  2.016
  34 L   0.13826 0.05571 0.05220 0.05119 0.05083 0.05068 0.05074 0.05141 0.05449 0.13342 0.31106 (11)  1.454 +-  1.966
  35 T   0.14411 0.05794 0.05412 0.05290 0.05234 0.05202 0.05190 0.05242 0.05539 0.13550 0.29137 (11)  1.344 +-  1.827
  36 T   0.13691 0.05519 0.05176 0.05080 0.05049 0.05038 0.05048 0.05119 0.05429 0.13296 0.31555 (11)  1.478 +-  1.995
  37 S   0.14464 0.05815 0.05429 0.05305 0.05248 0.05214 0.05201 0.05251 0.05547 0.13568 0.28957 (11)  1.334 +-  1.813
  38 D   0.14420 0.05798 0.05414 0.05291 0.05234 0.05200 0.05188 0.05238 0.05534 0.13538 0.29146 (11)  1.347 +-  1.833
  39 L   0.13738 0.05538 0.05191 0.05094 0.05060 0.05047 0.05056 0.05125 0.05433 0.13306 0.31413 (11)  1.472 +-  1.990
  40 N   0.14393 0.05788 0.05405 0.05283 0.05227 0.05194 0.05182 0.05233 0.05529 0.13528 0.29239 (11)  1.352 +-  1.840
  41 P   0.14101 0.05676 0.05310 0.05201 0.05156 0.05134 0.05132 0.05193 0.05496 0.13450 0.30152 (11)  1.399 +-  1.897
  42 V   0.13690 0.05519 0.05175 0.05080 0.05048 0.05038 0.05048 0.05119 0.05429 0.13296 0.31559 (11)  1.478 +-  1.995
  43 T   0.14638 0.05882 0.05486 0.05354 0.05291 0.05250 0.05231 0.05276 0.05567 0.13616 0.28409 (11)  1.306 +-  1.777
  44 G   0.13834 0.05574 0.05223 0.05123 0.05087 0.05072 0.05078 0.05146 0.05453 0.13352 0.31059 (11)  1.450 +-  1.960
  45 V   0.14383 0.05784 0.05402 0.05281 0.05226 0.05193 0.05182 0.05234 0.05530 0.13531 0.29253 (11)  1.352 +-  1.839
  46 Q   0.13566 0.05472 0.05135 0.05043 0.05015 0.05008 0.05022 0.05096 0.05407 0.13247 0.31989 (11)  1.503 +-  2.025
  47 F   0.14207 0.05717 0.05344 0.05229 0.05180 0.05153 0.05147 0.05204 0.05503 0.13468 0.29848 (11)  1.385 +-  1.882
  48 S   0.14372 0.05780 0.05399 0.05278 0.05224 0.05192 0.05182 0.05235 0.05532 0.13533 0.29274 (11)  1.352 +-  1.838
  49 G   0.14250 0.05733 0.05359 0.05244 0.05194 0.05167 0.05161 0.05217 0.05517 0.13500 0.29657 (11)  1.372 +-  1.862

Positively selected sites

	Prob(w>1)  mean w

    22 E      0.695         3.490 +- 2.989
    27 K      0.677         3.383 +- 2.958

