Supplemental results for CODEML (seqf: algn  treef: tree)


dN/dS (w) for site classes (K=9)

p:   0.03081  0.03081  0.03081  0.03081  0.03081  0.03081  0.03081  0.03081  0.75355
w:   0.27574  0.29945  0.31443  0.32709  0.33928  0.35227  0.36807  0.39411  1.00000

Naive Empirical Bayes (NEB) probabilities for 9 classes & postmean_w
(amino acids refer to 1st sequence: Mlig.39696)

   1 Y   0.01032 0.01120 0.01175 0.01222 0.01267 0.01315 0.01373 0.01469 0.90026 ( 9)  0.934
   2 I   0.03020 0.03056 0.03073 0.03085 0.03094 0.03103 0.03111 0.03120 0.75338 ( 9)  0.836
   3 C   0.01043 0.01132 0.01188 0.01235 0.01281 0.01329 0.01388 0.01484 0.89920 ( 9)  0.933
   4 Y   0.02996 0.03032 0.03050 0.03063 0.03073 0.03082 0.03091 0.03101 0.75513 ( 9)  0.837
   5 S   0.03325 0.03264 0.03234 0.03212 0.03194 0.03177 0.03160 0.03137 0.74298 ( 9)  0.829
   6 K   0.03125 0.03130 0.03131 0.03132 0.03132 0.03132 0.03131 0.03130 0.74957 ( 9)  0.833
   7 I   0.03056 0.03087 0.03101 0.03111 0.03119 0.03126 0.03132 0.03139 0.75129 ( 9)  0.834
   8 M   0.03014 0.03056 0.03076 0.03090 0.03101 0.03111 0.03120 0.03131 0.75301 ( 9)  0.836
   9 T   0.03220 0.03190 0.03175 0.03165 0.03156 0.03148 0.03140 0.03129 0.74677 ( 9)  0.831
  10 D   0.03157 0.03149 0.03145 0.03142 0.03139 0.03136 0.03133 0.03129 0.74871 ( 9)  0.833
  11 A   0.03132 0.03130 0.03129 0.03128 0.03126 0.03125 0.03124 0.03121 0.74985 ( 9)  0.833
  12 K   0.03122 0.03126 0.03127 0.03128 0.03128 0.03128 0.03128 0.03126 0.74987 ( 9)  0.833
  13 Y   0.03104 0.03109 0.03111 0.03112 0.03112 0.03113 0.03113 0.03112 0.75114 ( 9)  0.834
  14 I   0.03019 0.03053 0.03070 0.03081 0.03090 0.03098 0.03106 0.03115 0.75369 ( 9)  0.836
  15 A   0.03019 0.03053 0.03069 0.03080 0.03088 0.03096 0.03104 0.03113 0.75378 ( 9)  0.836
  16 V   0.03125 0.03125 0.03125 0.03125 0.03124 0.03124 0.03123 0.03121 0.75008 ( 9)  0.834
  17 L   0.03120 0.03121 0.03121 0.03121 0.03120 0.03120 0.03119 0.03117 0.75040 ( 9)  0.834
  18 D   0.03157 0.03149 0.03145 0.03142 0.03139 0.03136 0.03133 0.03129 0.74871 ( 9)  0.833
  19 V   0.03124 0.03125 0.03125 0.03125 0.03124 0.03124 0.03123 0.03121 0.75009 ( 9)  0.834
  20 G   0.03114 0.03118 0.03119 0.03120 0.03120 0.03120 0.03120 0.03119 0.75051 ( 9)  0.834
  21 S   0.03305 0.03251 0.03224 0.03204 0.03188 0.03173 0.03158 0.03138 0.74360 ( 9)  0.829
  22 S   0.03073 0.03084 0.03090 0.03094 0.03097 0.03100 0.03102 0.03105 0.75254 ( 9)  0.835
  23 S   0.03160 0.03151 0.03146 0.03143 0.03140 0.03137 0.03134 0.03129 0.74861 ( 9)  0.832
  24 A   0.03122 0.03124 0.03124 0.03125 0.03124 0.03124 0.03124 0.03122 0.75011 ( 9)  0.834
  25 E   0.03130 0.03129 0.03128 0.03127 0.03127 0.03126 0.03125 0.03123 0.74985 ( 9)  0.833
  26 E   0.03271 0.03232 0.03211 0.03197 0.03185 0.03173 0.03161 0.03145 0.74425 ( 9)  0.830
  27 A   0.03248 0.03218 0.03203 0.03192 0.03183 0.03174 0.03165 0.03153 0.74464 ( 9)  0.830
  28 T   0.03014 0.03047 0.03063 0.03075 0.03084 0.03092 0.03100 0.03109 0.75417 ( 9)  0.836
  29 I   0.03131 0.03131 0.03131 0.03130 0.03129 0.03129 0.03127 0.03125 0.74967 ( 9)  0.833
  30 I   0.03244 0.03211 0.03195 0.03183 0.03174 0.03165 0.03155 0.03143 0.74530 ( 9)  0.830
  31 L   0.03301 0.03248 0.03222 0.03203 0.03187 0.03172 0.03157 0.03138 0.74371 ( 9)  0.829
  32 I   0.01051 0.01136 0.01191 0.01236 0.01281 0.01328 0.01386 0.01481 0.89910 ( 9)  0.933
  33 K   0.03140 0.03135 0.03133 0.03131 0.03130 0.03128 0.03127 0.03124 0.74952 ( 9)  0.833
  34 S   0.03160 0.03151 0.03146 0.03143 0.03140 0.03137 0.03134 0.03129 0.74861 ( 9)  0.832
  35 A   0.03248 0.03218 0.03203 0.03192 0.03183 0.03174 0.03165 0.03153 0.74464 ( 9)  0.830
  36 K   0.03134 0.03134 0.03133 0.03133 0.03132 0.03132 0.03131 0.03129 0.74942 ( 9)  0.833
  37 V   0.03120 0.03121 0.03121 0.03121 0.03121 0.03120 0.03120 0.03118 0.75039 ( 9)  0.834
  38 T   0.03223 0.03193 0.03178 0.03167 0.03159 0.03151 0.03142 0.03131 0.74656 ( 9)  0.831
  39 A   0.03168 0.03164 0.03161 0.03159 0.03157 0.03155 0.03152 0.03148 0.74738 ( 9)  0.832
  40 L   0.03073 0.03083 0.03088 0.03092 0.03094 0.03096 0.03098 0.03101 0.75275 ( 9)  0.835
  41 H   0.03301 0.03249 0.03223 0.03204 0.03189 0.03175 0.03160 0.03141 0.74357 ( 9)  0.829
  42 P   0.03125 0.03124 0.03123 0.03123 0.03122 0.03121 0.03119 0.03117 0.75026 ( 9)  0.834
  43 E   0.03129 0.03132 0.03133 0.03133 0.03133 0.03133 0.03132 0.03130 0.74944 ( 9)  0.833
  44 P   0.03129 0.03127 0.03125 0.03124 0.03123 0.03121 0.03120 0.03117 0.75014 ( 9)  0.834
  45 L   0.03303 0.03246 0.03218 0.03197 0.03180 0.03165 0.03149 0.03128 0.74414 ( 9)  0.829
  46 Q   0.02995 0.03033 0.03052 0.03064 0.03075 0.03084 0.03093 0.03104 0.75501 ( 9)  0.837
  47 T   0.03138 0.03135 0.03133 0.03132 0.03130 0.03129 0.03127 0.03124 0.74952 ( 9)  0.833
  48 E   0.03113 0.03120 0.03122 0.03123 0.03124 0.03124 0.03124 0.03124 0.75025 ( 9)  0.834
  49 Y   0.03312 0.03254 0.03225 0.03204 0.03187 0.03171 0.03155 0.03134 0.74357 ( 9)  0.829
  50 D   0.03182 0.03174 0.03170 0.03166 0.03163 0.03160 0.03156 0.03151 0.74679 ( 9)  0.831
  51 P   0.03128 0.03126 0.03124 0.03123 0.03122 0.03121 0.03119 0.03117 0.75019 ( 9)  0.834
  52 E   0.03126 0.03128 0.03129 0.03129 0.03129 0.03129 0.03129 0.03128 0.74972 ( 9)  0.833
  53 D   0.03012 0.03048 0.03065 0.03077 0.03087 0.03095 0.03104 0.03114 0.75398 ( 9)  0.836
  54 L   0.03116 0.03117 0.03117 0.03116 0.03116 0.03115 0.03114 0.03113 0.75076 ( 9)  0.834
  55 W   0.03099 0.03105 0.03107 0.03109 0.03110 0.03111 0.03111 0.03111 0.75137 ( 9)  0.834
  56 K   0.03119 0.03124 0.03125 0.03126 0.03126 0.03127 0.03126 0.03125 0.75002 ( 9)  0.833
  57 V   0.03011 0.03046 0.03063 0.03074 0.03084 0.03092 0.03100 0.03110 0.75420 ( 9)  0.836
  58 C   0.03322 0.03260 0.03230 0.03208 0.03191 0.03174 0.03157 0.03136 0.74321 ( 9)  0.829
  59 K   0.03128 0.03130 0.03131 0.03131 0.03131 0.03130 0.03129 0.03127 0.74964 ( 9)  0.833
  60 G   0.03123 0.03121 0.03120 0.03119 0.03118 0.03117 0.03116 0.03114 0.75051 ( 9)  0.834
  61 I   0.03139 0.03139 0.03139 0.03138 0.03137 0.03136 0.03135 0.03133 0.74904 ( 9)  0.833
  62 L   0.03114 0.03113 0.03112 0.03111 0.03109 0.03108 0.03106 0.03104 0.75123 ( 9)  0.834
  63 E   0.02971 0.03017 0.03040 0.03057 0.03070 0.03082 0.03094 0.03109 0.75561 ( 9)  0.837
  64 E   0.03113 0.03120 0.03122 0.03123 0.03124 0.03124 0.03124 0.03124 0.75025 ( 9)  0.834
  65 A   0.03019 0.03053 0.03069 0.03080 0.03088 0.03096 0.03104 0.03113 0.75378 ( 9)  0.836
  66 F   0.02988 0.03027 0.03046 0.03059 0.03070 0.03080 0.03089 0.03101 0.75540 ( 9)  0.837
  67 A   0.03222 0.03192 0.03177 0.03166 0.03158 0.03150 0.03141 0.03131 0.74664 ( 9)  0.831
  68 E   0.03126 0.03128 0.03129 0.03129 0.03129 0.03129 0.03129 0.03128 0.74972 ( 9)  0.833
  69 V   0.03119 0.03122 0.03123 0.03123 0.03124 0.03124 0.03123 0.03122 0.75020 ( 9)  0.834
  70 A   0.03232 0.03200 0.03185 0.03173 0.03164 0.03156 0.03147 0.03135 0.74608 ( 9)  0.831
  71 P   0.03330 0.03275 0.03247 0.03227 0.03210 0.03195 0.03179 0.03158 0.74178 ( 9)  0.828
  72 S   0.03205 0.03190 0.03182 0.03176 0.03171 0.03166 0.03160 0.03153 0.74599 ( 9)  0.831
  73 R   0.03278 0.03230 0.03206 0.03189 0.03175 0.03162 0.03148 0.03131 0.74483 ( 9)  0.830
  74 I   0.03056 0.03087 0.03101 0.03111 0.03119 0.03126 0.03132 0.03139 0.75129 ( 9)  0.834
  75 R   0.03043 0.03073 0.03087 0.03097 0.03105 0.03112 0.03119 0.03126 0.75238 ( 9)  0.835
  76 G   0.03168 0.03162 0.03159 0.03156 0.03153 0.03150 0.03147 0.03143 0.74762 ( 9)  0.832
  77 L   0.03292 0.03239 0.03213 0.03195 0.03179 0.03165 0.03150 0.03131 0.74435 ( 9)  0.830
  78 G   0.03143 0.03145 0.03145 0.03145 0.03144 0.03144 0.03143 0.03141 0.74851 ( 9)  0.832
  79 I   0.03160 0.03159 0.03158 0.03157 0.03155 0.03154 0.03152 0.03148 0.74758 ( 9)  0.832
  80 T   0.03001 0.03038 0.03057 0.03069 0.03079 0.03088 0.03097 0.03108 0.75462 ( 9)  0.837
  81 V   0.03001 0.03038 0.03056 0.03069 0.03079 0.03088 0.03097 0.03108 0.75464 ( 9)  0.837
  82 M   0.03037 0.03071 0.03088 0.03099 0.03108 0.03116 0.03124 0.03133 0.75225 ( 9)  0.835
  83 R   0.03043 0.03073 0.03087 0.03097 0.03105 0.03112 0.03119 0.03126 0.75238 ( 9)  0.835
  84 N   0.03187 0.03177 0.03172 0.03168 0.03165 0.03162 0.03158 0.03152 0.74659 ( 9)  0.831
  85 S   0.03313 0.03255 0.03226 0.03205 0.03188 0.03172 0.03155 0.03134 0.74353 ( 9)  0.829
  86 V   0.03153 0.03153 0.03152 0.03151 0.03149 0.03148 0.03146 0.03143 0.74805 ( 9)  0.832
  87 T   0.03231 0.03198 0.03182 0.03171 0.03161 0.03152 0.03143 0.03131 0.74629 ( 9)  0.831
  88 A   0.03132 0.03133 0.03133 0.03132 0.03132 0.03131 0.03130 0.03127 0.74950 ( 9)  0.833
  89 W   0.02948 0.02998 0.03023 0.03040 0.03054 0.03067 0.03079 0.03094 0.75697 ( 9)  0.838
  90 E   0.03131 0.03131 0.03131 0.03131 0.03130 0.03129 0.03128 0.03126 0.74962 ( 9)  0.833
  91 R   0.03128 0.03127 0.03126 0.03125 0.03124 0.03122 0.03121 0.03118 0.75010 ( 9)  0.834
  92 D   0.03280 0.03242 0.03223 0.03209 0.03198 0.03187 0.03176 0.03161 0.74323 ( 9)  0.829
  93 S   0.03145 0.03143 0.03141 0.03139 0.03137 0.03135 0.03133 0.03129 0.74898 ( 9)  0.833
  94 G   0.03149 0.03149 0.03149 0.03148 0.03147 0.03146 0.03144 0.03141 0.74827 ( 9)  0.832
  95 K   0.03186 0.03169 0.03160 0.03154 0.03149 0.03144 0.03139 0.03133 0.74766 ( 9)  0.832
  96 P   0.02993 0.03032 0.03051 0.03064 0.03075 0.03084 0.03094 0.03105 0.75502 ( 9)  0.837
  97 L   0.03341 0.03274 0.03241 0.03217 0.03198 0.03180 0.03161 0.03138 0.74251 ( 9)  0.828
  98 M   0.03151 0.03153 0.03152 0.03152 0.03151 0.03150 0.03149 0.03146 0.74797 ( 9)  0.832
  99 P   0.03148 0.03147 0.03146 0.03145 0.03144 0.03143 0.03141 0.03138 0.74847 ( 9)  0.832
 100 I   0.03257 0.03225 0.03209 0.03197 0.03187 0.03178 0.03169 0.03156 0.74422 ( 9)  0.830
 101 I   0.03267 0.03231 0.03214 0.03201 0.03191 0.03181 0.03171 0.03157 0.74388 ( 9)  0.829
 102 S   0.03154 0.03151 0.03149 0.03147 0.03145 0.03143 0.03141 0.03137 0.74832 ( 9)  0.832
 103 W   0.03333 0.03265 0.03232 0.03208 0.03189 0.03172 0.03154 0.03131 0.74317 ( 9)  0.829
 104 Q   0.03131 0.03130 0.03128 0.03127 0.03126 0.03125 0.03123 0.03120 0.74990 ( 9)  0.833
 105 D   0.03001 0.03046 0.03067 0.03083 0.03095 0.03106 0.03117 0.03129 0.75357 ( 9)  0.836
 106 R   0.03005 0.03039 0.03056 0.03068 0.03077 0.03085 0.03093 0.03103 0.75473 ( 9)  0.837
 107 R   0.03007 0.03040 0.03056 0.03067 0.03076 0.03084 0.03092 0.03102 0.75475 ( 9)  0.837
 108 A   0.03243 0.03210 0.03194 0.03182 0.03173 0.03164 0.03155 0.03143 0.74536 ( 9)  0.830
 109 G   0.03163 0.03151 0.03144 0.03140 0.03136 0.03132 0.03128 0.03123 0.74883 ( 9)  0.833
 110 K   0.03354 0.03287 0.03254 0.03230 0.03211 0.03193 0.03175 0.03151 0.74147 ( 9)  0.828
 111 D   0.03155 0.03148 0.03144 0.03142 0.03139 0.03136 0.03133 0.03129 0.74873 ( 9)  0.833
 112 C   0.03179 0.03166 0.03159 0.03154 0.03150 0.03146 0.03142 0.03136 0.74768 ( 9)  0.832
 113 A   0.01030 0.01119 0.01176 0.01224 0.01269 0.01318 0.01377 0.01474 0.90013 ( 9)  0.934
 114 I   0.03159 0.03158 0.03157 0.03156 0.03155 0.03154 0.03152 0.03148 0.74761 ( 9)  0.832
 115 W   0.03163 0.03149 0.03141 0.03136 0.03131 0.03127 0.03122 0.03115 0.74916 ( 9)  0.833
 116 N   0.03005 0.03042 0.03060 0.03073 0.03083 0.03092 0.03102 0.03113 0.75430 ( 9)  0.836
 117 R   0.03102 0.03104 0.03105 0.03105 0.03105 0.03105 0.03105 0.03105 0.75164 ( 9)  0.835
 118 S   0.03128 0.03127 0.03125 0.03124 0.03123 0.03122 0.03120 0.03117 0.75014 ( 9)  0.834
 119 L   0.03292 0.03239 0.03213 0.03195 0.03179 0.03165 0.03150 0.03131 0.74435 ( 9)  0.830
 120 R   0.03104 0.03113 0.03117 0.03119 0.03120 0.03122 0.03122 0.03122 0.75061 ( 9)  0.834
 121 M   0.03259 0.03225 0.03208 0.03196 0.03186 0.03177 0.03167 0.03154 0.74427 ( 9)  0.830
 122 R   0.03084 0.03096 0.03101 0.03105 0.03107 0.03110 0.03111 0.03113 0.75172 ( 9)  0.835
 123 A   0.02964 0.03013 0.03036 0.03053 0.03066 0.03078 0.03090 0.03104 0.75595 ( 9)  0.838
 124 F   0.03127 0.03134 0.03136 0.03137 0.03137 0.03137 0.03137 0.03135 0.74921 ( 9)  0.833
 125 R   0.03244 0.03214 0.03198 0.03186 0.03176 0.03167 0.03157 0.03143 0.74516 ( 9)  0.830
 126 A   0.03017 0.03051 0.03068 0.03079 0.03088 0.03096 0.03104 0.03114 0.75382 ( 9)  0.836
 127 A   0.03017 0.03051 0.03068 0.03079 0.03088 0.03096 0.03104 0.03114 0.75382 ( 9)  0.836
 128 C   0.03025 0.03060 0.03077 0.03088 0.03097 0.03105 0.03113 0.03122 0.75313 ( 9)  0.836
 129 W   0.03152 0.03140 0.03134 0.03130 0.03126 0.03123 0.03119 0.03114 0.74961 ( 9)  0.833
 130 A   0.03116 0.03121 0.03123 0.03124 0.03124 0.03124 0.03124 0.03123 0.75020 ( 9)  0.834
 131 L   0.02960 0.03005 0.03027 0.03043 0.03056 0.03068 0.03079 0.03094 0.75668 ( 9)  0.838
 132 Y   0.03381 0.03302 0.03264 0.03237 0.03216 0.03196 0.03176 0.03151 0.74076 ( 9)  0.827
 133 K   0.03132 0.03135 0.03136 0.03136 0.03136 0.03135 0.03134 0.03132 0.74922 ( 9)  0.833
 134 L   0.03114 0.03116 0.03117 0.03117 0.03118 0.03118 0.03117 0.03116 0.75067 ( 9)  0.834
 135 T   0.02974 0.03021 0.03043 0.03059 0.03072 0.03083 0.03095 0.03108 0.75545 ( 9)  0.837
 136 G   0.03277 0.03238 0.03218 0.03204 0.03192 0.03181 0.03170 0.03154 0.74364 ( 9)  0.829
 137 R   0.03277 0.03226 0.03201 0.03183 0.03168 0.03155 0.03141 0.03122 0.74526 ( 9)  0.830
 138 A   0.03155 0.03147 0.03143 0.03140 0.03138 0.03135 0.03132 0.03128 0.74881 ( 9)  0.833
 139 K   0.02960 0.03008 0.03031 0.03048 0.03062 0.03075 0.03088 0.03104 0.75624 ( 9)  0.838
 140 F   0.02992 0.03033 0.03054 0.03068 0.03080 0.03091 0.03102 0.03115 0.75465 ( 9)  0.837
 141 L   0.03113 0.03113 0.03112 0.03111 0.03110 0.03110 0.03109 0.03107 0.75115 ( 9)  0.834
 142 A   0.03015 0.03049 0.03065 0.03077 0.03086 0.03094 0.03102 0.03111 0.75402 ( 9)  0.836
 143 A   0.03241 0.03207 0.03190 0.03178 0.03168 0.03159 0.03149 0.03137 0.74571 ( 9)  0.831

Positively selected sites

	Prob(w>1)  mean w



lnL = -1194.071064

Bayes Empirical Bayes (BEB) probabilities for 11 classes (class) & postmean_w
(amino acids refer to 1st sequence: Mlig.39696)

   1 Y   0.00079 0.00549 0.01124 0.01778 0.02501 0.03282 0.04124 0.05080 0.06409 0.18666 0.56407 (11)  2.243 +-  2.272
   2 I   0.00878 0.03020 0.04347 0.05146 0.05707 0.06160 0.06581 0.07076 0.07978 0.22166 0.30942 (11)  1.190 +-  1.182
   3 C   0.00124 0.00574 0.01162 0.01838 0.02581 0.03380 0.04238 0.05209 0.06557 0.19027 0.55310 (11)  2.183 +-  2.219
   4 Y   0.00797 0.02961 0.04298 0.05099 0.05663 0.06119 0.06546 0.07047 0.07954 0.22108 0.31407 (11)  1.209 +-  1.217
   5 S   0.05896 0.04590 0.04445 0.04725 0.05104 0.05494 0.05898 0.06393 0.07287 0.20897 0.29272 (11)  1.125 +-  1.199
   6 K   0.01275 0.03498 0.04492 0.05120 0.05619 0.06052 0.06468 0.06962 0.07864 0.21975 0.30674 (11)  1.179 +-  1.182
   7 I   0.01060 0.03119 0.04401 0.05177 0.05725 0.06169 0.06584 0.07074 0.07971 0.22166 0.30553 (11)  1.174 +-  1.158
   8 M   0.00667 0.02907 0.04358 0.05200 0.05771 0.06225 0.06643 0.07134 0.08033 0.22272 0.30791 (11)  1.183 +-  1.162
   9 T   0.06756 0.04049 0.04241 0.04671 0.05108 0.05520 0.05930 0.06425 0.07317 0.20934 0.29049 (11)  1.116 +-  1.184
  10 D   0.03489 0.03774 0.04378 0.04929 0.05407 0.05833 0.06247 0.06743 0.07641 0.21556 0.30002 (11)  1.153 +-  1.182
  11 A   0.02616 0.03663 0.04398 0.04979 0.05468 0.05899 0.06316 0.06814 0.07716 0.21691 0.30439 (11)  1.170 +-  1.197
  12 K   0.02255 0.03548 0.04411 0.05029 0.05526 0.05957 0.06373 0.06869 0.07770 0.21794 0.30469 (11)  1.171 +-  1.188
  13 Y   0.01493 0.03518 0.04429 0.05050 0.05551 0.05987 0.06407 0.06907 0.07813 0.21869 0.30976 (11)  1.192 +-  1.212
  14 I   0.00864 0.03019 0.04339 0.05130 0.05687 0.06139 0.06561 0.07058 0.07962 0.22133 0.31106 (11)  1.197 +-  1.195
  15 A   0.00889 0.03036 0.04337 0.05121 0.05676 0.06128 0.06550 0.07048 0.07953 0.22114 0.31148 (11)  1.198 +-  1.200
  16 V   0.01744 0.03630 0.04448 0.05047 0.05541 0.05974 0.06391 0.06889 0.07792 0.21837 0.30707 (11)  1.181 +-  1.198
  17 L   0.01606 0.03591 0.04449 0.05051 0.05545 0.05979 0.06397 0.06896 0.07801 0.21850 0.30834 (11)  1.186 +-  1.205
  18 D   0.03489 0.03774 0.04378 0.04929 0.05407 0.05833 0.06247 0.06743 0.07641 0.21556 0.30002 (11)  1.153 +-  1.182
  19 V   0.01611 0.03601 0.04458 0.05060 0.05554 0.05987 0.06405 0.06902 0.07806 0.21863 0.30754 (11)  1.183 +-  1.198
  20 G   0.01612 0.03566 0.04440 0.05055 0.05555 0.05989 0.06407 0.06905 0.07809 0.21866 0.30796 (11)  1.184 +-  1.201
  21 S   0.05816 0.04514 0.04427 0.04737 0.05130 0.05526 0.05931 0.06425 0.07319 0.20958 0.29216 (11)  1.122 +-  1.189
  22 S   0.02439 0.03437 0.04308 0.04960 0.05477 0.05919 0.06342 0.06844 0.07749 0.21737 0.30789 (11)  1.185 +-  1.215
  23 S   0.03381 0.03803 0.04391 0.04936 0.05413 0.05839 0.06253 0.06749 0.07647 0.21569 0.30020 (11)  1.153 +-  1.182
  24 A   0.01779 0.03607 0.04442 0.05049 0.05547 0.05980 0.06397 0.06894 0.07797 0.21845 0.30664 (11)  1.179 +-  1.195
  25 E   0.01807 0.03670 0.04456 0.05047 0.05541 0.05974 0.06392 0.06889 0.07791 0.21839 0.30593 (11)  1.176 +-  1.191
  26 E   0.03223 0.04321 0.04576 0.04964 0.05383 0.05787 0.06193 0.06686 0.07583 0.21473 0.29811 (11)  1.145 +-  1.175
  27 A   0.05044 0.04188 0.04419 0.04853 0.05292 0.05702 0.06107 0.06596 0.07485 0.21280 0.29035 (11)  1.114 +-  1.148
  28 T   0.00907 0.03031 0.04325 0.05110 0.05668 0.06121 0.06545 0.07044 0.07949 0.22106 0.31193 (11)  1.200 +-  1.204
  29 I   0.01655 0.03619 0.04468 0.05068 0.05562 0.05994 0.06410 0.06906 0.07809 0.21871 0.30639 (11)  1.178 +-  1.190
  30 I   0.05118 0.04201 0.04399 0.04820 0.05254 0.05663 0.06071 0.06563 0.07456 0.21218 0.29236 (11)  1.122 +-  1.166
  31 L   0.05237 0.04488 0.04465 0.04782 0.05177 0.05575 0.05980 0.06475 0.07370 0.21058 0.29392 (11)  1.129 +-  1.190
  32 I   0.00116 0.00611 0.01167 0.01821 0.02552 0.03342 0.04194 0.05159 0.06499 0.18894 0.55645 (11)  2.202 +-  2.237
  33 K   0.03032 0.03728 0.04384 0.04954 0.05442 0.05873 0.06290 0.06786 0.07687 0.21640 0.30184 (11)  1.160 +-  1.186
  34 S   0.03381 0.03803 0.04391 0.04936 0.05413 0.05839 0.06253 0.06749 0.07647 0.21569 0.30020 (11)  1.153 +-  1.182
  35 A   0.05044 0.04188 0.04419 0.04853 0.05292 0.05702 0.06107 0.06596 0.07485 0.21280 0.29035 (11)  1.114 +-  1.148
  36 K   0.01933 0.03661 0.04456 0.05054 0.05550 0.05982 0.06398 0.06893 0.07793 0.21845 0.30434 (11)  1.170 +-  1.180
  37 V   0.01597 0.03588 0.04450 0.05054 0.05550 0.05984 0.06402 0.06901 0.07805 0.21859 0.30809 (11)  1.185 +-  1.202
  38 T   0.06775 0.04060 0.04246 0.04674 0.05111 0.05522 0.05932 0.06427 0.07318 0.20938 0.28996 (11)  1.113 +-  1.180
  39 A   0.02664 0.03725 0.04466 0.05045 0.05528 0.05952 0.06361 0.06851 0.07746 0.21764 0.29898 (11)  1.148 +-  1.155
  40 L   0.01326 0.03402 0.04384 0.05035 0.05549 0.05992 0.06416 0.06920 0.07829 0.21886 0.31261 (11)  1.204 +-  1.229
  41 H   0.05362 0.04468 0.04462 0.04785 0.05184 0.05582 0.05988 0.06481 0.07375 0.21069 0.29247 (11)  1.123 +-  1.180
  42 P   0.02392 0.03621 0.04398 0.04988 0.05477 0.05909 0.06327 0.06826 0.07729 0.21713 0.30620 (11)  1.178 +-  1.206
  43 E   0.01483 0.03570 0.04481 0.05097 0.05594 0.06025 0.06440 0.06935 0.07836 0.21924 0.30616 (11)  1.177 +-  1.183
  44 P   0.02657 0.03664 0.04386 0.04964 0.05452 0.05882 0.06301 0.06800 0.07703 0.21663 0.30527 (11)  1.174 +-  1.205
  45 L   0.05037 0.04527 0.04474 0.04768 0.05156 0.05552 0.05960 0.06458 0.07357 0.21027 0.29684 (11)  1.141 +-  1.212
  46 Q   0.00768 0.02934 0.04300 0.05110 0.05674 0.06131 0.06556 0.07057 0.07964 0.22126 0.31381 (11)  1.208 +-  1.214
  47 T   0.02601 0.03670 0.04408 0.04989 0.05476 0.05905 0.06322 0.06818 0.07720 0.21700 0.30390 (11)  1.168 +-  1.193
  48 E   0.01214 0.03452 0.04473 0.05110 0.05612 0.06046 0.06464 0.06961 0.07864 0.21970 0.30834 (11)  1.186 +-  1.193
  49 Y   0.03478 0.04619 0.04609 0.04898 0.05288 0.05686 0.06094 0.06590 0.07491 0.21298 0.29949 (11)  1.151 +-  1.200
  50 D   0.01932 0.03817 0.04544 0.05106 0.05584 0.06007 0.06415 0.06904 0.07799 0.21873 0.30019 (11)  1.153 +-  1.151
  51 P   0.02592 0.03653 0.04389 0.04970 0.05458 0.05889 0.06307 0.06806 0.07710 0.21676 0.30551 (11)  1.175 +-  1.205
  52 E   0.01598 0.03593 0.04467 0.05081 0.05580 0.06013 0.06429 0.06925 0.07826 0.21905 0.30581 (11)  1.176 +-  1.183
  53 D   0.00845 0.03002 0.04332 0.05131 0.05694 0.06148 0.06571 0.07068 0.07972 0.22151 0.31085 (11)  1.196 +-  1.192
  54 L   0.01553 0.03574 0.04442 0.05043 0.05537 0.05971 0.06391 0.06891 0.07797 0.21840 0.30961 (11)  1.191 +-  1.214
  55 W   0.01394 0.03471 0.04425 0.05055 0.05558 0.05994 0.06415 0.06916 0.07822 0.21882 0.31068 (11)  1.196 +-  1.216
  56 K   0.01270 0.03487 0.04479 0.05107 0.05607 0.06041 0.06458 0.06954 0.07857 0.21959 0.30780 (11)  1.184 +-  1.190
  57 V   0.00828 0.02999 0.04325 0.05120 0.05679 0.06132 0.06556 0.07054 0.07960 0.22124 0.31223 (11)  1.201 +-  1.204
  58 C   0.05838 0.04616 0.04450 0.04726 0.05110 0.05505 0.05910 0.06405 0.07300 0.20923 0.29217 (11)  1.122 +-  1.192
  59 K   0.02119 0.03573 0.04429 0.05040 0.05534 0.05964 0.06380 0.06876 0.07777 0.21809 0.30498 (11)  1.172 +-  1.188
  60 G   0.01773 0.03648 0.04440 0.05027 0.05520 0.05954 0.06374 0.06873 0.07778 0.21808 0.30805 (11)  1.185 +-  1.207
  61 I   0.01656 0.03634 0.04487 0.05088 0.05582 0.06012 0.06427 0.06921 0.07821 0.21900 0.30472 (11)  1.171 +-  1.177
  62 L   0.01507 0.03571 0.04435 0.05021 0.05508 0.05941 0.06363 0.06866 0.07775 0.21792 0.31221 (11)  1.202 +-  1.235
  63 E   0.00716 0.02852 0.04273 0.05133 0.05723 0.06188 0.06615 0.07112 0.08015 0.22225 0.31145 (11)  1.198 +-  1.190
  64 E   0.01214 0.03452 0.04473 0.05110 0.05612 0.06046 0.06464 0.06961 0.07864 0.21970 0.30834 (11)  1.186 +-  1.193
  65 A   0.00889 0.03036 0.04337 0.05121 0.05676 0.06128 0.06550 0.07048 0.07953 0.22114 0.31148 (11)  1.198 +-  1.200
  66 F   0.00860 0.02961 0.04284 0.05095 0.05665 0.06125 0.06552 0.07053 0.07960 0.22119 0.31325 (11)  1.206 +-  1.211
  67 A   0.04973 0.04142 0.04369 0.04801 0.05242 0.05656 0.06067 0.06563 0.07459 0.21216 0.29511 (11)  1.134 +-  1.184
  68 E   0.01598 0.03593 0.04467 0.05081 0.05580 0.06013 0.06429 0.06925 0.07826 0.21905 0.30581 (11)  1.176 +-  1.183
  69 V   0.02515 0.03580 0.04386 0.04996 0.05493 0.05927 0.06344 0.06841 0.07743 0.21741 0.30435 (11)  1.170 +-  1.192
  70 A   0.04997 0.04171 0.04385 0.04810 0.05247 0.05658 0.06068 0.06562 0.07457 0.21216 0.29429 (11)  1.130 +-  1.179
  71 P   0.05273 0.04560 0.04519 0.04830 0.05221 0.05614 0.06014 0.06503 0.07393 0.21115 0.28959 (11)  1.112 +-  1.157
  72 S   0.02331 0.03984 0.04551 0.05070 0.05537 0.05955 0.06362 0.06850 0.07745 0.21776 0.29839 (11)  1.146 +-  1.148
  73 R   0.07549 0.04284 0.04266 0.04606 0.05010 0.05409 0.05816 0.06311 0.07202 0.20716 0.28831 (11)  1.107 +-  1.190
  74 I   0.01060 0.03119 0.04401 0.05177 0.05725 0.06169 0.06584 0.07074 0.07971 0.22166 0.30553 (11)  1.174 +-  1.158
  75 R   0.01124 0.03106 0.04366 0.05136 0.05685 0.06132 0.06550 0.07044 0.07945 0.22110 0.30802 (11)  1.184 +-  1.179
  76 G   0.01911 0.03769 0.04519 0.05088 0.05569 0.05994 0.06405 0.06896 0.07793 0.21856 0.30199 (11)  1.160 +-  1.164
  77 L   0.05176 0.04478 0.04452 0.04770 0.05168 0.05568 0.05976 0.06472 0.07369 0.21052 0.29519 (11)  1.134 +-  1.199
  78 G   0.01662 0.03624 0.04496 0.05109 0.05604 0.06033 0.06445 0.06937 0.07835 0.21928 0.30326 (11)  1.165 +-  1.165
  79 I   0.01668 0.03667 0.04528 0.05129 0.05618 0.06044 0.06454 0.06943 0.07839 0.21943 0.30167 (11)  1.159 +-  1.153
  80 T   0.00773 0.02955 0.04313 0.05121 0.05686 0.06142 0.06567 0.07066 0.07971 0.22144 0.31262 (11)  1.203 +-  1.205
  81 V   0.00824 0.02973 0.04310 0.05115 0.05680 0.06136 0.06561 0.07060 0.07965 0.22132 0.31244 (11)  1.203 +-  1.206
  82 M   0.01335 0.03070 0.04348 0.05142 0.05700 0.06150 0.06567 0.07058 0.07956 0.22134 0.30539 (11)  1.173 +-  1.160
  83 R   0.01124 0.03106 0.04366 0.05136 0.05685 0.06132 0.06550 0.07044 0.07945 0.22110 0.30802 (11)  1.184 +-  1.179
  84 N   0.03565 0.03848 0.04434 0.04981 0.05455 0.05876 0.06284 0.06772 0.07664 0.21614 0.29509 (11)  1.133 +-  1.145
  85 S   0.03820 0.04597 0.04582 0.04872 0.05259 0.05655 0.06062 0.06559 0.07459 0.21234 0.29900 (11)  1.150 +-  1.204
  86 V   0.01660 0.03660 0.04515 0.05115 0.05606 0.06033 0.06444 0.06935 0.07832 0.21927 0.30273 (11)  1.163 +-  1.162
  87 T   0.04985 0.04171 0.04380 0.04800 0.05235 0.05646 0.06056 0.06552 0.07448 0.21195 0.29533 (11)  1.135 +-  1.188
  88 A   0.02509 0.03620 0.04408 0.05007 0.05498 0.05928 0.06343 0.06839 0.07739 0.21737 0.30373 (11)  1.168 +-  1.188
  89 W   0.00587 0.02734 0.04231 0.05107 0.05696 0.06162 0.06591 0.07094 0.08002 0.22184 0.31612 (11)  1.217 +-  1.223
  90 E   0.02504 0.03616 0.04405 0.05004 0.05496 0.05926 0.06341 0.06837 0.07738 0.21735 0.30396 (11)  1.168 +-  1.189
  91 R   0.02394 0.03623 0.04402 0.04990 0.05478 0.05908 0.06326 0.06825 0.07728 0.21711 0.30615 (11)  1.178 +-  1.205
  92 D   0.04267 0.04367 0.04523 0.04922 0.05346 0.05749 0.06151 0.06638 0.07529 0.21375 0.29134 (11)  1.118 +-  1.143
  93 S   0.01402 0.03631 0.04514 0.05100 0.05586 0.06015 0.06430 0.06926 0.07828 0.21911 0.30658 (11)  1.179 +-  1.187
  94 G   0.01668 0.03658 0.04506 0.05108 0.05600 0.06028 0.06440 0.06931 0.07829 0.21920 0.30311 (11)  1.165 +-  1.165
  95 K   0.03677 0.03955 0.04413 0.04916 0.05382 0.05805 0.06218 0.06712 0.07609 0.21504 0.29810 (11)  1.145 +-  1.175
  96 P   0.00802 0.02945 0.04298 0.05113 0.05682 0.06141 0.06567 0.07067 0.07972 0.22144 0.31269 (11)  1.203 +-  1.205
  97 L   0.09450 0.04559 0.04217 0.04468 0.04837 0.05222 0.05622 0.06114 0.06998 0.20322 0.28191 (11)  1.082 +-  1.187
  98 M   0.01422 0.03624 0.04532 0.05143 0.05637 0.06064 0.06475 0.06965 0.07862 0.21984 0.30292 (11)  1.164 +-  1.157
  99 P   0.01692 0.03655 0.04500 0.05099 0.05590 0.06018 0.06431 0.06923 0.07822 0.21904 0.30366 (11)  1.167 +-  1.170
 100 I   0.05131 0.04212 0.04426 0.04854 0.05289 0.05697 0.06101 0.06589 0.07478 0.21268 0.28957 (11)  1.111 +-  1.143
 101 I   0.05258 0.04273 0.04432 0.04843 0.05273 0.05679 0.06082 0.06570 0.07459 0.21233 0.28897 (11)  1.109 +-  1.143
 102 S   0.01493 0.03675 0.04526 0.05113 0.05600 0.06028 0.06441 0.06934 0.07833 0.21927 0.30430 (11)  1.169 +-  1.171
 103 W   0.05678 0.04775 0.04473 0.04717 0.05096 0.05490 0.05897 0.06393 0.07289 0.20905 0.29287 (11)  1.125 +-  1.198
 104 Q   0.01590 0.03619 0.04470 0.05059 0.05548 0.05980 0.06397 0.06896 0.07800 0.21851 0.30789 (11)  1.184 +-  1.201
 105 D   0.00733 0.02903 0.04334 0.05189 0.05772 0.06230 0.06650 0.07141 0.08038 0.22281 0.30729 (11)  1.181 +-  1.158
 106 R   0.00869 0.03013 0.04309 0.05096 0.05655 0.06110 0.06535 0.07036 0.07943 0.22089 0.31344 (11)  1.207 +-  1.215
 107 R   0.01239 0.03065 0.04287 0.05062 0.05619 0.06074 0.06500 0.07001 0.07908 0.22024 0.31220 (11)  1.202 +-  1.214
 108 A   0.07140 0.04100 0.04256 0.04676 0.05108 0.05516 0.05922 0.06413 0.07301 0.20911 0.28656 (11)  1.100 +-  1.161
 109 G   0.02866 0.03872 0.04427 0.04953 0.05424 0.05850 0.06266 0.06764 0.07665 0.21603 0.30311 (11)  1.165 +-  1.196
 110 K   0.08238 0.04703 0.04325 0.04579 0.04951 0.05336 0.05735 0.06224 0.07109 0.20554 0.28246 (11)  1.084 +-  1.166
 111 D   0.01850 0.03758 0.04494 0.05056 0.05538 0.05965 0.06380 0.06875 0.07777 0.21817 0.30491 (11)  1.172 +-  1.186
 112 C   0.02060 0.03894 0.04519 0.05049 0.05521 0.05944 0.06357 0.06850 0.07750 0.21775 0.30280 (11)  1.164 +-  1.176
 113 A   0.00126 0.00552 0.01131 0.01802 0.02539 0.03331 0.04182 0.05147 0.06485 0.18851 0.55854 (11)  2.213 +-  2.246
 114 I   0.01700 0.03680 0.04524 0.05124 0.05615 0.06041 0.06450 0.06939 0.07835 0.21936 0.30154 (11)  1.158 +-  1.153
 115 W   0.01776 0.03793 0.04504 0.05025 0.05492 0.05919 0.06337 0.06837 0.07743 0.21747 0.30826 (11)  1.186 +-  1.214
 116 N   0.00834 0.02989 0.04321 0.05129 0.05697 0.06155 0.06579 0.07076 0.07979 0.22164 0.31076 (11)  1.195 +-  1.191
 117 R   0.02150 0.03558 0.04368 0.04972 0.05468 0.05903 0.06325 0.06827 0.07734 0.21712 0.30983 (11)  1.193 +-  1.229
 118 S   0.01445 0.03619 0.04475 0.05063 0.05553 0.05986 0.06405 0.06904 0.07809 0.21867 0.30874 (11)  1.188 +-  1.205
 119 L   0.05176 0.04478 0.04452 0.04770 0.05168 0.05568 0.05976 0.06472 0.07369 0.21052 0.29519 (11)  1.134 +-  1.199
 120 R   0.01653 0.03438 0.04422 0.05069 0.05574 0.06008 0.06425 0.06922 0.07826 0.21893 0.30769 (11)  1.183 +-  1.197
 121 M   0.06746 0.04209 0.04313 0.04727 0.05158 0.05563 0.05967 0.06455 0.07341 0.20999 0.28522 (11)  1.094 +-  1.142
 122 R   0.01307 0.03385 0.04409 0.05071 0.05584 0.06023 0.06443 0.06943 0.07848 0.21929 0.31058 (11)  1.195 +-  1.212
 123 A   0.00624 0.02779 0.04261 0.05131 0.05717 0.06179 0.06606 0.07105 0.08010 0.22208 0.31380 (11)  1.208 +-  1.206
 124 F   0.01108 0.03470 0.04511 0.05148 0.05648 0.06079 0.06492 0.06985 0.07886 0.22018 0.30655 (11)  1.178 +-  1.176
 125 R   0.02180 0.04123 0.04613 0.05050 0.05482 0.05891 0.06298 0.06792 0.07691 0.21674 0.30206 (11)  1.161 +-  1.180
 126 A   0.00924 0.03047 0.04334 0.05121 0.05680 0.06133 0.06556 0.07053 0.07957 0.22123 0.31073 (11)  1.195 +-  1.195
 127 A   0.00924 0.03047 0.04334 0.05121 0.05680 0.06133 0.06556 0.07053 0.07957 0.22123 0.31073 (11)  1.195 +-  1.195
 128 C   0.00780 0.03001 0.04360 0.05159 0.05716 0.06166 0.06586 0.07081 0.07983 0.22176 0.30993 (11)  1.192 +-  1.184
 129 W   0.02847 0.03850 0.04405 0.04931 0.05404 0.05832 0.06250 0.06750 0.07654 0.21576 0.30499 (11)  1.173 +-  1.211
 130 A   0.01448 0.03521 0.04457 0.05083 0.05582 0.06016 0.06433 0.06929 0.07833 0.21911 0.30787 (11)  1.184 +-  1.196
 131 L   0.00676 0.02825 0.04247 0.05095 0.05679 0.06145 0.06575 0.07078 0.07986 0.22159 0.31535 (11)  1.214 +-  1.221
 132 Y   0.09228 0.04999 0.04294 0.04490 0.04855 0.05239 0.05637 0.06124 0.07005 0.20358 0.27771 (11)  1.065 +-  1.154
 133 K   0.01521 0.03570 0.04484 0.05100 0.05595 0.06025 0.06439 0.06934 0.07834 0.21921 0.30576 (11)  1.175 +-  1.181
 134 L   0.02434 0.03568 0.04379 0.04986 0.05483 0.05917 0.06336 0.06835 0.07738 0.21728 0.30598 (11)  1.177 +-  1.203
 135 T   0.00663 0.02817 0.04276 0.05135 0.05717 0.06178 0.06603 0.07101 0.08006 0.22203 0.31302 (11)  1.205 +-  1.202
 136 G   0.03729 0.04366 0.04553 0.04946 0.05368 0.05771 0.06175 0.06665 0.07558 0.21429 0.29440 (11)  1.130 +-  1.157
 137 R   0.07689 0.04308 0.04247 0.04571 0.04968 0.05367 0.05775 0.06272 0.07165 0.20638 0.28999 (11)  1.114 +-  1.209
 138 A   0.02828 0.03765 0.04421 0.04977 0.05456 0.05883 0.06298 0.06794 0.07694 0.21657 0.30228 (11)  1.162 +-  1.186
 139 K   0.00789 0.02850 0.04248 0.05112 0.05707 0.06175 0.06603 0.07102 0.08006 0.22204 0.31204 (11)  1.200 +-  1.196
 140 F   0.00866 0.02959 0.04301 0.05134 0.05714 0.06175 0.06599 0.07095 0.07997 0.22199 0.30960 (11)  1.190 +-  1.180
 141 L   0.02799 0.03600 0.04343 0.04928 0.05417 0.05850 0.06270 0.06773 0.07678 0.21607 0.30735 (11)  1.183 +-  1.224
 142 A   0.00920 0.03041 0.04328 0.05114 0.05672 0.06125 0.06549 0.07047 0.07951 0.22111 0.31141 (11)  1.198 +-  1.200
 143 A   0.07220 0.04109 0.04243 0.04653 0.05081 0.05488 0.05896 0.06388 0.07278 0.20862 0.28782 (11)  1.105 +-  1.174

Positively selected sites

	Prob(w>1)  mean w

     1 Y      0.564         2.243 +- 2.272
     3 C      0.553         2.183 +- 2.219
    32 I      0.556         2.202 +- 2.237
   113 A      0.559         2.213 +- 2.246

