Supplemental results for CODEML (seqf: algn  treef: tree)


dN/dS (w) for site classes (K=9)

p:   0.12500  0.12500  0.12500  0.12500  0.12500  0.12500  0.12500  0.12500  0.00001
w:   0.00000  0.00000  0.00000  0.00000  0.00000  0.00000  0.00000  0.00011  1.00000

Naive Empirical Bayes (NEB) probabilities for 9 classes & postmean_w
(amino acids refer to 1st sequence: Mlig.26065)

   1 M   0.12500 0.12500 0.12500 0.12500 0.12500 0.12500 0.12500 0.12500 0.00001 ( 1)  0.000
   2 Q   0.12500 0.12500 0.12500 0.12500 0.12500 0.12500 0.12500 0.12500 0.00001 ( 1)  0.000
   3 L   0.12500 0.12500 0.12500 0.12500 0.12500 0.12500 0.12500 0.12500 0.00001 ( 5)  0.000
   4 H   0.12500 0.12500 0.12500 0.12500 0.12500 0.12500 0.12500 0.12500 0.00001 ( 5)  0.000
   5 L   0.12500 0.12500 0.12500 0.12500 0.12500 0.12500 0.12500 0.12500 0.00001 ( 6)  0.000
   6 P   0.12500 0.12500 0.12500 0.12500 0.12500 0.12500 0.12500 0.12500 0.00001 ( 6)  0.000
   7 P   0.12500 0.12500 0.12500 0.12500 0.12500 0.12500 0.12500 0.12500 0.00001 ( 1)  0.000
   8 M   0.12500 0.12500 0.12500 0.12500 0.12500 0.12500 0.12500 0.12500 0.00001 ( 1)  0.000
   9 P   0.12500 0.12500 0.12500 0.12500 0.12500 0.12500 0.12500 0.12500 0.00001 ( 6)  0.000
  10 S   0.12500 0.12500 0.12500 0.12500 0.12500 0.12500 0.12500 0.12500 0.00001 ( 4)  0.000
  11 N   0.12500 0.12500 0.12500 0.12500 0.12500 0.12500 0.12500 0.12500 0.00001 ( 4)  0.000
  12 Y   0.12500 0.12500 0.12500 0.12500 0.12500 0.12500 0.12500 0.12500 0.00001 ( 6)  0.000
  13 F   0.12500 0.12500 0.12500 0.12500 0.12500 0.12500 0.12500 0.12500 0.00001 ( 2)  0.000
  14 D   0.12500 0.12500 0.12500 0.12500 0.12500 0.12500 0.12500 0.12500 0.00001 ( 4)  0.000
  15 K   0.12500 0.12500 0.12500 0.12500 0.12500 0.12500 0.12500 0.12500 0.00001 ( 6)  0.000
  16 Q   0.12500 0.12500 0.12500 0.12500 0.12500 0.12500 0.12500 0.12500 0.00001 ( 1)  0.000
  17 F   0.12500 0.12500 0.12500 0.12500 0.12500 0.12500 0.12500 0.12500 0.00001 ( 2)  0.000
  18 L   0.12500 0.12500 0.12500 0.12500 0.12500 0.12500 0.12500 0.12500 0.00001 ( 6)  0.000
  19 P   0.12500 0.12500 0.12500 0.12500 0.12500 0.12500 0.12500 0.12500 0.00001 ( 1)  0.000
  20 T   0.12500 0.12500 0.12500 0.12500 0.12500 0.12500 0.12500 0.12500 0.00001 ( 6)  0.000
  21 Q   0.12500 0.12500 0.12500 0.12500 0.12500 0.12500 0.12500 0.12500 0.00001 ( 2)  0.000
  22 G   0.12500 0.12500 0.12500 0.12500 0.12500 0.12500 0.12500 0.12500 0.00001 ( 4)  0.000
  23 Y   0.12500 0.12500 0.12500 0.12500 0.12500 0.12500 0.12500 0.12500 0.00001 ( 6)  0.000
  24 H   0.12500 0.12500 0.12500 0.12500 0.12500 0.12500 0.12500 0.12500 0.00001 ( 5)  0.000
  25 L   0.12500 0.12500 0.12500 0.12500 0.12500 0.12500 0.12500 0.12500 0.00001 ( 6)  0.000
  26 G   0.12500 0.12500 0.12500 0.12500 0.12500 0.12500 0.12500 0.12500 0.00001 ( 5)  0.000
  27 D   0.12500 0.12500 0.12500 0.12500 0.12500 0.12500 0.12500 0.12500 0.00001 ( 4)  0.000
  28 D   0.12500 0.12500 0.12500 0.12500 0.12500 0.12500 0.12500 0.12500 0.00001 ( 4)  0.000
  29 V   0.12500 0.12500 0.12500 0.12500 0.12500 0.12500 0.12500 0.12500 0.00001 ( 1)  0.000
  30 K   0.12500 0.12500 0.12500 0.12500 0.12500 0.12500 0.12500 0.12500 0.00001 ( 5)  0.000
  31 L   0.12500 0.12500 0.12500 0.12500 0.12500 0.12500 0.12500 0.12500 0.00001 ( 1)  0.000
  32 I   0.12500 0.12500 0.12500 0.12500 0.12500 0.12500 0.12500 0.12500 0.00001 ( 2)  0.000
  33 S   0.12500 0.12500 0.12500 0.12500 0.12500 0.12500 0.12500 0.12500 0.00001 ( 6)  0.000
  34 C   0.12500 0.12500 0.12500 0.12500 0.12500 0.12500 0.12500 0.12500 0.00001 ( 1)  0.000
  35 D   0.12500 0.12500 0.12500 0.12500 0.12500 0.12500 0.12500 0.12500 0.00001 ( 4)  0.000
  36 M   0.12500 0.12500 0.12500 0.12500 0.12500 0.12500 0.12500 0.12500 0.00001 ( 1)  0.000
  37 K   0.12500 0.12500 0.12500 0.12500 0.12500 0.12500 0.12500 0.12500 0.00001 ( 6)  0.000
  38 P   0.12500 0.12500 0.12500 0.12500 0.12500 0.12500 0.12500 0.12500 0.00001 ( 6)  0.000
  39 D   0.12500 0.12500 0.12500 0.12500 0.12500 0.12500 0.12500 0.12500 0.00001 ( 4)  0.000
  40 M   0.12500 0.12500 0.12500 0.12500 0.12500 0.12500 0.12500 0.12500 0.00001 ( 1)  0.000
  41 V   0.12500 0.12500 0.12500 0.12500 0.12500 0.12500 0.12500 0.12500 0.00001 ( 4)  0.000
  42 E   0.12500 0.12500 0.12500 0.12500 0.12500 0.12500 0.12500 0.12500 0.00001 ( 5)  0.000
  43 Q   0.12500 0.12500 0.12500 0.12500 0.12500 0.12500 0.12500 0.12500 0.00001 ( 2)  0.000
  44 V   0.12500 0.12500 0.12500 0.12500 0.12500 0.12500 0.12500 0.12500 0.00001 ( 4)  0.000
  45 V   0.12500 0.12500 0.12500 0.12500 0.12500 0.12500 0.12500 0.12500 0.00001 ( 1)  0.000
  46 G   0.12500 0.12500 0.12500 0.12500 0.12500 0.12500 0.12500 0.12500 0.00001 ( 4)  0.000
  47 S   0.12500 0.12500 0.12500 0.12500 0.12500 0.12500 0.12500 0.12500 0.00001 ( 2)  0.000
  48 A   0.12500 0.12500 0.12500 0.12500 0.12500 0.12500 0.12500 0.12500 0.00001 ( 2)  0.000
  49 R   0.12500 0.12500 0.12500 0.12500 0.12500 0.12500 0.12500 0.12500 0.00001 ( 5)  0.000
  50 E   0.12500 0.12500 0.12500 0.12500 0.12500 0.12500 0.12500 0.12500 0.00001 ( 5)  0.000
  51 I   0.12500 0.12500 0.12500 0.12500 0.12500 0.12500 0.12500 0.12500 0.00001 ( 4)  0.000
  52 L   0.12500 0.12500 0.12500 0.12500 0.12500 0.12500 0.12500 0.12500 0.00001 ( 2)  0.000
  53 S   0.12500 0.12500 0.12500 0.12500 0.12500 0.12500 0.12500 0.12500 0.00001 ( 4)  0.000
  54 R   0.12500 0.12500 0.12500 0.12500 0.12500 0.12500 0.12500 0.12500 0.00001 ( 6)  0.000
  55 R   0.12500 0.12500 0.12500 0.12500 0.12500 0.12500 0.12500 0.12500 0.00001 ( 5)  0.000
  56 I   0.12500 0.12500 0.12500 0.12500 0.12500 0.12500 0.12500 0.12500 0.00001 ( 4)  0.000
  57 V   0.12500 0.12500 0.12500 0.12500 0.12500 0.12500 0.12500 0.12500 0.00001 ( 4)  0.000
  58 N   0.12500 0.12500 0.12500 0.12500 0.12500 0.12500 0.12500 0.12500 0.00001 ( 4)  0.000
  59 E   0.12500 0.12500 0.12500 0.12500 0.12500 0.12500 0.12500 0.12500 0.00001 ( 5)  0.000
  60 Q   0.12500 0.12500 0.12500 0.12500 0.12500 0.12500 0.12500 0.12500 0.00001 ( 1)  0.000
  61 I   0.12500 0.12500 0.12500 0.12500 0.12500 0.12500 0.12500 0.12500 0.00001 ( 4)  0.000
  62 L   0.12500 0.12500 0.12500 0.12500 0.12500 0.12500 0.12500 0.12500 0.00001 ( 5)  0.000
  63 P   0.12500 0.12500 0.12500 0.12500 0.12500 0.12500 0.12500 0.12500 0.00001 ( 1)  0.000
  64 R   0.12500 0.12500 0.12500 0.12500 0.12500 0.12500 0.12500 0.12500 0.00001 ( 6)  0.000
  65 E   0.12500 0.12500 0.12500 0.12500 0.12500 0.12500 0.12500 0.12500 0.00001 ( 5)  0.000
  66 L   0.12500 0.12500 0.12500 0.12500 0.12500 0.12500 0.12500 0.12500 0.00001 ( 2)  0.000
  67 K   0.12500 0.12500 0.12500 0.12500 0.12500 0.12500 0.12500 0.12500 0.00001 ( 6)  0.000
  68 E   0.12500 0.12500 0.12500 0.12500 0.12500 0.12500 0.12500 0.12500 0.00001 ( 5)  0.000
  69 E   0.12500 0.12500 0.12500 0.12500 0.12500 0.12500 0.12500 0.12500 0.00001 ( 5)  0.000
  70 L   0.12500 0.12500 0.12500 0.12500 0.12500 0.12500 0.12500 0.12500 0.00001 ( 6)  0.000
  71 D   0.12500 0.12500 0.12500 0.12500 0.12500 0.12500 0.12500 0.12500 0.00001 ( 4)  0.000
  72 E   0.12500 0.12500 0.12500 0.12500 0.12500 0.12500 0.12500 0.12500 0.00001 ( 5)  0.000
  73 K   0.12500 0.12500 0.12500 0.12500 0.12500 0.12500 0.12500 0.12500 0.00001 ( 5)  0.000
  74 F   0.12500 0.12500 0.12500 0.12500 0.12500 0.12500 0.12500 0.12500 0.00001 ( 6)  0.000
  75 G   0.12500 0.12500 0.12500 0.12500 0.12500 0.12500 0.12500 0.12500 0.00001 ( 5)  0.000
  76 H   0.12500 0.12500 0.12500 0.12500 0.12500 0.12500 0.12500 0.12500 0.00001 ( 5)  0.000
  77 N   0.12500 0.12500 0.12500 0.12500 0.12500 0.12500 0.12500 0.12500 0.00001 ( 4)  0.000
  78 W   0.12500 0.12500 0.12500 0.12500 0.12500 0.12500 0.12500 0.12500 0.00001 ( 1)  0.000
  79 Q   0.12500 0.12500 0.12500 0.12500 0.12500 0.12500 0.12500 0.12500 0.00001 ( 2)  0.000
  80 V   0.12500 0.12500 0.12500 0.12500 0.12500 0.12500 0.12500 0.12500 0.00001 ( 4)  0.000
  81 V   0.12500 0.12500 0.12500 0.12500 0.12500 0.12500 0.12500 0.12500 0.00001 ( 4)  0.000
  82 V   0.12500 0.12500 0.12500 0.12500 0.12500 0.12500 0.12500 0.12500 0.00001 ( 1)  0.000
  83 T   0.12500 0.12500 0.12500 0.12500 0.12500 0.12500 0.12500 0.12500 0.00001 ( 4)  0.000
  84 S   0.12500 0.12500 0.12500 0.12500 0.12500 0.12500 0.12500 0.12500 0.00001 ( 1)  0.000
  85 G   0.12500 0.12500 0.12500 0.12500 0.12500 0.12500 0.12500 0.12500 0.00001 ( 5)  0.000
  86 Q   0.12500 0.12500 0.12500 0.12500 0.12500 0.12500 0.12500 0.12500 0.00001 ( 1)  0.000
  87 F   0.12500 0.12500 0.12500 0.12500 0.12500 0.12500 0.12500 0.12500 0.00001 ( 6)  0.000
  88 W   0.12500 0.12500 0.12500 0.12500 0.12500 0.12500 0.12500 0.12500 0.00001 ( 1)  0.000
  89 A   0.12500 0.12500 0.12500 0.12500 0.12500 0.12500 0.12500 0.12500 0.00001 ( 2)  0.000
  90 W   0.12500 0.12500 0.12500 0.12500 0.12500 0.12500 0.12500 0.12500 0.00001 ( 1)  0.000
  91 F   0.12500 0.12500 0.12500 0.12500 0.12500 0.12500 0.12500 0.12500 0.00001 ( 6)  0.000
  92 T   0.12500 0.12500 0.12500 0.12500 0.12500 0.12500 0.12500 0.12500 0.00001 ( 6)  0.000
  93 H   0.12500 0.12500 0.12500 0.12500 0.12500 0.12500 0.12500 0.12500 0.00001 ( 5)  0.000
  94 L   0.12500 0.12500 0.12500 0.12500 0.12500 0.12500 0.12500 0.12500 0.00001 ( 2)  0.000
  95 A   0.12500 0.12500 0.12500 0.12500 0.12500 0.12500 0.12500 0.12500 0.00001 ( 2)  0.000
  96 G   0.12500 0.12500 0.12500 0.12500 0.12500 0.12500 0.12500 0.12500 0.00001 ( 5)  0.000
  97 Y   0.12500 0.12500 0.12500 0.12500 0.12500 0.12500 0.12500 0.12500 0.00001 ( 6)  0.000
  98 C   0.12500 0.12500 0.12500 0.12500 0.12500 0.12500 0.12500 0.12500 0.00001 ( 1)  0.000
  99 V   0.12500 0.12500 0.12500 0.12500 0.12500 0.12500 0.12500 0.12500 0.00001 ( 4)  0.000
 100 V   0.12500 0.12500 0.12500 0.12500 0.12500 0.12500 0.12500 0.12500 0.00001 ( 4)  0.000
 101 F   0.12500 0.12500 0.12500 0.12500 0.12500 0.12500 0.12500 0.12500 0.00001 ( 6)  0.000
 102 K   0.12500 0.12500 0.12500 0.12500 0.12500 0.12500 0.12500 0.12500 0.00001 ( 6)  0.000
 103 L   0.12500 0.12500 0.12500 0.12500 0.12500 0.12500 0.12500 0.12500 0.00001 ( 6)  0.000
 104 Q   0.12500 0.12500 0.12500 0.12500 0.12500 0.12500 0.12500 0.12500 0.00001 ( 1)  0.000
 105 R   0.12500 0.12500 0.12500 0.12500 0.12500 0.12500 0.12500 0.12500 0.00001 ( 4)  0.000
 106 Y   0.12500 0.12500 0.12500 0.12500 0.12500 0.12500 0.12500 0.12500 0.00001 ( 6)  0.000
 107 C   0.12500 0.12500 0.12500 0.12500 0.12500 0.12500 0.12500 0.12500 0.00001 ( 1)  0.000
 108 F   0.12500 0.12500 0.12500 0.12500 0.12500 0.12500 0.12500 0.12500 0.00001 ( 2)  0.000
 109 L   0.12500 0.12500 0.12500 0.12500 0.12500 0.12500 0.12500 0.12500 0.00001 ( 6)  0.000
 110 V   0.12500 0.12500 0.12500 0.12500 0.12500 0.12500 0.12500 0.12500 0.00001 ( 4)  0.000
 111 W   0.12500 0.12500 0.12500 0.12500 0.12500 0.12500 0.12500 0.12500 0.00001 ( 1)  0.000
 112 R   0.12500 0.12500 0.12500 0.12500 0.12500 0.12500 0.12500 0.12500 0.00001 ( 2)  0.000
 113 T   0.12500 0.12500 0.12500 0.12500 0.12500 0.12500 0.12500 0.12500 0.00001 ( 6)  0.000
 114 K   0.12500 0.12500 0.12500 0.12500 0.12500 0.12500 0.12500 0.12500 0.00001 ( 6)  0.000
 115 T   0.12500 0.12500 0.12500 0.12500 0.12500 0.12500 0.12500 0.12500 0.00001 ( 4)  0.000
 116 C   0.12500 0.12500 0.12500 0.12500 0.12500 0.12500 0.12500 0.12500 0.00001 ( 5)  0.000
 117 Y   0.12500 0.12500 0.12500 0.12500 0.12500 0.12500 0.12500 0.12500 0.00001 ( 6)  0.000
 118 Y   0.12500 0.12500 0.12500 0.12500 0.12500 0.12500 0.12500 0.12500 0.00001 ( 6)  0.000
 119 R   0.12500 0.12500 0.12500 0.12500 0.12500 0.12500 0.12500 0.12500 0.00001 ( 5)  0.000
 120 K   0.12500 0.12500 0.12500 0.12500 0.12500 0.12500 0.12500 0.12500 0.00001 ( 5)  0.000
 121 S   0.12500 0.12500 0.12500 0.12500 0.12500 0.12500 0.12500 0.12500 0.00001 ( 4)  0.000

Positively selected sites

	Prob(w>1)  mean w



lnL =  -491.439256

Bayes Empirical Bayes (BEB) probabilities for 11 classes (class) & postmean_w
(amino acids refer to 1st sequence: Mlig.26065)

   1 M   0.22958 0.07262 0.06392 0.06000 0.05746 0.05543 0.05366 0.05230 0.05259 0.10668 0.19576 ( 1)  0.881 +-  1.316
   2 Q   0.22747 0.07194 0.06339 0.05956 0.05712 0.05517 0.05347 0.05218 0.05253 0.10652 0.20066 ( 1)  0.905 +-  1.361
   3 L   0.22779 0.07204 0.06347 0.05963 0.05717 0.05521 0.05350 0.05220 0.05254 0.10655 0.19989 ( 1)  0.901 +-  1.354
   4 H   0.22896 0.07242 0.06377 0.05987 0.05736 0.05535 0.05360 0.05227 0.05257 0.10663 0.19719 ( 1)  0.888 +-  1.330
   5 L   0.22646 0.07161 0.06313 0.05935 0.05695 0.05504 0.05338 0.05212 0.05249 0.10644 0.20304 ( 1)  0.916 +-  1.383
   6 P   0.22851 0.07228 0.06365 0.05978 0.05729 0.05530 0.05357 0.05225 0.05257 0.10661 0.19820 ( 1)  0.893 +-  1.338
   7 P   0.22797 0.07210 0.06352 0.05967 0.05720 0.05523 0.05352 0.05222 0.05255 0.10657 0.19946 ( 1)  0.899 +-  1.350
   8 M   0.22958 0.07262 0.06392 0.06000 0.05746 0.05543 0.05366 0.05230 0.05259 0.10668 0.19576 ( 1)  0.881 +-  1.316
   9 P   0.22723 0.07186 0.06333 0.05951 0.05708 0.05514 0.05345 0.05217 0.05252 0.10651 0.20121 ( 1)  0.907 +-  1.366
  10 S   0.22861 0.07231 0.06368 0.05980 0.05731 0.05531 0.05358 0.05225 0.05257 0.10662 0.19796 ( 1)  0.892 +-  1.336
  11 N   0.22949 0.07260 0.06390 0.05998 0.05745 0.05542 0.05365 0.05230 0.05259 0.10667 0.19597 ( 1)  0.882 +-  1.318
  12 Y   0.22835 0.07222 0.06361 0.05975 0.05726 0.05528 0.05355 0.05224 0.05256 0.10659 0.19859 ( 1)  0.895 +-  1.342
  13 F   0.22802 0.07212 0.06353 0.05968 0.05721 0.05524 0.05352 0.05222 0.05255 0.10657 0.19935 ( 1)  0.898 +-  1.349
  14 D   0.22864 0.07232 0.06369 0.05981 0.05731 0.05531 0.05358 0.05225 0.05257 0.10661 0.19791 ( 1)  0.891 +-  1.336
  15 K   0.22935 0.07255 0.06387 0.05995 0.05742 0.05540 0.05364 0.05229 0.05259 0.10666 0.19629 ( 1)  0.884 +-  1.321
  16 Q   0.22747 0.07194 0.06339 0.05956 0.05712 0.05517 0.05347 0.05218 0.05253 0.10652 0.20066 ( 1)  0.905 +-  1.361
  17 F   0.22802 0.07212 0.06353 0.05968 0.05721 0.05524 0.05352 0.05222 0.05255 0.10657 0.19935 ( 1)  0.898 +-  1.349
  18 L   0.22699 0.07178 0.06326 0.05946 0.05704 0.05510 0.05342 0.05216 0.05251 0.10648 0.20178 ( 1)  0.910 +-  1.372
  19 P   0.22797 0.07210 0.06352 0.05967 0.05720 0.05523 0.05352 0.05222 0.05255 0.10657 0.19946 ( 1)  0.899 +-  1.350
  20 T   0.22846 0.07226 0.06364 0.05977 0.05728 0.05529 0.05356 0.05225 0.05257 0.10660 0.19832 ( 1)  0.893 +-  1.339
  21 Q   0.22679 0.07172 0.06321 0.05942 0.05700 0.05508 0.05341 0.05214 0.05251 0.10647 0.20226 ( 1)  0.912 +-  1.376
  22 G   0.22760 0.07198 0.06342 0.05959 0.05714 0.05519 0.05348 0.05220 0.05254 0.10654 0.20032 ( 1)  0.903 +-  1.358
  23 Y   0.22910 0.07247 0.06380 0.05990 0.05738 0.05537 0.05362 0.05228 0.05258 0.10665 0.19685 ( 1)  0.886 +-  1.326
  24 H   0.22896 0.07242 0.06377 0.05987 0.05736 0.05535 0.05360 0.05227 0.05257 0.10663 0.19719 ( 1)  0.888 +-  1.330
  25 L   0.22699 0.07178 0.06326 0.05946 0.05704 0.05510 0.05342 0.05216 0.05251 0.10648 0.20178 ( 1)  0.910 +-  1.372
  26 G   0.22943 0.07258 0.06389 0.05997 0.05744 0.05541 0.05365 0.05230 0.05259 0.10667 0.19606 ( 1)  0.883 +-  1.319
  27 D   0.22946 0.07259 0.06390 0.05997 0.05744 0.05541 0.05365 0.05230 0.05259 0.10666 0.19603 ( 1)  0.882 +-  1.319
  28 D   0.22864 0.07232 0.06369 0.05981 0.05731 0.05531 0.05358 0.05225 0.05257 0.10661 0.19791 ( 1)  0.891 +-  1.336
  29 V   0.22881 0.07237 0.06373 0.05984 0.05734 0.05533 0.05359 0.05226 0.05257 0.10662 0.19754 ( 1)  0.890 +-  1.333
  30 K   0.22768 0.07201 0.06344 0.05961 0.05715 0.05519 0.05349 0.05220 0.05254 0.10654 0.20015 ( 1)  0.902 +-  1.356
  31 L   0.22652 0.07163 0.06314 0.05937 0.05696 0.05505 0.05338 0.05213 0.05250 0.10644 0.20289 ( 1)  0.915 +-  1.382
  32 I   0.22888 0.07240 0.06375 0.05985 0.05735 0.05534 0.05360 0.05227 0.05257 0.10663 0.19737 ( 1)  0.889 +-  1.331
  33 S   0.22944 0.07258 0.06389 0.05997 0.05744 0.05542 0.05365 0.05230 0.05259 0.10667 0.19604 ( 1)  0.882 +-  1.318
  34 C   0.22891 0.07241 0.06376 0.05986 0.05735 0.05535 0.05360 0.05227 0.05258 0.10664 0.19727 ( 1)  0.888 +-  1.330
  35 D   0.22946 0.07259 0.06390 0.05997 0.05744 0.05541 0.05365 0.05230 0.05259 0.10666 0.19603 ( 1)  0.882 +-  1.319
  36 M   0.22958 0.07262 0.06392 0.06000 0.05746 0.05543 0.05366 0.05230 0.05259 0.10668 0.19576 ( 1)  0.881 +-  1.316
  37 K   0.22935 0.07255 0.06387 0.05995 0.05742 0.05540 0.05364 0.05229 0.05259 0.10666 0.19629 ( 1)  0.884 +-  1.321
  38 P   0.22723 0.07186 0.06333 0.05951 0.05708 0.05514 0.05345 0.05217 0.05252 0.10651 0.20121 ( 1)  0.907 +-  1.366
  39 D   0.22864 0.07232 0.06369 0.05981 0.05731 0.05531 0.05358 0.05225 0.05257 0.10661 0.19791 ( 1)  0.891 +-  1.336
  40 M   0.22958 0.07262 0.06392 0.06000 0.05746 0.05543 0.05366 0.05230 0.05259 0.10668 0.19576 ( 1)  0.881 +-  1.316
  41 V   0.22813 0.07215 0.06356 0.05970 0.05723 0.05525 0.05353 0.05222 0.05255 0.10657 0.19910 ( 1)  0.897 +-  1.347
  42 E   0.22933 0.07254 0.06386 0.05995 0.05742 0.05540 0.05363 0.05229 0.05258 0.10666 0.19634 ( 1)  0.884 +-  1.322
  43 Q   0.22679 0.07172 0.06321 0.05942 0.05700 0.05508 0.05341 0.05214 0.05251 0.10647 0.20226 ( 1)  0.912 +-  1.376
  44 V   0.22813 0.07215 0.06356 0.05970 0.05723 0.05525 0.05353 0.05222 0.05255 0.10657 0.19910 ( 1)  0.897 +-  1.347
  45 V   0.22881 0.07237 0.06373 0.05984 0.05734 0.05533 0.05359 0.05226 0.05257 0.10662 0.19754 ( 1)  0.890 +-  1.333
  46 G   0.22760 0.07198 0.06342 0.05959 0.05714 0.05519 0.05348 0.05220 0.05254 0.10654 0.20032 ( 1)  0.903 +-  1.358
  47 S   0.22822 0.07218 0.06358 0.05972 0.05724 0.05526 0.05354 0.05223 0.05256 0.10659 0.19888 ( 1)  0.896 +-  1.344
  48 A   0.22884 0.07239 0.06374 0.05985 0.05734 0.05534 0.05360 0.05227 0.05258 0.10663 0.19743 ( 1)  0.889 +-  1.331
  49 R   0.22763 0.07199 0.06343 0.05960 0.05714 0.05519 0.05349 0.05220 0.05254 0.10654 0.20027 ( 1)  0.903 +-  1.357
  50 E   0.22933 0.07254 0.06386 0.05995 0.05742 0.05540 0.05363 0.05229 0.05258 0.10666 0.19634 ( 1)  0.884 +-  1.322
  51 I   0.22819 0.07217 0.06357 0.05971 0.05724 0.05526 0.05354 0.05223 0.05255 0.10658 0.19896 ( 1)  0.896 +-  1.345
  52 L   0.22836 0.07223 0.06361 0.05975 0.05726 0.05528 0.05355 0.05224 0.05256 0.10659 0.19858 ( 1)  0.895 +-  1.342
  53 S   0.22861 0.07231 0.06368 0.05980 0.05731 0.05531 0.05358 0.05225 0.05257 0.10662 0.19796 ( 1)  0.892 +-  1.336
  54 R   0.22909 0.07247 0.06380 0.05990 0.05738 0.05537 0.05362 0.05228 0.05258 0.10665 0.19686 ( 1)  0.886 +-  1.326
  55 R   0.22763 0.07199 0.06343 0.05960 0.05714 0.05519 0.05349 0.05220 0.05254 0.10654 0.20027 ( 1)  0.903 +-  1.357
  56 I   0.22819 0.07217 0.06357 0.05971 0.05724 0.05526 0.05354 0.05223 0.05255 0.10658 0.19896 ( 1)  0.896 +-  1.345
  57 V   0.22813 0.07215 0.06356 0.05970 0.05723 0.05525 0.05353 0.05222 0.05255 0.10657 0.19910 ( 1)  0.897 +-  1.347
  58 N   0.22949 0.07260 0.06390 0.05998 0.05745 0.05542 0.05365 0.05230 0.05259 0.10667 0.19597 ( 1)  0.882 +-  1.318
  59 E   0.22767 0.07200 0.06344 0.05961 0.05715 0.05519 0.05349 0.05220 0.05254 0.10654 0.20017 ( 1)  0.902 +-  1.357
  60 Q   0.22747 0.07194 0.06339 0.05956 0.05712 0.05517 0.05347 0.05218 0.05253 0.10652 0.20066 ( 1)  0.905 +-  1.361
  61 I   0.22819 0.07217 0.06357 0.05971 0.05724 0.05526 0.05354 0.05223 0.05255 0.10658 0.19896 ( 1)  0.896 +-  1.345
  62 L   0.22779 0.07204 0.06347 0.05963 0.05717 0.05521 0.05350 0.05220 0.05254 0.10655 0.19989 ( 1)  0.901 +-  1.354
  63 P   0.22797 0.07210 0.06352 0.05967 0.05720 0.05523 0.05352 0.05222 0.05255 0.10657 0.19946 ( 1)  0.899 +-  1.350
  64 R   0.22909 0.07247 0.06380 0.05990 0.05738 0.05537 0.05362 0.05228 0.05258 0.10665 0.19686 ( 1)  0.886 +-  1.326
  65 E   0.22933 0.07254 0.06386 0.05995 0.05742 0.05540 0.05363 0.05229 0.05258 0.10666 0.19634 ( 1)  0.884 +-  1.322
  66 L   0.22836 0.07223 0.06361 0.05975 0.05726 0.05528 0.05355 0.05224 0.05256 0.10659 0.19858 ( 1)  0.895 +-  1.342
  67 K   0.22935 0.07255 0.06387 0.05995 0.05742 0.05540 0.05364 0.05229 0.05259 0.10666 0.19629 ( 1)  0.884 +-  1.321
  68 E   0.22933 0.07254 0.06386 0.05995 0.05742 0.05540 0.05363 0.05229 0.05258 0.10666 0.19634 ( 1)  0.884 +-  1.322
  69 E   0.22933 0.07254 0.06386 0.05995 0.05742 0.05540 0.05363 0.05229 0.05258 0.10666 0.19634 ( 1)  0.884 +-  1.322
  70 L   0.22699 0.07178 0.06326 0.05946 0.05704 0.05510 0.05342 0.05216 0.05251 0.10648 0.20178 ( 1)  0.910 +-  1.372
  71 D   0.22946 0.07259 0.06390 0.05997 0.05744 0.05541 0.05365 0.05230 0.05259 0.10666 0.19603 ( 1)  0.882 +-  1.319
  72 E   0.22933 0.07254 0.06386 0.05995 0.05742 0.05540 0.05363 0.05229 0.05258 0.10666 0.19634 ( 1)  0.884 +-  1.322
  73 K   0.22768 0.07201 0.06344 0.05961 0.05715 0.05519 0.05349 0.05220 0.05254 0.10654 0.20015 ( 1)  0.902 +-  1.356
  74 F   0.22865 0.07232 0.06369 0.05981 0.05731 0.05532 0.05358 0.05226 0.05257 0.10661 0.19789 ( 1)  0.891 +-  1.336
  75 G   0.22943 0.07258 0.06389 0.05997 0.05744 0.05541 0.05365 0.05230 0.05259 0.10667 0.19606 ( 1)  0.883 +-  1.319
  76 H   0.22896 0.07242 0.06377 0.05987 0.05736 0.05535 0.05360 0.05227 0.05257 0.10663 0.19719 ( 1)  0.888 +-  1.330
  77 N   0.22949 0.07260 0.06390 0.05998 0.05745 0.05542 0.05365 0.05230 0.05259 0.10667 0.19597 ( 1)  0.882 +-  1.318
  78 W   0.22739 0.07191 0.06337 0.05955 0.05710 0.05516 0.05346 0.05218 0.05253 0.10652 0.20082 ( 1)  0.905 +-  1.363
  79 Q   0.22679 0.07172 0.06321 0.05942 0.05700 0.05508 0.05341 0.05214 0.05251 0.10647 0.20226 ( 1)  0.912 +-  1.376
  80 V   0.22871 0.07234 0.06370 0.05982 0.05732 0.05532 0.05358 0.05226 0.05257 0.10661 0.19777 ( 1)  0.891 +-  1.335
  81 V   0.22871 0.07234 0.06370 0.05982 0.05732 0.05532 0.05358 0.05226 0.05257 0.10661 0.19777 ( 1)  0.891 +-  1.335
  82 V   0.22881 0.07237 0.06373 0.05984 0.05734 0.05533 0.05359 0.05226 0.05257 0.10662 0.19754 ( 1)  0.890 +-  1.333
  83 T   0.22812 0.07215 0.06355 0.05970 0.05723 0.05525 0.05353 0.05223 0.05256 0.10658 0.19910 ( 1)  0.897 +-  1.346
  84 S   0.22708 0.07181 0.06329 0.05948 0.05705 0.05512 0.05344 0.05216 0.05252 0.10649 0.20155 ( 1)  0.909 +-  1.369
  85 G   0.22943 0.07258 0.06389 0.05997 0.05744 0.05541 0.05365 0.05230 0.05259 0.10667 0.19606 ( 1)  0.883 +-  1.319
  86 Q   0.22747 0.07194 0.06339 0.05956 0.05712 0.05517 0.05347 0.05218 0.05253 0.10652 0.20066 ( 1)  0.905 +-  1.361
  87 F   0.22865 0.07232 0.06369 0.05981 0.05731 0.05532 0.05358 0.05226 0.05257 0.10661 0.19789 ( 1)  0.891 +-  1.336
  88 W   0.22739 0.07191 0.06337 0.05955 0.05710 0.05516 0.05346 0.05218 0.05253 0.10652 0.20082 ( 1)  0.905 +-  1.363
  89 A   0.22884 0.07239 0.06374 0.05985 0.05734 0.05534 0.05360 0.05227 0.05258 0.10663 0.19743 ( 1)  0.889 +-  1.331
  90 W   0.22739 0.07191 0.06337 0.05955 0.05710 0.05516 0.05346 0.05218 0.05253 0.10652 0.20082 ( 1)  0.905 +-  1.363
  91 F   0.22865 0.07232 0.06369 0.05981 0.05731 0.05532 0.05358 0.05226 0.05257 0.10661 0.19789 ( 1)  0.891 +-  1.336
  92 T   0.22881 0.07237 0.06373 0.05984 0.05734 0.05534 0.05359 0.05227 0.05258 0.10663 0.19750 ( 1)  0.889 +-  1.332
  93 H   0.22896 0.07242 0.06377 0.05987 0.05736 0.05535 0.05360 0.05227 0.05257 0.10663 0.19719 ( 1)  0.888 +-  1.330
  94 L   0.22836 0.07223 0.06361 0.05975 0.05726 0.05528 0.05355 0.05224 0.05256 0.10659 0.19858 ( 1)  0.895 +-  1.342
  95 A   0.22815 0.07216 0.06356 0.05971 0.05723 0.05525 0.05353 0.05223 0.05256 0.10658 0.19904 ( 1)  0.897 +-  1.346
  96 G   0.22943 0.07258 0.06389 0.05997 0.05744 0.05541 0.05365 0.05230 0.05259 0.10667 0.19606 ( 1)  0.883 +-  1.319
  97 Y   0.22910 0.07247 0.06380 0.05990 0.05738 0.05537 0.05362 0.05228 0.05258 0.10665 0.19685 ( 1)  0.886 +-  1.326
  98 C   0.22891 0.07241 0.06376 0.05986 0.05735 0.05535 0.05360 0.05227 0.05258 0.10664 0.19727 ( 1)  0.888 +-  1.330
  99 V   0.22871 0.07234 0.06370 0.05982 0.05732 0.05532 0.05358 0.05226 0.05257 0.10661 0.19777 ( 1)  0.891 +-  1.335
 100 V   0.22871 0.07234 0.06370 0.05982 0.05732 0.05532 0.05358 0.05226 0.05257 0.10661 0.19777 ( 1)  0.891 +-  1.335
 101 F   0.22865 0.07232 0.06369 0.05981 0.05731 0.05532 0.05358 0.05226 0.05257 0.10661 0.19789 ( 1)  0.891 +-  1.336
 102 K   0.22935 0.07255 0.06387 0.05995 0.05742 0.05540 0.05364 0.05229 0.05259 0.10666 0.19629 ( 1)  0.884 +-  1.321
 103 L   0.22699 0.07178 0.06326 0.05946 0.05704 0.05510 0.05342 0.05216 0.05251 0.10648 0.20178 ( 1)  0.910 +-  1.372
 104 Q   0.22747 0.07194 0.06339 0.05956 0.05712 0.05517 0.05347 0.05218 0.05253 0.10652 0.20066 ( 1)  0.905 +-  1.361
 105 R   0.22931 0.07254 0.06386 0.05994 0.05742 0.05540 0.05364 0.05229 0.05259 0.10666 0.19636 ( 1)  0.884 +-  1.321
 106 Y   0.22835 0.07222 0.06361 0.05975 0.05726 0.05528 0.05355 0.05224 0.05256 0.10659 0.19859 ( 1)  0.895 +-  1.342
 107 C   0.22891 0.07241 0.06376 0.05986 0.05735 0.05535 0.05360 0.05227 0.05258 0.10664 0.19727 ( 1)  0.888 +-  1.330
 108 F   0.22802 0.07212 0.06353 0.05968 0.05721 0.05524 0.05352 0.05222 0.05255 0.10657 0.19935 ( 1)  0.898 +-  1.349
 109 L   0.22699 0.07178 0.06326 0.05946 0.05704 0.05510 0.05342 0.05216 0.05251 0.10648 0.20178 ( 1)  0.910 +-  1.372
 110 V   0.22871 0.07234 0.06370 0.05982 0.05732 0.05532 0.05358 0.05226 0.05257 0.10661 0.19777 ( 1)  0.891 +-  1.335
 111 W   0.22739 0.07191 0.06337 0.05955 0.05710 0.05516 0.05346 0.05218 0.05253 0.10652 0.20082 ( 1)  0.905 +-  1.363
 112 R   0.22834 0.07222 0.06361 0.05974 0.05726 0.05528 0.05355 0.05224 0.05256 0.10659 0.19860 ( 1)  0.895 +-  1.342
 113 T   0.22881 0.07237 0.06373 0.05984 0.05734 0.05534 0.05359 0.05227 0.05258 0.10663 0.19750 ( 1)  0.889 +-  1.332
 114 K   0.22935 0.07255 0.06387 0.05995 0.05742 0.05540 0.05364 0.05229 0.05259 0.10666 0.19629 ( 1)  0.884 +-  1.321
 115 T   0.22812 0.07215 0.06355 0.05970 0.05723 0.05525 0.05353 0.05223 0.05256 0.10658 0.19910 ( 1)  0.897 +-  1.346
 116 C   0.22821 0.07218 0.06358 0.05972 0.05724 0.05526 0.05354 0.05223 0.05256 0.10659 0.19891 ( 1)  0.896 +-  1.345
 117 Y   0.22835 0.07222 0.06361 0.05975 0.05726 0.05528 0.05355 0.05224 0.05256 0.10659 0.19859 ( 1)  0.895 +-  1.342
 118 Y   0.22910 0.07247 0.06380 0.05990 0.05738 0.05537 0.05362 0.05228 0.05258 0.10665 0.19685 ( 1)  0.886 +-  1.326
 119 R   0.22763 0.07199 0.06343 0.05960 0.05714 0.05519 0.05349 0.05220 0.05254 0.10654 0.20027 ( 1)  0.903 +-  1.357
 120 K   0.22768 0.07201 0.06344 0.05961 0.05715 0.05519 0.05349 0.05220 0.05254 0.10654 0.20015 ( 1)  0.902 +-  1.356
 121 S   0.22861 0.07231 0.06368 0.05980 0.05731 0.05531 0.05358 0.05225 0.05257 0.10662 0.19796 ( 1)  0.892 +-  1.336

Positively selected sites

	Prob(w>1)  mean w


