Supplemental results for CODEML (seqf: algn  treef: tree)


dN/dS (w) for site classes (K=8)

p:   0.12500  0.12500  0.12500  0.12500  0.12500  0.12500  0.12500  0.12500
w:   0.16490  0.18616  0.19994  0.21178  0.22333  0.23581  0.25122  0.27713

Naive Empirical Bayes (NEB) probabilities for 8 classes & postmean_w
(amino acids refer to 1st sequence: Mlig.24532)

   1 M   0.12554 0.12533 0.12519 0.12507 0.12495 0.12483 0.12467 0.12441 ( 1)  0.219
   2 A   0.12561 0.12537 0.12521 0.12508 0.12495 0.12481 0.12463 0.12434 ( 1)  0.219
   3 I   0.12517 0.12511 0.12506 0.12502 0.12499 0.12495 0.12490 0.12481 ( 1)  0.219
   4 R   0.12508 0.12505 0.12503 0.12501 0.12499 0.12498 0.12495 0.12492 ( 1)  0.219
   5 I   0.12560 0.12536 0.12521 0.12508 0.12495 0.12481 0.12464 0.12436 ( 1)  0.219
   6 M   0.12554 0.12533 0.12519 0.12507 0.12495 0.12483 0.12467 0.12441 ( 1)  0.219
   7 T   0.12517 0.12510 0.12506 0.12502 0.12499 0.12495 0.12490 0.12482 ( 1)  0.219
   8 W   0.12525 0.12515 0.12509 0.12503 0.12498 0.12492 0.12485 0.12473 ( 1)  0.219
   9 K   0.12516 0.12509 0.12505 0.12502 0.12499 0.12495 0.12491 0.12483 ( 1)  0.219
  10 T   0.12516 0.12510 0.12506 0.12502 0.12499 0.12495 0.12490 0.12483 ( 1)  0.219
  11 L   0.12513 0.12508 0.12505 0.12502 0.12499 0.12496 0.12492 0.12486 ( 1)  0.219
  12 V   0.12517 0.12510 0.12506 0.12502 0.12499 0.12495 0.12490 0.12481 ( 1)  0.219
  13 E   0.12518 0.12511 0.12506 0.12502 0.12498 0.12494 0.12489 0.12481 ( 1)  0.219
  14 C   0.09428 0.10641 0.11427 0.12102 0.12760 0.13471 0.14349 0.15823 ( 8)  0.224
  15 G   0.09443 0.10652 0.11434 0.12106 0.12760 0.13467 0.14338 0.15800 ( 8)  0.224
  16 L   0.12509 0.12506 0.12503 0.12501 0.12499 0.12497 0.12494 0.12490 ( 1)  0.219
  17 L   0.12509 0.12506 0.12503 0.12501 0.12499 0.12497 0.12494 0.12490 ( 1)  0.219
  18 A   0.12561 0.12537 0.12521 0.12508 0.12495 0.12481 0.12463 0.12434 ( 1)  0.219
  19 I   0.12539 0.12523 0.12513 0.12505 0.12497 0.12488 0.12477 0.12458 ( 1)  0.219
  20 V   0.12517 0.12510 0.12506 0.12502 0.12499 0.12495 0.12490 0.12481 ( 1)  0.219
  21 A   0.12561 0.12537 0.12521 0.12508 0.12495 0.12481 0.12463 0.12434 ( 1)  0.219
  22 V   0.12517 0.12510 0.12506 0.12502 0.12499 0.12495 0.12490 0.12481 ( 1)  0.219
  23 L   0.12529 0.12517 0.12510 0.12504 0.12498 0.12491 0.12483 0.12469 ( 1)  0.219
  24 S   0.12546 0.12528 0.12516 0.12506 0.12496 0.12485 0.12472 0.12450 ( 1)  0.219
  25 A   0.12517 0.12510 0.12506 0.12502 0.12499 0.12495 0.12490 0.12482 ( 1)  0.219
  26 A   0.12561 0.12537 0.12521 0.12508 0.12495 0.12481 0.12463 0.12434 ( 1)  0.219
  27 C   0.12512 0.12507 0.12504 0.12502 0.12499 0.12496 0.12493 0.12487 ( 1)  0.219
  28 L   0.12529 0.12517 0.12510 0.12504 0.12498 0.12491 0.12483 0.12469 ( 1)  0.219
  29 A   0.12516 0.12510 0.12506 0.12502 0.12499 0.12495 0.12490 0.12482 ( 1)  0.219
  30 T   0.12561 0.12537 0.12521 0.12508 0.12495 0.12481 0.12464 0.12435 ( 1)  0.219
  31 A   0.12561 0.12537 0.12521 0.12508 0.12495 0.12481 0.12463 0.12434 ( 1)  0.219
  32 S   0.12555 0.12533 0.12519 0.12507 0.12495 0.12483 0.12467 0.12441 ( 1)  0.219
  33 P   0.12538 0.12523 0.12513 0.12505 0.12497 0.12488 0.12477 0.12459 ( 1)  0.219
  34 P   0.12538 0.12523 0.12513 0.12505 0.12497 0.12488 0.12477 0.12459 ( 1)  0.219
  35 A   0.12517 0.12510 0.12506 0.12502 0.12499 0.12495 0.12490 0.12482 ( 1)  0.219
  36 Y   0.12511 0.12507 0.12504 0.12501 0.12499 0.12497 0.12493 0.12488 ( 1)  0.219
  37 C   0.12512 0.12507 0.12504 0.12502 0.12499 0.12496 0.12493 0.12487 ( 1)  0.219
  38 P   0.12538 0.12523 0.12513 0.12505 0.12497 0.12488 0.12477 0.12459 ( 1)  0.219
  39 A   0.12516 0.12510 0.12506 0.12502 0.12499 0.12495 0.12490 0.12482 ( 1)  0.219
  40 L   0.12548 0.12529 0.12517 0.12506 0.12496 0.12485 0.12471 0.12449 ( 1)  0.219
  41 N   0.12554 0.12533 0.12519 0.12507 0.12495 0.12483 0.12467 0.12442 ( 1)  0.219
  42 E   0.12548 0.12529 0.12517 0.12506 0.12496 0.12485 0.12471 0.12448 ( 1)  0.219
  43 P   0.12547 0.12528 0.12516 0.12506 0.12496 0.12485 0.12472 0.12450 ( 1)  0.219
  44 G   0.12555 0.12533 0.12519 0.12507 0.12495 0.12483 0.12467 0.12440 ( 1)  0.219
  45 I   0.12560 0.12536 0.12521 0.12508 0.12495 0.12481 0.12464 0.12436 ( 1)  0.219
  46 S   0.12555 0.12533 0.12519 0.12507 0.12495 0.12483 0.12467 0.12441 ( 1)  0.219
  47 G   0.12555 0.12533 0.12519 0.12507 0.12495 0.12483 0.12467 0.12440 ( 1)  0.219
  48 G   0.12555 0.12533 0.12519 0.12507 0.12495 0.12483 0.12467 0.12440 ( 1)  0.219
  49 D   0.12558 0.12535 0.12520 0.12508 0.12495 0.12482 0.12465 0.12437 ( 1)  0.219
  50 Q   0.12528 0.12517 0.12510 0.12504 0.12498 0.12491 0.12483 0.12470 ( 1)  0.219
  51 P   0.12547 0.12528 0.12516 0.12506 0.12496 0.12485 0.12472 0.12450 ( 1)  0.219
  52 K   0.12544 0.12527 0.12515 0.12506 0.12496 0.12486 0.12474 0.12453 ( 1)  0.219
  53 R   0.12533 0.12520 0.12512 0.12504 0.12497 0.12489 0.12480 0.12464 ( 1)  0.219
  54 V   0.12551 0.12531 0.12518 0.12507 0.12496 0.12484 0.12469 0.12445 ( 1)  0.219
  55 F   0.12545 0.12527 0.12516 0.12506 0.12496 0.12486 0.12473 0.12451 ( 1)  0.219
  56 A   0.12517 0.12510 0.12506 0.12502 0.12499 0.12495 0.12490 0.12482 ( 1)  0.219
  57 G   0.12555 0.12533 0.12519 0.12507 0.12495 0.12483 0.12467 0.12440 ( 1)  0.219
  58 D   0.12558 0.12535 0.12520 0.12508 0.12495 0.12482 0.12465 0.12437 ( 1)  0.219
  59 R   0.12542 0.12525 0.12515 0.12505 0.12496 0.12487 0.12475 0.12454 ( 1)  0.219
  60 L   0.12548 0.12529 0.12517 0.12506 0.12496 0.12485 0.12471 0.12449 ( 1)  0.219
  61 L   0.12529 0.12517 0.12510 0.12504 0.12498 0.12491 0.12483 0.12469 ( 1)  0.219
  62 L   0.12548 0.12529 0.12517 0.12506 0.12496 0.12485 0.12471 0.12449 ( 1)  0.219
  63 S   0.12555 0.12533 0.12519 0.12507 0.12495 0.12483 0.12467 0.12441 ( 1)  0.219
  64 C   0.12541 0.12525 0.12514 0.12505 0.12496 0.12487 0.12475 0.12455 ( 1)  0.219
  65 C   0.12541 0.12525 0.12514 0.12505 0.12496 0.12487 0.12475 0.12455 ( 1)  0.219
  66 L   0.12513 0.12508 0.12505 0.12502 0.12499 0.12496 0.12492 0.12486 ( 1)  0.219
  67 R   0.12512 0.12507 0.12504 0.12502 0.12499 0.12496 0.12493 0.12487 ( 1)  0.219
  68 R   0.12515 0.12509 0.12505 0.12502 0.12499 0.12495 0.12491 0.12484 ( 1)  0.219
  69 S   0.12555 0.12533 0.12519 0.12507 0.12495 0.12483 0.12467 0.12441 ( 1)  0.219
  70 R   0.12542 0.12525 0.12515 0.12505 0.12496 0.12487 0.12475 0.12454 ( 1)  0.219
  71 D   0.12558 0.12535 0.12520 0.12508 0.12495 0.12482 0.12465 0.12437 ( 1)  0.219
  72 S   0.12546 0.12528 0.12516 0.12506 0.12496 0.12485 0.12472 0.12450 ( 1)  0.219
  73 S   0.12513 0.12508 0.12504 0.12502 0.12499 0.12496 0.12492 0.12486 ( 1)  0.219
  74 V   0.12562 0.12538 0.12522 0.12508 0.12495 0.12480 0.12463 0.12433 ( 1)  0.219
  75 G   0.12555 0.12533 0.12519 0.12507 0.12495 0.12483 0.12467 0.12440 ( 1)  0.219
  76 G   0.12555 0.12533 0.12519 0.12507 0.12495 0.12483 0.12467 0.12440 ( 1)  0.219
  77 L   0.12529 0.12517 0.12510 0.12504 0.12498 0.12491 0.12483 0.12469 ( 1)  0.219
  78 L   0.12548 0.12529 0.12517 0.12506 0.12496 0.12485 0.12471 0.12449 ( 1)  0.219
  79 W   0.12525 0.12515 0.12509 0.12503 0.12498 0.12492 0.12485 0.12473 ( 1)  0.219
  80 L   0.12548 0.12529 0.12517 0.12506 0.12496 0.12485 0.12471 0.12449 ( 1)  0.219
  81 A   0.12516 0.12510 0.12506 0.12502 0.12499 0.12495 0.12490 0.12482 ( 1)  0.219
  82 P   0.12538 0.12523 0.12513 0.12505 0.12497 0.12488 0.12477 0.12459 ( 1)  0.219
  83 D   0.12558 0.12535 0.12520 0.12508 0.12495 0.12482 0.12465 0.12437 ( 1)  0.219
  84 G   0.12555 0.12533 0.12519 0.12507 0.12495 0.12483 0.12467 0.12440 ( 1)  0.219
  85 S   0.12555 0.12533 0.12519 0.12507 0.12495 0.12483 0.12467 0.12441 ( 1)  0.219
  86 P   0.12538 0.12523 0.12513 0.12505 0.12497 0.12488 0.12477 0.12459 ( 1)  0.219
  87 V   0.12517 0.12510 0.12506 0.12502 0.12499 0.12495 0.12490 0.12481 ( 1)  0.219
  88 D   0.12558 0.12535 0.12520 0.12508 0.12495 0.12482 0.12465 0.12437 ( 1)  0.219
  89 H   0.12545 0.12527 0.12516 0.12506 0.12496 0.12486 0.12473 0.12452 ( 1)  0.219
  90 F   0.12545 0.12527 0.12516 0.12506 0.12496 0.12486 0.12473 0.12451 ( 1)  0.219
  91 S   0.12555 0.12533 0.12519 0.12507 0.12495 0.12483 0.12467 0.12441 ( 1)  0.219
  92 G   0.12555 0.12533 0.12519 0.12507 0.12495 0.12483 0.12467 0.12440 ( 1)  0.219
  93 S   0.12546 0.12528 0.12516 0.12506 0.12496 0.12485 0.12472 0.12450 ( 1)  0.219
  94 S   0.12546 0.12528 0.12516 0.12506 0.12496 0.12485 0.12472 0.12450 ( 1)  0.219
  95 S   0.12555 0.12533 0.12519 0.12507 0.12495 0.12483 0.12467 0.12441 ( 1)  0.219
  96 S   0.12537 0.12522 0.12513 0.12505 0.12497 0.12488 0.12478 0.12460 ( 1)  0.219
  97 D   0.12558 0.12535 0.12520 0.12508 0.12495 0.12482 0.12465 0.12437 ( 1)  0.219
  98 D   0.12518 0.12511 0.12506 0.12502 0.12498 0.12494 0.12489 0.12480 ( 1)  0.219
  99 A   0.12561 0.12537 0.12521 0.12508 0.12495 0.12481 0.12463 0.12434 ( 1)  0.219
 100 D   0.12558 0.12535 0.12520 0.12508 0.12495 0.12482 0.12465 0.12437 ( 1)  0.219
 101 F   0.12545 0.12527 0.12516 0.12506 0.12496 0.12486 0.12473 0.12451 ( 1)  0.219
 102 I   0.09472 0.10673 0.11448 0.12113 0.12760 0.13458 0.14318 0.15758 ( 8)  0.224
 103 L   0.12529 0.12517 0.12510 0.12504 0.12498 0.12491 0.12483 0.12469 ( 1)  0.219
 104 S   0.12546 0.12528 0.12516 0.12506 0.12496 0.12485 0.12472 0.12450 ( 1)  0.219
 105 D   0.12558 0.12535 0.12520 0.12508 0.12495 0.12482 0.12465 0.12437 ( 1)  0.219
 106 S   0.12546 0.12528 0.12516 0.12506 0.12496 0.12485 0.12472 0.12450 ( 1)  0.219
 107 A   0.12561 0.12537 0.12521 0.12508 0.12495 0.12481 0.12463 0.12434 ( 1)  0.219
 108 D   0.12558 0.12535 0.12520 0.12508 0.12495 0.12482 0.12465 0.12437 ( 1)  0.219
 109 N   0.12516 0.12510 0.12506 0.12502 0.12499 0.12495 0.12490 0.12483 ( 1)  0.219
 110 G   0.12515 0.12509 0.12505 0.12502 0.12499 0.12495 0.12491 0.12483 ( 1)  0.219
 111 R   0.12542 0.12525 0.12515 0.12505 0.12496 0.12487 0.12475 0.12454 ( 1)  0.219
 112 L   0.12506 0.12504 0.12502 0.12501 0.12499 0.12498 0.12496 0.12493 ( 1)  0.219
 113 A   0.12516 0.12510 0.12506 0.12502 0.12499 0.12495 0.12490 0.12482 ( 1)  0.219
 114 T   0.12516 0.12510 0.12506 0.12502 0.12499 0.12495 0.12490 0.12483 ( 1)  0.219
 115 A   0.12550 0.12530 0.12517 0.12506 0.12496 0.12484 0.12470 0.12446 ( 1)  0.219
 116 L   0.12529 0.12517 0.12510 0.12504 0.12498 0.12491 0.12483 0.12469 ( 1)  0.219
 117 L   0.12529 0.12517 0.12510 0.12504 0.12498 0.12491 0.12483 0.12469 ( 1)  0.219
 118 V   0.12517 0.12510 0.12506 0.12502 0.12499 0.12495 0.12490 0.12481 ( 1)  0.219
 119 A   0.12550 0.12530 0.12517 0.12506 0.12496 0.12484 0.12470 0.12446 ( 1)  0.219
 120 P   0.12538 0.12523 0.12513 0.12505 0.12497 0.12488 0.12477 0.12459 ( 1)  0.219
 121 R   0.12508 0.12505 0.12503 0.12501 0.12499 0.12498 0.12495 0.12492 ( 1)  0.219
 122 A   0.12533 0.12520 0.12512 0.12504 0.12497 0.12490 0.12480 0.12464 ( 1)  0.219
 123 S   0.12537 0.12522 0.12513 0.12505 0.12497 0.12488 0.12478 0.12460 ( 1)  0.219
 124 P   0.12547 0.12528 0.12516 0.12506 0.12496 0.12485 0.12472 0.12450 ( 1)  0.219
 125 E   0.12518 0.12511 0.12506 0.12502 0.12498 0.12494 0.12489 0.12481 ( 1)  0.219
 126 R   0.12508 0.12505 0.12503 0.12501 0.12499 0.12498 0.12495 0.12492 ( 1)  0.219
 127 H   0.12545 0.12527 0.12516 0.12506 0.12496 0.12486 0.12473 0.12452 ( 1)  0.219
 128 A   0.12561 0.12537 0.12521 0.12508 0.12495 0.12481 0.12463 0.12434 ( 1)  0.219
 129 G   0.12555 0.12533 0.12519 0.12507 0.12495 0.12483 0.12467 0.12440 ( 1)  0.219
 130 I   0.12560 0.12536 0.12521 0.12508 0.12495 0.12481 0.12464 0.12436 ( 1)  0.219
 131 F   0.12545 0.12527 0.12516 0.12506 0.12496 0.12486 0.12473 0.12451 ( 1)  0.219
 132 V   0.12551 0.12531 0.12518 0.12507 0.12496 0.12484 0.12469 0.12445 ( 1)  0.219
 133 C   0.12541 0.12525 0.12514 0.12505 0.12496 0.12487 0.12475 0.12455 ( 1)  0.219
 134 K   0.12516 0.12509 0.12505 0.12502 0.12499 0.12495 0.12491 0.12483 ( 1)  0.219
 135 D   0.12558 0.12535 0.12520 0.12508 0.12495 0.12482 0.12465 0.12437 ( 1)  0.219
 136 E   0.12518 0.12511 0.12506 0.12502 0.12498 0.12494 0.12489 0.12481 ( 1)  0.219
 137 E   0.12548 0.12529 0.12517 0.12506 0.12496 0.12485 0.12471 0.12448 ( 1)  0.219
 138 T   0.12549 0.12530 0.12517 0.12506 0.12496 0.12484 0.12470 0.12447 ( 1)  0.219
 139 G   0.12555 0.12533 0.12519 0.12507 0.12495 0.12483 0.12467 0.12440 ( 1)  0.219
 140 A   0.12561 0.12537 0.12521 0.12508 0.12495 0.12481 0.12463 0.12434 ( 1)  0.219
 141 A   0.12550 0.12530 0.12517 0.12506 0.12496 0.12484 0.12470 0.12446 ( 1)  0.219
 142 A   0.12516 0.12510 0.12506 0.12502 0.12499 0.12495 0.12490 0.12482 ( 1)  0.219
 143 S   0.12555 0.12533 0.12519 0.12507 0.12495 0.12483 0.12467 0.12441 ( 1)  0.219
 144 L   0.12513 0.12508 0.12505 0.12502 0.12499 0.12496 0.12492 0.12486 ( 1)  0.219
 145 R   0.12533 0.12520 0.12512 0.12504 0.12497 0.12489 0.12480 0.12464 ( 1)  0.219
 146 V   0.12562 0.12538 0.12522 0.12508 0.12495 0.12480 0.12463 0.12433 ( 1)  0.219
 147 D   0.12558 0.12535 0.12520 0.12508 0.12495 0.12482 0.12465 0.12437 ( 1)  0.219
 148 V   0.12551 0.12531 0.12518 0.12507 0.12496 0.12484 0.12469 0.12445 ( 1)  0.219
 149 A   0.12561 0.12537 0.12521 0.12508 0.12495 0.12481 0.12463 0.12434 ( 1)  0.219
 150 R   0.12542 0.12525 0.12515 0.12505 0.12496 0.12487 0.12475 0.12454 ( 1)  0.219
 151 R   0.12508 0.12505 0.12503 0.12501 0.12499 0.12498 0.12495 0.12492 ( 1)  0.219
 152 L   0.12529 0.12517 0.12510 0.12504 0.12498 0.12491 0.12483 0.12469 ( 1)  0.219
 153 R   0.12508 0.12505 0.12503 0.12501 0.12499 0.12498 0.12495 0.12492 ( 1)  0.219
 154 L   0.12529 0.12517 0.12510 0.12504 0.12498 0.12491 0.12483 0.12469 ( 1)  0.219
 155 T   0.12549 0.12530 0.12517 0.12506 0.12496 0.12484 0.12470 0.12447 ( 1)  0.219
 156 A   0.12550 0.12530 0.12517 0.12506 0.12496 0.12484 0.12470 0.12446 ( 1)  0.219
 157 P   0.12538 0.12523 0.12513 0.12505 0.12497 0.12488 0.12477 0.12459 ( 1)  0.219
 158 P   0.12525 0.12515 0.12509 0.12503 0.12498 0.12492 0.12485 0.12473 ( 1)  0.219
 159 V   0.12551 0.12531 0.12518 0.12507 0.12496 0.12484 0.12469 0.12445 ( 1)  0.219
 160 Q   0.12528 0.12517 0.12510 0.12504 0.12498 0.12491 0.12483 0.12470 ( 1)  0.219
 161 W   0.12525 0.12515 0.12509 0.12503 0.12498 0.12492 0.12485 0.12473 ( 1)  0.219
 162 L   0.12548 0.12529 0.12517 0.12506 0.12496 0.12485 0.12471 0.12449 ( 1)  0.219
 163 R   0.12512 0.12507 0.12504 0.12502 0.12499 0.12496 0.12493 0.12487 ( 1)  0.219
 164 Q   0.12528 0.12517 0.12510 0.12504 0.12498 0.12491 0.12483 0.12470 ( 1)  0.219
 165 G   0.12555 0.12533 0.12519 0.12507 0.12495 0.12483 0.12467 0.12440 ( 1)  0.219
 166 S   0.12546 0.12528 0.12516 0.12506 0.12496 0.12485 0.12472 0.12450 ( 1)  0.219
 167 D   0.12558 0.12535 0.12520 0.12508 0.12495 0.12482 0.12465 0.12437 ( 1)  0.219
 168 G   0.12555 0.12533 0.12519 0.12507 0.12495 0.12483 0.12467 0.12440 ( 1)  0.219
 169 K   0.12516 0.12509 0.12505 0.12502 0.12499 0.12495 0.12491 0.12483 ( 1)  0.219
 170 A   0.12561 0.12537 0.12521 0.12508 0.12495 0.12481 0.12463 0.12434 ( 1)  0.219
 171 V   0.12551 0.12531 0.12518 0.12507 0.12496 0.12484 0.12469 0.12445 ( 1)  0.219
 172 C   0.12541 0.12525 0.12514 0.12505 0.12496 0.12487 0.12475 0.12455 ( 1)  0.219
 173 T   0.12561 0.12537 0.12521 0.12508 0.12495 0.12481 0.12464 0.12435 ( 1)  0.219
 174 S   0.12537 0.12522 0.12513 0.12505 0.12497 0.12488 0.12478 0.12460 ( 1)  0.219
 175 A   0.12561 0.12537 0.12521 0.12508 0.12495 0.12481 0.12463 0.12434 ( 1)  0.219
 176 E   0.12548 0.12529 0.12517 0.12506 0.12496 0.12485 0.12471 0.12448 ( 1)  0.219
 177 P   0.12538 0.12523 0.12513 0.12505 0.12497 0.12488 0.12477 0.12459 ( 1)  0.219
 178 L   0.12529 0.12517 0.12510 0.12504 0.12498 0.12491 0.12483 0.12469 ( 1)  0.219
 179 P   0.12512 0.12508 0.12504 0.12502 0.12499 0.12496 0.12493 0.12487 ( 1)  0.219
 180 A   0.12561 0.12537 0.12521 0.12508 0.12495 0.12481 0.12463 0.12434 ( 1)  0.219
 181 A   0.12516 0.12510 0.12506 0.12502 0.12499 0.12495 0.12490 0.12482 ( 1)  0.219
 182 D   0.09468 0.10670 0.11446 0.12112 0.12760 0.13460 0.14321 0.15763 ( 8)  0.224
 183 E   0.12518 0.12511 0.12506 0.12502 0.12498 0.12494 0.12489 0.12481 ( 1)  0.219
 184 A   0.12561 0.12537 0.12521 0.12508 0.12495 0.12481 0.12463 0.12434 ( 1)  0.219
 185 N   0.09466 0.10669 0.11445 0.12112 0.12760 0.13460 0.14322 0.15766 ( 8)  0.224
 186 I   0.12517 0.12511 0.12506 0.12502 0.12499 0.12495 0.12490 0.12481 ( 1)  0.219
 187 Q   0.12511 0.12507 0.12504 0.12501 0.12499 0.12497 0.12494 0.12488 ( 1)  0.219
 188 I   0.12560 0.12536 0.12521 0.12508 0.12495 0.12481 0.12464 0.12436 ( 1)  0.219
 189 S   0.12537 0.12522 0.12513 0.12505 0.12497 0.12488 0.12478 0.12460 ( 1)  0.219
 190 W   0.12525 0.12515 0.12509 0.12503 0.12498 0.12492 0.12485 0.12473 ( 1)  0.219
 191 Y   0.12540 0.12524 0.12514 0.12505 0.12497 0.12487 0.12476 0.12457 ( 1)  0.219
 192 R   0.12533 0.12520 0.12512 0.12504 0.12497 0.12489 0.12480 0.12464 ( 1)  0.219
 193 E   0.12548 0.12529 0.12517 0.12506 0.12496 0.12485 0.12471 0.12448 ( 1)  0.219
 194 R   0.12512 0.12507 0.12504 0.12502 0.12499 0.12496 0.12493 0.12487 ( 1)  0.219
 195 R   0.12542 0.12525 0.12515 0.12505 0.12496 0.12487 0.12475 0.12454 ( 1)  0.219
 196 K   0.12544 0.12527 0.12515 0.12506 0.12496 0.12486 0.12474 0.12453 ( 1)  0.219
 197 I   0.12530 0.12518 0.12511 0.12504 0.12497 0.12490 0.12482 0.12467 ( 1)  0.219
 198 P   0.12538 0.12523 0.12513 0.12505 0.12497 0.12488 0.12477 0.12459 ( 1)  0.219
 199 D   0.12518 0.12511 0.12506 0.12502 0.12498 0.12494 0.12489 0.12480 ( 1)  0.219
 200 V   0.12551 0.12531 0.12518 0.12507 0.12496 0.12484 0.12469 0.12445 ( 1)  0.219
 201 K   0.12516 0.12509 0.12505 0.12502 0.12499 0.12495 0.12491 0.12483 ( 1)  0.219
 202 A   0.12517 0.12510 0.12506 0.12502 0.12499 0.12495 0.12490 0.12482 ( 1)  0.219
 203 G   0.12515 0.12509 0.12505 0.12502 0.12499 0.12495 0.12491 0.12484 ( 1)  0.219
 204 G   0.12555 0.12533 0.12519 0.12507 0.12495 0.12483 0.12467 0.12440 ( 1)  0.219
 205 G   0.12515 0.12509 0.12505 0.12502 0.12499 0.12495 0.12491 0.12484 ( 1)  0.219
 206 R   0.12544 0.12526 0.12515 0.12506 0.12496 0.12486 0.12474 0.12453 ( 1)  0.219
 207 E   0.12548 0.12529 0.12517 0.12506 0.12496 0.12485 0.12471 0.12448 ( 1)  0.219
 208 R   0.12533 0.12520 0.12512 0.12504 0.12497 0.12489 0.12480 0.12464 ( 1)  0.219
 209 V   0.12551 0.12531 0.12518 0.12507 0.12496 0.12484 0.12469 0.12445 ( 1)  0.219
 210 R   0.12544 0.12526 0.12515 0.12506 0.12496 0.12486 0.12474 0.12453 ( 1)  0.219
 211 S   0.12546 0.12528 0.12516 0.12506 0.12496 0.12485 0.12472 0.12450 ( 1)  0.219
 212 N   0.12554 0.12533 0.12519 0.12507 0.12495 0.12483 0.12467 0.12442 ( 1)  0.219
 213 G   0.12515 0.12509 0.12505 0.12502 0.12499 0.12495 0.12491 0.12484 ( 1)  0.219
 214 S   0.12537 0.12522 0.12513 0.12505 0.12497 0.12488 0.12478 0.12460 ( 1)  0.219
 215 T   0.12561 0.12537 0.12521 0.12508 0.12495 0.12481 0.12464 0.12435 ( 1)  0.219
 216 L   0.12529 0.12517 0.12510 0.12504 0.12498 0.12491 0.12483 0.12469 ( 1)  0.219
 217 L   0.12523 0.12514 0.12508 0.12503 0.12498 0.12493 0.12486 0.12475 ( 1)  0.219
 218 V   0.12551 0.12531 0.12518 0.12507 0.12496 0.12484 0.12469 0.12445 ( 1)  0.219
 219 T   0.12549 0.12530 0.12517 0.12506 0.12496 0.12484 0.12470 0.12447 ( 1)  0.219
 220 R   0.12508 0.12505 0.12503 0.12501 0.12499 0.12498 0.12495 0.12492 ( 1)  0.219
 221 A   0.12561 0.12537 0.12521 0.12508 0.12495 0.12481 0.12463 0.12434 ( 1)  0.219
 222 L   0.12529 0.12517 0.12510 0.12504 0.12498 0.12491 0.12483 0.12469 ( 1)  0.219
 223 E   0.12548 0.12529 0.12517 0.12506 0.12496 0.12485 0.12471 0.12448 ( 1)  0.219
 224 S   0.12537 0.12522 0.12513 0.12505 0.12497 0.12488 0.12478 0.12460 ( 1)  0.219
 225 D   0.12558 0.12535 0.12520 0.12508 0.12495 0.12482 0.12465 0.12437 ( 1)  0.219
 226 E   0.12548 0.12529 0.12517 0.12506 0.12496 0.12485 0.12471 0.12448 ( 1)  0.219
 227 G   0.12515 0.12509 0.12505 0.12502 0.12499 0.12495 0.12491 0.12483 ( 1)  0.219
 228 A   0.12561 0.12537 0.12521 0.12508 0.12495 0.12481 0.12463 0.12434 ( 1)  0.219
 229 Y   0.12540 0.12524 0.12514 0.12505 0.12497 0.12487 0.12476 0.12457 ( 1)  0.219
 230 A   0.12561 0.12537 0.12521 0.12508 0.12495 0.12481 0.12463 0.12434 ( 1)  0.219
 231 C   0.12541 0.12525 0.12514 0.12505 0.12496 0.12487 0.12475 0.12455 ( 1)  0.219
 232 Q   0.12528 0.12517 0.12510 0.12504 0.12498 0.12491 0.12483 0.12470 ( 1)  0.219
 233 G   0.12515 0.12509 0.12505 0.12502 0.12499 0.12495 0.12491 0.12483 ( 1)  0.219
 234 R   0.12542 0.12525 0.12515 0.12505 0.12496 0.12487 0.12475 0.12454 ( 1)  0.219
 235 L   0.12529 0.12517 0.12510 0.12504 0.12498 0.12491 0.12483 0.12469 ( 1)  0.219
 236 P   0.12547 0.12528 0.12516 0.12506 0.12496 0.12485 0.12472 0.12450 ( 1)  0.219
 237 A   0.12561 0.12537 0.12521 0.12508 0.12495 0.12481 0.12463 0.12434 ( 1)  0.219
 238 I   0.12560 0.12536 0.12521 0.12508 0.12495 0.12481 0.12464 0.12436 ( 1)  0.219
 239 G   0.12555 0.12533 0.12519 0.12507 0.12495 0.12483 0.12467 0.12440 ( 1)  0.219
 240 A   0.12516 0.12510 0.12506 0.12502 0.12499 0.12495 0.12490 0.12482 ( 1)  0.219
 241 D   0.12518 0.12511 0.12506 0.12502 0.12498 0.12494 0.12489 0.12480 ( 1)  0.219
 242 L   0.12517 0.12510 0.12506 0.12502 0.12499 0.12495 0.12490 0.12482 ( 1)  0.219
 243 D   0.12558 0.12535 0.12520 0.12508 0.12495 0.12482 0.12465 0.12437 ( 1)  0.219
 244 A   0.12561 0.12537 0.12521 0.12508 0.12495 0.12481 0.12463 0.12434 ( 1)  0.219
 245 Q   0.12528 0.12517 0.12510 0.12504 0.12498 0.12491 0.12483 0.12470 ( 1)  0.219
 246 I   0.12560 0.12536 0.12521 0.12508 0.12495 0.12481 0.12464 0.12436 ( 1)  0.219
 247 D   0.12558 0.12535 0.12520 0.12508 0.12495 0.12482 0.12465 0.12437 ( 1)  0.219
 248 V   0.12517 0.12510 0.12506 0.12502 0.12499 0.12495 0.12490 0.12481 ( 1)  0.219
 249 R   0.12508 0.12505 0.12503 0.12501 0.12499 0.12498 0.12495 0.12492 ( 1)  0.219
 250 V   0.12517 0.12510 0.12506 0.12502 0.12499 0.12495 0.12490 0.12481 ( 1)  0.219
 251 V   0.12517 0.12510 0.12506 0.12502 0.12499 0.12495 0.12490 0.12481 ( 1)  0.219
 252 Q   0.12511 0.12507 0.12504 0.12501 0.12499 0.12497 0.12494 0.12488 ( 1)  0.219
 253 L   0.12513 0.12508 0.12505 0.12502 0.12499 0.12496 0.12492 0.12486 ( 1)  0.219
 254 R   0.12533 0.12520 0.12512 0.12504 0.12497 0.12489 0.12480 0.12464 ( 1)  0.219
 255 V   0.12562 0.12538 0.12522 0.12508 0.12495 0.12480 0.12463 0.12433 ( 1)  0.219
 256 Y   0.12511 0.12507 0.12504 0.12501 0.12499 0.12497 0.12493 0.12488 ( 1)  0.219
 257 R   0.12533 0.12520 0.12512 0.12504 0.12497 0.12489 0.12480 0.12464 ( 1)  0.219
 258 K   0.12544 0.12527 0.12515 0.12506 0.12496 0.12486 0.12474 0.12453 ( 1)  0.219
 259 P   0.12538 0.12523 0.12513 0.12505 0.12497 0.12488 0.12477 0.12459 ( 1)  0.219
 260 R   0.12542 0.12525 0.12515 0.12505 0.12496 0.12487 0.12475 0.12454 ( 1)  0.219
 261 I   0.12560 0.12536 0.12521 0.12508 0.12495 0.12481 0.12464 0.12436 ( 1)  0.219
 262 L   0.12509 0.12506 0.12503 0.12501 0.12499 0.12497 0.12494 0.12490 ( 1)  0.219
 263 R   0.12542 0.12525 0.12515 0.12505 0.12496 0.12487 0.12475 0.12454 ( 1)  0.219
 264 G   0.12555 0.12533 0.12519 0.12507 0.12495 0.12483 0.12467 0.12440 ( 1)  0.219
 265 P   0.12547 0.12528 0.12516 0.12506 0.12496 0.12485 0.12472 0.12450 ( 1)  0.219
 266 W   0.12525 0.12515 0.12509 0.12503 0.12498 0.12492 0.12485 0.12473 ( 1)  0.219
 267 V   0.12551 0.12531 0.12518 0.12507 0.12496 0.12484 0.12469 0.12445 ( 1)  0.219
 268 A   0.12550 0.12530 0.12517 0.12506 0.12496 0.12484 0.12470 0.12446 ( 1)  0.219
 269 S   0.12555 0.12533 0.12519 0.12507 0.12495 0.12483 0.12467 0.12441 ( 1)  0.219
 270 A   0.12550 0.12530 0.12517 0.12506 0.12496 0.12484 0.12470 0.12446 ( 1)  0.219
 271 G   0.12555 0.12533 0.12519 0.12507 0.12495 0.12483 0.12467 0.12440 ( 1)  0.219
 272 G   0.12555 0.12533 0.12519 0.12507 0.12495 0.12483 0.12467 0.12440 ( 1)  0.219
 273 G   0.12555 0.12533 0.12519 0.12507 0.12495 0.12483 0.12467 0.12440 ( 1)  0.219
 274 K   0.12544 0.12527 0.12515 0.12506 0.12496 0.12486 0.12474 0.12453 ( 1)  0.219
 275 A   0.12550 0.12530 0.12517 0.12506 0.12496 0.12484 0.12470 0.12446 ( 1)  0.219
 276 V   0.12562 0.12538 0.12522 0.12508 0.12495 0.12480 0.12463 0.12433 ( 1)  0.219
 277 Q   0.12528 0.12517 0.12510 0.12504 0.12498 0.12491 0.12483 0.12470 ( 1)  0.219
 278 G   0.12555 0.12533 0.12519 0.12507 0.12495 0.12483 0.12467 0.12440 ( 1)  0.219
 279 L   0.12548 0.12529 0.12517 0.12506 0.12496 0.12485 0.12471 0.12449 ( 1)  0.219
 280 T   0.12517 0.12510 0.12506 0.12502 0.12499 0.12495 0.12490 0.12482 ( 1)  0.219
 281 N   0.12554 0.12533 0.12519 0.12507 0.12495 0.12483 0.12467 0.12442 ( 1)  0.219
 282 E   0.12548 0.12529 0.12517 0.12506 0.12496 0.12485 0.12471 0.12448 ( 1)  0.219
 283 F   0.12545 0.12527 0.12516 0.12506 0.12496 0.12486 0.12473 0.12451 ( 1)  0.219
 284 A   0.12561 0.12537 0.12521 0.12508 0.12495 0.12481 0.12463 0.12434 ( 1)  0.219
 285 C   0.12512 0.12507 0.12504 0.12502 0.12499 0.12496 0.12493 0.12487 ( 1)  0.219
 286 L   0.12529 0.12517 0.12510 0.12504 0.12498 0.12491 0.12483 0.12469 ( 1)  0.219
 287 V   0.12551 0.12531 0.12518 0.12507 0.12496 0.12484 0.12469 0.12445 ( 1)  0.219
 288 D   0.12558 0.12535 0.12520 0.12508 0.12495 0.12482 0.12465 0.12437 ( 1)  0.219
 289 S   0.12537 0.12522 0.12513 0.12505 0.12497 0.12488 0.12478 0.12460 ( 1)  0.219
 290 R   0.12512 0.12507 0.12504 0.12502 0.12499 0.12496 0.12493 0.12487 ( 1)  0.219
 291 P   0.12538 0.12523 0.12513 0.12505 0.12497 0.12488 0.12477 0.12459 ( 1)  0.219
 292 P   0.12538 0.12523 0.12513 0.12505 0.12497 0.12488 0.12477 0.12459 ( 1)  0.219
 293 A   0.12550 0.12530 0.12517 0.12506 0.12496 0.12484 0.12470 0.12446 ( 1)  0.219
 294 Q   0.12511 0.12507 0.12504 0.12501 0.12499 0.12497 0.12494 0.12488 ( 1)  0.219
 295 I   0.12517 0.12511 0.12506 0.12502 0.12499 0.12495 0.12490 0.12481 ( 1)  0.219
 296 D   0.12558 0.12535 0.12520 0.12508 0.12495 0.12482 0.12465 0.12437 ( 1)  0.219
 297 W   0.12525 0.12515 0.12509 0.12503 0.12498 0.12492 0.12485 0.12473 ( 1)  0.219
 298 L   0.12506 0.12504 0.12502 0.12501 0.12499 0.12498 0.12496 0.12493 ( 1)  0.219
 299 I   0.12560 0.12536 0.12521 0.12508 0.12495 0.12481 0.12464 0.12436 ( 1)  0.219
 300 Q   0.12528 0.12517 0.12510 0.12504 0.12498 0.12491 0.12483 0.12470 ( 1)  0.219
 301 G   0.12555 0.12533 0.12519 0.12507 0.12495 0.12483 0.12467 0.12440 ( 1)  0.219
 302 R   0.12533 0.12520 0.12512 0.12504 0.12497 0.12489 0.12480 0.12464 ( 1)  0.219
 303 P   0.12547 0.12528 0.12516 0.12506 0.12496 0.12485 0.12472 0.12450 ( 1)  0.219
 304 I   0.12517 0.12511 0.12506 0.12502 0.12499 0.12495 0.12490 0.12481 ( 1)  0.219
 305 D   0.12558 0.12535 0.12520 0.12508 0.12495 0.12482 0.12465 0.12437 ( 1)  0.219
 306 F   0.12545 0.12527 0.12516 0.12506 0.12496 0.12486 0.12473 0.12451 ( 1)  0.219
 307 S   0.12512 0.12507 0.12504 0.12502 0.12499 0.12496 0.12493 0.12487 ( 1)  0.219
 308 D   0.12518 0.12511 0.12506 0.12502 0.12498 0.12494 0.12489 0.12480 ( 1)  0.219
 309 P   0.12538 0.12523 0.12513 0.12505 0.12497 0.12488 0.12477 0.12459 ( 1)  0.219
 310 A   0.12561 0.12537 0.12521 0.12508 0.12495 0.12481 0.12463 0.12434 ( 1)  0.219
 311 S   0.12555 0.12533 0.12519 0.12507 0.12495 0.12483 0.12467 0.12441 ( 1)  0.219
 312 L   0.12517 0.12510 0.12506 0.12502 0.12499 0.12495 0.12490 0.12482 ( 1)  0.219
 313 S   0.12546 0.12528 0.12516 0.12506 0.12496 0.12485 0.12472 0.12450 ( 1)  0.219
 314 E   0.12548 0.12529 0.12517 0.12506 0.12496 0.12485 0.12471 0.12448 ( 1)  0.219
 315 I   0.12560 0.12536 0.12521 0.12508 0.12495 0.12481 0.12464 0.12436 ( 1)  0.219
 316 A   0.12561 0.12537 0.12521 0.12508 0.12495 0.12481 0.12463 0.12434 ( 1)  0.219
 317 F   0.12545 0.12527 0.12516 0.12506 0.12496 0.12486 0.12473 0.12451 ( 1)  0.219
 318 A   0.12561 0.12537 0.12521 0.12508 0.12495 0.12481 0.12463 0.12434 ( 1)  0.219
 319 S   0.12555 0.12533 0.12519 0.12507 0.12495 0.12483 0.12467 0.12441 ( 1)  0.219
 320 R   0.12512 0.12507 0.12504 0.12502 0.12499 0.12496 0.12493 0.12487 ( 1)  0.219
 321 R   0.12512 0.12507 0.12504 0.12502 0.12499 0.12496 0.12493 0.12487 ( 1)  0.219
 322 D   0.12518 0.12511 0.12506 0.12502 0.12498 0.12494 0.12489 0.12480 ( 1)  0.219
 323 E   0.12548 0.12529 0.12517 0.12506 0.12496 0.12485 0.12471 0.12448 ( 1)  0.219
 324 K   0.12516 0.12509 0.12505 0.12502 0.12499 0.12495 0.12491 0.12483 ( 1)  0.219
 325 S   0.12546 0.12528 0.12516 0.12506 0.12496 0.12485 0.12472 0.12450 ( 1)  0.219
 326 D   0.12558 0.12535 0.12520 0.12508 0.12495 0.12482 0.12465 0.12437 ( 1)  0.219
 327 Q   0.12528 0.12517 0.12510 0.12504 0.12498 0.12491 0.12483 0.12470 ( 1)  0.219
 328 R   0.12533 0.12520 0.12512 0.12504 0.12497 0.12489 0.12480 0.12464 ( 1)  0.219
 329 S   0.12537 0.12522 0.12513 0.12505 0.12497 0.12488 0.12478 0.12460 ( 1)  0.219
 330 P   0.12538 0.12523 0.12513 0.12505 0.12497 0.12488 0.12477 0.12459 ( 1)  0.219
 331 T   0.12516 0.12510 0.12506 0.12502 0.12499 0.12495 0.12490 0.12483 ( 1)  0.219
 332 K   0.12516 0.12509 0.12505 0.12502 0.12499 0.12495 0.12491 0.12483 ( 1)  0.219
 333 S   0.12537 0.12522 0.12513 0.12505 0.12497 0.12488 0.12478 0.12460 ( 1)  0.219
 334 V   0.12551 0.12531 0.12518 0.12507 0.12496 0.12484 0.12469 0.12445 ( 1)  0.219
 335 L   0.12529 0.12517 0.12510 0.12504 0.12498 0.12491 0.12483 0.12469 ( 1)  0.219
 336 K   0.12544 0.12527 0.12515 0.12506 0.12496 0.12486 0.12474 0.12453 ( 1)  0.219
 337 V   0.12551 0.12531 0.12518 0.12507 0.12496 0.12484 0.12469 0.12445 ( 1)  0.219
 338 F   0.12545 0.12527 0.12516 0.12506 0.12496 0.12486 0.12473 0.12451 ( 1)  0.219
 339 N   0.12554 0.12533 0.12519 0.12507 0.12495 0.12483 0.12467 0.12442 ( 1)  0.219
 340 F   0.12545 0.12527 0.12516 0.12506 0.12496 0.12486 0.12473 0.12451 ( 1)  0.219
 341 M   0.12554 0.12533 0.12519 0.12507 0.12495 0.12483 0.12467 0.12441 ( 1)  0.219
 342 G   0.12555 0.12533 0.12519 0.12507 0.12495 0.12483 0.12467 0.12440 ( 1)  0.219
 343 N   0.12554 0.12533 0.12519 0.12507 0.12495 0.12483 0.12467 0.12442 ( 1)  0.219
 344 G   0.12545 0.12527 0.12516 0.12506 0.12496 0.12486 0.12473 0.12451 ( 1)  0.219
 345 A   0.12550 0.12530 0.12517 0.12506 0.12496 0.12484 0.12470 0.12446 ( 1)  0.219
 346 G   0.12555 0.12533 0.12519 0.12507 0.12495 0.12483 0.12467 0.12440 ( 1)  0.219
 347 G   0.12555 0.12533 0.12519 0.12507 0.12495 0.12483 0.12467 0.12440 ( 1)  0.219
 348 P   0.12538 0.12523 0.12513 0.12505 0.12497 0.12488 0.12477 0.12459 ( 1)  0.219
 349 D   0.12558 0.12535 0.12520 0.12508 0.12495 0.12482 0.12465 0.12437 ( 1)  0.219
 350 E   0.12518 0.12511 0.12506 0.12502 0.12498 0.12494 0.12489 0.12481 ( 1)  0.219
 351 S   0.12537 0.12522 0.12513 0.12505 0.12497 0.12488 0.12478 0.12460 ( 1)  0.219
 352 E   0.12548 0.12529 0.12517 0.12506 0.12496 0.12485 0.12471 0.12448 ( 1)  0.219
 353 D   0.12518 0.12511 0.12506 0.12502 0.12498 0.12494 0.12489 0.12480 ( 1)  0.219
 354 S   0.12546 0.12528 0.12516 0.12506 0.12496 0.12485 0.12472 0.12450 ( 1)  0.219
 355 A   0.12516 0.12510 0.12506 0.12502 0.12499 0.12495 0.12490 0.12482 ( 1)  0.219
 356 F   0.12545 0.12527 0.12516 0.12506 0.12496 0.12486 0.12473 0.12451 ( 1)  0.219
 357 L   0.12529 0.12517 0.12510 0.12504 0.12498 0.12491 0.12483 0.12469 ( 1)  0.219
 358 R   0.12533 0.12520 0.12512 0.12504 0.12497 0.12489 0.12480 0.12464 ( 1)  0.219
 359 P   0.12547 0.12528 0.12516 0.12506 0.12496 0.12485 0.12472 0.12450 ( 1)  0.219
 360 V   0.12551 0.12531 0.12518 0.12507 0.12496 0.12484 0.12469 0.12445 ( 1)  0.219
 361 P   0.12538 0.12523 0.12513 0.12505 0.12497 0.12488 0.12477 0.12459 ( 1)  0.219
 362 T   0.12561 0.12537 0.12521 0.12508 0.12495 0.12481 0.12464 0.12435 ( 1)  0.219
 363 F   0.12545 0.12527 0.12516 0.12506 0.12496 0.12486 0.12473 0.12451 ( 1)  0.219
 364 A   0.12550 0.12530 0.12517 0.12506 0.12496 0.12484 0.12470 0.12446 ( 1)  0.219
 365 C   0.12541 0.12525 0.12514 0.12505 0.12496 0.12487 0.12475 0.12455 ( 1)  0.219
 366 R   0.12508 0.12505 0.12503 0.12501 0.12499 0.12498 0.12495 0.12492 ( 1)  0.219
 367 A   0.12561 0.12537 0.12521 0.12508 0.12495 0.12481 0.12463 0.12434 ( 1)  0.219
 368 T   0.12549 0.12530 0.12517 0.12506 0.12496 0.12484 0.12470 0.12447 ( 1)  0.219
 369 L   0.12529 0.12517 0.12510 0.12504 0.12498 0.12491 0.12483 0.12469 ( 1)  0.219
 370 T   0.12561 0.12537 0.12521 0.12508 0.12495 0.12481 0.12464 0.12435 ( 1)  0.219
 371 I   0.12517 0.12511 0.12506 0.12502 0.12499 0.12495 0.12490 0.12481 ( 1)  0.219
 372 Q   0.12519 0.12512 0.12507 0.12503 0.12498 0.12494 0.12488 0.12479 ( 1)  0.219
 373 E   0.12548 0.12529 0.12517 0.12506 0.12496 0.12485 0.12471 0.12448 ( 1)  0.219
 374 A   0.12561 0.12537 0.12521 0.12508 0.12495 0.12481 0.12463 0.12434 ( 1)  0.219
 375 G   0.12555 0.12533 0.12519 0.12507 0.12495 0.12483 0.12467 0.12440 ( 1)  0.219
 376 V   0.12551 0.12531 0.12518 0.12507 0.12496 0.12484 0.12469 0.12445 ( 1)  0.219
 377 L   0.12529 0.12517 0.12510 0.12504 0.12498 0.12491 0.12483 0.12469 ( 1)  0.219
 378 V   0.12551 0.12531 0.12518 0.12507 0.12496 0.12484 0.12469 0.12445 ( 1)  0.219
 379 T   0.12561 0.12537 0.12521 0.12508 0.12495 0.12481 0.12464 0.12435 ( 1)  0.219
 380 D   0.12558 0.12535 0.12520 0.12508 0.12495 0.12482 0.12465 0.12437 ( 1)  0.219
 381 T   0.12549 0.12530 0.12517 0.12506 0.12496 0.12484 0.12470 0.12447 ( 1)  0.219
 382 K   0.12544 0.12527 0.12515 0.12506 0.12496 0.12486 0.12474 0.12453 ( 1)  0.219
 383 E   0.12548 0.12529 0.12517 0.12506 0.12496 0.12485 0.12471 0.12448 ( 1)  0.219
 384 L   0.12529 0.12517 0.12510 0.12504 0.12498 0.12491 0.12483 0.12469 ( 1)  0.219
 385 T   0.12516 0.12510 0.12506 0.12502 0.12499 0.12495 0.12490 0.12483 ( 1)  0.219
 386 P   0.12513 0.12508 0.12505 0.12502 0.12499 0.12496 0.12492 0.12486 ( 1)  0.219
 387 Q   0.12528 0.12517 0.12510 0.12504 0.12498 0.12491 0.12483 0.12470 ( 1)  0.219
 388 V   0.12551 0.12531 0.12518 0.12507 0.12496 0.12484 0.12469 0.12445 ( 1)  0.219
 389 I   0.12517 0.12511 0.12506 0.12502 0.12499 0.12495 0.12490 0.12481 ( 1)  0.219
 390 Y   0.12540 0.12524 0.12514 0.12505 0.12497 0.12487 0.12476 0.12457 ( 1)  0.219
 391 K   0.12530 0.12518 0.12510 0.12504 0.12497 0.12491 0.12482 0.12468 ( 1)  0.219
 392 P   0.12513 0.12508 0.12505 0.12502 0.12499 0.12496 0.12492 0.12486 ( 1)  0.219
 393 R   0.12533 0.12520 0.12512 0.12504 0.12497 0.12489 0.12480 0.12464 ( 1)  0.219
 394 I   0.12560 0.12536 0.12521 0.12508 0.12495 0.12481 0.12464 0.12436 ( 1)  0.219
 395 T   0.12549 0.12530 0.12517 0.12506 0.12496 0.12484 0.12470 0.12447 ( 1)  0.219
 396 E   0.12548 0.12529 0.12517 0.12506 0.12496 0.12485 0.12471 0.12448 ( 1)  0.219
 397 K   0.12544 0.12527 0.12515 0.12506 0.12496 0.12486 0.12474 0.12453 ( 1)  0.219
 398 S   0.12546 0.12528 0.12516 0.12506 0.12496 0.12485 0.12472 0.12450 ( 1)  0.219
 399 L   0.12548 0.12529 0.12517 0.12506 0.12496 0.12485 0.12471 0.12449 ( 1)  0.219
 400 M   0.12554 0.12533 0.12519 0.12507 0.12495 0.12483 0.12467 0.12441 ( 1)  0.219
 401 H   0.12545 0.12527 0.12516 0.12506 0.12496 0.12486 0.12473 0.12452 ( 1)  0.219
 402 A   0.12561 0.12537 0.12521 0.12508 0.12495 0.12481 0.12463 0.12434 ( 1)  0.219
 403 S   0.12537 0.12522 0.12513 0.12505 0.12497 0.12488 0.12478 0.12460 ( 1)  0.219
 404 A   0.12517 0.12510 0.12506 0.12502 0.12499 0.12495 0.12490 0.12482 ( 1)  0.219
 405 A   0.12533 0.12520 0.12512 0.12504 0.12497 0.12490 0.12480 0.12464 ( 1)  0.219
 406 V   0.12551 0.12531 0.12518 0.12507 0.12496 0.12484 0.12469 0.12445 ( 1)  0.219
 407 G   0.12555 0.12533 0.12519 0.12507 0.12495 0.12483 0.12467 0.12440 ( 1)  0.219
 408 S   0.09467 0.10669 0.11446 0.12112 0.12760 0.13460 0.14321 0.15765 ( 8)  0.224
 409 S   0.12555 0.12533 0.12519 0.12507 0.12495 0.12483 0.12467 0.12441 ( 1)  0.219
 410 A   0.12561 0.12537 0.12521 0.12508 0.12495 0.12481 0.12463 0.12434 ( 1)  0.219
 411 A   0.12517 0.12510 0.12506 0.12502 0.12499 0.12495 0.12490 0.12482 ( 1)  0.219
 412 L   0.12529 0.12517 0.12510 0.12504 0.12498 0.12491 0.12483 0.12469 ( 1)  0.219
 413 S   0.12555 0.12533 0.12519 0.12507 0.12495 0.12483 0.12467 0.12441 ( 1)  0.219
 414 C   0.12512 0.12507 0.12504 0.12502 0.12499 0.12496 0.12493 0.12487 ( 1)  0.219
 415 R   0.12512 0.12507 0.12504 0.12502 0.12499 0.12496 0.12493 0.12487 ( 1)  0.219
 416 A   0.12561 0.12537 0.12521 0.12508 0.12495 0.12481 0.12463 0.12434 ( 1)  0.219
 417 Q   0.12511 0.12507 0.12504 0.12501 0.12499 0.12497 0.12494 0.12488 ( 1)  0.219
 418 G   0.12515 0.12509 0.12505 0.12502 0.12499 0.12495 0.12491 0.12483 ( 1)  0.219
 419 A   0.12561 0.12537 0.12521 0.12508 0.12495 0.12481 0.12463 0.12434 ( 1)  0.219
 420 D   0.12558 0.12535 0.12520 0.12508 0.12495 0.12482 0.12465 0.12437 ( 1)  0.219
 421 A   0.12550 0.12530 0.12517 0.12506 0.12496 0.12484 0.12470 0.12446 ( 1)  0.219
 422 A   0.12561 0.12537 0.12521 0.12508 0.12495 0.12481 0.12463 0.12434 ( 1)  0.219
 423 D   0.12558 0.12535 0.12520 0.12508 0.12495 0.12482 0.12465 0.12437 ( 1)  0.219
 424 I   0.12560 0.12536 0.12521 0.12508 0.12495 0.12481 0.12464 0.12436 ( 1)  0.219
 425 G   0.12545 0.12527 0.12516 0.12506 0.12496 0.12486 0.12473 0.12451 ( 1)  0.219
 426 L   0.12523 0.12514 0.12508 0.12503 0.12498 0.12493 0.12486 0.12475 ( 1)  0.219
 427 K   0.12516 0.12509 0.12505 0.12502 0.12499 0.12495 0.12491 0.12483 ( 1)  0.219
 428 F   0.12545 0.12527 0.12516 0.12506 0.12496 0.12486 0.12473 0.12451 ( 1)  0.219
 429 Q   0.12528 0.12517 0.12510 0.12504 0.12498 0.12491 0.12483 0.12470 ( 1)  0.219
 430 R   0.12542 0.12525 0.12515 0.12505 0.12496 0.12487 0.12475 0.12454 ( 1)  0.219
 431 E   0.12548 0.12529 0.12517 0.12506 0.12496 0.12485 0.12471 0.12448 ( 1)  0.219
 432 S   0.12555 0.12533 0.12519 0.12507 0.12495 0.12483 0.12467 0.12441 ( 1)  0.219
 433 D   0.12518 0.12511 0.12506 0.12502 0.12498 0.12494 0.12489 0.12480 ( 1)  0.219
 434 G   0.12515 0.12509 0.12505 0.12502 0.12499 0.12495 0.12491 0.12484 ( 1)  0.219
 435 G   0.12555 0.12533 0.12519 0.12507 0.12495 0.12483 0.12467 0.12440 ( 1)  0.219
 436 V   0.12517 0.12510 0.12506 0.12502 0.12499 0.12495 0.12490 0.12481 ( 1)  0.219
 437 E   0.12518 0.12511 0.12506 0.12502 0.12498 0.12494 0.12489 0.12481 ( 1)  0.219
 438 A   0.12516 0.12510 0.12506 0.12502 0.12499 0.12495 0.12490 0.12482 ( 1)  0.219
 439 D   0.12558 0.12535 0.12520 0.12508 0.12495 0.12482 0.12465 0.12437 ( 1)  0.219
 440 A   0.12561 0.12537 0.12521 0.12508 0.12495 0.12481 0.12463 0.12434 ( 1)  0.219
 441 Q   0.09428 0.10641 0.11426 0.12102 0.12760 0.13471 0.14349 0.15824 ( 8)  0.224
 442 T   0.12549 0.12530 0.12517 0.12506 0.12496 0.12484 0.12470 0.12447 ( 1)  0.219
 443 A   0.12516 0.12510 0.12506 0.12502 0.12499 0.12495 0.12490 0.12482 ( 1)  0.219
 444 M   0.12554 0.12533 0.12519 0.12507 0.12495 0.12483 0.12467 0.12441 ( 1)  0.219
 445 S   0.12513 0.12508 0.12504 0.12502 0.12499 0.12496 0.12492 0.12486 ( 1)  0.219
 446 G   0.09467 0.10669 0.11446 0.12112 0.12760 0.13460 0.14321 0.15765 ( 8)  0.224
 447 R   0.12533 0.12520 0.12512 0.12504 0.12497 0.12489 0.12480 0.12464 ( 1)  0.219
 448 V   0.12534 0.12520 0.12512 0.12504 0.12497 0.12489 0.12480 0.12463 ( 1)  0.219
 449 L   0.12529 0.12517 0.12510 0.12504 0.12498 0.12491 0.12483 0.12469 ( 1)  0.219
 450 L   0.12509 0.12506 0.12503 0.12501 0.12499 0.12497 0.12494 0.12490 ( 1)  0.219
 451 K   0.12544 0.12527 0.12515 0.12506 0.12496 0.12486 0.12474 0.12453 ( 1)  0.219
 452 E   0.12548 0.12529 0.12517 0.12506 0.12496 0.12485 0.12471 0.12448 ( 1)  0.219
 453 E   0.12548 0.12529 0.12517 0.12506 0.12496 0.12485 0.12471 0.12448 ( 1)  0.219
 454 K   0.12544 0.12527 0.12515 0.12506 0.12496 0.12486 0.12474 0.12453 ( 1)  0.219
 455 N   0.12554 0.12533 0.12519 0.12507 0.12495 0.12483 0.12467 0.12442 ( 1)  0.219
 456 F   0.09459 0.10663 0.11442 0.12110 0.12760 0.13462 0.14327 0.15777 ( 8)  0.224
 457 S   0.12555 0.12533 0.12519 0.12507 0.12495 0.12483 0.12467 0.12441 ( 1)  0.219
 458 Y   0.12511 0.12507 0.12504 0.12501 0.12499 0.12497 0.12493 0.12488 ( 1)  0.219
 459 A   0.12561 0.12537 0.12521 0.12508 0.12495 0.12481 0.12463 0.12434 ( 1)  0.219
 460 K   0.12544 0.12527 0.12515 0.12506 0.12496 0.12486 0.12474 0.12453 ( 1)  0.219
 461 L   0.12529 0.12517 0.12510 0.12504 0.12498 0.12491 0.12483 0.12469 ( 1)  0.219
 462 K   0.12544 0.12527 0.12515 0.12506 0.12496 0.12486 0.12474 0.12453 ( 1)  0.219
 463 M   0.12554 0.12533 0.12519 0.12507 0.12495 0.12483 0.12467 0.12441 ( 1)  0.219
 464 E   0.12548 0.12529 0.12517 0.12506 0.12496 0.12485 0.12471 0.12448 ( 1)  0.219
 465 I   0.12517 0.12511 0.12506 0.12502 0.12499 0.12495 0.12490 0.12481 ( 1)  0.219
 466 K   0.12516 0.12509 0.12505 0.12502 0.12499 0.12495 0.12491 0.12483 ( 1)  0.219
 467 D   0.12558 0.12535 0.12520 0.12508 0.12495 0.12482 0.12465 0.12437 ( 1)  0.219
 468 L   0.12548 0.12529 0.12517 0.12506 0.12496 0.12485 0.12471 0.12449 ( 1)  0.219
 469 Q   0.12511 0.12507 0.12504 0.12501 0.12499 0.12497 0.12494 0.12488 ( 1)  0.219
 470 P   0.12538 0.12523 0.12513 0.12505 0.12497 0.12488 0.12477 0.12459 ( 1)  0.219
 471 S   0.12537 0.12522 0.12513 0.12505 0.12497 0.12488 0.12478 0.12460 ( 1)  0.219
 472 D   0.12558 0.12535 0.12520 0.12508 0.12495 0.12482 0.12465 0.12437 ( 1)  0.219
 473 G   0.12555 0.12533 0.12519 0.12507 0.12495 0.12483 0.12467 0.12440 ( 1)  0.219
 474 G   0.12555 0.12533 0.12519 0.12507 0.12495 0.12483 0.12467 0.12440 ( 1)  0.219
 475 R   0.12544 0.12526 0.12515 0.12506 0.12496 0.12486 0.12474 0.12453 ( 1)  0.219
 476 Y   0.12540 0.12524 0.12514 0.12505 0.12497 0.12487 0.12476 0.12457 ( 1)  0.219
 477 T   0.12561 0.12537 0.12521 0.12508 0.12495 0.12481 0.12464 0.12435 ( 1)  0.219
 478 C   0.12541 0.12525 0.12514 0.12505 0.12496 0.12487 0.12475 0.12455 ( 1)  0.219
 479 I   0.12560 0.12536 0.12521 0.12508 0.12495 0.12481 0.12464 0.12436 ( 1)  0.219
 480 A   0.12561 0.12537 0.12521 0.12508 0.12495 0.12481 0.12463 0.12434 ( 1)  0.219
 481 S   0.12555 0.12533 0.12519 0.12507 0.12495 0.12483 0.12467 0.12441 ( 1)  0.219
 482 T   0.12561 0.12537 0.12521 0.12508 0.12495 0.12481 0.12464 0.12435 ( 1)  0.219
 483 L   0.12529 0.12517 0.12510 0.12504 0.12498 0.12491 0.12483 0.12469 ( 1)  0.219
 484 S   0.12512 0.12507 0.12504 0.12502 0.12499 0.12496 0.12493 0.12487 ( 1)  0.219
 485 G   0.12515 0.12509 0.12505 0.12502 0.12499 0.12495 0.12491 0.12483 ( 1)  0.219
 486 T   0.12549 0.12530 0.12517 0.12506 0.12496 0.12484 0.12470 0.12447 ( 1)  0.219
 487 A   0.12516 0.12510 0.12506 0.12502 0.12499 0.12495 0.12490 0.12482 ( 1)  0.219
 488 T   0.12561 0.12537 0.12521 0.12508 0.12495 0.12481 0.12464 0.12435 ( 1)  0.219
 489 Y   0.12540 0.12524 0.12514 0.12505 0.12497 0.12487 0.12476 0.12457 ( 1)  0.219
 490 T   0.12516 0.12510 0.12506 0.12502 0.12499 0.12495 0.12490 0.12483 ( 1)  0.219
 491 G   0.12555 0.12533 0.12519 0.12507 0.12495 0.12483 0.12467 0.12440 ( 1)  0.219
 492 L   0.12529 0.12517 0.12510 0.12504 0.12498 0.12491 0.12483 0.12469 ( 1)  0.219
 493 L   0.12529 0.12517 0.12510 0.12504 0.12498 0.12491 0.12483 0.12469 ( 1)  0.219
 494 E   0.12548 0.12529 0.12517 0.12506 0.12496 0.12485 0.12471 0.12448 ( 1)  0.219
 495 V   0.12551 0.12531 0.12518 0.12507 0.12496 0.12484 0.12469 0.12445 ( 1)  0.219
 496 L   0.12529 0.12517 0.12510 0.12504 0.12498 0.12491 0.12483 0.12469 ( 1)  0.219
 497 Y   0.12540 0.12524 0.12514 0.12505 0.12497 0.12487 0.12476 0.12457 ( 1)  0.219
 498 P   0.12538 0.12523 0.12513 0.12505 0.12497 0.12488 0.12477 0.12459 ( 1)  0.219
 499 P   0.12538 0.12523 0.12513 0.12505 0.12497 0.12488 0.12477 0.12459 ( 1)  0.219
 500 Q   0.12528 0.12517 0.12510 0.12504 0.12498 0.12491 0.12483 0.12470 ( 1)  0.219
 501 V   0.12551 0.12531 0.12518 0.12507 0.12496 0.12484 0.12469 0.12445 ( 1)  0.219
 502 L   0.12529 0.12517 0.12510 0.12504 0.12498 0.12491 0.12483 0.12469 ( 1)  0.219
 503 E   0.12548 0.12529 0.12517 0.12506 0.12496 0.12485 0.12471 0.12448 ( 1)  0.219
 504 P   0.12538 0.12523 0.12513 0.12505 0.12497 0.12488 0.12477 0.12459 ( 1)  0.219
 505 S   0.12546 0.12528 0.12516 0.12506 0.12496 0.12485 0.12472 0.12450 ( 1)  0.219
 506 Q   0.12528 0.12517 0.12510 0.12504 0.12498 0.12491 0.12483 0.12470 ( 1)  0.219
 507 P   0.12538 0.12523 0.12513 0.12505 0.12497 0.12488 0.12477 0.12459 ( 1)  0.219
 508 A   0.12516 0.12510 0.12506 0.12502 0.12499 0.12495 0.12490 0.12482 ( 1)  0.219
 509 Q   0.12519 0.12512 0.12507 0.12503 0.12498 0.12494 0.12488 0.12479 ( 1)  0.219
 510 R   0.12533 0.12520 0.12512 0.12504 0.12497 0.12489 0.12480 0.12464 ( 1)  0.219
 511 Y   0.12540 0.12524 0.12514 0.12505 0.12497 0.12487 0.12476 0.12457 ( 1)  0.219
 512 T   0.12561 0.12537 0.12521 0.12508 0.12495 0.12481 0.12464 0.12435 ( 1)  0.219
 513 W   0.12525 0.12515 0.12509 0.12503 0.12498 0.12492 0.12485 0.12473 ( 1)  0.219
 514 Q   0.12528 0.12517 0.12510 0.12504 0.12498 0.12491 0.12483 0.12470 ( 1)  0.219
 515 H   0.12514 0.12508 0.12505 0.12502 0.12499 0.12496 0.12492 0.12485 ( 1)  0.219
 516 H   0.12545 0.12527 0.12516 0.12506 0.12496 0.12486 0.12473 0.12452 ( 1)  0.219
 517 E   0.12548 0.12529 0.12517 0.12506 0.12496 0.12485 0.12471 0.12448 ( 1)  0.219
 518 T   0.12549 0.12530 0.12517 0.12506 0.12496 0.12484 0.12470 0.12447 ( 1)  0.219
 519 L   0.12529 0.12517 0.12510 0.12504 0.12498 0.12491 0.12483 0.12469 ( 1)  0.219
 520 L   0.12529 0.12517 0.12510 0.12504 0.12498 0.12491 0.12483 0.12469 ( 1)  0.219
 521 R   0.12542 0.12525 0.12515 0.12505 0.12496 0.12487 0.12475 0.12454 ( 1)  0.219
 522 C   0.12541 0.12525 0.12514 0.12505 0.12496 0.12487 0.12475 0.12455 ( 1)  0.219
 523 S   0.12512 0.12507 0.12504 0.12502 0.12499 0.12496 0.12493 0.12487 ( 1)  0.219
 524 A   0.12517 0.12510 0.12506 0.12502 0.12499 0.12495 0.12490 0.12482 ( 1)  0.219
 525 R   0.12542 0.12525 0.12515 0.12505 0.12496 0.12487 0.12475 0.12454 ( 1)  0.219
 526 G   0.12555 0.12533 0.12519 0.12507 0.12495 0.12483 0.12467 0.12440 ( 1)  0.219
 527 N   0.12516 0.12510 0.12506 0.12502 0.12499 0.12495 0.12490 0.12483 ( 1)  0.219
 528 P   0.12525 0.12515 0.12509 0.12503 0.12498 0.12492 0.12485 0.12473 ( 1)  0.219
 529 P   0.12538 0.12523 0.12513 0.12505 0.12497 0.12488 0.12477 0.12459 ( 1)  0.219
 530 P   0.12512 0.12508 0.12504 0.12502 0.12499 0.12496 0.12493 0.12487 ( 1)  0.219
 531 D   0.12558 0.12535 0.12520 0.12508 0.12495 0.12482 0.12465 0.12437 ( 1)  0.219
 532 I   0.12560 0.12536 0.12521 0.12508 0.12495 0.12481 0.12464 0.12436 ( 1)  0.219
 533 T   0.12561 0.12537 0.12521 0.12508 0.12495 0.12481 0.12464 0.12435 ( 1)  0.219
 534 W   0.12525 0.12515 0.12509 0.12503 0.12498 0.12492 0.12485 0.12473 ( 1)  0.219
 535 Q   0.12528 0.12517 0.12510 0.12504 0.12498 0.12491 0.12483 0.12470 ( 1)  0.219
 536 L   0.12548 0.12529 0.12517 0.12506 0.12496 0.12485 0.12471 0.12449 ( 1)  0.219
 537 N   0.12554 0.12533 0.12519 0.12507 0.12495 0.12483 0.12467 0.12442 ( 1)  0.219
 538 G   0.12515 0.12509 0.12505 0.12502 0.12499 0.12495 0.12491 0.12484 ( 1)  0.219
 539 V   0.12517 0.12510 0.12506 0.12502 0.12499 0.12495 0.12490 0.12481 ( 1)  0.219
 540 P   0.12538 0.12523 0.12513 0.12505 0.12497 0.12488 0.12477 0.12459 ( 1)  0.219
 541 L   0.12529 0.12517 0.12510 0.12504 0.12498 0.12491 0.12483 0.12469 ( 1)  0.219
 542 P   0.12513 0.12508 0.12505 0.12502 0.12499 0.12496 0.12492 0.12486 ( 1)  0.219
 543 L   0.12529 0.12517 0.12510 0.12504 0.12498 0.12491 0.12483 0.12469 ( 1)  0.219
 544 L   0.12529 0.12517 0.12510 0.12504 0.12498 0.12491 0.12483 0.12469 ( 1)  0.219
 545 D   0.12558 0.12535 0.12520 0.12508 0.12495 0.12482 0.12465 0.12437 ( 1)  0.219
 546 T   0.12517 0.12510 0.12506 0.12502 0.12499 0.12495 0.12490 0.12482 ( 1)  0.219
 547 P   0.12538 0.12523 0.12513 0.12505 0.12497 0.12488 0.12477 0.12459 ( 1)  0.219
 548 G   0.12555 0.12533 0.12519 0.12507 0.12495 0.12483 0.12467 0.12440 ( 1)  0.219
 549 V   0.12562 0.12538 0.12522 0.12508 0.12495 0.12480 0.12463 0.12433 ( 1)  0.219
 550 S   0.12537 0.12522 0.12513 0.12505 0.12497 0.12488 0.12478 0.12460 ( 1)  0.219
 551 A   0.12550 0.12530 0.12517 0.12506 0.12496 0.12484 0.12470 0.12446 ( 1)  0.219
 552 T   0.12561 0.12537 0.12521 0.12508 0.12495 0.12481 0.12464 0.12435 ( 1)  0.219
 553 S   0.12546 0.12528 0.12516 0.12506 0.12496 0.12485 0.12472 0.12450 ( 1)  0.219
 554 E   0.12548 0.12529 0.12517 0.12506 0.12496 0.12485 0.12471 0.12448 ( 1)  0.219
 555 D   0.12558 0.12535 0.12520 0.12508 0.12495 0.12482 0.12465 0.12437 ( 1)  0.219
 556 V   0.12562 0.12538 0.12522 0.12508 0.12495 0.12480 0.12463 0.12433 ( 1)  0.219
 557 A   0.12561 0.12537 0.12521 0.12508 0.12495 0.12481 0.12463 0.12434 ( 1)  0.219
 558 K   0.12516 0.12509 0.12505 0.12502 0.12499 0.12495 0.12491 0.12483 ( 1)  0.219
 559 P   0.12538 0.12523 0.12513 0.12505 0.12497 0.12488 0.12477 0.12459 ( 1)  0.219
 560 S   0.12555 0.12533 0.12519 0.12507 0.12495 0.12483 0.12467 0.12441 ( 1)  0.219
 561 D   0.12558 0.12535 0.12520 0.12508 0.12495 0.12482 0.12465 0.12437 ( 1)  0.219
 562 A   0.12550 0.12530 0.12517 0.12506 0.12496 0.12484 0.12470 0.12446 ( 1)  0.219
 563 S   0.12546 0.12528 0.12516 0.12506 0.12496 0.12485 0.12472 0.12450 ( 1)  0.219
 564 T   0.12516 0.12510 0.12506 0.12502 0.12499 0.12495 0.12490 0.12483 ( 1)  0.219
 565 S   0.12537 0.12522 0.12513 0.12505 0.12497 0.12488 0.12478 0.12460 ( 1)  0.219
 566 T   0.12549 0.12530 0.12517 0.12506 0.12496 0.12484 0.12470 0.12447 ( 1)  0.219
 567 L   0.12513 0.12508 0.12505 0.12502 0.12499 0.12496 0.12492 0.12486 ( 1)  0.219
 568 R   0.12508 0.12505 0.12503 0.12501 0.12499 0.12498 0.12495 0.12492 ( 1)  0.219
 569 V   0.12551 0.12531 0.12518 0.12507 0.12496 0.12484 0.12469 0.12445 ( 1)  0.219
 570 S   0.12537 0.12522 0.12513 0.12505 0.12497 0.12488 0.12478 0.12460 ( 1)  0.219
 571 P   0.12512 0.12508 0.12504 0.12502 0.12499 0.12496 0.12493 0.12487 ( 1)  0.219
 572 L   0.12548 0.12529 0.12517 0.12506 0.12496 0.12485 0.12471 0.12449 ( 1)  0.219
 573 A   0.12517 0.12510 0.12506 0.12502 0.12499 0.12495 0.12490 0.12482 ( 1)  0.219
 574 P   0.12547 0.12528 0.12516 0.12506 0.12496 0.12485 0.12472 0.12450 ( 1)  0.219
 575 G   0.12555 0.12533 0.12519 0.12507 0.12495 0.12483 0.12467 0.12440 ( 1)  0.219
 576 A   0.12550 0.12530 0.12517 0.12506 0.12496 0.12484 0.12470 0.12446 ( 1)  0.219
 577 P   0.12547 0.12528 0.12516 0.12506 0.12496 0.12485 0.12472 0.12450 ( 1)  0.219
 578 V   0.12551 0.12531 0.12518 0.12507 0.12496 0.12484 0.12469 0.12445 ( 1)  0.219
 579 F   0.12545 0.12527 0.12516 0.12506 0.12496 0.12486 0.12473 0.12451 ( 1)  0.219
 580 G   0.12555 0.12533 0.12519 0.12507 0.12495 0.12483 0.12467 0.12440 ( 1)  0.219
 581 R   0.12533 0.12520 0.12512 0.12504 0.12497 0.12489 0.12480 0.12464 ( 1)  0.219
 582 Y   0.12540 0.12524 0.12514 0.12505 0.12497 0.12487 0.12476 0.12457 ( 1)  0.219
 583 V   0.12517 0.12510 0.12506 0.12502 0.12499 0.12495 0.12490 0.12481 ( 1)  0.219
 584 C   0.12541 0.12525 0.12514 0.12505 0.12496 0.12487 0.12475 0.12455 ( 1)  0.219
 585 L   0.12509 0.12506 0.12503 0.12501 0.12499 0.12497 0.12494 0.12490 ( 1)  0.219
 586 A   0.12516 0.12510 0.12506 0.12502 0.12499 0.12495 0.12490 0.12482 ( 1)  0.219
 587 T   0.12561 0.12537 0.12521 0.12508 0.12495 0.12481 0.12464 0.12435 ( 1)  0.219
 588 N   0.12516 0.12510 0.12506 0.12502 0.12499 0.12495 0.12490 0.12483 ( 1)  0.219
 589 Q   0.12528 0.12517 0.12510 0.12504 0.12498 0.12491 0.12483 0.12470 ( 1)  0.219
 590 F   0.12545 0.12527 0.12516 0.12506 0.12496 0.12486 0.12473 0.12451 ( 1)  0.219
 591 G   0.12555 0.12533 0.12519 0.12507 0.12495 0.12483 0.12467 0.12440 ( 1)  0.219
 592 S   0.12537 0.12522 0.12513 0.12505 0.12497 0.12488 0.12478 0.12460 ( 1)  0.219
 593 V   0.12517 0.12510 0.12506 0.12502 0.12499 0.12495 0.12490 0.12481 ( 1)  0.219
 594 E   0.12548 0.12529 0.12517 0.12506 0.12496 0.12485 0.12471 0.12448 ( 1)  0.219
 595 S   0.12513 0.12508 0.12504 0.12502 0.12499 0.12496 0.12492 0.12486 ( 1)  0.219
 596 P   0.12547 0.12528 0.12516 0.12506 0.12496 0.12485 0.12472 0.12450 ( 1)  0.219
 597 A   0.12555 0.12533 0.12519 0.12507 0.12495 0.12483 0.12467 0.12440 ( 1)  0.219
 598 V   0.12551 0.12531 0.12518 0.12507 0.12496 0.12484 0.12469 0.12445 ( 1)  0.219
 599 L   0.12529 0.12517 0.12510 0.12504 0.12498 0.12491 0.12483 0.12469 ( 1)  0.219
 600 L   0.12529 0.12517 0.12510 0.12504 0.12498 0.12491 0.12483 0.12469 ( 1)  0.219
 601 L   0.12529 0.12517 0.12510 0.12504 0.12498 0.12491 0.12483 0.12469 ( 1)  0.219
 602 E   0.12533 0.12520 0.12511 0.12504 0.12497 0.12490 0.12480 0.12464 ( 1)  0.219
 603 A   0.12561 0.12537 0.12521 0.12508 0.12495 0.12481 0.12463 0.12434 ( 1)  0.219
 604 R   0.12515 0.12509 0.12505 0.12502 0.12499 0.12495 0.12491 0.12484 ( 1)  0.219
 605 R   0.12533 0.12520 0.12512 0.12504 0.12497 0.12489 0.12480 0.12464 ( 1)  0.219
 606 P   0.12538 0.12523 0.12513 0.12505 0.12497 0.12488 0.12477 0.12459 ( 1)  0.219
 607 G   0.12555 0.12533 0.12519 0.12507 0.12495 0.12483 0.12467 0.12440 ( 1)  0.219
 608 T   0.12516 0.12510 0.12506 0.12502 0.12499 0.12495 0.12490 0.12483 ( 1)  0.219
 609 P   0.12538 0.12523 0.12513 0.12505 0.12497 0.12488 0.12477 0.12459 ( 1)  0.219
 610 D   0.12518 0.12511 0.12506 0.12502 0.12498 0.12494 0.12489 0.12480 ( 1)  0.219
 611 V   0.12551 0.12531 0.12518 0.12507 0.12496 0.12484 0.12469 0.12445 ( 1)  0.219
 612 I   0.12560 0.12536 0.12521 0.12508 0.12495 0.12481 0.12464 0.12436 ( 1)  0.219
 613 I   0.12560 0.12536 0.12521 0.12508 0.12495 0.12481 0.12464 0.12436 ( 1)  0.219
 614 N   0.12554 0.12533 0.12519 0.12507 0.12495 0.12483 0.12467 0.12442 ( 1)  0.219
 615 K   0.12544 0.12527 0.12515 0.12506 0.12496 0.12486 0.12474 0.12453 ( 1)  0.219
 616 E   0.12548 0.12529 0.12517 0.12506 0.12496 0.12485 0.12471 0.12448 ( 1)  0.219
 617 E   0.12548 0.12529 0.12517 0.12506 0.12496 0.12485 0.12471 0.12448 ( 1)  0.219
 618 S   0.12555 0.12533 0.12519 0.12507 0.12495 0.12483 0.12467 0.12441 ( 1)  0.219
 619 T   0.12549 0.12530 0.12517 0.12506 0.12496 0.12484 0.12470 0.12447 ( 1)  0.219
 620 P   0.12512 0.12508 0.12504 0.12502 0.12499 0.12496 0.12493 0.12487 ( 1)  0.219
 621 T   0.12561 0.12537 0.12521 0.12508 0.12495 0.12481 0.12464 0.12435 ( 1)  0.219
 622 S   0.12555 0.12533 0.12519 0.12507 0.12495 0.12483 0.12467 0.12441 ( 1)  0.219
 623 L   0.12529 0.12517 0.12510 0.12504 0.12498 0.12491 0.12483 0.12469 ( 1)  0.219
 624 A   0.12561 0.12537 0.12521 0.12508 0.12495 0.12481 0.12463 0.12434 ( 1)  0.219
 625 F   0.12545 0.12527 0.12516 0.12506 0.12496 0.12486 0.12473 0.12451 ( 1)  0.219
 626 A   0.12561 0.12537 0.12521 0.12508 0.12495 0.12481 0.12463 0.12434 ( 1)  0.219
 627 I   0.12517 0.12511 0.12506 0.12502 0.12499 0.12495 0.12490 0.12481 ( 1)  0.219
 628 V   0.12551 0.12531 0.12518 0.12507 0.12496 0.12484 0.12469 0.12445 ( 1)  0.219
 629 P   0.12538 0.12523 0.12513 0.12505 0.12497 0.12488 0.12477 0.12459 ( 1)  0.219
 630 P   0.12547 0.12528 0.12516 0.12506 0.12496 0.12485 0.12472 0.12450 ( 1)  0.219
 631 E   0.12548 0.12529 0.12517 0.12506 0.12496 0.12485 0.12471 0.12448 ( 1)  0.219
 632 D   0.12558 0.12535 0.12520 0.12508 0.12495 0.12482 0.12465 0.12437 ( 1)  0.219
 633 T   0.12561 0.12537 0.12521 0.12508 0.12495 0.12481 0.12464 0.12435 ( 1)  0.219
 634 G   0.12555 0.12533 0.12519 0.12507 0.12495 0.12483 0.12467 0.12440 ( 1)  0.219
 635 G   0.12515 0.12509 0.12505 0.12502 0.12499 0.12495 0.12491 0.12484 ( 1)  0.219
 636 V   0.12562 0.12538 0.12522 0.12508 0.12495 0.12480 0.12463 0.12433 ( 1)  0.219
 637 R   0.12542 0.12525 0.12515 0.12505 0.12496 0.12487 0.12475 0.12454 ( 1)  0.219
 638 L   0.12529 0.12517 0.12510 0.12504 0.12498 0.12491 0.12483 0.12469 ( 1)  0.219
 639 V   0.12562 0.12538 0.12522 0.12508 0.12495 0.12480 0.12463 0.12433 ( 1)  0.219
 640 G   0.12555 0.12533 0.12519 0.12507 0.12495 0.12483 0.12467 0.12440 ( 1)  0.219
 641 Y   0.12540 0.12524 0.12514 0.12505 0.12497 0.12487 0.12476 0.12457 ( 1)  0.219
 642 E   0.12548 0.12529 0.12517 0.12506 0.12496 0.12485 0.12471 0.12448 ( 1)  0.219
 643 L   0.12529 0.12517 0.12510 0.12504 0.12498 0.12491 0.12483 0.12469 ( 1)  0.219
 644 N   0.12554 0.12533 0.12519 0.12507 0.12495 0.12483 0.12467 0.12442 ( 1)  0.219
 645 Y   0.12540 0.12524 0.12514 0.12505 0.12497 0.12487 0.12476 0.12457 ( 1)  0.219
 646 R   0.12544 0.12526 0.12515 0.12506 0.12496 0.12486 0.12474 0.12453 ( 1)  0.219
 647 V   0.12562 0.12538 0.12522 0.12508 0.12495 0.12480 0.12463 0.12433 ( 1)  0.219
 648 N   0.12554 0.12533 0.12519 0.12507 0.12495 0.12483 0.12467 0.12442 ( 1)  0.219
 649 D   0.12518 0.12511 0.12506 0.12502 0.12498 0.12494 0.12489 0.12480 ( 1)  0.219
 650 G   0.12515 0.12509 0.12505 0.12502 0.12499 0.12495 0.12491 0.12484 ( 1)  0.219
 651 P   0.12547 0.12528 0.12516 0.12506 0.12496 0.12485 0.12472 0.12450 ( 1)  0.219
 652 E   0.12548 0.12529 0.12517 0.12506 0.12496 0.12485 0.12471 0.12448 ( 1)  0.219
 653 I   0.12560 0.12536 0.12521 0.12508 0.12495 0.12481 0.12464 0.12436 ( 1)  0.219
 654 G   0.12545 0.12527 0.12516 0.12506 0.12496 0.12486 0.12473 0.12451 ( 1)  0.219
 655 P   0.12538 0.12523 0.12513 0.12505 0.12497 0.12488 0.12477 0.12459 ( 1)  0.219
 656 A   0.12516 0.12510 0.12506 0.12502 0.12499 0.12495 0.12490 0.12482 ( 1)  0.219
 657 A   0.12516 0.12510 0.12506 0.12502 0.12499 0.12495 0.12490 0.12482 ( 1)  0.219
 658 F   0.12545 0.12527 0.12516 0.12506 0.12496 0.12486 0.12473 0.12451 ( 1)  0.219
 659 N   0.12554 0.12533 0.12519 0.12507 0.12495 0.12483 0.12467 0.12442 ( 1)  0.219
 660 L   0.12529 0.12517 0.12510 0.12504 0.12498 0.12491 0.12483 0.12469 ( 1)  0.219
 661 D   0.12518 0.12511 0.12506 0.12502 0.12498 0.12494 0.12489 0.12480 ( 1)  0.219
 662 D   0.12558 0.12535 0.12520 0.12508 0.12495 0.12482 0.12465 0.12437 ( 1)  0.219
 663 G   0.12555 0.12533 0.12519 0.12507 0.12495 0.12483 0.12467 0.12440 ( 1)  0.219
 664 R   0.12508 0.12505 0.12503 0.12501 0.12499 0.12498 0.12495 0.12492 ( 1)  0.219
 665 I   0.12560 0.12536 0.12521 0.12508 0.12495 0.12481 0.12464 0.12436 ( 1)  0.219
 666 T   0.12561 0.12537 0.12521 0.12508 0.12495 0.12481 0.12464 0.12435 ( 1)  0.219
 667 I   0.12560 0.12536 0.12521 0.12508 0.12495 0.12481 0.12464 0.12436 ( 1)  0.219
 668 R   0.12542 0.12525 0.12515 0.12505 0.12496 0.12487 0.12475 0.12454 ( 1)  0.219
 669 Y   0.12540 0.12524 0.12514 0.12505 0.12497 0.12487 0.12476 0.12457 ( 1)  0.219
 670 L   0.12529 0.12517 0.12510 0.12504 0.12498 0.12491 0.12483 0.12469 ( 1)  0.219
 671 Q   0.12528 0.12517 0.12510 0.12504 0.12498 0.12491 0.12483 0.12470 ( 1)  0.219
 672 P   0.12547 0.12528 0.12516 0.12506 0.12496 0.12485 0.12472 0.12450 ( 1)  0.219
 673 N   0.12554 0.12533 0.12519 0.12507 0.12495 0.12483 0.12467 0.12442 ( 1)  0.219
 674 T   0.12561 0.12537 0.12521 0.12508 0.12495 0.12481 0.12464 0.12435 ( 1)  0.219
 675 N   0.12554 0.12533 0.12519 0.12507 0.12495 0.12483 0.12467 0.12442 ( 1)  0.219
 676 Y   0.12540 0.12524 0.12514 0.12505 0.12497 0.12487 0.12476 0.12457 ( 1)  0.219
 677 K   0.12544 0.12527 0.12515 0.12506 0.12496 0.12486 0.12474 0.12453 ( 1)  0.219
 678 V   0.12551 0.12531 0.12518 0.12507 0.12496 0.12484 0.12469 0.12445 ( 1)  0.219
 679 Y   0.12540 0.12524 0.12514 0.12505 0.12497 0.12487 0.12476 0.12457 ( 1)  0.219
 680 I   0.12560 0.12536 0.12521 0.12508 0.12495 0.12481 0.12464 0.12436 ( 1)  0.219
 681 A   0.12561 0.12537 0.12521 0.12508 0.12495 0.12481 0.12463 0.12434 ( 1)  0.219
 682 A   0.12561 0.12537 0.12521 0.12508 0.12495 0.12481 0.12463 0.12434 ( 1)  0.219
 683 R   0.12529 0.12518 0.12510 0.12504 0.12497 0.12491 0.12482 0.12468 ( 1)  0.219
 684 N   0.12554 0.12533 0.12519 0.12507 0.12495 0.12483 0.12467 0.12442 ( 1)  0.219
 685 L   0.12548 0.12529 0.12517 0.12506 0.12496 0.12485 0.12471 0.12449 ( 1)  0.219
 686 A   0.12539 0.12524 0.12514 0.12505 0.12497 0.12488 0.12477 0.12458 ( 1)  0.219
 687 G   0.12515 0.12509 0.12505 0.12502 0.12499 0.12495 0.12491 0.12484 ( 1)  0.219
 688 V   0.12551 0.12531 0.12518 0.12507 0.12496 0.12484 0.12469 0.12445 ( 1)  0.219
 689 G   0.12555 0.12533 0.12519 0.12507 0.12495 0.12483 0.12467 0.12440 ( 1)  0.219
 690 G   0.12515 0.12509 0.12505 0.12502 0.12499 0.12495 0.12491 0.12483 ( 1)  0.219
 691 R   0.12542 0.12525 0.12515 0.12505 0.12496 0.12487 0.12475 0.12454 ( 1)  0.219
 692 A   0.12561 0.12537 0.12521 0.12508 0.12495 0.12481 0.12463 0.12434 ( 1)  0.219
 693 S   0.12555 0.12533 0.12519 0.12507 0.12495 0.12483 0.12467 0.12441 ( 1)  0.219
 694 I   0.12560 0.12536 0.12521 0.12508 0.12495 0.12481 0.12464 0.12436 ( 1)  0.219
 695 N   0.12554 0.12533 0.12519 0.12507 0.12495 0.12483 0.12467 0.12442 ( 1)  0.219
 696 Y   0.12540 0.12524 0.12514 0.12505 0.12497 0.12487 0.12476 0.12457 ( 1)  0.219
 697 T   0.12561 0.12537 0.12521 0.12508 0.12495 0.12481 0.12464 0.12435 ( 1)  0.219
 698 T   0.12561 0.12537 0.12521 0.12508 0.12495 0.12481 0.12464 0.12435 ( 1)  0.219
 699 G   0.12545 0.12527 0.12516 0.12506 0.12496 0.12486 0.12473 0.12451 ( 1)  0.219
 700 E   0.12518 0.12511 0.12506 0.12502 0.12498 0.12494 0.12489 0.12481 ( 1)  0.219
 701 L   0.12548 0.12529 0.12517 0.12506 0.12496 0.12485 0.12471 0.12449 ( 1)  0.219
 702 T   0.12549 0.12530 0.12517 0.12506 0.12496 0.12484 0.12470 0.12447 ( 1)  0.219
 703 P   0.12538 0.12523 0.12513 0.12505 0.12497 0.12488 0.12477 0.12459 ( 1)  0.219
 704 P   0.12512 0.12508 0.12504 0.12502 0.12499 0.12496 0.12493 0.12487 ( 1)  0.219
 705 T   0.12561 0.12537 0.12521 0.12508 0.12495 0.12481 0.12464 0.12435 ( 1)  0.219
 706 S   0.12555 0.12533 0.12519 0.12507 0.12495 0.12483 0.12467 0.12441 ( 1)  0.219
 707 F   0.12545 0.12527 0.12516 0.12506 0.12496 0.12486 0.12473 0.12451 ( 1)  0.219
 708 R   0.12542 0.12525 0.12515 0.12505 0.12496 0.12487 0.12475 0.12454 ( 1)  0.219
 709 L   0.12509 0.12506 0.12503 0.12501 0.12499 0.12497 0.12494 0.12490 ( 1)  0.219
 710 V   0.12517 0.12510 0.12506 0.12502 0.12499 0.12495 0.12490 0.12481 ( 1)  0.219
 711 E   0.12518 0.12511 0.12506 0.12502 0.12498 0.12494 0.12489 0.12481 ( 1)  0.219
 712 D   0.12558 0.12535 0.12520 0.12508 0.12495 0.12482 0.12465 0.12437 ( 1)  0.219
 713 F   0.12545 0.12527 0.12516 0.12506 0.12496 0.12486 0.12473 0.12451 ( 1)  0.219
 714 F   0.12545 0.12527 0.12516 0.12506 0.12496 0.12486 0.12473 0.12451 ( 1)  0.219
 715 S   0.12555 0.12533 0.12519 0.12507 0.12495 0.12483 0.12467 0.12441 ( 1)  0.219
 716 E   0.12548 0.12529 0.12517 0.12506 0.12496 0.12485 0.12471 0.12448 ( 1)  0.219
 717 D   0.12558 0.12535 0.12520 0.12508 0.12495 0.12482 0.12465 0.12437 ( 1)  0.219
 718 P   0.12513 0.12508 0.12505 0.12502 0.12499 0.12496 0.12492 0.12486 ( 1)  0.219
 719 R   0.12508 0.12505 0.12503 0.12501 0.12499 0.12498 0.12495 0.12492 ( 1)  0.219
 720 A   0.12550 0.12530 0.12517 0.12506 0.12496 0.12484 0.12470 0.12446 ( 1)  0.219
 721 F   0.12545 0.12527 0.12516 0.12506 0.12496 0.12486 0.12473 0.12451 ( 1)  0.219
 722 L   0.12529 0.12517 0.12510 0.12504 0.12498 0.12491 0.12483 0.12469 ( 1)  0.219
 723 L   0.12529 0.12517 0.12510 0.12504 0.12498 0.12491 0.12483 0.12469 ( 1)  0.219
 724 R   0.12542 0.12525 0.12515 0.12505 0.12496 0.12487 0.12475 0.12454 ( 1)  0.219
 725 W   0.12525 0.12515 0.12509 0.12503 0.12498 0.12492 0.12485 0.12473 ( 1)  0.219
 726 R   0.12533 0.12520 0.12512 0.12504 0.12497 0.12489 0.12480 0.12464 ( 1)  0.219
 727 V   0.12551 0.12531 0.12518 0.12507 0.12496 0.12484 0.12469 0.12445 ( 1)  0.219
 728 L   0.12529 0.12517 0.12510 0.12504 0.12498 0.12491 0.12483 0.12469 ( 1)  0.219
 729 N   0.12554 0.12533 0.12519 0.12507 0.12495 0.12483 0.12467 0.12442 ( 1)  0.219
 730 N   0.12516 0.12510 0.12506 0.12502 0.12499 0.12495 0.12490 0.12483 ( 1)  0.219
 731 G   0.12555 0.12533 0.12519 0.12507 0.12495 0.12483 0.12467 0.12440 ( 1)  0.219
 732 G   0.12555 0.12533 0.12519 0.12507 0.12495 0.12483 0.12467 0.12440 ( 1)  0.219
 733 L   0.12529 0.12517 0.12510 0.12504 0.12498 0.12491 0.12483 0.12469 ( 1)  0.219
 734 P   0.12547 0.12528 0.12516 0.12506 0.12496 0.12485 0.12472 0.12450 ( 1)  0.219
 735 V   0.12551 0.12531 0.12518 0.12507 0.12496 0.12484 0.12469 0.12445 ( 1)  0.219
 736 D   0.12558 0.12535 0.12520 0.12508 0.12495 0.12482 0.12465 0.12437 ( 1)  0.219
 737 R   0.12542 0.12525 0.12515 0.12505 0.12496 0.12487 0.12475 0.12454 ( 1)  0.219
 738 Y   0.12511 0.12507 0.12504 0.12501 0.12499 0.12497 0.12493 0.12488 ( 1)  0.219
 739 R   0.12542 0.12525 0.12515 0.12505 0.12496 0.12487 0.12475 0.12454 ( 1)  0.219
 740 I   0.12560 0.12536 0.12521 0.12508 0.12495 0.12481 0.12464 0.12436 ( 1)  0.219
 741 R   0.12542 0.12525 0.12515 0.12505 0.12496 0.12487 0.12475 0.12454 ( 1)  0.219
 742 I   0.12560 0.12536 0.12521 0.12508 0.12495 0.12481 0.12464 0.12436 ( 1)  0.219
 743 R   0.12508 0.12505 0.12503 0.12501 0.12499 0.12498 0.12495 0.12492 ( 1)  0.219
 744 Q   0.12528 0.12517 0.12510 0.12504 0.12498 0.12491 0.12483 0.12470 ( 1)  0.219
 745 V   0.12551 0.12531 0.12518 0.12507 0.12496 0.12484 0.12469 0.12445 ( 1)  0.219
 746 L   0.12529 0.12517 0.12510 0.12504 0.12498 0.12491 0.12483 0.12469 ( 1)  0.219
 747 A   0.12561 0.12537 0.12521 0.12508 0.12495 0.12481 0.12463 0.12434 ( 1)  0.219
 748 E   0.12548 0.12529 0.12517 0.12506 0.12496 0.12485 0.12471 0.12448 ( 1)  0.219
 749 A   0.12561 0.12537 0.12521 0.12508 0.12495 0.12481 0.12463 0.12434 ( 1)  0.219
 750 G   0.12545 0.12527 0.12516 0.12506 0.12496 0.12486 0.12473 0.12451 ( 1)  0.219
 751 P   0.12538 0.12523 0.12513 0.12505 0.12497 0.12488 0.12477 0.12459 ( 1)  0.219
 752 D   0.12558 0.12535 0.12520 0.12508 0.12495 0.12482 0.12465 0.12437 ( 1)  0.219
 753 N   0.12516 0.12510 0.12506 0.12502 0.12499 0.12495 0.12490 0.12483 ( 1)  0.219
 754 R   0.12533 0.12520 0.12512 0.12504 0.12497 0.12489 0.12480 0.12464 ( 1)  0.219
 755 P   0.12538 0.12523 0.12513 0.12505 0.12497 0.12488 0.12477 0.12459 ( 1)  0.219
 756 V   0.12517 0.12510 0.12506 0.12502 0.12499 0.12495 0.12490 0.12481 ( 1)  0.219
 757 V   0.12562 0.12538 0.12522 0.12508 0.12495 0.12480 0.12463 0.12433 ( 1)  0.219
 758 R   0.12512 0.12507 0.12504 0.12502 0.12499 0.12496 0.12493 0.12487 ( 1)  0.219
 759 R   0.12508 0.12505 0.12503 0.12501 0.12499 0.12498 0.12495 0.12492 ( 1)  0.219
 760 V   0.12551 0.12531 0.12518 0.12507 0.12496 0.12484 0.12469 0.12445 ( 1)  0.219
 761 L   0.12529 0.12517 0.12510 0.12504 0.12498 0.12491 0.12483 0.12469 ( 1)  0.219
 762 T   0.12561 0.12537 0.12521 0.12508 0.12495 0.12481 0.12464 0.12435 ( 1)  0.219
 763 G   0.12555 0.12533 0.12519 0.12507 0.12495 0.12483 0.12467 0.12440 ( 1)  0.219
 764 W   0.12525 0.12515 0.12509 0.12503 0.12498 0.12492 0.12485 0.12473 ( 1)  0.219
 765 H   0.12545 0.12527 0.12516 0.12506 0.12496 0.12486 0.12473 0.12452 ( 1)  0.219
 766 S   0.12537 0.12522 0.12513 0.12505 0.12497 0.12488 0.12478 0.12460 ( 1)  0.219
 767 L   0.12529 0.12517 0.12510 0.12504 0.12498 0.12491 0.12483 0.12469 ( 1)  0.219
 768 N   0.12554 0.12533 0.12519 0.12507 0.12495 0.12483 0.12467 0.12442 ( 1)  0.219
 769 P   0.12547 0.12528 0.12516 0.12506 0.12496 0.12485 0.12472 0.12450 ( 1)  0.219
 770 R   0.12533 0.12520 0.12512 0.12504 0.12497 0.12489 0.12480 0.12464 ( 1)  0.219
 771 L   0.12529 0.12517 0.12510 0.12504 0.12498 0.12491 0.12483 0.12469 ( 1)  0.219
 772 P   0.12538 0.12523 0.12513 0.12505 0.12497 0.12488 0.12477 0.12459 ( 1)  0.219
 773 P   0.12547 0.12528 0.12516 0.12506 0.12496 0.12485 0.12472 0.12450 ( 1)  0.219
 774 G   0.12515 0.12509 0.12505 0.12502 0.12499 0.12495 0.12491 0.12484 ( 1)  0.219
 775 Q   0.12528 0.12517 0.12510 0.12504 0.12498 0.12491 0.12483 0.12470 ( 1)  0.219
 776 T   0.12561 0.12537 0.12521 0.12508 0.12495 0.12481 0.12464 0.12435 ( 1)  0.219
 777 A   0.12561 0.12537 0.12521 0.12508 0.12495 0.12481 0.12463 0.12434 ( 1)  0.219
 778 Y   0.12511 0.12507 0.12504 0.12501 0.12499 0.12497 0.12493 0.12488 ( 1)  0.219
 779 R   0.12508 0.12505 0.12503 0.12501 0.12499 0.12498 0.12495 0.12492 ( 1)  0.219
 780 I   0.12560 0.12536 0.12521 0.12508 0.12495 0.12481 0.12464 0.12436 ( 1)  0.219
 781 E   0.12548 0.12529 0.12517 0.12506 0.12496 0.12485 0.12471 0.12448 ( 1)  0.219
 782 R   0.12542 0.12525 0.12515 0.12505 0.12496 0.12487 0.12475 0.12454 ( 1)  0.219
 783 L   0.12529 0.12517 0.12510 0.12504 0.12498 0.12491 0.12483 0.12469 ( 1)  0.219
 784 L   0.12517 0.12510 0.12506 0.12502 0.12499 0.12495 0.12490 0.12482 ( 1)  0.219
 785 P   0.12538 0.12523 0.12513 0.12505 0.12497 0.12488 0.12477 0.12459 ( 1)  0.219
 786 G   0.12555 0.12533 0.12519 0.12507 0.12495 0.12483 0.12467 0.12440 ( 1)  0.219
 787 A   0.12550 0.12530 0.12517 0.12506 0.12496 0.12484 0.12470 0.12446 ( 1)  0.219
 788 H   0.12545 0.12527 0.12516 0.12506 0.12496 0.12486 0.12473 0.12452 ( 1)  0.219
 789 Y   0.12540 0.12524 0.12514 0.12505 0.12497 0.12487 0.12476 0.12457 ( 1)  0.219
 790 E   0.12518 0.12511 0.12506 0.12502 0.12498 0.12494 0.12489 0.12481 ( 1)  0.219
 791 I   0.12560 0.12536 0.12521 0.12508 0.12495 0.12481 0.12464 0.12436 ( 1)  0.219
 792 Q   0.12528 0.12517 0.12510 0.12504 0.12498 0.12491 0.12483 0.12470 ( 1)  0.219
 793 V   0.12517 0.12510 0.12506 0.12502 0.12499 0.12495 0.12490 0.12481 ( 1)  0.219
 794 R   0.12508 0.12505 0.12503 0.12501 0.12499 0.12498 0.12495 0.12492 ( 1)  0.219
 795 V   0.12517 0.12510 0.12506 0.12502 0.12499 0.12495 0.12490 0.12481 ( 1)  0.219
 796 G   0.12555 0.12533 0.12519 0.12507 0.12495 0.12483 0.12467 0.12440 ( 1)  0.219
 797 N   0.12554 0.12533 0.12519 0.12507 0.12495 0.12483 0.12467 0.12442 ( 1)  0.219
 798 S   0.12516 0.12510 0.12506 0.12502 0.12499 0.12495 0.12490 0.12482 ( 1)  0.219
 799 L   0.12517 0.12510 0.12506 0.12502 0.12499 0.12495 0.12490 0.12482 ( 1)  0.219
 800 G   0.12515 0.12509 0.12505 0.12502 0.12499 0.12495 0.12491 0.12483 ( 1)  0.219
 801 L   0.12529 0.12517 0.12510 0.12504 0.12498 0.12491 0.12483 0.12469 ( 1)  0.219
 802 S   0.12513 0.12508 0.12504 0.12502 0.12499 0.12496 0.12492 0.12486 ( 1)  0.219
 803 E   0.12548 0.12529 0.12517 0.12506 0.12496 0.12485 0.12471 0.12448 ( 1)  0.219
 804 R   0.12542 0.12525 0.12515 0.12505 0.12496 0.12487 0.12475 0.12454 ( 1)  0.219
 805 S   0.12555 0.12533 0.12519 0.12507 0.12495 0.12483 0.12467 0.12441 ( 1)  0.219
 806 E   0.12548 0.12529 0.12517 0.12506 0.12496 0.12485 0.12471 0.12448 ( 1)  0.219
 807 V   0.12562 0.12538 0.12522 0.12508 0.12495 0.12480 0.12463 0.12433 ( 1)  0.219
 808 L   0.12529 0.12517 0.12510 0.12504 0.12498 0.12491 0.12483 0.12469 ( 1)  0.219
 809 V   0.12551 0.12531 0.12518 0.12507 0.12496 0.12484 0.12469 0.12445 ( 1)  0.219
 810 F   0.12545 0.12527 0.12516 0.12506 0.12496 0.12486 0.12473 0.12451 ( 1)  0.219
 811 R   0.12544 0.12526 0.12515 0.12506 0.12496 0.12486 0.12474 0.12453 ( 1)  0.219
 812 T   0.12549 0.12530 0.12517 0.12506 0.12496 0.12484 0.12470 0.12447 ( 1)  0.219
 813 P   0.12538 0.12523 0.12513 0.12505 0.12497 0.12488 0.12477 0.12459 ( 1)  0.219
 814 M   0.12554 0.12533 0.12519 0.12507 0.12495 0.12483 0.12467 0.12441 ( 1)  0.219
 815 K   0.12544 0.12527 0.12515 0.12506 0.12496 0.12486 0.12474 0.12453 ( 1)  0.219
 816 P   0.12547 0.12528 0.12516 0.12506 0.12496 0.12485 0.12472 0.12450 ( 1)  0.219
 817 H   0.12545 0.12527 0.12516 0.12506 0.12496 0.12486 0.12473 0.12452 ( 1)  0.219
 818 D   0.12518 0.12511 0.12506 0.12502 0.12498 0.12494 0.12489 0.12480 ( 1)  0.219
 819 V   0.12517 0.12510 0.12506 0.12502 0.12499 0.12495 0.12490 0.12482 ( 1)  0.219
 820 D   0.12538 0.12523 0.12513 0.12505 0.12497 0.12488 0.12477 0.12459 ( 1)  0.219
 821 V   0.12517 0.12510 0.12506 0.12502 0.12499 0.12495 0.12490 0.12482 ( 1)  0.219
 822 V   0.12562 0.12538 0.12522 0.12508 0.12495 0.12480 0.12463 0.12433 ( 1)  0.219
 823 G   0.12555 0.12533 0.12519 0.12507 0.12495 0.12483 0.12467 0.12440 ( 1)  0.219
 824 W   0.12525 0.12515 0.12509 0.12503 0.12498 0.12492 0.12485 0.12473 ( 1)  0.219
 825 R   0.12544 0.12526 0.12515 0.12506 0.12496 0.12486 0.12474 0.12453 ( 1)  0.219
 826 S   0.12555 0.12533 0.12519 0.12507 0.12495 0.12483 0.12467 0.12441 ( 1)  0.219
 827 S   0.12555 0.12533 0.12519 0.12507 0.12495 0.12483 0.12467 0.12441 ( 1)  0.219
 828 R   0.12542 0.12525 0.12515 0.12505 0.12496 0.12487 0.12475 0.12454 ( 1)  0.219
 829 G   0.12555 0.12533 0.12519 0.12507 0.12495 0.12483 0.12467 0.12440 ( 1)  0.219
 830 S   0.12555 0.12533 0.12519 0.12507 0.12495 0.12483 0.12467 0.12441 ( 1)  0.219
 831 G   0.12555 0.12533 0.12519 0.12507 0.12495 0.12483 0.12467 0.12440 ( 1)  0.219
 832 G   0.12555 0.12533 0.12519 0.12507 0.12495 0.12483 0.12467 0.12440 ( 1)  0.219
 833 L   0.12529 0.12517 0.12510 0.12504 0.12498 0.12491 0.12483 0.12469 ( 1)  0.219
 834 R   0.09458 0.10663 0.11441 0.12110 0.12760 0.13462 0.14328 0.15778 ( 8)  0.224
 835 R   0.12512 0.12507 0.12504 0.12502 0.12499 0.12496 0.12493 0.12487 ( 1)  0.219
 836 R   0.12508 0.12505 0.12503 0.12501 0.12499 0.12498 0.12495 0.12492 ( 1)  0.219
 837 G   0.12555 0.12533 0.12519 0.12507 0.12495 0.12483 0.12467 0.12440 ( 1)  0.219
 838 T   0.12561 0.12537 0.12521 0.12508 0.12495 0.12481 0.12464 0.12435 ( 1)  0.219
 839 F   0.12545 0.12527 0.12516 0.12506 0.12496 0.12486 0.12473 0.12451 ( 1)  0.219
 840 G   0.12555 0.12533 0.12519 0.12507 0.12495 0.12483 0.12467 0.12440 ( 1)  0.219
 841 K   0.12544 0.12527 0.12515 0.12506 0.12496 0.12486 0.12474 0.12453 ( 1)  0.219
 842 E   0.12548 0.12529 0.12517 0.12506 0.12496 0.12485 0.12471 0.12448 ( 1)  0.219
 843 W   0.12525 0.12515 0.12509 0.12503 0.12498 0.12492 0.12485 0.12473 ( 1)  0.219
 844 L   0.12529 0.12517 0.12510 0.12504 0.12498 0.12491 0.12483 0.12469 ( 1)  0.219
 845 F   0.12545 0.12527 0.12516 0.12506 0.12496 0.12486 0.12473 0.12451 ( 1)  0.219
 846 A   0.12517 0.12510 0.12506 0.12502 0.12499 0.12495 0.12490 0.12482 ( 1)  0.219
 847 A   0.12517 0.12510 0.12506 0.12502 0.12499 0.12495 0.12490 0.12482 ( 1)  0.219
 848 A   0.12561 0.12537 0.12521 0.12508 0.12495 0.12481 0.12463 0.12434 ( 1)  0.219
 849 T   0.09471 0.10672 0.11448 0.12113 0.12760 0.13459 0.14318 0.15758 ( 8)  0.224
 850 V   0.12551 0.12531 0.12518 0.12507 0.12496 0.12484 0.12469 0.12445 ( 1)  0.219
 851 W   0.12525 0.12515 0.12509 0.12503 0.12498 0.12492 0.12485 0.12473 ( 1)  0.219
 852 S   0.12513 0.12508 0.12504 0.12502 0.12499 0.12496 0.12492 0.12486 ( 1)  0.219
 853 V   0.12551 0.12531 0.12518 0.12507 0.12496 0.12484 0.12469 0.12445 ( 1)  0.219
 854 Q   0.12511 0.12507 0.12504 0.12501 0.12499 0.12497 0.12494 0.12488 ( 1)  0.219
 855 A   0.12517 0.12510 0.12506 0.12502 0.12499 0.12495 0.12490 0.12482 ( 1)  0.219
 856 G   0.12555 0.12533 0.12519 0.12507 0.12495 0.12483 0.12467 0.12440 ( 1)  0.219
 857 F   0.12513 0.12508 0.12505 0.12502 0.12499 0.12496 0.12492 0.12486 ( 1)  0.219
 858 V   0.12517 0.12510 0.12506 0.12502 0.12499 0.12495 0.12490 0.12481 ( 1)  0.219
 859 W   0.12525 0.12515 0.12509 0.12503 0.12498 0.12492 0.12485 0.12473 ( 1)  0.219
 860 R   0.12512 0.12507 0.12504 0.12502 0.12499 0.12496 0.12493 0.12487 ( 1)  0.219


lnL = -3523.178156

