Supplemental results for CODEML (seqf: algn  treef: tree)


dN/dS (w) for site classes (K=9)

p:   0.11250  0.11250  0.11250  0.11250  0.11250  0.11250  0.11250  0.11250  0.09998
w:   0.04774  0.15090  0.25943  0.37277  0.49133  0.61634  0.75042  0.90134  1.69999

Naive Empirical Bayes (NEB) probabilities for 9 classes & postmean_w & P(w>1)
(amino acids refer to 1st sequence: Smed.16825)

   1 M   0.11250 0.11250 0.11250 0.11250 0.11250 0.11250 0.11250 0.11250 0.09998 ( 1)  0.574  0.100
   2 G   0.11250 0.11250 0.11250 0.11250 0.11250 0.11250 0.11250 0.11250 0.09998 ( 1)  0.574  0.100
   3 R   0.11250 0.11250 0.11250 0.11250 0.11250 0.11250 0.11250 0.11250 0.09998 ( 1)  0.574  0.100
   4 R   0.11250 0.11250 0.11250 0.11250 0.11250 0.11250 0.11250 0.11250 0.09998 ( 1)  0.574  0.100
   5 R   0.11250 0.11250 0.11250 0.11250 0.11250 0.11250 0.11250 0.11250 0.09998 ( 1)  0.574  0.100
   6 S   0.11250 0.11250 0.11250 0.11250 0.11250 0.11250 0.11250 0.11250 0.09998 ( 1)  0.574  0.100
   7 Q   0.11250 0.11250 0.11250 0.11250 0.11250 0.11250 0.11250 0.11250 0.09998 ( 1)  0.574  0.100
   8 R   0.11250 0.11250 0.11250 0.11250 0.11250 0.11250 0.11250 0.11250 0.09998 ( 1)  0.574  0.100
   9 K   0.11250 0.11250 0.11250 0.11250 0.11250 0.11250 0.11250 0.11250 0.09998 ( 1)  0.574  0.100
  10 P   0.11250 0.11250 0.11250 0.11250 0.11250 0.11250 0.11250 0.11250 0.09998 ( 1)  0.574  0.100
  11 P   0.11250 0.11250 0.11250 0.11250 0.11250 0.11250 0.11250 0.11250 0.09998 ( 1)  0.574  0.100
  12 P   0.11250 0.11250 0.11250 0.11250 0.11250 0.11250 0.11250 0.11250 0.09998 ( 1)  0.574  0.100
  13 K   0.11250 0.11250 0.11250 0.11250 0.11250 0.11250 0.11250 0.11250 0.09998 ( 1)  0.574  0.100
  14 T   0.11250 0.11250 0.11250 0.11250 0.11250 0.11250 0.11250 0.11250 0.09998 ( 1)  0.574  0.100
  15 K   0.11250 0.11250 0.11250 0.11250 0.11250 0.11250 0.11250 0.11250 0.09998 ( 1)  0.574  0.100
  16 Q   0.11250 0.11250 0.11250 0.11250 0.11250 0.11250 0.11250 0.11250 0.09998 ( 1)  0.574  0.100
  17 I   0.11250 0.11250 0.11250 0.11250 0.11250 0.11250 0.11250 0.11250 0.09998 ( 1)  0.574  0.100
  18 I   0.11250 0.11250 0.11250 0.11250 0.11250 0.11250 0.11250 0.11250 0.09998 ( 1)  0.574  0.100
  19 P   0.11250 0.11250 0.11250 0.11250 0.11250 0.11250 0.11250 0.11250 0.09998 ( 1)  0.574  0.100
  20 L   0.11250 0.11250 0.11250 0.11250 0.11250 0.11250 0.11250 0.11250 0.09998 ( 1)  0.574  0.100
  21 A   0.11250 0.11250 0.11250 0.11250 0.11250 0.11250 0.11250 0.11250 0.09998 ( 1)  0.574  0.100
  22 K   0.11250 0.11250 0.11250 0.11250 0.11250 0.11250 0.11250 0.11250 0.09998 ( 1)  0.574  0.100
  23 V   0.11250 0.11250 0.11250 0.11250 0.11250 0.11250 0.11250 0.11250 0.09998 ( 1)  0.574  0.100
  24 F   0.11250 0.11250 0.11250 0.11250 0.11250 0.11250 0.11250 0.11250 0.09998 ( 1)  0.574  0.100
  25 K   0.11250 0.11250 0.11250 0.11250 0.11250 0.11250 0.11250 0.11250 0.09998 ( 1)  0.574  0.100
  26 C   0.11250 0.11250 0.11250 0.11250 0.11250 0.11250 0.11250 0.11250 0.09998 ( 1)  0.574  0.100
  27 P   0.11250 0.11250 0.11250 0.11250 0.11250 0.11250 0.11250 0.11250 0.09998 ( 1)  0.574  0.100
  28 F   0.11250 0.11250 0.11250 0.11250 0.11250 0.11250 0.11250 0.11250 0.09998 ( 1)  0.574  0.100
  29 C   0.11250 0.11250 0.11250 0.11250 0.11250 0.11250 0.11250 0.11250 0.09998 ( 1)  0.574  0.100
  30 N   0.11250 0.11250 0.11250 0.11250 0.11250 0.11250 0.11250 0.11250 0.09998 ( 1)  0.574  0.100
  31 H   0.11250 0.11250 0.11250 0.11250 0.11250 0.11250 0.11250 0.11250 0.09998 ( 1)  0.574  0.100
  32 D   0.11250 0.11250 0.11250 0.11250 0.11250 0.11250 0.11250 0.11250 0.09998 ( 1)  0.574  0.100
  33 E   0.11250 0.11250 0.11250 0.11250 0.11250 0.11250 0.11250 0.11250 0.09998 ( 1)  0.574  0.100
  34 S   0.11250 0.11250 0.11250 0.11250 0.11250 0.11250 0.11250 0.11250 0.09998 ( 1)  0.574  0.100
  35 C   0.11250 0.11250 0.11250 0.11250 0.11250 0.11250 0.11250 0.11250 0.09998 ( 1)  0.574  0.100
  36 T   0.11250 0.11250 0.11250 0.11250 0.11250 0.11250 0.11250 0.11250 0.09998 ( 1)  0.574  0.100
  37 V   0.11250 0.11250 0.11250 0.11250 0.11250 0.11250 0.11250 0.11250 0.09998 ( 1)  0.574  0.100
  38 N   0.11250 0.11250 0.11250 0.11250 0.11250 0.11250 0.11250 0.11250 0.09998 ( 1)  0.574  0.100
  39 L   0.11250 0.11250 0.11250 0.11250 0.11250 0.11250 0.11250 0.11250 0.09998 ( 1)  0.574  0.100
  40 Q   0.11250 0.11250 0.11250 0.11250 0.11250 0.11250 0.11250 0.11250 0.09998 ( 1)  0.574  0.100
  41 R   0.11250 0.11250 0.11250 0.11250 0.11250 0.11250 0.11250 0.11250 0.09998 ( 1)  0.574  0.100
  42 E   0.11250 0.11250 0.11250 0.11250 0.11250 0.11250 0.11250 0.11250 0.09998 ( 1)  0.574  0.100
  43 E   0.11250 0.11250 0.11250 0.11250 0.11250 0.11250 0.11250 0.11250 0.09998 ( 1)  0.574  0.100
  44 R   0.11250 0.11250 0.11250 0.11250 0.11250 0.11250 0.11250 0.11250 0.09998 ( 1)  0.574  0.100
  45 I   0.11250 0.11250 0.11250 0.11250 0.11250 0.11250 0.11250 0.11250 0.09998 ( 1)  0.574  0.100
  46 G   0.11250 0.11250 0.11250 0.11250 0.11250 0.11250 0.11250 0.11250 0.09998 ( 1)  0.574  0.100
  47 Y   0.11250 0.11250 0.11250 0.11250 0.11250 0.11250 0.11250 0.11250 0.09998 ( 1)  0.574  0.100
  48 I   0.11250 0.11250 0.11250 0.11250 0.11250 0.11250 0.11250 0.11250 0.09998 ( 1)  0.574  0.100
  49 K   0.11250 0.11250 0.11250 0.11250 0.11250 0.11250 0.11250 0.11250 0.09998 ( 1)  0.574  0.100
  50 C   0.11250 0.11250 0.11250 0.11250 0.11250 0.11250 0.11250 0.11250 0.09998 ( 1)  0.574  0.100
  51 K   0.11250 0.11250 0.11250 0.11250 0.11250 0.11250 0.11250 0.11250 0.09998 ( 1)  0.574  0.100
  52 I   0.11250 0.11250 0.11250 0.11250 0.11250 0.11250 0.11250 0.11250 0.09998 ( 1)  0.574  0.100
  53 C   0.11250 0.11250 0.11250 0.11250 0.11250 0.11250 0.11250 0.11250 0.09998 ( 1)  0.574  0.100
  54 L   0.11250 0.11250 0.11250 0.11250 0.11250 0.11250 0.11250 0.11250 0.09998 ( 1)  0.574  0.100
  55 E   0.11250 0.11250 0.11250 0.11250 0.11250 0.11250 0.11250 0.11250 0.09998 ( 1)  0.574  0.100
  56 D   0.11250 0.11250 0.11250 0.11250 0.11250 0.11250 0.11250 0.11250 0.09998 ( 1)  0.574  0.100
  57 F   0.11250 0.11250 0.11250 0.11250 0.11250 0.11250 0.11250 0.11250 0.09998 ( 1)  0.574  0.100
  58 Q   0.11250 0.11250 0.11250 0.11250 0.11250 0.11250 0.11250 0.11250 0.09998 ( 1)  0.574  0.100
  59 T   0.11250 0.11250 0.11250 0.11250 0.11250 0.11250 0.11250 0.11250 0.09998 ( 1)  0.574  0.100
  60 K   0.11250 0.11250 0.11250 0.11250 0.11250 0.11250 0.11250 0.11250 0.09998 ( 1)  0.574  0.100
  61 I   0.11250 0.11250 0.11250 0.11250 0.11250 0.11250 0.11250 0.11250 0.09998 ( 1)  0.574  0.100
  62 N   0.11250 0.11250 0.11250 0.11250 0.11250 0.11250 0.11250 0.11250 0.09998 ( 1)  0.574  0.100
  63 Y   0.11250 0.11250 0.11250 0.11250 0.11250 0.11250 0.11250 0.11250 0.09998 ( 1)  0.574  0.100
  64 L   0.11250 0.11250 0.11250 0.11250 0.11250 0.11250 0.11250 0.11250 0.09998 ( 1)  0.574  0.100
  65 S   0.11250 0.11250 0.11250 0.11250 0.11250 0.11250 0.11250 0.11250 0.09998 ( 1)  0.574  0.100
  66 Q   0.11250 0.11250 0.11250 0.11250 0.11250 0.11250 0.11250 0.11250 0.09998 ( 1)  0.574  0.100
  67 E   0.11250 0.11250 0.11250 0.11250 0.11250 0.11250 0.11250 0.11250 0.09998 ( 1)  0.574  0.100
  68 I   0.11250 0.11250 0.11250 0.11250 0.11250 0.11250 0.11250 0.11250 0.09998 ( 1)  0.574  0.100
  69 D   0.11250 0.11250 0.11250 0.11250 0.11250 0.11250 0.11250 0.11250 0.09998 ( 1)  0.574  0.100
  70 V   0.11250 0.11250 0.11250 0.11250 0.11250 0.11250 0.11250 0.11250 0.09998 ( 1)  0.574  0.100
  71 Y   0.11250 0.11250 0.11250 0.11250 0.11250 0.11250 0.11250 0.11250 0.09998 ( 1)  0.574  0.100
  72 N   0.11250 0.11250 0.11250 0.11250 0.11250 0.11250 0.11250 0.11250 0.09998 ( 1)  0.574  0.100
  73 D   0.11250 0.11250 0.11250 0.11250 0.11250 0.11250 0.11250 0.11250 0.09998 ( 1)  0.574  0.100
  74 W   0.11250 0.11250 0.11250 0.11250 0.11250 0.11250 0.11250 0.11250 0.09998 ( 1)  0.574  0.100
  75 I   0.11250 0.11250 0.11250 0.11250 0.11250 0.11250 0.11250 0.11250 0.09998 ( 1)  0.574  0.100
  76 D   0.11250 0.11250 0.11250 0.11250 0.11250 0.11250 0.11250 0.11250 0.09998 ( 1)  0.574  0.100
  77 A   0.11250 0.11250 0.11250 0.11250 0.11250 0.11250 0.11250 0.11250 0.09998 ( 1)  0.574  0.100
  78 C   0.11250 0.11250 0.11250 0.11250 0.11250 0.11250 0.11250 0.11250 0.09998 ( 1)  0.574  0.100
  79 E   0.11250 0.11250 0.11250 0.11250 0.11250 0.11250 0.11250 0.11250 0.09998 ( 1)  0.574  0.100
  80 E   0.11250 0.11250 0.11250 0.11250 0.11250 0.11250 0.11250 0.11250 0.09998 ( 1)  0.574  0.100
  81 I   0.11250 0.11250 0.11250 0.11250 0.11250 0.11250 0.11250 0.11250 0.09998 ( 1)  0.574  0.100
  82 N   0.11250 0.11250 0.11250 0.11250 0.11250 0.11250 0.11250 0.11250 0.09998 ( 1)  0.574  0.100
  83 N   0.11250 0.11250 0.11250 0.11250 0.11250 0.11250 0.11250 0.11250 0.09998 ( 1)  0.574  0.100

Positively selected sites

	Prob(w>1)  mean w



lnL =  -310.319449

Bayes Empirical Bayes (BEB) probabilities for 11 classes (class) & postmean_w
(amino acids refer to 1st sequence: Smed.16825)

   1 M   0.10038 0.03972 0.03721 0.03655 0.03637 0.03637 0.03655 0.03721 0.03971 0.10035 0.49958 (11)  3.245 +-  3.425
   2 G   0.10038 0.03972 0.03721 0.03655 0.03637 0.03637 0.03655 0.03721 0.03971 0.10035 0.49958 (11)  3.245 +-  3.424
   3 R   0.10038 0.03972 0.03721 0.03655 0.03637 0.03637 0.03655 0.03721 0.03971 0.10035 0.49959 (11)  3.245 +-  3.425
   4 R   0.10038 0.03972 0.03721 0.03655 0.03637 0.03637 0.03655 0.03721 0.03971 0.10035 0.49958 (11)  3.245 +-  3.424
   5 R   0.10038 0.03972 0.03721 0.03655 0.03637 0.03637 0.03655 0.03721 0.03971 0.10035 0.49958 (11)  3.245 +-  3.424
   6 S   0.10038 0.03972 0.03721 0.03655 0.03637 0.03637 0.03655 0.03721 0.03971 0.10035 0.49958 (11)  3.245 +-  3.425
   7 Q   0.10038 0.03972 0.03721 0.03655 0.03637 0.03637 0.03655 0.03721 0.03971 0.10035 0.49958 (11)  3.245 +-  3.425
   8 R   0.10038 0.03972 0.03721 0.03655 0.03637 0.03637 0.03655 0.03721 0.03971 0.10035 0.49958 (11)  3.245 +-  3.424
   9 K   0.10038 0.03972 0.03721 0.03655 0.03637 0.03637 0.03655 0.03721 0.03971 0.10035 0.49958 (11)  3.245 +-  3.425
  10 P   0.10038 0.03972 0.03721 0.03655 0.03637 0.03637 0.03655 0.03721 0.03971 0.10035 0.49958 (11)  3.245 +-  3.425
  11 P   0.10038 0.03972 0.03721 0.03655 0.03637 0.03637 0.03655 0.03721 0.03971 0.10035 0.49958 (11)  3.245 +-  3.425
  12 P   0.10038 0.03972 0.03721 0.03655 0.03637 0.03637 0.03655 0.03721 0.03971 0.10035 0.49958 (11)  3.245 +-  3.425
  13 K   0.10038 0.03972 0.03721 0.03655 0.03637 0.03637 0.03655 0.03721 0.03971 0.10035 0.49957 (11)  3.245 +-  3.424
  14 T   0.10038 0.03972 0.03721 0.03655 0.03637 0.03637 0.03655 0.03721 0.03971 0.10035 0.49958 (11)  3.245 +-  3.424
  15 K   0.10038 0.03972 0.03721 0.03655 0.03637 0.03637 0.03655 0.03721 0.03971 0.10035 0.49958 (11)  3.245 +-  3.425
  16 Q   0.10038 0.03972 0.03721 0.03655 0.03637 0.03637 0.03655 0.03721 0.03971 0.10035 0.49958 (11)  3.245 +-  3.425
  17 I   0.10038 0.03972 0.03721 0.03655 0.03637 0.03637 0.03655 0.03721 0.03971 0.10035 0.49958 (11)  3.245 +-  3.424
  18 I   0.10038 0.03972 0.03721 0.03655 0.03637 0.03637 0.03655 0.03721 0.03971 0.10035 0.49958 (11)  3.245 +-  3.424
  19 P   0.10038 0.03972 0.03721 0.03655 0.03637 0.03637 0.03655 0.03721 0.03971 0.10035 0.49958 (11)  3.245 +-  3.425
  20 L   0.10038 0.03972 0.03721 0.03655 0.03637 0.03637 0.03655 0.03721 0.03971 0.10035 0.49959 (11)  3.245 +-  3.425
  21 A   0.10038 0.03972 0.03721 0.03655 0.03637 0.03637 0.03655 0.03721 0.03971 0.10035 0.49958 (11)  3.245 +-  3.425
  22 K   0.10038 0.03972 0.03721 0.03655 0.03637 0.03637 0.03655 0.03721 0.03971 0.10035 0.49957 (11)  3.245 +-  3.424
  23 V   0.10038 0.03972 0.03721 0.03655 0.03637 0.03637 0.03655 0.03721 0.03971 0.10035 0.49958 (11)  3.245 +-  3.424
  24 F   0.10038 0.03972 0.03721 0.03655 0.03637 0.03637 0.03655 0.03721 0.03971 0.10035 0.49958 (11)  3.245 +-  3.425
  25 K   0.10038 0.03972 0.03721 0.03655 0.03637 0.03637 0.03655 0.03721 0.03971 0.10035 0.49957 (11)  3.245 +-  3.424
  26 C   0.10038 0.03972 0.03721 0.03655 0.03637 0.03637 0.03655 0.03721 0.03971 0.10035 0.49958 (11)  3.245 +-  3.425
  27 P   0.10038 0.03972 0.03721 0.03655 0.03637 0.03637 0.03655 0.03721 0.03971 0.10035 0.49958 (11)  3.245 +-  3.425
  28 F   0.10038 0.03972 0.03721 0.03655 0.03637 0.03637 0.03655 0.03721 0.03971 0.10035 0.49958 (11)  3.245 +-  3.425
  29 C   0.10038 0.03972 0.03721 0.03655 0.03637 0.03637 0.03655 0.03721 0.03971 0.10035 0.49958 (11)  3.245 +-  3.425
  30 N   0.10038 0.03972 0.03721 0.03655 0.03637 0.03637 0.03655 0.03721 0.03971 0.10035 0.49957 (11)  3.245 +-  3.424
  31 H   0.10038 0.03972 0.03721 0.03655 0.03637 0.03637 0.03655 0.03721 0.03971 0.10035 0.49958 (11)  3.245 +-  3.425
  32 D   0.10038 0.03972 0.03721 0.03655 0.03637 0.03637 0.03655 0.03721 0.03971 0.10035 0.49957 (11)  3.245 +-  3.424
  33 E   0.10038 0.03972 0.03721 0.03655 0.03637 0.03637 0.03655 0.03721 0.03971 0.10035 0.49958 (11)  3.245 +-  3.424
  34 S   0.10038 0.03972 0.03721 0.03655 0.03637 0.03637 0.03655 0.03721 0.03971 0.10035 0.49958 (11)  3.245 +-  3.425
  35 C   0.10038 0.03972 0.03721 0.03655 0.03637 0.03637 0.03655 0.03721 0.03971 0.10035 0.49958 (11)  3.245 +-  3.425
  36 T   0.10038 0.03972 0.03721 0.03655 0.03637 0.03637 0.03655 0.03721 0.03971 0.10035 0.49958 (11)  3.245 +-  3.425
  37 V   0.10038 0.03972 0.03721 0.03655 0.03637 0.03637 0.03655 0.03721 0.03971 0.10035 0.49958 (11)  3.245 +-  3.424
  38 N   0.10038 0.03972 0.03721 0.03655 0.03637 0.03637 0.03655 0.03721 0.03971 0.10035 0.49957 (11)  3.245 +-  3.424
  39 L   0.10038 0.03972 0.03721 0.03655 0.03637 0.03637 0.03655 0.03721 0.03971 0.10035 0.49959 (11)  3.245 +-  3.425
  40 Q   0.10038 0.03972 0.03721 0.03655 0.03637 0.03637 0.03655 0.03721 0.03971 0.10035 0.49958 (11)  3.245 +-  3.425
  41 R   0.10038 0.03972 0.03721 0.03655 0.03637 0.03637 0.03655 0.03721 0.03971 0.10035 0.49959 (11)  3.245 +-  3.425
  42 E   0.10038 0.03972 0.03721 0.03655 0.03637 0.03637 0.03655 0.03721 0.03971 0.10035 0.49958 (11)  3.245 +-  3.424
  43 E   0.10038 0.03972 0.03721 0.03655 0.03637 0.03637 0.03655 0.03721 0.03971 0.10035 0.49958 (11)  3.245 +-  3.424
  44 R   0.10038 0.03972 0.03721 0.03655 0.03637 0.03637 0.03655 0.03721 0.03971 0.10035 0.49958 (11)  3.245 +-  3.425
  45 I   0.10038 0.03972 0.03721 0.03655 0.03637 0.03637 0.03655 0.03721 0.03971 0.10035 0.49958 (11)  3.245 +-  3.424
  46 G   0.10038 0.03972 0.03721 0.03655 0.03637 0.03637 0.03655 0.03721 0.03971 0.10035 0.49959 (11)  3.245 +-  3.425
  47 Y   0.10038 0.03972 0.03721 0.03655 0.03637 0.03637 0.03655 0.03721 0.03971 0.10035 0.49958 (11)  3.245 +-  3.424
  48 I   0.10038 0.03972 0.03721 0.03655 0.03637 0.03637 0.03655 0.03721 0.03971 0.10035 0.49959 (11)  3.245 +-  3.425
  49 K   0.10038 0.03972 0.03721 0.03655 0.03637 0.03637 0.03655 0.03721 0.03971 0.10035 0.49957 (11)  3.245 +-  3.424
  50 C   0.10038 0.03972 0.03721 0.03655 0.03637 0.03637 0.03655 0.03721 0.03971 0.10035 0.49959 (11)  3.245 +-  3.425
  51 K   0.10038 0.03972 0.03721 0.03655 0.03637 0.03637 0.03655 0.03721 0.03971 0.10035 0.49957 (11)  3.245 +-  3.424
  52 I   0.10038 0.03972 0.03721 0.03655 0.03637 0.03637 0.03655 0.03721 0.03971 0.10035 0.49958 (11)  3.245 +-  3.424
  53 C   0.10038 0.03972 0.03721 0.03655 0.03637 0.03637 0.03655 0.03721 0.03971 0.10035 0.49958 (11)  3.245 +-  3.425
  54 L   0.10038 0.03972 0.03721 0.03655 0.03637 0.03637 0.03655 0.03721 0.03971 0.10035 0.49958 (11)  3.245 +-  3.425
  55 E   0.10038 0.03972 0.03721 0.03655 0.03637 0.03637 0.03655 0.03721 0.03971 0.10035 0.49958 (11)  3.245 +-  3.424
  56 D   0.10038 0.03972 0.03721 0.03655 0.03637 0.03637 0.03655 0.03721 0.03971 0.10035 0.49957 (11)  3.245 +-  3.424
  57 F   0.10038 0.03972 0.03721 0.03655 0.03637 0.03637 0.03655 0.03721 0.03971 0.10035 0.49958 (11)  3.245 +-  3.425
  58 Q   0.10038 0.03972 0.03721 0.03655 0.03637 0.03637 0.03655 0.03721 0.03971 0.10035 0.49958 (11)  3.245 +-  3.425
  59 T   0.10038 0.03972 0.03721 0.03655 0.03637 0.03637 0.03655 0.03721 0.03971 0.10035 0.49959 (11)  3.245 +-  3.425
  60 K   0.10038 0.03972 0.03721 0.03655 0.03637 0.03637 0.03655 0.03721 0.03971 0.10035 0.49957 (11)  3.245 +-  3.424
  61 I   0.10038 0.03972 0.03721 0.03655 0.03637 0.03637 0.03655 0.03721 0.03971 0.10035 0.49958 (11)  3.245 +-  3.424
  62 N   0.10038 0.03972 0.03721 0.03655 0.03637 0.03637 0.03655 0.03721 0.03971 0.10035 0.49957 (11)  3.245 +-  3.424
  63 Y   0.10038 0.03972 0.03721 0.03655 0.03637 0.03637 0.03655 0.03721 0.03971 0.10035 0.49958 (11)  3.245 +-  3.424
  64 L   0.10038 0.03972 0.03721 0.03655 0.03637 0.03637 0.03655 0.03721 0.03971 0.10035 0.49958 (11)  3.245 +-  3.425
  65 S   0.10038 0.03972 0.03721 0.03655 0.03637 0.03637 0.03655 0.03721 0.03971 0.10035 0.49957 (11)  3.245 +-  3.424
  66 Q   0.10038 0.03972 0.03721 0.03655 0.03637 0.03637 0.03655 0.03721 0.03971 0.10035 0.49958 (11)  3.245 +-  3.425
  67 E   0.10038 0.03972 0.03721 0.03655 0.03637 0.03637 0.03655 0.03721 0.03971 0.10035 0.49958 (11)  3.245 +-  3.424
  68 I   0.10038 0.03972 0.03721 0.03655 0.03637 0.03637 0.03655 0.03721 0.03971 0.10035 0.49958 (11)  3.245 +-  3.424
  69 D   0.10038 0.03972 0.03721 0.03655 0.03637 0.03637 0.03655 0.03721 0.03971 0.10035 0.49957 (11)  3.245 +-  3.424
  70 V   0.10038 0.03972 0.03721 0.03655 0.03637 0.03637 0.03655 0.03721 0.03971 0.10035 0.49958 (11)  3.245 +-  3.425
  71 Y   0.10038 0.03972 0.03721 0.03655 0.03637 0.03637 0.03655 0.03721 0.03971 0.10035 0.49958 (11)  3.245 +-  3.424
  72 N   0.10038 0.03972 0.03721 0.03655 0.03637 0.03637 0.03655 0.03721 0.03971 0.10035 0.49957 (11)  3.245 +-  3.424
  73 D   0.10038 0.03972 0.03721 0.03655 0.03637 0.03637 0.03655 0.03721 0.03971 0.10035 0.49957 (11)  3.245 +-  3.424
  74 W   0.10038 0.03972 0.03721 0.03655 0.03637 0.03637 0.03655 0.03721 0.03971 0.10035 0.49959 (11)  3.245 +-  3.425
  75 I   0.10038 0.03972 0.03721 0.03655 0.03637 0.03637 0.03655 0.03721 0.03971 0.10035 0.49958 (11)  3.245 +-  3.424
  76 D   0.10038 0.03972 0.03721 0.03655 0.03637 0.03637 0.03655 0.03721 0.03971 0.10035 0.49957 (11)  3.245 +-  3.424
  77 A   0.10038 0.03972 0.03721 0.03655 0.03637 0.03637 0.03655 0.03721 0.03971 0.10035 0.49959 (11)  3.245 +-  3.425
  78 C   0.10038 0.03972 0.03721 0.03655 0.03637 0.03637 0.03655 0.03721 0.03971 0.10035 0.49958 (11)  3.245 +-  3.425
  79 E   0.10038 0.03972 0.03721 0.03655 0.03637 0.03637 0.03655 0.03721 0.03971 0.10035 0.49958 (11)  3.245 +-  3.424
  80 E   0.10038 0.03972 0.03721 0.03655 0.03637 0.03637 0.03655 0.03721 0.03971 0.10035 0.49958 (11)  3.245 +-  3.424
  81 I   0.10038 0.03972 0.03721 0.03655 0.03637 0.03637 0.03655 0.03721 0.03971 0.10035 0.49958 (11)  3.245 +-  3.424
  82 N   0.10038 0.03972 0.03721 0.03655 0.03637 0.03637 0.03655 0.03721 0.03971 0.10035 0.49957 (11)  3.245 +-  3.424
  83 N   0.10038 0.03972 0.03721 0.03655 0.03637 0.03637 0.03655 0.03721 0.03971 0.10035 0.49957 (11)  3.245 +-  3.424

Positively selected sites

	Prob(w>1)  mean w


