Supplemental results for CODEML (seqf: algn  treef: tree)


dN/dS (w) for site classes (K=3)

p:   0.66832  0.20994  0.12174
w:   0.25480  1.00000  1.86182

Naive Empirical Bayes (NEB) probabilities for 3 classes & postmean_w & P(w>1)
(amino acids refer to 1st sequence: Mlig.5732)

   1 T   0.66832 0.20994 0.12174 ( 1)  0.607  0.122
   2 E   0.66833 0.20994 0.12174 ( 1)  0.607  0.122
   3 D   0.66832 0.20994 0.12174 ( 1)  0.607  0.122
   4 E   0.66833 0.20994 0.12174 ( 1)  0.607  0.122
   5 I   0.66832 0.20994 0.12174 ( 1)  0.607  0.122
   6 E   0.66833 0.20994 0.12174 ( 1)  0.607  0.122
   7 D   0.66832 0.20994 0.12174 ( 1)  0.607  0.122
   8 G   0.66833 0.20994 0.12174 ( 1)  0.607  0.122
   9 P   0.66832 0.20994 0.12174 ( 1)  0.607  0.122
  10 G   0.66832 0.20994 0.12174 ( 1)  0.607  0.122
  11 A   0.66833 0.20994 0.12174 ( 1)  0.607  0.122
  12 A   0.66833 0.20994 0.12174 ( 1)  0.607  0.122
  13 Y   0.66833 0.20994 0.12174 ( 1)  0.607  0.122
  14 Q   0.66833 0.20994 0.12174 ( 1)  0.607  0.122
  15 V   0.66833 0.20994 0.12174 ( 1)  0.607  0.122
  16 F   0.66833 0.20994 0.12174 ( 1)  0.607  0.122
  17 L   0.66833 0.20994 0.12174 ( 1)  0.607  0.122
  18 N   0.66833 0.20994 0.12174 ( 1)  0.607  0.122
  19 M   0.66833 0.20994 0.12174 ( 1)  0.607  0.122
  20 E   0.66833 0.20994 0.12174 ( 1)  0.607  0.122
  21 A   0.66832 0.20994 0.12174 ( 1)  0.607  0.122
  22 V   0.66833 0.20994 0.12174 ( 1)  0.607  0.122
  23 L   0.66832 0.20994 0.12174 ( 1)  0.607  0.122
  24 D   0.66833 0.20993 0.12173 ( 1)  0.607  0.122
  25 N   0.66833 0.20994 0.12174 ( 1)  0.607  0.122
  26 L   0.66832 0.20994 0.12174 ( 1)  0.607  0.122
  27 K   0.66833 0.20994 0.12174 ( 1)  0.607  0.122
  28 L   0.66832 0.20994 0.12174 ( 1)  0.607  0.122
  29 L   0.66832 0.20994 0.12174 ( 1)  0.607  0.122
  30 D   0.66833 0.20993 0.12173 ( 1)  0.607  0.122
  31 Y   0.66832 0.20994 0.12174 ( 1)  0.607  0.122
  32 D   0.66833 0.20993 0.12173 ( 1)  0.607  0.122
  33 R   0.66833 0.20994 0.12174 ( 1)  0.607  0.122
  34 E   0.66833 0.20994 0.12174 ( 1)  0.607  0.122
  35 Y   0.66832 0.20994 0.12174 ( 1)  0.607  0.122
  36 C   0.66833 0.20994 0.12174 ( 1)  0.607  0.122
  37 K   0.66833 0.20994 0.12174 ( 1)  0.607  0.122
  38 Q   0.66833 0.20994 0.12174 ( 1)  0.607  0.122
  39 L   0.66832 0.20994 0.12174 ( 1)  0.607  0.122
  40 H   0.66833 0.20994 0.12174 ( 1)  0.607  0.122
  41 H   0.66833 0.20994 0.12174 ( 1)  0.607  0.122
  42 K   0.66832 0.20994 0.12174 ( 1)  0.607  0.122
  43 P   0.66833 0.20994 0.12174 ( 1)  0.607  0.122
  44 I   0.66833 0.20994 0.12174 ( 1)  0.607  0.122
  45 S   0.66832 0.20994 0.12174 ( 1)  0.607  0.122
  46 R   0.66832 0.20994 0.12174 ( 1)  0.607  0.122
  47 H   0.66833 0.20994 0.12174 ( 1)  0.607  0.122
  48 Y   0.66833 0.20994 0.12174 ( 1)  0.607  0.122
  49 F   0.66833 0.20994 0.12174 ( 1)  0.607  0.122
  50 A   0.66833 0.20994 0.12174 ( 1)  0.607  0.122
  51 M   0.66833 0.20994 0.12174 ( 1)  0.607  0.122
  52 A   0.66832 0.20994 0.12174 ( 1)  0.607  0.122
  53 T   0.66833 0.20994 0.12174 ( 1)  0.607  0.122
  54 N   0.66833 0.20994 0.12174 ( 1)  0.607  0.122
  55 S   0.66832 0.20994 0.12174 ( 1)  0.607  0.122
  56 G   0.66833 0.20994 0.12174 ( 1)  0.607  0.122
  57 E   0.66833 0.20994 0.12174 ( 1)  0.607  0.122
  58 Q   0.66833 0.20994 0.12174 ( 1)  0.607  0.122
  59 F   0.66833 0.20994 0.12174 ( 1)  0.607  0.122
  60 H   0.66833 0.20994 0.12174 ( 1)  0.607  0.122
  61 A   0.66833 0.20994 0.12174 ( 1)  0.607  0.122
  62 F   0.66833 0.20994 0.12174 ( 1)  0.607  0.122
  63 G   0.66833 0.20994 0.12174 ( 1)  0.607  0.122
  64 C   0.66833 0.20994 0.12174 ( 1)  0.607  0.122
  65 L   0.66832 0.20994 0.12174 ( 1)  0.607  0.122
  66 A   0.66833 0.20994 0.12174 ( 1)  0.607  0.122
  67 S   0.66833 0.20994 0.12174 ( 1)  0.607  0.122
  68 W   0.66832 0.20994 0.12174 ( 1)  0.607  0.122
  69 L   0.66832 0.20994 0.12174 ( 1)  0.607  0.122
  70 V   0.66833 0.20994 0.12174 ( 1)  0.607  0.122
  71 R   0.66832 0.20994 0.12174 ( 1)  0.607  0.122
  72 M   0.66833 0.20994 0.12174 ( 1)  0.607  0.122
  73 G   0.66833 0.20994 0.12174 ( 1)  0.607  0.122
  74 G   0.66833 0.20994 0.12174 ( 1)  0.607  0.122
  75 K   0.66832 0.20994 0.12174 ( 1)  0.607  0.122
  76 D   0.66833 0.20993 0.12173 ( 1)  0.607  0.122
  77 M   0.66833 0.20994 0.12174 ( 1)  0.607  0.122
  78 E   0.66833 0.20994 0.12174 ( 1)  0.607  0.122
  79 E   0.66833 0.20994 0.12174 ( 1)  0.607  0.122
  80 P   0.66832 0.20994 0.12174 ( 1)  0.607  0.122
  81 Q   0.66833 0.20994 0.12174 ( 1)  0.607  0.122
  82 E   0.66833 0.20994 0.12174 ( 1)  0.607  0.122
  83 Y   0.66833 0.20994 0.12174 ( 1)  0.607  0.122
  84 D   0.66833 0.20993 0.12173 ( 1)  0.607  0.122
  85 D   0.66833 0.20993 0.12173 ( 1)  0.607  0.122
  86 P   0.66833 0.20994 0.12174 ( 1)  0.607  0.122
  87 N   0.66833 0.20994 0.12174 ( 1)  0.607  0.122
  88 A   0.66833 0.20994 0.12174 ( 1)  0.607  0.122
  89 I   0.66833 0.20994 0.12174 ( 1)  0.607  0.122
  90 V   0.66833 0.20994 0.12174 ( 1)  0.607  0.122
  91 S   0.66833 0.20994 0.12174 ( 1)  0.607  0.122
  92 G   0.66833 0.20994 0.12174 ( 1)  0.607  0.122
  93 I   0.66832 0.20994 0.12174 ( 1)  0.607  0.122
  94 L   0.66832 0.20994 0.12174 ( 1)  0.607  0.122
  95 D   0.66833 0.20993 0.12173 ( 1)  0.607  0.122
  96 A   0.66833 0.20994 0.12174 ( 1)  0.607  0.122
  97 V   0.66833 0.20994 0.12174 ( 1)  0.607  0.122
  98 R   0.66833 0.20994 0.12174 ( 1)  0.607  0.122
  99 S   0.66832 0.20994 0.12174 ( 1)  0.607  0.122
 100 L   0.66832 0.20994 0.12174 ( 1)  0.607  0.122
 101 G   0.66833 0.20994 0.12174 ( 1)  0.607  0.122
 102 H   0.66833 0.20994 0.12174 ( 1)  0.607  0.122
 103 S   0.66833 0.20994 0.12174 ( 1)  0.607  0.122
 104 I   0.66833 0.20994 0.12174 ( 1)  0.607  0.122
 105 D   0.66833 0.20993 0.12173 ( 1)  0.607  0.122
 106 F   0.66832 0.20994 0.12174 ( 1)  0.607  0.122
 107 P   0.66832 0.20994 0.12174 ( 1)  0.607  0.122
 108 P   0.66832 0.20994 0.12174 ( 1)  0.607  0.122
 109 S   0.66833 0.20994 0.12174 ( 1)  0.607  0.122

Positively selected sites

	Prob(w>1)  mean w



lnL =  -417.610333

Bayes Empirical Bayes (BEB) probabilities for 3 classes (class) & postmean_w
(amino acids refer to 1st sequence: Mlig.5732)

   1 T   0.33370 0.33361 0.33269 ( 1)  2.494 +-  2.985
   2 E   0.33371 0.33361 0.33268 ( 1)  2.493 +-  2.985
   3 D   0.33371 0.33361 0.33268 ( 1)  2.493 +-  2.985
   4 E   0.33371 0.33362 0.33267 ( 1)  2.493 +-  2.985
   5 I   0.33370 0.33361 0.33269 ( 1)  2.493 +-  2.985
   6 E   0.33371 0.33361 0.33268 ( 1)  2.493 +-  2.985
   7 D   0.33371 0.33361 0.33268 ( 1)  2.493 +-  2.985
   8 G   0.33371 0.33361 0.33268 ( 1)  2.493 +-  2.985
   9 P   0.33370 0.33361 0.33269 ( 1)  2.494 +-  2.985
  10 G   0.33370 0.33361 0.33269 ( 1)  2.494 +-  2.985
  11 A   0.33371 0.33362 0.33267 ( 1)  2.493 +-  2.985
  12 A   0.33371 0.33362 0.33267 ( 1)  2.493 +-  2.985
  13 Y   0.33371 0.33362 0.33267 ( 1)  2.493 +-  2.985
  14 Q   0.33371 0.33361 0.33268 ( 1)  2.493 +-  2.985
  15 V   0.33371 0.33362 0.33267 ( 1)  2.493 +-  2.985
  16 F   0.33371 0.33362 0.33267 ( 1)  2.493 +-  2.985
  17 L   0.33371 0.33362 0.33267 ( 1)  2.493 +-  2.985
  18 N   0.33372 0.33362 0.33266 ( 1)  2.493 +-  2.985
  19 M   0.33371 0.33362 0.33267 ( 1)  2.493 +-  2.985
  20 E   0.33371 0.33361 0.33268 ( 1)  2.493 +-  2.985
  21 A   0.33370 0.33361 0.33269 ( 1)  2.494 +-  2.985
  22 V   0.33371 0.33361 0.33268 ( 1)  2.493 +-  2.985
  23 L   0.33370 0.33361 0.33269 ( 1)  2.494 +-  2.985
  24 D   0.33372 0.33362 0.33266 ( 1)  2.493 +-  2.985
  25 N   0.33372 0.33362 0.33266 ( 1)  2.493 +-  2.985
  26 L   0.33370 0.33361 0.33269 ( 1)  2.494 +-  2.985
  27 K   0.33371 0.33362 0.33267 ( 1)  2.493 +-  2.985
  28 L   0.33370 0.33361 0.33269 ( 1)  2.494 +-  2.985
  29 L   0.33370 0.33361 0.33268 ( 1)  2.493 +-  2.985
  30 D   0.33372 0.33362 0.33266 ( 1)  2.493 +-  2.985
  31 Y   0.33370 0.33361 0.33269 ( 1)  2.494 +-  2.985
  32 D   0.33372 0.33362 0.33266 ( 1)  2.493 +-  2.985
  33 R   0.33371 0.33361 0.33268 ( 1)  2.493 +-  2.985
  34 E   0.33371 0.33361 0.33268 ( 1)  2.493 +-  2.985
  35 Y   0.33370 0.33361 0.33269 ( 1)  2.494 +-  2.985
  36 C   0.33371 0.33362 0.33268 ( 1)  2.493 +-  2.985
  37 K   0.33371 0.33362 0.33267 ( 1)  2.493 +-  2.985
  38 Q   0.33371 0.33361 0.33268 ( 1)  2.493 +-  2.985
  39 L   0.33371 0.33361 0.33268 ( 1)  2.493 +-  2.985
  40 H   0.33372 0.33362 0.33267 ( 1)  2.493 +-  2.985
  41 H   0.33372 0.33362 0.33267 ( 1)  2.493 +-  2.985
  42 K   0.33371 0.33361 0.33268 ( 1)  2.493 +-  2.985
  43 P   0.33371 0.33362 0.33267 ( 1)  2.493 +-  2.985
  44 I   0.33371 0.33362 0.33267 ( 1)  2.493 +-  2.985
  45 S   0.33370 0.33361 0.33268 ( 1)  2.493 +-  2.985
  46 R   0.33371 0.33361 0.33268 ( 1)  2.493 +-  2.985
  47 H   0.33372 0.33362 0.33267 ( 1)  2.493 +-  2.985
  48 Y   0.33371 0.33362 0.33267 ( 1)  2.493 +-  2.985
  49 F   0.33371 0.33362 0.33267 ( 1)  2.493 +-  2.985
  50 A   0.33371 0.33362 0.33267 ( 1)  2.493 +-  2.985
  51 M   0.33371 0.33362 0.33267 ( 1)  2.493 +-  2.985
  52 A   0.33370 0.33361 0.33269 ( 1)  2.494 +-  2.985
  53 T   0.33371 0.33362 0.33267 ( 1)  2.493 +-  2.985
  54 N   0.33372 0.33362 0.33266 ( 1)  2.493 +-  2.985
  55 S   0.33370 0.33361 0.33268 ( 1)  2.493 +-  2.985
  56 G   0.33371 0.33362 0.33267 ( 1)  2.493 +-  2.985
  57 E   0.33371 0.33362 0.33267 ( 1)  2.493 +-  2.985
  58 Q   0.33371 0.33361 0.33268 ( 1)  2.493 +-  2.985
  59 F   0.33371 0.33362 0.33267 ( 1)  2.493 +-  2.985
  60 H   0.33372 0.33362 0.33267 ( 1)  2.493 +-  2.985
  61 A   0.33371 0.33362 0.33267 ( 1)  2.493 +-  2.985
  62 F   0.33371 0.33362 0.33267 ( 1)  2.493 +-  2.985
  63 G   0.33371 0.33362 0.33267 ( 1)  2.493 +-  2.985
  64 C   0.33371 0.33362 0.33268 ( 1)  2.493 +-  2.985
  65 L   0.33371 0.33361 0.33268 ( 1)  2.493 +-  2.985
  66 A   0.33371 0.33362 0.33267 ( 1)  2.493 +-  2.985
  67 S   0.33371 0.33361 0.33268 ( 1)  2.493 +-  2.985
  68 W   0.33370 0.33361 0.33268 ( 1)  2.493 +-  2.985
  69 L   0.33371 0.33361 0.33268 ( 1)  2.493 +-  2.985
  70 V   0.33371 0.33362 0.33267 ( 1)  2.493 +-  2.985
  71 R   0.33371 0.33361 0.33268 ( 1)  2.493 +-  2.985
  72 M   0.33371 0.33362 0.33267 ( 1)  2.493 +-  2.985
  73 G   0.33371 0.33362 0.33267 ( 1)  2.493 +-  2.985
  74 G   0.33371 0.33362 0.33267 ( 1)  2.493 +-  2.985
  75 K   0.33371 0.33361 0.33268 ( 1)  2.493 +-  2.985
  76 D   0.33372 0.33362 0.33266 ( 1)  2.493 +-  2.985
  77 M   0.33371 0.33362 0.33267 ( 1)  2.493 +-  2.985
  78 E   0.33371 0.33362 0.33267 ( 1)  2.493 +-  2.985
  79 E   0.33371 0.33362 0.33267 ( 1)  2.493 +-  2.985
  80 P   0.33371 0.33361 0.33268 ( 1)  2.493 +-  2.985
  81 Q   0.33371 0.33361 0.33268 ( 1)  2.493 +-  2.985
  82 E   0.33371 0.33362 0.33267 ( 1)  2.493 +-  2.985
  83 Y   0.33371 0.33362 0.33267 ( 1)  2.493 +-  2.985
  84 D   0.33372 0.33362 0.33266 ( 1)  2.493 +-  2.985
  85 D   0.33372 0.33362 0.33266 ( 1)  2.493 +-  2.985
  86 P   0.33371 0.33362 0.33267 ( 1)  2.493 +-  2.985
  87 N   0.33372 0.33362 0.33266 ( 1)  2.493 +-  2.985
  88 A   0.33371 0.33362 0.33267 ( 1)  2.493 +-  2.985
  89 I   0.33371 0.33362 0.33267 ( 1)  2.493 +-  2.985
  90 V   0.33371 0.33362 0.33267 ( 1)  2.493 +-  2.985
  91 S   0.33371 0.33362 0.33267 ( 1)  2.493 +-  2.985
  92 G   0.33371 0.33362 0.33267 ( 1)  2.493 +-  2.985
  93 I   0.33370 0.33361 0.33269 ( 1)  2.493 +-  2.985
  94 L   0.33371 0.33361 0.33268 ( 1)  2.493 +-  2.985
  95 D   0.33372 0.33362 0.33266 ( 1)  2.493 +-  2.985
  96 A   0.33371 0.33362 0.33267 ( 1)  2.493 +-  2.985
  97 V   0.33371 0.33361 0.33268 ( 1)  2.493 +-  2.985
  98 R   0.33371 0.33362 0.33267 ( 1)  2.493 +-  2.985
  99 S   0.33370 0.33361 0.33269 ( 1)  2.494 +-  2.985
 100 L   0.33370 0.33361 0.33269 ( 1)  2.494 +-  2.985
 101 G   0.33371 0.33361 0.33268 ( 1)  2.493 +-  2.985
 102 H   0.33372 0.33362 0.33267 ( 1)  2.493 +-  2.985
 103 S   0.33371 0.33362 0.33267 ( 1)  2.493 +-  2.985
 104 I   0.33371 0.33362 0.33267 ( 1)  2.493 +-  2.985
 105 D   0.33372 0.33362 0.33266 ( 1)  2.493 +-  2.985
 106 F   0.33370 0.33361 0.33269 ( 1)  2.494 +-  2.985
 107 P   0.33371 0.33361 0.33268 ( 1)  2.493 +-  2.985
 108 P   0.33371 0.33361 0.33268 ( 1)  2.493 +-  2.985
 109 S   0.33371 0.33362 0.33267 ( 1)  2.493 +-  2.985

Positively selected sites

	Prob(w>1)  mean w


