Supplemental results for CODEML (seqf: algn  treef: tree)


dN/dS (w) for site classes (K=2)

p:   0.99999  0.00001
w:   0.76720  1.00000

Naive Empirical Bayes (NEB) probabilities for 2 classes & postmean_w
(amino acids refer to 1st sequence: Smed.15038)

   1 M   0.99999 0.00001 ( 1)  0.767
   2 A   0.99999 0.00001 ( 1)  0.767
   3 S   0.99999 0.00001 ( 1)  0.767
   4 L   0.99999 0.00001 ( 1)  0.767
   5 E   0.99999 0.00001 ( 1)  0.767
   6 A   0.99999 0.00001 ( 1)  0.767
   7 P   0.99999 0.00001 ( 1)  0.767
   8 K   0.99999 0.00001 ( 1)  0.767
   9 P   0.99999 0.00001 ( 1)  0.767
  10 N   0.99999 0.00001 ( 1)  0.767
  11 Q   0.99999 0.00001 ( 1)  0.767
  12 T   0.99999 0.00001 ( 1)  0.767
  13 G   0.99999 0.00001 ( 1)  0.767
  14 V   0.99999 0.00001 ( 1)  0.767
  15 A   0.99999 0.00001 ( 1)  0.767
  16 A   0.99999 0.00001 ( 1)  0.767
  17 S   0.99999 0.00001 ( 1)  0.767
  18 D   0.99999 0.00001 ( 1)  0.767
  19 S   0.99999 0.00001 ( 1)  0.767
  20 R   0.99999 0.00001 ( 1)  0.767
  21 R   0.99999 0.00001 ( 1)  0.767
  22 A   0.99999 0.00001 ( 1)  0.767
  23 S   0.99999 0.00001 ( 1)  0.767
  24 L   0.99999 0.00001 ( 1)  0.767
  25 L   0.99999 0.00001 ( 1)  0.767
  26 K   0.99999 0.00001 ( 1)  0.767
  27 W   0.99999 0.00001 ( 1)  0.767
  28 R   0.99999 0.00001 ( 1)  0.767
  29 R   0.99999 0.00001 ( 1)  0.767
  30 S   0.99999 0.00001 ( 1)  0.767
  31 T   0.99999 0.00001 ( 1)  0.767
  32 L   0.99999 0.00001 ( 1)  0.767
  33 V   0.99999 0.00001 ( 1)  0.767
  34 G   0.99999 0.00001 ( 1)  0.767
  35 P   0.99999 0.00001 ( 1)  0.767
  36 R   0.99999 0.00001 ( 1)  0.767
  37 K   0.99999 0.00001 ( 1)  0.767
  38 S   0.99999 0.00001 ( 1)  0.767
  39 I   0.99999 0.00001 ( 1)  0.767
  40 Y   0.99999 0.00001 ( 1)  0.767
  41 M   0.99999 0.00001 ( 1)  0.767
  42 N   0.99999 0.00001 ( 1)  0.767
  43 Q   0.99999 0.00001 ( 1)  0.767
  44 P   0.99999 0.00001 ( 1)  0.767
  45 N   0.99999 0.00001 ( 1)  0.767
  46 L   0.99999 0.00001 ( 1)  0.767
  47 W   0.99999 0.00001 ( 1)  0.767
  48 N   0.99999 0.00001 ( 1)  0.767
  49 L   0.99999 0.00001 ( 1)  0.767
  50 D   0.99999 0.00001 ( 1)  0.767
  51 R   0.99999 0.00001 ( 1)  0.767
  52 K   0.99999 0.00001 ( 1)  0.767
  53 I   0.99999 0.00001 ( 1)  0.767
  54 M   0.99999 0.00001 ( 1)  0.767
  55 P   0.99999 0.00001 ( 1)  0.767
  56 Q   0.99999 0.00001 ( 1)  0.767
  57 I   0.99999 0.00001 ( 1)  0.767
  58 Q   0.99999 0.00001 ( 1)  0.767
  59 Y   0.99999 0.00001 ( 1)  0.767
  60 E   0.99999 0.00001 ( 1)  0.767
  61 N   0.99999 0.00001 ( 1)  0.767
  62 T   0.99999 0.00001 ( 1)  0.767
  63 Y   0.99999 0.00001 ( 1)  0.767
  64 R   0.99999 0.00001 ( 1)  0.767
  65 M   0.99999 0.00001 ( 1)  0.767
  66 D   0.99999 0.00001 ( 1)  0.767
  67 A   0.99999 0.00001 ( 1)  0.767
  68 D   0.99999 0.00001 ( 1)  0.767
  69 P   0.99999 0.00001 ( 1)  0.767
  70 K   0.99999 0.00001 ( 1)  0.767
  71 E   0.99999 0.00001 ( 1)  0.767
  72 T   0.99999 0.00001 ( 1)  0.767
  73 F   0.99999 0.00001 ( 1)  0.767
  74 L   0.99999 0.00001 ( 1)  0.767
  75 S   0.99999 0.00001 ( 1)  0.767
  76 H   0.99999 0.00001 ( 1)  0.767
  77 K   0.99999 0.00001 ( 1)  0.767
  78 V   0.99999 0.00001 ( 1)  0.767
  79 K   0.99999 0.00001 ( 1)  0.767
  80 S   0.99999 0.00001 ( 1)  0.767
  81 I   0.99999 0.00001 ( 1)  0.767
  82 L   0.99999 0.00001 ( 1)  0.767
  83 T   0.99999 0.00001 ( 1)  0.767
  84 D   0.99999 0.00001 ( 1)  0.767
  85 E   0.99999 0.00001 ( 1)  0.767
  86 L   0.99999 0.00001 ( 1)  0.767
  87 K   0.99999 0.00001 ( 1)  0.767
  88 R   0.99999 0.00001 ( 1)  0.767
  89 V   0.99999 0.00001 ( 1)  0.767
  90 L   0.99999 0.00001 ( 1)  0.767
  91 H   0.99999 0.00001 ( 1)  0.767
  92 D   0.99999 0.00001 ( 1)  0.767
  93 Y   0.99999 0.00001 ( 1)  0.767
  94 K   0.99999 0.00001 ( 1)  0.767
  95 Y   0.99999 0.00001 ( 1)  0.767
  96 D   0.99999 0.00001 ( 1)  0.767
  97 P   0.99999 0.00001 ( 1)  0.767
  98 N   0.99999 0.00001 ( 1)  0.767
  99 S   0.99999 0.00001 ( 1)  0.767
 100 A   0.99999 0.00001 ( 1)  0.767
 101 N   0.99999 0.00001 ( 1)  0.767
 102 E   0.99999 0.00001 ( 1)  0.767
 103 M   0.99999 0.00001 ( 1)  0.767
 104 T   0.99999 0.00001 ( 1)  0.767
 105 R   0.99999 0.00001 ( 1)  0.767
 106 I   0.99999 0.00001 ( 1)  0.767
 107 L   0.99999 0.00001 ( 1)  0.767
 108 T   0.99999 0.00001 ( 1)  0.767
 109 E   0.99999 0.00001 ( 1)  0.767
 110 K   0.99999 0.00001 ( 1)  0.767
 111 I   0.99999 0.00001 ( 1)  0.767
 112 K   0.99999 0.00001 ( 1)  0.767
 113 F   0.99999 0.00001 ( 1)  0.767
 114 K   0.99999 0.00001 ( 1)  0.767
 115 M   0.99999 0.00001 ( 1)  0.767
 116 K   0.99999 0.00001 ( 1)  0.767
 117 E   0.99999 0.00001 ( 1)  0.767
 118 L   0.99999 0.00001 ( 1)  0.767
 119 P   0.99999 0.00001 ( 1)  0.767
 120 S   0.99999 0.00001 ( 1)  0.767
 121 V   0.99999 0.00001 ( 1)  0.767
 122 R   0.99999 0.00001 ( 1)  0.767
 123 Y   0.99999 0.00001 ( 1)  0.767
 124 K   0.99999 0.00001 ( 1)  0.767
 125 F   0.99999 0.00001 ( 1)  0.767
 126 V   0.99999 0.00001 ( 1)  0.767
 127 V   0.99999 0.00001 ( 1)  0.767
 128 I   0.99999 0.00001 ( 1)  0.767
 129 V   0.99999 0.00001 ( 1)  0.767
 130 V   0.99999 0.00001 ( 1)  0.767
 131 L   0.99999 0.00001 ( 1)  0.767
 132 G   0.99999 0.00001 ( 1)  0.767
 133 N   0.99999 0.00001 ( 1)  0.767
 134 K   0.99999 0.00001 ( 1)  0.767
 135 N   0.99999 0.00001 ( 1)  0.767
 136 S   0.99999 0.00001 ( 1)  0.767
 137 G   0.99999 0.00001 ( 1)  0.767
 138 A   0.99999 0.00001 ( 1)  0.767
 139 I   0.99999 0.00001 ( 1)  0.767
 140 C   0.99999 0.00001 ( 1)  0.767
 141 Y   0.99999 0.00001 ( 1)  0.767
 142 G   0.99999 0.00001 ( 1)  0.767
 143 S   0.99999 0.00001 ( 1)  0.767
 144 R   0.99999 0.00001 ( 1)  0.767
 145 A   0.99999 0.00001 ( 1)  0.767
 146 L   0.99999 0.00001 ( 1)  0.767
 147 W   0.99999 0.00001 ( 1)  0.767
 148 N   0.99999 0.00001 ( 1)  0.767
 149 D   0.99999 0.00001 ( 1)  0.767
 150 K   0.99999 0.00001 ( 1)  0.767
 151 S   0.99999 0.00001 ( 1)  0.767
 152 G   0.99999 0.00001 ( 1)  0.767
 153 D   0.99999 0.00001 ( 1)  0.767
 154 T   0.99999 0.00001 ( 1)  0.767
 155 F   0.99999 0.00001 ( 1)  0.767
 156 S   0.99999 0.00001 ( 1)  0.767
 157 E   0.99999 0.00001 ( 1)  0.767
 158 V   0.99999 0.00001 ( 1)  0.767
 159 S   0.99999 0.00001 ( 1)  0.767
 160 Y   0.99999 0.00001 ( 1)  0.767
 161 T   0.99999 0.00001 ( 1)  0.767
 162 N   0.99999 0.00001 ( 1)  0.767
 163 D   0.99999 0.00001 ( 1)  0.767
 164 N   0.99999 0.00001 ( 1)  0.767
 165 I   0.99999 0.00001 ( 1)  0.767
 166 Y   0.99999 0.00001 ( 1)  0.767
 167 A   0.99999 0.00001 ( 1)  0.767
 168 I   0.99999 0.00001 ( 1)  0.767
 169 A   0.99999 0.00001 ( 1)  0.767
 170 T   0.99999 0.00001 ( 1)  0.767
 171 V   0.99999 0.00001 ( 1)  0.767
 172 Y   0.99999 0.00001 ( 1)  0.767
 173 G   0.99999 0.00001 ( 1)  0.767
 174 I   0.99999 0.00001 ( 1)  0.767
 175 Y   0.99999 0.00001 ( 1)  0.767
 176 Y   0.99999 0.00001 ( 1)  0.767
 177 E   0.99999 0.00001 ( 1)  0.767


lnL =  -687.038354

