Supplemental results for CODEML (seqf: algn  treef: tree)


dN/dS (w) for site classes (K=3)

p:   0.83735  0.16182  0.00082
w:   0.15059  1.00000  1.00000

Naive Empirical Bayes (NEB) probabilities for 3 classes & postmean_w
(amino acids refer to 1st sequence: Fhep.6438)

   1 M   0.99850 0.00150 0.00001 ( 1)  0.152
   2 P   0.15450 0.84122 0.00428 ( 2)  0.869
   3 D   0.53883 0.45883 0.00234 ( 1)  0.542
   4 G   0.80704 0.19198 0.00098 ( 1)  0.314
   5 Q   0.15274 0.84297 0.00429 ( 2)  0.870
   6 D   0.75658 0.24219 0.00123 ( 1)  0.357
   7 A   0.01204 0.98296 0.00501 ( 2)  0.990
   8 S   0.65414 0.34411 0.00175 ( 1)  0.444
   9 I   0.97007 0.02978 0.00015 ( 1)  0.176
  10 L   0.95075 0.04900 0.00025 ( 1)  0.192
  11 V   0.96529 0.03453 0.00018 ( 1)  0.180
  12 I   0.93625 0.06343 0.00032 ( 1)  0.205
  13 G   0.98757 0.01237 0.00006 ( 1)  0.161
  14 A   0.95567 0.04410 0.00022 ( 1)  0.188
  15 G   0.99101 0.00894 0.00005 ( 1)  0.158
  16 L   0.95473 0.04505 0.00023 ( 1)  0.189
  17 G   0.99701 0.00297 0.00002 ( 1)  0.153
  18 R   0.60992 0.38810 0.00198 ( 1)  0.482
  19 T   0.87635 0.12302 0.00063 ( 1)  0.256
  20 G   0.99156 0.00840 0.00004 ( 1)  0.158
  21 T   0.91488 0.08469 0.00043 ( 1)  0.223
  22 K   0.99293 0.00703 0.00004 ( 1)  0.157
  23 S   0.99638 0.00361 0.00002 ( 1)  0.154
  24 V   0.93410 0.06556 0.00033 ( 1)  0.207
  25 T   0.97299 0.02687 0.00014 ( 1)  0.174
  26 D   0.70870 0.28982 0.00148 ( 1)  0.398
  27 A   0.94460 0.05512 0.00028 ( 1)  0.198
  28 L   0.98985 0.01010 0.00005 ( 1)  0.159
  29 E   0.99502 0.00496 0.00003 ( 1)  0.155
  30 I   0.54925 0.44847 0.00228 ( 1)  0.533
  31 L   0.98839 0.01155 0.00006 ( 1)  0.160
  32 Y   0.98394 0.01597 0.00008 ( 1)  0.164
  33 K   0.96234 0.03747 0.00019 ( 1)  0.183
  34 K   0.96623 0.03360 0.00017 ( 1)  0.179
  35 P   0.99155 0.00841 0.00004 ( 1)  0.158
  36 C   0.99229 0.00767 0.00004 ( 1)  0.157
  37 Y   0.98433 0.01559 0.00008 ( 1)  0.164
  38 H   0.73411 0.26454 0.00135 ( 1)  0.376
  39 L   0.96965 0.03020 0.00015 ( 1)  0.176
  40 K   0.43662 0.56052 0.00285 ( 2)  0.629
  41 E   0.99364 0.00633 0.00003 ( 1)  0.156
  42 I   0.93917 0.06052 0.00031 ( 1)  0.202
  43 M   0.92175 0.07785 0.00040 ( 1)  0.217
  44 E   0.99239 0.00757 0.00004 ( 1)  0.157
  45 K   0.97547 0.02440 0.00012 ( 1)  0.171
  46 H   0.98750 0.01244 0.00006 ( 1)  0.161
  47 L   0.94363 0.05608 0.00029 ( 1)  0.198
  48 D   0.64027 0.35791 0.00182 ( 1)  0.456
  49 H   0.99364 0.00633 0.00003 ( 1)  0.156
  50 V   0.91720 0.08238 0.00042 ( 1)  0.221
  51 E   0.83257 0.16659 0.00085 ( 1)  0.293
  52 L   0.93316 0.06650 0.00034 ( 1)  0.207
  53 W   0.99018 0.00977 0.00005 ( 1)  0.159
  54 S   0.98384 0.01608 0.00008 ( 1)  0.164
  55 R   0.35173 0.64499 0.00328 ( 2)  0.701
  56 L   0.98636 0.01357 0.00007 ( 1)  0.162
  57 F   0.99375 0.00622 0.00003 ( 1)  0.156
  58 G   0.17005 0.82575 0.00420 ( 2)  0.856
  59 M   0.90584 0.09369 0.00048 ( 1)  0.231
  60 L   0.99130 0.00866 0.00004 ( 1)  0.158
  61 D   0.72982 0.26881 0.00137 ( 1)  0.380
  62 R   0.31635 0.68018 0.00346 ( 2)  0.731
  63 D   0.72397 0.27463 0.00140 ( 1)  0.385
  64 P   0.97498 0.02490 0.00013 ( 1)  0.172
  65 E   0.97730 0.02259 0.00012 ( 1)  0.170
  66 S   0.91358 0.08598 0.00044 ( 1)  0.224
  67 E   0.99469 0.00528 0.00003 ( 1)  0.155
  68 L   0.92744 0.07219 0.00037 ( 1)  0.212
  69 K   0.87413 0.12523 0.00064 ( 1)  0.258
  70 N   0.45633 0.54092 0.00275 ( 2)  0.612

Positively selected sites

	Prob(w>1)  mean w



lnL = -1248.365633

Bayes Empirical Bayes (BEB) probabilities for 3 classes (class) & postmean_w
(amino acids refer to 1st sequence: Fhep.6438)

   1 M   0.99866 0.00113 0.00021 ( 1)  0.153 +-  0.087
   2 P   0.16544 0.53578 0.29877 ( 2)  2.193 +-  2.726
   3 D   0.56250 0.31810 0.11939 ( 1)  1.039 +-  1.941
   4 G   0.79793 0.13573 0.06634 ( 1)  0.627 +-  1.566
   5 Q   0.15801 0.52188 0.32011 ( 2)  2.339 +-  2.833
   6 D   0.76528 0.17278 0.06195 ( 1)  0.614 +-  1.455
   7 A   0.00775 0.38386 0.60839 ( 3)  3.943 +-  3.310
   8 S   0.69936 0.25031 0.05033 ( 1)  0.558 +-  1.089
   9 I   0.97249 0.02233 0.00519 ( 1)  0.195 +-  0.428
  10 L   0.95776 0.03674 0.00550 ( 1)  0.205 +-  0.407
  11 V   0.96887 0.02585 0.00527 ( 1)  0.197 +-  0.419
  12 I   0.94138 0.04721 0.01140 ( 1)  0.244 +-  0.619
  13 G   0.98927 0.00931 0.00142 ( 1)  0.165 +-  0.226
  14 A   0.96246 0.03310 0.00444 ( 1)  0.198 +-  0.382
  15 G   0.99192 0.00673 0.00135 ( 1)  0.163 +-  0.227
  16 L   0.96111 0.03373 0.00517 ( 1)  0.201 +-  0.397
  17 G   0.99750 0.00224 0.00027 ( 1)  0.154 +-  0.096
  18 R   0.61957 0.26778 0.11265 ( 1)  0.955 +-  1.882
  19 T   0.89400 0.09134 0.01465 ( 1)  0.292 +-  0.681
  20 G   0.99267 0.00632 0.00101 ( 1)  0.161 +-  0.188
  21 T   0.92259 0.06287 0.01454 ( 1)  0.276 +-  0.722
  22 K   0.99369 0.00529 0.00102 ( 1)  0.160 +-  0.197
  23 S   0.99692 0.00272 0.00036 ( 1)  0.155 +-  0.115
  24 V   0.93486 0.04857 0.01657 ( 1)  0.278 +-  0.787
  25 T   0.97504 0.02011 0.00485 ( 1)  0.192 +-  0.417
  26 D   0.72153 0.20549 0.07298 ( 1)  0.691 +-  1.543
  27 A   0.94662 0.04098 0.01240 ( 1)  0.251 +-  0.697
  28 L   0.99139 0.00759 0.00102 ( 1)  0.161 +-  0.178
  29 E   0.99550 0.00373 0.00077 ( 1)  0.158 +-  0.166
  30 I   0.57654 0.31301 0.11045 ( 1)  0.962 +-  1.818
  31 L   0.98927 0.00869 0.00204 ( 1)  0.169 +-  0.286
  32 Y   0.98673 0.01202 0.00125 ( 1)  0.166 +-  0.202
  33 K   0.96331 0.02794 0.00876 ( 1)  0.219 +-  0.570
  34 K   0.96881 0.02515 0.00603 ( 1)  0.201 +-  0.463
  35 P   0.99260 0.00632 0.00108 ( 1)  0.162 +-  0.207
  36 C   0.99395 0.00577 0.00028 ( 1)  0.157 +-  0.090
  37 Y   0.98689 0.01172 0.00139 ( 1)  0.167 +-  0.213
  38 H   0.74536 0.18810 0.06654 ( 1)  0.649 +-  1.498
  39 L   0.97386 0.02266 0.00348 ( 1)  0.186 +-  0.343
  40 K   0.48217 0.39627 0.12156 ( 1)  1.095 +-  1.896
  41 E   0.99465 0.00477 0.00058 ( 1)  0.157 +-  0.141
  42 I   0.94601 0.04522 0.00878 ( 1)  0.230 +-  0.545
  43 M   0.92139 0.05735 0.02126 ( 1)  0.307 +-  0.873
  44 E   0.99300 0.00570 0.00130 ( 1)  0.162 +-  0.224
  45 K   0.97640 0.01827 0.00532 ( 1)  0.193 +-  0.446
  46 H   0.98907 0.00936 0.00157 ( 1)  0.166 +-  0.229
  47 L   0.95030 0.04189 0.00781 ( 1)  0.221 +-  0.498
  48 D   0.62055 0.23908 0.14037 ( 1)  1.111 +-  2.148
  49 H   0.99458 0.00477 0.00065 ( 1)  0.158 +-  0.147
  50 V   0.92497 0.06123 0.01380 ( 1)  0.268 +-  0.687
  51 E   0.84617 0.12174 0.03209 ( 1)  0.408 +-  1.031
  52 L   0.94172 0.04967 0.00861 ( 1)  0.231 +-  0.531
  53 W   0.99226 0.00736 0.00038 ( 1)  0.158 +-  0.097
  54 S   0.98688 0.01210 0.00101 ( 1)  0.164 +-  0.157
  55 R   0.31387 0.37467 0.31146 ( 2)  2.207 +-  2.920
  56 L   0.98843 0.01020 0.00137 ( 1)  0.165 +-  0.206
  57 F   0.99515 0.00469 0.00016 ( 1)  0.155 +-  0.072
  58 G   0.16163 0.48112 0.35725 ( 2)  2.528 +-  2.962
  59 M   0.91373 0.06940 0.01687 ( 1)  0.292 +-  0.770
  60 L   0.99259 0.00651 0.00090 ( 1)  0.160 +-  0.174
  61 D   0.73408 0.18931 0.07662 ( 1)  0.708 +-  1.613
  62 R   0.32425 0.43870 0.23705 ( 2)  1.778 +-  2.547
  63 D   0.74612 0.19749 0.05638 ( 1)  0.590 +-  1.339
  64 P   0.97793 0.01871 0.00336 ( 1)  0.183 +-  0.358
  65 E   0.97831 0.01691 0.00477 ( 1)  0.189 +-  0.421
  66 S   0.91288 0.06333 0.02379 ( 1)  0.334 +-  0.971
  67 E   0.99512 0.00398 0.00091 ( 1)  0.159 +-  0.183
  68 L   0.93754 0.05381 0.00865 ( 1)  0.231 +-  0.499
  69 K   0.88153 0.09188 0.02659 ( 1)  0.366 +-  0.991
  70 N   0.46846 0.36228 0.16926 ( 1)  1.351 +-  2.261

Positively selected sites

	Prob(w>1)  mean w

     7 A      0.608         3.943 +- 3.310

