Supplemental results for CODEML (seqf: algn  treef: tree)


dN/dS (w) for site classes (K=2)

p:   0.99999  0.00001
w:   0.16048  1.00000

Naive Empirical Bayes (NEB) probabilities for 2 classes & postmean_w
(amino acids refer to 1st sequence: Smed.18580)

   1 M   0.99999 0.00001 ( 1)  0.160
   2 D   0.99999 0.00001 ( 1)  0.160
   3 R   0.99999 0.00001 ( 1)  0.160
   4 W   0.99999 0.00001 ( 1)  0.160
   5 L   0.99999 0.00001 ( 1)  0.160
   6 V   0.99999 0.00001 ( 1)  0.160
   7 K   0.99999 0.00001 ( 1)  0.160
   8 H   0.99999 0.00001 ( 1)  0.160
   9 T   0.99999 0.00001 ( 1)  0.160
  10 A   0.99999 0.00001 ( 1)  0.160
  11 K   0.99999 0.00001 ( 1)  0.160
  12 D   0.99999 0.00001 ( 1)  0.160
  13 T   0.99999 0.00001 ( 1)  0.160
  14 G   0.99999 0.00001 ( 1)  0.160
  15 S   0.99999 0.00001 ( 1)  0.160
  16 Q   0.99999 0.00001 ( 1)  0.160
  17 S   0.99999 0.00001 ( 1)  0.160
  18 P   0.99999 0.00001 ( 1)  0.160
  19 P   0.99999 0.00001 ( 1)  0.160
  20 E   0.99999 0.00001 ( 1)  0.160
  21 P   0.99999 0.00001 ( 1)  0.160
  22 S   0.99999 0.00001 ( 1)  0.160
  23 G   0.99999 0.00001 ( 1)  0.160
  24 S   0.99999 0.00001 ( 1)  0.160
  25 N   0.99999 0.00001 ( 1)  0.160
  26 D   0.99999 0.00001 ( 1)  0.160
  27 E   0.99999 0.00001 ( 1)  0.160
  28 N   0.99999 0.00001 ( 1)  0.160
  29 N   0.99999 0.00001 ( 1)  0.160
  30 T   0.99999 0.00001 ( 1)  0.160
  31 T   0.99999 0.00001 ( 1)  0.160
  32 V   0.99999 0.00001 ( 1)  0.160
  33 E   0.99999 0.00001 ( 1)  0.160
  34 T   0.99999 0.00001 ( 1)  0.160
  35 I   0.99999 0.00001 ( 1)  0.160
  36 I   0.99999 0.00001 ( 1)  0.160
  37 N   0.99999 0.00001 ( 1)  0.160
  38 P   0.99999 0.00001 ( 1)  0.160
  39 E   0.99999 0.00001 ( 1)  0.160
  40 K   0.99999 0.00001 ( 1)  0.160
  41 E   0.99999 0.00001 ( 1)  0.160
  42 V   0.99999 0.00001 ( 1)  0.160
  43 S   0.99999 0.00001 ( 1)  0.160
  44 S   0.99999 0.00001 ( 1)  0.160
  45 A   0.99999 0.00001 ( 1)  0.160
  46 S   0.99999 0.00001 ( 1)  0.160
  47 M   0.99999 0.00001 ( 1)  0.160
  48 I   0.99999 0.00001 ( 1)  0.160
  49 D   0.99999 0.00001 ( 1)  0.160
  50 I   0.99999 0.00001 ( 1)  0.160
  51 A   0.99999 0.00001 ( 1)  0.160
  52 K   0.99999 0.00001 ( 1)  0.160
  53 C   0.99999 0.00001 ( 1)  0.160
  54 I   0.99999 0.00001 ( 1)  0.160
  55 F   0.99999 0.00001 ( 1)  0.160
  56 D   0.99999 0.00001 ( 1)  0.160
  57 E   0.99999 0.00001 ( 1)  0.160
  58 K   0.99999 0.00001 ( 1)  0.160
  59 S   0.99999 0.00001 ( 1)  0.160
  60 A   0.99999 0.00001 ( 1)  0.160
  61 K   0.99999 0.00001 ( 1)  0.160
  62 E   0.99999 0.00001 ( 1)  0.160
  63 I   0.99999 0.00001 ( 1)  0.160


lnL =  -721.525557

