Supplemental results for CODEML (seqf: algn  treef: tree)


dN/dS (w) for site classes (K=2)

p:   0.99999  0.00001
w:   0.00000  1.00000

Naive Empirical Bayes (NEB) probabilities for 2 classes & postmean_w
(amino acids refer to 1st sequence: Mlig.4284)

   1 V   0.99999 0.00001 ( 1)  0.000
   2 Q   0.99999 0.00001 ( 1)  0.000
   3 W   0.99999 0.00001 ( 1)  0.000
   4 L   0.99999 0.00001 ( 1)  0.000
   5 K   0.99999 0.00001 ( 1)  0.000
   6 A   0.99999 0.00001 ( 1)  0.000
   7 K   0.99999 0.00001 ( 1)  0.000
   8 N   0.99999 0.00001 ( 1)  0.000
   9 F   0.99999 0.00001 ( 1)  0.000
  10 C   0.99999 0.00001 ( 1)  0.000
  11 R   0.99999 0.00001 ( 1)  0.000
  12 A   0.99999 0.00001 ( 1)  0.000
  13 T   0.99999 0.00001 ( 1)  0.000
  14 S   0.99999 0.00001 ( 1)  0.000
  15 R   0.99999 0.00001 ( 1)  0.000
  16 F   0.99999 0.00001 ( 1)  0.000
  17 D   0.99999 0.00001 ( 1)  0.000
  18 L   0.99999 0.00001 ( 1)  0.000
  19 S   0.99999 0.00001 ( 1)  0.000
  20 K   0.99999 0.00001 ( 1)  0.000
  21 F   0.99999 0.00001 ( 1)  0.000
  22 L   0.99999 0.00001 ( 1)  0.000
  23 Q   0.99999 0.00001 ( 1)  0.000
  24 Q   0.99999 0.00001 ( 1)  0.000
  25 M   0.99999 0.00001 ( 1)  0.000
  26 E   0.99999 0.00001 ( 1)  0.000
  27 L   0.99999 0.00001 ( 1)  0.000
  28 P   0.99999 0.00001 ( 1)  0.000
  29 S   0.99999 0.00001 ( 1)  0.000
  30 E   0.99999 0.00001 ( 1)  0.000
  31 P   0.99999 0.00001 ( 1)  0.000
  32 P   0.99999 0.00001 ( 1)  0.000
  33 E   0.99999 0.00001 ( 1)  0.000
  34 N   0.99999 0.00001 ( 1)  0.000
  35 G   0.99999 0.00001 ( 1)  0.000
  36 A   0.99999 0.00001 ( 1)  0.000
  37 S   0.99999 0.00001 ( 1)  0.000
  38 S   0.99999 0.00001 ( 1)  0.000
  39 C   0.99999 0.00001 ( 1)  0.000
  40 S   0.99999 0.00001 ( 1)  0.000
  41 L   0.99999 0.00001 ( 1)  0.000
  42 L   0.99999 0.00001 ( 1)  0.000
  43 Q   0.99999 0.00001 ( 1)  0.000
  44 L   0.99999 0.00001 ( 1)  0.000
  45 L   0.99999 0.00001 ( 1)  0.000
  46 T   0.99999 0.00001 ( 1)  0.000
  47 D   0.99999 0.00001 ( 1)  0.000
  48 T   0.99999 0.00001 ( 1)  0.000
  49 P   0.99999 0.00001 ( 1)  0.000
  50 I   0.99999 0.00001 ( 1)  0.000
  51 T   0.99999 0.00001 ( 1)  0.000
  52 M   0.99999 0.00001 ( 1)  0.000
  53 H   0.99999 0.00001 ( 1)  0.000
  54 E   0.99999 0.00001 ( 1)  0.000
  55 M   0.99999 0.00001 ( 1)  0.000
  56 E   0.99999 0.00001 ( 1)  0.000
  57 E   0.99999 0.00001 ( 1)  0.000
  58 L   0.99999 0.00001 ( 1)  0.000
  59 F   0.99999 0.00001 ( 1)  0.000
  60 L   0.99999 0.00001 ( 1)  0.000
  61 Q   0.99999 0.00001 ( 1)  0.000
  62 G   0.99999 0.00001 ( 1)  0.000
  63 E   0.99999 0.00001 ( 1)  0.000
  64 L   0.99999 0.00001 ( 1)  0.000
  65 I   0.99999 0.00001 ( 1)  0.000
  66 N   0.99999 0.00001 ( 1)  0.000
  67 P   0.99999 0.00001 ( 1)  0.000
  68 A   0.99999 0.00001 ( 1)  0.000
  69 Q   0.99999 0.00001 ( 1)  0.000
  70 S   0.99999 0.00001 ( 1)  0.000
  71 S   0.99999 0.00001 ( 1)  0.000
  72 S   0.99999 0.00001 ( 1)  0.000
  73 H   0.99999 0.00001 ( 1)  0.000
  74 L   0.99999 0.00001 ( 1)  0.000
  75 V   0.99999 0.00001 ( 1)  0.000
  76 D   0.99999 0.00001 ( 1)  0.000
  77 K   0.99999 0.00001 ( 1)  0.000
  78 S   0.99999 0.00001 ( 1)  0.000
  79 N   0.99999 0.00001 ( 1)  0.000
  80 S   0.99999 0.00001 ( 1)  0.000
  81 Q   0.99999 0.00001 ( 1)  0.000
  82 D   0.99999 0.00001 ( 1)  0.000
  83 L   0.99999 0.00001 ( 1)  0.000
  84 H   0.99999 0.00001 ( 1)  0.000
  85 V   0.99999 0.00001 ( 1)  0.000
  86 E   0.99999 0.00001 ( 1)  0.000
  87 G   0.99999 0.00001 ( 1)  0.000
  88 T   0.99999 0.00001 ( 1)  0.000
  89 E   0.99999 0.00001 ( 1)  0.000
  90 G   0.99999 0.00001 ( 1)  0.000
  91 V   0.99999 0.00001 ( 1)  0.000
  92 H   0.99999 0.00001 ( 1)  0.000
  93 V   0.99999 0.00001 ( 1)  0.000
  94 E   0.99999 0.00001 ( 1)  0.000
  95 G   0.99999 0.00001 ( 1)  0.000
  96 T   0.99999 0.00001 ( 1)  0.000
  97 E   0.99999 0.00001 ( 1)  0.000
  98 G   0.99999 0.00001 ( 1)  0.000
  99 V   0.99999 0.00001 ( 1)  0.000
 100 H   0.99999 0.00001 ( 1)  0.000
 101 V   0.99999 0.00001 ( 1)  0.000
 102 E   0.99999 0.00001 ( 1)  0.000
 103 G   0.99999 0.00001 ( 1)  0.000
 104 T   0.99999 0.00001 ( 1)  0.000
 105 G   0.99999 0.00001 ( 1)  0.000
 106 V   0.99999 0.00001 ( 1)  0.000
 107 H   0.99999 0.00001 ( 1)  0.000
 108 V   0.99999 0.00001 ( 1)  0.000
 109 E   0.99999 0.00001 ( 1)  0.000
 110 G   0.99999 0.00001 ( 1)  0.000
 111 T   0.99999 0.00001 ( 1)  0.000
 112 E   0.99999 0.00001 ( 1)  0.000
 113 G   0.99999 0.00001 ( 1)  0.000
 114 V   0.99999 0.00001 ( 1)  0.000
 115 H   0.99999 0.00001 ( 1)  0.000
 116 V   0.99999 0.00001 ( 1)  0.000
 117 E   0.99999 0.00001 ( 1)  0.000
 118 G   0.99999 0.00001 ( 1)  0.000
 119 T   0.99999 0.00001 ( 1)  0.000
 120 E   0.99999 0.00001 ( 1)  0.000
 121 G   0.99999 0.00001 ( 1)  0.000
 122 L   0.99999 0.00001 ( 1)  0.000
 123 H   0.99999 0.00001 ( 1)  0.000
 124 V   0.99999 0.00001 ( 1)  0.000
 125 E   0.99999 0.00001 ( 1)  0.000
 126 G   0.99999 0.00001 ( 1)  0.000
 127 T   0.99999 0.00001 ( 1)  0.000
 128 E   0.99999 0.00001 ( 1)  0.000
 129 G   0.99999 0.00001 ( 1)  0.000
 130 L   0.99999 0.00001 ( 1)  0.000
 131 H   0.99999 0.00001 ( 1)  0.000
 132 V   0.99999 0.00001 ( 1)  0.000
 133 E   0.99999 0.00001 ( 1)  0.000
 134 G   0.99999 0.00001 ( 1)  0.000
 135 T   0.99999 0.00001 ( 1)  0.000
 136 E   0.99999 0.00001 ( 1)  0.000
 137 G   0.99999 0.00001 ( 1)  0.000
 138 V   0.99999 0.00001 ( 1)  0.000
 139 H   0.99999 0.00001 ( 1)  0.000
 140 V   0.99999 0.00001 ( 1)  0.000
 141 E   0.99999 0.00001 ( 1)  0.000
 142 G   0.99999 0.00001 ( 1)  0.000
 143 T   0.99999 0.00001 ( 1)  0.000
 144 E   0.99999 0.00001 ( 1)  0.000
 145 G   0.99999 0.00001 ( 1)  0.000
 146 L   0.99999 0.00001 ( 1)  0.000
 147 H   0.99999 0.00001 ( 1)  0.000
 148 V   0.99999 0.00001 ( 1)  0.000
 149 E   0.99999 0.00001 ( 1)  0.000
 150 G   0.99999 0.00001 ( 1)  0.000
 151 T   0.99999 0.00001 ( 1)  0.000
 152 E   0.99999 0.00001 ( 1)  0.000
 153 G   0.99999 0.00001 ( 1)  0.000
 154 V   0.99999 0.00001 ( 1)  0.000
 155 H   0.99999 0.00001 ( 1)  0.000
 156 V   0.99999 0.00001 ( 1)  0.000
 157 E   0.99999 0.00001 ( 1)  0.000
 158 G   0.99999 0.00001 ( 1)  0.000
 159 T   0.99999 0.00001 ( 1)  0.000
 160 E   0.99999 0.00001 ( 1)  0.000
 161 G   0.99999 0.00001 ( 1)  0.000
 162 L   0.99999 0.00001 ( 1)  0.000
 163 H   0.99999 0.00001 ( 1)  0.000
 164 V   0.99999 0.00001 ( 1)  0.000
 165 E   0.99999 0.00001 ( 1)  0.000
 166 G   0.99999 0.00001 ( 1)  0.000
 167 T   0.99999 0.00001 ( 1)  0.000
 168 E   0.99999 0.00001 ( 1)  0.000
 169 G   0.99999 0.00001 ( 1)  0.000
 170 V   0.99999 0.00001 ( 1)  0.000
 171 H   0.99999 0.00001 ( 1)  0.000
 172 V   0.99999 0.00001 ( 1)  0.000
 173 E   0.99999 0.00001 ( 1)  0.000
 174 G   0.99999 0.00001 ( 1)  0.000
 175 A   0.99999 0.00001 ( 1)  0.000
 176 E   0.99999 0.00001 ( 1)  0.000
 177 G   0.99999 0.00001 ( 1)  0.000
 178 L   0.99999 0.00001 ( 1)  0.000
 179 H   0.99999 0.00001 ( 1)  0.000
 180 V   0.99999 0.00001 ( 1)  0.000
 181 E   0.99999 0.00001 ( 1)  0.000
 182 G   0.99999 0.00001 ( 1)  0.000
 183 T   0.99999 0.00001 ( 1)  0.000
 184 E   0.99999 0.00001 ( 1)  0.000
 185 G   0.99999 0.00001 ( 1)  0.000
 186 V   0.99999 0.00001 ( 1)  0.000
 187 H   0.99999 0.00001 ( 1)  0.000
 188 V   0.99999 0.00001 ( 1)  0.000
 189 E   0.99999 0.00001 ( 1)  0.000
 190 G   0.99999 0.00001 ( 1)  0.000
 191 T   0.99999 0.00001 ( 1)  0.000
 192 V   0.99999 0.00001 ( 1)  0.000
 193 V   0.99999 0.00001 ( 1)  0.000
 194 L   0.99999 0.00001 ( 1)  0.000
 195 E   0.99999 0.00001 ( 1)  0.000
 196 V   0.99999 0.00001 ( 1)  0.000
 197 P   0.99999 0.00001 ( 1)  0.000
 198 D   0.99999 0.00001 ( 1)  0.000
 199 N   0.99999 0.00001 ( 1)  0.000
 200 P   0.99999 0.00001 ( 1)  0.000
 201 A   0.99999 0.00001 ( 1)  0.000
 202 Q   0.99999 0.00001 ( 1)  0.000
 203 S   0.99999 0.00001 ( 1)  0.000
 204 G   0.99999 0.00001 ( 1)  0.000
 205 Q   0.99999 0.00001 ( 1)  0.000
 206 Q   0.99999 0.00001 ( 1)  0.000
 207 P   0.99999 0.00001 ( 1)  0.000
 208 Q   0.99999 0.00001 ( 1)  0.000
 209 D   0.99999 0.00001 ( 1)  0.000
 210 F   0.99999 0.00001 ( 1)  0.000
 211 G   0.99999 0.00001 ( 1)  0.000
 212 H   0.99999 0.00001 ( 1)  0.000
 213 Q   0.99999 0.00001 ( 1)  0.000
 214 G   0.99999 0.00001 ( 1)  0.000
 215 L   0.99999 0.00001 ( 1)  0.000
 216 K   0.99999 0.00001 ( 1)  0.000
 217 T   0.99999 0.00001 ( 1)  0.000
 218 I   0.99999 0.00001 ( 1)  0.000
 219 R   0.99999 0.00001 ( 1)  0.000
 220 S   0.99999 0.00001 ( 1)  0.000
 221 W   0.99999 0.00001 ( 1)  0.000
 222 P   0.99999 0.00001 ( 1)  0.000
 223 Q   0.99999 0.00001 ( 1)  0.000
 224 C   0.99999 0.00001 ( 1)  0.000
 225 H   0.99999 0.00001 ( 1)  0.000
 226 A   0.99999 0.00001 ( 1)  0.000
 227 R   0.99999 0.00001 ( 1)  0.000


lnL =  -871.939012

