Supplemental results for CODEML (seqf: algn  treef: tree)


dN/dS (w) for site classes (K=9)

p:   0.05815  0.05815  0.05815  0.05815  0.05815  0.05815  0.05815  0.05815  0.53479
w:   0.00000  0.00000  0.00000  0.00000  0.00000  0.00000  0.00000  0.00000  1.00000

Naive Empirical Bayes (NEB) probabilities for 9 classes & postmean_w
(amino acids refer to 1st sequence: Mlig.26438)

   1 M   0.05833 0.05833 0.05833 0.05833 0.05833 0.05833 0.05833 0.05833 0.53338 ( 9)  0.533
   2 R   0.05837 0.05837 0.05837 0.05837 0.05837 0.05837 0.05837 0.05837 0.53302 ( 9)  0.533
   3 L   0.05817 0.05817 0.05817 0.05817 0.05817 0.05817 0.05817 0.05817 0.53461 ( 9)  0.535
   4 A   0.05841 0.05841 0.05841 0.05841 0.05841 0.05841 0.05841 0.05841 0.53271 ( 9)  0.533
   5 Y   0.05830 0.05830 0.05830 0.05830 0.05830 0.05830 0.05830 0.05830 0.53358 ( 9)  0.534
   6 S   0.05827 0.05827 0.05827 0.05827 0.05827 0.05827 0.05827 0.05827 0.53385 ( 9)  0.534
   7 H   0.05837 0.05837 0.05837 0.05837 0.05837 0.05837 0.05837 0.05837 0.53305 ( 9)  0.533
   8 E   0.05823 0.05823 0.05823 0.05823 0.05823 0.05823 0.05823 0.05823 0.53419 ( 9)  0.534
   9 W   0.05822 0.05822 0.05822 0.05822 0.05822 0.05822 0.05822 0.05822 0.53422 ( 9)  0.534
  10 P   0.05822 0.05822 0.05822 0.05822 0.05822 0.05822 0.05822 0.05822 0.53425 ( 9)  0.534
  11 V   0.05838 0.05838 0.05838 0.05838 0.05838 0.05838 0.05838 0.05838 0.53294 ( 9)  0.533
  12 H   0.05830 0.05830 0.05830 0.05830 0.05830 0.05830 0.05830 0.05830 0.53360 ( 9)  0.534
  13 L   0.05819 0.05819 0.05819 0.05819 0.05819 0.05819 0.05819 0.05819 0.53446 ( 9)  0.534
  14 K   0.05823 0.05823 0.05823 0.05823 0.05823 0.05823 0.05823 0.05823 0.53417 ( 9)  0.534
  15 M   0.05833 0.05833 0.05833 0.05833 0.05833 0.05833 0.05833 0.05833 0.53338 ( 9)  0.533
  16 T   0.05838 0.05838 0.05838 0.05838 0.05838 0.05838 0.05838 0.05838 0.53294 ( 9)  0.533
  17 S   0.05836 0.05836 0.05836 0.05836 0.05836 0.05836 0.05836 0.05836 0.53313 ( 9)  0.533
  18 E   0.05829 0.05829 0.05829 0.05829 0.05829 0.05829 0.05829 0.05829 0.53368 ( 9)  0.534
  19 E   0.05829 0.05829 0.05829 0.05829 0.05829 0.05829 0.05829 0.05829 0.53368 ( 9)  0.534
  20 A   0.05841 0.05841 0.05841 0.05841 0.05841 0.05841 0.05841 0.05841 0.53271 ( 9)  0.533
  21 S   0.05832 0.05832 0.05832 0.05832 0.05832 0.05832 0.05832 0.05832 0.53344 ( 9)  0.533
  22 R   0.05823 0.05823 0.05823 0.05823 0.05823 0.05823 0.05823 0.05823 0.53419 ( 9)  0.534
  23 N   0.05832 0.05832 0.05832 0.05832 0.05832 0.05832 0.05832 0.05832 0.53341 ( 9)  0.533
  24 N   0.05832 0.05832 0.05832 0.05832 0.05832 0.05832 0.05832 0.05832 0.53341 ( 9)  0.533
  25 R   0.05819 0.05819 0.05819 0.05819 0.05819 0.05819 0.05819 0.05819 0.53445 ( 9)  0.534
  26 P   0.05828 0.05828 0.05828 0.05828 0.05828 0.05828 0.05828 0.05828 0.53378 ( 9)  0.534
  27 R   0.05819 0.05819 0.05819 0.05819 0.05819 0.05819 0.05819 0.05819 0.53445 ( 9)  0.534
  28 E   0.05829 0.05829 0.05829 0.05829 0.05829 0.05829 0.05829 0.05829 0.53368 ( 9)  0.534
  29 A   0.05833 0.05833 0.05833 0.05833 0.05833 0.05833 0.05833 0.05833 0.53337 ( 9)  0.533
  30 L   0.05821 0.05821 0.05821 0.05821 0.05821 0.05821 0.05821 0.05821 0.53431 ( 9)  0.534
  31 H   0.05837 0.05837 0.05837 0.05837 0.05837 0.05837 0.05837 0.05837 0.53305 ( 9)  0.533
  32 E   0.05823 0.05823 0.05823 0.05823 0.05823 0.05823 0.05823 0.05823 0.53419 ( 9)  0.534
  33 I   0.05841 0.05841 0.05841 0.05841 0.05841 0.05841 0.05841 0.05841 0.53271 ( 9)  0.533
  34 Y   0.05837 0.05837 0.05837 0.05837 0.05837 0.05837 0.05837 0.05837 0.53302 ( 9)  0.533
  35 D   0.05832 0.05832 0.05832 0.05832 0.05832 0.05832 0.05832 0.05832 0.53344 ( 9)  0.533
  36 I   0.05833 0.05833 0.05833 0.05833 0.05833 0.05833 0.05833 0.05833 0.53337 ( 9)  0.533
  37 A   0.05841 0.05841 0.05841 0.05841 0.05841 0.05841 0.05841 0.05841 0.53271 ( 9)  0.533
  38 I   0.05828 0.05828 0.05828 0.05828 0.05828 0.05828 0.05828 0.05828 0.53372 ( 9)  0.534
  39 A   0.05823 0.05823 0.05823 0.05823 0.05823 0.05823 0.05823 0.05823 0.53416 ( 9)  0.534
  40 L   0.05819 0.05819 0.05819 0.05819 0.05819 0.05819 0.05819 0.05819 0.53446 ( 9)  0.534
  41 D   0.05840 0.05840 0.05840 0.05840 0.05840 0.05840 0.05840 0.05840 0.53282 ( 9)  0.533
  42 T   0.05831 0.05831 0.05831 0.05831 0.05831 0.05831 0.05831 0.05831 0.53353 ( 9)  0.534
  43 V   0.05838 0.05838 0.05838 0.05838 0.05838 0.05838 0.05838 0.05838 0.53294 ( 9)  0.533
  44 G   0.05832 0.05832 0.05832 0.05832 0.05832 0.05832 0.05832 0.05832 0.53341 ( 9)  0.533
  45 C   0.05837 0.05837 0.05837 0.05837 0.05837 0.05837 0.05837 0.05837 0.53305 ( 9)  0.533
  46 V   0.05831 0.05831 0.05831 0.05831 0.05831 0.05831 0.05831 0.05831 0.53353 ( 9)  0.534
  47 L   0.05817 0.05817 0.05817 0.05817 0.05817 0.05817 0.05817 0.05817 0.53461 ( 9)  0.535
  48 S   0.05840 0.05840 0.05840 0.05840 0.05840 0.05840 0.05840 0.05840 0.53282 ( 9)  0.533
  49 P   0.05830 0.05830 0.05830 0.05830 0.05830 0.05830 0.05830 0.05830 0.53357 ( 9)  0.534
  50 R   0.05819 0.05819 0.05819 0.05819 0.05819 0.05819 0.05819 0.05819 0.53445 ( 9)  0.534
  51 T   0.05831 0.05831 0.05831 0.05831 0.05831 0.05831 0.05831 0.05831 0.53353 ( 9)  0.534
  52 G   0.05840 0.05840 0.05840 0.05840 0.05840 0.05840 0.05840 0.05840 0.53277 ( 9)  0.533
  53 S   0.05840 0.05840 0.05840 0.05840 0.05840 0.05840 0.05840 0.05840 0.53282 ( 9)  0.533
  54 S   0.05832 0.05832 0.05832 0.05832 0.05832 0.05832 0.05832 0.05832 0.53344 ( 9)  0.533
  55 S   0.05829 0.05829 0.05829 0.05829 0.05829 0.05829 0.05829 0.05829 0.53365 ( 9)  0.534
  56 I   0.05828 0.05828 0.05828 0.05828 0.05828 0.05828 0.05828 0.05828 0.53372 ( 9)  0.534
  57 V   0.05831 0.05831 0.05831 0.05831 0.05831 0.05831 0.05831 0.05831 0.53353 ( 9)  0.534
  58 R   0.05837 0.05837 0.05837 0.05837 0.05837 0.05837 0.05837 0.05837 0.53302 ( 9)  0.533
  59 L   0.05821 0.05821 0.05821 0.05821 0.05821 0.05821 0.05821 0.05821 0.53431 ( 9)  0.534
  60 L   0.05818 0.05818 0.05818 0.05818 0.05818 0.05818 0.05818 0.05818 0.53453 ( 9)  0.535
  61 G   0.05840 0.05840 0.05840 0.05840 0.05840 0.05840 0.05840 0.05840 0.53277 ( 9)  0.533
  62 N   0.05840 0.05840 0.05840 0.05840 0.05840 0.05840 0.05840 0.05840 0.53277 ( 9)  0.533
  63 G   0.05840 0.05840 0.05840 0.05840 0.05840 0.05840 0.05840 0.05840 0.53277 ( 9)  0.533
  64 E   0.05823 0.05823 0.05823 0.05823 0.05823 0.05823 0.05823 0.05823 0.53419 ( 9)  0.534
  65 V   0.05828 0.05828 0.05828 0.05828 0.05828 0.05828 0.05828 0.05828 0.53375 ( 9)  0.534
  66 A   0.05833 0.05833 0.05833 0.05833 0.05833 0.05833 0.05833 0.05833 0.53337 ( 9)  0.533
  67 K   0.05829 0.05829 0.05829 0.05829 0.05829 0.05829 0.05829 0.05829 0.53365 ( 9)  0.534
  68 Q   0.05822 0.05822 0.05822 0.05822 0.05822 0.05822 0.05822 0.05822 0.53422 ( 9)  0.534
  69 A   0.05833 0.05833 0.05833 0.05833 0.05833 0.05833 0.05833 0.05833 0.53337 ( 9)  0.533
  70 G   0.05840 0.05840 0.05840 0.05840 0.05840 0.05840 0.05840 0.05840 0.53277 ( 9)  0.533
  71 E   0.05829 0.05829 0.05829 0.05829 0.05829 0.05829 0.05829 0.05829 0.53368 ( 9)  0.534
  72 T   0.05822 0.05822 0.05822 0.05822 0.05822 0.05822 0.05822 0.05822 0.53423 ( 9)  0.534
  73 D   0.05840 0.05840 0.05840 0.05840 0.05840 0.05840 0.05840 0.05840 0.53282 ( 9)  0.533
  74 M   0.05833 0.05833 0.05833 0.05833 0.05833 0.05833 0.05833 0.05833 0.53338 ( 9)  0.533
  75 P   0.05837 0.05837 0.05837 0.05837 0.05837 0.05837 0.05837 0.05837 0.53301 ( 9)  0.533
  76 S   0.05832 0.05832 0.05832 0.05832 0.05832 0.05832 0.05832 0.05832 0.53344 ( 9)  0.533
  77 P   0.05837 0.05837 0.05837 0.05837 0.05837 0.05837 0.05837 0.05837 0.53301 ( 9)  0.533
  78 C   0.05830 0.05830 0.05830 0.05830 0.05830 0.05830 0.05830 0.05830 0.53360 ( 9)  0.534
  79 L   0.05821 0.05821 0.05821 0.05821 0.05821 0.05821 0.05821 0.05821 0.53431 ( 9)  0.534
  80 Y   0.05830 0.05830 0.05830 0.05830 0.05830 0.05830 0.05830 0.05830 0.53358 ( 9)  0.534
  81 V   0.05831 0.05831 0.05831 0.05831 0.05831 0.05831 0.05831 0.05831 0.53353 ( 9)  0.534
  82 S   0.05840 0.05840 0.05840 0.05840 0.05840 0.05840 0.05840 0.05840 0.53282 ( 9)  0.533
  83 A   0.05841 0.05841 0.05841 0.05841 0.05841 0.05841 0.05841 0.05841 0.53271 ( 9)  0.533
  84 G   0.05823 0.05823 0.05823 0.05823 0.05823 0.05823 0.05823 0.05823 0.53417 ( 9)  0.534
  85 F   0.05837 0.05837 0.05837 0.05837 0.05837 0.05837 0.05837 0.05837 0.53300 ( 9)  0.533
  86 P   0.05837 0.05837 0.05837 0.05837 0.05837 0.05837 0.05837 0.05837 0.53301 ( 9)  0.533
  87 C   0.05830 0.05830 0.05830 0.05830 0.05830 0.05830 0.05830 0.05830 0.53360 ( 9)  0.534
  88 H   0.05830 0.05830 0.05830 0.05830 0.05830 0.05830 0.05830 0.05830 0.53360 ( 9)  0.534
  89 S   0.05827 0.05827 0.05827 0.05827 0.05827 0.05827 0.05827 0.05827 0.53385 ( 9)  0.534
  90 L   0.05819 0.05819 0.05819 0.05819 0.05819 0.05819 0.05819 0.05819 0.53446 ( 9)  0.534
  91 L   0.05829 0.05829 0.05829 0.05829 0.05829 0.05829 0.05829 0.05829 0.53365 ( 9)  0.534
  92 V   0.05831 0.05831 0.05831 0.05831 0.05831 0.05831 0.05831 0.05831 0.53353 ( 9)  0.534
  93 F   0.05837 0.05837 0.05837 0.05837 0.05837 0.05837 0.05837 0.05837 0.53300 ( 9)  0.533
  94 D   0.05832 0.05832 0.05832 0.05832 0.05832 0.05832 0.05832 0.05832 0.53344 ( 9)  0.533
  95 Q   0.05819 0.05819 0.05819 0.05819 0.05819 0.05819 0.05819 0.05819 0.53448 ( 9)  0.534
  96 T   0.05831 0.05831 0.05831 0.05831 0.05831 0.05831 0.05831 0.05831 0.53353 ( 9)  0.534
  97 G   0.05832 0.05832 0.05832 0.05832 0.05832 0.05832 0.05832 0.05832 0.53341 ( 9)  0.533
  98 R   0.05830 0.05830 0.05830 0.05830 0.05830 0.05830 0.05830 0.05830 0.53358 ( 9)  0.534
  99 H   0.05837 0.05837 0.05837 0.05837 0.05837 0.05837 0.05837 0.05837 0.53305 ( 9)  0.533
 100 V   0.05828 0.05828 0.05828 0.05828 0.05828 0.05828 0.05828 0.05828 0.53375 ( 9)  0.534
 101 A   0.05841 0.05841 0.05841 0.05841 0.05841 0.05841 0.05841 0.05841 0.53271 ( 9)  0.533
 102 D   0.05840 0.05840 0.05840 0.05840 0.05840 0.05840 0.05840 0.05840 0.53282 ( 9)  0.533
 103 V   0.05838 0.05838 0.05838 0.05838 0.05838 0.05838 0.05838 0.05838 0.53294 ( 9)  0.533
 104 T   0.05828 0.05828 0.05828 0.05828 0.05828 0.05828 0.05828 0.05828 0.53375 ( 9)  0.534
 105 L   0.05829 0.05829 0.05829 0.05829 0.05829 0.05829 0.05829 0.05829 0.53365 ( 9)  0.534
 106 S   0.05840 0.05840 0.05840 0.05840 0.05840 0.05840 0.05840 0.05840 0.53282 ( 9)  0.533
 107 L   0.05821 0.05821 0.05821 0.05821 0.05821 0.05821 0.05821 0.05821 0.53431 ( 9)  0.534
 108 H   0.05837 0.05837 0.05837 0.05837 0.05837 0.05837 0.05837 0.05837 0.53305 ( 9)  0.533
 109 S   0.05840 0.05840 0.05840 0.05840 0.05840 0.05840 0.05840 0.05840 0.53282 ( 9)  0.533
 110 A   0.05841 0.05841 0.05841 0.05841 0.05841 0.05841 0.05841 0.05841 0.53271 ( 9)  0.533
 111 V   0.05831 0.05831 0.05831 0.05831 0.05831 0.05831 0.05831 0.05831 0.53353 ( 9)  0.534
 112 H   0.05837 0.05837 0.05837 0.05837 0.05837 0.05837 0.05837 0.05837 0.53305 ( 9)  0.533
 113 I   0.05833 0.05833 0.05833 0.05833 0.05833 0.05833 0.05833 0.05833 0.53337 ( 9)  0.533
 114 A   0.05841 0.05841 0.05841 0.05841 0.05841 0.05841 0.05841 0.05841 0.53271 ( 9)  0.533
 115 G   0.05840 0.05840 0.05840 0.05840 0.05840 0.05840 0.05840 0.05840 0.53277 ( 9)  0.533
 116 V   0.05828 0.05828 0.05828 0.05828 0.05828 0.05828 0.05828 0.05828 0.53375 ( 9)  0.534
 117 P   0.05828 0.05828 0.05828 0.05828 0.05828 0.05828 0.05828 0.05828 0.53378 ( 9)  0.534
 118 A   0.05841 0.05841 0.05841 0.05841 0.05841 0.05841 0.05841 0.05841 0.53271 ( 9)  0.533
 119 N   0.05840 0.05840 0.05840 0.05840 0.05840 0.05840 0.05840 0.05840 0.53277 ( 9)  0.533
 120 S   0.05836 0.05836 0.05836 0.05836 0.05836 0.05836 0.05836 0.05836 0.53313 ( 9)  0.533
 121 E   0.05829 0.05829 0.05829 0.05829 0.05829 0.05829 0.05829 0.05829 0.53368 ( 9)  0.534
 122 A   0.05830 0.05830 0.05830 0.05830 0.05830 0.05830 0.05830 0.05830 0.53362 ( 9)  0.534
 123 L   0.05819 0.05819 0.05819 0.05819 0.05819 0.05819 0.05819 0.05819 0.53446 ( 9)  0.534
 124 L   0.05821 0.05821 0.05821 0.05821 0.05821 0.05821 0.05821 0.05821 0.53431 ( 9)  0.534
 125 Q   0.05819 0.05819 0.05819 0.05819 0.05819 0.05819 0.05819 0.05819 0.53448 ( 9)  0.534
 126 R   0.05837 0.05837 0.05837 0.05837 0.05837 0.05837 0.05837 0.05837 0.53302 ( 9)  0.533
 127 Y   0.05830 0.05830 0.05830 0.05830 0.05830 0.05830 0.05830 0.05830 0.53358 ( 9)  0.534
 128 H   0.05837 0.05837 0.05837 0.05837 0.05837 0.05837 0.05837 0.05837 0.53305 ( 9)  0.533
 129 I   0.05841 0.05841 0.05841 0.05841 0.05841 0.05841 0.05841 0.05841 0.53271 ( 9)  0.533
 130 G   0.05832 0.05832 0.05832 0.05832 0.05832 0.05832 0.05832 0.05832 0.53341 ( 9)  0.533
 131 R   0.05828 0.05828 0.05828 0.05828 0.05828 0.05828 0.05828 0.05828 0.53379 ( 9)  0.534
 132 I   0.05828 0.05828 0.05828 0.05828 0.05828 0.05828 0.05828 0.05828 0.53372 ( 9)  0.534
 133 L   0.05836 0.05836 0.05836 0.05836 0.05836 0.05836 0.05836 0.05836 0.53313 ( 9)  0.533
 134 I   0.05833 0.05833 0.05833 0.05833 0.05833 0.05833 0.05833 0.05833 0.53337 ( 9)  0.533
 135 H   0.05830 0.05830 0.05830 0.05830 0.05830 0.05830 0.05830 0.05830 0.53360 ( 9)  0.534
 136 D   0.05840 0.05840 0.05840 0.05840 0.05840 0.05840 0.05840 0.05840 0.53282 ( 9)  0.533
 137 R   0.05830 0.05830 0.05830 0.05830 0.05830 0.05830 0.05830 0.05830 0.53358 ( 9)  0.534
 138 S   0.05829 0.05829 0.05829 0.05829 0.05829 0.05829 0.05829 0.05829 0.53365 ( 9)  0.534
 139 L   0.05829 0.05829 0.05829 0.05829 0.05829 0.05829 0.05829 0.05829 0.53365 ( 9)  0.534
 140 Y   0.05830 0.05830 0.05830 0.05830 0.05830 0.05830 0.05830 0.05830 0.53358 ( 9)  0.534
 141 V   0.05831 0.05831 0.05831 0.05831 0.05831 0.05831 0.05831 0.05831 0.53353 ( 9)  0.534
 142 A   0.05841 0.05841 0.05841 0.05841 0.05841 0.05841 0.05841 0.05841 0.53271 ( 9)  0.533
 143 D   0.05832 0.05832 0.05832 0.05832 0.05832 0.05832 0.05832 0.05832 0.53344 ( 9)  0.533
 144 C   0.05837 0.05837 0.05837 0.05837 0.05837 0.05837 0.05837 0.05837 0.53305 ( 9)  0.533
 145 E   0.05823 0.05823 0.05823 0.05823 0.05823 0.05823 0.05823 0.05823 0.53419 ( 9)  0.534
 146 F   0.05837 0.05837 0.05837 0.05837 0.05837 0.05837 0.05837 0.05837 0.53300 ( 9)  0.533
 147 D   0.05840 0.05840 0.05840 0.05840 0.05840 0.05840 0.05840 0.05840 0.53282 ( 9)  0.533
 148 F   0.05830 0.05830 0.05830 0.05830 0.05830 0.05830 0.05830 0.05830 0.53357 ( 9)  0.534
 149 I   0.05841 0.05841 0.05841 0.05841 0.05841 0.05841 0.05841 0.05841 0.53271 ( 9)  0.533
 150 Y   0.05837 0.05837 0.05837 0.05837 0.05837 0.05837 0.05837 0.05837 0.53302 ( 9)  0.533
 151 V   0.05822 0.05822 0.05822 0.05822 0.05822 0.05822 0.05822 0.05822 0.53423 ( 9)  0.534
 152 C   0.05837 0.05837 0.05837 0.05837 0.05837 0.05837 0.05837 0.05837 0.53305 ( 9)  0.533
 153 D   0.05832 0.05832 0.05832 0.05832 0.05832 0.05832 0.05832 0.05832 0.53344 ( 9)  0.533
 154 L   0.05819 0.05819 0.05819 0.05819 0.05819 0.05819 0.05819 0.05819 0.53446 ( 9)  0.534
 155 A   0.05841 0.05841 0.05841 0.05841 0.05841 0.05841 0.05841 0.05841 0.53271 ( 9)  0.533
 156 G   0.05840 0.05840 0.05840 0.05840 0.05840 0.05840 0.05840 0.05840 0.53277 ( 9)  0.533
 157 D   0.05832 0.05832 0.05832 0.05832 0.05832 0.05832 0.05832 0.05832 0.53344 ( 9)  0.533
 158 V   0.05828 0.05828 0.05828 0.05828 0.05828 0.05828 0.05828 0.05828 0.53375 ( 9)  0.534
 159 R   0.05830 0.05830 0.05830 0.05830 0.05830 0.05830 0.05830 0.05830 0.53358 ( 9)  0.534
 160 H   0.05837 0.05837 0.05837 0.05837 0.05837 0.05837 0.05837 0.05837 0.53305 ( 9)  0.533
 161 V   0.05828 0.05828 0.05828 0.05828 0.05828 0.05828 0.05828 0.05828 0.53375 ( 9)  0.534
 162 I   0.05841 0.05841 0.05841 0.05841 0.05841 0.05841 0.05841 0.05841 0.53271 ( 9)  0.533
 163 S   0.05840 0.05840 0.05840 0.05840 0.05840 0.05840 0.05840 0.05840 0.53282 ( 9)  0.533
 164 W   0.05822 0.05822 0.05822 0.05822 0.05822 0.05822 0.05822 0.05822 0.53422 ( 9)  0.534
 165 P   0.05822 0.05822 0.05822 0.05822 0.05822 0.05822 0.05822 0.05822 0.53425 ( 9)  0.534
 166 D   0.05840 0.05840 0.05840 0.05840 0.05840 0.05840 0.05840 0.05840 0.53282 ( 9)  0.533
 167 E   0.05829 0.05829 0.05829 0.05829 0.05829 0.05829 0.05829 0.05829 0.53368 ( 9)  0.534
 168 L   0.05836 0.05836 0.05836 0.05836 0.05836 0.05836 0.05836 0.05836 0.53313 ( 9)  0.533
 169 C   0.05837 0.05837 0.05837 0.05837 0.05837 0.05837 0.05837 0.05837 0.53305 ( 9)  0.533
 170 A   0.05841 0.05841 0.05841 0.05841 0.05841 0.05841 0.05841 0.05841 0.53271 ( 9)  0.533
 171 P   0.05828 0.05828 0.05828 0.05828 0.05828 0.05828 0.05828 0.05828 0.53378 ( 9)  0.534
 172 M   0.05833 0.05833 0.05833 0.05833 0.05833 0.05833 0.05833 0.05833 0.53338 ( 9)  0.533
 173 G   0.05840 0.05840 0.05840 0.05840 0.05840 0.05840 0.05840 0.05840 0.53277 ( 9)  0.533
 174 M   0.05833 0.05833 0.05833 0.05833 0.05833 0.05833 0.05833 0.05833 0.53338 ( 9)  0.533
 175 C   0.05837 0.05837 0.05837 0.05837 0.05837 0.05837 0.05837 0.05837 0.53305 ( 9)  0.533
 176 V   0.05838 0.05838 0.05838 0.05838 0.05838 0.05838 0.05838 0.05838 0.53294 ( 9)  0.533
 177 A   0.05823 0.05823 0.05823 0.05823 0.05823 0.05823 0.05823 0.05823 0.53416 ( 9)  0.534
 178 F   0.05837 0.05837 0.05837 0.05837 0.05837 0.05837 0.05837 0.05837 0.53300 ( 9)  0.533
 179 D   0.05840 0.05840 0.05840 0.05840 0.05840 0.05840 0.05840 0.05840 0.53282 ( 9)  0.533
 180 R   0.05828 0.05828 0.05828 0.05828 0.05828 0.05828 0.05828 0.05828 0.53379 ( 9)  0.534
 181 L   0.05821 0.05821 0.05821 0.05821 0.05821 0.05821 0.05821 0.05821 0.53431 ( 9)  0.534
 182 Y   0.05837 0.05837 0.05837 0.05837 0.05837 0.05837 0.05837 0.05837 0.53302 ( 9)  0.533
 183 V   0.05838 0.05838 0.05838 0.05838 0.05838 0.05838 0.05838 0.05838 0.53294 ( 9)  0.533
 184 C   0.05837 0.05837 0.05837 0.05837 0.05837 0.05837 0.05837 0.05837 0.53305 ( 9)  0.533
 185 D   0.05840 0.05840 0.05840 0.05840 0.05840 0.05840 0.05840 0.05840 0.53282 ( 9)  0.533
 186 S   0.05836 0.05836 0.05836 0.05836 0.05836 0.05836 0.05836 0.05836 0.53313 ( 9)  0.533
 187 G   0.05832 0.05832 0.05832 0.05832 0.05832 0.05832 0.05832 0.05832 0.53341 ( 9)  0.533
 188 H   0.05837 0.05837 0.05837 0.05837 0.05837 0.05837 0.05837 0.05837 0.53305 ( 9)  0.533
 189 R   0.05837 0.05837 0.05837 0.05837 0.05837 0.05837 0.05837 0.05837 0.53302 ( 9)  0.533
 190 R   0.05819 0.05819 0.05819 0.05819 0.05819 0.05819 0.05819 0.05819 0.53445 ( 9)  0.534
 191 V   0.05831 0.05831 0.05831 0.05831 0.05831 0.05831 0.05831 0.05831 0.53353 ( 9)  0.534
 192 R   0.05819 0.05819 0.05819 0.05819 0.05819 0.05819 0.05819 0.05819 0.53445 ( 9)  0.534
 193 V   0.05838 0.05838 0.05838 0.05838 0.05838 0.05838 0.05838 0.05838 0.53294 ( 9)  0.533
 194 Y   0.05837 0.05837 0.05837 0.05837 0.05837 0.05837 0.05837 0.05837 0.53302 ( 9)  0.533
 195 D   0.05832 0.05832 0.05832 0.05832 0.05832 0.05832 0.05832 0.05832 0.53344 ( 9)  0.533
 196 L   0.05821 0.05821 0.05821 0.05821 0.05821 0.05821 0.05821 0.05821 0.53431 ( 9)  0.534
 197 Q   0.05822 0.05822 0.05822 0.05822 0.05822 0.05822 0.05822 0.05822 0.53422 ( 9)  0.534
 198 S   0.05829 0.05829 0.05829 0.05829 0.05829 0.05829 0.05829 0.05829 0.53365 ( 9)  0.534
 199 Y   0.05830 0.05830 0.05830 0.05830 0.05830 0.05830 0.05830 0.05830 0.53358 ( 9)  0.534
 200 R   0.05819 0.05819 0.05819 0.05819 0.05819 0.05819 0.05819 0.05819 0.53445 ( 9)  0.534
 201 P   0.05830 0.05830 0.05830 0.05830 0.05830 0.05830 0.05830 0.05830 0.53357 ( 9)  0.534
 202 V   0.05828 0.05828 0.05828 0.05828 0.05828 0.05828 0.05828 0.05828 0.53375 ( 9)  0.534
 203 P   0.05822 0.05822 0.05822 0.05822 0.05822 0.05822 0.05822 0.05822 0.53425 ( 9)  0.534
 204 G   0.00000 0.00000 0.00000 0.00000 0.00000 0.00000 0.00000 0.00000 1.00000 ( 9)  1.000
 205 E   0.05829 0.05829 0.05829 0.05829 0.05829 0.05829 0.05829 0.05829 0.53368 ( 9)  0.534
 206 D   0.05840 0.05840 0.05840 0.05840 0.05840 0.05840 0.05840 0.05840 0.53282 ( 9)  0.533
 207 S   0.05827 0.05827 0.05827 0.05827 0.05827 0.05827 0.05827 0.05827 0.53385 ( 9)  0.534
 208 P   0.05837 0.05837 0.05837 0.05837 0.05837 0.05837 0.05837 0.05837 0.53301 ( 9)  0.533
 209 G   0.05840 0.05840 0.05840 0.05840 0.05840 0.05840 0.05840 0.05840 0.53277 ( 9)  0.533
 210 Y   0.05837 0.05837 0.05837 0.05837 0.05837 0.05837 0.05837 0.05837 0.53302 ( 9)  0.533
 211 F   0.05830 0.05830 0.05830 0.05830 0.05830 0.05830 0.05830 0.05830 0.53357 ( 9)  0.534
 212 T   0.05838 0.05838 0.05838 0.05838 0.05838 0.05838 0.05838 0.05838 0.53294 ( 9)  0.533
 213 G   0.05840 0.05840 0.05840 0.05840 0.05840 0.05840 0.05840 0.05840 0.53277 ( 9)  0.533
 214 I   0.05833 0.05833 0.05833 0.05833 0.05833 0.05833 0.05833 0.05833 0.53337 ( 9)  0.533
 215 H   0.05837 0.05837 0.05837 0.05837 0.05837 0.05837 0.05837 0.05837 0.53305 ( 9)  0.533
 216 T   0.05831 0.05831 0.05831 0.05831 0.05831 0.05831 0.05831 0.05831 0.53353 ( 9)  0.534
 217 R   0.05837 0.05837 0.05837 0.05837 0.05837 0.05837 0.05837 0.05837 0.53302 ( 9)  0.533
 218 G   0.05832 0.05832 0.05832 0.05832 0.05832 0.05832 0.05832 0.05832 0.53341 ( 9)  0.533
 219 V   0.05838 0.05838 0.05838 0.05838 0.05838 0.05838 0.05838 0.05838 0.53294 ( 9)  0.533
 220 C   0.05830 0.05830 0.05830 0.05830 0.05830 0.05830 0.05830 0.05830 0.53360 ( 9)  0.534
 221 Q   0.05822 0.05822 0.05822 0.05822 0.05822 0.05822 0.05822 0.05822 0.53422 ( 9)  0.534
 222 C   0.05837 0.05837 0.05837 0.05837 0.05837 0.05837 0.05837 0.05837 0.53305 ( 9)  0.533
 223 S   0.05840 0.05840 0.05840 0.05840 0.05840 0.05840 0.05840 0.05840 0.53282 ( 9)  0.533
 224 L   0.05836 0.05836 0.05836 0.05836 0.05836 0.05836 0.05836 0.05836 0.53313 ( 9)  0.533
 225 G   0.05823 0.05823 0.05823 0.05823 0.05823 0.05823 0.05823 0.05823 0.53417 ( 9)  0.534
 226 P   0.05828 0.05828 0.05828 0.05828 0.05828 0.05828 0.05828 0.05828 0.53378 ( 9)  0.534
 227 Q   0.05822 0.05822 0.05822 0.05822 0.05822 0.05822 0.05822 0.05822 0.53422 ( 9)  0.534
 228 Q   0.05822 0.05822 0.05822 0.05822 0.05822 0.05822 0.05822 0.05822 0.53422 ( 9)  0.534
 229 Q   0.05822 0.05822 0.05822 0.05822 0.05822 0.05822 0.05822 0.05822 0.53422 ( 9)  0.534
 230 Q   0.05822 0.05822 0.05822 0.05822 0.05822 0.05822 0.05822 0.05822 0.53422 ( 9)  0.534
 231 R   0.05819 0.05819 0.05819 0.05819 0.05819 0.05819 0.05819 0.05819 0.53445 ( 9)  0.534
 232 L   0.05829 0.05829 0.05829 0.05829 0.05829 0.05829 0.05829 0.05829 0.53365 ( 9)  0.534
 233 V   0.05831 0.05831 0.05831 0.05831 0.05831 0.05831 0.05831 0.05831 0.53353 ( 9)  0.534
 234 T   0.05831 0.05831 0.05831 0.05831 0.05831 0.05831 0.05831 0.05831 0.53353 ( 9)  0.534
 235 G   0.05823 0.05823 0.05823 0.05823 0.05823 0.05823 0.05823 0.05823 0.53417 ( 9)  0.534
 236 D   0.05840 0.05840 0.05840 0.05840 0.05840 0.05840 0.05840 0.05840 0.53282 ( 9)  0.533
 237 F   0.05837 0.05837 0.05837 0.05837 0.05837 0.05837 0.05837 0.05837 0.53300 ( 9)  0.533
 238 E   0.05829 0.05829 0.05829 0.05829 0.05829 0.05829 0.05829 0.05829 0.53368 ( 9)  0.534
 239 S   0.05836 0.05836 0.05836 0.05836 0.05836 0.05836 0.05836 0.05836 0.53313 ( 9)  0.533
 240 G   0.05840 0.05840 0.05840 0.05840 0.05840 0.05840 0.05840 0.05840 0.53277 ( 9)  0.533
 241 H   0.05830 0.05830 0.05830 0.05830 0.05830 0.05830 0.05830 0.05830 0.53360 ( 9)  0.534
 242 V   0.05822 0.05822 0.05822 0.05822 0.05822 0.05822 0.05822 0.05822 0.53423 ( 9)  0.534
 243 L   0.05818 0.05818 0.05818 0.05818 0.05818 0.05818 0.05818 0.05818 0.53453 ( 9)  0.535
 244 L   0.05821 0.05821 0.05821 0.05821 0.05821 0.05821 0.05821 0.05821 0.53431 ( 9)  0.534
 245 L   0.05821 0.05821 0.05821 0.05821 0.05821 0.05821 0.05821 0.05821 0.53431 ( 9)  0.534
 246 E   0.05823 0.05823 0.05823 0.05823 0.05823 0.05823 0.05823 0.05823 0.53419 ( 9)  0.534
 247 T   0.05831 0.05831 0.05831 0.05831 0.05831 0.05831 0.05831 0.05831 0.53353 ( 9)  0.534
 248 H   0.05830 0.05830 0.05830 0.05830 0.05830 0.05830 0.05830 0.05830 0.53360 ( 9)  0.534
 249 Q   0.05822 0.05822 0.05822 0.05822 0.05822 0.05822 0.05822 0.05822 0.53422 ( 9)  0.534
 250 R   0.05830 0.05830 0.05830 0.05830 0.05830 0.05830 0.05830 0.05830 0.53358 ( 9)  0.534
 251 C   0.05837 0.05837 0.05837 0.05837 0.05837 0.05837 0.05837 0.05837 0.53305 ( 9)  0.533
 252 S   0.05832 0.05832 0.05832 0.05832 0.05832 0.05832 0.05832 0.05832 0.53344 ( 9)  0.533
 253 V   0.05838 0.05838 0.05838 0.05838 0.05838 0.05838 0.05838 0.05838 0.53294 ( 9)  0.533
 254 R   0.05837 0.05837 0.05837 0.05837 0.05837 0.05837 0.05837 0.05837 0.53302 ( 9)  0.533
 255 L   0.05821 0.05821 0.05821 0.05821 0.05821 0.05821 0.05821 0.05821 0.53431 ( 9)  0.534
 256 S   0.05829 0.05829 0.05829 0.05829 0.05829 0.05829 0.05829 0.05829 0.53365 ( 9)  0.534
 257 G   0.05823 0.05823 0.05823 0.05823 0.05823 0.05823 0.05823 0.05823 0.53417 ( 9)  0.534
 258 L   0.05829 0.05829 0.05829 0.05829 0.05829 0.05829 0.05829 0.05829 0.53365 ( 9)  0.534
 259 D   0.05840 0.05840 0.05840 0.05840 0.05840 0.05840 0.05840 0.05840 0.53282 ( 9)  0.533
 260 S   0.05832 0.05832 0.05832 0.05832 0.05832 0.05832 0.05832 0.05832 0.53344 ( 9)  0.533
 261 I   0.05833 0.05833 0.05833 0.05833 0.05833 0.05833 0.05833 0.05833 0.53337 ( 9)  0.533
 262 G   0.05840 0.05840 0.05840 0.05840 0.05840 0.05840 0.05840 0.05840 0.53277 ( 9)  0.533
 263 E   0.05823 0.05823 0.05823 0.05823 0.05823 0.05823 0.05823 0.05823 0.53419 ( 9)  0.534
 264 P   0.05822 0.05822 0.05822 0.05822 0.05822 0.05822 0.05822 0.05822 0.53425 ( 9)  0.534
 265 F   0.05830 0.05830 0.05830 0.05830 0.05830 0.05830 0.05830 0.05830 0.53357 ( 9)  0.534
 266 A   0.05833 0.05833 0.05833 0.05833 0.05833 0.05833 0.05833 0.05833 0.53337 ( 9)  0.533
 267 L   0.05829 0.05829 0.05829 0.05829 0.05829 0.05829 0.05829 0.05829 0.53365 ( 9)  0.534
 268 V   0.05838 0.05838 0.05838 0.05838 0.05838 0.05838 0.05838 0.05838 0.53294 ( 9)  0.533
 269 P   0.05828 0.05828 0.05828 0.05828 0.05828 0.05828 0.05828 0.05828 0.53378 ( 9)  0.534
 270 G   0.05832 0.05832 0.05832 0.05832 0.05832 0.05832 0.05832 0.05832 0.53341 ( 9)  0.533
 271 P   0.05837 0.05837 0.05837 0.05837 0.05837 0.05837 0.05837 0.05837 0.53301 ( 9)  0.533
 272 L   0.05819 0.05819 0.05819 0.05819 0.05819 0.05819 0.05819 0.05819 0.53446 ( 9)  0.534
 273 P   0.05837 0.05837 0.05837 0.05837 0.05837 0.05837 0.05837 0.05837 0.53301 ( 9)  0.533
 274 D   0.05840 0.05840 0.05840 0.05840 0.05840 0.05840 0.05840 0.05840 0.53282 ( 9)  0.533
 275 T   0.05822 0.05822 0.05822 0.05822 0.05822 0.05822 0.05822 0.05822 0.53423 ( 9)  0.534
 276 V   0.05828 0.05828 0.05828 0.05828 0.05828 0.05828 0.05828 0.05828 0.53375 ( 9)  0.534
 277 F   0.05837 0.05837 0.05837 0.05837 0.05837 0.05837 0.05837 0.05837 0.53300 ( 9)  0.533
 278 V   0.05838 0.05838 0.05838 0.05838 0.05838 0.05838 0.05838 0.05838 0.53294 ( 9)  0.533
 279 S   0.05836 0.05836 0.05836 0.05836 0.05836 0.05836 0.05836 0.05836 0.53313 ( 9)  0.533
 280 S   0.05827 0.05827 0.05827 0.05827 0.05827 0.05827 0.05827 0.05827 0.53385 ( 9)  0.534
 281 S   0.05836 0.05836 0.05836 0.05836 0.05836 0.05836 0.05836 0.05836 0.53313 ( 9)  0.533
 282 S   0.05840 0.05840 0.05840 0.05840 0.05840 0.05840 0.05840 0.05840 0.53282 ( 9)  0.533
 283 M   0.05833 0.05833 0.05833 0.05833 0.05833 0.05833 0.05833 0.05833 0.53338 ( 9)  0.533
 284 Q   0.05822 0.05822 0.05822 0.05822 0.05822 0.05822 0.05822 0.05822 0.53422 ( 9)  0.534
 285 G   0.05840 0.05840 0.05840 0.05840 0.05840 0.05840 0.05840 0.05840 0.53277 ( 9)  0.533
 286 D   0.05832 0.05832 0.05832 0.05832 0.05832 0.05832 0.05832 0.05832 0.53344 ( 9)  0.533
 287 H   0.05837 0.05837 0.05837 0.05837 0.05837 0.05837 0.05837 0.05837 0.53305 ( 9)  0.533
 288 S   0.05832 0.05832 0.05832 0.05832 0.05832 0.05832 0.05832 0.05832 0.53344 ( 9)  0.533
 289 V   0.05838 0.05838 0.05838 0.05838 0.05838 0.05838 0.05838 0.05838 0.53294 ( 9)  0.533
 290 K   0.05829 0.05829 0.05829 0.05829 0.05829 0.05829 0.05829 0.05829 0.53365 ( 9)  0.534
 291 L   0.05818 0.05818 0.05818 0.05818 0.05818 0.05818 0.05818 0.05818 0.53453 ( 9)  0.535
 292 I   0.05833 0.05833 0.05833 0.05833 0.05833 0.05833 0.05833 0.05833 0.53337 ( 9)  0.533
 293 S   0.05832 0.05832 0.05832 0.05832 0.05832 0.05832 0.05832 0.05832 0.53344 ( 9)  0.533
 294 F   0.05830 0.05830 0.05830 0.05830 0.05830 0.05830 0.05830 0.05830 0.53357 ( 9)  0.534
 295 A   0.05833 0.05833 0.05833 0.05833 0.05833 0.05833 0.05833 0.05833 0.53337 ( 9)  0.533
 296 I   0.05841 0.05841 0.05841 0.05841 0.05841 0.05841 0.05841 0.05841 0.53271 ( 9)  0.533
 297 T   0.05831 0.05831 0.05831 0.05831 0.05831 0.05831 0.05831 0.05831 0.53353 ( 9)  0.534
 298 G   0.05840 0.05840 0.05840 0.05840 0.05840 0.05840 0.05840 0.05840 0.53277 ( 9)  0.533
 299 Q   0.05819 0.05819 0.05819 0.05819 0.05819 0.05819 0.05819 0.05819 0.53448 ( 9)  0.534
 300 G   0.05840 0.05840 0.05840 0.05840 0.05840 0.05840 0.05840 0.05840 0.53277 ( 9)  0.533
 301 D   0.05840 0.05840 0.05840 0.05840 0.05840 0.05840 0.05840 0.05840 0.53282 ( 9)  0.533
 302 G   0.05840 0.05840 0.05840 0.05840 0.05840 0.05840 0.05840 0.05840 0.53277 ( 9)  0.533
 303 E   0.05829 0.05829 0.05829 0.05829 0.05829 0.05829 0.05829 0.05829 0.53368 ( 9)  0.534
 304 G   0.05832 0.05832 0.05832 0.05832 0.05832 0.05832 0.05832 0.05832 0.53341 ( 9)  0.533
 305 R   0.05837 0.05837 0.05837 0.05837 0.05837 0.05837 0.05837 0.05837 0.53302 ( 9)  0.533
 306 L   0.05821 0.05821 0.05821 0.05821 0.05821 0.05821 0.05821 0.05821 0.53431 ( 9)  0.534
 307 L   0.05821 0.05821 0.05821 0.05821 0.05821 0.05821 0.05821 0.05821 0.53431 ( 9)  0.534
 308 T   0.05831 0.05831 0.05831 0.05831 0.05831 0.05831 0.05831 0.05831 0.53353 ( 9)  0.534
 309 F   0.05837 0.05837 0.05837 0.05837 0.05837 0.05837 0.05837 0.05837 0.53300 ( 9)  0.533
 310 C   0.05837 0.05837 0.05837 0.05837 0.05837 0.05837 0.05837 0.05837 0.53305 ( 9)  0.533
 311 G   0.05840 0.05840 0.05840 0.05840 0.05840 0.05840 0.05840 0.05840 0.53277 ( 9)  0.533
 312 G   0.05840 0.05840 0.05840 0.05840 0.05840 0.05840 0.05840 0.05840 0.53277 ( 9)  0.533
 313 Q   0.05822 0.05822 0.05822 0.05822 0.05822 0.05822 0.05822 0.05822 0.53422 ( 9)  0.534
 314 G   0.05840 0.05840 0.05840 0.05840 0.05840 0.05840 0.05840 0.05840 0.53277 ( 9)  0.533
 315 S   0.05836 0.05836 0.05836 0.05836 0.05836 0.05836 0.05836 0.05836 0.53313 ( 9)  0.533
 316 G   0.05840 0.05840 0.05840 0.05840 0.05840 0.05840 0.05840 0.05840 0.53277 ( 9)  0.533
 317 P   0.05837 0.05837 0.05837 0.05837 0.05837 0.05837 0.05837 0.05837 0.53301 ( 9)  0.533
 318 G   0.05840 0.05840 0.05840 0.05840 0.05840 0.05840 0.05840 0.05840 0.53277 ( 9)  0.533
 319 Q   0.05822 0.05822 0.05822 0.05822 0.05822 0.05822 0.05822 0.05822 0.53422 ( 9)  0.534
 320 F   0.05830 0.05830 0.05830 0.05830 0.05830 0.05830 0.05830 0.05830 0.53357 ( 9)  0.534
 321 N   0.05840 0.05840 0.05840 0.05840 0.05840 0.05840 0.05840 0.05840 0.53277 ( 9)  0.533
 322 K   0.05829 0.05829 0.05829 0.05829 0.05829 0.05829 0.05829 0.05829 0.53365 ( 9)  0.534
 323 P   0.05828 0.05828 0.05828 0.05828 0.05828 0.05828 0.05828 0.05828 0.53378 ( 9)  0.534
 324 R   0.05837 0.05837 0.05837 0.05837 0.05837 0.05837 0.05837 0.05837 0.53302 ( 9)  0.533
 325 G   0.05840 0.05840 0.05840 0.05840 0.05840 0.05840 0.05840 0.05840 0.53277 ( 9)  0.533
 326 L   0.05821 0.05821 0.05821 0.05821 0.05821 0.05821 0.05821 0.05821 0.53431 ( 9)  0.534
 327 A   0.05841 0.05841 0.05841 0.05841 0.05841 0.05841 0.05841 0.05841 0.53271 ( 9)  0.533
 328 F   0.05830 0.05830 0.05830 0.05830 0.05830 0.05830 0.05830 0.05830 0.53357 ( 9)  0.534
 329 D   0.05832 0.05832 0.05832 0.05832 0.05832 0.05832 0.05832 0.05832 0.53344 ( 9)  0.533
 330 P   0.05828 0.05828 0.05828 0.05828 0.05828 0.05828 0.05828 0.05828 0.53378 ( 9)  0.534
 331 T   0.05828 0.05828 0.05828 0.05828 0.05828 0.05828 0.05828 0.05828 0.53375 ( 9)  0.534
 332 S   0.05827 0.05827 0.05827 0.05827 0.05827 0.05827 0.05827 0.05827 0.53385 ( 9)  0.534
 333 L   0.05829 0.05829 0.05829 0.05829 0.05829 0.05829 0.05829 0.05829 0.53365 ( 9)  0.534
 334 K   0.05823 0.05823 0.05823 0.05823 0.05823 0.05823 0.05823 0.05823 0.53417 ( 9)  0.534
 335 L   0.05819 0.05819 0.05819 0.05819 0.05819 0.05819 0.05819 0.05819 0.53446 ( 9)  0.534
 336 Y   0.05837 0.05837 0.05837 0.05837 0.05837 0.05837 0.05837 0.05837 0.53302 ( 9)  0.533
 337 V   0.05831 0.05831 0.05831 0.05831 0.05831 0.05831 0.05831 0.05831 0.53353 ( 9)  0.534
 338 V   0.05831 0.05831 0.05831 0.05831 0.05831 0.05831 0.05831 0.05831 0.53353 ( 9)  0.534
 339 D   0.05840 0.05840 0.05840 0.05840 0.05840 0.05840 0.05840 0.05840 0.53282 ( 9)  0.533
 340 A   0.05837 0.05837 0.05837 0.05837 0.05837 0.05837 0.05837 0.05837 0.53304 ( 9)  0.533
 341 R   0.05837 0.05837 0.05837 0.05837 0.05837 0.05837 0.05837 0.05837 0.53302 ( 9)  0.533
 342 N   0.05832 0.05832 0.05832 0.05832 0.05832 0.05832 0.05832 0.05832 0.53341 ( 9)  0.533
 343 Y   0.05830 0.05830 0.05830 0.05830 0.05830 0.05830 0.05830 0.05830 0.53358 ( 9)  0.534
 344 R   0.05837 0.05837 0.05837 0.05837 0.05837 0.05837 0.05837 0.05837 0.53302 ( 9)  0.533
 345 I   0.05841 0.05841 0.05841 0.05841 0.05841 0.05841 0.05841 0.05841 0.53271 ( 9)  0.533
 346 Q   0.05822 0.05822 0.05822 0.05822 0.05822 0.05822 0.05822 0.05822 0.53422 ( 9)  0.534
 347 V   0.05822 0.05822 0.05822 0.05822 0.05822 0.05822 0.05822 0.05822 0.53423 ( 9)  0.534
 348 F   0.05830 0.05830 0.05830 0.05830 0.05830 0.05830 0.05830 0.05830 0.53357 ( 9)  0.534
 349 S   0.05829 0.05829 0.05829 0.05829 0.05829 0.05829 0.05829 0.05829 0.53365 ( 9)  0.534
 350 V   0.05831 0.05831 0.05831 0.05831 0.05831 0.05831 0.05831 0.05831 0.53353 ( 9)  0.534
 351 D   0.05840 0.05840 0.05840 0.05840 0.05840 0.05840 0.05840 0.05840 0.53282 ( 9)  0.533
 352 K   0.05829 0.05829 0.05829 0.05829 0.05829 0.05829 0.05829 0.05829 0.53365 ( 9)  0.534
 353 V   0.05828 0.05828 0.05828 0.05828 0.05828 0.05828 0.05828 0.05828 0.53375 ( 9)  0.534

Positively selected sites

	Prob(w>1)  mean w



lnL = -1428.250999

Bayes Empirical Bayes (BEB) probabilities for 11 classes (class) & postmean_w
(amino acids refer to 1st sequence: Mlig.26438)

   1 M   0.16221 0.06110 0.05628 0.05456 0.05366 0.05303 0.05261 0.05272 0.05500 0.12672 0.27212 (11)  1.175 +-  1.606
   2 R   0.16241 0.06117 0.05634 0.05461 0.05370 0.05307 0.05264 0.05275 0.05502 0.12677 0.27151 (11)  1.172 +-  1.601
   3 L   0.16149 0.06084 0.05606 0.05437 0.05349 0.05289 0.05249 0.05263 0.05492 0.12654 0.27428 (11)  1.186 +-  1.622
   4 A   0.16258 0.06124 0.05640 0.05466 0.05374 0.05311 0.05267 0.05277 0.05504 0.12681 0.27098 (11)  1.169 +-  1.597
   5 Y   0.16209 0.06106 0.05624 0.05453 0.05363 0.05301 0.05259 0.05271 0.05499 0.12669 0.27247 (11)  1.177 +-  1.608
   6 S   0.16194 0.06100 0.05620 0.05448 0.05359 0.05298 0.05257 0.05269 0.05497 0.12665 0.27294 (11)  1.179 +-  1.612
   7 H   0.16239 0.06117 0.05634 0.05461 0.05370 0.05307 0.05264 0.05275 0.05502 0.12676 0.27156 (11)  1.172 +-  1.601
   8 E   0.16174 0.06093 0.05614 0.05443 0.05355 0.05294 0.05253 0.05266 0.05495 0.12660 0.27353 (11)  1.182 +-  1.617
   9 W   0.16172 0.06092 0.05613 0.05443 0.05355 0.05294 0.05253 0.05266 0.05495 0.12660 0.27358 (11)  1.183 +-  1.617
  10 P   0.16171 0.06091 0.05613 0.05442 0.05354 0.05294 0.05253 0.05266 0.05494 0.12659 0.27363 (11)  1.183 +-  1.617
  11 V   0.16245 0.06119 0.05635 0.05462 0.05371 0.05308 0.05265 0.05275 0.05502 0.12678 0.27139 (11)  1.171 +-  1.600
  12 H   0.16208 0.06105 0.05624 0.05452 0.05363 0.05301 0.05259 0.05271 0.05499 0.12669 0.27251 (11)  1.177 +-  1.609
  13 L   0.16158 0.06087 0.05609 0.05439 0.05351 0.05291 0.05251 0.05264 0.05493 0.12656 0.27402 (11)  1.185 +-  1.620
  14 K   0.16175 0.06093 0.05614 0.05443 0.05355 0.05294 0.05254 0.05266 0.05495 0.12660 0.27350 (11)  1.182 +-  1.616
  15 M   0.16221 0.06110 0.05628 0.05456 0.05366 0.05303 0.05261 0.05272 0.05500 0.12672 0.27212 (11)  1.175 +-  1.606
  16 T   0.16246 0.06119 0.05636 0.05462 0.05372 0.05308 0.05265 0.05276 0.05503 0.12678 0.27135 (11)  1.171 +-  1.600
  17 S   0.16235 0.06115 0.05632 0.05460 0.05369 0.05306 0.05263 0.05274 0.05502 0.12676 0.27168 (11)  1.173 +-  1.602
  18 E   0.16203 0.06104 0.05623 0.05451 0.05362 0.05300 0.05258 0.05270 0.05498 0.12668 0.27264 (11)  1.178 +-  1.610
  19 E   0.16203 0.06104 0.05623 0.05451 0.05362 0.05300 0.05258 0.05270 0.05498 0.12668 0.27264 (11)  1.178 +-  1.610
  20 A   0.16258 0.06124 0.05640 0.05466 0.05374 0.05311 0.05267 0.05277 0.05504 0.12681 0.27098 (11)  1.169 +-  1.597
  21 S   0.16217 0.06109 0.05627 0.05455 0.05365 0.05303 0.05261 0.05272 0.05500 0.12671 0.27222 (11)  1.176 +-  1.606
  22 R   0.16174 0.06093 0.05614 0.05443 0.05355 0.05294 0.05253 0.05266 0.05495 0.12660 0.27353 (11)  1.182 +-  1.617
  23 N   0.16219 0.06109 0.05627 0.05455 0.05365 0.05303 0.05261 0.05272 0.05500 0.12672 0.27216 (11)  1.175 +-  1.606
  24 N   0.16219 0.06109 0.05627 0.05455 0.05365 0.05303 0.05261 0.05272 0.05500 0.12672 0.27216 (11)  1.175 +-  1.606
  25 R   0.16159 0.06087 0.05609 0.05439 0.05351 0.05291 0.05251 0.05264 0.05493 0.12656 0.27400 (11)  1.185 +-  1.620
  26 P   0.16197 0.06101 0.05621 0.05449 0.05360 0.05299 0.05257 0.05269 0.05497 0.12666 0.27282 (11)  1.179 +-  1.611
  27 R   0.16159 0.06087 0.05609 0.05439 0.05351 0.05291 0.05251 0.05264 0.05493 0.12656 0.27400 (11)  1.185 +-  1.620
  28 E   0.16203 0.06104 0.05623 0.05451 0.05362 0.05300 0.05258 0.05270 0.05498 0.12668 0.27264 (11)  1.178 +-  1.610
  29 A   0.16221 0.06110 0.05628 0.05456 0.05366 0.05303 0.05261 0.05272 0.05500 0.12672 0.27211 (11)  1.175 +-  1.606
  30 L   0.16167 0.06090 0.05611 0.05441 0.05353 0.05293 0.05252 0.05265 0.05494 0.12658 0.27374 (11)  1.183 +-  1.618
  31 H   0.16239 0.06117 0.05634 0.05461 0.05370 0.05307 0.05264 0.05275 0.05502 0.12676 0.27156 (11)  1.172 +-  1.601
  32 E   0.16174 0.06093 0.05614 0.05443 0.05355 0.05294 0.05253 0.05266 0.05495 0.12660 0.27353 (11)  1.182 +-  1.617
  33 I   0.16259 0.06124 0.05640 0.05466 0.05375 0.05311 0.05267 0.05277 0.05504 0.12681 0.27096 (11)  1.169 +-  1.597
  34 Y   0.16241 0.06117 0.05634 0.05461 0.05370 0.05307 0.05264 0.05275 0.05502 0.12677 0.27150 (11)  1.172 +-  1.601
  35 D   0.16217 0.06108 0.05627 0.05455 0.05365 0.05303 0.05260 0.05272 0.05499 0.12671 0.27224 (11)  1.176 +-  1.607
  36 I   0.16221 0.06110 0.05628 0.05456 0.05366 0.05303 0.05261 0.05272 0.05500 0.12672 0.27210 (11)  1.175 +-  1.606
  37 A   0.16258 0.06124 0.05640 0.05466 0.05374 0.05311 0.05267 0.05277 0.05504 0.12681 0.27098 (11)  1.169 +-  1.597
  38 I   0.16201 0.06103 0.05622 0.05450 0.05361 0.05300 0.05258 0.05270 0.05498 0.12667 0.27271 (11)  1.178 +-  1.610
  39 A   0.16176 0.06093 0.05614 0.05444 0.05355 0.05295 0.05254 0.05266 0.05495 0.12661 0.27347 (11)  1.182 +-  1.616
  40 L   0.16158 0.06087 0.05609 0.05439 0.05351 0.05291 0.05251 0.05264 0.05493 0.12656 0.27402 (11)  1.185 +-  1.620
  41 D   0.16252 0.06121 0.05638 0.05464 0.05373 0.05309 0.05266 0.05276 0.05503 0.12680 0.27117 (11)  1.170 +-  1.599
  42 T   0.16212 0.06107 0.05625 0.05453 0.05364 0.05302 0.05260 0.05271 0.05499 0.12670 0.27237 (11)  1.176 +-  1.608
  43 V   0.16245 0.06119 0.05635 0.05462 0.05371 0.05308 0.05265 0.05275 0.05502 0.12678 0.27139 (11)  1.171 +-  1.600
  44 G   0.16219 0.06109 0.05627 0.05455 0.05365 0.05303 0.05261 0.05272 0.05500 0.12671 0.27217 (11)  1.175 +-  1.606
  45 C   0.16239 0.06117 0.05634 0.05461 0.05370 0.05307 0.05264 0.05275 0.05502 0.12677 0.27155 (11)  1.172 +-  1.601
  46 V   0.16212 0.06107 0.05625 0.05453 0.05364 0.05302 0.05260 0.05271 0.05499 0.12670 0.27238 (11)  1.177 +-  1.608
  47 L   0.16149 0.06084 0.05606 0.05437 0.05349 0.05289 0.05249 0.05263 0.05492 0.12654 0.27428 (11)  1.186 +-  1.622
  48 S   0.16253 0.06122 0.05638 0.05464 0.05373 0.05310 0.05266 0.05277 0.05503 0.12680 0.27114 (11)  1.170 +-  1.598
  49 P   0.16210 0.06106 0.05625 0.05453 0.05363 0.05301 0.05259 0.05271 0.05499 0.12669 0.27245 (11)  1.177 +-  1.608
  50 R   0.16159 0.06087 0.05609 0.05439 0.05351 0.05291 0.05251 0.05264 0.05493 0.12656 0.27400 (11)  1.185 +-  1.620
  51 T   0.16212 0.06107 0.05625 0.05453 0.05364 0.05302 0.05260 0.05271 0.05499 0.12670 0.27237 (11)  1.176 +-  1.608
  52 G   0.16255 0.06123 0.05639 0.05465 0.05374 0.05310 0.05267 0.05277 0.05504 0.12680 0.27108 (11)  1.170 +-  1.598
  53 S   0.16253 0.06122 0.05638 0.05464 0.05373 0.05310 0.05266 0.05277 0.05503 0.12680 0.27114 (11)  1.170 +-  1.598
  54 S   0.16217 0.06109 0.05627 0.05455 0.05365 0.05303 0.05261 0.05272 0.05500 0.12671 0.27222 (11)  1.176 +-  1.606
  55 S   0.16205 0.06104 0.05623 0.05451 0.05362 0.05300 0.05259 0.05270 0.05498 0.12668 0.27259 (11)  1.178 +-  1.609
  56 I   0.16201 0.06103 0.05622 0.05450 0.05361 0.05300 0.05258 0.05270 0.05498 0.12667 0.27271 (11)  1.178 +-  1.610
  57 V   0.16212 0.06107 0.05625 0.05453 0.05364 0.05302 0.05260 0.05271 0.05499 0.12670 0.27238 (11)  1.177 +-  1.608
  58 R   0.16241 0.06117 0.05634 0.05461 0.05370 0.05307 0.05264 0.05275 0.05502 0.12677 0.27151 (11)  1.172 +-  1.601
  59 L   0.16167 0.06090 0.05611 0.05441 0.05353 0.05293 0.05252 0.05265 0.05494 0.12658 0.27374 (11)  1.183 +-  1.618
  60 L   0.16154 0.06085 0.05607 0.05438 0.05350 0.05290 0.05250 0.05263 0.05493 0.12655 0.27413 (11)  1.185 +-  1.621
  61 G   0.16255 0.06123 0.05639 0.05465 0.05374 0.05310 0.05267 0.05277 0.05504 0.12680 0.27108 (11)  1.170 +-  1.598
  62 N   0.16256 0.06123 0.05639 0.05465 0.05374 0.05310 0.05267 0.05277 0.05504 0.12681 0.27106 (11)  1.170 +-  1.598
  63 G   0.16255 0.06123 0.05639 0.05465 0.05374 0.05310 0.05267 0.05277 0.05504 0.12680 0.27108 (11)  1.170 +-  1.598
  64 E   0.16174 0.06093 0.05614 0.05443 0.05355 0.05294 0.05253 0.05266 0.05495 0.12660 0.27353 (11)  1.182 +-  1.617
  65 V   0.16199 0.06102 0.05621 0.05450 0.05361 0.05299 0.05258 0.05269 0.05498 0.12667 0.27276 (11)  1.178 +-  1.611
  66 A   0.16221 0.06110 0.05628 0.05456 0.05366 0.05303 0.05261 0.05272 0.05500 0.12672 0.27211 (11)  1.175 +-  1.606
  67 K   0.16205 0.06104 0.05623 0.05452 0.05362 0.05300 0.05259 0.05270 0.05498 0.12668 0.27258 (11)  1.177 +-  1.609
  68 Q   0.16172 0.06092 0.05613 0.05443 0.05355 0.05294 0.05253 0.05266 0.05495 0.12660 0.27358 (11)  1.183 +-  1.617
  69 A   0.16221 0.06110 0.05628 0.05456 0.05366 0.05303 0.05261 0.05272 0.05500 0.12672 0.27211 (11)  1.175 +-  1.606
  70 G   0.16255 0.06123 0.05639 0.05465 0.05374 0.05310 0.05267 0.05277 0.05504 0.12680 0.27108 (11)  1.170 +-  1.598
  71 E   0.16203 0.06104 0.05623 0.05451 0.05362 0.05300 0.05258 0.05270 0.05498 0.12668 0.27264 (11)  1.178 +-  1.610
  72 T   0.16172 0.06092 0.05613 0.05443 0.05354 0.05294 0.05253 0.05266 0.05495 0.12660 0.27360 (11)  1.183 +-  1.617
  73 D   0.16252 0.06121 0.05638 0.05464 0.05373 0.05309 0.05266 0.05276 0.05503 0.12680 0.27117 (11)  1.170 +-  1.599
  74 M   0.16221 0.06110 0.05628 0.05456 0.05366 0.05303 0.05261 0.05272 0.05500 0.12672 0.27212 (11)  1.175 +-  1.606
  75 P   0.16242 0.06118 0.05635 0.05461 0.05371 0.05308 0.05265 0.05275 0.05502 0.12677 0.27147 (11)  1.172 +-  1.601
  76 S   0.16217 0.06109 0.05627 0.05455 0.05365 0.05303 0.05261 0.05272 0.05500 0.12671 0.27222 (11)  1.176 +-  1.606
  77 P   0.16242 0.06118 0.05635 0.05461 0.05371 0.05308 0.05265 0.05275 0.05502 0.12677 0.27147 (11)  1.172 +-  1.601
  78 C   0.16208 0.06105 0.05624 0.05452 0.05363 0.05301 0.05259 0.05271 0.05499 0.12669 0.27250 (11)  1.177 +-  1.609
  79 L   0.16167 0.06090 0.05611 0.05441 0.05353 0.05293 0.05252 0.05265 0.05494 0.12658 0.27374 (11)  1.183 +-  1.618
  80 Y   0.16209 0.06106 0.05624 0.05453 0.05363 0.05301 0.05259 0.05271 0.05499 0.12669 0.27247 (11)  1.177 +-  1.608
  81 V   0.16212 0.06107 0.05625 0.05453 0.05364 0.05302 0.05260 0.05271 0.05499 0.12670 0.27238 (11)  1.177 +-  1.608
  82 S   0.16253 0.06122 0.05638 0.05464 0.05373 0.05310 0.05266 0.05277 0.05503 0.12680 0.27114 (11)  1.170 +-  1.598
  83 A   0.16258 0.06124 0.05640 0.05466 0.05374 0.05311 0.05267 0.05277 0.05504 0.12681 0.27098 (11)  1.169 +-  1.597
  84 G   0.16175 0.06093 0.05614 0.05443 0.05355 0.05294 0.05254 0.05266 0.05495 0.12660 0.27350 (11)  1.182 +-  1.616
  85 F   0.16242 0.06118 0.05635 0.05461 0.05371 0.05308 0.05265 0.05275 0.05502 0.12677 0.27147 (11)  1.172 +-  1.601
  86 P   0.16242 0.06118 0.05635 0.05461 0.05371 0.05308 0.05265 0.05275 0.05502 0.12677 0.27147 (11)  1.172 +-  1.601
  87 C   0.16208 0.06105 0.05624 0.05452 0.05363 0.05301 0.05259 0.05271 0.05499 0.12669 0.27250 (11)  1.177 +-  1.609
  88 H   0.16208 0.06105 0.05624 0.05452 0.05363 0.05301 0.05259 0.05271 0.05499 0.12669 0.27251 (11)  1.177 +-  1.609
  89 S   0.16194 0.06100 0.05620 0.05448 0.05359 0.05298 0.05257 0.05269 0.05497 0.12665 0.27294 (11)  1.179 +-  1.612
  90 L   0.16158 0.06087 0.05609 0.05439 0.05351 0.05291 0.05251 0.05264 0.05493 0.12656 0.27402 (11)  1.185 +-  1.620
  91 L   0.16205 0.06104 0.05623 0.05451 0.05362 0.05300 0.05258 0.05270 0.05498 0.12668 0.27260 (11)  1.178 +-  1.609
  92 V   0.16212 0.06107 0.05625 0.05453 0.05364 0.05302 0.05260 0.05271 0.05499 0.12670 0.27238 (11)  1.177 +-  1.608
  93 F   0.16242 0.06118 0.05635 0.05461 0.05371 0.05308 0.05265 0.05275 0.05502 0.12677 0.27147 (11)  1.172 +-  1.601
  94 D   0.16217 0.06108 0.05627 0.05455 0.05365 0.05303 0.05260 0.05272 0.05499 0.12671 0.27224 (11)  1.176 +-  1.607
  95 Q   0.16157 0.06087 0.05608 0.05439 0.05351 0.05291 0.05251 0.05264 0.05493 0.12656 0.27404 (11)  1.185 +-  1.620
  96 T   0.16212 0.06107 0.05625 0.05453 0.05364 0.05302 0.05260 0.05271 0.05499 0.12670 0.27237 (11)  1.176 +-  1.608
  97 G   0.16219 0.06109 0.05627 0.05455 0.05365 0.05303 0.05261 0.05272 0.05500 0.12671 0.27217 (11)  1.175 +-  1.606
  98 R   0.16209 0.06106 0.05624 0.05452 0.05363 0.05301 0.05259 0.05271 0.05499 0.12669 0.27247 (11)  1.177 +-  1.608
  99 H   0.16239 0.06117 0.05634 0.05461 0.05370 0.05307 0.05264 0.05275 0.05502 0.12676 0.27156 (11)  1.172 +-  1.601
 100 V   0.16199 0.06102 0.05621 0.05450 0.05361 0.05299 0.05258 0.05269 0.05498 0.12667 0.27276 (11)  1.178 +-  1.611
 101 A   0.16258 0.06124 0.05640 0.05466 0.05374 0.05311 0.05267 0.05277 0.05504 0.12681 0.27098 (11)  1.169 +-  1.597
 102 D   0.16252 0.06121 0.05638 0.05464 0.05373 0.05309 0.05266 0.05276 0.05503 0.12680 0.27117 (11)  1.170 +-  1.599
 103 V   0.16245 0.06119 0.05635 0.05462 0.05371 0.05308 0.05265 0.05275 0.05502 0.12678 0.27139 (11)  1.171 +-  1.600
 104 T   0.16200 0.06102 0.05621 0.05450 0.05361 0.05299 0.05258 0.05269 0.05498 0.12667 0.27275 (11)  1.178 +-  1.611
 105 L   0.16205 0.06104 0.05623 0.05451 0.05362 0.05300 0.05258 0.05270 0.05498 0.12668 0.27260 (11)  1.178 +-  1.609
 106 S   0.16253 0.06122 0.05638 0.05464 0.05373 0.05310 0.05266 0.05277 0.05503 0.12680 0.27114 (11)  1.170 +-  1.598
 107 L   0.16167 0.06090 0.05611 0.05441 0.05353 0.05293 0.05252 0.05265 0.05494 0.12658 0.27374 (11)  1.183 +-  1.618
 108 H   0.16239 0.06117 0.05634 0.05461 0.05370 0.05307 0.05264 0.05275 0.05502 0.12676 0.27156 (11)  1.172 +-  1.601
 109 S   0.16253 0.06122 0.05638 0.05464 0.05373 0.05310 0.05266 0.05277 0.05503 0.12680 0.27114 (11)  1.170 +-  1.598
 110 A   0.16258 0.06124 0.05640 0.05466 0.05374 0.05311 0.05267 0.05277 0.05504 0.12681 0.27098 (11)  1.169 +-  1.597
 111 V   0.16212 0.06107 0.05625 0.05453 0.05364 0.05302 0.05260 0.05271 0.05499 0.12670 0.27238 (11)  1.177 +-  1.608
 112 H   0.16239 0.06117 0.05634 0.05461 0.05370 0.05307 0.05264 0.05275 0.05502 0.12676 0.27156 (11)  1.172 +-  1.601
 113 I   0.16221 0.06110 0.05628 0.05456 0.05366 0.05303 0.05261 0.05272 0.05500 0.12672 0.27210 (11)  1.175 +-  1.606
 114 A   0.16258 0.06124 0.05640 0.05466 0.05374 0.05311 0.05267 0.05277 0.05504 0.12681 0.27098 (11)  1.169 +-  1.597
 115 G   0.16255 0.06123 0.05639 0.05465 0.05374 0.05310 0.05267 0.05277 0.05504 0.12680 0.27108 (11)  1.170 +-  1.598
 116 V   0.16199 0.06102 0.05621 0.05450 0.05361 0.05299 0.05258 0.05269 0.05498 0.12667 0.27276 (11)  1.178 +-  1.611
 117 P   0.16197 0.06101 0.05621 0.05449 0.05360 0.05299 0.05257 0.05269 0.05497 0.12666 0.27282 (11)  1.179 +-  1.611
 118 A   0.16258 0.06124 0.05640 0.05466 0.05374 0.05311 0.05267 0.05277 0.05504 0.12681 0.27098 (11)  1.169 +-  1.597
 119 N   0.16256 0.06123 0.05639 0.05465 0.05374 0.05310 0.05267 0.05277 0.05504 0.12681 0.27106 (11)  1.170 +-  1.598
 120 S   0.16235 0.06115 0.05632 0.05460 0.05369 0.05306 0.05263 0.05274 0.05502 0.12676 0.27168 (11)  1.173 +-  1.602
 121 E   0.16203 0.06104 0.05623 0.05451 0.05362 0.05300 0.05258 0.05270 0.05498 0.12668 0.27264 (11)  1.178 +-  1.610
 122 A   0.16207 0.06105 0.05624 0.05452 0.05363 0.05301 0.05259 0.05270 0.05498 0.12668 0.27253 (11)  1.177 +-  1.609
 123 L   0.16158 0.06087 0.05609 0.05439 0.05351 0.05291 0.05251 0.05264 0.05493 0.12656 0.27402 (11)  1.185 +-  1.620
 124 L   0.16167 0.06090 0.05611 0.05441 0.05353 0.05293 0.05252 0.05265 0.05494 0.12658 0.27374 (11)  1.183 +-  1.618
 125 Q   0.16157 0.06087 0.05608 0.05439 0.05351 0.05291 0.05251 0.05264 0.05493 0.12656 0.27404 (11)  1.185 +-  1.620
 126 R   0.16241 0.06117 0.05634 0.05461 0.05370 0.05307 0.05264 0.05275 0.05502 0.12677 0.27151 (11)  1.172 +-  1.601
 127 Y   0.16209 0.06106 0.05624 0.05453 0.05363 0.05301 0.05259 0.05271 0.05499 0.12669 0.27247 (11)  1.177 +-  1.608
 128 H   0.16239 0.06117 0.05634 0.05461 0.05370 0.05307 0.05264 0.05275 0.05502 0.12676 0.27156 (11)  1.172 +-  1.601
 129 I   0.16259 0.06124 0.05640 0.05466 0.05375 0.05311 0.05267 0.05277 0.05504 0.12681 0.27096 (11)  1.169 +-  1.597
 130 G   0.16219 0.06109 0.05627 0.05455 0.05365 0.05303 0.05261 0.05272 0.05500 0.12671 0.27217 (11)  1.175 +-  1.606
 131 R   0.16197 0.06101 0.05621 0.05449 0.05360 0.05299 0.05257 0.05269 0.05497 0.12666 0.27284 (11)  1.179 +-  1.611
 132 I   0.16201 0.06103 0.05622 0.05450 0.05361 0.05300 0.05258 0.05270 0.05498 0.12667 0.27271 (11)  1.178 +-  1.610
 133 L   0.16235 0.06115 0.05632 0.05459 0.05369 0.05306 0.05263 0.05274 0.05501 0.12675 0.27170 (11)  1.173 +-  1.603
 134 I   0.16221 0.06110 0.05628 0.05456 0.05366 0.05303 0.05261 0.05272 0.05500 0.12672 0.27210 (11)  1.175 +-  1.606
 135 H   0.16208 0.06105 0.05624 0.05452 0.05363 0.05301 0.05259 0.05271 0.05499 0.12669 0.27251 (11)  1.177 +-  1.609
 136 D   0.16252 0.06121 0.05638 0.05464 0.05373 0.05309 0.05266 0.05276 0.05503 0.12680 0.27117 (11)  1.170 +-  1.599
 137 R   0.16209 0.06106 0.05624 0.05452 0.05363 0.05301 0.05259 0.05271 0.05499 0.12669 0.27247 (11)  1.177 +-  1.608
 138 S   0.16205 0.06104 0.05623 0.05451 0.05362 0.05300 0.05259 0.05270 0.05498 0.12668 0.27259 (11)  1.178 +-  1.609
 139 L   0.16205 0.06104 0.05623 0.05451 0.05362 0.05300 0.05258 0.05270 0.05498 0.12668 0.27260 (11)  1.178 +-  1.609
 140 Y   0.16209 0.06106 0.05624 0.05453 0.05363 0.05301 0.05259 0.05271 0.05499 0.12669 0.27247 (11)  1.177 +-  1.608
 141 V   0.16212 0.06107 0.05625 0.05453 0.05364 0.05302 0.05260 0.05271 0.05499 0.12670 0.27238 (11)  1.177 +-  1.608
 142 A   0.16258 0.06124 0.05640 0.05466 0.05374 0.05311 0.05267 0.05277 0.05504 0.12681 0.27098 (11)  1.169 +-  1.597
 143 D   0.16217 0.06108 0.05627 0.05455 0.05365 0.05303 0.05260 0.05272 0.05499 0.12671 0.27224 (11)  1.176 +-  1.607
 144 C   0.16239 0.06117 0.05634 0.05461 0.05370 0.05307 0.05264 0.05275 0.05502 0.12677 0.27155 (11)  1.172 +-  1.601
 145 E   0.16174 0.06093 0.05614 0.05443 0.05355 0.05294 0.05253 0.05266 0.05495 0.12660 0.27353 (11)  1.182 +-  1.617
 146 F   0.16242 0.06118 0.05635 0.05461 0.05371 0.05308 0.05265 0.05275 0.05502 0.12677 0.27147 (11)  1.172 +-  1.601
 147 D   0.16252 0.06121 0.05638 0.05464 0.05373 0.05309 0.05266 0.05276 0.05503 0.12680 0.27117 (11)  1.170 +-  1.599
 148 F   0.16210 0.06106 0.05625 0.05453 0.05363 0.05301 0.05259 0.05271 0.05499 0.12669 0.27245 (11)  1.177 +-  1.608
 149 I   0.16259 0.06124 0.05640 0.05466 0.05375 0.05311 0.05267 0.05277 0.05504 0.12681 0.27096 (11)  1.169 +-  1.597
 150 Y   0.16241 0.06117 0.05634 0.05461 0.05370 0.05307 0.05264 0.05275 0.05502 0.12677 0.27150 (11)  1.172 +-  1.601
 151 V   0.16172 0.06092 0.05613 0.05443 0.05354 0.05294 0.05253 0.05266 0.05495 0.12660 0.27360 (11)  1.183 +-  1.617
 152 C   0.16239 0.06117 0.05634 0.05461 0.05370 0.05307 0.05264 0.05275 0.05502 0.12677 0.27155 (11)  1.172 +-  1.601
 153 D   0.16217 0.06108 0.05627 0.05455 0.05365 0.05303 0.05260 0.05272 0.05499 0.12671 0.27224 (11)  1.176 +-  1.607
 154 L   0.16158 0.06087 0.05609 0.05439 0.05351 0.05291 0.05251 0.05264 0.05493 0.12656 0.27402 (11)  1.185 +-  1.620
 155 A   0.16258 0.06124 0.05640 0.05466 0.05374 0.05311 0.05267 0.05277 0.05504 0.12681 0.27098 (11)  1.169 +-  1.597
 156 G   0.16255 0.06123 0.05639 0.05465 0.05374 0.05310 0.05267 0.05277 0.05504 0.12680 0.27108 (11)  1.170 +-  1.598
 157 D   0.16217 0.06108 0.05627 0.05455 0.05365 0.05303 0.05260 0.05272 0.05499 0.12671 0.27224 (11)  1.176 +-  1.607
 158 V   0.16199 0.06102 0.05621 0.05450 0.05361 0.05299 0.05258 0.05269 0.05498 0.12667 0.27276 (11)  1.178 +-  1.611
 159 R   0.16209 0.06106 0.05624 0.05452 0.05363 0.05301 0.05259 0.05271 0.05499 0.12669 0.27247 (11)  1.177 +-  1.608
 160 H   0.16239 0.06117 0.05634 0.05461 0.05370 0.05307 0.05264 0.05275 0.05502 0.12676 0.27156 (11)  1.172 +-  1.601
 161 V   0.16199 0.06102 0.05621 0.05450 0.05361 0.05299 0.05258 0.05269 0.05498 0.12667 0.27276 (11)  1.178 +-  1.611
 162 I   0.16259 0.06124 0.05640 0.05466 0.05375 0.05311 0.05267 0.05277 0.05504 0.12681 0.27096 (11)  1.169 +-  1.597
 163 S   0.16253 0.06122 0.05638 0.05464 0.05373 0.05310 0.05266 0.05277 0.05503 0.12680 0.27114 (11)  1.170 +-  1.598
 164 W   0.16172 0.06092 0.05613 0.05443 0.05355 0.05294 0.05253 0.05266 0.05495 0.12660 0.27358 (11)  1.183 +-  1.617
 165 P   0.16171 0.06091 0.05613 0.05442 0.05354 0.05294 0.05253 0.05266 0.05494 0.12659 0.27363 (11)  1.183 +-  1.617
 166 D   0.16252 0.06121 0.05638 0.05464 0.05373 0.05309 0.05266 0.05276 0.05503 0.12680 0.27117 (11)  1.170 +-  1.599
 167 E   0.16203 0.06104 0.05623 0.05451 0.05362 0.05300 0.05258 0.05270 0.05498 0.12668 0.27264 (11)  1.178 +-  1.610
 168 L   0.16235 0.06115 0.05632 0.05459 0.05369 0.05306 0.05263 0.05274 0.05501 0.12675 0.27170 (11)  1.173 +-  1.603
 169 C   0.16239 0.06117 0.05634 0.05461 0.05370 0.05307 0.05264 0.05275 0.05502 0.12677 0.27155 (11)  1.172 +-  1.601
 170 A   0.16258 0.06124 0.05640 0.05466 0.05374 0.05311 0.05267 0.05277 0.05504 0.12681 0.27098 (11)  1.169 +-  1.597
 171 P   0.16197 0.06101 0.05621 0.05449 0.05360 0.05299 0.05257 0.05269 0.05497 0.12666 0.27282 (11)  1.179 +-  1.611
 172 M   0.16221 0.06110 0.05628 0.05456 0.05366 0.05303 0.05261 0.05272 0.05500 0.12672 0.27212 (11)  1.175 +-  1.606
 173 G   0.16255 0.06123 0.05639 0.05465 0.05374 0.05310 0.05267 0.05277 0.05504 0.12680 0.27108 (11)  1.170 +-  1.598
 174 M   0.16221 0.06110 0.05628 0.05456 0.05366 0.05303 0.05261 0.05272 0.05500 0.12672 0.27212 (11)  1.175 +-  1.606
 175 C   0.16239 0.06117 0.05634 0.05461 0.05370 0.05307 0.05264 0.05275 0.05502 0.12677 0.27155 (11)  1.172 +-  1.601
 176 V   0.16245 0.06119 0.05635 0.05462 0.05371 0.05308 0.05265 0.05275 0.05502 0.12678 0.27139 (11)  1.171 +-  1.600
 177 A   0.16176 0.06093 0.05614 0.05444 0.05355 0.05295 0.05254 0.05266 0.05495 0.12661 0.27347 (11)  1.182 +-  1.616
 178 F   0.16242 0.06118 0.05635 0.05461 0.05371 0.05308 0.05265 0.05275 0.05502 0.12677 0.27147 (11)  1.172 +-  1.601
 179 D   0.16252 0.06121 0.05638 0.05464 0.05373 0.05309 0.05266 0.05276 0.05503 0.12680 0.27117 (11)  1.170 +-  1.599
 180 R   0.16197 0.06101 0.05621 0.05449 0.05360 0.05299 0.05257 0.05269 0.05497 0.12666 0.27284 (11)  1.179 +-  1.611
 181 L   0.16167 0.06090 0.05611 0.05441 0.05353 0.05293 0.05252 0.05265 0.05494 0.12658 0.27374 (11)  1.183 +-  1.618
 182 Y   0.16241 0.06117 0.05634 0.05461 0.05370 0.05307 0.05264 0.05275 0.05502 0.12677 0.27150 (11)  1.172 +-  1.601
 183 V   0.16245 0.06119 0.05635 0.05462 0.05371 0.05308 0.05265 0.05275 0.05502 0.12678 0.27139 (11)  1.171 +-  1.600
 184 C   0.16239 0.06117 0.05634 0.05461 0.05370 0.05307 0.05264 0.05275 0.05502 0.12677 0.27155 (11)  1.172 +-  1.601
 185 D   0.16252 0.06121 0.05638 0.05464 0.05373 0.05309 0.05266 0.05276 0.05503 0.12680 0.27117 (11)  1.170 +-  1.599
 186 S   0.16235 0.06115 0.05632 0.05460 0.05369 0.05306 0.05263 0.05274 0.05502 0.12676 0.27168 (11)  1.173 +-  1.602
 187 G   0.16219 0.06109 0.05627 0.05455 0.05365 0.05303 0.05261 0.05272 0.05500 0.12671 0.27217 (11)  1.175 +-  1.606
 188 H   0.16239 0.06117 0.05634 0.05461 0.05370 0.05307 0.05264 0.05275 0.05502 0.12676 0.27156 (11)  1.172 +-  1.601
 189 R   0.16241 0.06117 0.05634 0.05461 0.05370 0.05307 0.05264 0.05275 0.05502 0.12677 0.27151 (11)  1.172 +-  1.601
 190 R   0.16159 0.06087 0.05609 0.05439 0.05351 0.05291 0.05251 0.05264 0.05493 0.12656 0.27400 (11)  1.185 +-  1.620
 191 V   0.16212 0.06107 0.05625 0.05453 0.05364 0.05302 0.05260 0.05271 0.05499 0.12670 0.27238 (11)  1.177 +-  1.608
 192 R   0.16159 0.06087 0.05609 0.05439 0.05351 0.05291 0.05251 0.05264 0.05493 0.12656 0.27400 (11)  1.185 +-  1.620
 193 V   0.16245 0.06119 0.05635 0.05462 0.05371 0.05308 0.05265 0.05275 0.05502 0.12678 0.27139 (11)  1.171 +-  1.600
 194 Y   0.16241 0.06117 0.05634 0.05461 0.05370 0.05307 0.05264 0.05275 0.05502 0.12677 0.27150 (11)  1.172 +-  1.601
 195 D   0.16217 0.06108 0.05627 0.05455 0.05365 0.05303 0.05260 0.05272 0.05499 0.12671 0.27224 (11)  1.176 +-  1.607
 196 L   0.16167 0.06090 0.05611 0.05441 0.05353 0.05293 0.05252 0.05265 0.05494 0.12658 0.27374 (11)  1.183 +-  1.618
 197 Q   0.16172 0.06092 0.05613 0.05443 0.05355 0.05294 0.05253 0.05266 0.05495 0.12660 0.27358 (11)  1.183 +-  1.617
 198 S   0.16205 0.06104 0.05623 0.05451 0.05362 0.05300 0.05259 0.05270 0.05498 0.12668 0.27259 (11)  1.178 +-  1.609
 199 Y   0.16209 0.06106 0.05624 0.05453 0.05363 0.05301 0.05259 0.05271 0.05499 0.12669 0.27247 (11)  1.177 +-  1.608
 200 R   0.16159 0.06087 0.05609 0.05439 0.05351 0.05291 0.05251 0.05264 0.05493 0.12656 0.27400 (11)  1.185 +-  1.620
 201 P   0.16210 0.06106 0.05625 0.05453 0.05363 0.05301 0.05259 0.05271 0.05499 0.12669 0.27245 (11)  1.177 +-  1.608
 202 V   0.16199 0.06102 0.05621 0.05450 0.05361 0.05299 0.05258 0.05269 0.05498 0.12667 0.27276 (11)  1.178 +-  1.611
 203 P   0.16171 0.06091 0.05613 0.05442 0.05354 0.05294 0.05253 0.05266 0.05494 0.12659 0.27363 (11)  1.183 +-  1.617
 204 G   0.01195 0.01151 0.01698 0.02240 0.02769 0.03277 0.03763 0.04250 0.04867 0.11191 0.63600 (11)  2.928 +-  2.750
 205 E   0.16203 0.06104 0.05623 0.05451 0.05362 0.05300 0.05258 0.05270 0.05498 0.12668 0.27264 (11)  1.178 +-  1.610
 206 D   0.16252 0.06121 0.05638 0.05464 0.05373 0.05309 0.05266 0.05276 0.05503 0.12680 0.27117 (11)  1.170 +-  1.599
 207 S   0.16194 0.06100 0.05620 0.05448 0.05359 0.05298 0.05257 0.05269 0.05497 0.12665 0.27294 (11)  1.179 +-  1.612
 208 P   0.16242 0.06118 0.05635 0.05461 0.05371 0.05308 0.05265 0.05275 0.05502 0.12677 0.27147 (11)  1.172 +-  1.601
 209 G   0.16255 0.06123 0.05639 0.05465 0.05374 0.05310 0.05267 0.05277 0.05504 0.12680 0.27108 (11)  1.170 +-  1.598
 210 Y   0.16241 0.06117 0.05634 0.05461 0.05370 0.05307 0.05264 0.05275 0.05502 0.12677 0.27150 (11)  1.172 +-  1.601
 211 F   0.16210 0.06106 0.05625 0.05453 0.05363 0.05301 0.05259 0.05271 0.05499 0.12669 0.27245 (11)  1.177 +-  1.608
 212 T   0.16246 0.06119 0.05636 0.05462 0.05372 0.05308 0.05265 0.05276 0.05503 0.12678 0.27135 (11)  1.171 +-  1.600
 213 G   0.16255 0.06123 0.05639 0.05465 0.05374 0.05310 0.05267 0.05277 0.05504 0.12680 0.27108 (11)  1.170 +-  1.598
 214 I   0.16221 0.06110 0.05628 0.05456 0.05366 0.05303 0.05261 0.05272 0.05500 0.12672 0.27210 (11)  1.175 +-  1.606
 215 H   0.16239 0.06117 0.05634 0.05461 0.05370 0.05307 0.05264 0.05275 0.05502 0.12676 0.27156 (11)  1.172 +-  1.601
 216 T   0.16212 0.06107 0.05625 0.05453 0.05364 0.05302 0.05260 0.05271 0.05499 0.12670 0.27237 (11)  1.176 +-  1.608
 217 R   0.16241 0.06117 0.05634 0.05461 0.05370 0.05307 0.05264 0.05275 0.05502 0.12677 0.27151 (11)  1.172 +-  1.601
 218 G   0.16219 0.06109 0.05627 0.05455 0.05365 0.05303 0.05261 0.05272 0.05500 0.12671 0.27217 (11)  1.175 +-  1.606
 219 V   0.16245 0.06119 0.05635 0.05462 0.05371 0.05308 0.05265 0.05275 0.05502 0.12678 0.27139 (11)  1.171 +-  1.600
 220 C   0.16208 0.06105 0.05624 0.05452 0.05363 0.05301 0.05259 0.05271 0.05499 0.12669 0.27250 (11)  1.177 +-  1.609
 221 Q   0.16172 0.06092 0.05613 0.05443 0.05355 0.05294 0.05253 0.05266 0.05495 0.12660 0.27358 (11)  1.183 +-  1.617
 222 C   0.16239 0.06117 0.05634 0.05461 0.05370 0.05307 0.05264 0.05275 0.05502 0.12677 0.27155 (11)  1.172 +-  1.601
 223 S   0.16253 0.06122 0.05638 0.05464 0.05373 0.05310 0.05266 0.05277 0.05503 0.12680 0.27114 (11)  1.170 +-  1.598
 224 L   0.16235 0.06115 0.05632 0.05459 0.05369 0.05306 0.05263 0.05274 0.05501 0.12675 0.27170 (11)  1.173 +-  1.603
 225 G   0.16175 0.06093 0.05614 0.05443 0.05355 0.05294 0.05254 0.05266 0.05495 0.12660 0.27350 (11)  1.182 +-  1.616
 226 P   0.16197 0.06101 0.05621 0.05449 0.05360 0.05299 0.05257 0.05269 0.05497 0.12666 0.27282 (11)  1.179 +-  1.611
 227 Q   0.16172 0.06092 0.05613 0.05443 0.05355 0.05294 0.05253 0.05266 0.05495 0.12660 0.27358 (11)  1.183 +-  1.617
 228 Q   0.16172 0.06092 0.05613 0.05443 0.05355 0.05294 0.05253 0.05266 0.05495 0.12660 0.27358 (11)  1.183 +-  1.617
 229 Q   0.16172 0.06092 0.05613 0.05443 0.05355 0.05294 0.05253 0.05266 0.05495 0.12660 0.27358 (11)  1.183 +-  1.617
 230 Q   0.16172 0.06092 0.05613 0.05443 0.05355 0.05294 0.05253 0.05266 0.05495 0.12660 0.27358 (11)  1.183 +-  1.617
 231 R   0.16159 0.06087 0.05609 0.05439 0.05351 0.05291 0.05251 0.05264 0.05493 0.12656 0.27400 (11)  1.185 +-  1.620
 232 L   0.16205 0.06104 0.05623 0.05451 0.05362 0.05300 0.05258 0.05270 0.05498 0.12668 0.27260 (11)  1.178 +-  1.609
 233 V   0.16212 0.06107 0.05625 0.05453 0.05364 0.05302 0.05260 0.05271 0.05499 0.12670 0.27238 (11)  1.177 +-  1.608
 234 T   0.16212 0.06107 0.05625 0.05453 0.05364 0.05302 0.05260 0.05271 0.05499 0.12670 0.27237 (11)  1.176 +-  1.608
 235 G   0.16175 0.06093 0.05614 0.05443 0.05355 0.05294 0.05254 0.05266 0.05495 0.12660 0.27350 (11)  1.182 +-  1.616
 236 D   0.16252 0.06121 0.05638 0.05464 0.05373 0.05309 0.05266 0.05276 0.05503 0.12680 0.27117 (11)  1.170 +-  1.599
 237 F   0.16242 0.06118 0.05635 0.05461 0.05371 0.05308 0.05265 0.05275 0.05502 0.12677 0.27147 (11)  1.172 +-  1.601
 238 E   0.16203 0.06104 0.05623 0.05451 0.05362 0.05300 0.05258 0.05270 0.05498 0.12668 0.27264 (11)  1.178 +-  1.610
 239 S   0.16235 0.06115 0.05632 0.05460 0.05369 0.05306 0.05263 0.05274 0.05502 0.12676 0.27168 (11)  1.173 +-  1.602
 240 G   0.16255 0.06123 0.05639 0.05465 0.05374 0.05310 0.05267 0.05277 0.05504 0.12680 0.27108 (11)  1.170 +-  1.598
 241 H   0.16208 0.06105 0.05624 0.05452 0.05363 0.05301 0.05259 0.05271 0.05499 0.12669 0.27251 (11)  1.177 +-  1.609
 242 V   0.16172 0.06092 0.05613 0.05443 0.05354 0.05294 0.05253 0.05266 0.05495 0.12660 0.27360 (11)  1.183 +-  1.617
 243 L   0.16154 0.06085 0.05607 0.05438 0.05350 0.05290 0.05250 0.05263 0.05493 0.12655 0.27413 (11)  1.185 +-  1.621
 244 L   0.16167 0.06090 0.05611 0.05441 0.05353 0.05293 0.05252 0.05265 0.05494 0.12658 0.27374 (11)  1.183 +-  1.618
 245 L   0.16167 0.06090 0.05611 0.05441 0.05353 0.05293 0.05252 0.05265 0.05494 0.12658 0.27374 (11)  1.183 +-  1.618
 246 E   0.16174 0.06093 0.05614 0.05443 0.05355 0.05294 0.05253 0.05266 0.05495 0.12660 0.27353 (11)  1.182 +-  1.617
 247 T   0.16212 0.06107 0.05625 0.05453 0.05364 0.05302 0.05260 0.05271 0.05499 0.12670 0.27237 (11)  1.176 +-  1.608
 248 H   0.16208 0.06105 0.05624 0.05452 0.05363 0.05301 0.05259 0.05271 0.05499 0.12669 0.27251 (11)  1.177 +-  1.609
 249 Q   0.16172 0.06092 0.05613 0.05443 0.05355 0.05294 0.05253 0.05266 0.05495 0.12660 0.27358 (11)  1.183 +-  1.617
 250 R   0.16209 0.06106 0.05624 0.05452 0.05363 0.05301 0.05259 0.05271 0.05499 0.12669 0.27247 (11)  1.177 +-  1.608
 251 C   0.16239 0.06117 0.05634 0.05461 0.05370 0.05307 0.05264 0.05275 0.05502 0.12677 0.27155 (11)  1.172 +-  1.601
 252 S   0.16217 0.06109 0.05627 0.05455 0.05365 0.05303 0.05261 0.05272 0.05500 0.12671 0.27222 (11)  1.176 +-  1.606
 253 V   0.16245 0.06119 0.05635 0.05462 0.05371 0.05308 0.05265 0.05275 0.05502 0.12678 0.27139 (11)  1.171 +-  1.600
 254 R   0.16241 0.06117 0.05634 0.05461 0.05370 0.05307 0.05264 0.05275 0.05502 0.12677 0.27151 (11)  1.172 +-  1.601
 255 L   0.16167 0.06090 0.05611 0.05441 0.05353 0.05293 0.05252 0.05265 0.05494 0.12658 0.27374 (11)  1.183 +-  1.618
 256 S   0.16205 0.06104 0.05623 0.05451 0.05362 0.05300 0.05259 0.05270 0.05498 0.12668 0.27259 (11)  1.178 +-  1.609
 257 G   0.16175 0.06093 0.05614 0.05443 0.05355 0.05294 0.05254 0.05266 0.05495 0.12660 0.27350 (11)  1.182 +-  1.616
 258 L   0.16205 0.06104 0.05623 0.05451 0.05362 0.05300 0.05258 0.05270 0.05498 0.12668 0.27260 (11)  1.178 +-  1.609
 259 D   0.16252 0.06121 0.05638 0.05464 0.05373 0.05309 0.05266 0.05276 0.05503 0.12680 0.27117 (11)  1.170 +-  1.599
 260 S   0.16217 0.06109 0.05627 0.05455 0.05365 0.05303 0.05261 0.05272 0.05500 0.12671 0.27222 (11)  1.176 +-  1.606
 261 I   0.16221 0.06110 0.05628 0.05456 0.05366 0.05303 0.05261 0.05272 0.05500 0.12672 0.27210 (11)  1.175 +-  1.606
 262 G   0.16255 0.06123 0.05639 0.05465 0.05374 0.05310 0.05267 0.05277 0.05504 0.12680 0.27108 (11)  1.170 +-  1.598
 263 E   0.16174 0.06093 0.05614 0.05443 0.05355 0.05294 0.05253 0.05266 0.05495 0.12660 0.27353 (11)  1.182 +-  1.617
 264 P   0.16171 0.06091 0.05613 0.05442 0.05354 0.05294 0.05253 0.05266 0.05494 0.12659 0.27363 (11)  1.183 +-  1.617
 265 F   0.16210 0.06106 0.05625 0.05453 0.05363 0.05301 0.05259 0.05271 0.05499 0.12669 0.27245 (11)  1.177 +-  1.608
 266 A   0.16221 0.06110 0.05628 0.05456 0.05366 0.05303 0.05261 0.05272 0.05500 0.12672 0.27211 (11)  1.175 +-  1.606
 267 L   0.16205 0.06104 0.05623 0.05451 0.05362 0.05300 0.05258 0.05270 0.05498 0.12668 0.27260 (11)  1.178 +-  1.609
 268 V   0.16245 0.06119 0.05635 0.05462 0.05371 0.05308 0.05265 0.05275 0.05502 0.12678 0.27139 (11)  1.171 +-  1.600
 269 P   0.16197 0.06101 0.05621 0.05449 0.05360 0.05299 0.05257 0.05269 0.05497 0.12666 0.27282 (11)  1.179 +-  1.611
 270 G   0.16219 0.06109 0.05627 0.05455 0.05365 0.05303 0.05261 0.05272 0.05500 0.12671 0.27217 (11)  1.175 +-  1.606
 271 P   0.16242 0.06118 0.05635 0.05461 0.05371 0.05308 0.05265 0.05275 0.05502 0.12677 0.27147 (11)  1.172 +-  1.601
 272 L   0.16158 0.06087 0.05609 0.05439 0.05351 0.05291 0.05251 0.05264 0.05493 0.12656 0.27402 (11)  1.185 +-  1.620
 273 P   0.16242 0.06118 0.05635 0.05461 0.05371 0.05308 0.05265 0.05275 0.05502 0.12677 0.27147 (11)  1.172 +-  1.601
 274 D   0.16252 0.06121 0.05638 0.05464 0.05373 0.05309 0.05266 0.05276 0.05503 0.12680 0.27117 (11)  1.170 +-  1.599
 275 T   0.16172 0.06092 0.05613 0.05443 0.05354 0.05294 0.05253 0.05266 0.05495 0.12660 0.27360 (11)  1.183 +-  1.617
 276 V   0.16199 0.06102 0.05621 0.05450 0.05361 0.05299 0.05258 0.05269 0.05498 0.12667 0.27276 (11)  1.178 +-  1.611
 277 F   0.16242 0.06118 0.05635 0.05461 0.05371 0.05308 0.05265 0.05275 0.05502 0.12677 0.27147 (11)  1.172 +-  1.601
 278 V   0.16245 0.06119 0.05635 0.05462 0.05371 0.05308 0.05265 0.05275 0.05502 0.12678 0.27139 (11)  1.171 +-  1.600
 279 S   0.16235 0.06115 0.05632 0.05460 0.05369 0.05306 0.05263 0.05274 0.05502 0.12676 0.27168 (11)  1.173 +-  1.602
 280 S   0.16194 0.06100 0.05620 0.05448 0.05359 0.05298 0.05257 0.05269 0.05497 0.12665 0.27294 (11)  1.179 +-  1.612
 281 S   0.16235 0.06115 0.05632 0.05460 0.05369 0.05306 0.05263 0.05274 0.05502 0.12676 0.27168 (11)  1.173 +-  1.602
 282 S   0.16253 0.06122 0.05638 0.05464 0.05373 0.05310 0.05266 0.05277 0.05503 0.12680 0.27114 (11)  1.170 +-  1.598
 283 M   0.16221 0.06110 0.05628 0.05456 0.05366 0.05303 0.05261 0.05272 0.05500 0.12672 0.27212 (11)  1.175 +-  1.606
 284 Q   0.16172 0.06092 0.05613 0.05443 0.05355 0.05294 0.05253 0.05266 0.05495 0.12660 0.27358 (11)  1.183 +-  1.617
 285 G   0.16255 0.06123 0.05639 0.05465 0.05374 0.05310 0.05267 0.05277 0.05504 0.12680 0.27108 (11)  1.170 +-  1.598
 286 D   0.16217 0.06108 0.05627 0.05455 0.05365 0.05303 0.05260 0.05272 0.05499 0.12671 0.27224 (11)  1.176 +-  1.607
 287 H   0.16239 0.06117 0.05634 0.05461 0.05370 0.05307 0.05264 0.05275 0.05502 0.12676 0.27156 (11)  1.172 +-  1.601
 288 S   0.16217 0.06109 0.05627 0.05455 0.05365 0.05303 0.05261 0.05272 0.05500 0.12671 0.27222 (11)  1.176 +-  1.606
 289 V   0.16245 0.06119 0.05635 0.05462 0.05371 0.05308 0.05265 0.05275 0.05502 0.12678 0.27139 (11)  1.171 +-  1.600
 290 K   0.16205 0.06104 0.05623 0.05452 0.05362 0.05300 0.05259 0.05270 0.05498 0.12668 0.27258 (11)  1.177 +-  1.609
 291 L   0.16154 0.06085 0.05607 0.05438 0.05350 0.05290 0.05250 0.05263 0.05493 0.12655 0.27413 (11)  1.185 +-  1.621
 292 I   0.16221 0.06110 0.05628 0.05456 0.05366 0.05303 0.05261 0.05272 0.05500 0.12672 0.27210 (11)  1.175 +-  1.606
 293 S   0.16217 0.06109 0.05627 0.05455 0.05365 0.05303 0.05261 0.05272 0.05500 0.12671 0.27222 (11)  1.176 +-  1.606
 294 F   0.16210 0.06106 0.05625 0.05453 0.05363 0.05301 0.05259 0.05271 0.05499 0.12669 0.27245 (11)  1.177 +-  1.608
 295 A   0.16221 0.06110 0.05628 0.05456 0.05366 0.05303 0.05261 0.05272 0.05500 0.12672 0.27211 (11)  1.175 +-  1.606
 296 I   0.16259 0.06124 0.05640 0.05466 0.05375 0.05311 0.05267 0.05277 0.05504 0.12681 0.27096 (11)  1.169 +-  1.597
 297 T   0.16212 0.06107 0.05625 0.05453 0.05364 0.05302 0.05260 0.05271 0.05499 0.12670 0.27237 (11)  1.176 +-  1.608
 298 G   0.16255 0.06123 0.05639 0.05465 0.05374 0.05310 0.05267 0.05277 0.05504 0.12680 0.27108 (11)  1.170 +-  1.598
 299 Q   0.16157 0.06087 0.05608 0.05439 0.05351 0.05291 0.05251 0.05264 0.05493 0.12656 0.27404 (11)  1.185 +-  1.620
 300 G   0.16255 0.06123 0.05639 0.05465 0.05374 0.05310 0.05267 0.05277 0.05504 0.12680 0.27108 (11)  1.170 +-  1.598
 301 D   0.16252 0.06121 0.05638 0.05464 0.05373 0.05309 0.05266 0.05276 0.05503 0.12680 0.27117 (11)  1.170 +-  1.599
 302 G   0.16255 0.06123 0.05639 0.05465 0.05374 0.05310 0.05267 0.05277 0.05504 0.12680 0.27108 (11)  1.170 +-  1.598
 303 E   0.16203 0.06104 0.05623 0.05451 0.05362 0.05300 0.05258 0.05270 0.05498 0.12668 0.27264 (11)  1.178 +-  1.610
 304 G   0.16219 0.06109 0.05627 0.05455 0.05365 0.05303 0.05261 0.05272 0.05500 0.12671 0.27217 (11)  1.175 +-  1.606
 305 R   0.16241 0.06117 0.05634 0.05461 0.05370 0.05307 0.05264 0.05275 0.05502 0.12677 0.27151 (11)  1.172 +-  1.601
 306 L   0.16167 0.06090 0.05611 0.05441 0.05353 0.05293 0.05252 0.05265 0.05494 0.12658 0.27374 (11)  1.183 +-  1.618
 307 L   0.16167 0.06090 0.05611 0.05441 0.05353 0.05293 0.05252 0.05265 0.05494 0.12658 0.27374 (11)  1.183 +-  1.618
 308 T   0.16212 0.06107 0.05625 0.05453 0.05364 0.05302 0.05260 0.05271 0.05499 0.12670 0.27237 (11)  1.176 +-  1.608
 309 F   0.16242 0.06118 0.05635 0.05461 0.05371 0.05308 0.05265 0.05275 0.05502 0.12677 0.27147 (11)  1.172 +-  1.601
 310 C   0.16239 0.06117 0.05634 0.05461 0.05370 0.05307 0.05264 0.05275 0.05502 0.12677 0.27155 (11)  1.172 +-  1.601
 311 G   0.16255 0.06123 0.05639 0.05465 0.05374 0.05310 0.05267 0.05277 0.05504 0.12680 0.27108 (11)  1.170 +-  1.598
 312 G   0.16255 0.06123 0.05639 0.05465 0.05374 0.05310 0.05267 0.05277 0.05504 0.12680 0.27108 (11)  1.170 +-  1.598
 313 Q   0.16172 0.06092 0.05613 0.05443 0.05355 0.05294 0.05253 0.05266 0.05495 0.12660 0.27358 (11)  1.183 +-  1.617
 314 G   0.16255 0.06123 0.05639 0.05465 0.05374 0.05310 0.05267 0.05277 0.05504 0.12680 0.27108 (11)  1.170 +-  1.598
 315 S   0.16235 0.06115 0.05632 0.05460 0.05369 0.05306 0.05263 0.05274 0.05502 0.12676 0.27168 (11)  1.173 +-  1.602
 316 G   0.16255 0.06123 0.05639 0.05465 0.05374 0.05310 0.05267 0.05277 0.05504 0.12680 0.27108 (11)  1.170 +-  1.598
 317 P   0.16242 0.06118 0.05635 0.05461 0.05371 0.05308 0.05265 0.05275 0.05502 0.12677 0.27147 (11)  1.172 +-  1.601
 318 G   0.16255 0.06123 0.05639 0.05465 0.05374 0.05310 0.05267 0.05277 0.05504 0.12680 0.27108 (11)  1.170 +-  1.598
 319 Q   0.16172 0.06092 0.05613 0.05443 0.05355 0.05294 0.05253 0.05266 0.05495 0.12660 0.27358 (11)  1.183 +-  1.617
 320 F   0.16210 0.06106 0.05625 0.05453 0.05363 0.05301 0.05259 0.05271 0.05499 0.12669 0.27245 (11)  1.177 +-  1.608
 321 N   0.16256 0.06123 0.05639 0.05465 0.05374 0.05310 0.05267 0.05277 0.05504 0.12681 0.27106 (11)  1.170 +-  1.598
 322 K   0.16205 0.06104 0.05623 0.05452 0.05362 0.05300 0.05259 0.05270 0.05498 0.12668 0.27258 (11)  1.177 +-  1.609
 323 P   0.16197 0.06101 0.05621 0.05449 0.05360 0.05299 0.05257 0.05269 0.05497 0.12666 0.27282 (11)  1.179 +-  1.611
 324 R   0.16241 0.06117 0.05634 0.05461 0.05370 0.05307 0.05264 0.05275 0.05502 0.12677 0.27151 (11)  1.172 +-  1.601
 325 G   0.16255 0.06123 0.05639 0.05465 0.05374 0.05310 0.05267 0.05277 0.05504 0.12680 0.27108 (11)  1.170 +-  1.598
 326 L   0.16167 0.06090 0.05611 0.05441 0.05353 0.05293 0.05252 0.05265 0.05494 0.12658 0.27374 (11)  1.183 +-  1.618
 327 A   0.16258 0.06124 0.05640 0.05466 0.05374 0.05311 0.05267 0.05277 0.05504 0.12681 0.27098 (11)  1.169 +-  1.597
 328 F   0.16210 0.06106 0.05625 0.05453 0.05363 0.05301 0.05259 0.05271 0.05499 0.12669 0.27245 (11)  1.177 +-  1.608
 329 D   0.16217 0.06108 0.05627 0.05455 0.05365 0.05303 0.05260 0.05272 0.05499 0.12671 0.27224 (11)  1.176 +-  1.607
 330 P   0.16197 0.06101 0.05621 0.05449 0.05360 0.05299 0.05257 0.05269 0.05497 0.12666 0.27282 (11)  1.179 +-  1.611
 331 T   0.16200 0.06102 0.05621 0.05450 0.05361 0.05299 0.05258 0.05269 0.05498 0.12667 0.27275 (11)  1.178 +-  1.611
 332 S   0.16194 0.06100 0.05620 0.05448 0.05359 0.05298 0.05257 0.05269 0.05497 0.12665 0.27294 (11)  1.179 +-  1.612
 333 L   0.16205 0.06104 0.05623 0.05451 0.05362 0.05300 0.05258 0.05270 0.05498 0.12668 0.27260 (11)  1.178 +-  1.609
 334 K   0.16175 0.06093 0.05614 0.05443 0.05355 0.05294 0.05254 0.05266 0.05495 0.12660 0.27350 (11)  1.182 +-  1.616
 335 L   0.16158 0.06087 0.05609 0.05439 0.05351 0.05291 0.05251 0.05264 0.05493 0.12656 0.27402 (11)  1.185 +-  1.620
 336 Y   0.16241 0.06117 0.05634 0.05461 0.05370 0.05307 0.05264 0.05275 0.05502 0.12677 0.27150 (11)  1.172 +-  1.601
 337 V   0.16212 0.06107 0.05625 0.05453 0.05364 0.05302 0.05260 0.05271 0.05499 0.12670 0.27238 (11)  1.177 +-  1.608
 338 V   0.16212 0.06107 0.05625 0.05453 0.05364 0.05302 0.05260 0.05271 0.05499 0.12670 0.27238 (11)  1.177 +-  1.608
 339 D   0.16252 0.06121 0.05638 0.05464 0.05373 0.05309 0.05266 0.05276 0.05503 0.12680 0.27117 (11)  1.170 +-  1.599
 340 A   0.16240 0.06117 0.05634 0.05461 0.05370 0.05307 0.05264 0.05275 0.05502 0.12677 0.27154 (11)  1.172 +-  1.601
 341 R   0.16241 0.06117 0.05634 0.05461 0.05370 0.05307 0.05264 0.05275 0.05502 0.12677 0.27151 (11)  1.172 +-  1.601
 342 N   0.16219 0.06109 0.05627 0.05455 0.05365 0.05303 0.05261 0.05272 0.05500 0.12672 0.27216 (11)  1.175 +-  1.606
 343 Y   0.16209 0.06106 0.05624 0.05453 0.05363 0.05301 0.05259 0.05271 0.05499 0.12669 0.27247 (11)  1.177 +-  1.608
 344 R   0.16241 0.06117 0.05634 0.05461 0.05370 0.05307 0.05264 0.05275 0.05502 0.12677 0.27151 (11)  1.172 +-  1.601
 345 I   0.16259 0.06124 0.05640 0.05466 0.05375 0.05311 0.05267 0.05277 0.05504 0.12681 0.27096 (11)  1.169 +-  1.597
 346 Q   0.16172 0.06092 0.05613 0.05443 0.05355 0.05294 0.05253 0.05266 0.05495 0.12660 0.27358 (11)  1.183 +-  1.617
 347 V   0.16172 0.06092 0.05613 0.05443 0.05354 0.05294 0.05253 0.05266 0.05495 0.12660 0.27360 (11)  1.183 +-  1.617
 348 F   0.16210 0.06106 0.05625 0.05453 0.05363 0.05301 0.05259 0.05271 0.05499 0.12669 0.27245 (11)  1.177 +-  1.608
 349 S   0.16205 0.06104 0.05623 0.05451 0.05362 0.05300 0.05259 0.05270 0.05498 0.12668 0.27259 (11)  1.178 +-  1.609
 350 V   0.16212 0.06107 0.05625 0.05453 0.05364 0.05302 0.05260 0.05271 0.05499 0.12670 0.27238 (11)  1.177 +-  1.608
 351 D   0.16252 0.06121 0.05638 0.05464 0.05373 0.05309 0.05266 0.05276 0.05503 0.12680 0.27117 (11)  1.170 +-  1.599
 352 K   0.16205 0.06104 0.05623 0.05452 0.05362 0.05300 0.05259 0.05270 0.05498 0.12668 0.27258 (11)  1.177 +-  1.609
 353 V   0.16199 0.06102 0.05621 0.05450 0.05361 0.05299 0.05258 0.05269 0.05498 0.12667 0.27276 (11)  1.178 +-  1.611

Positively selected sites

	Prob(w>1)  mean w

   204 G      0.636         2.928 +- 2.750

