Supplemental results for CODEML (seqf: algn  treef: tree)


dN/dS (w) for site classes (K=2)

p:   0.99999  0.00001
w:   0.29984  1.00000

Naive Empirical Bayes (NEB) probabilities for 2 classes & postmean_w
(amino acids refer to 1st sequence: Mlig.26179)

   1 M   0.99999 0.00001 ( 1)  0.300
   2 S   0.99999 0.00001 ( 1)  0.300
   3 S   0.99999 0.00001 ( 1)  0.300
   4 T   0.99999 0.00001 ( 1)  0.300
   5 N   0.99999 0.00001 ( 1)  0.300
   6 S   0.99999 0.00001 ( 1)  0.300
   7 V   0.99999 0.00001 ( 1)  0.300
   8 S   0.99999 0.00001 ( 1)  0.300
   9 V   0.99999 0.00001 ( 1)  0.300
  10 V   0.99999 0.00001 ( 1)  0.300
  11 V   0.99999 0.00001 ( 1)  0.300
  12 S   0.99999 0.00001 ( 1)  0.300
  13 G   0.99999 0.00001 ( 1)  0.300
  14 K   0.99999 0.00001 ( 1)  0.300
  15 M   0.99997 0.00003 ( 1)  0.300
  16 K   0.99999 0.00001 ( 1)  0.300
  17 L   0.99999 0.00001 ( 1)  0.300
  18 L   0.99999 0.00001 ( 1)  0.300
  19 S   0.99999 0.00001 ( 1)  0.300
  20 N   0.99999 0.00001 ( 1)  0.300
  21 K   0.99999 0.00001 ( 1)  0.300
  22 K   0.99999 0.00001 ( 1)  0.300
  23 W   0.99999 0.00001 ( 1)  0.300
  24 K   0.99999 0.00001 ( 1)  0.300
  25 Q   0.99999 0.00001 ( 1)  0.300
  26 R   0.99999 0.00001 ( 1)  0.300
  27 F   0.99999 0.00001 ( 1)  0.300
  28 C   0.99999 0.00001 ( 1)  0.300
  29 V   0.99999 0.00001 ( 1)  0.300
  30 V   0.99999 0.00001 ( 1)  0.300
  31 A   0.99999 0.00001 ( 1)  0.300
  32 K   0.99999 0.00001 ( 1)  0.300
  33 T   0.99999 0.00001 ( 1)  0.300
  34 A   0.99997 0.00003 ( 1)  0.300
  35 F   0.99999 0.00001 ( 1)  0.300
  36 A   0.99999 0.00001 ( 1)  0.300
  37 G   0.99999 0.00001 ( 1)  0.300
  38 S   0.99999 0.00001 ( 1)  0.300
  39 V   0.99999 0.00001 ( 1)  0.300
  40 K   0.99999 0.00001 ( 1)  0.300
  41 L   0.99999 0.00001 ( 1)  0.300
  42 F   0.99999 0.00001 ( 1)  0.300
  43 V   0.99999 0.00001 ( 1)  0.300
  44 Y   0.99999 0.00001 ( 1)  0.300
  45 K   0.99999 0.00001 ( 1)  0.300
  46 E   0.99999 0.00001 ( 1)  0.300
  47 A   0.99999 0.00001 ( 1)  0.300
  48 S   0.99999 0.00001 ( 1)  0.300
  49 D   0.99999 0.00001 ( 1)  0.300
  50 Y   0.99999 0.00001 ( 1)  0.300
  51 K   0.99999 0.00001 ( 1)  0.300
  52 K   0.99999 0.00001 ( 1)  0.300
  53 S   0.99999 0.00001 ( 1)  0.300
  54 A   0.99999 0.00001 ( 1)  0.300
  55 D   0.99999 0.00001 ( 1)  0.300
  56 L   0.99999 0.00001 ( 1)  0.300
  57 S   0.99999 0.00001 ( 1)  0.300
  58 A   0.99999 0.00001 ( 1)  0.300
  59 Q   0.99999 0.00001 ( 1)  0.300
  60 A   0.99999 0.00001 ( 1)  0.300
  61 P   0.99999 0.00001 ( 1)  0.300
  62 Y   0.99999 0.00001 ( 1)  0.300
  63 D   0.99999 0.00001 ( 1)  0.300
  64 T   0.99999 0.00001 ( 1)  0.300
  65 V   0.99999 0.00001 ( 1)  0.300
  66 Y   0.99999 0.00001 ( 1)  0.300
  67 G   0.99999 0.00001 ( 1)  0.300
  68 L   0.99999 0.00001 ( 1)  0.300
  69 D   0.99999 0.00001 ( 1)  0.300
  70 S   0.99999 0.00001 ( 1)  0.300
  71 V   0.99999 0.00001 ( 1)  0.300
  72 S   0.99999 0.00001 ( 1)  0.300
  73 S   0.99999 0.00001 ( 1)  0.300
  74 S   0.99999 0.00001 ( 1)  0.300
  75 D   0.99999 0.00001 ( 1)  0.300
  76 K   0.99999 0.00001 ( 1)  0.300
  77 S   0.99999 0.00001 ( 1)  0.300
  78 P   0.99999 0.00001 ( 1)  0.300
  79 V   0.99999 0.00001 ( 1)  0.300
  80 M   0.99999 0.00001 ( 1)  0.300
  81 A   0.99999 0.00001 ( 1)  0.300
  82 A   0.99999 0.00001 ( 1)  0.300
  83 I   0.99999 0.00001 ( 1)  0.300
  84 V   0.99999 0.00001 ( 1)  0.300
  85 L   0.99999 0.00001 ( 1)  0.300
  86 T   0.99999 0.00001 ( 1)  0.300
  87 C   0.99999 0.00001 ( 1)  0.300
  88 E   0.99999 0.00001 ( 1)  0.300
  89 D   0.99999 0.00001 ( 1)  0.300
  90 R   0.99999 0.00001 ( 1)  0.300
  91 L   0.99999 0.00001 ( 1)  0.300
  92 V   0.99997 0.00003 ( 1)  0.300
  93 L   0.99999 0.00001 ( 1)  0.300
  94 L   0.99999 0.00001 ( 1)  0.300
  95 G   0.99999 0.00001 ( 1)  0.300
  96 F   0.99999 0.00001 ( 1)  0.300
  97 N   0.99999 0.00001 ( 1)  0.300
  98 S   0.99999 0.00001 ( 1)  0.300
  99 Y   0.99999 0.00001 ( 1)  0.300
 100 S   0.99999 0.00001 ( 1)  0.300
 101 D   0.99999 0.00001 ( 1)  0.300
 102 L   0.99999 0.00001 ( 1)  0.300
 103 T   0.99999 0.00001 ( 1)  0.300
 104 F   0.99999 0.00001 ( 1)  0.300
 105 W   0.99999 0.00001 ( 1)  0.300
 106 L   0.99999 0.00001 ( 1)  0.300
 107 E   0.99999 0.00001 ( 1)  0.300
 108 K   0.99999 0.00001 ( 1)  0.300
 109 I   0.99999 0.00001 ( 1)  0.300
 110 S   0.99999 0.00001 ( 1)  0.300
 111 N   0.99999 0.00001 ( 1)  0.300
 112 C   0.99999 0.00001 ( 1)  0.300
 113 V   0.99999 0.00001 ( 1)  0.300
 114 Q   0.99999 0.00001 ( 1)  0.300
 115 D   0.99999 0.00001 ( 1)  0.300
 116 A   0.99999 0.00001 ( 1)  0.300
 117 S   0.99999 0.00001 ( 1)  0.300
 118 Y   0.99999 0.00001 ( 1)  0.300
 119 R   0.99999 0.00001 ( 1)  0.300
 120 A   0.99999 0.00001 ( 1)  0.300
 121 R   0.99999 0.00001 ( 1)  0.300
 122 F   0.99999 0.00001 ( 1)  0.300
 123 I   0.99999 0.00001 ( 1)  0.300
 124 K   0.99999 0.00001 ( 1)  0.300
 125 C   0.99999 0.00001 ( 1)  0.300
 126 E   0.99999 0.00001 ( 1)  0.300
 127 S   0.99999 0.00001 ( 1)  0.300
 128 I   0.99999 0.00001 ( 1)  0.300
 129 G   0.99999 0.00001 ( 1)  0.300
 130 K   0.99999 0.00001 ( 1)  0.300
 131 P   0.99999 0.00001 ( 1)  0.300
 132 T   0.99999 0.00001 ( 1)  0.300
 133 Q   0.99999 0.00001 ( 1)  0.300
 134 Q   0.99999 0.00001 ( 1)  0.300
 135 Q   0.99999 0.00001 ( 1)  0.300
 136 L   0.99999 0.00001 ( 1)  0.300
 137 C   0.99999 0.00001 ( 1)  0.300
 138 P   0.99999 0.00001 ( 1)  0.300
 139 S   0.99999 0.00001 ( 1)  0.300
 140 G   0.99999 0.00001 ( 1)  0.300
 141 G   0.99999 0.00001 ( 1)  0.300
 142 G   0.99999 0.00001 ( 1)  0.300
 143 G   0.99997 0.00003 ( 1)  0.300
 144 G   0.99999 0.00001 ( 1)  0.300
 145 R   0.99999 0.00001 ( 1)  0.300
 146 L   0.99999 0.00001 ( 1)  0.300
 147 H   0.99999 0.00001 ( 1)  0.300
 148 V   0.99999 0.00001 ( 1)  0.300
 149 Q   0.99999 0.00001 ( 1)  0.300
 150 P   0.99999 0.00001 ( 1)  0.300
 151 S   0.99999 0.00001 ( 1)  0.300
 152 R   0.99999 0.00001 ( 1)  0.300
 153 L   0.99999 0.00001 ( 1)  0.300
 154 C   0.99999 0.00001 ( 1)  0.300
 155 F   0.99999 0.00001 ( 1)  0.300
 156 Y   0.99999 0.00001 ( 1)  0.300
 157 S   0.99999 0.00001 ( 1)  0.300
 158 E   0.99999 0.00001 ( 1)  0.300
 159 P   0.99999 0.00001 ( 1)  0.300
 160 A   0.99999 0.00001 ( 1)  0.300
 161 D   0.99999 0.00001 ( 1)  0.300
 162 S   0.99999 0.00001 ( 1)  0.300
 163 H   0.99999 0.00001 ( 1)  0.300
 164 G   0.99999 0.00001 ( 1)  0.300
 165 G   0.99999 0.00001 ( 1)  0.300
 166 L   0.99999 0.00001 ( 1)  0.300
 167 A   0.99999 0.00001 ( 1)  0.300
 168 V   0.99999 0.00001 ( 1)  0.300
 169 W   0.99999 0.00001 ( 1)  0.300
 170 P   0.99999 0.00001 ( 1)  0.300
 171 L   0.99999 0.00001 ( 1)  0.300
 172 Q   0.99999 0.00001 ( 1)  0.300
 173 F   0.99999 0.00001 ( 1)  0.300
 174 I   0.99997 0.00003 ( 1)  0.300
 175 K   0.99999 0.00001 ( 1)  0.300
 176 R   0.99999 0.00001 ( 1)  0.300
 177 Y   0.99999 0.00001 ( 1)  0.300
 178 M   0.99999 0.00001 ( 1)  0.300
 179 V   0.99999 0.00001 ( 1)  0.300
 180 N   0.99999 0.00001 ( 1)  0.300
 181 E   0.99999 0.00001 ( 1)  0.300
 182 A   0.99999 0.00001 ( 1)  0.300
 183 M   0.99999 0.00001 ( 1)  0.300
 184 R   0.99999 0.00001 ( 1)  0.300
 185 C   0.99999 0.00001 ( 1)  0.300
 186 F   0.99999 0.00001 ( 1)  0.300
 187 V   0.99999 0.00001 ( 1)  0.300
 188 F   0.99999 0.00001 ( 1)  0.300
 189 E   0.99999 0.00001 ( 1)  0.300
 190 G   0.99999 0.00001 ( 1)  0.300
 191 D   0.99999 0.00001 ( 1)  0.300
 192 V   0.99999 0.00001 ( 1)  0.300
 193 G   0.99999 0.00001 ( 1)  0.300
 194 C   0.99999 0.00001 ( 1)  0.300


lnL =  -849.762271

