Supplemental results for CODEML (seqf: algn  treef: tree)


dN/dS (w) for site classes (K=3)

p:   1.00000  0.00000  0.00000
w:   0.00000  1.00000  1.00000

Naive Empirical Bayes (NEB) probabilities for 3 classes & postmean_w
(amino acids refer to 1st sequence: Mlig.46695)

   1 M   1.00000 0.00000 0.00000 ( 1)  0.000
   2 A   1.00000 0.00000 0.00000 ( 1)  0.000
   3 Q   1.00000 0.00000 0.00000 ( 1)  0.000
   4 Q   1.00000 0.00000 0.00000 ( 1)  0.000
   5 K   1.00000 0.00000 0.00000 ( 1)  0.000
   6 H   1.00000 0.00000 0.00000 ( 1)  0.000
   7 A   1.00000 0.00000 0.00000 ( 1)  0.000
   8 F   1.00000 0.00000 0.00000 ( 1)  0.000
   9 S   1.00000 0.00000 0.00000 ( 1)  0.000
  10 G   1.00000 0.00000 0.00000 ( 1)  0.000
  11 S   1.00000 0.00000 0.00000 ( 1)  0.000
  12 T   1.00000 0.00000 0.00000 ( 1)  0.000
  13 V   1.00000 0.00000 0.00000 ( 1)  0.000
  14 Y   1.00000 0.00000 0.00000 ( 1)  0.000
  15 A   1.00000 0.00000 0.00000 ( 1)  0.000
  16 E   1.00000 0.00000 0.00000 ( 1)  0.000
  17 Q   1.00000 0.00000 0.00000 ( 1)  0.000
  18 F   1.00000 0.00000 0.00000 ( 1)  0.000
  19 N   1.00000 0.00000 0.00000 ( 1)  0.000
  20 E   1.00000 0.00000 0.00000 ( 1)  0.000
  21 S   1.00000 0.00000 0.00000 ( 1)  0.000
  22 T   1.00000 0.00000 0.00000 ( 1)  0.000
  23 L   1.00000 0.00000 0.00000 ( 1)  0.000
  24 V   1.00000 0.00000 0.00000 ( 1)  0.000
  25 D   1.00000 0.00000 0.00000 ( 1)  0.000
  26 N   1.00000 0.00000 0.00000 ( 1)  0.000
  27 L   1.00000 0.00000 0.00000 ( 1)  0.000
  28 L   1.00000 0.00000 0.00000 ( 1)  0.000
  29 V   1.00000 0.00000 0.00000 ( 1)  0.000
  30 L   1.00000 0.00000 0.00000 ( 1)  0.000
  31 F   1.00000 0.00000 0.00000 ( 1)  0.000
  32 N   1.00000 0.00000 0.00000 ( 1)  0.000
  33 D   1.00000 0.00000 0.00000 ( 1)  0.000
  34 V   1.00000 0.00000 0.00000 ( 1)  0.000
  35 V   1.00000 0.00000 0.00000 ( 1)  0.000
  36 S   1.00000 0.00000 0.00000 ( 1)  0.000
  37 T   1.00000 0.00000 0.00000 ( 1)  0.000
  38 T   1.00000 0.00000 0.00000 ( 1)  0.000
  39 A   1.00000 0.00000 0.00000 ( 1)  0.000
  40 A   1.00000 0.00000 0.00000 ( 1)  0.000
  41 A   1.00000 0.00000 0.00000 ( 1)  0.000
  42 A   1.00000 0.00000 0.00000 ( 1)  0.000
  43 A   1.00000 0.00000 0.00000 ( 1)  0.000
  44 R   1.00000 0.00000 0.00000 ( 1)  0.000
  45 G   1.00000 0.00000 0.00000 ( 1)  0.000
  46 G   1.00000 0.00000 0.00000 ( 1)  0.000
  47 G   1.00000 0.00000 0.00000 ( 1)  0.000
  48 S   1.00000 0.00000 0.00000 ( 1)  0.000
  49 S   1.00000 0.00000 0.00000 ( 1)  0.000
  50 S   1.00000 0.00000 0.00000 ( 1)  0.000
  51 S   1.00000 0.00000 0.00000 ( 1)  0.000
  52 Q   1.00000 0.00000 0.00000 ( 1)  0.000
  53 S   1.00000 0.00000 0.00000 ( 1)  0.000
  54 T   1.00000 0.00000 0.00000 ( 1)  0.000
  55 T   1.00000 0.00000 0.00000 ( 1)  0.000
  56 P   1.00000 0.00000 0.00000 ( 1)  0.000
  57 P   1.00000 0.00000 0.00000 ( 1)  0.000
  58 A   1.00000 0.00000 0.00000 ( 1)  0.000
  59 F   1.00000 0.00000 0.00000 ( 1)  0.000
  60 A   1.00000 0.00000 0.00000 ( 1)  0.000
  61 S   1.00000 0.00000 0.00000 ( 1)  0.000
  62 A   1.00000 0.00000 0.00000 ( 1)  0.000
  63 G   1.00000 0.00000 0.00000 ( 1)  0.000
  64 S   1.00000 0.00000 0.00000 ( 1)  0.000
  65 S   1.00000 0.00000 0.00000 ( 1)  0.000
  66 A   1.00000 0.00000 0.00000 ( 1)  0.000
  67 E   1.00000 0.00000 0.00000 ( 1)  0.000
  68 D   1.00000 0.00000 0.00000 ( 1)  0.000
  69 C   1.00000 0.00000 0.00000 ( 1)  0.000
  70 Q   1.00000 0.00000 0.00000 ( 1)  0.000
  71 L   1.00000 0.00000 0.00000 ( 1)  0.000
  72 H   1.00000 0.00000 0.00000 ( 1)  0.000
  73 Q   1.00000 0.00000 0.00000 ( 1)  0.000
  74 H   1.00000 0.00000 0.00000 ( 1)  0.000
  75 H   1.00000 0.00000 0.00000 ( 1)  0.000
  76 L   1.00000 0.00000 0.00000 ( 1)  0.000
  77 N   1.00000 0.00000 0.00000 ( 1)  0.000
  78 Q   1.00000 0.00000 0.00000 ( 1)  0.000
  79 Q   1.00000 0.00000 0.00000 ( 1)  0.000
  80 L   1.00000 0.00000 0.00000 ( 1)  0.000
  81 Q   1.00000 0.00000 0.00000 ( 1)  0.000
  82 Q   1.00000 0.00000 0.00000 ( 1)  0.000
  83 Q   1.00000 0.00000 0.00000 ( 1)  0.000
  84 Q   1.00000 0.00000 0.00000 ( 1)  0.000
  85 N   1.00000 0.00000 0.00000 ( 1)  0.000
  86 N   1.00000 0.00000 0.00000 ( 1)  0.000
  87 H   1.00000 0.00000 0.00000 ( 1)  0.000
  88 H   1.00000 0.00000 0.00000 ( 1)  0.000
  89 G   1.00000 0.00000 0.00000 ( 1)  0.000
  90 S   1.00000 0.00000 0.00000 ( 1)  0.000
  91 C   1.00000 0.00000 0.00000 ( 1)  0.000
  92 G   1.00000 0.00000 0.00000 ( 1)  0.000
  93 L   1.00000 0.00000 0.00000 ( 1)  0.000
  94 Q   1.00000 0.00000 0.00000 ( 1)  0.000
  95 Q   1.00000 0.00000 0.00000 ( 1)  0.000
  96 H   1.00000 0.00000 0.00000 ( 1)  0.000
  97 Q   1.00000 0.00000 0.00000 ( 1)  0.000
  98 S   1.00000 0.00000 0.00000 ( 1)  0.000
  99 Q   1.00000 0.00000 0.00000 ( 1)  0.000
 100 R   1.00000 0.00000 0.00000 ( 1)  0.000
 101 R   1.00000 0.00000 0.00000 ( 1)  0.000
 102 L   1.00000 0.00000 0.00000 ( 1)  0.000
 103 H   1.00000 0.00000 0.00000 ( 1)  0.000
 104 Y   1.00000 0.00000 0.00000 ( 1)  0.000
 105 E   1.00000 0.00000 0.00000 ( 1)  0.000
 106 Q   1.00000 0.00000 0.00000 ( 1)  0.000
 107 V   1.00000 0.00000 0.00000 ( 1)  0.000
 108 R   1.00000 0.00000 0.00000 ( 1)  0.000
 109 W   1.00000 0.00000 0.00000 ( 1)  0.000
 110 A   1.00000 0.00000 0.00000 ( 1)  0.000
 111 K   1.00000 0.00000 0.00000 ( 1)  0.000
 112 F   1.00000 0.00000 0.00000 ( 1)  0.000
 113 D   1.00000 0.00000 0.00000 ( 1)  0.000
 114 Q   1.00000 0.00000 0.00000 ( 1)  0.000
 115 L   1.00000 0.00000 0.00000 ( 1)  0.000
 116 S   1.00000 0.00000 0.00000 ( 1)  0.000
 117 A   1.00000 0.00000 0.00000 ( 1)  0.000
 118 S   1.00000 0.00000 0.00000 ( 1)  0.000
 119 D   1.00000 0.00000 0.00000 ( 1)  0.000
 120 L   1.00000 0.00000 0.00000 ( 1)  0.000
 121 V   1.00000 0.00000 0.00000 ( 1)  0.000
 122 A   1.00000 0.00000 0.00000 ( 1)  0.000
 123 E   1.00000 0.00000 0.00000 ( 1)  0.000
 124 S   1.00000 0.00000 0.00000 ( 1)  0.000
 125 A   1.00000 0.00000 0.00000 ( 1)  0.000
 126 A   1.00000 0.00000 0.00000 ( 1)  0.000
 127 Y   1.00000 0.00000 0.00000 ( 1)  0.000
 128 H   1.00000 0.00000 0.00000 ( 1)  0.000
 129 D   1.00000 0.00000 0.00000 ( 1)  0.000
 130 E   1.00000 0.00000 0.00000 ( 1)  0.000
 131 A   1.00000 0.00000 0.00000 ( 1)  0.000
 132 S   1.00000 0.00000 0.00000 ( 1)  0.000
 133 T   1.00000 0.00000 0.00000 ( 1)  0.000
 134 P   1.00000 0.00000 0.00000 ( 1)  0.000
 135 L   1.00000 0.00000 0.00000 ( 1)  0.000
 136 L   1.00000 0.00000 0.00000 ( 1)  0.000
 137 L   1.00000 0.00000 0.00000 ( 1)  0.000
 138 L   1.00000 0.00000 0.00000 ( 1)  0.000
 139 L   1.00000 0.00000 0.00000 ( 1)  0.000
 140 G   1.00000 0.00000 0.00000 ( 1)  0.000
 141 L   1.00000 0.00000 0.00000 ( 1)  0.000
 142 D   1.00000 0.00000 0.00000 ( 1)  0.000
 143 Q   1.00000 0.00000 0.00000 ( 1)  0.000
 144 G   1.00000 0.00000 0.00000 ( 1)  0.000
 145 L   1.00000 0.00000 0.00000 ( 1)  0.000
 146 Q   1.00000 0.00000 0.00000 ( 1)  0.000
 147 V   1.00000 0.00000 0.00000 ( 1)  0.000
 148 W   1.00000 0.00000 0.00000 ( 1)  0.000
 149 L   1.00000 0.00000 0.00000 ( 1)  0.000
 150 L   1.00000 0.00000 0.00000 ( 1)  0.000
 151 R   1.00000 0.00000 0.00000 ( 1)  0.000
 152 P   1.00000 0.00000 0.00000 ( 1)  0.000
 153 G   1.00000 0.00000 0.00000 ( 1)  0.000
 154 G   1.00000 0.00000 0.00000 ( 1)  0.000
 155 D   1.00000 0.00000 0.00000 ( 1)  0.000
 156 A   1.00000 0.00000 0.00000 ( 1)  0.000
 157 Q   1.00000 0.00000 0.00000 ( 1)  0.000
 158 L   1.00000 0.00000 0.00000 ( 1)  0.000
 159 A   1.00000 0.00000 0.00000 ( 1)  0.000
 160 M   1.00000 0.00000 0.00000 ( 1)  0.000
 161 R   1.00000 0.00000 0.00000 ( 1)  0.000
 162 L   1.00000 0.00000 0.00000 ( 1)  0.000
 163 G   1.00000 0.00000 0.00000 ( 1)  0.000
 164 H   1.00000 0.00000 0.00000 ( 1)  0.000
 165 C   1.00000 0.00000 0.00000 ( 1)  0.000
 166 P   1.00000 0.00000 0.00000 ( 1)  0.000
 167 A   1.00000 0.00000 0.00000 ( 1)  0.000
 168 R   1.00000 0.00000 0.00000 ( 1)  0.000
 169 V   1.00000 0.00000 0.00000 ( 1)  0.000
 170 A   1.00000 0.00000 0.00000 ( 1)  0.000
 171 C   1.00000 0.00000 0.00000 ( 1)  0.000
 172 L   1.00000 0.00000 0.00000 ( 1)  0.000
 173 L   1.00000 0.00000 0.00000 ( 1)  0.000
 174 P   1.00000 0.00000 0.00000 ( 1)  0.000
 175 S   1.00000 0.00000 0.00000 ( 1)  0.000
 176 P   1.00000 0.00000 0.00000 ( 1)  0.000
 177 R   1.00000 0.00000 0.00000 ( 1)  0.000
 178 G   1.00000 0.00000 0.00000 ( 1)  0.000
 179 S   1.00000 0.00000 0.00000 ( 1)  0.000
 180 Q   1.00000 0.00000 0.00000 ( 1)  0.000
 181 D   1.00000 0.00000 0.00000 ( 1)  0.000
 182 A   1.00000 0.00000 0.00000 ( 1)  0.000
 183 A   1.00000 0.00000 0.00000 ( 1)  0.000
 184 S   1.00000 0.00000 0.00000 ( 1)  0.000
 185 D   1.00000 0.00000 0.00000 ( 1)  0.000
 186 R   1.00000 0.00000 0.00000 ( 1)  0.000
 187 Y   1.00000 0.00000 0.00000 ( 1)  0.000
 188 R   1.00000 0.00000 0.00000 ( 1)  0.000
 189 A   1.00000 0.00000 0.00000 ( 1)  0.000
 190 Q   1.00000 0.00000 0.00000 ( 1)  0.000
 191 R   1.00000 0.00000 0.00000 ( 1)  0.000
 192 P   1.00000 0.00000 0.00000 ( 1)  0.000
 193 L   1.00000 0.00000 0.00000 ( 1)  0.000
 194 L   1.00000 0.00000 0.00000 ( 1)  0.000
 195 A   1.00000 0.00000 0.00000 ( 1)  0.000
 196 V   1.00000 0.00000 0.00000 ( 1)  0.000
 197 C   1.00000 0.00000 0.00000 ( 1)  0.000
 198 W   1.00000 0.00000 0.00000 ( 1)  0.000
 199 A   1.00000 0.00000 0.00000 ( 1)  0.000
 200 R   1.00000 0.00000 0.00000 ( 1)  0.000
 201 P   1.00000 0.00000 0.00000 ( 1)  0.000
 202 G   1.00000 0.00000 0.00000 ( 1)  0.000
 203 S   1.00000 0.00000 0.00000 ( 1)  0.000
 204 D   1.00000 0.00000 0.00000 ( 1)  0.000
 205 N   1.00000 0.00000 0.00000 ( 1)  0.000
 206 S   1.00000 0.00000 0.00000 ( 1)  0.000
 207 A   1.00000 0.00000 0.00000 ( 1)  0.000
 208 N   1.00000 0.00000 0.00000 ( 1)  0.000
 209 F   1.00000 0.00000 0.00000 ( 1)  0.000
 210 I   1.00000 0.00000 0.00000 ( 1)  0.000
 211 S   1.00000 0.00000 0.00000 ( 1)  0.000
 212 L   1.00000 0.00000 0.00000 ( 1)  0.000
 213 R   1.00000 0.00000 0.00000 ( 1)  0.000
 214 S   1.00000 0.00000 0.00000 ( 1)  0.000
 215 H   1.00000 0.00000 0.00000 ( 1)  0.000
 216 E   1.00000 0.00000 0.00000 ( 1)  0.000
 217 S   1.00000 0.00000 0.00000 ( 1)  0.000
 218 V   1.00000 0.00000 0.00000 ( 1)  0.000
 219 R   1.00000 0.00000 0.00000 ( 1)  0.000
 220 E   1.00000 0.00000 0.00000 ( 1)  0.000
 221 A   1.00000 0.00000 0.00000 ( 1)  0.000
 222 A   1.00000 0.00000 0.00000 ( 1)  0.000
 223 S   1.00000 0.00000 0.00000 ( 1)  0.000
 224 E   1.00000 0.00000 0.00000 ( 1)  0.000
 225 A   1.00000 0.00000 0.00000 ( 1)  0.000
 226 A   1.00000 0.00000 0.00000 ( 1)  0.000
 227 E   1.00000 0.00000 0.00000 ( 1)  0.000
 228 P   1.00000 0.00000 0.00000 ( 1)  0.000
 229 I   1.00000 0.00000 0.00000 ( 1)  0.000
 230 Q   1.00000 0.00000 0.00000 ( 1)  0.000
 231 Q   1.00000 0.00000 0.00000 ( 1)  0.000
 232 I   1.00000 0.00000 0.00000 ( 1)  0.000
 233 V   1.00000 0.00000 0.00000 ( 1)  0.000
 234 A   1.00000 0.00000 0.00000 ( 1)  0.000
 235 S   1.00000 0.00000 0.00000 ( 1)  0.000
 236 R   1.00000 0.00000 0.00000 ( 1)  0.000
 237 R   1.00000 0.00000 0.00000 ( 1)  0.000
 238 R   1.00000 0.00000 0.00000 ( 1)  0.000
 239 V   1.00000 0.00000 0.00000 ( 1)  0.000
 240 V   1.00000 0.00000 0.00000 ( 1)  0.000
 241 L   1.00000 0.00000 0.00000 ( 1)  0.000
 242 A   1.00000 0.00000 0.00000 ( 1)  0.000
 243 H   1.00000 0.00000 0.00000 ( 1)  0.000
 244 G   1.00000 0.00000 0.00000 ( 1)  0.000
 245 G   1.00000 0.00000 0.00000 ( 1)  0.000
 246 A   1.00000 0.00000 0.00000 ( 1)  0.000
 247 E   1.00000 0.00000 0.00000 ( 1)  0.000
 248 P   1.00000 0.00000 0.00000 ( 1)  0.000
 249 R   1.00000 0.00000 0.00000 ( 1)  0.000
 250 V   1.00000 0.00000 0.00000 ( 1)  0.000
 251 L   1.00000 0.00000 0.00000 ( 1)  0.000
 252 V   1.00000 0.00000 0.00000 ( 1)  0.000
 253 L   1.00000 0.00000 0.00000 ( 1)  0.000
 254 G   1.00000 0.00000 0.00000 ( 1)  0.000
 255 A   1.00000 0.00000 0.00000 ( 1)  0.000
 256 H   1.00000 0.00000 0.00000 ( 1)  0.000
 257 D   1.00000 0.00000 0.00000 ( 1)  0.000
 258 L   1.00000 0.00000 0.00000 ( 1)  0.000
 259 A   1.00000 0.00000 0.00000 ( 1)  0.000
 260 K   1.00000 0.00000 0.00000 ( 1)  0.000
 261 L   1.00000 0.00000 0.00000 ( 1)  0.000
 262 A   1.00000 0.00000 0.00000 ( 1)  0.000
 263 V   1.00000 0.00000 0.00000 ( 1)  0.000
 264 L   1.00000 0.00000 0.00000 ( 1)  0.000
 265 S   1.00000 0.00000 0.00000 ( 1)  0.000
 266 G   1.00000 0.00000 0.00000 ( 1)  0.000
 267 L   1.00000 0.00000 0.00000 ( 1)  0.000
 268 C   1.00000 0.00000 0.00000 ( 1)  0.000
 269 C   1.00000 0.00000 0.00000 ( 1)  0.000
 270 P   1.00000 0.00000 0.00000 ( 1)  0.000
 271 A   1.00000 0.00000 0.00000 ( 1)  0.000
 272 G   1.00000 0.00000 0.00000 ( 1)  0.000
 273 S   1.00000 0.00000 0.00000 ( 1)  0.000
 274 L   1.00000 0.00000 0.00000 ( 1)  0.000
 275 P   1.00000 0.00000 0.00000 ( 1)  0.000
 276 L   1.00000 0.00000 0.00000 ( 1)  0.000
 277 A   1.00000 0.00000 0.00000 ( 1)  0.000
 278 L   1.00000 0.00000 0.00000 ( 1)  0.000
 279 S   1.00000 0.00000 0.00000 ( 1)  0.000
 280 D   1.00000 0.00000 0.00000 ( 1)  0.000
 281 R   1.00000 0.00000 0.00000 ( 1)  0.000
 282 W   1.00000 0.00000 0.00000 ( 1)  0.000

Positively selected sites

	Prob(w>1)  mean w



lnL = -1151.214047

Bayes Empirical Bayes (BEB) probabilities for 3 classes (class) & postmean_w
(amino acids refer to 1st sequence: Mlig.46695)

   1 M   0.92608 0.04382 0.03010 ( 1)  0.172 +-  0.510
   2 A   0.91830 0.04635 0.03534 ( 1)  0.193 +-  0.590
   3 Q   0.92716 0.04339 0.02946 ( 1)  0.170 +-  0.503
   4 Q   0.92048 0.04568 0.03384 ( 1)  0.187 +-  0.566
   5 K   0.92585 0.04389 0.03026 ( 1)  0.173 +-  0.513
   6 H   0.92344 0.04471 0.03185 ( 1)  0.179 +-  0.537
   7 A   0.91830 0.04635 0.03534 ( 1)  0.193 +-  0.590
   8 F   0.92571 0.04395 0.03035 ( 1)  0.173 +-  0.514
   9 S   0.92070 0.04561 0.03369 ( 1)  0.186 +-  0.564
  10 G   0.92664 0.04357 0.02979 ( 1)  0.171 +-  0.508
  11 S   0.92515 0.04414 0.03070 ( 1)  0.175 +-  0.519
  12 T   0.92060 0.04565 0.03376 ( 1)  0.187 +-  0.565
  13 V   0.92685 0.04349 0.02966 ( 1)  0.171 +-  0.507
  14 Y   0.92062 0.04564 0.03374 ( 1)  0.187 +-  0.565
  15 A   0.92658 0.04357 0.02985 ( 1)  0.172 +-  0.510
  16 E   0.92081 0.04558 0.03361 ( 1)  0.186 +-  0.563
  17 Q   0.92716 0.04339 0.02946 ( 1)  0.170 +-  0.503
  18 F   0.92104 0.04551 0.03345 ( 1)  0.185 +-  0.560
  19 N   0.92629 0.04374 0.02997 ( 1)  0.172 +-  0.509
  20 E   0.92821 0.04300 0.02880 ( 1)  0.168 +-  0.494
  21 S   0.92515 0.04414 0.03070 ( 1)  0.175 +-  0.519
  22 T   0.92561 0.04397 0.03041 ( 1)  0.174 +-  0.515
  23 L   0.91785 0.04649 0.03566 ( 1)  0.194 +-  0.595
  24 V   0.92131 0.04541 0.03329 ( 1)  0.185 +-  0.559
  25 D   0.92840 0.04293 0.02867 ( 1)  0.167 +-  0.493
  26 N   0.92629 0.04374 0.02997 ( 1)  0.172 +-  0.509
  27 L   0.92536 0.04402 0.03062 ( 1)  0.175 +-  0.520
  28 L   0.92536 0.04402 0.03062 ( 1)  0.175 +-  0.520
  29 V   0.92131 0.04541 0.03329 ( 1)  0.185 +-  0.559
  30 L   0.92536 0.04402 0.03062 ( 1)  0.175 +-  0.520
  31 F   0.92104 0.04551 0.03345 ( 1)  0.185 +-  0.560
  32 N   0.92629 0.04374 0.02997 ( 1)  0.172 +-  0.509
  33 D   0.92840 0.04293 0.02867 ( 1)  0.167 +-  0.493
  34 V   0.92131 0.04541 0.03329 ( 1)  0.185 +-  0.559
  35 V   0.92675 0.04353 0.02972 ( 1)  0.171 +-  0.507
  36 S   0.91759 0.04657 0.03584 ( 1)  0.195 +-  0.597
  37 T   0.92060 0.04565 0.03376 ( 1)  0.187 +-  0.565
  38 T   0.92571 0.04394 0.03035 ( 1)  0.173 +-  0.514
  39 A   0.92668 0.04353 0.02978 ( 1)  0.171 +-  0.509
  40 A   0.92658 0.04357 0.02985 ( 1)  0.172 +-  0.510
  41 A   0.92658 0.04357 0.02985 ( 1)  0.172 +-  0.510
  42 A   0.92658 0.04357 0.02985 ( 1)  0.172 +-  0.510
  43 A   0.92122 0.04543 0.03335 ( 1)  0.185 +-  0.560
  44 R   0.92677 0.04352 0.02970 ( 1)  0.171 +-  0.507
  45 G   0.92123 0.04543 0.03333 ( 1)  0.185 +-  0.559
  46 G   0.92664 0.04357 0.02979 ( 1)  0.171 +-  0.508
  47 G   0.92664 0.04357 0.02979 ( 1)  0.171 +-  0.508
  48 S   0.92579 0.04391 0.03030 ( 1)  0.173 +-  0.514
  49 S   0.92579 0.04391 0.03030 ( 1)  0.173 +-  0.514
  50 S   0.92515 0.04414 0.03070 ( 1)  0.175 +-  0.519
  51 S   0.92520 0.04411 0.03069 ( 1)  0.175 +-  0.520
  52 Q   0.92048 0.04568 0.03384 ( 1)  0.187 +-  0.566
  53 S   0.92520 0.04411 0.03069 ( 1)  0.175 +-  0.520
  54 T   0.91792 0.04647 0.03560 ( 1)  0.194 +-  0.593
  55 T   0.92571 0.04394 0.03035 ( 1)  0.173 +-  0.514
  56 P   0.92681 0.04348 0.02970 ( 1)  0.171 +-  0.508
  57 P   0.92681 0.04348 0.02970 ( 1)  0.171 +-  0.508
  58 A   0.92404 0.04446 0.03149 ( 1)  0.178 +-  0.534
  59 F   0.92571 0.04395 0.03035 ( 1)  0.173 +-  0.514
  60 A   0.92658 0.04357 0.02985 ( 1)  0.172 +-  0.510
  61 S   0.92262 0.04491 0.03247 ( 1)  0.182 +-  0.549
  62 A   0.92658 0.04357 0.02985 ( 1)  0.172 +-  0.510
  63 G   0.92664 0.04357 0.02979 ( 1)  0.171 +-  0.508
  64 S   0.92515 0.04414 0.03070 ( 1)  0.175 +-  0.519
  65 S   0.91759 0.04657 0.03584 ( 1)  0.195 +-  0.597
  66 A   0.92658 0.04357 0.02985 ( 1)  0.172 +-  0.510
  67 E   0.92821 0.04300 0.02880 ( 1)  0.168 +-  0.494
  68 D   0.92509 0.04392 0.03099 ( 1)  0.177 +-  0.534
  69 C   0.92527 0.04410 0.03063 ( 1)  0.174 +-  0.518
  70 Q   0.92716 0.04339 0.02946 ( 1)  0.170 +-  0.503
  71 L   0.92536 0.04402 0.03062 ( 1)  0.175 +-  0.520
  72 H   0.92855 0.04287 0.02858 ( 1)  0.167 +-  0.491
  73 Q   0.92716 0.04339 0.02946 ( 1)  0.170 +-  0.503
  74 H   0.92855 0.04287 0.02858 ( 1)  0.167 +-  0.491
  75 H   0.92344 0.04471 0.03185 ( 1)  0.179 +-  0.537
  76 L   0.92688 0.04348 0.02964 ( 1)  0.171 +-  0.506
  77 N   0.92629 0.04374 0.02997 ( 1)  0.172 +-  0.509
  78 Q   0.92716 0.04339 0.02946 ( 1)  0.170 +-  0.503
  79 Q   0.92716 0.04339 0.02946 ( 1)  0.170 +-  0.503
  80 L   0.92536 0.04402 0.03062 ( 1)  0.175 +-  0.520
  81 Q   0.92716 0.04339 0.02946 ( 1)  0.170 +-  0.503
  82 Q   0.92716 0.04339 0.02946 ( 1)  0.170 +-  0.503
  83 Q   0.92716 0.04339 0.02946 ( 1)  0.170 +-  0.503
  84 Q   0.92716 0.04339 0.02946 ( 1)  0.170 +-  0.503
  85 N   0.92629 0.04374 0.02997 ( 1)  0.172 +-  0.509
  86 N   0.92141 0.04539 0.03320 ( 1)  0.184 +-  0.557
  87 H   0.92344 0.04471 0.03185 ( 1)  0.179 +-  0.537
  88 H   0.92519 0.04388 0.03093 ( 1)  0.177 +-  0.534
  89 G   0.92664 0.04357 0.02979 ( 1)  0.171 +-  0.508
  90 S   0.92068 0.04562 0.03370 ( 1)  0.186 +-  0.564
  91 C   0.92527 0.04410 0.03063 ( 1)  0.174 +-  0.518
  92 G   0.91813 0.04641 0.03546 ( 1)  0.193 +-  0.592
  93 L   0.92093 0.04554 0.03353 ( 1)  0.186 +-  0.562
  94 Q   0.92716 0.04339 0.02946 ( 1)  0.170 +-  0.503
  95 Q   0.92716 0.04339 0.02946 ( 1)  0.170 +-  0.503
  96 H   0.92855 0.04287 0.02858 ( 1)  0.167 +-  0.491
  97 Q   0.92716 0.04339 0.02946 ( 1)  0.170 +-  0.503
  98 S   0.92515 0.04414 0.03070 ( 1)  0.175 +-  0.519
  99 Q   0.92716 0.04339 0.02946 ( 1)  0.170 +-  0.503
 100 R   0.92401 0.04453 0.03146 ( 1)  0.178 +-  0.531
 101 R   0.92637 0.04366 0.02997 ( 1)  0.172 +-  0.511
 102 L   0.92536 0.04402 0.03062 ( 1)  0.175 +-  0.520
 103 H   0.92855 0.04287 0.02858 ( 1)  0.167 +-  0.491
 104 Y   0.92062 0.04564 0.03374 ( 1)  0.187 +-  0.565
 105 E   0.92821 0.04300 0.02880 ( 1)  0.168 +-  0.494
 106 Q   0.92716 0.04339 0.02946 ( 1)  0.170 +-  0.503
 107 V   0.92685 0.04349 0.02966 ( 1)  0.171 +-  0.507
 108 R   0.91767 0.04655 0.03578 ( 1)  0.195 +-  0.596
 109 W   0.92357 0.04468 0.03176 ( 1)  0.179 +-  0.535
 110 A   0.92658 0.04357 0.02985 ( 1)  0.172 +-  0.510
 111 K   0.92585 0.04389 0.03026 ( 1)  0.173 +-  0.513
 112 F   0.92571 0.04395 0.03035 ( 1)  0.173 +-  0.514
 113 D   0.92335 0.04474 0.03191 ( 1)  0.179 +-  0.538
 114 Q   0.92716 0.04339 0.02946 ( 1)  0.170 +-  0.503
 115 L   0.92536 0.04402 0.03062 ( 1)  0.175 +-  0.520
 116 S   0.92515 0.04414 0.03070 ( 1)  0.175 +-  0.519
 117 A   0.92658 0.04357 0.02985 ( 1)  0.172 +-  0.510
 118 S   0.92515 0.04414 0.03070 ( 1)  0.175 +-  0.519
 119 D   0.92335 0.04474 0.03191 ( 1)  0.179 +-  0.538
 120 L   0.92536 0.04402 0.03062 ( 1)  0.175 +-  0.520
 121 V   0.92675 0.04353 0.02972 ( 1)  0.171 +-  0.507
 122 A   0.92122 0.04543 0.03335 ( 1)  0.185 +-  0.560
 123 E   0.92081 0.04558 0.03361 ( 1)  0.186 +-  0.563
 124 S   0.92520 0.04411 0.03069 ( 1)  0.175 +-  0.520
 125 A   0.92122 0.04543 0.03335 ( 1)  0.185 +-  0.560
 126 A   0.92122 0.04543 0.03335 ( 1)  0.185 +-  0.560
 127 Y   0.92062 0.04564 0.03374 ( 1)  0.187 +-  0.565
 128 H   0.92855 0.04287 0.02858 ( 1)  0.167 +-  0.491
 129 D   0.92335 0.04474 0.03191 ( 1)  0.179 +-  0.538
 130 E   0.92821 0.04300 0.02880 ( 1)  0.168 +-  0.494
 131 A   0.91830 0.04635 0.03534 ( 1)  0.193 +-  0.590
 132 S   0.92520 0.04411 0.03069 ( 1)  0.175 +-  0.520
 133 T   0.91792 0.04647 0.03560 ( 1)  0.194 +-  0.593
 134 P   0.92672 0.04352 0.02976 ( 1)  0.171 +-  0.509
 135 L   0.92536 0.04402 0.03062 ( 1)  0.175 +-  0.520
 136 L   0.92536 0.04402 0.03062 ( 1)  0.175 +-  0.520
 137 L   0.92536 0.04402 0.03062 ( 1)  0.175 +-  0.520
 138 L   0.92536 0.04402 0.03062 ( 1)  0.175 +-  0.520
 139 L   0.92536 0.04402 0.03062 ( 1)  0.175 +-  0.520
 140 G   0.92664 0.04357 0.02979 ( 1)  0.171 +-  0.508
 141 L   0.92138 0.04538 0.03324 ( 1)  0.185 +-  0.558
 142 D   0.92335 0.04474 0.03191 ( 1)  0.179 +-  0.538
 143 Q   0.92716 0.04339 0.02946 ( 1)  0.170 +-  0.503
 144 G   0.92400 0.04449 0.03150 ( 1)  0.178 +-  0.533
 145 L   0.92536 0.04402 0.03062 ( 1)  0.175 +-  0.520
 146 Q   0.92048 0.04568 0.03384 ( 1)  0.187 +-  0.566
 147 V   0.92675 0.04353 0.02972 ( 1)  0.171 +-  0.507
 148 W   0.92357 0.04468 0.03176 ( 1)  0.179 +-  0.535
 149 L   0.92536 0.04402 0.03062 ( 1)  0.175 +-  0.520
 150 L   0.92688 0.04348 0.02964 ( 1)  0.171 +-  0.506
 151 R   0.92401 0.04453 0.03146 ( 1)  0.178 +-  0.531
 152 P   0.92130 0.04540 0.03329 ( 1)  0.185 +-  0.559
 153 G   0.92664 0.04357 0.02979 ( 1)  0.171 +-  0.508
 154 G   0.92674 0.04353 0.02972 ( 1)  0.171 +-  0.507
 155 D   0.92335 0.04474 0.03191 ( 1)  0.179 +-  0.538
 156 A   0.92122 0.04543 0.03335 ( 1)  0.185 +-  0.560
 157 Q   0.92716 0.04339 0.02946 ( 1)  0.170 +-  0.503
 158 L   0.92536 0.04402 0.03062 ( 1)  0.175 +-  0.520
 159 A   0.92658 0.04357 0.02985 ( 1)  0.172 +-  0.510
 160 M   0.92608 0.04382 0.03010 ( 1)  0.172 +-  0.510
 161 R   0.92637 0.04366 0.02997 ( 1)  0.172 +-  0.511
 162 L   0.92688 0.04348 0.02964 ( 1)  0.171 +-  0.506
 163 G   0.92633 0.04355 0.03012 ( 1)  0.174 +-  0.524
 164 H   0.92344 0.04471 0.03185 ( 1)  0.179 +-  0.537
 165 C   0.92069 0.04562 0.03369 ( 1)  0.186 +-  0.564
 166 P   0.92681 0.04348 0.02970 ( 1)  0.171 +-  0.508
 167 A   0.92658 0.04357 0.02985 ( 1)  0.172 +-  0.510
 168 R   0.91767 0.04655 0.03578 ( 1)  0.195 +-  0.596
 169 V   0.92675 0.04353 0.02972 ( 1)  0.171 +-  0.507
 170 A   0.92658 0.04357 0.02985 ( 1)  0.172 +-  0.510
 171 C   0.92069 0.04562 0.03369 ( 1)  0.186 +-  0.564
 172 L   0.92536 0.04402 0.03062 ( 1)  0.175 +-  0.520
 173 L   0.92536 0.04402 0.03062 ( 1)  0.175 +-  0.520
 174 P   0.92681 0.04348 0.02970 ( 1)  0.171 +-  0.508
 175 S   0.92068 0.04562 0.03370 ( 1)  0.186 +-  0.564
 176 P   0.92681 0.04348 0.02970 ( 1)  0.171 +-  0.508
 177 R   0.92677 0.04352 0.02970 ( 1)  0.171 +-  0.507
 178 G   0.92664 0.04357 0.02979 ( 1)  0.171 +-  0.508
 179 S   0.92070 0.04561 0.03369 ( 1)  0.186 +-  0.564
 180 Q   0.92048 0.04568 0.03384 ( 1)  0.187 +-  0.566
 181 D   0.92509 0.04392 0.03099 ( 1)  0.177 +-  0.534
 182 A   0.92658 0.04357 0.02985 ( 1)  0.172 +-  0.510
 183 A   0.92658 0.04357 0.02985 ( 1)  0.172 +-  0.510
 184 S   0.92520 0.04411 0.03069 ( 1)  0.175 +-  0.520
 185 D   0.92335 0.04474 0.03191 ( 1)  0.179 +-  0.538
 186 R   0.92677 0.04352 0.02970 ( 1)  0.171 +-  0.507
 187 Y   0.92566 0.04395 0.03038 ( 1)  0.174 +-  0.515
 188 R   0.92637 0.04366 0.02997 ( 1)  0.172 +-  0.511
 189 A   0.92658 0.04357 0.02985 ( 1)  0.172 +-  0.510
 190 Q   0.92716 0.04339 0.02946 ( 1)  0.170 +-  0.503
 191 R   0.92637 0.04366 0.02997 ( 1)  0.172 +-  0.511
 192 P   0.92274 0.04490 0.03236 ( 1)  0.181 +-  0.547
 193 L   0.92688 0.04348 0.02964 ( 1)  0.171 +-  0.506
 194 L   0.92536 0.04402 0.03062 ( 1)  0.175 +-  0.520
 195 A   0.92658 0.04357 0.02985 ( 1)  0.172 +-  0.510
 196 V   0.92675 0.04353 0.02972 ( 1)  0.171 +-  0.507
 197 C   0.92527 0.04410 0.03063 ( 1)  0.174 +-  0.518
 198 W   0.92357 0.04468 0.03176 ( 1)  0.179 +-  0.535
 199 A   0.92658 0.04357 0.02985 ( 1)  0.172 +-  0.510
 200 R   0.92637 0.04366 0.02997 ( 1)  0.172 +-  0.511
 201 P   0.92681 0.04348 0.02970 ( 1)  0.171 +-  0.508
 202 G   0.92664 0.04357 0.02979 ( 1)  0.171 +-  0.508
 203 S   0.92520 0.04411 0.03069 ( 1)  0.175 +-  0.520
 204 D   0.92840 0.04293 0.02867 ( 1)  0.167 +-  0.493
 205 N   0.92141 0.04539 0.03320 ( 1)  0.184 +-  0.557
 206 S   0.92520 0.04411 0.03069 ( 1)  0.175 +-  0.520
 207 A   0.92658 0.04357 0.02985 ( 1)  0.172 +-  0.510
 208 N   0.92141 0.04539 0.03320 ( 1)  0.184 +-  0.557
 209 F   0.92571 0.04395 0.03035 ( 1)  0.173 +-  0.514
 210 I   0.91950 0.04599 0.03451 ( 1)  0.190 +-  0.576
 211 S   0.91759 0.04657 0.03584 ( 1)  0.195 +-  0.597
 212 L   0.92093 0.04554 0.03353 ( 1)  0.186 +-  0.562
 213 R   0.92677 0.04352 0.02970 ( 1)  0.171 +-  0.507
 214 S   0.92515 0.04414 0.03070 ( 1)  0.175 +-  0.519
 215 H   0.92855 0.04287 0.02858 ( 1)  0.167 +-  0.491
 216 E   0.92081 0.04558 0.03361 ( 1)  0.186 +-  0.563
 217 S   0.92579 0.04391 0.03030 ( 1)  0.173 +-  0.514
 218 V   0.92675 0.04353 0.02972 ( 1)  0.171 +-  0.507
 219 R   0.92677 0.04352 0.02970 ( 1)  0.171 +-  0.507
 220 E   0.92821 0.04300 0.02880 ( 1)  0.168 +-  0.494
 221 A   0.92668 0.04353 0.02978 ( 1)  0.171 +-  0.509
 222 A   0.92658 0.04357 0.02985 ( 1)  0.172 +-  0.510
 223 S   0.92515 0.04414 0.03070 ( 1)  0.175 +-  0.519
 224 E   0.92081 0.04558 0.03361 ( 1)  0.186 +-  0.563
 225 A   0.92658 0.04357 0.02985 ( 1)  0.172 +-  0.510
 226 A   0.92658 0.04357 0.02985 ( 1)  0.172 +-  0.510
 227 E   0.92081 0.04558 0.03361 ( 1)  0.186 +-  0.563
 228 P   0.91835 0.04634 0.03531 ( 1)  0.193 +-  0.589
 229 I   0.92070 0.04562 0.03368 ( 1)  0.186 +-  0.564
 230 Q   0.92048 0.04568 0.03384 ( 1)  0.187 +-  0.566
 231 Q   0.92716 0.04339 0.02946 ( 1)  0.170 +-  0.503
 232 I   0.92070 0.04562 0.03368 ( 1)  0.186 +-  0.564
 233 V   0.92685 0.04349 0.02966 ( 1)  0.171 +-  0.507
 234 A   0.92400 0.04449 0.03151 ( 1)  0.178 +-  0.533
 235 S   0.92515 0.04414 0.03070 ( 1)  0.175 +-  0.519
 236 R   0.92401 0.04453 0.03146 ( 1)  0.178 +-  0.531
 237 R   0.92637 0.04366 0.02997 ( 1)  0.172 +-  0.511
 238 R   0.91767 0.04655 0.03578 ( 1)  0.195 +-  0.596
 239 V   0.92131 0.04541 0.03329 ( 1)  0.185 +-  0.559
 240 V   0.92685 0.04349 0.02966 ( 1)  0.171 +-  0.507
 241 L   0.92536 0.04402 0.03062 ( 1)  0.175 +-  0.520
 242 A   0.92668 0.04353 0.02978 ( 1)  0.171 +-  0.509
 243 H   0.92855 0.04287 0.02858 ( 1)  0.167 +-  0.491
 244 G   0.92664 0.04357 0.02979 ( 1)  0.171 +-  0.508
 245 G   0.92664 0.04357 0.02979 ( 1)  0.171 +-  0.508
 246 A   0.92668 0.04353 0.02978 ( 1)  0.171 +-  0.509
 247 E   0.92821 0.04300 0.02880 ( 1)  0.168 +-  0.494
 248 P   0.92130 0.04540 0.03329 ( 1)  0.185 +-  0.559
 249 R   0.91767 0.04655 0.03578 ( 1)  0.195 +-  0.596
 250 V   0.92675 0.04353 0.02972 ( 1)  0.171 +-  0.507
 251 L   0.92536 0.04402 0.03062 ( 1)  0.175 +-  0.520
 252 V   0.92685 0.04349 0.02966 ( 1)  0.171 +-  0.507
 253 L   0.92688 0.04348 0.02964 ( 1)  0.171 +-  0.506
 254 G   0.92664 0.04357 0.02979 ( 1)  0.171 +-  0.508
 255 A   0.92122 0.04543 0.03335 ( 1)  0.185 +-  0.560
 256 H   0.92855 0.04287 0.02858 ( 1)  0.167 +-  0.491
 257 D   0.92335 0.04474 0.03191 ( 1)  0.179 +-  0.538
 258 L   0.92536 0.04402 0.03062 ( 1)  0.175 +-  0.520
 259 A   0.92658 0.04357 0.02985 ( 1)  0.172 +-  0.510
 260 K   0.91877 0.04622 0.03501 ( 1)  0.192 +-  0.584
 261 L   0.92093 0.04554 0.03353 ( 1)  0.186 +-  0.562
 262 A   0.92658 0.04357 0.02985 ( 1)  0.172 +-  0.510
 263 V   0.92685 0.04349 0.02966 ( 1)  0.171 +-  0.507
 264 L   0.92536 0.04402 0.03062 ( 1)  0.175 +-  0.520
 265 S   0.92579 0.04391 0.03030 ( 1)  0.173 +-  0.514
 266 G   0.92664 0.04357 0.02979 ( 1)  0.171 +-  0.508
 267 L   0.92536 0.04402 0.03062 ( 1)  0.175 +-  0.520
 268 C   0.92527 0.04410 0.03063 ( 1)  0.174 +-  0.518
 269 C   0.92069 0.04562 0.03369 ( 1)  0.186 +-  0.564
 270 P   0.92681 0.04348 0.02970 ( 1)  0.171 +-  0.508
 271 A   0.92122 0.04543 0.03335 ( 1)  0.185 +-  0.560
 272 G   0.92664 0.04357 0.02979 ( 1)  0.171 +-  0.508
 273 S   0.92520 0.04411 0.03069 ( 1)  0.175 +-  0.520
 274 L   0.92138 0.04538 0.03324 ( 1)  0.185 +-  0.558
 275 P   0.92681 0.04348 0.02970 ( 1)  0.171 +-  0.508
 276 L   0.92536 0.04402 0.03062 ( 1)  0.175 +-  0.520
 277 A   0.92122 0.04543 0.03335 ( 1)  0.185 +-  0.560
 278 L   0.92536 0.04402 0.03062 ( 1)  0.175 +-  0.520
 279 S   0.92579 0.04391 0.03030 ( 1)  0.173 +-  0.514
 280 D   0.92840 0.04293 0.02867 ( 1)  0.167 +-  0.493
 281 R   0.92131 0.04541 0.03328 ( 1)  0.185 +-  0.559
 282 W   0.92357 0.04468 0.03176 ( 1)  0.179 +-  0.535

Positively selected sites

	Prob(w>1)  mean w


