Supplemental results for CODEML (seqf: algn  treef: tree)


dN/dS (w) for site classes (K=2)

p:   0.99999  0.00001
w:   0.20121  1.00000

Naive Empirical Bayes (NEB) probabilities for 2 classes & postmean_w
(amino acids refer to 1st sequence: Smed.14182)

   1 M   0.99999 0.00001 ( 1)  0.201
   2 S   0.99999 0.00001 ( 1)  0.201
   3 T   0.99999 0.00001 ( 1)  0.201
   4 E   0.99999 0.00001 ( 1)  0.201
   5 Y   0.99999 0.00001 ( 1)  0.201
   6 L   0.99999 0.00001 ( 1)  0.201
   7 V   0.99999 0.00001 ( 1)  0.201
   8 N   0.99999 0.00001 ( 1)  0.201
   9 E   0.99999 0.00001 ( 1)  0.201
  10 D   0.99999 0.00001 ( 1)  0.201
  11 Q   0.99999 0.00001 ( 1)  0.201
  12 N   0.99999 0.00001 ( 1)  0.201
  13 K   0.99999 0.00001 ( 1)  0.201
  14 N   0.99999 0.00001 ( 1)  0.201
  15 S   0.99999 0.00001 ( 1)  0.201
  16 Q   0.99999 0.00001 ( 1)  0.201
  17 K   0.99999 0.00001 ( 1)  0.201
  18 C   0.99999 0.00001 ( 1)  0.201
  19 Y   0.99999 0.00001 ( 1)  0.201
  20 E   0.99999 0.00001 ( 1)  0.201
  21 S   0.99999 0.00001 ( 1)  0.201
  22 T   0.99999 0.00001 ( 1)  0.201
  23 P   0.99999 0.00001 ( 1)  0.201
  24 V   0.99999 0.00001 ( 1)  0.201
  25 E   0.99999 0.00001 ( 1)  0.201
  26 Y   0.99999 0.00001 ( 1)  0.201
  27 K   0.99999 0.00001 ( 1)  0.201
  28 T   0.99995 0.00005 ( 1)  0.201
  29 Y   0.99999 0.00001 ( 1)  0.201
  30 K   0.99999 0.00001 ( 1)  0.201
  31 T   0.99999 0.00001 ( 1)  0.201
  32 N   0.99999 0.00001 ( 1)  0.201
  33 F   0.99999 0.00001 ( 1)  0.201
  34 R   0.99999 0.00001 ( 1)  0.201
  35 R   0.99999 0.00001 ( 1)  0.201
  36 F   0.99999 0.00001 ( 1)  0.201
  37 F   0.99999 0.00001 ( 1)  0.201
  38 G   0.99999 0.00001 ( 1)  0.201
  39 V   0.99999 0.00001 ( 1)  0.201
  40 E   0.99999 0.00001 ( 1)  0.201
  41 P   0.99999 0.00001 ( 1)  0.201
  42 L   0.99999 0.00001 ( 1)  0.201
  43 L   0.99999 0.00001 ( 1)  0.201
  44 L   0.99999 0.00001 ( 1)  0.201
  45 F   0.99999 0.00001 ( 1)  0.201
  46 Y   0.99999 0.00001 ( 1)  0.201
  47 G   0.99999 0.00001 ( 1)  0.201
  48 F   0.99999 0.00001 ( 1)  0.201
  49 A   0.99999 0.00001 ( 1)  0.201
  50 S   0.99999 0.00001 ( 1)  0.201
  51 L   0.99999 0.00001 ( 1)  0.201
  52 M   0.99999 0.00001 ( 1)  0.201
  53 Q   0.99999 0.00001 ( 1)  0.201
  54 T   0.99999 0.00001 ( 1)  0.201
  55 T   0.99999 0.00001 ( 1)  0.201
  56 V   0.99999 0.00001 ( 1)  0.201
  57 M   0.99999 0.00001 ( 1)  0.201
  58 Q   0.99999 0.00001 ( 1)  0.201
  59 Q   0.99999 0.00001 ( 1)  0.201
  60 F   0.99999 0.00001 ( 1)  0.201
  61 I   0.99999 0.00001 ( 1)  0.201
  62 Y   0.99999 0.00001 ( 1)  0.201
  63 Y   0.99999 0.00001 ( 1)  0.201
  64 R   0.99999 0.00001 ( 1)  0.201
  65 V   0.99999 0.00001 ( 1)  0.201
  66 G   0.99999 0.00001 ( 1)  0.201
  67 I   0.99999 0.00001 ( 1)  0.201
  68 I   0.99999 0.00001 ( 1)  0.201
  69 Y   0.99999 0.00001 ( 1)  0.201
  70 N   0.99999 0.00001 ( 1)  0.201
  71 I   0.99999 0.00001 ( 1)  0.201
  72 T   0.99999 0.00001 ( 1)  0.201
  73 A   0.99999 0.00001 ( 1)  0.201
  74 P   0.99999 0.00001 ( 1)  0.201
  75 N   0.99999 0.00001 ( 1)  0.201
  76 Q   0.99999 0.00001 ( 1)  0.201
  77 T   0.99999 0.00001 ( 1)  0.201
  78 L   0.99999 0.00001 ( 1)  0.201
  79 A   0.99999 0.00001 ( 1)  0.201
  80 F   0.99999 0.00001 ( 1)  0.201
  81 V   0.99999 0.00001 ( 1)  0.201
  82 C   0.99999 0.00001 ( 1)  0.201
  83 N   0.99999 0.00001 ( 1)  0.201
  84 R   0.99999 0.00001 ( 1)  0.201
  85 T   0.99999 0.00001 ( 1)  0.201
  86 S   0.99999 0.00001 ( 1)  0.201
  87 G   0.99999 0.00001 ( 1)  0.201
  88 S   0.99999 0.00001 ( 1)  0.201
  89 S   0.99999 0.00001 ( 1)  0.201
  90 D   0.99999 0.00001 ( 1)  0.201
  91 K   0.99999 0.00001 ( 1)  0.201
  92 D   0.99999 0.00001 ( 1)  0.201
  93 K   0.99999 0.00001 ( 1)  0.201
  94 T   0.99999 0.00001 ( 1)  0.201
  95 D   0.99999 0.00001 ( 1)  0.201
  96 K   0.99999 0.00001 ( 1)  0.201
  97 L   0.99999 0.00001 ( 1)  0.201
  98 Q   0.99999 0.00001 ( 1)  0.201
  99 E   0.99999 0.00001 ( 1)  0.201
 100 I   0.99999 0.00001 ( 1)  0.201
 101 N   0.99999 0.00001 ( 1)  0.201
 102 S   0.99999 0.00001 ( 1)  0.201
 103 H   0.99999 0.00001 ( 1)  0.201
 104 F   0.99999 0.00001 ( 1)  0.201
 105 L   0.99999 0.00001 ( 1)  0.201
 106 M   0.99999 0.00001 ( 1)  0.201
 107 L   0.99999 0.00001 ( 1)  0.201
 108 I   0.99999 0.00001 ( 1)  0.201
 109 S   0.99999 0.00001 ( 1)  0.201
 110 L   0.99999 0.00001 ( 1)  0.201
 111 G   0.99999 0.00001 ( 1)  0.201
 112 S   0.99999 0.00001 ( 1)  0.201
 113 S   0.99999 0.00001 ( 1)  0.201
 114 I   0.99999 0.00001 ( 1)  0.201
 115 A   0.99999 0.00001 ( 1)  0.201
 116 S   0.99999 0.00001 ( 1)  0.201
 117 I   0.99999 0.00001 ( 1)  0.201
 118 L   0.99999 0.00001 ( 1)  0.201
 119 T   0.99999 0.00001 ( 1)  0.201
 120 A   0.99999 0.00001 ( 1)  0.201
 121 P   0.99999 0.00001 ( 1)  0.201
 122 F   0.99999 0.00001 ( 1)  0.201
 123 Y   0.99999 0.00001 ( 1)  0.201
 124 S   0.99999 0.00001 ( 1)  0.201
 125 V   0.99999 0.00001 ( 1)  0.201
 126 F   0.99999 0.00001 ( 1)  0.201
 127 S   0.99999 0.00001 ( 1)  0.201
 128 D   0.99999 0.00001 ( 1)  0.201
 129 R   0.99999 0.00001 ( 1)  0.201
 130 Y   0.99999 0.00001 ( 1)  0.201
 131 G   0.99999 0.00001 ( 1)  0.201
 132 R   0.99999 0.00001 ( 1)  0.201
 133 R   0.99999 0.00001 ( 1)  0.201
 134 L   0.99999 0.00001 ( 1)  0.201
 135 M   0.99999 0.00001 ( 1)  0.201
 136 F   0.99999 0.00001 ( 1)  0.201
 137 L   0.99999 0.00001 ( 1)  0.201
 138 I   0.99999 0.00001 ( 1)  0.201
 139 P   0.99999 0.00001 ( 1)  0.201
 140 G   0.99999 0.00001 ( 1)  0.201
 141 S   0.99995 0.00005 ( 1)  0.201
 142 G   0.99999 0.00001 ( 1)  0.201
 143 I   0.99999 0.00001 ( 1)  0.201
 144 F   0.99999 0.00001 ( 1)  0.201
 145 V   0.99999 0.00001 ( 1)  0.201
 146 K   0.99999 0.00001 ( 1)  0.201
 147 S   0.99999 0.00001 ( 1)  0.201
 148 V   0.99999 0.00001 ( 1)  0.201
 149 L   0.99999 0.00001 ( 1)  0.201
 150 E   0.99999 0.00001 ( 1)  0.201
 151 L   0.99999 0.00001 ( 1)  0.201
 152 L   0.99999 0.00001 ( 1)  0.201
 153 A   0.99999 0.00001 ( 1)  0.201
 154 I   0.99999 0.00001 ( 1)  0.201
 155 Y   0.99999 0.00001 ( 1)  0.201
 156 Y   0.99999 0.00001 ( 1)  0.201
 157 L   0.99999 0.00001 ( 1)  0.201
 158 W   0.99999 0.00001 ( 1)  0.201
 159 P   0.99999 0.00001 ( 1)  0.201
 160 I   0.99999 0.00001 ( 1)  0.201
 161 T   0.99999 0.00001 ( 1)  0.201
 162 T   0.99999 0.00001 ( 1)  0.201
 163 F   0.99999 0.00001 ( 1)  0.201
 164 I   0.99999 0.00001 ( 1)  0.201
 165 Y   0.99999 0.00001 ( 1)  0.201
 166 M   0.99999 0.00001 ( 1)  0.201
 167 E   0.99999 0.00001 ( 1)  0.201
 168 T   0.99999 0.00001 ( 1)  0.201
 169 F   0.99999 0.00001 ( 1)  0.201
 170 Y   0.99999 0.00001 ( 1)  0.201
 171 G   0.99999 0.00001 ( 1)  0.201
 172 L   0.99999 0.00001 ( 1)  0.201
 173 T   0.99999 0.00001 ( 1)  0.201
 174 G   0.99999 0.00001 ( 1)  0.201
 175 A   0.99999 0.00001 ( 1)  0.201
 176 Y   0.99999 0.00001 ( 1)  0.201
 177 N   0.99999 0.00001 ( 1)  0.201
 178 F   0.99999 0.00001 ( 1)  0.201
 179 V   0.99999 0.00001 ( 1)  0.201
 180 I   0.99999 0.00001 ( 1)  0.201
 181 S   0.99999 0.00001 ( 1)  0.201
 182 L   0.99999 0.00001 ( 1)  0.201
 183 G   0.99999 0.00001 ( 1)  0.201
 184 F   0.99999 0.00001 ( 1)  0.201
 185 S   0.99999 0.00001 ( 1)  0.201
 186 Y   0.99999 0.00001 ( 1)  0.201
 187 V   0.99999 0.00001 ( 1)  0.201
 188 A   0.99999 0.00001 ( 1)  0.201
 189 D   0.99999 0.00001 ( 1)  0.201
 190 R   0.99999 0.00001 ( 1)  0.201
 191 S   0.99999 0.00001 ( 1)  0.201
 192 G   0.99999 0.00001 ( 1)  0.201
 193 H   0.99999 0.00001 ( 1)  0.201
 194 G   0.99999 0.00001 ( 1)  0.201
 195 T   0.99999 0.00001 ( 1)  0.201
 196 R   0.99999 0.00001 ( 1)  0.201
 197 T   0.99999 0.00001 ( 1)  0.201
 198 C   0.99999 0.00001 ( 1)  0.201
 199 R   0.99999 0.00001 ( 1)  0.201
 200 I   0.99999 0.00001 ( 1)  0.201
 201 A   0.99999 0.00001 ( 1)  0.201
 202 F   0.99999 0.00001 ( 1)  0.201
 203 V   0.99999 0.00001 ( 1)  0.201
 204 G   0.99999 0.00001 ( 1)  0.201
 205 I   0.99999 0.00001 ( 1)  0.201
 206 M   0.99999 0.00001 ( 1)  0.201
 207 I   0.99999 0.00001 ( 1)  0.201
 208 A   0.99999 0.00001 ( 1)  0.201
 209 I   0.99999 0.00001 ( 1)  0.201
 210 G   0.99999 0.00001 ( 1)  0.201
 211 A   0.99999 0.00001 ( 1)  0.201
 212 F   0.99999 0.00001 ( 1)  0.201
 213 V   0.99999 0.00001 ( 1)  0.201
 214 A   0.99999 0.00001 ( 1)  0.201
 215 S   0.99999 0.00001 ( 1)  0.201
 216 L   0.99999 0.00001 ( 1)  0.201
 217 S   0.99999 0.00001 ( 1)  0.201
 218 S   0.99999 0.00001 ( 1)  0.201
 219 G   0.99999 0.00001 ( 1)  0.201
 220 Y   0.99999 0.00001 ( 1)  0.201
 221 M   0.99999 0.00001 ( 1)  0.201
 222 I   0.99999 0.00001 ( 1)  0.201
 223 T   0.99999 0.00001 ( 1)  0.201
 224 T   0.99999 0.00001 ( 1)  0.201
 225 Y   0.99999 0.00001 ( 1)  0.201
 226 R   0.99999 0.00001 ( 1)  0.201
 227 Y   0.99999 0.00001 ( 1)  0.201
 228 F   0.99999 0.00001 ( 1)  0.201
 229 V   0.99999 0.00001 ( 1)  0.201
 230 P   0.99999 0.00001 ( 1)  0.201
 231 F   0.99999 0.00001 ( 1)  0.201
 232 L   0.99999 0.00001 ( 1)  0.201
 233 A   0.99999 0.00001 ( 1)  0.201
 234 S   0.99999 0.00001 ( 1)  0.201
 235 T   0.99999 0.00001 ( 1)  0.201
 236 V   0.99999 0.00001 ( 1)  0.201
 237 A   0.99999 0.00001 ( 1)  0.201
 238 A   0.99999 0.00001 ( 1)  0.201
 239 F   0.99999 0.00001 ( 1)  0.201
 240 L   0.99999 0.00001 ( 1)  0.201
 241 C   0.99999 0.00001 ( 1)  0.201
 242 L   0.99999 0.00001 ( 1)  0.201
 243 I   0.99999 0.00001 ( 1)  0.201
 244 Y   0.99999 0.00001 ( 1)  0.201
 245 P   0.99999 0.00001 ( 1)  0.201
 246 L   0.99999 0.00001 ( 1)  0.201
 247 F   0.99999 0.00001 ( 1)  0.201
 248 L   0.99999 0.00001 ( 1)  0.201
 249 M   0.99999 0.00001 ( 1)  0.201
 250 M   0.99999 0.00001 ( 1)  0.201
 251 D   0.99999 0.00001 ( 1)  0.201
 252 S   0.99999 0.00001 ( 1)  0.201
 253 K   0.99999 0.00001 ( 1)  0.201
 254 P   0.99999 0.00001 ( 1)  0.201
 255 I   0.99999 0.00001 ( 1)  0.201
 256 S   0.99999 0.00001 ( 1)  0.201
 257 D   0.99999 0.00001 ( 1)  0.201
 258 L   0.99999 0.00001 ( 1)  0.201
 259 S   0.99999 0.00001 ( 1)  0.201


lnL = -1052.715577

