Supplemental results for CODEML (seqf: algn  treef: tree)


dN/dS (w) for site classes (K=9)

p:   0.12500  0.12500  0.12500  0.12500  0.12500  0.12500  0.12500  0.12500  0.00001
w:   0.11886  0.14237  0.15808  0.17184  0.18547  0.20041  0.21912  0.25113  1.00000

Naive Empirical Bayes (NEB) probabilities for 9 classes & postmean_w
(amino acids refer to 1st sequence: Mlig.13221)

   1 M   0.12568 0.12542 0.12525 0.12510 0.12495 0.12478 0.12458 0.12423 0.00001 ( 1)  0.181
   2 D   0.12560 0.12537 0.12522 0.12509 0.12495 0.12481 0.12463 0.12432 0.00001 ( 1)  0.181
   3 S   0.12553 0.12533 0.12520 0.12508 0.12496 0.12483 0.12467 0.12440 0.00001 ( 1)  0.181
   4 S   0.12560 0.12537 0.12522 0.12509 0.12495 0.12481 0.12463 0.12433 0.00001 ( 1)  0.181
   5 A   0.12559 0.12536 0.12522 0.12508 0.12495 0.12481 0.12464 0.12433 0.00001 ( 1)  0.181
   6 A   0.12525 0.12515 0.12509 0.12504 0.12498 0.12492 0.12484 0.12472 0.00001 ( 1)  0.181
   7 A   0.12525 0.12515 0.12509 0.12504 0.12498 0.12492 0.12484 0.12472 0.00001 ( 1)  0.181
   8 A   0.12567 0.12542 0.12524 0.12510 0.12495 0.12479 0.12459 0.12424 0.00001 ( 1)  0.181
   9 N   0.12518 0.12511 0.12507 0.12503 0.12499 0.12494 0.12488 0.12479 0.00001 ( 1)  0.181
  10 R   0.12546 0.12528 0.12517 0.12507 0.12496 0.12485 0.12472 0.12448 0.00001 ( 1)  0.181
  11 R   0.12542 0.12526 0.12515 0.12506 0.12497 0.12487 0.12474 0.12452 0.00001 ( 1)  0.181
  12 K   0.12563 0.12539 0.12523 0.12509 0.12495 0.12480 0.12461 0.12428 0.00001 ( 1)  0.181
  13 A   0.12559 0.12536 0.12522 0.12508 0.12495 0.12481 0.12464 0.12433 0.00001 ( 1)  0.181
  14 Q   0.12539 0.12524 0.12514 0.12506 0.12497 0.12488 0.12476 0.12456 0.00001 ( 1)  0.181
  15 A   0.12567 0.12542 0.12524 0.12510 0.12495 0.12479 0.12459 0.12424 0.00001 ( 1)  0.181
  16 P   0.12542 0.12526 0.12515 0.12506 0.12497 0.12487 0.12474 0.12453 0.00001 ( 1)  0.181
  17 K   0.12563 0.12539 0.12523 0.12509 0.12495 0.12480 0.12461 0.12428 0.00001 ( 1)  0.181
  18 R   0.12546 0.12528 0.12517 0.12507 0.12496 0.12485 0.12472 0.12448 0.00001 ( 1)  0.181
  19 L   0.12551 0.12532 0.12519 0.12507 0.12496 0.12484 0.12468 0.12442 0.00001 ( 1)  0.181
  20 M   0.12568 0.12542 0.12525 0.12510 0.12495 0.12478 0.12458 0.12423 0.00001 ( 1)  0.181
  21 P   0.12542 0.12526 0.12515 0.12506 0.12497 0.12487 0.12474 0.12453 0.00001 ( 1)  0.181
  22 Q   0.12516 0.12510 0.12506 0.12502 0.12499 0.12495 0.12490 0.12481 0.00001 ( 1)  0.181
  23 S   0.12560 0.12537 0.12522 0.12509 0.12495 0.12481 0.12463 0.12433 0.00001 ( 1)  0.181
  24 W   0.12534 0.12521 0.12513 0.12505 0.12497 0.12489 0.12479 0.12461 0.00001 ( 1)  0.181
  25 A   0.12559 0.12536 0.12522 0.12508 0.12495 0.12481 0.12464 0.12433 0.00001 ( 1)  0.181
  26 G   0.12556 0.12535 0.12520 0.12508 0.12496 0.12482 0.12465 0.12437 0.00001 ( 1)  0.181
  27 Q   0.12539 0.12524 0.12514 0.12506 0.12497 0.12488 0.12476 0.12456 0.00001 ( 1)  0.181
  28 Q   0.12539 0.12524 0.12514 0.12506 0.12497 0.12488 0.12476 0.12456 0.00001 ( 1)  0.181
  29 Q   0.12539 0.12524 0.12514 0.12506 0.12497 0.12488 0.12476 0.12456 0.00001 ( 1)  0.181
  30 P   0.12548 0.12529 0.12517 0.12507 0.12496 0.12485 0.12471 0.12446 0.00001 ( 1)  0.181
  31 Q   0.12539 0.12524 0.12514 0.12506 0.12497 0.12488 0.12476 0.12456 0.00001 ( 1)  0.181
  32 Q   0.12539 0.12524 0.12514 0.12506 0.12497 0.12488 0.12476 0.12456 0.00001 ( 1)  0.181
  33 R   0.12513 0.12508 0.12505 0.12502 0.12499 0.12496 0.12492 0.12485 0.00001 ( 1)  0.181
  34 R   0.12542 0.12526 0.12515 0.12506 0.12497 0.12487 0.12474 0.12452 0.00001 ( 1)  0.181
  35 Q   0.12516 0.12510 0.12506 0.12502 0.12499 0.12495 0.12490 0.12481 0.00001 ( 1)  0.181
  36 I   0.12536 0.12522 0.12513 0.12505 0.12497 0.12489 0.12478 0.12459 0.00001 ( 1)  0.181
  37 R   0.12524 0.12515 0.12509 0.12503 0.12498 0.12492 0.12485 0.12473 0.00001 ( 1)  0.181
  38 S   0.12557 0.12535 0.12521 0.12508 0.12496 0.12482 0.12465 0.12435 0.00001 ( 1)  0.181
  39 G   0.12556 0.12535 0.12520 0.12508 0.12496 0.12482 0.12465 0.12437 0.00001 ( 1)  0.181
  40 S   0.12557 0.12535 0.12521 0.12508 0.12496 0.12482 0.12465 0.12435 0.00001 ( 1)  0.181
  41 I   0.12556 0.12534 0.12520 0.12508 0.12496 0.12482 0.12466 0.12437 0.00001 ( 1)  0.181
  42 S   0.12557 0.12535 0.12521 0.12508 0.12496 0.12482 0.12465 0.12435 0.00001 ( 1)  0.181
  43 E   0.12527 0.12517 0.12510 0.12504 0.12498 0.12491 0.12483 0.12470 0.00001 ( 1)  0.181
  44 E   0.12566 0.12541 0.12524 0.12509 0.12495 0.12479 0.12459 0.12425 0.00001 ( 1)  0.181
  45 E   0.12527 0.12517 0.12510 0.12504 0.12498 0.12491 0.12483 0.12470 0.00001 ( 1)  0.181
  46 G   0.12556 0.12535 0.12520 0.12508 0.12496 0.12482 0.12465 0.12437 0.00001 ( 1)  0.181
  47 S   0.12557 0.12535 0.12521 0.12508 0.12496 0.12482 0.12465 0.12435 0.00001 ( 1)  0.181
  48 S   0.12518 0.12511 0.12507 0.12503 0.12499 0.12494 0.12489 0.12479 0.00001 ( 1)  0.181
  49 S   0.12560 0.12537 0.12522 0.12509 0.12495 0.12481 0.12463 0.12433 0.00001 ( 1)  0.181
  50 T   0.12528 0.12517 0.12510 0.12504 0.12498 0.12491 0.12483 0.12468 0.00001 ( 1)  0.181
  51 P   0.12548 0.12529 0.12517 0.12507 0.12496 0.12485 0.12471 0.12446 0.00001 ( 1)  0.181
  52 T   0.12528 0.12517 0.12510 0.12504 0.12498 0.12491 0.12483 0.12468 0.00001 ( 1)  0.181
  53 E   0.12546 0.12529 0.12517 0.12507 0.12496 0.12485 0.12471 0.12447 0.00001 ( 1)  0.181
  54 A   0.12559 0.12536 0.12522 0.12508 0.12495 0.12481 0.12464 0.12433 0.00001 ( 1)  0.181
  55 A   0.12525 0.12515 0.12509 0.12504 0.12498 0.12492 0.12484 0.12472 0.00001 ( 1)  0.181
  56 D   0.12520 0.12512 0.12507 0.12503 0.12498 0.12494 0.12487 0.12477 0.00001 ( 1)  0.181
  57 E   0.08245 0.09863 0.10941 0.11884 0.12817 0.13838 0.15114 0.17291 0.00005 ( 8)  0.190
  58 M   0.12568 0.12542 0.12525 0.12510 0.12495 0.12478 0.12458 0.12423 0.00001 ( 1)  0.181
  59 Q   0.12539 0.12524 0.12514 0.12506 0.12497 0.12488 0.12476 0.12456 0.00001 ( 1)  0.181
  60 R   0.12513 0.12508 0.12505 0.12502 0.12499 0.12496 0.12492 0.12485 0.00001 ( 1)  0.181
  61 Q   0.12516 0.12510 0.12506 0.12502 0.12499 0.12495 0.12490 0.12481 0.00001 ( 1)  0.181
  62 S   0.12560 0.12537 0.12522 0.12509 0.12495 0.12481 0.12463 0.12433 0.00001 ( 1)  0.181
  63 N   0.12518 0.12511 0.12507 0.12503 0.12499 0.12494 0.12488 0.12479 0.00001 ( 1)  0.181
  64 S   0.12557 0.12535 0.12521 0.12508 0.12496 0.12482 0.12465 0.12435 0.00001 ( 1)  0.181
  65 D   0.12520 0.12512 0.12507 0.12503 0.12498 0.12494 0.12487 0.12477 0.00001 ( 1)  0.181
  66 R   0.12524 0.12515 0.12509 0.12503 0.12498 0.12492 0.12485 0.12473 0.00001 ( 1)  0.181
  67 Q   0.12516 0.12510 0.12506 0.12502 0.12499 0.12495 0.12490 0.12481 0.00001 ( 1)  0.181
  68 S   0.12557 0.12535 0.12521 0.12508 0.12496 0.12482 0.12465 0.12435 0.00001 ( 1)  0.181
  69 S   0.12538 0.12523 0.12514 0.12505 0.12497 0.12488 0.12477 0.12457 0.00001 ( 1)  0.181
  70 R   0.12542 0.12526 0.12515 0.12506 0.12497 0.12487 0.12474 0.12452 0.00001 ( 1)  0.181
  71 M   0.12568 0.12542 0.12525 0.12510 0.12495 0.12478 0.12458 0.12423 0.00001 ( 1)  0.181
  72 S   0.12557 0.12535 0.12521 0.12508 0.12496 0.12482 0.12465 0.12435 0.00001 ( 1)  0.181
  73 L   0.12551 0.12532 0.12519 0.12507 0.12496 0.12484 0.12468 0.12442 0.00001 ( 1)  0.181
  74 K   0.12563 0.12539 0.12523 0.12509 0.12495 0.12480 0.12461 0.12428 0.00001 ( 1)  0.181
  75 D   0.12560 0.12537 0.12522 0.12509 0.12495 0.12481 0.12463 0.12432 0.00001 ( 1)  0.181
  76 Y   0.12511 0.12507 0.12504 0.12502 0.12499 0.12496 0.12493 0.12487 0.00001 ( 1)  0.181
  77 F   0.12511 0.12507 0.12504 0.12501 0.12499 0.12496 0.12493 0.12488 0.00001 ( 1)  0.181
  78 A   0.12525 0.12515 0.12509 0.12504 0.12498 0.12492 0.12484 0.12472 0.00001 ( 1)  0.181
  79 G   0.12556 0.12535 0.12520 0.12508 0.12496 0.12482 0.12465 0.12437 0.00001 ( 1)  0.181
  80 V   0.12518 0.12511 0.12507 0.12503 0.12499 0.12494 0.12489 0.12479 0.00001 ( 1)  0.181
  81 Q   0.12539 0.12524 0.12514 0.12506 0.12497 0.12488 0.12476 0.12456 0.00001 ( 1)  0.181
  82 A   0.12559 0.12536 0.12522 0.12508 0.12495 0.12481 0.12464 0.12433 0.00001 ( 1)  0.181
  83 I   0.12556 0.12534 0.12520 0.12508 0.12496 0.12482 0.12466 0.12437 0.00001 ( 1)  0.181
  84 A   0.12517 0.12510 0.12506 0.12502 0.12499 0.12495 0.12489 0.12481 0.00001 ( 1)  0.181
  85 Q   0.12539 0.12524 0.12514 0.12506 0.12497 0.12488 0.12476 0.12456 0.00001 ( 1)  0.181
  86 Q   0.12539 0.12524 0.12514 0.12506 0.12497 0.12488 0.12476 0.12456 0.00001 ( 1)  0.181
  87 A   0.12559 0.12536 0.12522 0.12508 0.12495 0.12481 0.12464 0.12433 0.00001 ( 1)  0.181
  88 T   0.12519 0.12512 0.12507 0.12503 0.12498 0.12494 0.12488 0.12478 0.00001 ( 1)  0.181
  89 A   0.12567 0.12542 0.12524 0.12510 0.12495 0.12479 0.12459 0.12424 0.00001 ( 1)  0.181
  90 A   0.12517 0.12510 0.12506 0.12502 0.12499 0.12495 0.12489 0.12481 0.00001 ( 1)  0.181
  91 A   0.12559 0.12536 0.12522 0.12508 0.12495 0.12481 0.12464 0.12433 0.00001 ( 1)  0.181
  92 T   0.12528 0.12517 0.12510 0.12504 0.12498 0.12491 0.12483 0.12468 0.00001 ( 1)  0.181
  93 A   0.12567 0.12542 0.12524 0.12510 0.12495 0.12479 0.12459 0.12424 0.00001 ( 1)  0.181
  94 A   0.12567 0.12542 0.12524 0.12510 0.12495 0.12479 0.12459 0.12424 0.00001 ( 1)  0.181
  95 A   0.12567 0.12542 0.12524 0.12510 0.12495 0.12479 0.12459 0.12424 0.00001 ( 1)  0.181
  96 A   0.12559 0.12536 0.12522 0.12508 0.12495 0.12481 0.12464 0.12433 0.00001 ( 1)  0.181
  97 A   0.12517 0.12510 0.12506 0.12502 0.12499 0.12495 0.12489 0.12481 0.00001 ( 1)  0.181
  98 P   0.12548 0.12529 0.12517 0.12507 0.12496 0.12485 0.12471 0.12446 0.00001 ( 1)  0.181
  99 L   0.12551 0.12532 0.12519 0.12507 0.12496 0.12484 0.12468 0.12442 0.00001 ( 1)  0.181
 100 D   0.12560 0.12537 0.12522 0.12509 0.12495 0.12481 0.12463 0.12432 0.00001 ( 1)  0.181
 101 L   0.12551 0.12531 0.12519 0.12507 0.12496 0.12484 0.12469 0.12442 0.00001 ( 1)  0.181
 102 T   0.12575 0.12547 0.12527 0.12511 0.12494 0.12476 0.12454 0.12415 0.00001 ( 1)  0.181
 103 K   0.12563 0.12539 0.12523 0.12509 0.12495 0.12480 0.12461 0.12428 0.00001 ( 1)  0.181
 104 T   0.12528 0.12517 0.12510 0.12504 0.12498 0.12491 0.12483 0.12468 0.00001 ( 1)  0.181
 105 S   0.12522 0.12513 0.12508 0.12503 0.12498 0.12493 0.12486 0.12475 0.00001 ( 1)  0.181
 106 T   0.12528 0.12517 0.12510 0.12504 0.12498 0.12491 0.12483 0.12468 0.00001 ( 1)  0.181
 107 I   0.12556 0.12534 0.12520 0.12508 0.12496 0.12482 0.12466 0.12437 0.00001 ( 1)  0.181
 108 S   0.12557 0.12535 0.12521 0.12508 0.12496 0.12482 0.12465 0.12435 0.00001 ( 1)  0.181
 109 A   0.12567 0.12542 0.12524 0.12510 0.12495 0.12479 0.12459 0.12424 0.00001 ( 1)  0.181
 110 N   0.12558 0.12536 0.12521 0.12508 0.12496 0.12482 0.12464 0.12435 0.00001 ( 1)  0.181
 111 G   0.12516 0.12510 0.12506 0.12502 0.12499 0.12495 0.12490 0.12482 0.00001 ( 1)  0.181
 112 G   0.12556 0.12535 0.12520 0.12508 0.12496 0.12482 0.12465 0.12437 0.00001 ( 1)  0.181
 113 S   0.12518 0.12511 0.12507 0.12503 0.12499 0.12494 0.12489 0.12479 0.00001 ( 1)  0.181
 114 D   0.12560 0.12537 0.12522 0.12509 0.12495 0.12481 0.12463 0.12432 0.00001 ( 1)  0.181
 115 G   0.12556 0.12535 0.12520 0.12508 0.12496 0.12482 0.12465 0.12437 0.00001 ( 1)  0.181
 116 G   0.12556 0.12535 0.12520 0.12508 0.12496 0.12482 0.12465 0.12437 0.00001 ( 1)  0.181
 117 G   0.12556 0.12535 0.12520 0.12508 0.12496 0.12482 0.12465 0.12437 0.00001 ( 1)  0.181
 118 S   0.12557 0.12535 0.12521 0.12508 0.12496 0.12482 0.12465 0.12435 0.00001 ( 1)  0.181
 119 S   0.12557 0.12535 0.12521 0.12508 0.12496 0.12482 0.12465 0.12435 0.00001 ( 1)  0.181
 120 G   0.12523 0.12514 0.12508 0.12503 0.12498 0.12493 0.12485 0.12473 0.00001 ( 1)  0.181
 121 N   0.12518 0.12511 0.12507 0.12503 0.12499 0.12494 0.12488 0.12479 0.00001 ( 1)  0.181
 122 L   0.12551 0.12532 0.12519 0.12507 0.12496 0.12484 0.12468 0.12442 0.00001 ( 1)  0.181
 123 P   0.12518 0.12511 0.12506 0.12502 0.12499 0.12494 0.12489 0.12480 0.00001 ( 1)  0.181
 124 A   0.12567 0.12542 0.12524 0.12510 0.12495 0.12479 0.12459 0.12424 0.00001 ( 1)  0.181
 125 S   0.12560 0.12537 0.12522 0.12509 0.12495 0.12481 0.12463 0.12433 0.00001 ( 1)  0.181
 126 L   0.12551 0.12532 0.12519 0.12507 0.12496 0.12484 0.12468 0.12442 0.00001 ( 1)  0.181
 127 P   0.12542 0.12526 0.12515 0.12506 0.12497 0.12487 0.12474 0.12453 0.00001 ( 1)  0.181
 128 P   0.12548 0.12529 0.12517 0.12507 0.12496 0.12485 0.12471 0.12446 0.00001 ( 1)  0.181
 129 L   0.12551 0.12531 0.12519 0.12507 0.12496 0.12484 0.12469 0.12442 0.00001 ( 1)  0.181
 130 G   0.12516 0.12510 0.12506 0.12502 0.12499 0.12495 0.12490 0.12482 0.00001 ( 1)  0.181
 131 P   0.12548 0.12529 0.12517 0.12507 0.12496 0.12485 0.12471 0.12446 0.00001 ( 1)  0.181
 132 T   0.12575 0.12547 0.12527 0.12511 0.12494 0.12476 0.12454 0.12415 0.00001 ( 1)  0.181
 133 V   0.12518 0.12511 0.12507 0.12503 0.12499 0.12494 0.12489 0.12479 0.00001 ( 1)  0.181
 134 F   0.12535 0.12522 0.12513 0.12505 0.12497 0.12489 0.12478 0.12460 0.00001 ( 1)  0.181
 135 L   0.12551 0.12532 0.12519 0.12507 0.12496 0.12484 0.12468 0.12442 0.00001 ( 1)  0.181
 136 P   0.12548 0.12529 0.12517 0.12507 0.12496 0.12485 0.12471 0.12446 0.00001 ( 1)  0.181
 137 F   0.12535 0.12522 0.12513 0.12505 0.12497 0.12489 0.12478 0.12460 0.00001 ( 1)  0.181
 138 P   0.12548 0.12529 0.12517 0.12507 0.12496 0.12485 0.12471 0.12446 0.00001 ( 1)  0.181
 139 L   0.12551 0.12532 0.12519 0.12507 0.12496 0.12484 0.12468 0.12442 0.00001 ( 1)  0.181
 140 G   0.12556 0.12535 0.12520 0.12508 0.12496 0.12482 0.12465 0.12437 0.00001 ( 1)  0.181
 141 G   0.12523 0.12514 0.12508 0.12503 0.12498 0.12493 0.12485 0.12473 0.00001 ( 1)  0.181
 142 A   0.12567 0.12542 0.12524 0.12510 0.12495 0.12479 0.12459 0.12424 0.00001 ( 1)  0.181
 143 P   0.12548 0.12529 0.12517 0.12507 0.12496 0.12485 0.12471 0.12446 0.00001 ( 1)  0.181
 144 H   0.12546 0.12528 0.12517 0.12506 0.12496 0.12486 0.12472 0.12448 0.00001 ( 1)  0.181
 145 Q   0.12539 0.12524 0.12514 0.12506 0.12497 0.12488 0.12476 0.12456 0.00001 ( 1)  0.181
 146 S   0.12560 0.12537 0.12522 0.12509 0.12495 0.12481 0.12463 0.12433 0.00001 ( 1)  0.181
 147 P   0.12548 0.12529 0.12517 0.12507 0.12496 0.12485 0.12471 0.12446 0.00001 ( 1)  0.181
 148 R   0.12546 0.12528 0.12517 0.12507 0.12496 0.12485 0.12472 0.12448 0.00001 ( 1)  0.181
 149 P   0.12548 0.12529 0.12517 0.12507 0.12496 0.12485 0.12471 0.12446 0.00001 ( 1)  0.181
 150 Q   0.12539 0.12524 0.12514 0.12506 0.12497 0.12488 0.12476 0.12456 0.00001 ( 1)  0.181
 151 S   0.12560 0.12537 0.12522 0.12509 0.12495 0.12481 0.12463 0.12433 0.00001 ( 1)  0.181
 152 S   0.12553 0.12533 0.12520 0.12508 0.12496 0.12483 0.12467 0.12440 0.00001 ( 1)  0.181
 153 S   0.12560 0.12537 0.12522 0.12509 0.12495 0.12481 0.12463 0.12433 0.00001 ( 1)  0.181
 154 S   0.12560 0.12537 0.12522 0.12509 0.12495 0.12481 0.12463 0.12433 0.00001 ( 1)  0.181
 155 P   0.12542 0.12526 0.12515 0.12506 0.12497 0.12487 0.12474 0.12453 0.00001 ( 1)  0.181
 156 S   0.12553 0.12533 0.12520 0.12508 0.12496 0.12483 0.12467 0.12440 0.00001 ( 1)  0.181
 157 S   0.12560 0.12537 0.12522 0.12509 0.12495 0.12481 0.12463 0.12433 0.00001 ( 1)  0.181
 158 S   0.12553 0.12533 0.12520 0.12508 0.12496 0.12483 0.12467 0.12440 0.00001 ( 1)  0.181
 159 T   0.12575 0.12547 0.12527 0.12511 0.12494 0.12476 0.12454 0.12415 0.00001 ( 1)  0.181
 160 S   0.12553 0.12533 0.12520 0.12508 0.12496 0.12483 0.12467 0.12440 0.00001 ( 1)  0.181
 161 G   0.12556 0.12535 0.12520 0.12508 0.12496 0.12482 0.12465 0.12437 0.00001 ( 1)  0.181
 162 I   0.12556 0.12534 0.12520 0.12508 0.12496 0.12482 0.12466 0.12437 0.00001 ( 1)  0.181
 163 G   0.12556 0.12535 0.12520 0.12508 0.12496 0.12482 0.12465 0.12437 0.00001 ( 1)  0.181
 164 G   0.12556 0.12535 0.12520 0.12508 0.12496 0.12482 0.12465 0.12437 0.00001 ( 1)  0.181
 165 A   0.12559 0.12536 0.12522 0.12508 0.12495 0.12481 0.12464 0.12433 0.00001 ( 1)  0.181
 166 A   0.12538 0.12524 0.12514 0.12505 0.12497 0.12488 0.12476 0.12457 0.00001 ( 1)  0.181
 167 N   0.12558 0.12536 0.12521 0.12508 0.12496 0.12482 0.12464 0.12435 0.00001 ( 1)  0.181
 168 G   0.12556 0.12535 0.12520 0.12508 0.12496 0.12482 0.12465 0.12437 0.00001 ( 1)  0.181
 169 S   0.12553 0.12533 0.12520 0.12508 0.12496 0.12483 0.12467 0.12440 0.00001 ( 1)  0.181
 170 Q   0.12539 0.12524 0.12514 0.12506 0.12497 0.12488 0.12476 0.12456 0.00001 ( 1)  0.181
 171 A   0.12567 0.12542 0.12524 0.12510 0.12495 0.12479 0.12459 0.12424 0.00001 ( 1)  0.181
 172 P   0.12518 0.12511 0.12506 0.12502 0.12499 0.12494 0.12489 0.12480 0.00001 ( 1)  0.181
 173 R   0.12562 0.12538 0.12523 0.12509 0.12495 0.12480 0.12462 0.12430 0.00001 ( 1)  0.181
 174 T   0.12575 0.12547 0.12527 0.12511 0.12494 0.12476 0.12454 0.12415 0.00001 ( 1)  0.181
 175 L   0.12551 0.12531 0.12519 0.12507 0.12496 0.12484 0.12469 0.12442 0.00001 ( 1)  0.181
 176 E   0.12527 0.12517 0.12510 0.12504 0.12498 0.12491 0.12483 0.12470 0.00001 ( 1)  0.181
 177 K   0.12563 0.12539 0.12523 0.12509 0.12495 0.12480 0.12461 0.12428 0.00001 ( 1)  0.181
 178 C   0.12540 0.12525 0.12515 0.12506 0.12497 0.12487 0.12475 0.12454 0.00001 ( 1)  0.181
 179 A   0.12567 0.12542 0.12524 0.12510 0.12495 0.12479 0.12459 0.12424 0.00001 ( 1)  0.181
 180 E   0.12527 0.12517 0.12510 0.12504 0.12498 0.12491 0.12483 0.12470 0.00001 ( 1)  0.181
 181 A   0.12559 0.12536 0.12522 0.12508 0.12495 0.12481 0.12464 0.12433 0.00001 ( 1)  0.181
 182 A   0.08260 0.09874 0.10950 0.11890 0.12819 0.13835 0.15103 0.17265 0.00005 ( 8)  0.190
 183 L   0.12538 0.12523 0.12514 0.12505 0.12497 0.12488 0.12477 0.12457 0.00001 ( 1)  0.181
 184 E   0.12566 0.12541 0.12524 0.12509 0.12495 0.12479 0.12459 0.12425 0.00001 ( 1)  0.181
 185 E   0.12566 0.12541 0.12524 0.12509 0.12495 0.12479 0.12459 0.12425 0.00001 ( 1)  0.181

Positively selected sites

	Prob(w>1)  mean w



lnL =  -751.589053

Bayes Empirical Bayes (BEB) probabilities for 11 classes (class) & postmean_w
(amino acids refer to 1st sequence: Mlig.13221)

   1 M   0.46028 0.09432 0.07173 0.06013 0.05225 0.04602 0.04061 0.03565 0.03112 0.03679 0.07111 ( 1)  0.428 +-  0.837
   2 D   0.45868 0.09401 0.07155 0.06003 0.05220 0.04602 0.04065 0.03572 0.03121 0.03691 0.07301 ( 1)  0.437 +-  0.866
   3 S   0.45761 0.09380 0.07144 0.05998 0.05220 0.04605 0.04071 0.03580 0.03130 0.03703 0.07408 ( 1)  0.441 +-  0.877
   4 S   0.45869 0.09401 0.07155 0.06004 0.05221 0.04603 0.04066 0.03573 0.03122 0.03692 0.07293 ( 1)  0.436 +-  0.863
   5 A   0.45818 0.09391 0.07148 0.05998 0.05217 0.04600 0.04064 0.03572 0.03122 0.03692 0.07377 ( 1)  0.441 +-  0.881
   6 A   0.45227 0.09278 0.07086 0.05967 0.05209 0.04610 0.04088 0.03606 0.03163 0.03748 0.08019 ( 1)  0.469 +-  0.958
   7 A   0.45227 0.09278 0.07086 0.05967 0.05209 0.04610 0.04088 0.03606 0.03163 0.03748 0.08019 ( 1)  0.469 +-  0.958
   8 A   0.45947 0.09415 0.07161 0.06004 0.05218 0.04597 0.04058 0.03564 0.03112 0.03679 0.07247 ( 1)  0.435 +-  0.866
   9 N   0.45108 0.09255 0.07073 0.05960 0.05207 0.04611 0.04092 0.03612 0.03170 0.03758 0.08153 ( 1)  0.475 +-  0.974
  10 R   0.45615 0.09352 0.07128 0.05989 0.05217 0.04606 0.04075 0.03586 0.03138 0.03714 0.07580 ( 1)  0.449 +-  0.902
  11 R   0.45552 0.09340 0.07121 0.05986 0.05216 0.04607 0.04078 0.03590 0.03143 0.03720 0.07646 ( 1)  0.452 +-  0.909
  12 K   0.45931 0.09413 0.07162 0.06007 0.05222 0.04602 0.04063 0.03569 0.03118 0.03686 0.07228 ( 1)  0.433 +-  0.855
  13 A   0.45818 0.09391 0.07148 0.05998 0.05217 0.04600 0.04064 0.03572 0.03122 0.03692 0.07377 ( 1)  0.441 +-  0.881
  14 Q   0.45493 0.09329 0.07115 0.05983 0.05215 0.04608 0.04080 0.03593 0.03147 0.03725 0.07713 ( 1)  0.455 +-  0.918
  15 A   0.45947 0.09415 0.07161 0.06004 0.05218 0.04597 0.04058 0.03564 0.03112 0.03679 0.07247 ( 1)  0.435 +-  0.866
  16 P   0.45530 0.09336 0.07118 0.05984 0.05214 0.04606 0.04077 0.03590 0.03143 0.03721 0.07681 ( 1)  0.454 +-  0.916
  17 K   0.45931 0.09413 0.07162 0.06007 0.05222 0.04602 0.04063 0.03569 0.03118 0.03686 0.07228 ( 1)  0.433 +-  0.855
  18 R   0.45615 0.09352 0.07128 0.05989 0.05217 0.04606 0.04075 0.03586 0.03138 0.03714 0.07580 ( 1)  0.449 +-  0.902
  19 L   0.45725 0.09373 0.07140 0.05996 0.05220 0.04606 0.04073 0.03582 0.03133 0.03706 0.07446 ( 1)  0.443 +-  0.882
  20 M   0.46028 0.09432 0.07173 0.06013 0.05225 0.04602 0.04061 0.03565 0.03112 0.03679 0.07111 ( 1)  0.428 +-  0.837
  21 P   0.45530 0.09336 0.07118 0.05984 0.05214 0.04606 0.04077 0.03590 0.03143 0.03721 0.07681 ( 1)  0.454 +-  0.916
  22 Q   0.45061 0.09246 0.07068 0.05957 0.05206 0.04611 0.04093 0.03614 0.03172 0.03761 0.08209 ( 1)  0.478 +-  0.982
  23 S   0.45869 0.09401 0.07155 0.06004 0.05221 0.04603 0.04066 0.03573 0.03122 0.03692 0.07293 ( 1)  0.436 +-  0.863
  24 W   0.45416 0.09314 0.07107 0.05979 0.05214 0.04610 0.04083 0.03598 0.03152 0.03733 0.07794 ( 1)  0.458 +-  0.927
  25 A   0.45818 0.09391 0.07148 0.05998 0.05217 0.04600 0.04064 0.03572 0.03122 0.03692 0.07377 ( 1)  0.441 +-  0.881
  26 G   0.45795 0.09387 0.07147 0.05999 0.05219 0.04603 0.04068 0.03576 0.03126 0.03698 0.07382 ( 1)  0.440 +-  0.877
  27 Q   0.45493 0.09329 0.07115 0.05983 0.05215 0.04608 0.04080 0.03593 0.03147 0.03725 0.07713 ( 1)  0.455 +-  0.918
  28 Q   0.45493 0.09329 0.07115 0.05983 0.05215 0.04608 0.04080 0.03593 0.03147 0.03725 0.07713 ( 1)  0.455 +-  0.918
  29 Q   0.45493 0.09329 0.07115 0.05983 0.05215 0.04608 0.04080 0.03593 0.03147 0.03725 0.07713 ( 1)  0.455 +-  0.918
  30 P   0.45628 0.09355 0.07128 0.05989 0.05215 0.04604 0.04073 0.03584 0.03136 0.03711 0.07576 ( 1)  0.449 +-  0.904
  31 Q   0.45493 0.09329 0.07115 0.05983 0.05215 0.04608 0.04080 0.03593 0.03147 0.03725 0.07713 ( 1)  0.455 +-  0.918
  32 Q   0.45493 0.09329 0.07115 0.05983 0.05215 0.04608 0.04080 0.03593 0.03147 0.03725 0.07713 ( 1)  0.455 +-  0.918
  33 R   0.44990 0.09233 0.07060 0.05953 0.05204 0.04611 0.04095 0.03617 0.03176 0.03766 0.08296 ( 1)  0.482 +-  0.994
  34 R   0.45552 0.09340 0.07121 0.05986 0.05216 0.04607 0.04078 0.03590 0.03143 0.03720 0.07646 ( 1)  0.452 +-  0.909
  35 Q   0.45061 0.09246 0.07068 0.05957 0.05206 0.04611 0.04093 0.03614 0.03172 0.03761 0.08209 ( 1)  0.478 +-  0.982
  36 I   0.45450 0.09321 0.07111 0.05981 0.05215 0.04610 0.04083 0.03597 0.03151 0.03731 0.07750 ( 1)  0.456 +-  0.920
  37 R   0.45217 0.09276 0.07085 0.05967 0.05210 0.04611 0.04089 0.03608 0.03164 0.03749 0.08025 ( 1)  0.469 +-  0.957
  38 S   0.45827 0.09393 0.07151 0.06001 0.05221 0.04604 0.04068 0.03576 0.03125 0.03696 0.07337 ( 1)  0.438 +-  0.869
  39 G   0.45795 0.09387 0.07147 0.05999 0.05219 0.04603 0.04068 0.03576 0.03126 0.03698 0.07382 ( 1)  0.440 +-  0.877
  40 S   0.45827 0.09393 0.07151 0.06001 0.05221 0.04604 0.04068 0.03576 0.03125 0.03696 0.07337 ( 1)  0.438 +-  0.869
  41 I   0.45809 0.09390 0.07149 0.06001 0.05222 0.04605 0.04070 0.03578 0.03128 0.03699 0.07349 ( 1)  0.438 +-  0.868
  42 S   0.45827 0.09393 0.07151 0.06001 0.05221 0.04604 0.04068 0.03576 0.03125 0.03696 0.07337 ( 1)  0.438 +-  0.869
  43 E   0.45267 0.09286 0.07090 0.05970 0.05211 0.04610 0.04088 0.03605 0.03161 0.03745 0.07967 ( 1)  0.466 +-  0.950
  44 E   0.45963 0.09419 0.07164 0.06007 0.05221 0.04600 0.04061 0.03566 0.03114 0.03681 0.07204 ( 1)  0.432 +-  0.855
  45 E   0.45267 0.09286 0.07090 0.05970 0.05211 0.04610 0.04088 0.03605 0.03161 0.03745 0.07967 ( 1)  0.466 +-  0.950
  46 G   0.45795 0.09387 0.07147 0.05999 0.05219 0.04603 0.04068 0.03576 0.03126 0.03698 0.07382 ( 1)  0.440 +-  0.877
  47 S   0.45827 0.09393 0.07151 0.06001 0.05221 0.04604 0.04068 0.03576 0.03125 0.03696 0.07337 ( 1)  0.438 +-  0.869
  48 S   0.45105 0.09255 0.07072 0.05960 0.05207 0.04611 0.04092 0.03613 0.03170 0.03758 0.08157 ( 1)  0.475 +-  0.975
  49 S   0.45869 0.09401 0.07155 0.06004 0.05221 0.04603 0.04066 0.03573 0.03122 0.03692 0.07293 ( 1)  0.436 +-  0.863
  50 T   0.45290 0.09290 0.07093 0.05971 0.05211 0.04610 0.04087 0.03604 0.03159 0.03743 0.07943 ( 1)  0.465 +-  0.947
  51 P   0.45628 0.09355 0.07128 0.05989 0.05215 0.04604 0.04073 0.03584 0.03136 0.03711 0.07576 ( 1)  0.449 +-  0.904
  52 T   0.45290 0.09290 0.07093 0.05971 0.05211 0.04610 0.04087 0.03604 0.03159 0.03743 0.07943 ( 1)  0.465 +-  0.947
  53 E   0.45616 0.09352 0.07127 0.05989 0.05216 0.04605 0.04074 0.03586 0.03138 0.03713 0.07583 ( 1)  0.449 +-  0.903
  54 A   0.45818 0.09391 0.07148 0.05998 0.05217 0.04600 0.04064 0.03572 0.03122 0.03692 0.07377 ( 1)  0.441 +-  0.881
  55 A   0.45227 0.09278 0.07086 0.05967 0.05209 0.04610 0.04088 0.03606 0.03163 0.03748 0.08019 ( 1)  0.469 +-  0.958
  56 D   0.45139 0.09261 0.07076 0.05962 0.05208 0.04611 0.04091 0.03611 0.03168 0.03755 0.08116 ( 1)  0.473 +-  0.969
  57 E   0.06930 0.03483 0.04198 0.04751 0.05156 0.05416 0.05524 0.05476 0.05285 0.06465 0.47316 (11)  2.225 +-  2.579
  58 M   0.46028 0.09432 0.07173 0.06013 0.05225 0.04602 0.04061 0.03565 0.03112 0.03679 0.07111 ( 1)  0.428 +-  0.837
  59 Q   0.45493 0.09329 0.07115 0.05983 0.05215 0.04608 0.04080 0.03593 0.03147 0.03725 0.07713 ( 1)  0.455 +-  0.918
  60 R   0.44990 0.09233 0.07060 0.05953 0.05204 0.04611 0.04095 0.03617 0.03176 0.03766 0.08296 ( 1)  0.482 +-  0.994
  61 Q   0.45061 0.09246 0.07068 0.05957 0.05206 0.04611 0.04093 0.03614 0.03172 0.03761 0.08209 ( 1)  0.478 +-  0.982
  62 S   0.45869 0.09401 0.07155 0.06004 0.05221 0.04603 0.04066 0.03573 0.03122 0.03692 0.07293 ( 1)  0.436 +-  0.863
  63 N   0.45108 0.09255 0.07073 0.05960 0.05207 0.04611 0.04092 0.03612 0.03170 0.03758 0.08153 ( 1)  0.475 +-  0.974
  64 S   0.45827 0.09393 0.07151 0.06001 0.05221 0.04604 0.04068 0.03576 0.03125 0.03696 0.07337 ( 1)  0.438 +-  0.869
  65 D   0.45139 0.09261 0.07076 0.05962 0.05208 0.04611 0.04091 0.03611 0.03168 0.03755 0.08116 ( 1)  0.473 +-  0.969
  66 R   0.45217 0.09276 0.07085 0.05967 0.05210 0.04611 0.04089 0.03608 0.03164 0.03749 0.08025 ( 1)  0.469 +-  0.957
  67 Q   0.45061 0.09246 0.07068 0.05957 0.05206 0.04611 0.04093 0.03614 0.03172 0.03761 0.08209 ( 1)  0.478 +-  0.982
  68 S   0.45827 0.09393 0.07151 0.06001 0.05221 0.04604 0.04068 0.03576 0.03125 0.03696 0.07337 ( 1)  0.438 +-  0.869
  69 S   0.45466 0.09324 0.07112 0.05981 0.05214 0.04608 0.04080 0.03594 0.03148 0.03727 0.07746 ( 1)  0.456 +-  0.923
  70 R   0.45552 0.09340 0.07121 0.05986 0.05216 0.04607 0.04078 0.03590 0.03143 0.03720 0.07646 ( 1)  0.452 +-  0.909
  71 M   0.46028 0.09432 0.07173 0.06013 0.05225 0.04602 0.04061 0.03565 0.03112 0.03679 0.07111 ( 1)  0.428 +-  0.837
  72 S   0.45827 0.09393 0.07151 0.06001 0.05221 0.04604 0.04068 0.03576 0.03125 0.03696 0.07337 ( 1)  0.438 +-  0.869
  73 L   0.45725 0.09373 0.07140 0.05996 0.05220 0.04606 0.04073 0.03582 0.03133 0.03706 0.07446 ( 1)  0.443 +-  0.882
  74 K   0.45931 0.09413 0.07162 0.06007 0.05222 0.04602 0.04063 0.03569 0.03118 0.03686 0.07228 ( 1)  0.433 +-  0.855
  75 D   0.45868 0.09401 0.07155 0.06003 0.05220 0.04602 0.04065 0.03572 0.03121 0.03691 0.07301 ( 1)  0.437 +-  0.866
  76 Y   0.44960 0.09227 0.07056 0.05951 0.05203 0.04612 0.04096 0.03618 0.03178 0.03769 0.08330 ( 1)  0.483 +-  0.998
  77 F   0.44949 0.09225 0.07055 0.05950 0.05203 0.04612 0.04096 0.03619 0.03178 0.03770 0.08344 ( 1)  0.484 +-  1.000
  78 A   0.45227 0.09278 0.07086 0.05967 0.05209 0.04610 0.04088 0.03606 0.03163 0.03748 0.08019 ( 1)  0.469 +-  0.958
  79 G   0.45795 0.09387 0.07147 0.05999 0.05219 0.04603 0.04068 0.03576 0.03126 0.03698 0.07382 ( 1)  0.440 +-  0.877
  80 V   0.45104 0.09254 0.07072 0.05960 0.05207 0.04611 0.04092 0.03613 0.03170 0.03758 0.08158 ( 1)  0.475 +-  0.975
  81 Q   0.45493 0.09329 0.07115 0.05983 0.05215 0.04608 0.04080 0.03593 0.03147 0.03725 0.07713 ( 1)  0.455 +-  0.918
  82 A   0.45818 0.09391 0.07148 0.05998 0.05217 0.04600 0.04064 0.03572 0.03122 0.03692 0.07377 ( 1)  0.441 +-  0.881
  83 I   0.45809 0.09390 0.07149 0.06001 0.05222 0.04605 0.04070 0.03578 0.03128 0.03699 0.07349 ( 1)  0.438 +-  0.868
  84 A   0.45069 0.09248 0.07068 0.05958 0.05206 0.04611 0.04093 0.03614 0.03172 0.03760 0.08203 ( 1)  0.477 +-  0.982
  85 Q   0.45493 0.09329 0.07115 0.05983 0.05215 0.04608 0.04080 0.03593 0.03147 0.03725 0.07713 ( 1)  0.455 +-  0.918
  86 Q   0.45493 0.09329 0.07115 0.05983 0.05215 0.04608 0.04080 0.03593 0.03147 0.03725 0.07713 ( 1)  0.455 +-  0.918
  87 A   0.45818 0.09391 0.07148 0.05998 0.05217 0.04600 0.04064 0.03572 0.03122 0.03692 0.07377 ( 1)  0.441 +-  0.881
  88 T   0.45112 0.09256 0.07073 0.05960 0.05207 0.04611 0.04092 0.03612 0.03170 0.03757 0.08150 ( 1)  0.475 +-  0.974
  89 A   0.45947 0.09415 0.07161 0.06004 0.05218 0.04597 0.04058 0.03564 0.03112 0.03679 0.07247 ( 1)  0.435 +-  0.866
  90 A   0.45069 0.09248 0.07068 0.05958 0.05206 0.04611 0.04093 0.03614 0.03172 0.03760 0.08203 ( 1)  0.477 +-  0.982
  91 A   0.45818 0.09391 0.07148 0.05998 0.05217 0.04600 0.04064 0.03572 0.03122 0.03692 0.07377 ( 1)  0.441 +-  0.881
  92 T   0.45290 0.09290 0.07093 0.05971 0.05211 0.04610 0.04087 0.03604 0.03159 0.03743 0.07943 ( 1)  0.465 +-  0.947
  93 A   0.45947 0.09415 0.07161 0.06004 0.05218 0.04597 0.04058 0.03564 0.03112 0.03679 0.07247 ( 1)  0.435 +-  0.866
  94 A   0.45947 0.09415 0.07161 0.06004 0.05218 0.04597 0.04058 0.03564 0.03112 0.03679 0.07247 ( 1)  0.435 +-  0.866
  95 A   0.45947 0.09415 0.07161 0.06004 0.05218 0.04597 0.04058 0.03564 0.03112 0.03679 0.07247 ( 1)  0.435 +-  0.866
  96 A   0.45818 0.09391 0.07148 0.05998 0.05217 0.04600 0.04064 0.03572 0.03122 0.03692 0.07377 ( 1)  0.441 +-  0.881
  97 A   0.45069 0.09248 0.07068 0.05958 0.05206 0.04611 0.04093 0.03614 0.03172 0.03760 0.08203 ( 1)  0.477 +-  0.982
  98 P   0.45628 0.09355 0.07128 0.05989 0.05215 0.04604 0.04073 0.03584 0.03136 0.03711 0.07576 ( 1)  0.449 +-  0.904
  99 L   0.45725 0.09373 0.07140 0.05996 0.05220 0.04606 0.04073 0.03582 0.03133 0.03706 0.07446 ( 1)  0.443 +-  0.882
 100 D   0.45868 0.09401 0.07155 0.06003 0.05220 0.04602 0.04065 0.03572 0.03121 0.03691 0.07301 ( 1)  0.437 +-  0.866
 101 L   0.45720 0.09372 0.07140 0.05996 0.05220 0.04606 0.04073 0.03583 0.03133 0.03707 0.07451 ( 1)  0.443 +-  0.882
 102 T   0.46106 0.09446 0.07179 0.06014 0.05221 0.04596 0.04053 0.03556 0.03102 0.03666 0.07063 ( 1)  0.427 +-  0.840
 103 K   0.45931 0.09413 0.07162 0.06007 0.05222 0.04602 0.04063 0.03569 0.03118 0.03686 0.07228 ( 1)  0.433 +-  0.855
 104 T   0.45290 0.09290 0.07093 0.05971 0.05211 0.04610 0.04087 0.03604 0.03159 0.03743 0.07943 ( 1)  0.465 +-  0.947
 105 S   0.45172 0.09267 0.07080 0.05964 0.05208 0.04611 0.04091 0.03610 0.03167 0.03753 0.08078 ( 1)  0.471 +-  0.964
 106 T   0.45290 0.09290 0.07093 0.05971 0.05211 0.04610 0.04087 0.03604 0.03159 0.03743 0.07943 ( 1)  0.465 +-  0.947
 107 I   0.45809 0.09390 0.07149 0.06001 0.05222 0.04605 0.04070 0.03578 0.03128 0.03699 0.07349 ( 1)  0.438 +-  0.868
 108 S   0.45827 0.09393 0.07151 0.06001 0.05221 0.04604 0.04068 0.03576 0.03125 0.03696 0.07337 ( 1)  0.438 +-  0.869
 109 A   0.45947 0.09415 0.07161 0.06004 0.05218 0.04597 0.04058 0.03564 0.03112 0.03679 0.07247 ( 1)  0.435 +-  0.866
 110 N   0.45832 0.09394 0.07151 0.06002 0.05221 0.04604 0.04068 0.03576 0.03125 0.03696 0.07332 ( 1)  0.438 +-  0.868
 111 G   0.45055 0.09245 0.07067 0.05957 0.05205 0.04611 0.04093 0.03614 0.03173 0.03762 0.08218 ( 1)  0.478 +-  0.983
 112 G   0.45795 0.09387 0.07147 0.05999 0.05219 0.04603 0.04068 0.03576 0.03126 0.03698 0.07382 ( 1)  0.440 +-  0.877
 113 S   0.45105 0.09255 0.07072 0.05960 0.05207 0.04611 0.04092 0.03613 0.03170 0.03758 0.08157 ( 1)  0.475 +-  0.975
 114 D   0.45868 0.09401 0.07155 0.06003 0.05220 0.04602 0.04065 0.03572 0.03121 0.03691 0.07301 ( 1)  0.437 +-  0.866
 115 G   0.45795 0.09387 0.07147 0.05999 0.05219 0.04603 0.04068 0.03576 0.03126 0.03698 0.07382 ( 1)  0.440 +-  0.877
 116 G   0.45795 0.09387 0.07147 0.05999 0.05219 0.04603 0.04068 0.03576 0.03126 0.03698 0.07382 ( 1)  0.440 +-  0.877
 117 G   0.45795 0.09387 0.07147 0.05999 0.05219 0.04603 0.04068 0.03576 0.03126 0.03698 0.07382 ( 1)  0.440 +-  0.877
 118 S   0.45827 0.09393 0.07151 0.06001 0.05221 0.04604 0.04068 0.03576 0.03125 0.03696 0.07337 ( 1)  0.438 +-  0.869
 119 S   0.45827 0.09393 0.07151 0.06001 0.05221 0.04604 0.04068 0.03576 0.03125 0.03696 0.07337 ( 1)  0.438 +-  0.869
 120 G   0.45200 0.09273 0.07083 0.05966 0.05209 0.04611 0.04089 0.03608 0.03165 0.03750 0.08047 ( 1)  0.470 +-  0.961
 121 N   0.45108 0.09255 0.07073 0.05960 0.05207 0.04611 0.04092 0.03612 0.03170 0.03758 0.08153 ( 1)  0.475 +-  0.974
 122 L   0.45725 0.09373 0.07140 0.05996 0.05220 0.04606 0.04073 0.03582 0.03133 0.03706 0.07446 ( 1)  0.443 +-  0.882
 123 P   0.45086 0.09251 0.07070 0.05959 0.05206 0.04611 0.04092 0.03613 0.03171 0.03759 0.08183 ( 1)  0.477 +-  0.979
 124 A   0.45947 0.09415 0.07161 0.06004 0.05218 0.04597 0.04058 0.03564 0.03112 0.03679 0.07247 ( 1)  0.435 +-  0.866
 125 S   0.45869 0.09401 0.07155 0.06004 0.05221 0.04603 0.04066 0.03573 0.03122 0.03692 0.07293 ( 1)  0.436 +-  0.863
 126 L   0.45725 0.09373 0.07140 0.05996 0.05220 0.04606 0.04073 0.03582 0.03133 0.03706 0.07446 ( 1)  0.443 +-  0.882
 127 P   0.45530 0.09336 0.07118 0.05984 0.05214 0.04606 0.04077 0.03590 0.03143 0.03721 0.07681 ( 1)  0.454 +-  0.916
 128 P   0.45628 0.09355 0.07128 0.05989 0.05215 0.04604 0.04073 0.03584 0.03136 0.03711 0.07576 ( 1)  0.449 +-  0.904
 129 L   0.45720 0.09372 0.07140 0.05996 0.05220 0.04606 0.04073 0.03583 0.03133 0.03707 0.07451 ( 1)  0.443 +-  0.882
 130 G   0.45055 0.09245 0.07067 0.05957 0.05205 0.04611 0.04093 0.03614 0.03173 0.03762 0.08218 ( 1)  0.478 +-  0.983
 131 P   0.45628 0.09355 0.07128 0.05989 0.05215 0.04604 0.04073 0.03584 0.03136 0.03711 0.07576 ( 1)  0.449 +-  0.904
 132 T   0.46106 0.09446 0.07179 0.06014 0.05221 0.04596 0.04053 0.03556 0.03102 0.03666 0.07063 ( 1)  0.427 +-  0.840
 133 V   0.45104 0.09254 0.07072 0.05960 0.05207 0.04611 0.04092 0.03613 0.03170 0.03758 0.08158 ( 1)  0.475 +-  0.975
 134 F   0.45443 0.09319 0.07110 0.05981 0.05215 0.04610 0.04083 0.03597 0.03151 0.03732 0.07759 ( 1)  0.456 +-  0.921
 135 L   0.45725 0.09373 0.07140 0.05996 0.05220 0.04606 0.04073 0.03582 0.03133 0.03706 0.07446 ( 1)  0.443 +-  0.882
 136 P   0.45628 0.09355 0.07128 0.05989 0.05215 0.04604 0.04073 0.03584 0.03136 0.03711 0.07576 ( 1)  0.449 +-  0.904
 137 F   0.45443 0.09319 0.07110 0.05981 0.05215 0.04610 0.04083 0.03597 0.03151 0.03732 0.07759 ( 1)  0.456 +-  0.921
 138 P   0.45628 0.09355 0.07128 0.05989 0.05215 0.04604 0.04073 0.03584 0.03136 0.03711 0.07576 ( 1)  0.449 +-  0.904
 139 L   0.45725 0.09373 0.07140 0.05996 0.05220 0.04606 0.04073 0.03582 0.03133 0.03706 0.07446 ( 1)  0.443 +-  0.882
 140 G   0.45795 0.09387 0.07147 0.05999 0.05219 0.04603 0.04068 0.03576 0.03126 0.03698 0.07382 ( 1)  0.440 +-  0.877
 141 G   0.45200 0.09273 0.07083 0.05966 0.05209 0.04611 0.04089 0.03608 0.03165 0.03750 0.08047 ( 1)  0.470 +-  0.961
 142 A   0.45947 0.09415 0.07161 0.06004 0.05218 0.04597 0.04058 0.03564 0.03112 0.03679 0.07247 ( 1)  0.435 +-  0.866
 143 P   0.45628 0.09355 0.07128 0.05989 0.05215 0.04604 0.04073 0.03584 0.03136 0.03711 0.07576 ( 1)  0.449 +-  0.904
 144 H   0.45614 0.09352 0.07128 0.05990 0.05217 0.04607 0.04076 0.03587 0.03139 0.03715 0.07576 ( 1)  0.449 +-  0.900
 145 Q   0.45493 0.09329 0.07115 0.05983 0.05215 0.04608 0.04080 0.03593 0.03147 0.03725 0.07713 ( 1)  0.455 +-  0.918
 146 S   0.45869 0.09401 0.07155 0.06004 0.05221 0.04603 0.04066 0.03573 0.03122 0.03692 0.07293 ( 1)  0.436 +-  0.863
 147 P   0.45628 0.09355 0.07128 0.05989 0.05215 0.04604 0.04073 0.03584 0.03136 0.03711 0.07576 ( 1)  0.449 +-  0.904
 148 R   0.45615 0.09352 0.07128 0.05989 0.05217 0.04606 0.04075 0.03586 0.03138 0.03714 0.07580 ( 1)  0.449 +-  0.902
 149 P   0.45628 0.09355 0.07128 0.05989 0.05215 0.04604 0.04073 0.03584 0.03136 0.03711 0.07576 ( 1)  0.449 +-  0.904
 150 Q   0.45493 0.09329 0.07115 0.05983 0.05215 0.04608 0.04080 0.03593 0.03147 0.03725 0.07713 ( 1)  0.455 +-  0.918
 151 S   0.45869 0.09401 0.07155 0.06004 0.05221 0.04603 0.04066 0.03573 0.03122 0.03692 0.07293 ( 1)  0.436 +-  0.863
 152 S   0.45761 0.09380 0.07144 0.05998 0.05220 0.04605 0.04071 0.03580 0.03130 0.03703 0.07408 ( 1)  0.441 +-  0.877
 153 S   0.45869 0.09401 0.07155 0.06004 0.05221 0.04603 0.04066 0.03573 0.03122 0.03692 0.07293 ( 1)  0.436 +-  0.863
 154 S   0.45869 0.09401 0.07155 0.06004 0.05221 0.04603 0.04066 0.03573 0.03122 0.03692 0.07293 ( 1)  0.436 +-  0.863
 155 P   0.45530 0.09336 0.07118 0.05984 0.05214 0.04606 0.04077 0.03590 0.03143 0.03721 0.07681 ( 1)  0.454 +-  0.916
 156 S   0.45761 0.09380 0.07144 0.05998 0.05220 0.04605 0.04071 0.03580 0.03130 0.03703 0.07408 ( 1)  0.441 +-  0.877
 157 S   0.45869 0.09401 0.07155 0.06004 0.05221 0.04603 0.04066 0.03573 0.03122 0.03692 0.07293 ( 1)  0.436 +-  0.863
 158 S   0.45761 0.09380 0.07144 0.05998 0.05220 0.04605 0.04071 0.03580 0.03130 0.03703 0.07408 ( 1)  0.441 +-  0.877
 159 T   0.46106 0.09446 0.07179 0.06014 0.05221 0.04596 0.04053 0.03556 0.03102 0.03666 0.07063 ( 1)  0.427 +-  0.840
 160 S   0.45761 0.09380 0.07144 0.05998 0.05220 0.04605 0.04071 0.03580 0.03130 0.03703 0.07408 ( 1)  0.441 +-  0.877
 161 G   0.45795 0.09387 0.07147 0.05999 0.05219 0.04603 0.04068 0.03576 0.03126 0.03698 0.07382 ( 1)  0.440 +-  0.877
 162 I   0.45809 0.09390 0.07149 0.06001 0.05222 0.04605 0.04070 0.03578 0.03128 0.03699 0.07349 ( 1)  0.438 +-  0.868
 163 G   0.45795 0.09387 0.07147 0.05999 0.05219 0.04603 0.04068 0.03576 0.03126 0.03698 0.07382 ( 1)  0.440 +-  0.877
 164 G   0.45795 0.09387 0.07147 0.05999 0.05219 0.04603 0.04068 0.03576 0.03126 0.03698 0.07382 ( 1)  0.440 +-  0.877
 165 A   0.45818 0.09391 0.07148 0.05998 0.05217 0.04600 0.04064 0.03572 0.03122 0.03692 0.07377 ( 1)  0.441 +-  0.881
 166 A   0.45461 0.09323 0.07111 0.05980 0.05213 0.04607 0.04080 0.03594 0.03147 0.03727 0.07759 ( 1)  0.457 +-  0.926
 167 N   0.45832 0.09394 0.07151 0.06002 0.05221 0.04604 0.04068 0.03576 0.03125 0.03696 0.07332 ( 1)  0.438 +-  0.868
 168 G   0.45795 0.09387 0.07147 0.05999 0.05219 0.04603 0.04068 0.03576 0.03126 0.03698 0.07382 ( 1)  0.440 +-  0.877
 169 S   0.45761 0.09380 0.07144 0.05998 0.05220 0.04605 0.04071 0.03580 0.03130 0.03703 0.07408 ( 1)  0.441 +-  0.877
 170 Q   0.45493 0.09329 0.07115 0.05983 0.05215 0.04608 0.04080 0.03593 0.03147 0.03725 0.07713 ( 1)  0.455 +-  0.918
 171 A   0.45947 0.09415 0.07161 0.06004 0.05218 0.04597 0.04058 0.03564 0.03112 0.03679 0.07247 ( 1)  0.435 +-  0.866
 172 P   0.45086 0.09251 0.07070 0.05959 0.05206 0.04611 0.04092 0.03613 0.03171 0.03759 0.08183 ( 1)  0.477 +-  0.979
 173 R   0.45902 0.09407 0.07158 0.06005 0.05221 0.04602 0.04065 0.03571 0.03120 0.03689 0.07260 ( 1)  0.435 +-  0.859
 174 T   0.46106 0.09446 0.07179 0.06014 0.05221 0.04596 0.04053 0.03556 0.03102 0.03666 0.07063 ( 1)  0.427 +-  0.840
 175 L   0.45720 0.09372 0.07140 0.05996 0.05220 0.04606 0.04073 0.03583 0.03133 0.03707 0.07451 ( 1)  0.443 +-  0.882
 176 E   0.45267 0.09286 0.07090 0.05970 0.05211 0.04610 0.04088 0.03605 0.03161 0.03745 0.07967 ( 1)  0.466 +-  0.950
 177 K   0.45931 0.09413 0.07162 0.06007 0.05222 0.04602 0.04063 0.03569 0.03118 0.03686 0.07228 ( 1)  0.433 +-  0.855
 178 C   0.45532 0.09337 0.07119 0.05986 0.05217 0.04609 0.04080 0.03593 0.03145 0.03724 0.07659 ( 1)  0.452 +-  0.909
 179 A   0.45947 0.09415 0.07161 0.06004 0.05218 0.04597 0.04058 0.03564 0.03112 0.03679 0.07247 ( 1)  0.435 +-  0.866
 180 E   0.45267 0.09286 0.07090 0.05970 0.05211 0.04610 0.04088 0.03605 0.03161 0.03745 0.07967 ( 1)  0.466 +-  0.950
 181 A   0.45818 0.09391 0.07148 0.05998 0.05217 0.04600 0.04064 0.03572 0.03122 0.03692 0.07377 ( 1)  0.441 +-  0.881
 182 A   0.07319 0.03642 0.04372 0.04930 0.05332 0.05583 0.05677 0.05610 0.05399 0.06583 0.45552 (11)  2.131 +-  2.520
 183 L   0.45411 0.09313 0.07104 0.05975 0.05209 0.04603 0.04077 0.03591 0.03145 0.03724 0.07847 ( 1)  0.464 +-  0.953
 184 E   0.45963 0.09419 0.07164 0.06007 0.05221 0.04600 0.04061 0.03566 0.03114 0.03681 0.07204 ( 1)  0.432 +-  0.855
 185 E   0.45963 0.09419 0.07164 0.06007 0.05221 0.04600 0.04061 0.03566 0.03114 0.03681 0.07204 ( 1)  0.432 +-  0.855

Positively selected sites

	Prob(w>1)  mean w


