Supplemental results for CODEML (seqf: algn  treef: tree)


dN/dS (w) for site classes (K=3)

p:   1.00000  0.00000  0.00000
w:   0.00000  1.00000  1.00000

Naive Empirical Bayes (NEB) probabilities for 3 classes & postmean_w
(amino acids refer to 1st sequence: Mlig.48728)

   1 K   1.00000 0.00000 0.00000 ( 1)  0.000
   2 N   1.00000 0.00000 0.00000 ( 1)  0.000
   3 I   1.00000 0.00000 0.00000 ( 1)  0.000
   4 W   1.00000 0.00000 0.00000 ( 1)  0.000
   5 E   1.00000 0.00000 0.00000 ( 1)  0.000
   6 E   1.00000 0.00000 0.00000 ( 1)  0.000
   7 I   1.00000 0.00000 0.00000 ( 1)  0.000
   8 C   1.00000 0.00000 0.00000 ( 1)  0.000
   9 K   1.00000 0.00000 0.00000 ( 1)  0.000
  10 E   1.00000 0.00000 0.00000 ( 1)  0.000
  11 A   1.00000 0.00000 0.00000 ( 1)  0.000
  12 R   1.00000 0.00000 0.00000 ( 1)  0.000
  13 S   1.00000 0.00000 0.00000 ( 1)  0.000
  14 M   1.00000 0.00000 0.00000 ( 1)  0.000
  15 R   1.00000 0.00000 0.00000 ( 1)  0.000
  16 P   1.00000 0.00000 0.00000 ( 1)  0.000
  17 P   1.00000 0.00000 0.00000 ( 1)  0.000
  18 F   1.00000 0.00000 0.00000 ( 1)  0.000
  19 P   1.00000 0.00000 0.00000 ( 1)  0.000
  20 D   1.00000 0.00000 0.00000 ( 1)  0.000
  21 E   1.00000 0.00000 0.00000 ( 1)  0.000
  22 D   1.00000 0.00000 0.00000 ( 1)  0.000
  23 A   1.00000 0.00000 0.00000 ( 1)  0.000
  24 Q   1.00000 0.00000 0.00000 ( 1)  0.000
  25 S   1.00000 0.00000 0.00000 ( 1)  0.000
  26 A   1.00000 0.00000 0.00000 ( 1)  0.000
  27 S   1.00000 0.00000 0.00000 ( 1)  0.000
  28 T   1.00000 0.00000 0.00000 ( 1)  0.000
  29 T   1.00000 0.00000 0.00000 ( 1)  0.000
  30 K   1.00000 0.00000 0.00000 ( 1)  0.000
  31 S   1.00000 0.00000 0.00000 ( 1)  0.000
  32 D   1.00000 0.00000 0.00000 ( 1)  0.000
  33 Y   1.00000 0.00000 0.00000 ( 1)  0.000
  34 D   1.00000 0.00000 0.00000 ( 1)  0.000
  35 P   1.00000 0.00000 0.00000 ( 1)  0.000
  36 K   1.00000 0.00000 0.00000 ( 1)  0.000
  37 K   1.00000 0.00000 0.00000 ( 1)  0.000
  38 H   1.00000 0.00000 0.00000 ( 1)  0.000
  39 T   1.00000 0.00000 0.00000 ( 1)  0.000
  40 P   1.00000 0.00000 0.00000 ( 1)  0.000
  41 V   1.00000 0.00000 0.00000 ( 1)  0.000
  42 F   1.00000 0.00000 0.00000 ( 1)  0.000
  43 Y   1.00000 0.00000 0.00000 ( 1)  0.000
  44 G   1.00000 0.00000 0.00000 ( 1)  0.000
  45 K   1.00000 0.00000 0.00000 ( 1)  0.000
  46 L   1.00000 0.00000 0.00000 ( 1)  0.000
  47 H   1.00000 0.00000 0.00000 ( 1)  0.000
  48 H   1.00000 0.00000 0.00000 ( 1)  0.000
  49 Q   1.00000 0.00000 0.00000 ( 1)  0.000
  50 L   1.00000 0.00000 0.00000 ( 1)  0.000
  51 P   1.00000 0.00000 0.00000 ( 1)  0.000
  52 C   1.00000 0.00000 0.00000 ( 1)  0.000
  53 N   1.00000 0.00000 0.00000 ( 1)  0.000
  54 D   1.00000 0.00000 0.00000 ( 1)  0.000
  55 G   1.00000 0.00000 0.00000 ( 1)  0.000
  56 S   1.00000 0.00000 0.00000 ( 1)  0.000
  57 L   1.00000 0.00000 0.00000 ( 1)  0.000
  58 D   1.00000 0.00000 0.00000 ( 1)  0.000
  59 F   1.00000 0.00000 0.00000 ( 1)  0.000
  60 D   1.00000 0.00000 0.00000 ( 1)  0.000
  61 P   1.00000 0.00000 0.00000 ( 1)  0.000
  62 A   1.00000 0.00000 0.00000 ( 1)  0.000
  63 V   1.00000 0.00000 0.00000 ( 1)  0.000
  64 S   1.00000 0.00000 0.00000 ( 1)  0.000
  65 H   1.00000 0.00000 0.00000 ( 1)  0.000
  66 P   1.00000 0.00000 0.00000 ( 1)  0.000
  67 A   1.00000 0.00000 0.00000 ( 1)  0.000
  68 T   1.00000 0.00000 0.00000 ( 1)  0.000
  69 F   1.00000 0.00000 0.00000 ( 1)  0.000
  70 G   1.00000 0.00000 0.00000 ( 1)  0.000
  71 F   1.00000 0.00000 0.00000 ( 1)  0.000
  72 A   1.00000 0.00000 0.00000 ( 1)  0.000
  73 L   1.00000 0.00000 0.00000 ( 1)  0.000
  74 L   1.00000 0.00000 0.00000 ( 1)  0.000
  75 D   1.00000 0.00000 0.00000 ( 1)  0.000
  76 R   1.00000 0.00000 0.00000 ( 1)  0.000
  77 P   1.00000 0.00000 0.00000 ( 1)  0.000
  78 P   1.00000 0.00000 0.00000 ( 1)  0.000
  79 Q   1.00000 0.00000 0.00000 ( 1)  0.000
  80 P   1.00000 0.00000 0.00000 ( 1)  0.000
  81 P   1.00000 0.00000 0.00000 ( 1)  0.000
  82 P   1.00000 0.00000 0.00000 ( 1)  0.000
  83 E   1.00000 0.00000 0.00000 ( 1)  0.000
  84 P   1.00000 0.00000 0.00000 ( 1)  0.000
  85 P   1.00000 0.00000 0.00000 ( 1)  0.000
  86 C   1.00000 0.00000 0.00000 ( 1)  0.000
  87 P   1.00000 0.00000 0.00000 ( 1)  0.000
  88 P   1.00000 0.00000 0.00000 ( 1)  0.000
  89 P   1.00000 0.00000 0.00000 ( 1)  0.000
  90 D   1.00000 0.00000 0.00000 ( 1)  0.000
  91 R   1.00000 0.00000 0.00000 ( 1)  0.000
  92 K   1.00000 0.00000 0.00000 ( 1)  0.000
  93 K   1.00000 0.00000 0.00000 ( 1)  0.000
  94 C   1.00000 0.00000 0.00000 ( 1)  0.000
  95 S   1.00000 0.00000 0.00000 ( 1)  0.000
  96 P   1.00000 0.00000 0.00000 ( 1)  0.000
  97 R   1.00000 0.00000 0.00000 ( 1)  0.000
  98 E   1.00000 0.00000 0.00000 ( 1)  0.000
  99 Y   1.00000 0.00000 0.00000 ( 1)  0.000
 100 L   1.00000 0.00000 0.00000 ( 1)  0.000
 101 E   1.00000 0.00000 0.00000 ( 1)  0.000
 102 H   1.00000 0.00000 0.00000 ( 1)  0.000
 103 Y   1.00000 0.00000 0.00000 ( 1)  0.000
 104 V   1.00000 0.00000 0.00000 ( 1)  0.000
 105 F   1.00000 0.00000 0.00000 ( 1)  0.000
 106 P   1.00000 0.00000 0.00000 ( 1)  0.000
 107 T   1.00000 0.00000 0.00000 ( 1)  0.000
 108 L   1.00000 0.00000 0.00000 ( 1)  0.000
 109 L   1.00000 0.00000 0.00000 ( 1)  0.000
 110 P   1.00000 0.00000 0.00000 ( 1)  0.000
 111 A   1.00000 0.00000 0.00000 ( 1)  0.000
 112 M   1.00000 0.00000 0.00000 ( 1)  0.000
 113 E   1.00000 0.00000 0.00000 ( 1)  0.000
 114 A   1.00000 0.00000 0.00000 ( 1)  0.000
 115 M   1.00000 0.00000 0.00000 ( 1)  0.000
 116 L   1.00000 0.00000 0.00000 ( 1)  0.000
 117 Q   1.00000 0.00000 0.00000 ( 1)  0.000
 118 T   1.00000 0.00000 0.00000 ( 1)  0.000
 119 A   1.00000 0.00000 0.00000 ( 1)  0.000
 120 G   1.00000 0.00000 0.00000 ( 1)  0.000
 121 E   1.00000 0.00000 0.00000 ( 1)  0.000
 122 E   1.00000 0.00000 0.00000 ( 1)  0.000
 123 R   1.00000 0.00000 0.00000 ( 1)  0.000
 124 C   1.00000 0.00000 0.00000 ( 1)  0.000
 125 F   1.00000 0.00000 0.00000 ( 1)  0.000
 126 D   1.00000 0.00000 0.00000 ( 1)  0.000
 127 R   1.00000 0.00000 0.00000 ( 1)  0.000
 128 K   1.00000 0.00000 0.00000 ( 1)  0.000
 129 R   1.00000 0.00000 0.00000 ( 1)  0.000
 130 T   1.00000 0.00000 0.00000 ( 1)  0.000
 131 K   1.00000 0.00000 0.00000 ( 1)  0.000
 132 F   1.00000 0.00000 0.00000 ( 1)  0.000
 133 N   1.00000 0.00000 0.00000 ( 1)  0.000
 134 A   1.00000 0.00000 0.00000 ( 1)  0.000
 135 C   1.00000 0.00000 0.00000 ( 1)  0.000
 136 D   1.00000 0.00000 0.00000 ( 1)  0.000
 137 F   1.00000 0.00000 0.00000 ( 1)  0.000
 138 L   1.00000 0.00000 0.00000 ( 1)  0.000
 139 T   1.00000 0.00000 0.00000 ( 1)  0.000
 140 E   1.00000 0.00000 0.00000 ( 1)  0.000
 141 Y   1.00000 0.00000 0.00000 ( 1)  0.000
 142 L   1.00000 0.00000 0.00000 ( 1)  0.000
 143 Y   1.00000 0.00000 0.00000 ( 1)  0.000
 144 A   1.00000 0.00000 0.00000 ( 1)  0.000
 145 N   1.00000 0.00000 0.00000 ( 1)  0.000
 146 N   1.00000 0.00000 0.00000 ( 1)  0.000
 147 P   1.00000 0.00000 0.00000 ( 1)  0.000
 148 A   1.00000 0.00000 0.00000 ( 1)  0.000
 149 H   1.00000 0.00000 0.00000 ( 1)  0.000
 150 P   1.00000 0.00000 0.00000 ( 1)  0.000
 151 E   1.00000 0.00000 0.00000 ( 1)  0.000
 152 R   1.00000 0.00000 0.00000 ( 1)  0.000
 153 R   1.00000 0.00000 0.00000 ( 1)  0.000
 154 G   1.00000 0.00000 0.00000 ( 1)  0.000
 155 T   1.00000 0.00000 0.00000 ( 1)  0.000
 156 R   1.00000 0.00000 0.00000 ( 1)  0.000
 157 L   1.00000 0.00000 0.00000 ( 1)  0.000
 158 A   1.00000 0.00000 0.00000 ( 1)  0.000
 159 D   1.00000 0.00000 0.00000 ( 1)  0.000
 160 V   1.00000 0.00000 0.00000 ( 1)  0.000
 161 P   1.00000 0.00000 0.00000 ( 1)  0.000
 162 F   1.00000 0.00000 0.00000 ( 1)  0.000
 163 V   1.00000 0.00000 0.00000 ( 1)  0.000
 164 R   1.00000 0.00000 0.00000 ( 1)  0.000
 165 D   1.00000 0.00000 0.00000 ( 1)  0.000
 166 E   1.00000 0.00000 0.00000 ( 1)  0.000
 167 W   1.00000 0.00000 0.00000 ( 1)  0.000
 168 E   1.00000 0.00000 0.00000 ( 1)  0.000
 169 R   1.00000 0.00000 0.00000 ( 1)  0.000
 170 N   1.00000 0.00000 0.00000 ( 1)  0.000
 171 P   1.00000 0.00000 0.00000 ( 1)  0.000
 172 R   1.00000 0.00000 0.00000 ( 1)  0.000
 173 P   1.00000 0.00000 0.00000 ( 1)  0.000
 174 P   1.00000 0.00000 0.00000 ( 1)  0.000
 175 L   1.00000 0.00000 0.00000 ( 1)  0.000
 176 P   1.00000 0.00000 0.00000 ( 1)  0.000
 177 L   1.00000 0.00000 0.00000 ( 1)  0.000
 178 S   1.00000 0.00000 0.00000 ( 1)  0.000
 179 V   1.00000 0.00000 0.00000 ( 1)  0.000
 180 L   1.00000 0.00000 0.00000 ( 1)  0.000
 181 L   1.00000 0.00000 0.00000 ( 1)  0.000
 182 S   1.00000 0.00000 0.00000 ( 1)  0.000
 183 D   1.00000 0.00000 0.00000 ( 1)  0.000
 184 D   1.00000 0.00000 0.00000 ( 1)  0.000
 185 E   1.00000 0.00000 0.00000 ( 1)  0.000
 186 A   1.00000 0.00000 0.00000 ( 1)  0.000
 187 V   1.00000 0.00000 0.00000 ( 1)  0.000
 188 Q   1.00000 0.00000 0.00000 ( 1)  0.000
 189 I   1.00000 0.00000 0.00000 ( 1)  0.000
 190 I   1.00000 0.00000 0.00000 ( 1)  0.000
 191 Q   1.00000 0.00000 0.00000 ( 1)  0.000
 192 N   1.00000 0.00000 0.00000 ( 1)  0.000
 193 Y   1.00000 0.00000 0.00000 ( 1)  0.000
 194 W   1.00000 0.00000 0.00000 ( 1)  0.000
 195 R   1.00000 0.00000 0.00000 ( 1)  0.000
 196 G   1.00000 0.00000 0.00000 ( 1)  0.000
 197 F   1.00000 0.00000 0.00000 ( 1)  0.000
 198 L   1.00000 0.00000 0.00000 ( 1)  0.000
 199 V   1.00000 0.00000 0.00000 ( 1)  0.000
 200 R   1.00000 0.00000 0.00000 ( 1)  0.000
 201 R   1.00000 0.00000 0.00000 ( 1)  0.000
 202 D   1.00000 0.00000 0.00000 ( 1)  0.000
 203 P   1.00000 0.00000 0.00000 ( 1)  0.000
 204 E   1.00000 0.00000 0.00000 ( 1)  0.000
 205 V   1.00000 0.00000 0.00000 ( 1)  0.000
 206 Q   1.00000 0.00000 0.00000 ( 1)  0.000
 207 E   1.00000 0.00000 0.00000 ( 1)  0.000
 208 L   1.00000 0.00000 0.00000 ( 1)  0.000
 209 R   1.00000 0.00000 0.00000 ( 1)  0.000
 210 Q   1.00000 0.00000 0.00000 ( 1)  0.000
 211 W   1.00000 0.00000 0.00000 ( 1)  0.000
 212 Q   1.00000 0.00000 0.00000 ( 1)  0.000
 213 R   1.00000 0.00000 0.00000 ( 1)  0.000
 214 E   1.00000 0.00000 0.00000 ( 1)  0.000
 215 W   1.00000 0.00000 0.00000 ( 1)  0.000
 216 R   1.00000 0.00000 0.00000 ( 1)  0.000
 217 E   1.00000 0.00000 0.00000 ( 1)  0.000
 218 T   1.00000 0.00000 0.00000 ( 1)  0.000
 219 N   1.00000 0.00000 0.00000 ( 1)  0.000
 220 R   1.00000 0.00000 0.00000 ( 1)  0.000
 221 D   1.00000 0.00000 0.00000 ( 1)  0.000
 222 A   1.00000 0.00000 0.00000 ( 1)  0.000
 223 R   1.00000 0.00000 0.00000 ( 1)  0.000
 224 R   1.00000 0.00000 0.00000 ( 1)  0.000
 225 S   1.00000 0.00000 0.00000 ( 1)  0.000
 226 V   1.00000 0.00000 0.00000 ( 1)  0.000
 227 S   1.00000 0.00000 0.00000 ( 1)  0.000
 228 E   1.00000 0.00000 0.00000 ( 1)  0.000
 229 F   1.00000 0.00000 0.00000 ( 1)  0.000
 230 W   1.00000 0.00000 0.00000 ( 1)  0.000
 231 E   1.00000 0.00000 0.00000 ( 1)  0.000
 232 Q   1.00000 0.00000 0.00000 ( 1)  0.000
 233 R   1.00000 0.00000 0.00000 ( 1)  0.000
 234 M   1.00000 0.00000 0.00000 ( 1)  0.000
 235 G   1.00000 0.00000 0.00000 ( 1)  0.000
 236 P   1.00000 0.00000 0.00000 ( 1)  0.000
 237 D   1.00000 0.00000 0.00000 ( 1)  0.000
 238 S   1.00000 0.00000 0.00000 ( 1)  0.000
 239 S   1.00000 0.00000 0.00000 ( 1)  0.000
 240 P   1.00000 0.00000 0.00000 ( 1)  0.000
 241 R   1.00000 0.00000 0.00000 ( 1)  0.000
 242 N   1.00000 0.00000 0.00000 ( 1)  0.000
 243 D   1.00000 0.00000 0.00000 ( 1)  0.000
 244 D   1.00000 0.00000 0.00000 ( 1)  0.000
 245 D   1.00000 0.00000 0.00000 ( 1)  0.000
 246 N   1.00000 0.00000 0.00000 ( 1)  0.000
 247 Q   1.00000 0.00000 0.00000 ( 1)  0.000
 248 A   1.00000 0.00000 0.00000 ( 1)  0.000
 249 T   1.00000 0.00000 0.00000 ( 1)  0.000
 250 K   1.00000 0.00000 0.00000 ( 1)  0.000
 251 G   1.00000 0.00000 0.00000 ( 1)  0.000
 252 D   1.00000 0.00000 0.00000 ( 1)  0.000
 253 S   1.00000 0.00000 0.00000 ( 1)  0.000
 254 T   1.00000 0.00000 0.00000 ( 1)  0.000
 255 A   1.00000 0.00000 0.00000 ( 1)  0.000
 256 A   1.00000 0.00000 0.00000 ( 1)  0.000
 257 A   1.00000 0.00000 0.00000 ( 1)  0.000
 258 A   1.00000 0.00000 0.00000 ( 1)  0.000
 259 C   1.00000 0.00000 0.00000 ( 1)  0.000
 260 V   1.00000 0.00000 0.00000 ( 1)  0.000
 261 D   1.00000 0.00000 0.00000 ( 1)  0.000
 262 D   1.00000 0.00000 0.00000 ( 1)  0.000
 263 A   1.00000 0.00000 0.00000 ( 1)  0.000
 264 T   1.00000 0.00000 0.00000 ( 1)  0.000
 265 K   1.00000 0.00000 0.00000 ( 1)  0.000
 266 E   1.00000 0.00000 0.00000 ( 1)  0.000
 267 A   1.00000 0.00000 0.00000 ( 1)  0.000
 268 G   1.00000 0.00000 0.00000 ( 1)  0.000
 269 D   1.00000 0.00000 0.00000 ( 1)  0.000
 270 E   1.00000 0.00000 0.00000 ( 1)  0.000
 271 G   1.00000 0.00000 0.00000 ( 1)  0.000
 272 Q   1.00000 0.00000 0.00000 ( 1)  0.000
 273 R   1.00000 0.00000 0.00000 ( 1)  0.000
 274 P   1.00000 0.00000 0.00000 ( 1)  0.000
 275 L   1.00000 0.00000 0.00000 ( 1)  0.000
 276 A   1.00000 0.00000 0.00000 ( 1)  0.000
 277 E   1.00000 0.00000 0.00000 ( 1)  0.000
 278 L   1.00000 0.00000 0.00000 ( 1)  0.000
 279 H   1.00000 0.00000 0.00000 ( 1)  0.000
 280 T   1.00000 0.00000 0.00000 ( 1)  0.000
 281 T   1.00000 0.00000 0.00000 ( 1)  0.000
 282 L   1.00000 0.00000 0.00000 ( 1)  0.000
 283 D   1.00000 0.00000 0.00000 ( 1)  0.000
 284 Y   1.00000 0.00000 0.00000 ( 1)  0.000
 285 N   1.00000 0.00000 0.00000 ( 1)  0.000
 286 K   1.00000 0.00000 0.00000 ( 1)  0.000
 287 D   1.00000 0.00000 0.00000 ( 1)  0.000
 288 D   1.00000 0.00000 0.00000 ( 1)  0.000
 289 R   1.00000 0.00000 0.00000 ( 1)  0.000
 290 G   1.00000 0.00000 0.00000 ( 1)  0.000
 291 I   1.00000 0.00000 0.00000 ( 1)  0.000
 292 I   1.00000 0.00000 0.00000 ( 1)  0.000
 293 S   1.00000 0.00000 0.00000 ( 1)  0.000
 294 P   1.00000 0.00000 0.00000 ( 1)  0.000
 295 K   1.00000 0.00000 0.00000 ( 1)  0.000
 296 L   1.00000 0.00000 0.00000 ( 1)  0.000
 297 S   1.00000 0.00000 0.00000 ( 1)  0.000
 298 E   1.00000 0.00000 0.00000 ( 1)  0.000

Positively selected sites

	Prob(w>1)  mean w



lnL = -1199.375500

Bayes Empirical Bayes (BEB) probabilities for 3 classes (class) & postmean_w
(amino acids refer to 1st sequence: Mlig.48728)

   1 K   0.88664 0.07162 0.04174 ( 1)  0.261 +-  0.688
   2 N   0.88590 0.07186 0.04224 ( 1)  0.263 +-  0.695
   3 I   0.89006 0.07048 0.03946 ( 1)  0.251 +-  0.652
   4 W   0.88628 0.07174 0.04198 ( 1)  0.262 +-  0.691
   5 E   0.89125 0.07002 0.03874 ( 1)  0.248 +-  0.643
   6 E   0.88708 0.07147 0.04145 ( 1)  0.260 +-  0.683
   7 I   0.88650 0.07167 0.04183 ( 1)  0.261 +-  0.689
   8 C   0.88962 0.07063 0.03974 ( 1)  0.252 +-  0.657
   9 K   0.88664 0.07162 0.04174 ( 1)  0.261 +-  0.688
  10 E   0.89125 0.07002 0.03874 ( 1)  0.248 +-  0.643
  11 A   0.89074 0.07020 0.03906 ( 1)  0.250 +-  0.648
  12 R   0.88976 0.07056 0.03967 ( 1)  0.252 +-  0.656
  13 S   0.88463 0.07226 0.04311 ( 1)  0.267 +-  0.709
  14 M   0.88985 0.07056 0.03960 ( 1)  0.252 +-  0.654
  15 R   0.88479 0.07221 0.04300 ( 1)  0.267 +-  0.707
  16 P   0.88427 0.07237 0.04336 ( 1)  0.268 +-  0.713
  17 P   0.88505 0.07213 0.04283 ( 1)  0.266 +-  0.705
  18 F   0.88929 0.07075 0.03996 ( 1)  0.253 +-  0.660
  19 P   0.89018 0.07040 0.03942 ( 1)  0.251 +-  0.653
  20 D   0.89291 0.06941 0.03768 ( 1)  0.244 +-  0.628
  21 E   0.88708 0.07147 0.04145 ( 1)  0.260 +-  0.683
  22 D   0.89291 0.06941 0.03768 ( 1)  0.244 +-  0.628
  23 A   0.88953 0.07063 0.03984 ( 1)  0.253 +-  0.660
  24 Q   0.88888 0.07086 0.04026 ( 1)  0.255 +-  0.666
  25 S   0.89016 0.07044 0.03940 ( 1)  0.251 +-  0.652
  26 A   0.88953 0.07063 0.03984 ( 1)  0.253 +-  0.660
  27 S   0.88463 0.07226 0.04311 ( 1)  0.267 +-  0.709
  28 T   0.88444 0.07232 0.04324 ( 1)  0.268 +-  0.711
  29 T   0.89074 0.07023 0.03904 ( 1)  0.249 +-  0.647
  30 K   0.89113 0.07009 0.03878 ( 1)  0.248 +-  0.643
  31 S   0.89016 0.07044 0.03940 ( 1)  0.251 +-  0.652
  32 D   0.89291 0.06941 0.03768 ( 1)  0.244 +-  0.628
  33 Y   0.89155 0.06995 0.03851 ( 1)  0.247 +-  0.638
  34 D   0.89291 0.06941 0.03768 ( 1)  0.244 +-  0.628
  35 P   0.88672 0.07158 0.04170 ( 1)  0.261 +-  0.688
  36 K   0.88664 0.07162 0.04174 ( 1)  0.261 +-  0.688
  37 K   0.89113 0.07009 0.03878 ( 1)  0.248 +-  0.643
  38 H   0.89223 0.06966 0.03811 ( 1)  0.245 +-  0.634
  39 T   0.88951 0.07066 0.03983 ( 1)  0.253 +-  0.659
  40 P   0.88505 0.07213 0.04283 ( 1)  0.266 +-  0.705
  41 V   0.88973 0.07058 0.03969 ( 1)  0.252 +-  0.657
  42 F   0.88929 0.07075 0.03996 ( 1)  0.253 +-  0.660
  43 Y   0.89155 0.06995 0.03851 ( 1)  0.247 +-  0.638
  44 G   0.89190 0.06981 0.03829 ( 1)  0.246 +-  0.635
  45 K   0.88664 0.07162 0.04174 ( 1)  0.261 +-  0.688
  46 L   0.88808 0.07114 0.04078 ( 1)  0.257 +-  0.673
  47 H   0.89223 0.06966 0.03811 ( 1)  0.245 +-  0.634
  48 H   0.89223 0.06966 0.03811 ( 1)  0.245 +-  0.634
  49 Q   0.88587 0.07187 0.04226 ( 1)  0.263 +-  0.696
  50 L   0.88808 0.07114 0.04078 ( 1)  0.257 +-  0.673
  51 P   0.88903 0.07080 0.04017 ( 1)  0.254 +-  0.665
  52 C   0.88962 0.07063 0.03974 ( 1)  0.252 +-  0.657
  53 N   0.89293 0.06944 0.03763 ( 1)  0.243 +-  0.626
  54 D   0.89291 0.06941 0.03768 ( 1)  0.244 +-  0.628
  55 G   0.88485 0.07219 0.04296 ( 1)  0.267 +-  0.707
  56 S   0.88423 0.07239 0.04338 ( 1)  0.268 +-  0.713
  57 L   0.88808 0.07114 0.04078 ( 1)  0.257 +-  0.673
  58 D   0.89291 0.06941 0.03768 ( 1)  0.244 +-  0.628
  59 F   0.88929 0.07075 0.03996 ( 1)  0.253 +-  0.660
  60 D   0.88637 0.07171 0.04192 ( 1)  0.262 +-  0.690
  61 P   0.88505 0.07213 0.04283 ( 1)  0.266 +-  0.705
  62 A   0.89074 0.07020 0.03906 ( 1)  0.250 +-  0.648
  63 V   0.89098 0.07014 0.03888 ( 1)  0.249 +-  0.644
  64 S   0.89016 0.07044 0.03940 ( 1)  0.251 +-  0.652
  65 H   0.89223 0.06966 0.03811 ( 1)  0.245 +-  0.634
  66 P   0.88505 0.07213 0.04283 ( 1)  0.266 +-  0.705
  67 A   0.88447 0.07231 0.04322 ( 1)  0.268 +-  0.711
  68 T   0.88526 0.07206 0.04267 ( 1)  0.265 +-  0.702
  69 F   0.88929 0.07075 0.03996 ( 1)  0.253 +-  0.660
  70 G   0.88485 0.07219 0.04296 ( 1)  0.267 +-  0.707
  71 F   0.88421 0.07240 0.04339 ( 1)  0.269 +-  0.713
  72 A   0.88953 0.07063 0.03984 ( 1)  0.253 +-  0.660
  73 L   0.88808 0.07114 0.04078 ( 1)  0.257 +-  0.673
  74 L   0.89051 0.07030 0.03918 ( 1)  0.250 +-  0.649
  75 D   0.89291 0.06941 0.03768 ( 1)  0.244 +-  0.628
  76 R   0.88976 0.07056 0.03967 ( 1)  0.252 +-  0.656
  77 P   0.88505 0.07213 0.04283 ( 1)  0.266 +-  0.705
  78 P   0.88708 0.07146 0.04145 ( 1)  0.260 +-  0.684
  79 Q   0.88888 0.07086 0.04026 ( 1)  0.255 +-  0.666
  80 P   0.88903 0.07080 0.04017 ( 1)  0.254 +-  0.665
  81 P   0.88903 0.07080 0.04017 ( 1)  0.254 +-  0.665
  82 P   0.88903 0.07080 0.04017 ( 1)  0.254 +-  0.665
  83 E   0.89125 0.07002 0.03874 ( 1)  0.248 +-  0.643
  84 P   0.88903 0.07080 0.04017 ( 1)  0.254 +-  0.665
  85 P   0.88903 0.07080 0.04017 ( 1)  0.254 +-  0.665
  86 C   0.88424 0.07239 0.04338 ( 1)  0.268 +-  0.713
  87 P   0.89018 0.07040 0.03942 ( 1)  0.251 +-  0.653
  88 P   0.88903 0.07080 0.04017 ( 1)  0.254 +-  0.665
  89 P   0.88505 0.07213 0.04283 ( 1)  0.266 +-  0.705
  90 D   0.88637 0.07171 0.04192 ( 1)  0.262 +-  0.690
  91 R   0.88522 0.07208 0.04270 ( 1)  0.265 +-  0.703
  92 K   0.89113 0.07009 0.03878 ( 1)  0.248 +-  0.643
  93 K   0.89113 0.07009 0.03878 ( 1)  0.248 +-  0.643
  94 C   0.88962 0.07063 0.03974 ( 1)  0.252 +-  0.657
  95 S   0.88850 0.07100 0.04050 ( 1)  0.256 +-  0.669
  96 P   0.88505 0.07213 0.04283 ( 1)  0.266 +-  0.705
  97 R   0.88909 0.07081 0.04010 ( 1)  0.254 +-  0.662
  98 E   0.88708 0.07147 0.04145 ( 1)  0.260 +-  0.683
  99 Y   0.89155 0.06995 0.03851 ( 1)  0.247 +-  0.638
 100 L   0.88436 0.07235 0.04329 ( 1)  0.268 +-  0.712
 101 E   0.89125 0.07002 0.03874 ( 1)  0.248 +-  0.643
 102 H   0.89223 0.06966 0.03811 ( 1)  0.245 +-  0.634
 103 Y   0.89155 0.06995 0.03851 ( 1)  0.247 +-  0.638
 104 V   0.88973 0.07058 0.03969 ( 1)  0.252 +-  0.657
 105 F   0.88666 0.07158 0.04176 ( 1)  0.261 +-  0.690
 106 P   0.88505 0.07213 0.04283 ( 1)  0.266 +-  0.705
 107 T   0.88444 0.07232 0.04324 ( 1)  0.268 +-  0.711
 108 L   0.88808 0.07114 0.04078 ( 1)  0.257 +-  0.673
 109 L   0.88808 0.07114 0.04078 ( 1)  0.257 +-  0.673
 110 P   0.88505 0.07213 0.04283 ( 1)  0.266 +-  0.705
 111 A   0.89074 0.07020 0.03906 ( 1)  0.250 +-  0.648
 112 M   0.88985 0.07056 0.03960 ( 1)  0.252 +-  0.654
 113 E   0.89125 0.07002 0.03874 ( 1)  0.248 +-  0.643
 114 A   0.88953 0.07063 0.03984 ( 1)  0.253 +-  0.660
 115 M   0.88985 0.07056 0.03960 ( 1)  0.252 +-  0.654
 116 L   0.88808 0.07114 0.04078 ( 1)  0.257 +-  0.673
 117 Q   0.88888 0.07086 0.04026 ( 1)  0.255 +-  0.666
 118 T   0.88951 0.07066 0.03983 ( 1)  0.253 +-  0.659
 119 A   0.89074 0.07020 0.03906 ( 1)  0.250 +-  0.648
 120 G   0.88565 0.07194 0.04241 ( 1)  0.264 +-  0.698
 121 E   0.88708 0.07147 0.04145 ( 1)  0.260 +-  0.683
 122 E   0.89125 0.07002 0.03874 ( 1)  0.248 +-  0.643
 123 R   0.89141 0.06999 0.03860 ( 1)  0.247 +-  0.640
 124 C   0.88962 0.07063 0.03974 ( 1)  0.252 +-  0.657
 125 F   0.88421 0.07240 0.04339 ( 1)  0.269 +-  0.713
 126 D   0.88637 0.07171 0.04192 ( 1)  0.262 +-  0.690
 127 R   0.88976 0.07056 0.03967 ( 1)  0.252 +-  0.656
 128 K   0.89113 0.07009 0.03878 ( 1)  0.248 +-  0.643
 129 R   0.88479 0.07221 0.04300 ( 1)  0.267 +-  0.707
 130 T   0.89074 0.07023 0.03904 ( 1)  0.249 +-  0.647
 131 K   0.88861 0.07088 0.04052 ( 1)  0.256 +-  0.672
 132 F   0.88929 0.07075 0.03996 ( 1)  0.253 +-  0.660
 133 N   0.89293 0.06944 0.03763 ( 1)  0.243 +-  0.626
 134 A   0.89074 0.07020 0.03906 ( 1)  0.250 +-  0.648
 135 C   0.88962 0.07063 0.03974 ( 1)  0.252 +-  0.657
 136 D   0.89291 0.06941 0.03768 ( 1)  0.244 +-  0.628
 137 F   0.88929 0.07075 0.03996 ( 1)  0.253 +-  0.660
 138 L   0.89051 0.07030 0.03918 ( 1)  0.250 +-  0.649
 139 T   0.89074 0.07023 0.03904 ( 1)  0.249 +-  0.647
 140 E   0.89125 0.07002 0.03874 ( 1)  0.248 +-  0.643
 141 Y   0.89155 0.06995 0.03851 ( 1)  0.247 +-  0.638
 142 L   0.88808 0.07114 0.04078 ( 1)  0.257 +-  0.673
 143 Y   0.89155 0.06995 0.03851 ( 1)  0.247 +-  0.638
 144 A   0.89074 0.07020 0.03906 ( 1)  0.250 +-  0.648
 145 N   0.89293 0.06944 0.03763 ( 1)  0.243 +-  0.626
 146 N   0.89293 0.06944 0.03763 ( 1)  0.243 +-  0.626
 147 P   0.89018 0.07040 0.03942 ( 1)  0.251 +-  0.653
 148 A   0.89074 0.07020 0.03906 ( 1)  0.250 +-  0.648
 149 H   0.88610 0.07180 0.04211 ( 1)  0.263 +-  0.693
 150 P   0.89018 0.07040 0.03942 ( 1)  0.251 +-  0.653
 151 E   0.89125 0.07002 0.03874 ( 1)  0.248 +-  0.643
 152 R   0.88467 0.07225 0.04308 ( 1)  0.267 +-  0.709
 153 R   0.89141 0.06999 0.03860 ( 1)  0.247 +-  0.640
 154 G   0.89190 0.06981 0.03829 ( 1)  0.246 +-  0.635
 155 T   0.88444 0.07232 0.04324 ( 1)  0.268 +-  0.711
 156 R   0.89141 0.06999 0.03860 ( 1)  0.247 +-  0.640
 157 L   0.89051 0.07030 0.03918 ( 1)  0.250 +-  0.649
 158 A   0.89074 0.07020 0.03906 ( 1)  0.250 +-  0.648
 159 D   0.88637 0.07171 0.04192 ( 1)  0.262 +-  0.690
 160 V   0.88453 0.07229 0.04318 ( 1)  0.268 +-  0.710
 161 P   0.88903 0.07080 0.04017 ( 1)  0.254 +-  0.665
 162 F   0.88929 0.07075 0.03996 ( 1)  0.253 +-  0.660
 163 V   0.88538 0.07203 0.04260 ( 1)  0.265 +-  0.701
 164 R   0.89141 0.06999 0.03860 ( 1)  0.247 +-  0.640
 165 D   0.89291 0.06941 0.03768 ( 1)  0.244 +-  0.628
 166 E   0.89125 0.07002 0.03874 ( 1)  0.248 +-  0.643
 167 W   0.88628 0.07174 0.04198 ( 1)  0.262 +-  0.691
 168 E   0.89125 0.07002 0.03874 ( 1)  0.248 +-  0.643
 169 R   0.88522 0.07208 0.04270 ( 1)  0.265 +-  0.703
 170 N   0.88590 0.07186 0.04224 ( 1)  0.263 +-  0.695
 171 P   0.88427 0.07237 0.04336 ( 1)  0.268 +-  0.713
 172 R   0.89141 0.06999 0.03860 ( 1)  0.247 +-  0.640
 173 P   0.88903 0.07080 0.04017 ( 1)  0.254 +-  0.665
 174 P   0.88903 0.07080 0.04017 ( 1)  0.254 +-  0.665
 175 L   0.88808 0.07114 0.04078 ( 1)  0.257 +-  0.673
 176 P   0.88903 0.07080 0.04017 ( 1)  0.254 +-  0.665
 177 L   0.88808 0.07114 0.04078 ( 1)  0.257 +-  0.673
 178 S   0.89016 0.07044 0.03940 ( 1)  0.251 +-  0.652
 179 V   0.89098 0.07014 0.03888 ( 1)  0.249 +-  0.644
 180 L   0.88456 0.07228 0.04315 ( 1)  0.267 +-  0.710
 181 L   0.88808 0.07114 0.04078 ( 1)  0.257 +-  0.673
 182 S   0.89078 0.07023 0.03899 ( 1)  0.249 +-  0.645
 183 D   0.89291 0.06941 0.03768 ( 1)  0.244 +-  0.628
 184 D   0.88637 0.07171 0.04192 ( 1)  0.262 +-  0.690
 185 E   0.89125 0.07002 0.03874 ( 1)  0.248 +-  0.643
 186 A   0.88953 0.07063 0.03984 ( 1)  0.253 +-  0.660
 187 V   0.88973 0.07058 0.03969 ( 1)  0.252 +-  0.657
 188 Q   0.88888 0.07086 0.04026 ( 1)  0.255 +-  0.666
 189 I   0.89006 0.07048 0.03946 ( 1)  0.251 +-  0.652
 190 I   0.89006 0.07048 0.03946 ( 1)  0.251 +-  0.652
 191 Q   0.88691 0.07140 0.04169 ( 1)  0.261 +-  0.692
 192 N   0.89293 0.06944 0.03763 ( 1)  0.243 +-  0.626
 193 Y   0.89155 0.06995 0.03851 ( 1)  0.247 +-  0.638
 194 W   0.88628 0.07174 0.04198 ( 1)  0.262 +-  0.691
 195 R   0.89141 0.06999 0.03860 ( 1)  0.247 +-  0.640
 196 G   0.89190 0.06981 0.03829 ( 1)  0.246 +-  0.635
 197 F   0.88421 0.07240 0.04339 ( 1)  0.269 +-  0.713
 198 L   0.88513 0.07211 0.04276 ( 1)  0.266 +-  0.704
 199 V   0.88973 0.07058 0.03969 ( 1)  0.252 +-  0.657
 200 R   0.89141 0.06999 0.03860 ( 1)  0.247 +-  0.640
 201 R   0.89141 0.06999 0.03860 ( 1)  0.247 +-  0.640
 202 D   0.89291 0.06941 0.03768 ( 1)  0.244 +-  0.628
 203 P   0.88903 0.07080 0.04017 ( 1)  0.254 +-  0.665
 204 E   0.89125 0.07002 0.03874 ( 1)  0.248 +-  0.643
 205 V   0.89098 0.07014 0.03888 ( 1)  0.249 +-  0.644
 206 Q   0.88888 0.07086 0.04026 ( 1)  0.255 +-  0.666
 207 E   0.89125 0.07002 0.03874 ( 1)  0.248 +-  0.643
 208 L   0.88808 0.07114 0.04078 ( 1)  0.257 +-  0.673
 209 R   0.89141 0.06999 0.03860 ( 1)  0.247 +-  0.640
 210 Q   0.88888 0.07086 0.04026 ( 1)  0.255 +-  0.666
 211 W   0.88628 0.07174 0.04198 ( 1)  0.262 +-  0.691
 212 Q   0.88888 0.07086 0.04026 ( 1)  0.255 +-  0.666
 213 R   0.88479 0.07221 0.04300 ( 1)  0.267 +-  0.707
 214 E   0.88708 0.07147 0.04145 ( 1)  0.260 +-  0.683
 215 W   0.88628 0.07174 0.04198 ( 1)  0.262 +-  0.691
 216 R   0.89141 0.06999 0.03860 ( 1)  0.247 +-  0.640
 217 E   0.89125 0.07002 0.03874 ( 1)  0.248 +-  0.643
 218 T   0.89074 0.07023 0.03904 ( 1)  0.249 +-  0.647
 219 N   0.89293 0.06944 0.03763 ( 1)  0.243 +-  0.626
 220 R   0.89141 0.06999 0.03860 ( 1)  0.247 +-  0.640
 221 D   0.89291 0.06941 0.03768 ( 1)  0.244 +-  0.628
 222 A   0.89074 0.07020 0.03906 ( 1)  0.250 +-  0.648
 223 R   0.88909 0.07081 0.04010 ( 1)  0.254 +-  0.662
 224 R   0.89141 0.06999 0.03860 ( 1)  0.247 +-  0.640
 225 S   0.89078 0.07023 0.03899 ( 1)  0.249 +-  0.645
 226 V   0.89098 0.07014 0.03888 ( 1)  0.249 +-  0.644
 227 S   0.89078 0.07023 0.03899 ( 1)  0.249 +-  0.645
 228 E   0.88708 0.07147 0.04145 ( 1)  0.260 +-  0.683
 229 F   0.88929 0.07075 0.03996 ( 1)  0.253 +-  0.660
 230 W   0.88628 0.07174 0.04198 ( 1)  0.262 +-  0.691
 231 E   0.89125 0.07002 0.03874 ( 1)  0.248 +-  0.643
 232 Q   0.88888 0.07086 0.04026 ( 1)  0.255 +-  0.666
 233 R   0.89141 0.06999 0.03860 ( 1)  0.247 +-  0.640
 234 M   0.88985 0.07056 0.03960 ( 1)  0.252 +-  0.654
 235 G   0.89190 0.06981 0.03829 ( 1)  0.246 +-  0.635
 236 P   0.88903 0.07080 0.04017 ( 1)  0.254 +-  0.665
 237 D   0.89291 0.06941 0.03768 ( 1)  0.244 +-  0.628
 238 S   0.88850 0.07100 0.04050 ( 1)  0.256 +-  0.669
 239 S   0.88463 0.07226 0.04311 ( 1)  0.267 +-  0.709
 240 P   0.88903 0.07080 0.04017 ( 1)  0.254 +-  0.665
 241 R   0.88909 0.07081 0.04010 ( 1)  0.254 +-  0.662
 242 N   0.89293 0.06944 0.03763 ( 1)  0.243 +-  0.626
 243 D   0.89291 0.06941 0.03768 ( 1)  0.244 +-  0.628
 244 D   0.89291 0.06941 0.03768 ( 1)  0.244 +-  0.628
 245 D   0.89291 0.06941 0.03768 ( 1)  0.244 +-  0.628
 246 N   0.89293 0.06944 0.03763 ( 1)  0.243 +-  0.626
 247 Q   0.88587 0.07187 0.04226 ( 1)  0.263 +-  0.696
 248 A   0.88953 0.07063 0.03984 ( 1)  0.253 +-  0.660
 249 T   0.88526 0.07206 0.04267 ( 1)  0.265 +-  0.702
 250 K   0.88664 0.07162 0.04174 ( 1)  0.261 +-  0.688
 251 G   0.88485 0.07219 0.04296 ( 1)  0.267 +-  0.707
 252 D   0.88637 0.07171 0.04192 ( 1)  0.262 +-  0.690
 253 S   0.88850 0.07100 0.04050 ( 1)  0.256 +-  0.669
 254 T   0.88526 0.07206 0.04267 ( 1)  0.265 +-  0.702
 255 A   0.88447 0.07231 0.04322 ( 1)  0.268 +-  0.711
 256 A   0.89074 0.07020 0.03906 ( 1)  0.250 +-  0.648
 257 A   0.88530 0.07205 0.04266 ( 1)  0.265 +-  0.702
 258 A   0.89074 0.07020 0.03906 ( 1)  0.250 +-  0.648
 259 C   0.88424 0.07239 0.04338 ( 1)  0.268 +-  0.713
 260 V   0.88453 0.07229 0.04318 ( 1)  0.268 +-  0.710
 261 D   0.88637 0.07171 0.04192 ( 1)  0.262 +-  0.690
 262 D   0.88637 0.07171 0.04192 ( 1)  0.262 +-  0.690
 263 A   0.89074 0.07020 0.03906 ( 1)  0.250 +-  0.648
 264 T   0.88526 0.07206 0.04267 ( 1)  0.265 +-  0.702
 265 K   0.89113 0.07009 0.03878 ( 1)  0.248 +-  0.643
 266 E   0.88708 0.07147 0.04145 ( 1)  0.260 +-  0.683
 267 A   0.88447 0.07231 0.04322 ( 1)  0.268 +-  0.711
 268 G   0.88565 0.07194 0.04241 ( 1)  0.264 +-  0.698
 269 D   0.88637 0.07171 0.04192 ( 1)  0.262 +-  0.690
 270 E   0.88708 0.07147 0.04145 ( 1)  0.260 +-  0.683
 271 G   0.89190 0.06981 0.03829 ( 1)  0.246 +-  0.635
 272 Q   0.88888 0.07086 0.04026 ( 1)  0.255 +-  0.666
 273 R   0.88467 0.07225 0.04308 ( 1)  0.267 +-  0.709
 274 P   0.88427 0.07237 0.04336 ( 1)  0.268 +-  0.713
 275 L   0.88456 0.07228 0.04315 ( 1)  0.267 +-  0.710
 276 A   0.88953 0.07063 0.03984 ( 1)  0.253 +-  0.660
 277 E   0.89125 0.07002 0.03874 ( 1)  0.248 +-  0.643
 278 L   0.88808 0.07114 0.04078 ( 1)  0.257 +-  0.673
 279 H   0.89223 0.06966 0.03811 ( 1)  0.245 +-  0.634
 280 T   0.89074 0.07023 0.03904 ( 1)  0.249 +-  0.647
 281 T   0.89074 0.07023 0.03904 ( 1)  0.249 +-  0.647
 282 L   0.88808 0.07114 0.04078 ( 1)  0.257 +-  0.673
 283 D   0.89291 0.06941 0.03768 ( 1)  0.244 +-  0.628
 284 Y   0.89155 0.06995 0.03851 ( 1)  0.247 +-  0.638
 285 N   0.89293 0.06944 0.03763 ( 1)  0.243 +-  0.626
 286 K   0.89113 0.07009 0.03878 ( 1)  0.248 +-  0.643
 287 D   0.89291 0.06941 0.03768 ( 1)  0.244 +-  0.628
 288 D   0.89291 0.06941 0.03768 ( 1)  0.244 +-  0.628
 289 R   0.88479 0.07221 0.04300 ( 1)  0.267 +-  0.707
 290 G   0.89190 0.06981 0.03829 ( 1)  0.246 +-  0.635
 291 I   0.89006 0.07048 0.03946 ( 1)  0.251 +-  0.652
 292 I   0.89006 0.07048 0.03946 ( 1)  0.251 +-  0.652
 293 S   0.88850 0.07100 0.04050 ( 1)  0.256 +-  0.669
 294 P   0.88903 0.07080 0.04017 ( 1)  0.254 +-  0.665
 295 K   0.89113 0.07009 0.03878 ( 1)  0.248 +-  0.643
 296 L   0.88808 0.07114 0.04078 ( 1)  0.257 +-  0.673
 297 S   0.89078 0.07023 0.03899 ( 1)  0.249 +-  0.645
 298 E   0.89125 0.07002 0.03874 ( 1)  0.248 +-  0.643

Positively selected sites

	Prob(w>1)  mean w


