Supplemental results for CODEML (seqf: algn  treef: tree)


dN/dS (w) for site classes (K=3)

p:   0.10057  0.00000  0.89943
w:   1.00000  1.00000 51.63541

Naive Empirical Bayes (NEB) probabilities for 3 classes & postmean_w & P(w>1)
(amino acids refer to 1st sequence: Treg.6410)

   1 M   0.75336 0.00000 0.24664 ( 1) 13.489  0.247
   2 S   0.05275 0.00000 0.94725 ( 3) 48.964  0.947
   3 V   0.36278 0.00000 0.63722 ( 3) 33.266  0.637
   4 S   0.38081 0.00000 0.61919 ( 3) 32.353  0.619
   5 Q   0.60640 0.00000 0.39360 ( 1) 20.930  0.394
   6 A   0.00268 0.00000 0.99732 ( 3) 51.500  0.997
   7 Y   0.05491 0.00000 0.94509 ( 3) 48.855  0.945
   8 Q   0.00600 0.00000 0.99400 ( 3) 51.331  0.994
   9 S   0.04672 0.00000 0.95328 ( 3) 49.270  0.953
  10 N   0.04241 0.00000 0.95759 ( 3) 49.488  0.958
  11 Q   0.00571 0.00000 0.99429 ( 3) 51.346  0.994
  12 A   0.00361 0.00000 0.99639 ( 3) 51.453  0.996
  13 T   0.00030 0.00000 0.99970 ( 3) 51.620  1.000
  14 S   0.02664 0.00000 0.97336 ( 3) 50.287  0.973
  15 L   0.00223 0.00000 0.99777 ( 3) 51.522  0.998
  16 A   0.00389 0.00000 0.99611 ( 3) 51.439  0.996
  17 V   0.00474 0.00000 0.99526 ( 3) 51.395  0.995
  18 Y   0.00438 0.00000 0.99562 ( 3) 51.414  0.996
  19 N   0.04337 0.00000 0.95663 ( 3) 49.440  0.957
  20 L   0.06643 0.00000 0.93357 ( 3) 48.272  0.934
  21 P   0.00435 0.00000 0.99565 ( 3) 51.415  0.996
  22 C   0.04306 0.00000 0.95694 ( 3) 49.455  0.957
  23 S   0.00135 0.00000 0.99865 ( 3) 51.567  0.999
  24 A   0.00493 0.00000 0.99507 ( 3) 51.386  0.995
  25 N   0.03923 0.00000 0.96077 ( 3) 49.649  0.961
  26 E   0.06143 0.00000 0.93857 ( 3) 48.525  0.939
  27 T   0.00248 0.00000 0.99752 ( 3) 51.510  0.998
  28 E   0.05664 0.00000 0.94336 ( 3) 48.767  0.943
  29 V   0.00274 0.00000 0.99726 ( 3) 51.497  0.997
  30 Q   0.01673 0.00000 0.98327 ( 3) 50.788  0.983
  31 S   0.00203 0.00000 0.99797 ( 3) 51.533  0.998
  32 I   0.37360 0.00000 0.62640 ( 3) 32.718  0.626
  33 F   0.00024 0.00000 0.99976 ( 3) 51.623  1.000
  34 P   0.35174 0.00000 0.64826 ( 3) 33.825  0.648
  35 S   0.00020 0.00000 0.99980 ( 3) 51.625  1.000
  36 A   0.00435 0.00000 0.99565 ( 3) 51.415  0.996
  37 K   0.37197 0.00000 0.62803 ( 3) 32.801  0.628
  38 S   0.00194 0.00000 0.99806 ( 3) 51.537  0.998
  39 V   0.00016 0.00000 0.99984 ( 3) 51.627  1.000
  40 S   0.04221 0.00000 0.95779 ( 3) 49.498  0.958
  41 I   0.03945 0.00000 0.96055 ( 3) 49.638  0.961
  42 V   0.04126 0.00000 0.95874 ( 3) 49.546  0.959
  43 R   0.00192 0.00000 0.99808 ( 3) 51.538  0.998
  44 S   0.03870 0.00000 0.96130 ( 3) 49.676  0.961
  45 H   0.05282 0.00000 0.94718 ( 3) 48.961  0.947
  46 S   0.47247 0.00000 0.52753 ( 3) 27.712  0.528
  47 V   0.00023 0.00000 0.99977 ( 3) 51.624  1.000
  48 P   0.05614 0.00000 0.94386 ( 3) 48.793  0.944
  49 P   0.00020 0.00000 0.99980 ( 3) 51.625  1.000
  50 Q   0.58065 0.00000 0.41935 ( 1) 22.234  0.419
  51 S   0.01823 0.00000 0.98177 ( 3) 50.712  0.982
  52 K   0.00409 0.00000 0.99591 ( 3) 51.428  0.996
  53 G   0.04978 0.00000 0.95022 ( 3) 49.115  0.950
  54 M   0.02434 0.00000 0.97566 ( 3) 50.403  0.976
  55 C   0.29463 0.00000 0.70537 ( 3) 36.717  0.705
  56 I   0.03779 0.00000 0.96221 ( 3) 49.722  0.962
  57 L   0.00165 0.00000 0.99835 ( 3) 51.552  0.998
  58 Q   0.00620 0.00000 0.99380 ( 3) 51.321  0.994
  59 F   0.54071 0.00000 0.45929 ( 1) 24.256  0.459
  60 N   0.04180 0.00000 0.95820 ( 3) 49.519  0.958
  61 N   0.04241 0.00000 0.95759 ( 3) 49.488  0.958
  62 A   0.00439 0.00000 0.99561 ( 3) 51.413  0.996
  63 R   0.29227 0.00000 0.70773 ( 3) 36.836  0.708
  64 D   0.00023 0.00000 0.99977 ( 3) 51.624  1.000
  65 C   0.00279 0.00000 0.99721 ( 3) 51.494  0.997
  66 Q   0.00600 0.00000 0.99400 ( 3) 51.331  0.994
  67 Q   0.00620 0.00000 0.99380 ( 3) 51.321  0.994
  68 A   0.00407 0.00000 0.99593 ( 3) 51.429  0.996
  69 Y   0.04033 0.00000 0.95967 ( 3) 49.593  0.960
  70 D   0.05242 0.00000 0.94758 ( 3) 48.981  0.948
  71 E   0.06627 0.00000 0.93373 ( 3) 48.280  0.934
  72 C   0.00287 0.00000 0.99713 ( 3) 51.490  0.997
  73 L   0.03973 0.00000 0.96027 ( 3) 49.623  0.960
  74 Q   0.00619 0.00000 0.99381 ( 3) 51.322  0.994
  75 G   0.28665 0.00000 0.71335 ( 3) 37.121  0.713
  76 K   0.05855 0.00000 0.94145 ( 3) 48.670  0.941
  77 E   0.36047 0.00000 0.63953 ( 3) 33.383  0.640
  78 I   0.29723 0.00000 0.70277 ( 3) 36.585  0.703
  79 D   0.33117 0.00000 0.66883 ( 3) 34.866  0.669
  80 G   0.40026 0.00000 0.59974 ( 3) 31.368  0.600
  81 Q   0.00570 0.00000 0.99430 ( 3) 51.347  0.994
  82 L   0.00015 0.00000 0.99985 ( 3) 51.628  1.000
  83 L   0.46548 0.00000 0.53452 ( 3) 28.066  0.535
  84 H   0.03661 0.00000 0.96339 ( 3) 49.782  0.963
  85 A   0.00296 0.00000 0.99704 ( 3) 51.486  0.997
  86 E   0.00360 0.00000 0.99640 ( 3) 51.453  0.996
  87 F   0.38106 0.00000 0.61894 ( 3) 32.341  0.619
  88 N   0.03949 0.00000 0.96051 ( 3) 49.636  0.961
  89 G   0.02735 0.00000 0.97265 ( 3) 50.250  0.973
  90 E   0.00027 0.00000 0.99973 ( 3) 51.622  1.000
  91 R   0.00330 0.00000 0.99670 ( 3) 51.468  0.997
  92 R   0.00016 0.00000 0.99984 ( 3) 51.627  1.000
  93 Y   0.00240 0.00000 0.99760 ( 3) 51.514  0.998
  94 S   0.34492 0.00000 0.65508 ( 3) 34.170  0.655
  95 S   0.03411 0.00000 0.96589 ( 3) 49.908  0.966
  96 S   0.45889 0.00000 0.54111 ( 3) 28.399  0.541
  97 E   0.00440 0.00000 0.99560 ( 3) 51.413  0.996
  98 N   0.00365 0.00000 0.99635 ( 3) 51.451  0.996
  99 L   0.02396 0.00000 0.97604 ( 3) 50.422  0.976
 100 H   0.00214 0.00000 0.99786 ( 3) 51.527  0.998
 101 T   0.00360 0.00000 0.99640 ( 3) 51.453  0.996
 102 S   0.05113 0.00000 0.94887 ( 3) 49.046  0.949
 103 Q   0.00620 0.00000 0.99380 ( 3) 51.321  0.994

Positively selected sites

	Prob(w>1)  mean w

     2 S      0.947         48.964
     3 V      0.637         33.266
     4 S      0.619         32.353
     6 A      0.997**       51.500
     7 Y      0.945         48.855
     8 Q      0.994**       51.331
     9 S      0.953*        49.270
    10 N      0.958*        49.488
    11 Q      0.994**       51.346
    12 A      0.996**       51.453
    13 T      1.000**       51.620
    14 S      0.973*        50.287
    15 L      0.998**       51.522
    16 A      0.996**       51.439
    17 V      0.995**       51.395
    18 Y      0.996**       51.414
    19 N      0.957*        49.440
    20 L      0.934         48.272
    21 P      0.996**       51.415
    22 C      0.957*        49.455
    23 S      0.999**       51.567
    24 A      0.995**       51.386
    25 N      0.961*        49.649
    26 E      0.939         48.525
    27 T      0.998**       51.510
    28 E      0.943         48.767
    29 V      0.997**       51.497
    30 Q      0.983*        50.788
    31 S      0.998**       51.533
    32 I      0.626         32.718
    33 F      1.000**       51.623
    34 P      0.648         33.825
    35 S      1.000**       51.625
    36 A      0.996**       51.415
    37 K      0.628         32.801
    38 S      0.998**       51.537
    39 V      1.000**       51.627
    40 S      0.958*        49.498
    41 I      0.961*        49.638
    42 V      0.959*        49.546
    43 R      0.998**       51.538
    44 S      0.961*        49.676
    45 H      0.947         48.961
    46 S      0.528         27.712
    47 V      1.000**       51.624
    48 P      0.944         48.793
    49 P      1.000**       51.625
    51 S      0.982*        50.712
    52 K      0.996**       51.428
    53 G      0.950*        49.115
    54 M      0.976*        50.403
    55 C      0.705         36.717
    56 I      0.962*        49.722
    57 L      0.998**       51.552
    58 Q      0.994**       51.321
    60 N      0.958*        49.519
    61 N      0.958*        49.488
    62 A      0.996**       51.413
    63 R      0.708         36.836
    64 D      1.000**       51.624
    65 C      0.997**       51.494
    66 Q      0.994**       51.331
    67 Q      0.994**       51.321
    68 A      0.996**       51.429
    69 Y      0.960*        49.593
    70 D      0.948         48.981
    71 E      0.934         48.280
    72 C      0.997**       51.490
    73 L      0.960*        49.623
    74 Q      0.994**       51.322
    75 G      0.713         37.121
    76 K      0.941         48.670
    77 E      0.640         33.383
    78 I      0.703         36.585
    79 D      0.669         34.866
    80 G      0.600         31.368
    81 Q      0.994**       51.347
    82 L      1.000**       51.628
    83 L      0.535         28.066
    84 H      0.963*        49.782
    85 A      0.997**       51.486
    86 E      0.996**       51.453
    87 F      0.619         32.341
    88 N      0.961*        49.636
    89 G      0.973*        50.250
    90 E      1.000**       51.622
    91 R      0.997**       51.468
    92 R      1.000**       51.627
    93 Y      0.998**       51.514
    94 S      0.655         34.170
    95 S      0.966*        49.908
    96 S      0.541         28.399
    97 E      0.996**       51.413
    98 N      0.996**       51.451
    99 L      0.976*        50.422
   100 H      0.998**       51.527
   101 T      0.996**       51.453
   102 S      0.949         49.046
   103 Q      0.994**       51.321


lnL =  -823.139073

Bayes Empirical Bayes (BEB) probabilities for 3 classes (class) & postmean_w
(amino acids refer to 1st sequence: Treg.6410)

   1 M   0.32892 0.16124 0.50984 ( 3)  5.632 +-  4.933
   2 S   0.00866 0.01444 0.97690 ( 3) 10.240 +-  1.455
   3 V   0.06487 0.08317 0.85196 ( 3)  9.034 +-  3.432
   4 S   0.04342 0.06487 0.89171 ( 3)  9.420 +-  2.995
   5 Q   0.16567 0.13111 0.70322 ( 3)  7.564 +-  4.466
   6 A   0.00124 0.00317 0.99559 ( 3) 10.420 +-  0.661
   7 Y   0.00966 0.01656 0.97378 ( 3) 10.210 +-  1.546
   8 Q   0.00106 0.00278 0.99617 ( 3) 10.425 +-  0.621
   9 S   0.00811 0.01376 0.97813 ( 3) 10.252 +-  1.417
  10 N   0.00554 0.01276 0.98171 ( 3) 10.287 +-  1.294
  11 Q   0.00105 0.00274 0.99621 ( 3) 10.426 +-  0.617
  12 A   0.00050 0.00146 0.99805 ( 3) 10.443 +-  0.463
  13 T   0.00008 0.00029 0.99963 ( 3) 10.458 +-  0.267
  14 S   0.00269 0.00669 0.99062 ( 3) 10.372 +-  0.940
  15 L   0.00087 0.00238 0.99676 ( 3) 10.431 +-  0.576
  16 A   0.00062 0.00173 0.99766 ( 3) 10.440 +-  0.500
  17 V   0.00144 0.00306 0.99550 ( 3) 10.419 +-  0.669
  18 Y   0.00085 0.00228 0.99687 ( 3) 10.432 +-  0.567
  19 N   0.00574 0.01305 0.98121 ( 3) 10.283 +-  1.311
  20 L   0.06286 0.04168 0.89546 ( 3)  9.437 +-  3.008
  21 P   0.00136 0.00290 0.99574 ( 3) 10.421 +-  0.652
  22 C   0.00782 0.01291 0.97927 ( 3) 10.263 +-  1.382
  23 S   0.00029 0.00089 0.99881 ( 3) 10.451 +-  0.381
  24 A   0.00142 0.00300 0.99559 ( 3) 10.420 +-  0.663
  25 N   0.00782 0.01297 0.97921 ( 3) 10.262 +-  1.384
  26 E   0.01339 0.02009 0.96653 ( 3) 10.140 +-  1.741
  27 T   0.00069 0.00183 0.99749 ( 3) 10.438 +-  0.515
  28 E   0.00928 0.01604 0.97468 ( 3) 10.219 +-  1.520
  29 V   0.00233 0.00409 0.99358 ( 3) 10.400 +-  0.791
  30 Q   0.00200 0.00420 0.99379 ( 3) 10.403 +-  0.776
  31 S   0.00076 0.00192 0.99733 ( 3) 10.436 +-  0.530
  32 I   0.03189 0.06341 0.90470 ( 3)  9.550 +-  2.816
  33 F   0.00007 0.00024 0.99969 ( 3) 10.459 +-  0.256
  34 P   0.03443 0.06860 0.89697 ( 3)  9.476 +-  2.915
  35 S   0.00008 0.00027 0.99965 ( 3) 10.459 +-  0.263
  36 A   0.00149 0.00276 0.99575 ( 3) 10.421 +-  0.653
  37 K   0.07450 0.09070 0.83480 ( 3)  8.867 +-  3.592
  38 S   0.00078 0.00193 0.99729 ( 3) 10.436 +-  0.532
  39 V   0.00007 0.00022 0.99971 ( 3) 10.459 +-  0.254
  40 S   0.00550 0.01265 0.98185 ( 3) 10.289 +-  1.290
  41 I   0.00776 0.01293 0.97931 ( 3) 10.263 +-  1.380
  42 V   0.00342 0.00833 0.98825 ( 3) 10.350 +-  1.047
  43 R   0.00077 0.00192 0.99732 ( 3) 10.436 +-  0.531
  44 S   0.00504 0.01272 0.98224 ( 3) 10.293 +-  1.275
  45 H   0.00992 0.01684 0.97323 ( 3) 10.205 +-  1.561
  46 S   0.04924 0.07087 0.87989 ( 3)  9.306 +-  3.135
  47 V   0.00009 0.00030 0.99960 ( 3) 10.458 +-  0.272
  48 P   0.00819 0.01395 0.97786 ( 3) 10.250 +-  1.425
  49 P   0.00008 0.00025 0.99967 ( 3) 10.459 +-  0.260
  50 Q   0.17250 0.13527 0.69223 ( 3)  7.456 +-  4.513
  51 S   0.00166 0.00440 0.99394 ( 3) 10.404 +-  0.765
  52 K   0.00078 0.00213 0.99710 ( 3) 10.434 +-  0.549
  53 G   0.02817 0.01642 0.95541 ( 3) 10.023 +-  2.044
  54 M   0.00229 0.00632 0.99139 ( 3) 10.380 +-  0.902
  55 C   0.04499 0.07845 0.87656 ( 3)  9.278 +-  3.160
  56 I   0.00388 0.00941 0.98671 ( 3) 10.335 +-  1.110
  57 L   0.00039 0.00106 0.99855 ( 3) 10.448 +-  0.412
  58 Q   0.00111 0.00287 0.99602 ( 3) 10.424 +-  0.631
  59 F   0.20259 0.11311 0.68430 ( 3)  7.356 +-  4.579
  60 N   0.00648 0.01365 0.97987 ( 3) 10.269 +-  1.357
  61 N   0.00554 0.01276 0.98171 ( 3) 10.287 +-  1.294
  62 A   0.00340 0.00577 0.99082 ( 3) 10.374 +-  0.936
  63 R   0.04377 0.07732 0.87891 ( 3)  9.301 +-  3.133
  64 D   0.00009 0.00029 0.99961 ( 3) 10.458 +-  0.270
  65 C   0.00046 0.00146 0.99808 ( 3) 10.444 +-  0.459
  66 Q   0.00106 0.00278 0.99617 ( 3) 10.425 +-  0.621
  67 Q   0.00111 0.00287 0.99602 ( 3) 10.424 +-  0.631
  68 A   0.00058 0.00165 0.99776 ( 3) 10.441 +-  0.490
  69 Y   0.00565 0.01276 0.98159 ( 3) 10.286 +-  1.299
  70 D   0.00985 0.01674 0.97341 ( 3) 10.207 +-  1.556
  71 E   0.01062 0.01819 0.97119 ( 3) 10.186 +-  1.617
  72 C   0.00044 0.00130 0.99826 ( 3) 10.445 +-  0.442
  73 L   0.00473 0.01093 0.98433 ( 3) 10.312 +-  1.202
  74 Q   0.00111 0.00286 0.99603 ( 3) 10.424 +-  0.630
  75 G   0.04966 0.08443 0.86591 ( 3)  9.176 +-  3.274
  76 K   0.01243 0.01854 0.96903 ( 3) 10.164 +-  1.678
  77 E   0.06834 0.08595 0.84572 ( 3)  8.973 +-  3.492
  78 I   0.03313 0.06553 0.90133 ( 3)  9.518 +-  2.860
  79 D   0.14064 0.09256 0.76681 ( 3)  8.174 +-  4.156
  80 G   0.21039 0.10344 0.68617 ( 3)  7.364 +-  4.587
  81 Q   0.00105 0.00274 0.99622 ( 3) 10.426 +-  0.617
  82 L   0.00007 0.00023 0.99970 ( 3) 10.459 +-  0.254
  83 L   0.03840 0.06004 0.90156 ( 3)  9.516 +-  2.870
  84 H   0.00507 0.01139 0.98354 ( 3) 10.305 +-  1.231
  85 A   0.00072 0.00198 0.99730 ( 3) 10.436 +-  0.531
  86 E   0.00080 0.00221 0.99699 ( 3) 10.433 +-  0.557
  87 F   0.06978 0.08873 0.84149 ( 3)  8.932 +-  3.529
  88 N   0.00549 0.01257 0.98194 ( 3) 10.289 +-  1.287
  89 G   0.00296 0.00740 0.98964 ( 3) 10.363 +-  0.985
  90 E   0.00008 0.00027 0.99965 ( 3) 10.459 +-  0.263
  91 R   0.00045 0.00134 0.99820 ( 3) 10.445 +-  0.448
  92 R   0.00007 0.00022 0.99971 ( 3) 10.459 +-  0.254
  93 Y   0.00131 0.00238 0.99632 ( 3) 10.427 +-  0.612
  94 S   0.08695 0.09831 0.81473 ( 3)  8.670 +-  3.763
  95 S   0.01000 0.02018 0.96982 ( 3) 10.173 +-  1.648
  96 S   0.05173 0.06881 0.87947 ( 3)  9.300 +-  3.144
  97 E   0.00086 0.00229 0.99686 ( 3) 10.432 +-  0.568
  98 N   0.00060 0.00170 0.99770 ( 3) 10.440 +-  0.496
  99 L   0.00247 0.00616 0.99138 ( 3) 10.380 +-  0.903
 100 H   0.00080 0.00203 0.99717 ( 3) 10.435 +-  0.543
 101 T   0.00080 0.00221 0.99699 ( 3) 10.433 +-  0.557
 102 S   0.01232 0.01641 0.97127 ( 3) 10.185 +-  1.622
 103 Q   0.00111 0.00287 0.99602 ( 3) 10.424 +-  0.631

Positively selected sites

	Prob(w>1)  mean w

     1 M      0.510         5.632 +- 4.933
     2 S      0.977*        10.240 +- 1.455
     3 V      0.852         9.034 +- 3.432
     4 S      0.892         9.420 +- 2.995
     5 Q      0.703         7.564 +- 4.466
     6 A      0.996**       10.420 +- 0.661
     7 Y      0.974*        10.210 +- 1.546
     8 Q      0.996**       10.425 +- 0.621
     9 S      0.978*        10.252 +- 1.417
    10 N      0.982*        10.287 +- 1.294
    11 Q      0.996**       10.426 +- 0.617
    12 A      0.998**       10.443 +- 0.463
    13 T      1.000**       10.458 +- 0.267
    14 S      0.991**       10.372 +- 0.940
    15 L      0.997**       10.431 +- 0.576
    16 A      0.998**       10.440 +- 0.500
    17 V      0.996**       10.419 +- 0.669
    18 Y      0.997**       10.432 +- 0.567
    19 N      0.981*        10.283 +- 1.311
    20 L      0.895         9.437 +- 3.008
    21 P      0.996**       10.421 +- 0.652
    22 C      0.979*        10.263 +- 1.382
    23 S      0.999**       10.451 +- 0.381
    24 A      0.996**       10.420 +- 0.663
    25 N      0.979*        10.262 +- 1.384
    26 E      0.967*        10.140 +- 1.741
    27 T      0.997**       10.438 +- 0.515
    28 E      0.975*        10.219 +- 1.520
    29 V      0.994**       10.400 +- 0.791
    30 Q      0.994**       10.403 +- 0.776
    31 S      0.997**       10.436 +- 0.530
    32 I      0.905         9.550 +- 2.816
    33 F      1.000**       10.459 +- 0.256
    34 P      0.897         9.476 +- 2.915
    35 S      1.000**       10.459 +- 0.263
    36 A      0.996**       10.421 +- 0.653
    37 K      0.835         8.867 +- 3.592
    38 S      0.997**       10.436 +- 0.532
    39 V      1.000**       10.459 +- 0.254
    40 S      0.982*        10.289 +- 1.290
    41 I      0.979*        10.263 +- 1.380
    42 V      0.988*        10.350 +- 1.047
    43 R      0.997**       10.436 +- 0.531
    44 S      0.982*        10.293 +- 1.275
    45 H      0.973*        10.205 +- 1.561
    46 S      0.880         9.306 +- 3.135
    47 V      1.000**       10.458 +- 0.272
    48 P      0.978*        10.250 +- 1.425
    49 P      1.000**       10.459 +- 0.260
    50 Q      0.692         7.456 +- 4.513
    51 S      0.994**       10.404 +- 0.765
    52 K      0.997**       10.434 +- 0.549
    53 G      0.955*        10.023 +- 2.044
    54 M      0.991**       10.380 +- 0.902
    55 C      0.877         9.278 +- 3.160
    56 I      0.987*        10.335 +- 1.110
    57 L      0.999**       10.448 +- 0.412
    58 Q      0.996**       10.424 +- 0.631
    59 F      0.684         7.356 +- 4.579
    60 N      0.980*        10.269 +- 1.357
    61 N      0.982*        10.287 +- 1.294
    62 A      0.991**       10.374 +- 0.936
    63 R      0.879         9.301 +- 3.133
    64 D      1.000**       10.458 +- 0.270
    65 C      0.998**       10.444 +- 0.459
    66 Q      0.996**       10.425 +- 0.621
    67 Q      0.996**       10.424 +- 0.631
    68 A      0.998**       10.441 +- 0.490
    69 Y      0.982*        10.286 +- 1.299
    70 D      0.973*        10.207 +- 1.556
    71 E      0.971*        10.186 +- 1.617
    72 C      0.998**       10.445 +- 0.442
    73 L      0.984*        10.312 +- 1.202
    74 Q      0.996**       10.424 +- 0.630
    75 G      0.866         9.176 +- 3.274
    76 K      0.969*        10.164 +- 1.678
    77 E      0.846         8.973 +- 3.492
    78 I      0.901         9.518 +- 2.860
    79 D      0.767         8.174 +- 4.156
    80 G      0.686         7.364 +- 4.587
    81 Q      0.996**       10.426 +- 0.617
    82 L      1.000**       10.459 +- 0.254
    83 L      0.902         9.516 +- 2.870
    84 H      0.984*        10.305 +- 1.231
    85 A      0.997**       10.436 +- 0.531
    86 E      0.997**       10.433 +- 0.557
    87 F      0.841         8.932 +- 3.529
    88 N      0.982*        10.289 +- 1.287
    89 G      0.990*        10.363 +- 0.985
    90 E      1.000**       10.459 +- 0.263
    91 R      0.998**       10.445 +- 0.448
    92 R      1.000**       10.459 +- 0.254
    93 Y      0.996**       10.427 +- 0.612
    94 S      0.815         8.670 +- 3.763
    95 S      0.970*        10.173 +- 1.648
    96 S      0.879         9.300 +- 3.144
    97 E      0.997**       10.432 +- 0.568
    98 N      0.998**       10.440 +- 0.496
    99 L      0.991**       10.380 +- 0.903
   100 H      0.997**       10.435 +- 0.543
   101 T      0.997**       10.433 +- 0.557
   102 S      0.971*        10.185 +- 1.622
   103 Q      0.996**       10.424 +- 0.631

