Supplemental results for CODEML (seqf: algn  treef: tree)


dN/dS (w) for site classes (K=3)

p:   0.98282  0.00659  0.01058
w:   0.48739  1.00000  1.00000

Naive Empirical Bayes (NEB) probabilities for 3 classes & postmean_w
(amino acids refer to 1st sequence: Sman.7486)

   1 M   0.98282 0.00659 0.01058 ( 1)  0.496
   2 L   0.98282 0.00659 0.01058 ( 1)  0.496
   3 Y   0.98282 0.00659 0.01058 ( 1)  0.496
   4 F   0.98282 0.00659 0.01058 ( 1)  0.496
   5 E   0.98282 0.00659 0.01058 ( 1)  0.496
   6 D   0.98282 0.00659 0.01058 ( 1)  0.496
   7 F   0.98282 0.00659 0.01058 ( 1)  0.496
   8 M   0.98282 0.00659 0.01058 ( 1)  0.496
   9 E   0.98282 0.00659 0.01058 ( 1)  0.496
  10 A   0.98282 0.00659 0.01058 ( 1)  0.496
  11 I   0.98282 0.00659 0.01058 ( 1)  0.496
  12 E   0.98282 0.00659 0.01058 ( 1)  0.496
  13 N   0.98283 0.00659 0.01058 ( 1)  0.496
  14 M   0.98282 0.00659 0.01058 ( 1)  0.496
  15 P   0.98282 0.00659 0.01058 ( 1)  0.496
  16 S   0.98282 0.00659 0.01058 ( 1)  0.496
  17 E   0.98282 0.00659 0.01058 ( 1)  0.496
  18 L   0.98282 0.00659 0.01058 ( 1)  0.496
  19 N   0.98283 0.00659 0.01058 ( 1)  0.496
  20 E   0.98282 0.00659 0.01058 ( 1)  0.496
  21 S   0.98282 0.00659 0.01058 ( 1)  0.496
  22 L   0.98282 0.00659 0.01058 ( 1)  0.496
  23 T   0.98282 0.00659 0.01058 ( 1)  0.496
  24 N   0.98283 0.00659 0.01058 ( 1)  0.496
  25 V   0.98282 0.00659 0.01058 ( 1)  0.496
  26 R   0.98282 0.00659 0.01058 ( 1)  0.496
  27 Q   0.98282 0.00659 0.01058 ( 1)  0.496
  28 L   0.98282 0.00659 0.01058 ( 1)  0.496
  29 D   0.98282 0.00659 0.01058 ( 1)  0.496
  30 L   0.98282 0.00659 0.01058 ( 1)  0.496
  31 Q   0.98282 0.00659 0.01058 ( 1)  0.496
  32 A   0.98282 0.00659 0.01058 ( 1)  0.496
  33 Q   0.98282 0.00659 0.01058 ( 1)  0.496
  34 N   0.98283 0.00659 0.01058 ( 1)  0.496
  35 I   0.98282 0.00659 0.01058 ( 1)  0.496
  36 L   0.98282 0.00659 0.01058 ( 1)  0.496
  37 D   0.98282 0.00659 0.01058 ( 1)  0.496
  38 S   0.98282 0.00659 0.01058 ( 1)  0.496
  39 L   0.98282 0.00659 0.01058 ( 1)  0.496
  40 S   0.98282 0.00659 0.01058 ( 1)  0.496
  41 E   0.98282 0.00659 0.01058 ( 1)  0.496
  42 T   0.98282 0.00659 0.01058 ( 1)  0.496
  43 I   0.98282 0.00659 0.01058 ( 1)  0.496
  44 Q   0.98282 0.00659 0.01058 ( 1)  0.496
  45 T   0.98282 0.00659 0.01058 ( 1)  0.496
  46 F   0.98282 0.00659 0.01058 ( 1)  0.496
  47 F   0.98282 0.00659 0.01058 ( 1)  0.496
  48 E   0.98282 0.00659 0.01058 ( 1)  0.496
  49 N   0.98282 0.00659 0.01058 ( 1)  0.496
  50 C   0.98282 0.00659 0.01058 ( 1)  0.496
  51 R   0.98282 0.00659 0.01058 ( 1)  0.496
  52 F   0.98282 0.00659 0.01058 ( 1)  0.496
  53 G   0.98282 0.00659 0.01058 ( 1)  0.496
  54 K   0.98282 0.00659 0.01058 ( 1)  0.496
  55 L   0.98282 0.00659 0.01058 ( 1)  0.496
  56 L   0.98282 0.00659 0.01058 ( 1)  0.496
  57 E   0.98282 0.00659 0.01058 ( 1)  0.496
  58 Y   0.98282 0.00659 0.01058 ( 1)  0.496
  59 E   0.98282 0.00659 0.01058 ( 1)  0.496
  60 K   0.98282 0.00659 0.01058 ( 1)  0.496
  61 S   0.98282 0.00659 0.01058 ( 1)  0.496
  62 T   0.98282 0.00659 0.01058 ( 1)  0.496
  63 Q   0.98282 0.00659 0.01058 ( 1)  0.496
  64 I   0.98282 0.00659 0.01058 ( 1)  0.496
  65 L   0.98282 0.00659 0.01058 ( 1)  0.496
  66 N   0.98283 0.00659 0.01058 ( 1)  0.496
  67 I   0.98282 0.00659 0.01058 ( 1)  0.496
  68 T   0.98282 0.00659 0.01058 ( 1)  0.496
  69 R   0.98282 0.00659 0.01058 ( 1)  0.496
  70 E   0.98282 0.00659 0.01058 ( 1)  0.496
  71 Y   0.98282 0.00659 0.01058 ( 1)  0.496
  72 E   0.98282 0.00659 0.01058 ( 1)  0.496
  73 R   0.98282 0.00659 0.01058 ( 1)  0.496
  74 A   0.98282 0.00659 0.01058 ( 1)  0.496
  75 L   0.98282 0.00659 0.01058 ( 1)  0.496
  76 N   0.98283 0.00659 0.01058 ( 1)  0.496
  77 H   0.98282 0.00659 0.01058 ( 1)  0.496
  78 C   0.98282 0.00659 0.01058 ( 1)  0.496
  79 K   0.98282 0.00659 0.01058 ( 1)  0.496
  80 D   0.98282 0.00659 0.01058 ( 1)  0.496
  81 K   0.98282 0.00659 0.01058 ( 1)  0.496
  82 R   0.98282 0.00659 0.01058 ( 1)  0.496
  83 E   0.98282 0.00659 0.01058 ( 1)  0.496
  84 I   0.98282 0.00659 0.01058 ( 1)  0.496
  85 V   0.98282 0.00659 0.01058 ( 1)  0.496
  86 E   0.98282 0.00659 0.01058 ( 1)  0.496
  87 N   0.98283 0.00659 0.01058 ( 1)  0.496
  88 I   0.98282 0.00659 0.01058 ( 1)  0.496
  89 Y   0.98282 0.00659 0.01058 ( 1)  0.496
  90 S   0.98282 0.00659 0.01058 ( 1)  0.496
  91 I   0.98282 0.00659 0.01058 ( 1)  0.496
  92 Y   0.98282 0.00659 0.01058 ( 1)  0.496
  93 R   0.98282 0.00659 0.01058 ( 1)  0.496
  94 K   0.98282 0.00659 0.01058 ( 1)  0.496
  95 L   0.98282 0.00659 0.01058 ( 1)  0.496
  96 V   0.98282 0.00659 0.01058 ( 1)  0.496
  97 R   0.98282 0.00659 0.01058 ( 1)  0.496
  98 K   0.98282 0.00659 0.01058 ( 1)  0.496
  99 L   0.98282 0.00659 0.01058 ( 1)  0.496
 100 D   0.98282 0.00659 0.01058 ( 1)  0.496
 101 I   0.98282 0.00659 0.01058 ( 1)  0.496
 102 E   0.98282 0.00659 0.01058 ( 1)  0.496
 103 L   0.98282 0.00659 0.01058 ( 1)  0.496
 104 E   0.98282 0.00659 0.01058 ( 1)  0.496
 105 K   0.98282 0.00659 0.01058 ( 1)  0.496
 106 F   0.98282 0.00659 0.01058 ( 1)  0.496
 107 R   0.98282 0.00659 0.01058 ( 1)  0.496
 108 I   0.98282 0.00659 0.01058 ( 1)  0.496
 109 E   0.98282 0.00659 0.01058 ( 1)  0.496
 110 L   0.98282 0.00659 0.01058 ( 1)  0.496
 111 E   0.98282 0.00659 0.01058 ( 1)  0.496
 112 A   0.98282 0.00659 0.01058 ( 1)  0.496
 113 D   0.98282 0.00659 0.01058 ( 1)  0.496
 114 N   0.98283 0.00659 0.01058 ( 1)  0.496
 115 S   0.98282 0.00659 0.01058 ( 1)  0.496
 116 G   0.98282 0.00659 0.01058 ( 1)  0.496
 117 I   0.98282 0.00659 0.01058 ( 1)  0.496
 118 T   0.98282 0.00659 0.01058 ( 1)  0.496
 119 E   0.98282 0.00659 0.01058 ( 1)  0.496
 120 Q   0.98282 0.00659 0.01058 ( 1)  0.496
 121 I   0.98282 0.00659 0.01058 ( 1)  0.496
 122 E   0.98282 0.00659 0.01058 ( 1)  0.496
 123 K   0.98282 0.00659 0.01058 ( 1)  0.496
 124 R   0.98282 0.00659 0.01058 ( 1)  0.496
 125 V   0.98282 0.00659 0.01058 ( 1)  0.496
 126 Q   0.98282 0.00659 0.01058 ( 1)  0.496
 127 N   0.98283 0.00659 0.01058 ( 1)  0.496
 128 A   0.98282 0.00659 0.01058 ( 1)  0.496
 129 L   0.98282 0.00659 0.01058 ( 1)  0.496
 130 G   0.98282 0.00659 0.01058 ( 1)  0.496
 131 K   0.98282 0.00659 0.01058 ( 1)  0.496
 132 A   0.98282 0.00659 0.01058 ( 1)  0.496
 133 I   0.98282 0.00659 0.01058 ( 1)  0.496
 134 T   0.98282 0.00659 0.01058 ( 1)  0.496
 135 T   0.98282 0.00659 0.01058 ( 1)  0.496
 136 N   0.98283 0.00659 0.01058 ( 1)  0.496
 137 S   0.98282 0.00659 0.01058 ( 1)  0.496
 138 K   0.98282 0.00659 0.01058 ( 1)  0.496
 139 A   0.98282 0.00659 0.01058 ( 1)  0.496
 140 E   0.98282 0.00659 0.01058 ( 1)  0.496
 141 R   0.98282 0.00659 0.01058 ( 1)  0.496
 142 R   0.98282 0.00659 0.01058 ( 1)  0.496
 143 R   0.98282 0.00659 0.01058 ( 1)  0.496
 144 Q   0.98282 0.00659 0.01058 ( 1)  0.496
 145 R   0.98282 0.00659 0.01058 ( 1)  0.496
 146 L   0.98282 0.00659 0.01058 ( 1)  0.496
 147 R   0.98282 0.00659 0.01058 ( 1)  0.496
 148 F   0.98282 0.00659 0.01058 ( 1)  0.496
 149 Q   0.98282 0.00659 0.01058 ( 1)  0.496
 150 Q   0.98282 0.00659 0.01058 ( 1)  0.496
 151 S   0.98282 0.00659 0.01058 ( 1)  0.496
 152 S   0.98282 0.00659 0.01058 ( 1)  0.496
 153 H   0.98282 0.00659 0.01058 ( 1)  0.496
 154 C   0.98282 0.00659 0.01058 ( 1)  0.496
 155 K   0.98282 0.00659 0.01058 ( 1)  0.496
 156 N   0.98283 0.00659 0.01058 ( 1)  0.496
 157 N   0.98282 0.00659 0.01058 ( 1)  0.496
 158 F   0.98282 0.00659 0.01058 ( 1)  0.496
 159 S   0.98282 0.00659 0.01058 ( 1)  0.496
 160 V   0.98282 0.00659 0.01058 ( 1)  0.496
 161 R   0.98282 0.00659 0.01058 ( 1)  0.496
 162 R   0.98282 0.00659 0.01058 ( 1)  0.496
 163 R   0.98282 0.00659 0.01058 ( 1)  0.496
 164 L   0.98282 0.00659 0.01058 ( 1)  0.496
 165 V   0.98282 0.00659 0.01058 ( 1)  0.496
 166 G   0.98282 0.00659 0.01058 ( 1)  0.496
 167 P   0.98282 0.00659 0.01058 ( 1)  0.496
 168 A   0.98282 0.00659 0.01058 ( 1)  0.496
 169 F   0.98282 0.00659 0.01058 ( 1)  0.496
 170 R   0.98282 0.00659 0.01058 ( 1)  0.496
 171 A   0.98282 0.00659 0.01058 ( 1)  0.496
 172 A   0.98282 0.00659 0.01058 ( 1)  0.496
 173 L   0.98282 0.00659 0.01058 ( 1)  0.496
 174 K   0.98282 0.00659 0.01058 ( 1)  0.496
 175 S   0.98282 0.00659 0.01058 ( 1)  0.496
 176 A   0.98282 0.00659 0.01058 ( 1)  0.496
 177 C   0.98282 0.00659 0.01058 ( 1)  0.496
 178 M   0.98282 0.00659 0.01058 ( 1)  0.496
 179 R   0.98282 0.00659 0.01058 ( 1)  0.496
 180 P   0.98282 0.00659 0.01058 ( 1)  0.496
 181 M   0.98282 0.00659 0.01058 ( 1)  0.496
 182 Q   0.98282 0.00659 0.01058 ( 1)  0.496
 183 S   0.98282 0.00659 0.01058 ( 1)  0.496
 184 G   0.98282 0.00659 0.01058 ( 1)  0.496
 185 G   0.98282 0.00659 0.01058 ( 1)  0.496
 186 V   0.98282 0.00659 0.01058 ( 1)  0.496
 187 P   0.98282 0.00659 0.01058 ( 1)  0.496
 188 S   0.98282 0.00659 0.01058 ( 1)  0.496
 189 L   0.98282 0.00659 0.01058 ( 1)  0.496
 190 E   0.98282 0.00659 0.01058 ( 1)  0.496
 191 N   0.98283 0.00659 0.01058 ( 1)  0.496
 192 T   0.98282 0.00659 0.01058 ( 1)  0.496
 193 K   0.98282 0.00659 0.01058 ( 1)  0.496
 194 F   0.98282 0.00659 0.01058 ( 1)  0.496
 195 S   0.98282 0.00659 0.01058 ( 1)  0.496
 196 L   0.98282 0.00659 0.01058 ( 1)  0.496
 197 N   0.98283 0.00659 0.01058 ( 1)  0.496
 198 G   0.98282 0.00659 0.01058 ( 1)  0.496
 199 D   0.98282 0.00659 0.01058 ( 1)  0.496
 200 Q   0.98282 0.00659 0.01058 ( 1)  0.496
 201 K   0.98282 0.00659 0.01058 ( 1)  0.496
 202 S   0.98282 0.00659 0.01058 ( 1)  0.496
 203 F   0.98282 0.00659 0.01058 ( 1)  0.496
 204 N   0.98283 0.00659 0.01058 ( 1)  0.496
 205 N   0.98282 0.00659 0.01058 ( 1)  0.496
 206 S   0.98282 0.00659 0.01058 ( 1)  0.496
 207 S   0.98282 0.00659 0.01058 ( 1)  0.496
 208 L   0.98282 0.00659 0.01058 ( 1)  0.496
 209 I   0.98282 0.00659 0.01058 ( 1)  0.496
 210 S   0.98282 0.00659 0.01058 ( 1)  0.496
 211 T   0.98282 0.00659 0.01058 ( 1)  0.496
 212 S   0.98282 0.00659 0.01058 ( 1)  0.496
 213 G   0.98282 0.00659 0.01058 ( 1)  0.496
 214 C   0.98282 0.00659 0.01058 ( 1)  0.496
 215 H   0.98282 0.00659 0.01058 ( 1)  0.496
 216 V   0.98282 0.00659 0.01058 ( 1)  0.496
 217 Q   0.98282 0.00659 0.01058 ( 1)  0.496
 218 D   0.98282 0.00659 0.01058 ( 1)  0.496
 219 T   0.98282 0.00659 0.01058 ( 1)  0.496
 220 G   0.98282 0.00659 0.01058 ( 1)  0.496
 221 S   0.98282 0.00659 0.01058 ( 1)  0.496
 222 Y   0.98282 0.00659 0.01058 ( 1)  0.496
 223 R   0.98282 0.00659 0.01058 ( 1)  0.496
 224 K   0.98282 0.00659 0.01058 ( 1)  0.496
 225 N   0.98282 0.00659 0.01058 ( 1)  0.496
 226 P   0.98282 0.00659 0.01058 ( 1)  0.496
 227 V   0.98282 0.00659 0.01058 ( 1)  0.496
 228 H   0.98282 0.00659 0.01058 ( 1)  0.496
 229 T   0.98282 0.00659 0.01058 ( 1)  0.496
 230 D   0.98282 0.00659 0.01058 ( 1)  0.496
 231 G   0.98282 0.00659 0.01058 ( 1)  0.496
 232 L   0.98282 0.00659 0.01058 ( 1)  0.496
 233 S   0.98282 0.00659 0.01058 ( 1)  0.496
 234 P   0.98282 0.00659 0.01058 ( 1)  0.496
 235 L   0.98282 0.00659 0.01058 ( 1)  0.496
 236 K   0.98282 0.00659 0.01058 ( 1)  0.496
 237 S   0.98282 0.00659 0.01058 ( 1)  0.496
 238 I   0.98282 0.00659 0.01058 ( 1)  0.496
 239 D   0.98282 0.00659 0.01058 ( 1)  0.496
 240 E   0.98282 0.00659 0.01058 ( 1)  0.496
 241 N   0.98282 0.00659 0.01058 ( 1)  0.496
 242 S   0.98282 0.00659 0.01058 ( 1)  0.496
 243 I   0.98282 0.00659 0.01058 ( 1)  0.496
 244 C   0.98282 0.00659 0.01058 ( 1)  0.496
 245 L   0.98282 0.00659 0.01058 ( 1)  0.496
 246 D   0.98282 0.00659 0.01058 ( 1)  0.496
 247 H   0.98282 0.00659 0.01058 ( 1)  0.496
 248 Q   0.98282 0.00659 0.01058 ( 1)  0.496
 249 S   0.98282 0.00659 0.01058 ( 1)  0.496
 250 S   0.98282 0.00659 0.01058 ( 1)  0.496
 251 D   0.98282 0.00659 0.01058 ( 1)  0.496
 252 S   0.98282 0.00659 0.01058 ( 1)  0.496
 253 S   0.98282 0.00659 0.01058 ( 1)  0.496
 254 Y   0.98282 0.00659 0.01058 ( 1)  0.496
 255 D   0.98282 0.00659 0.01058 ( 1)  0.496
 256 R   0.98282 0.00659 0.01058 ( 1)  0.496
 257 T   0.98282 0.00659 0.01058 ( 1)  0.496
 258 F   0.98282 0.00659 0.01058 ( 1)  0.496
 259 D   0.98282 0.00659 0.01058 ( 1)  0.496
 260 A   0.98282 0.00659 0.01058 ( 1)  0.496
 261 V   0.98282 0.00659 0.01058 ( 1)  0.496
 262 N   0.98283 0.00659 0.01058 ( 1)  0.496
 263 P   0.98282 0.00659 0.01058 ( 1)  0.496
 264 Q   0.98282 0.00659 0.01058 ( 1)  0.496
 265 T   0.98282 0.00659 0.01058 ( 1)  0.496
 266 G   0.98282 0.00659 0.01058 ( 1)  0.496
 267 G   0.98282 0.00659 0.01058 ( 1)  0.496
 268 V   0.98282 0.00659 0.01058 ( 1)  0.496
 269 T   0.98282 0.00659 0.01058 ( 1)  0.496
 270 K   0.98282 0.00659 0.01058 ( 1)  0.496
 271 F   0.98282 0.00659 0.01058 ( 1)  0.496
 272 E   0.98282 0.00659 0.01058 ( 1)  0.496
 273 E   0.98282 0.00659 0.01058 ( 1)  0.496
 274 D   0.98282 0.00659 0.01058 ( 1)  0.496
 275 T   0.98282 0.00659 0.01058 ( 1)  0.496
 276 I   0.98282 0.00659 0.01058 ( 1)  0.496
 277 N   0.98282 0.00659 0.01058 ( 1)  0.496
 278 G   0.98282 0.00659 0.01058 ( 1)  0.496
 279 H   0.98282 0.00659 0.01058 ( 1)  0.496
 280 N   0.98282 0.00659 0.01058 ( 1)  0.496
 281 A   0.98282 0.00659 0.01058 ( 1)  0.496
 282 S   0.98282 0.00659 0.01058 ( 1)  0.496
 283 S   0.98282 0.00659 0.01058 ( 1)  0.496
 284 G   0.98282 0.00659 0.01058 ( 1)  0.496
 285 F   0.98282 0.00659 0.01058 ( 1)  0.496
 286 P   0.98282 0.00659 0.01058 ( 1)  0.496
 287 T   0.98282 0.00659 0.01058 ( 1)  0.496
 288 I   0.98282 0.00659 0.01058 ( 1)  0.496
 289 L   0.98282 0.00659 0.01058 ( 1)  0.496
 290 K   0.98282 0.00659 0.01058 ( 1)  0.496
 291 S   0.98282 0.00659 0.01058 ( 1)  0.496
 292 N   0.98282 0.00659 0.01058 ( 1)  0.496
 293 P   0.98282 0.00659 0.01058 ( 1)  0.496
 294 C   0.98282 0.00659 0.01058 ( 1)  0.496
 295 L   0.98282 0.00659 0.01058 ( 1)  0.496
 296 L   0.98282 0.00659 0.01058 ( 1)  0.496
 297 P   0.98282 0.00659 0.01058 ( 1)  0.496
 298 D   0.98282 0.00659 0.01058 ( 1)  0.496
 299 M   0.98282 0.00659 0.01058 ( 1)  0.496
 300 S   0.98282 0.00659 0.01058 ( 1)  0.496
 301 L   0.98282 0.00659 0.01058 ( 1)  0.496
 302 D   0.98282 0.00659 0.01058 ( 1)  0.496
 303 A   0.98282 0.00659 0.01058 ( 1)  0.496
 304 K   0.98282 0.00659 0.01058 ( 1)  0.496
 305 T   0.98282 0.00659 0.01058 ( 1)  0.496
 306 H   0.98282 0.00659 0.01058 ( 1)  0.496
 307 T   0.98282 0.00659 0.01058 ( 1)  0.496
 308 G   0.98282 0.00659 0.01058 ( 1)  0.496
 309 M   0.98282 0.00659 0.01058 ( 1)  0.496
 310 H   0.98282 0.00659 0.01058 ( 1)  0.496
 311 D   0.98282 0.00659 0.01058 ( 1)  0.496
 312 R   0.98282 0.00659 0.01058 ( 1)  0.496
 313 V   0.98282 0.00659 0.01058 ( 1)  0.496
 314 I   0.98282 0.00659 0.01058 ( 1)  0.496
 315 K   0.98282 0.00659 0.01058 ( 1)  0.496
 316 S   0.98282 0.00659 0.01058 ( 1)  0.496
 317 A   0.98282 0.00659 0.01058 ( 1)  0.496
 318 N   0.98282 0.00659 0.01058 ( 1)  0.496
 319 S   0.98282 0.00659 0.01058 ( 1)  0.496
 320 S   0.98282 0.00659 0.01058 ( 1)  0.496
 321 S   0.98282 0.00659 0.01058 ( 1)  0.496
 322 S   0.98282 0.00659 0.01058 ( 1)  0.496
 323 H   0.98282 0.00659 0.01058 ( 1)  0.496
 324 L   0.98282 0.00659 0.01058 ( 1)  0.496
 325 F   0.98282 0.00659 0.01058 ( 1)  0.496
 326 Y   0.98282 0.00659 0.01058 ( 1)  0.496
 327 D   0.98282 0.00659 0.01058 ( 1)  0.496
 328 T   0.98282 0.00659 0.01058 ( 1)  0.496
 329 A   0.98282 0.00659 0.01058 ( 1)  0.496
 330 E   0.98282 0.00659 0.01058 ( 1)  0.496
 331 P   0.98282 0.00659 0.01058 ( 1)  0.496
 332 N   0.98282 0.00659 0.01058 ( 1)  0.496
 333 F   0.98282 0.00659 0.01058 ( 1)  0.496
 334 A   0.98282 0.00659 0.01058 ( 1)  0.496
 335 D   0.98282 0.00659 0.01058 ( 1)  0.496
 336 R   0.98282 0.00659 0.01058 ( 1)  0.496
 337 D   0.98282 0.00659 0.01058 ( 1)  0.496
 338 K   0.98282 0.00659 0.01058 ( 1)  0.496
 339 L   0.98282 0.00659 0.01058 ( 1)  0.496
 340 N   0.98283 0.00659 0.01058 ( 1)  0.496
 341 L   0.98282 0.00659 0.01058 ( 1)  0.496
 342 T   0.98282 0.00659 0.01058 ( 1)  0.496
 343 P   0.98282 0.00659 0.01058 ( 1)  0.496
 344 R   0.98282 0.00659 0.01058 ( 1)  0.496
 345 T   0.98282 0.00659 0.01058 ( 1)  0.496
 346 G   0.98282 0.00659 0.01058 ( 1)  0.496
 347 S   0.98282 0.00659 0.01058 ( 1)  0.496
 348 I   0.98282 0.00659 0.01058 ( 1)  0.496
 349 D   0.98282 0.00659 0.01058 ( 1)  0.496
 350 N   0.98283 0.00659 0.01058 ( 1)  0.496
 351 Q   0.98282 0.00659 0.01058 ( 1)  0.496
 352 V   0.98282 0.00659 0.01058 ( 1)  0.496
 353 T   0.98282 0.00659 0.01058 ( 1)  0.496
 354 D   0.98282 0.00659 0.01058 ( 1)  0.496
 355 N   0.98282 0.00659 0.01058 ( 1)  0.496
 356 I   0.98282 0.00659 0.01058 ( 1)  0.496
 357 S   0.98282 0.00659 0.01058 ( 1)  0.496
 358 S   0.98282 0.00659 0.01058 ( 1)  0.496
 359 P   0.98282 0.00659 0.01058 ( 1)  0.496
 360 G   0.98282 0.00659 0.01058 ( 1)  0.496
 361 W   0.98282 0.00659 0.01058 ( 1)  0.496
 362 H   0.98282 0.00659 0.01058 ( 1)  0.496
 363 G   0.98282 0.00659 0.01058 ( 1)  0.496
 364 L   0.98282 0.00659 0.01058 ( 1)  0.496
 365 T   0.98282 0.00659 0.01058 ( 1)  0.496
 366 P   0.98282 0.00659 0.01058 ( 1)  0.496
 367 S   0.98282 0.00659 0.01058 ( 1)  0.496
 368 F   0.98282 0.00659 0.01058 ( 1)  0.496
 369 S   0.98282 0.00659 0.01058 ( 1)  0.496
 370 S   0.98282 0.00659 0.01058 ( 1)  0.496
 371 T   0.98282 0.00659 0.01058 ( 1)  0.496
 372 R   0.98282 0.00659 0.01058 ( 1)  0.496
 373 E   0.98282 0.00659 0.01058 ( 1)  0.496
 374 K   0.98282 0.00659 0.01058 ( 1)  0.496
 375 R   0.98282 0.00659 0.01058 ( 1)  0.496
 376 R   0.98282 0.00659 0.01058 ( 1)  0.496
 377 Y   0.98282 0.00659 0.01058 ( 1)  0.496
 378 P   0.98282 0.00659 0.01058 ( 1)  0.496
 379 R   0.98282 0.00659 0.01058 ( 1)  0.496
 380 R   0.98282 0.00659 0.01058 ( 1)  0.496
 381 Y   0.98282 0.00659 0.01058 ( 1)  0.496
 382 D   0.98282 0.00659 0.01058 ( 1)  0.496
 383 R   0.98282 0.00659 0.01058 ( 1)  0.496
 384 I   0.98282 0.00659 0.01058 ( 1)  0.496
 385 G   0.98282 0.00659 0.01058 ( 1)  0.496
 386 L   0.98282 0.00659 0.01058 ( 1)  0.496
 387 A   0.98282 0.00659 0.01058 ( 1)  0.496
 388 C   0.98282 0.00659 0.01058 ( 1)  0.496
 389 D   0.98282 0.00659 0.01058 ( 1)  0.496
 390 L   0.98282 0.00659 0.01058 ( 1)  0.496
 391 T   0.98282 0.00659 0.01058 ( 1)  0.496
 392 V   0.98282 0.00659 0.01058 ( 1)  0.496
 393 D   0.98282 0.00659 0.01058 ( 1)  0.496
 394 E   0.98282 0.00659 0.01058 ( 1)  0.496
 395 F   0.98282 0.00659 0.01058 ( 1)  0.496
 396 G   0.98282 0.00659 0.01058 ( 1)  0.496
 397 K   0.98282 0.00659 0.01058 ( 1)  0.496
 398 L   0.98282 0.00659 0.01058 ( 1)  0.496
 399 D   0.98282 0.00659 0.01058 ( 1)  0.496
 400 D   0.98282 0.00659 0.01058 ( 1)  0.496
 401 S   0.98282 0.00659 0.01058 ( 1)  0.496
 402 P   0.98282 0.00659 0.01058 ( 1)  0.496
 403 N   0.98283 0.00659 0.01058 ( 1)  0.496
 404 S   0.98282 0.00659 0.01058 ( 1)  0.496
 405 S   0.98282 0.00659 0.01058 ( 1)  0.496
 406 V   0.98282 0.00659 0.01058 ( 1)  0.496
 407 N   0.98283 0.00659 0.01058 ( 1)  0.496
 408 A   0.98282 0.00659 0.01058 ( 1)  0.496
 409 T   0.98282 0.00659 0.01058 ( 1)  0.496
 410 L   0.98282 0.00659 0.01058 ( 1)  0.496
 411 E   0.98282 0.00659 0.01058 ( 1)  0.496
 412 H   0.98282 0.00659 0.01058 ( 1)  0.496
 413 G   0.98282 0.00659 0.01058 ( 1)  0.496
 414 F   0.98282 0.00659 0.01058 ( 1)  0.496
 415 D   0.98282 0.00659 0.01058 ( 1)  0.496
 416 D   0.98282 0.00659 0.01058 ( 1)  0.496
 417 Q   0.98282 0.00659 0.01058 ( 1)  0.496
 418 T   0.98282 0.00659 0.01058 ( 1)  0.496
 419 Y   0.98282 0.00659 0.01058 ( 1)  0.496
 420 E   0.98282 0.00659 0.01058 ( 1)  0.496
 421 F   0.98282 0.00659 0.01058 ( 1)  0.496
 422 S   0.98282 0.00659 0.01058 ( 1)  0.496
 423 G   0.98282 0.00659 0.01058 ( 1)  0.496
 424 N   0.98283 0.00659 0.01058 ( 1)  0.496
 425 P   0.98282 0.00659 0.01058 ( 1)  0.496
 426 K   0.98282 0.00659 0.01058 ( 1)  0.496
 427 P   0.98282 0.00659 0.01058 ( 1)  0.496
 428 E   0.98282 0.00659 0.01058 ( 1)  0.496
 429 D   0.98282 0.00659 0.01058 ( 1)  0.496
 430 S   0.98282 0.00659 0.01058 ( 1)  0.496
 431 T   0.98282 0.00659 0.01058 ( 1)  0.496
 432 D   0.98282 0.00659 0.01058 ( 1)  0.496
 433 P   0.98282 0.00659 0.01058 ( 1)  0.496
 434 P   0.98282 0.00659 0.01058 ( 1)  0.496
 435 D   0.98282 0.00659 0.01058 ( 1)  0.496
 436 D   0.98282 0.00659 0.01058 ( 1)  0.496
 437 D   0.98282 0.00659 0.01058 ( 1)  0.496
 438 E   0.98282 0.00659 0.01058 ( 1)  0.496
 439 D   0.98282 0.00659 0.01058 ( 1)  0.496
 440 Y   0.98282 0.00659 0.01058 ( 1)  0.496
 441 K   0.98282 0.00659 0.01058 ( 1)  0.496
 442 R   0.98282 0.00659 0.01058 ( 1)  0.496
 443 Y   0.98282 0.00659 0.01058 ( 1)  0.496
 444 C   0.98282 0.00659 0.01058 ( 1)  0.496
 445 I   0.98282 0.00659 0.01058 ( 1)  0.496
 446 C   0.98282 0.00659 0.01058 ( 1)  0.496
 447 R   0.98282 0.00659 0.01058 ( 1)  0.496
 448 D   0.98282 0.00659 0.01058 ( 1)  0.496
 449 V   0.98282 0.00659 0.01058 ( 1)  0.496
 450 S   0.98282 0.00659 0.01058 ( 1)  0.496
 451 Y   0.98282 0.00659 0.01058 ( 1)  0.496
 452 G   0.98282 0.00659 0.01058 ( 1)  0.496
 453 D   0.98282 0.00659 0.01058 ( 1)  0.496
 454 M   0.98282 0.00659 0.01058 ( 1)  0.496
 455 I   0.98282 0.00659 0.01058 ( 1)  0.496
 456 A   0.98282 0.00659 0.01058 ( 1)  0.496
 457 C   0.98282 0.00659 0.01058 ( 1)  0.496
 458 D   0.98282 0.00659 0.01058 ( 1)  0.496
 459 A   0.98282 0.00659 0.01058 ( 1)  0.496
 460 P   0.98282 0.00659 0.01058 ( 1)  0.496
 461 D   0.98282 0.00659 0.01058 ( 1)  0.496
 462 C   0.98282 0.00659 0.01058 ( 1)  0.496
 463 P   0.98282 0.00659 0.01058 ( 1)  0.496
 464 F   0.98282 0.00659 0.01058 ( 1)  0.496
 465 E   0.98282 0.00659 0.01058 ( 1)  0.496
 466 W   0.98282 0.00659 0.01058 ( 1)  0.496
 467 F   0.98282 0.00659 0.01058 ( 1)  0.496
 468 H   0.98282 0.00659 0.01058 ( 1)  0.496
 469 Y   0.98282 0.00659 0.01058 ( 1)  0.496
 470 A   0.98282 0.00659 0.01058 ( 1)  0.496
 471 C   0.98282 0.00659 0.01058 ( 1)  0.496
 472 V   0.98282 0.00659 0.01058 ( 1)  0.496
 473 N   0.98282 0.00659 0.01058 ( 1)  0.496
 474 L   0.98282 0.00659 0.01058 ( 1)  0.496
 475 T   0.98282 0.00659 0.01058 ( 1)  0.496
 476 V   0.98282 0.00659 0.01058 ( 1)  0.496
 477 A   0.98282 0.00659 0.01058 ( 1)  0.496
 478 P   0.98282 0.00659 0.01058 ( 1)  0.496
 479 K   0.98282 0.00659 0.01058 ( 1)  0.496
 480 G   0.98282 0.00659 0.01058 ( 1)  0.496
 481 R   0.98282 0.00659 0.01058 ( 1)  0.496
 482 W   0.98282 0.00659 0.01058 ( 1)  0.496
 483 F   0.98282 0.00659 0.01058 ( 1)  0.496
 484 C   0.98282 0.00659 0.01058 ( 1)  0.496
 485 P   0.98282 0.00659 0.01058 ( 1)  0.496
 486 T   0.98282 0.00659 0.01058 ( 1)  0.496
 487 C   0.98282 0.00659 0.01058 ( 1)  0.496
 488 A   0.98282 0.00659 0.01058 ( 1)  0.496
 489 K   0.98282 0.00659 0.01058 ( 1)  0.496
 490 S   0.98282 0.00659 0.01058 ( 1)  0.496
 491 L   0.98282 0.00659 0.01058 ( 1)  0.496
 492 N   0.98282 0.00659 0.01058 ( 1)  0.496
 493 N   0.98283 0.00659 0.01058 ( 1)  0.496
 494 K   0.98282 0.00659 0.01058 ( 1)  0.496
 495 K   0.98282 0.00659 0.01058 ( 1)  0.496
 496 S   0.98282 0.00659 0.01058 ( 1)  0.496
 497 I   0.98282 0.00659 0.01058 ( 1)  0.496
 498 K   0.98282 0.00659 0.01058 ( 1)  0.496
 499 K   0.98282 0.00659 0.01058 ( 1)  0.496
 500 S   0.98282 0.00659 0.01058 ( 1)  0.496
 501 S   0.98282 0.00659 0.01058 ( 1)  0.496
 502 S   0.98282 0.00659 0.01058 ( 1)  0.496
 503 R   0.98282 0.00659 0.01058 ( 1)  0.496
 504 K   0.98282 0.00659 0.01058 ( 1)  0.496

Positively selected sites

	Prob(w>1)  mean w



lnL = -2019.334869

Bayes Empirical Bayes (BEB) probabilities for 3 classes (class) & postmean_w
(amino acids refer to 1st sequence: Sman.7486)

   1 M   0.33434 0.33409 0.33157 ( 1)  2.482 +-  2.976
   2 L   0.33434 0.33409 0.33157 ( 1)  2.482 +-  2.976
   3 Y   0.33434 0.33409 0.33157 ( 1)  2.482 +-  2.976
   4 F   0.33435 0.33409 0.33156 ( 1)  2.482 +-  2.976
   5 E   0.33435 0.33409 0.33156 ( 1)  2.482 +-  2.976
   6 D   0.33435 0.33409 0.33156 ( 1)  2.482 +-  2.976
   7 F   0.33434 0.33409 0.33157 ( 1)  2.482 +-  2.976
   8 M   0.33434 0.33409 0.33157 ( 1)  2.482 +-  2.976
   9 E   0.33435 0.33409 0.33156 ( 1)  2.482 +-  2.976
  10 A   0.33434 0.33409 0.33157 ( 1)  2.482 +-  2.976
  11 I   0.33435 0.33409 0.33156 ( 1)  2.482 +-  2.976
  12 E   0.33435 0.33409 0.33156 ( 1)  2.482 +-  2.976
  13 N   0.33435 0.33409 0.33156 ( 1)  2.482 +-  2.976
  14 M   0.33434 0.33409 0.33157 ( 1)  2.482 +-  2.976
  15 P   0.33434 0.33409 0.33157 ( 1)  2.482 +-  2.976
  16 S   0.33434 0.33409 0.33157 ( 1)  2.482 +-  2.976
  17 E   0.33434 0.33409 0.33157 ( 1)  2.482 +-  2.976
  18 L   0.33434 0.33409 0.33157 ( 1)  2.482 +-  2.976
  19 N   0.33435 0.33409 0.33156 ( 1)  2.482 +-  2.976
  20 E   0.33435 0.33409 0.33156 ( 1)  2.482 +-  2.976
  21 S   0.33434 0.33409 0.33157 ( 1)  2.482 +-  2.976
  22 L   0.33434 0.33409 0.33157 ( 1)  2.482 +-  2.976
  23 T   0.33435 0.33409 0.33157 ( 1)  2.482 +-  2.976
  24 N   0.33435 0.33409 0.33156 ( 1)  2.482 +-  2.976
  25 V   0.33434 0.33409 0.33157 ( 1)  2.482 +-  2.976
  26 R   0.33434 0.33409 0.33157 ( 1)  2.482 +-  2.976
  27 Q   0.33434 0.33409 0.33157 ( 1)  2.482 +-  2.976
  28 L   0.33434 0.33409 0.33157 ( 1)  2.482 +-  2.976
  29 D   0.33435 0.33409 0.33156 ( 1)  2.482 +-  2.976
  30 L   0.33434 0.33409 0.33157 ( 1)  2.482 +-  2.976
  31 Q   0.33435 0.33409 0.33156 ( 1)  2.482 +-  2.976
  32 A   0.33434 0.33409 0.33157 ( 1)  2.482 +-  2.976
  33 Q   0.33435 0.33409 0.33156 ( 1)  2.482 +-  2.976
  34 N   0.33435 0.33409 0.33156 ( 1)  2.482 +-  2.976
  35 I   0.33435 0.33409 0.33156 ( 1)  2.482 +-  2.976
  36 L   0.33434 0.33409 0.33157 ( 1)  2.482 +-  2.976
  37 D   0.33435 0.33409 0.33156 ( 1)  2.482 +-  2.976
  38 S   0.33434 0.33409 0.33157 ( 1)  2.482 +-  2.976
  39 L   0.33434 0.33409 0.33157 ( 1)  2.482 +-  2.976
  40 S   0.33434 0.33409 0.33157 ( 1)  2.482 +-  2.976
  41 E   0.33435 0.33409 0.33156 ( 1)  2.482 +-  2.976
  42 T   0.33434 0.33409 0.33157 ( 1)  2.482 +-  2.976
  43 I   0.33434 0.33409 0.33157 ( 1)  2.482 +-  2.976
  44 Q   0.33434 0.33409 0.33157 ( 1)  2.482 +-  2.976
  45 T   0.33435 0.33409 0.33157 ( 1)  2.482 +-  2.976
  46 F   0.33435 0.33409 0.33156 ( 1)  2.482 +-  2.976
  47 F   0.33435 0.33409 0.33156 ( 1)  2.482 +-  2.976
  48 E   0.33435 0.33409 0.33156 ( 1)  2.482 +-  2.976
  49 N   0.33435 0.33409 0.33156 ( 1)  2.482 +-  2.976
  50 C   0.33434 0.33409 0.33157 ( 1)  2.482 +-  2.976
  51 R   0.33434 0.33409 0.33157 ( 1)  2.482 +-  2.976
  52 F   0.33434 0.33409 0.33157 ( 1)  2.482 +-  2.976
  53 G   0.33434 0.33409 0.33157 ( 1)  2.482 +-  2.976
  54 K   0.33435 0.33409 0.33156 ( 1)  2.482 +-  2.976
  55 L   0.33434 0.33409 0.33157 ( 1)  2.482 +-  2.976
  56 L   0.33434 0.33409 0.33157 ( 1)  2.482 +-  2.976
  57 E   0.33435 0.33409 0.33156 ( 1)  2.482 +-  2.976
  58 Y   0.33435 0.33409 0.33156 ( 1)  2.482 +-  2.976
  59 E   0.33434 0.33409 0.33157 ( 1)  2.482 +-  2.976
  60 K   0.33435 0.33409 0.33156 ( 1)  2.482 +-  2.976
  61 S   0.33435 0.33409 0.33156 ( 1)  2.482 +-  2.976
  62 T   0.33434 0.33409 0.33157 ( 1)  2.482 +-  2.976
  63 Q   0.33434 0.33409 0.33157 ( 1)  2.482 +-  2.976
  64 I   0.33435 0.33409 0.33156 ( 1)  2.482 +-  2.976
  65 L   0.33434 0.33409 0.33157 ( 1)  2.482 +-  2.976
  66 N   0.33435 0.33409 0.33156 ( 1)  2.482 +-  2.976
  67 I   0.33435 0.33409 0.33156 ( 1)  2.482 +-  2.976
  68 T   0.33434 0.33409 0.33157 ( 1)  2.482 +-  2.976
  69 R   0.33434 0.33409 0.33157 ( 1)  2.482 +-  2.976
  70 E   0.33435 0.33409 0.33156 ( 1)  2.482 +-  2.976
  71 Y   0.33435 0.33409 0.33156 ( 1)  2.482 +-  2.976
  72 E   0.33434 0.33409 0.33157 ( 1)  2.482 +-  2.976
  73 R   0.33434 0.33409 0.33157 ( 1)  2.482 +-  2.976
  74 A   0.33434 0.33409 0.33157 ( 1)  2.482 +-  2.976
  75 L   0.33434 0.33409 0.33157 ( 1)  2.482 +-  2.976
  76 N   0.33435 0.33409 0.33156 ( 1)  2.482 +-  2.976
  77 H   0.33435 0.33409 0.33156 ( 1)  2.482 +-  2.976
  78 C   0.33434 0.33409 0.33157 ( 1)  2.482 +-  2.976
  79 K   0.33435 0.33409 0.33156 ( 1)  2.482 +-  2.976
  80 D   0.33435 0.33409 0.33156 ( 1)  2.482 +-  2.976
  81 K   0.33435 0.33409 0.33156 ( 1)  2.482 +-  2.976
  82 R   0.33434 0.33409 0.33157 ( 1)  2.482 +-  2.976
  83 E   0.33435 0.33409 0.33156 ( 1)  2.482 +-  2.976
  84 I   0.33435 0.33409 0.33157 ( 1)  2.482 +-  2.976
  85 V   0.33434 0.33409 0.33157 ( 1)  2.482 +-  2.976
  86 E   0.33435 0.33409 0.33156 ( 1)  2.482 +-  2.976
  87 N   0.33435 0.33409 0.33156 ( 1)  2.482 +-  2.976
  88 I   0.33435 0.33409 0.33157 ( 1)  2.482 +-  2.976
  89 Y   0.33435 0.33409 0.33156 ( 1)  2.482 +-  2.976
  90 S   0.33434 0.33409 0.33157 ( 1)  2.482 +-  2.976
  91 I   0.33435 0.33409 0.33157 ( 1)  2.482 +-  2.976
  92 Y   0.33435 0.33409 0.33156 ( 1)  2.482 +-  2.976
  93 R   0.33434 0.33409 0.33157 ( 1)  2.482 +-  2.976
  94 K   0.33435 0.33409 0.33156 ( 1)  2.482 +-  2.976
  95 L   0.33434 0.33409 0.33157 ( 1)  2.482 +-  2.976
  96 V   0.33434 0.33409 0.33157 ( 1)  2.482 +-  2.976
  97 R   0.33434 0.33409 0.33157 ( 1)  2.482 +-  2.976
  98 K   0.33435 0.33409 0.33156 ( 1)  2.482 +-  2.976
  99 L   0.33434 0.33409 0.33157 ( 1)  2.482 +-  2.976
 100 D   0.33435 0.33409 0.33156 ( 1)  2.482 +-  2.976
 101 I   0.33435 0.33409 0.33156 ( 1)  2.482 +-  2.976
 102 E   0.33434 0.33409 0.33157 ( 1)  2.482 +-  2.976
 103 L   0.33434 0.33409 0.33157 ( 1)  2.482 +-  2.976
 104 E   0.33434 0.33409 0.33157 ( 1)  2.482 +-  2.976
 105 K   0.33435 0.33409 0.33156 ( 1)  2.482 +-  2.976
 106 F   0.33434 0.33409 0.33157 ( 1)  2.482 +-  2.976
 107 R   0.33434 0.33409 0.33157 ( 1)  2.482 +-  2.976
 108 I   0.33435 0.33409 0.33156 ( 1)  2.482 +-  2.976
 109 E   0.33434 0.33409 0.33157 ( 1)  2.482 +-  2.976
 110 L   0.33434 0.33409 0.33157 ( 1)  2.482 +-  2.976
 111 E   0.33434 0.33409 0.33157 ( 1)  2.482 +-  2.976
 112 A   0.33434 0.33409 0.33157 ( 1)  2.482 +-  2.976
 113 D   0.33435 0.33409 0.33156 ( 1)  2.482 +-  2.976
 114 N   0.33435 0.33409 0.33156 ( 1)  2.482 +-  2.976
 115 S   0.33434 0.33409 0.33157 ( 1)  2.482 +-  2.976
 116 G   0.33434 0.33409 0.33157 ( 1)  2.482 +-  2.976
 117 I   0.33435 0.33409 0.33157 ( 1)  2.482 +-  2.976
 118 T   0.33435 0.33409 0.33157 ( 1)  2.482 +-  2.976
 119 E   0.33435 0.33409 0.33156 ( 1)  2.482 +-  2.976
 120 Q   0.33435 0.33409 0.33156 ( 1)  2.482 +-  2.976
 121 I   0.33435 0.33409 0.33157 ( 1)  2.482 +-  2.976
 122 E   0.33435 0.33409 0.33156 ( 1)  2.482 +-  2.976
 123 K   0.33435 0.33409 0.33156 ( 1)  2.482 +-  2.976
 124 R   0.33434 0.33409 0.33157 ( 1)  2.482 +-  2.976
 125 V   0.33434 0.33409 0.33157 ( 1)  2.482 +-  2.976
 126 Q   0.33434 0.33409 0.33157 ( 1)  2.482 +-  2.976
 127 N   0.33435 0.33409 0.33156 ( 1)  2.482 +-  2.976
 128 A   0.33434 0.33409 0.33157 ( 1)  2.482 +-  2.976
 129 L   0.33434 0.33409 0.33157 ( 1)  2.482 +-  2.976
 130 G   0.33434 0.33409 0.33157 ( 1)  2.482 +-  2.976
 131 K   0.33435 0.33409 0.33156 ( 1)  2.482 +-  2.976
 132 A   0.33434 0.33409 0.33157 ( 1)  2.482 +-  2.976
 133 I   0.33435 0.33409 0.33157 ( 1)  2.482 +-  2.976
 134 T   0.33435 0.33409 0.33157 ( 1)  2.482 +-  2.976
 135 T   0.33434 0.33409 0.33157 ( 1)  2.482 +-  2.976
 136 N   0.33435 0.33409 0.33156 ( 1)  2.482 +-  2.976
 137 S   0.33434 0.33409 0.33157 ( 1)  2.482 +-  2.976
 138 K   0.33435 0.33409 0.33156 ( 1)  2.482 +-  2.976
 139 A   0.33434 0.33409 0.33157 ( 1)  2.482 +-  2.976
 140 E   0.33435 0.33409 0.33156 ( 1)  2.482 +-  2.976
 141 R   0.33434 0.33409 0.33157 ( 1)  2.482 +-  2.976
 142 R   0.33434 0.33409 0.33157 ( 1)  2.482 +-  2.976
 143 R   0.33434 0.33409 0.33157 ( 1)  2.482 +-  2.976
 144 Q   0.33435 0.33409 0.33156 ( 1)  2.482 +-  2.976
 145 R   0.33434 0.33409 0.33157 ( 1)  2.482 +-  2.976
 146 L   0.33434 0.33409 0.33157 ( 1)  2.482 +-  2.976
 147 R   0.33434 0.33409 0.33157 ( 1)  2.482 +-  2.976
 148 F   0.33435 0.33409 0.33156 ( 1)  2.482 +-  2.976
 149 Q   0.33434 0.33409 0.33157 ( 1)  2.482 +-  2.976
 150 Q   0.33435 0.33409 0.33156 ( 1)  2.482 +-  2.976
 151 S   0.33434 0.33409 0.33157 ( 1)  2.482 +-  2.976
 152 S   0.33435 0.33409 0.33156 ( 1)  2.482 +-  2.976
 153 H   0.33435 0.33409 0.33156 ( 1)  2.482 +-  2.976
 154 C   0.33434 0.33409 0.33157 ( 1)  2.482 +-  2.976
 155 K   0.33435 0.33409 0.33156 ( 1)  2.482 +-  2.976
 156 N   0.33435 0.33409 0.33156 ( 1)  2.482 +-  2.976
 157 N   0.33435 0.33409 0.33156 ( 1)  2.482 +-  2.976
 158 F   0.33434 0.33409 0.33157 ( 1)  2.482 +-  2.976
 159 S   0.33434 0.33409 0.33157 ( 1)  2.482 +-  2.976
 160 V   0.33434 0.33409 0.33157 ( 1)  2.482 +-  2.976
 161 R   0.33434 0.33409 0.33157 ( 1)  2.482 +-  2.976
 162 R   0.33434 0.33409 0.33157 ( 1)  2.482 +-  2.976
 163 R   0.33434 0.33409 0.33157 ( 1)  2.482 +-  2.976
 164 L   0.33434 0.33409 0.33157 ( 1)  2.482 +-  2.976
 165 V   0.33434 0.33409 0.33157 ( 1)  2.482 +-  2.976
 166 G   0.33434 0.33409 0.33157 ( 1)  2.482 +-  2.976
 167 P   0.33434 0.33409 0.33157 ( 1)  2.482 +-  2.976
 168 A   0.33434 0.33409 0.33157 ( 1)  2.482 +-  2.976
 169 F   0.33434 0.33409 0.33157 ( 1)  2.482 +-  2.976
 170 R   0.33434 0.33409 0.33157 ( 1)  2.482 +-  2.976
 171 A   0.33434 0.33409 0.33157 ( 1)  2.482 +-  2.976
 172 A   0.33434 0.33409 0.33157 ( 1)  2.482 +-  2.976
 173 L   0.33434 0.33409 0.33157 ( 1)  2.482 +-  2.976
 174 K   0.33435 0.33409 0.33156 ( 1)  2.482 +-  2.976
 175 S   0.33434 0.33409 0.33157 ( 1)  2.482 +-  2.976
 176 A   0.33434 0.33409 0.33157 ( 1)  2.482 +-  2.976
 177 C   0.33434 0.33409 0.33157 ( 1)  2.482 +-  2.976
 178 M   0.33434 0.33409 0.33157 ( 1)  2.482 +-  2.976
 179 R   0.33434 0.33409 0.33157 ( 1)  2.482 +-  2.976
 180 P   0.33434 0.33409 0.33157 ( 1)  2.482 +-  2.976
 181 M   0.33434 0.33409 0.33157 ( 1)  2.482 +-  2.976
 182 Q   0.33435 0.33409 0.33156 ( 1)  2.482 +-  2.976
 183 S   0.33434 0.33409 0.33157 ( 1)  2.482 +-  2.976
 184 G   0.33434 0.33409 0.33157 ( 1)  2.482 +-  2.976
 185 G   0.33434 0.33409 0.33157 ( 1)  2.482 +-  2.976
 186 V   0.33434 0.33409 0.33157 ( 1)  2.482 +-  2.976
 187 P   0.33434 0.33409 0.33157 ( 1)  2.482 +-  2.976
 188 S   0.33434 0.33409 0.33157 ( 1)  2.482 +-  2.976
 189 L   0.33434 0.33409 0.33157 ( 1)  2.482 +-  2.976
 190 E   0.33435 0.33409 0.33156 ( 1)  2.482 +-  2.976
 191 N   0.33435 0.33409 0.33156 ( 1)  2.482 +-  2.976
 192 T   0.33434 0.33409 0.33157 ( 1)  2.482 +-  2.976
 193 K   0.33435 0.33409 0.33156 ( 1)  2.482 +-  2.976
 194 F   0.33434 0.33409 0.33157 ( 1)  2.482 +-  2.976
 195 S   0.33434 0.33409 0.33157 ( 1)  2.482 +-  2.976
 196 L   0.33434 0.33409 0.33157 ( 1)  2.482 +-  2.976
 197 N   0.33435 0.33409 0.33156 ( 1)  2.482 +-  2.976
 198 G   0.33434 0.33409 0.33157 ( 1)  2.482 +-  2.976
 199 D   0.33435 0.33409 0.33156 ( 1)  2.482 +-  2.976
 200 Q   0.33435 0.33409 0.33156 ( 1)  2.482 +-  2.976
 201 K   0.33435 0.33409 0.33156 ( 1)  2.482 +-  2.976
 202 S   0.33434 0.33409 0.33157 ( 1)  2.482 +-  2.976
 203 F   0.33434 0.33409 0.33157 ( 1)  2.482 +-  2.976
 204 N   0.33435 0.33409 0.33156 ( 1)  2.482 +-  2.976
 205 N   0.33435 0.33409 0.33156 ( 1)  2.482 +-  2.976
 206 S   0.33434 0.33409 0.33157 ( 1)  2.482 +-  2.976
 207 S   0.33435 0.33409 0.33156 ( 1)  2.482 +-  2.976
 208 L   0.33434 0.33409 0.33157 ( 1)  2.482 +-  2.976
 209 I   0.33434 0.33409 0.33157 ( 1)  2.482 +-  2.976
 210 S   0.33434 0.33409 0.33157 ( 1)  2.482 +-  2.976
 211 T   0.33434 0.33409 0.33157 ( 1)  2.482 +-  2.976
 212 S   0.33434 0.33409 0.33157 ( 1)  2.482 +-  2.976
 213 G   0.33434 0.33409 0.33157 ( 1)  2.482 +-  2.976
 214 C   0.33434 0.33409 0.33157 ( 1)  2.482 +-  2.976
 215 H   0.33435 0.33409 0.33156 ( 1)  2.482 +-  2.976
 216 V   0.33434 0.33409 0.33157 ( 1)  2.482 +-  2.976
 217 Q   0.33435 0.33409 0.33156 ( 1)  2.482 +-  2.976
 218 D   0.33435 0.33409 0.33156 ( 1)  2.482 +-  2.976
 219 T   0.33435 0.33409 0.33157 ( 1)  2.482 +-  2.976
 220 G   0.33434 0.33409 0.33157 ( 1)  2.482 +-  2.976
 221 S   0.33434 0.33409 0.33157 ( 1)  2.482 +-  2.976
 222 Y   0.33434 0.33409 0.33157 ( 1)  2.482 +-  2.976
 223 R   0.33434 0.33409 0.33157 ( 1)  2.482 +-  2.976
 224 K   0.33435 0.33409 0.33156 ( 1)  2.482 +-  2.976
 225 N   0.33435 0.33409 0.33156 ( 1)  2.482 +-  2.976
 226 P   0.33434 0.33409 0.33157 ( 1)  2.482 +-  2.976
 227 V   0.33434 0.33409 0.33157 ( 1)  2.482 +-  2.976
 228 H   0.33435 0.33409 0.33156 ( 1)  2.482 +-  2.976
 229 T   0.33434 0.33409 0.33157 ( 1)  2.482 +-  2.976
 230 D   0.33435 0.33409 0.33156 ( 1)  2.482 +-  2.976
 231 G   0.33434 0.33409 0.33157 ( 1)  2.482 +-  2.976
 232 L   0.33434 0.33409 0.33157 ( 1)  2.482 +-  2.976
 233 S   0.33435 0.33409 0.33156 ( 1)  2.482 +-  2.976
 234 P   0.33434 0.33409 0.33157 ( 1)  2.482 +-  2.976
 235 L   0.33434 0.33409 0.33157 ( 1)  2.482 +-  2.976
 236 K   0.33435 0.33409 0.33156 ( 1)  2.482 +-  2.976
 237 S   0.33434 0.33409 0.33157 ( 1)  2.482 +-  2.976
 238 I   0.33435 0.33409 0.33156 ( 1)  2.482 +-  2.976
 239 D   0.33435 0.33409 0.33156 ( 1)  2.482 +-  2.976
 240 E   0.33435 0.33409 0.33156 ( 1)  2.482 +-  2.976
 241 N   0.33435 0.33409 0.33156 ( 1)  2.482 +-  2.976
 242 S   0.33434 0.33409 0.33157 ( 1)  2.482 +-  2.976
 243 I   0.33435 0.33409 0.33157 ( 1)  2.482 +-  2.976
 244 C   0.33434 0.33409 0.33157 ( 1)  2.482 +-  2.976
 245 L   0.33434 0.33409 0.33157 ( 1)  2.482 +-  2.976
 246 D   0.33435 0.33409 0.33156 ( 1)  2.482 +-  2.976
 247 H   0.33435 0.33409 0.33156 ( 1)  2.482 +-  2.976
 248 Q   0.33434 0.33409 0.33157 ( 1)  2.482 +-  2.976
 249 S   0.33434 0.33409 0.33157 ( 1)  2.482 +-  2.976
 250 S   0.33435 0.33409 0.33156 ( 1)  2.482 +-  2.976
 251 D   0.33435 0.33409 0.33156 ( 1)  2.482 +-  2.976
 252 S   0.33435 0.33409 0.33156 ( 1)  2.482 +-  2.976
 253 S   0.33434 0.33409 0.33157 ( 1)  2.482 +-  2.976
 254 Y   0.33434 0.33409 0.33157 ( 1)  2.482 +-  2.976
 255 D   0.33435 0.33409 0.33156 ( 1)  2.482 +-  2.976
 256 R   0.33434 0.33409 0.33157 ( 1)  2.482 +-  2.976
 257 T   0.33434 0.33409 0.33157 ( 1)  2.482 +-  2.976
 258 F   0.33435 0.33409 0.33156 ( 1)  2.482 +-  2.976
 259 D   0.33435 0.33409 0.33156 ( 1)  2.482 +-  2.976
 260 A   0.33434 0.33409 0.33157 ( 1)  2.482 +-  2.976
 261 V   0.33434 0.33409 0.33157 ( 1)  2.482 +-  2.976
 262 N   0.33435 0.33409 0.33156 ( 1)  2.482 +-  2.976
 263 P   0.33434 0.33409 0.33157 ( 1)  2.482 +-  2.976
 264 Q   0.33435 0.33409 0.33156 ( 1)  2.482 +-  2.976
 265 T   0.33434 0.33409 0.33157 ( 1)  2.482 +-  2.976
 266 G   0.33434 0.33409 0.33157 ( 1)  2.482 +-  2.976
 267 G   0.33434 0.33409 0.33157 ( 1)  2.482 +-  2.976
 268 V   0.33434 0.33409 0.33157 ( 1)  2.482 +-  2.976
 269 T   0.33435 0.33409 0.33157 ( 1)  2.482 +-  2.976
 270 K   0.33435 0.33409 0.33156 ( 1)  2.482 +-  2.976
 271 F   0.33435 0.33409 0.33156 ( 1)  2.482 +-  2.976
 272 E   0.33435 0.33409 0.33156 ( 1)  2.482 +-  2.976
 273 E   0.33434 0.33409 0.33157 ( 1)  2.482 +-  2.976
 274 D   0.33435 0.33409 0.33156 ( 1)  2.482 +-  2.976
 275 T   0.33434 0.33409 0.33157 ( 1)  2.482 +-  2.976
 276 I   0.33435 0.33409 0.33157 ( 1)  2.482 +-  2.976
 277 N   0.33435 0.33409 0.33156 ( 1)  2.482 +-  2.976
 278 G   0.33434 0.33409 0.33157 ( 1)  2.482 +-  2.976
 279 H   0.33435 0.33409 0.33156 ( 1)  2.482 +-  2.976
 280 N   0.33435 0.33409 0.33156 ( 1)  2.482 +-  2.976
 281 A   0.33434 0.33409 0.33157 ( 1)  2.482 +-  2.976
 282 S   0.33435 0.33409 0.33156 ( 1)  2.482 +-  2.976
 283 S   0.33434 0.33409 0.33157 ( 1)  2.482 +-  2.976
 284 G   0.33434 0.33409 0.33157 ( 1)  2.482 +-  2.976
 285 F   0.33434 0.33409 0.33157 ( 1)  2.482 +-  2.976
 286 P   0.33434 0.33409 0.33157 ( 1)  2.482 +-  2.976
 287 T   0.33435 0.33409 0.33157 ( 1)  2.482 +-  2.976
 288 I   0.33435 0.33409 0.33156 ( 1)  2.482 +-  2.976
 289 L   0.33434 0.33409 0.33157 ( 1)  2.482 +-  2.976
 290 K   0.33435 0.33409 0.33156 ( 1)  2.482 +-  2.976
 291 S   0.33434 0.33409 0.33157 ( 1)  2.482 +-  2.976
 292 N   0.33435 0.33409 0.33156 ( 1)  2.482 +-  2.976
 293 P   0.33434 0.33409 0.33157 ( 1)  2.482 +-  2.976
 294 C   0.33434 0.33409 0.33157 ( 1)  2.482 +-  2.976
 295 L   0.33434 0.33409 0.33157 ( 1)  2.482 +-  2.976
 296 L   0.33434 0.33409 0.33157 ( 1)  2.482 +-  2.976
 297 P   0.33434 0.33409 0.33157 ( 1)  2.482 +-  2.976
 298 D   0.33435 0.33409 0.33156 ( 1)  2.482 +-  2.976
 299 M   0.33434 0.33409 0.33157 ( 1)  2.482 +-  2.976
 300 S   0.33434 0.33409 0.33157 ( 1)  2.482 +-  2.976
 301 L   0.33434 0.33409 0.33157 ( 1)  2.482 +-  2.976
 302 D   0.33435 0.33409 0.33156 ( 1)  2.482 +-  2.976
 303 A   0.33434 0.33409 0.33157 ( 1)  2.482 +-  2.976
 304 K   0.33435 0.33409 0.33156 ( 1)  2.482 +-  2.976
 305 T   0.33434 0.33409 0.33157 ( 1)  2.482 +-  2.976
 306 H   0.33435 0.33409 0.33156 ( 1)  2.482 +-  2.976
 307 T   0.33434 0.33409 0.33157 ( 1)  2.482 +-  2.976
 308 G   0.33434 0.33409 0.33157 ( 1)  2.482 +-  2.976
 309 M   0.33434 0.33409 0.33157 ( 1)  2.482 +-  2.976
 310 H   0.33435 0.33409 0.33156 ( 1)  2.482 +-  2.976
 311 D   0.33435 0.33409 0.33156 ( 1)  2.482 +-  2.976
 312 R   0.33434 0.33409 0.33157 ( 1)  2.482 +-  2.976
 313 V   0.33434 0.33409 0.33157 ( 1)  2.482 +-  2.976
 314 I   0.33435 0.33409 0.33156 ( 1)  2.482 +-  2.976
 315 K   0.33435 0.33409 0.33156 ( 1)  2.482 +-  2.976
 316 S   0.33435 0.33409 0.33156 ( 1)  2.482 +-  2.976
 317 A   0.33434 0.33409 0.33157 ( 1)  2.482 +-  2.976
 318 N   0.33435 0.33409 0.33156 ( 1)  2.482 +-  2.976
 319 S   0.33434 0.33409 0.33157 ( 1)  2.482 +-  2.976
 320 S   0.33434 0.33409 0.33157 ( 1)  2.482 +-  2.976
 321 S   0.33435 0.33409 0.33156 ( 1)  2.482 +-  2.976
 322 S   0.33435 0.33409 0.33156 ( 1)  2.482 +-  2.976
 323 H   0.33435 0.33409 0.33156 ( 1)  2.482 +-  2.976
 324 L   0.33434 0.33409 0.33157 ( 1)  2.482 +-  2.976
 325 F   0.33435 0.33409 0.33156 ( 1)  2.482 +-  2.976
 326 Y   0.33434 0.33409 0.33157 ( 1)  2.482 +-  2.976
 327 D   0.33435 0.33409 0.33156 ( 1)  2.482 +-  2.976
 328 T   0.33435 0.33409 0.33157 ( 1)  2.482 +-  2.976
 329 A   0.33434 0.33409 0.33157 ( 1)  2.482 +-  2.976
 330 E   0.33435 0.33409 0.33156 ( 1)  2.482 +-  2.976
 331 P   0.33434 0.33409 0.33157 ( 1)  2.482 +-  2.976
 332 N   0.33435 0.33409 0.33156 ( 1)  2.482 +-  2.976
 333 F   0.33435 0.33409 0.33156 ( 1)  2.482 +-  2.976
 334 A   0.33434 0.33409 0.33157 ( 1)  2.482 +-  2.976
 335 D   0.33435 0.33409 0.33156 ( 1)  2.482 +-  2.976
 336 R   0.33434 0.33409 0.33157 ( 1)  2.482 +-  2.976
 337 D   0.33435 0.33409 0.33156 ( 1)  2.482 +-  2.976
 338 K   0.33435 0.33409 0.33156 ( 1)  2.482 +-  2.976
 339 L   0.33434 0.33409 0.33157 ( 1)  2.482 +-  2.976
 340 N   0.33435 0.33409 0.33156 ( 1)  2.482 +-  2.976
 341 L   0.33434 0.33409 0.33157 ( 1)  2.482 +-  2.976
 342 T   0.33435 0.33409 0.33157 ( 1)  2.482 +-  2.976
 343 P   0.33434 0.33409 0.33157 ( 1)  2.482 +-  2.976
 344 R   0.33434 0.33409 0.33157 ( 1)  2.482 +-  2.976
 345 T   0.33435 0.33409 0.33157 ( 1)  2.482 +-  2.976
 346 G   0.33434 0.33409 0.33157 ( 1)  2.482 +-  2.976
 347 S   0.33434 0.33409 0.33157 ( 1)  2.482 +-  2.976
 348 I   0.33435 0.33409 0.33156 ( 1)  2.482 +-  2.976
 349 D   0.33435 0.33409 0.33156 ( 1)  2.482 +-  2.976
 350 N   0.33435 0.33409 0.33156 ( 1)  2.482 +-  2.976
 351 Q   0.33435 0.33409 0.33156 ( 1)  2.482 +-  2.976
 352 V   0.33434 0.33409 0.33157 ( 1)  2.482 +-  2.976
 353 T   0.33435 0.33409 0.33157 ( 1)  2.482 +-  2.976
 354 D   0.33435 0.33409 0.33156 ( 1)  2.482 +-  2.976
 355 N   0.33435 0.33409 0.33156 ( 1)  2.482 +-  2.976
 356 I   0.33434 0.33409 0.33157 ( 1)  2.482 +-  2.976
 357 S   0.33435 0.33409 0.33156 ( 1)  2.482 +-  2.976
 358 S   0.33434 0.33409 0.33157 ( 1)  2.482 +-  2.976
 359 P   0.33434 0.33409 0.33157 ( 1)  2.482 +-  2.976
 360 G   0.33434 0.33409 0.33157 ( 1)  2.482 +-  2.976
 361 W   0.33434 0.33409 0.33157 ( 1)  2.482 +-  2.976
 362 H   0.33435 0.33409 0.33156 ( 1)  2.482 +-  2.976
 363 G   0.33434 0.33409 0.33157 ( 1)  2.482 +-  2.976
 364 L   0.33434 0.33409 0.33157 ( 1)  2.482 +-  2.976
 365 T   0.33434 0.33409 0.33157 ( 1)  2.482 +-  2.976
 366 P   0.33434 0.33409 0.33157 ( 1)  2.482 +-  2.976
 367 S   0.33435 0.33409 0.33156 ( 1)  2.482 +-  2.976
 368 F   0.33434 0.33409 0.33157 ( 1)  2.482 +-  2.976
 369 S   0.33434 0.33409 0.33157 ( 1)  2.482 +-  2.976
 370 S   0.33435 0.33409 0.33156 ( 1)  2.482 +-  2.976
 371 T   0.33434 0.33409 0.33157 ( 1)  2.482 +-  2.976
 372 R   0.33434 0.33409 0.33157 ( 1)  2.482 +-  2.976
 373 E   0.33435 0.33409 0.33156 ( 1)  2.482 +-  2.976
 374 K   0.33435 0.33409 0.33156 ( 1)  2.482 +-  2.976
 375 R   0.33434 0.33409 0.33157 ( 1)  2.482 +-  2.976
 376 R   0.33434 0.33409 0.33157 ( 1)  2.482 +-  2.976
 377 Y   0.33434 0.33409 0.33157 ( 1)  2.482 +-  2.976
 378 P   0.33434 0.33409 0.33157 ( 1)  2.482 +-  2.976
 379 R   0.33434 0.33409 0.33157 ( 1)  2.482 +-  2.976
 380 R   0.33434 0.33409 0.33157 ( 1)  2.482 +-  2.976
 381 Y   0.33435 0.33409 0.33156 ( 1)  2.482 +-  2.976
 382 D   0.33435 0.33409 0.33156 ( 1)  2.482 +-  2.976
 383 R   0.33434 0.33409 0.33157 ( 1)  2.482 +-  2.976
 384 I   0.33435 0.33409 0.33157 ( 1)  2.482 +-  2.976
 385 G   0.33434 0.33409 0.33157 ( 1)  2.482 +-  2.976
 386 L   0.33434 0.33409 0.33157 ( 1)  2.482 +-  2.976
 387 A   0.33434 0.33409 0.33157 ( 1)  2.482 +-  2.976
 388 C   0.33434 0.33409 0.33157 ( 1)  2.482 +-  2.976
 389 D   0.33435 0.33409 0.33156 ( 1)  2.482 +-  2.976
 390 L   0.33434 0.33409 0.33157 ( 1)  2.482 +-  2.976
 391 T   0.33434 0.33409 0.33157 ( 1)  2.482 +-  2.976
 392 V   0.33434 0.33409 0.33157 ( 1)  2.482 +-  2.976
 393 D   0.33435 0.33409 0.33156 ( 1)  2.482 +-  2.976
 394 E   0.33434 0.33409 0.33157 ( 1)  2.482 +-  2.976
 395 F   0.33434 0.33409 0.33157 ( 1)  2.482 +-  2.976
 396 G   0.33434 0.33409 0.33157 ( 1)  2.482 +-  2.976
 397 K   0.33435 0.33409 0.33156 ( 1)  2.482 +-  2.976
 398 L   0.33434 0.33409 0.33157 ( 1)  2.482 +-  2.976
 399 D   0.33435 0.33409 0.33156 ( 1)  2.482 +-  2.976
 400 D   0.33435 0.33409 0.33156 ( 1)  2.482 +-  2.976
 401 S   0.33434 0.33409 0.33157 ( 1)  2.482 +-  2.976
 402 P   0.33434 0.33409 0.33157 ( 1)  2.482 +-  2.976
 403 N   0.33435 0.33409 0.33156 ( 1)  2.482 +-  2.976
 404 S   0.33434 0.33409 0.33157 ( 1)  2.482 +-  2.976
 405 S   0.33435 0.33409 0.33156 ( 1)  2.482 +-  2.976
 406 V   0.33434 0.33409 0.33157 ( 1)  2.482 +-  2.976
 407 N   0.33435 0.33409 0.33156 ( 1)  2.482 +-  2.976
 408 A   0.33434 0.33409 0.33157 ( 1)  2.482 +-  2.976
 409 T   0.33434 0.33409 0.33157 ( 1)  2.482 +-  2.976
 410 L   0.33434 0.33409 0.33157 ( 1)  2.482 +-  2.976
 411 E   0.33434 0.33409 0.33157 ( 1)  2.482 +-  2.976
 412 H   0.33435 0.33409 0.33156 ( 1)  2.482 +-  2.976
 413 G   0.33434 0.33409 0.33157 ( 1)  2.482 +-  2.976
 414 F   0.33435 0.33409 0.33156 ( 1)  2.482 +-  2.976
 415 D   0.33435 0.33409 0.33156 ( 1)  2.482 +-  2.976
 416 D   0.33435 0.33409 0.33156 ( 1)  2.482 +-  2.976
 417 Q   0.33434 0.33409 0.33157 ( 1)  2.482 +-  2.976
 418 T   0.33434 0.33409 0.33157 ( 1)  2.482 +-  2.976
 419 Y   0.33435 0.33409 0.33156 ( 1)  2.482 +-  2.976
 420 E   0.33435 0.33409 0.33156 ( 1)  2.482 +-  2.976
 421 F   0.33435 0.33409 0.33156 ( 1)  2.482 +-  2.976
 422 S   0.33435 0.33409 0.33156 ( 1)  2.482 +-  2.976
 423 G   0.33434 0.33409 0.33157 ( 1)  2.482 +-  2.976
 424 N   0.33435 0.33409 0.33156 ( 1)  2.482 +-  2.976
 425 P   0.33434 0.33409 0.33157 ( 1)  2.482 +-  2.976
 426 K   0.33435 0.33409 0.33156 ( 1)  2.482 +-  2.976
 427 P   0.33434 0.33409 0.33157 ( 1)  2.482 +-  2.976
 428 E   0.33435 0.33409 0.33156 ( 1)  2.482 +-  2.976
 429 D   0.33435 0.33409 0.33156 ( 1)  2.482 +-  2.976
 430 S   0.33434 0.33409 0.33157 ( 1)  2.482 +-  2.976
 431 T   0.33434 0.33409 0.33157 ( 1)  2.482 +-  2.976
 432 D   0.33435 0.33409 0.33156 ( 1)  2.482 +-  2.976
 433 P   0.33434 0.33409 0.33157 ( 1)  2.482 +-  2.976
 434 P   0.33434 0.33409 0.33157 ( 1)  2.482 +-  2.976
 435 D   0.33435 0.33409 0.33156 ( 1)  2.482 +-  2.976
 436 D   0.33435 0.33409 0.33156 ( 1)  2.482 +-  2.976
 437 D   0.33435 0.33409 0.33156 ( 1)  2.482 +-  2.976
 438 E   0.33435 0.33409 0.33156 ( 1)  2.482 +-  2.976
 439 D   0.33435 0.33409 0.33156 ( 1)  2.482 +-  2.976
 440 Y   0.33434 0.33409 0.33157 ( 1)  2.482 +-  2.976
 441 K   0.33435 0.33409 0.33156 ( 1)  2.482 +-  2.976
 442 R   0.33434 0.33409 0.33157 ( 1)  2.482 +-  2.976
 443 Y   0.33434 0.33409 0.33157 ( 1)  2.482 +-  2.976
 444 C   0.33434 0.33409 0.33157 ( 1)  2.482 +-  2.976
 445 I   0.33435 0.33409 0.33157 ( 1)  2.482 +-  2.976
 446 C   0.33434 0.33409 0.33157 ( 1)  2.482 +-  2.976
 447 R   0.33434 0.33409 0.33157 ( 1)  2.482 +-  2.976
 448 D   0.33435 0.33409 0.33156 ( 1)  2.482 +-  2.976
 449 V   0.33434 0.33409 0.33157 ( 1)  2.482 +-  2.976
 450 S   0.33435 0.33409 0.33156 ( 1)  2.482 +-  2.976
 451 Y   0.33435 0.33409 0.33156 ( 1)  2.482 +-  2.976
 452 G   0.33434 0.33409 0.33157 ( 1)  2.482 +-  2.976
 453 D   0.33435 0.33409 0.33156 ( 1)  2.482 +-  2.976
 454 M   0.33434 0.33409 0.33157 ( 1)  2.482 +-  2.976
 455 I   0.33435 0.33409 0.33157 ( 1)  2.482 +-  2.976
 456 A   0.33434 0.33409 0.33157 ( 1)  2.482 +-  2.976
 457 C   0.33434 0.33409 0.33157 ( 1)  2.482 +-  2.976
 458 D   0.33435 0.33409 0.33156 ( 1)  2.482 +-  2.976
 459 A   0.33434 0.33409 0.33157 ( 1)  2.482 +-  2.976
 460 P   0.33434 0.33409 0.33157 ( 1)  2.482 +-  2.976
 461 D   0.33435 0.33409 0.33156 ( 1)  2.482 +-  2.976
 462 C   0.33434 0.33409 0.33157 ( 1)  2.482 +-  2.976
 463 P   0.33434 0.33409 0.33157 ( 1)  2.482 +-  2.976
 464 F   0.33434 0.33409 0.33157 ( 1)  2.482 +-  2.976
 465 E   0.33435 0.33409 0.33156 ( 1)  2.482 +-  2.976
 466 W   0.33434 0.33409 0.33157 ( 1)  2.482 +-  2.976
 467 F   0.33435 0.33409 0.33156 ( 1)  2.482 +-  2.976
 468 H   0.33435 0.33409 0.33156 ( 1)  2.482 +-  2.976
 469 Y   0.33434 0.33409 0.33157 ( 1)  2.482 +-  2.976
 470 A   0.33434 0.33409 0.33157 ( 1)  2.482 +-  2.976
 471 C   0.33434 0.33409 0.33157 ( 1)  2.482 +-  2.976
 472 V   0.33434 0.33409 0.33157 ( 1)  2.482 +-  2.976
 473 N   0.33435 0.33409 0.33156 ( 1)  2.482 +-  2.976
 474 L   0.33434 0.33409 0.33157 ( 1)  2.482 +-  2.976
 475 T   0.33434 0.33409 0.33157 ( 1)  2.482 +-  2.976
 476 V   0.33434 0.33409 0.33157 ( 1)  2.482 +-  2.976
 477 A   0.33434 0.33409 0.33157 ( 1)  2.482 +-  2.976
 478 P   0.33434 0.33409 0.33157 ( 1)  2.482 +-  2.976
 479 K   0.33435 0.33409 0.33156 ( 1)  2.482 +-  2.976
 480 G   0.33434 0.33409 0.33157 ( 1)  2.482 +-  2.976
 481 R   0.33434 0.33409 0.33157 ( 1)  2.482 +-  2.976
 482 W   0.33434 0.33409 0.33157 ( 1)  2.482 +-  2.976
 483 F   0.33435 0.33409 0.33156 ( 1)  2.482 +-  2.976
 484 C   0.33434 0.33409 0.33157 ( 1)  2.482 +-  2.976
 485 P   0.33434 0.33409 0.33157 ( 1)  2.482 +-  2.976
 486 T   0.33434 0.33409 0.33157 ( 1)  2.482 +-  2.976
 487 C   0.33434 0.33409 0.33157 ( 1)  2.482 +-  2.976
 488 A   0.33434 0.33409 0.33157 ( 1)  2.482 +-  2.976
 489 K   0.33435 0.33409 0.33156 ( 1)  2.482 +-  2.976
 490 S   0.33434 0.33409 0.33157 ( 1)  2.482 +-  2.976
 491 L   0.33434 0.33409 0.33157 ( 1)  2.482 +-  2.976
 492 N   0.33435 0.33409 0.33156 ( 1)  2.482 +-  2.976
 493 N   0.33435 0.33409 0.33156 ( 1)  2.482 +-  2.976
 494 K   0.33435 0.33409 0.33156 ( 1)  2.482 +-  2.976
 495 K   0.33435 0.33409 0.33156 ( 1)  2.482 +-  2.976
 496 S   0.33434 0.33409 0.33157 ( 1)  2.482 +-  2.976
 497 I   0.33434 0.33409 0.33157 ( 1)  2.482 +-  2.976
 498 K   0.33435 0.33409 0.33156 ( 1)  2.482 +-  2.976
 499 K   0.33435 0.33409 0.33156 ( 1)  2.482 +-  2.976
 500 S   0.33435 0.33409 0.33156 ( 1)  2.482 +-  2.976
 501 S   0.33434 0.33409 0.33157 ( 1)  2.482 +-  2.976
 502 S   0.33434 0.33409 0.33157 ( 1)  2.482 +-  2.976
 503 R   0.33434 0.33409 0.33157 ( 1)  2.482 +-  2.976
 504 K   0.33435 0.33409 0.33156 ( 1)  2.482 +-  2.976

Positively selected sites

	Prob(w>1)  mean w


