Supplemental results for CODEML (seqf: algn  treef: tree)


dN/dS (w) for site classes (K=8)

p:   0.12500  0.12500  0.12500  0.12500  0.12500  0.12500  0.12500  0.12500
w:   0.00000  0.00000  0.00000  0.00000  0.00000  0.00000  0.00011  0.60378

Naive Empirical Bayes (NEB) probabilities for 8 classes & postmean_w
(amino acids refer to 1st sequence: Mlig.35763)

   1 M   0.12608 0.12608 0.12608 0.12608 0.12608 0.12608 0.12608 0.11746 ( 5)  0.071
   2 A   0.12543 0.12543 0.12543 0.12543 0.12543 0.12543 0.12543 0.12199 ( 2)  0.074
   3 V   0.12534 0.12534 0.12534 0.12534 0.12534 0.12534 0.12534 0.12259 ( 1)  0.074
   4 Q   0.12547 0.12547 0.12547 0.12547 0.12547 0.12547 0.12547 0.12169 ( 5)  0.073
   5 R   0.12595 0.12595 0.12595 0.12595 0.12595 0.12595 0.12595 0.11835 ( 1)  0.071
   6 F   0.12559 0.12559 0.12559 0.12559 0.12559 0.12559 0.12559 0.12084 ( 1)  0.073
   7 A   0.12531 0.12531 0.12531 0.12531 0.12531 0.12531 0.12531 0.12283 ( 2)  0.074
   8 I   0.12629 0.12629 0.12629 0.12629 0.12629 0.12629 0.12629 0.11594 ( 1)  0.070
   9 L   0.12583 0.12583 0.12583 0.12583 0.12583 0.12583 0.12583 0.11921 ( 2)  0.072
  10 I   0.12557 0.12557 0.12557 0.12557 0.12557 0.12557 0.12557 0.12101 ( 1)  0.073
  11 A   0.12531 0.12531 0.12531 0.12531 0.12531 0.12531 0.12531 0.12283 ( 2)  0.074
  12 L   0.12562 0.12562 0.12562 0.12562 0.12562 0.12562 0.12562 0.12064 ( 2)  0.073
  13 M   0.12608 0.12608 0.12608 0.12608 0.12608 0.12608 0.12608 0.11746 ( 5)  0.071
  14 A   0.12620 0.12620 0.12620 0.12620 0.12620 0.12620 0.12620 0.11658 ( 2)  0.070
  15 C   0.12630 0.12630 0.12630 0.12630 0.12630 0.12630 0.12629 0.11593 ( 2)  0.070
  16 F   0.12559 0.12559 0.12559 0.12559 0.12559 0.12559 0.12559 0.12084 ( 1)  0.073
  17 C   0.12630 0.12630 0.12630 0.12630 0.12630 0.12630 0.12629 0.11593 ( 2)  0.070
  18 F   0.00000 0.00000 0.00000 0.00000 0.00000 0.00000 0.00019 0.99981 ( 8)  0.604
  19 Y   0.12540 0.12540 0.12540 0.12540 0.12540 0.12540 0.12540 0.12221 ( 2)  0.074
  20 A   0.12543 0.12543 0.12543 0.12543 0.12543 0.12543 0.12543 0.12199 ( 2)  0.074
  21 S   0.12634 0.12634 0.12634 0.12634 0.12634 0.12634 0.12633 0.11565 ( 2)  0.070
  22 G   0.12625 0.12625 0.12625 0.12625 0.12625 0.12625 0.12625 0.11626 ( 2)  0.070
  23 L   0.12562 0.12562 0.12562 0.12562 0.12562 0.12562 0.12562 0.12064 ( 2)  0.073
  24 R   0.12043 0.12043 0.12043 0.12043 0.12043 0.12043 0.12043 0.15696 ( 8)  0.095
  25 C   0.12630 0.12630 0.12630 0.12630 0.12630 0.12630 0.12629 0.11593 ( 2)  0.070
  26 Y   0.12611 0.12611 0.12611 0.12611 0.12611 0.12611 0.12611 0.11720 ( 1)  0.071
  27 I   0.12629 0.12629 0.12629 0.12629 0.12629 0.12629 0.12629 0.11594 ( 1)  0.070
  28 C   0.12630 0.12630 0.12630 0.12630 0.12630 0.12630 0.12629 0.11593 ( 2)  0.070
  29 N   0.12561 0.12561 0.12561 0.12561 0.12561 0.12561 0.12561 0.12075 ( 1)  0.073
  30 S   0.12634 0.12634 0.12634 0.12634 0.12634 0.12634 0.12633 0.11565 ( 2)  0.070
  31 L   0.12562 0.12562 0.12562 0.12562 0.12562 0.12562 0.12562 0.12064 ( 2)  0.073
  32 N   0.12628 0.12628 0.12628 0.12628 0.12628 0.12628 0.12628 0.11603 ( 2)  0.070
  33 D   0.12652 0.12652 0.12652 0.12652 0.12652 0.12652 0.12652 0.11435 ( 5)  0.069
  34 K   0.12559 0.12559 0.12559 0.12559 0.12559 0.12559 0.12558 0.12090 ( 5)  0.073
  35 A   0.12531 0.12531 0.12531 0.12531 0.12531 0.12531 0.12531 0.12283 ( 2)  0.074
  36 C   0.12555 0.12555 0.12555 0.12555 0.12555 0.12555 0.12555 0.12114 ( 2)  0.073
  37 D   0.12575 0.12575 0.12575 0.12575 0.12575 0.12575 0.12575 0.11973 ( 2)  0.072
  38 G   0.12625 0.12625 0.12625 0.12625 0.12625 0.12625 0.12625 0.11626 ( 2)  0.070
  39 D   0.12575 0.12575 0.12575 0.12575 0.12575 0.12575 0.12575 0.11973 ( 2)  0.072
  40 S   0.12564 0.12564 0.12564 0.12564 0.12564 0.12564 0.12564 0.12051 ( 5)  0.073
  41 L   0.12562 0.12562 0.12562 0.12562 0.12562 0.12562 0.12562 0.12064 ( 2)  0.073
  42 D   0.12575 0.12575 0.12575 0.12575 0.12575 0.12575 0.12575 0.11973 ( 2)  0.072
  43 K   0.12588 0.12588 0.12588 0.12588 0.12588 0.12588 0.12588 0.11882 ( 5)  0.072
  44 K   0.12559 0.12559 0.12559 0.12559 0.12559 0.12559 0.12558 0.12090 ( 5)  0.073
  45 F   0.12634 0.12634 0.12634 0.12634 0.12634 0.12634 0.12634 0.11561 ( 2)  0.070
  46 L   0.12611 0.12611 0.12611 0.12611 0.12611 0.12611 0.12610 0.11726 ( 2)  0.071
  47 I   0.12629 0.12629 0.12629 0.12629 0.12629 0.12629 0.12629 0.11594 ( 1)  0.070
  48 N   0.12628 0.12628 0.12628 0.12628 0.12628 0.12628 0.12628 0.11603 ( 2)  0.070
  49 C   0.12630 0.12630 0.12630 0.12630 0.12630 0.12630 0.12629 0.11593 ( 2)  0.070
  50 S   0.12564 0.12564 0.12564 0.12564 0.12564 0.12564 0.12564 0.12051 ( 5)  0.073
  51 L   0.12562 0.12562 0.12562 0.12562 0.12562 0.12562 0.12562 0.12064 ( 2)  0.073
  52 G   0.12625 0.12625 0.12625 0.12625 0.12625 0.12625 0.12625 0.11626 ( 2)  0.070
  53 R   0.12611 0.12611 0.12611 0.12611 0.12611 0.12611 0.12611 0.11722 ( 2)  0.071
  54 N   0.12628 0.12628 0.12628 0.12628 0.12628 0.12628 0.12628 0.11603 ( 2)  0.070
  55 D   0.12652 0.12652 0.12652 0.12652 0.12652 0.12652 0.12652 0.11435 ( 5)  0.069
  56 G   0.12625 0.12625 0.12625 0.12625 0.12625 0.12625 0.12625 0.11626 ( 2)  0.070
  57 S   0.12634 0.12634 0.12634 0.12634 0.12634 0.12634 0.12633 0.11565 ( 2)  0.070
  58 G   0.12576 0.12576 0.12576 0.12576 0.12576 0.12576 0.12576 0.11966 ( 2)  0.072
  59 P   0.12584 0.12584 0.12584 0.12584 0.12584 0.12584 0.12584 0.11909 ( 2)  0.072
  60 S   0.12634 0.12634 0.12634 0.12634 0.12634 0.12634 0.12633 0.11565 ( 2)  0.070
  61 A   0.12531 0.12531 0.12531 0.12531 0.12531 0.12531 0.12531 0.12283 ( 2)  0.074
  62 F   0.12634 0.12634 0.12634 0.12634 0.12634 0.12634 0.12634 0.11561 ( 2)  0.070
  63 K   0.12588 0.12588 0.12588 0.12588 0.12588 0.12588 0.12588 0.11882 ( 5)  0.072
  64 P   0.12551 0.12551 0.12551 0.12551 0.12551 0.12551 0.12551 0.12142 ( 5)  0.073
  65 V   0.12581 0.12581 0.12581 0.12581 0.12581 0.12581 0.12581 0.11933 ( 1)  0.072
  66 P   0.12522 0.12522 0.12522 0.12522 0.12522 0.12522 0.12522 0.12349 ( 5)  0.075
  67 N   0.12628 0.12628 0.12628 0.12628 0.12628 0.12628 0.12628 0.11603 ( 2)  0.070
  68 A   0.12620 0.12620 0.12620 0.12620 0.12620 0.12620 0.12620 0.11658 ( 2)  0.070
  69 K   0.12559 0.12559 0.12559 0.12559 0.12559 0.12559 0.12558 0.12090 ( 5)  0.073
  70 V   0.12632 0.12632 0.12632 0.12632 0.12632 0.12632 0.12632 0.11573 ( 1)  0.070
  71 C   0.12630 0.12630 0.12630 0.12630 0.12630 0.12630 0.12629 0.11593 ( 2)  0.070
  72 W   0.12596 0.12596 0.12596 0.12596 0.12596 0.12596 0.12595 0.11832 ( 5)  0.071
  73 K   0.12588 0.12588 0.12588 0.12588 0.12588 0.12588 0.12588 0.11882 ( 5)  0.072
  74 Q   0.12581 0.12581 0.12581 0.12581 0.12581 0.12581 0.12581 0.11932 ( 5)  0.072
  75 R   0.12595 0.12595 0.12595 0.12595 0.12595 0.12595 0.12595 0.11835 ( 1)  0.071
  76 Q   0.12547 0.12547 0.12547 0.12547 0.12547 0.12547 0.12547 0.12169 ( 5)  0.073
  77 D   0.12652 0.12652 0.12652 0.12652 0.12652 0.12652 0.12652 0.11435 ( 5)  0.069
  78 V   0.12581 0.12581 0.12581 0.12581 0.12581 0.12581 0.12581 0.11933 ( 1)  0.072
  79 E   0.12577 0.12577 0.12577 0.12577 0.12577 0.12577 0.12576 0.11964 ( 2)  0.072
  80 G   0.12625 0.12625 0.12625 0.12625 0.12625 0.12625 0.12625 0.11626 ( 2)  0.070
  81 R   0.12550 0.12550 0.12550 0.12550 0.12550 0.12550 0.12550 0.12148 ( 1)  0.073
  82 I   0.12629 0.12629 0.12629 0.12629 0.12629 0.12629 0.12629 0.11594 ( 1)  0.070
  83 I   0.12557 0.12557 0.12557 0.12557 0.12557 0.12557 0.12557 0.12101 ( 1)  0.073
  84 V   0.12581 0.12581 0.12581 0.12581 0.12581 0.12581 0.12581 0.11933 ( 1)  0.072
  85 D   0.12575 0.12575 0.12575 0.12575 0.12575 0.12575 0.12575 0.11973 ( 2)  0.072
  86 R   0.12519 0.12519 0.12519 0.12519 0.12519 0.12519 0.12519 0.12368 ( 5)  0.075
  87 M   0.12608 0.12608 0.12608 0.12608 0.12608 0.12608 0.12608 0.11746 ( 5)  0.071
  88 C   0.12583 0.12583 0.12583 0.12583 0.12583 0.12583 0.12583 0.11918 ( 5)  0.072
  89 G   0.12625 0.12625 0.12625 0.12625 0.12625 0.12625 0.12625 0.11626 ( 2)  0.070
  90 Q   0.12547 0.12547 0.12547 0.12547 0.12547 0.12547 0.12547 0.12169 ( 5)  0.073
  91 E   0.12612 0.12612 0.12612 0.12612 0.12612 0.12612 0.12611 0.11719 ( 2)  0.071
  92 L   0.12583 0.12583 0.12583 0.12583 0.12583 0.12583 0.12583 0.11921 ( 2)  0.072
  93 E   0.12612 0.12612 0.12612 0.12612 0.12612 0.12612 0.12611 0.11719 ( 2)  0.071
  94 S   0.12634 0.12634 0.12634 0.12634 0.12634 0.12634 0.12633 0.11565 ( 2)  0.070
  95 G   0.12625 0.12625 0.12625 0.12625 0.12625 0.12625 0.12625 0.11626 ( 2)  0.070
  96 N   0.12628 0.12628 0.12628 0.12628 0.12628 0.12628 0.12628 0.11603 ( 2)  0.070
  97 V   0.12632 0.12632 0.12632 0.12632 0.12632 0.12632 0.12632 0.11573 ( 1)  0.070
  98 N   0.12628 0.12628 0.12628 0.12628 0.12628 0.12628 0.12628 0.11603 ( 2)  0.070
  99 T   0.12598 0.12598 0.12598 0.12598 0.12598 0.12598 0.12598 0.11815 ( 2)  0.071
 100 C   0.12630 0.12630 0.12630 0.12630 0.12630 0.12630 0.12629 0.11593 ( 2)  0.070
 101 Y   0.12611 0.12611 0.12611 0.12611 0.12611 0.12611 0.12611 0.11720 ( 1)  0.071
 102 D   0.12652 0.12652 0.12652 0.12652 0.12652 0.12652 0.12652 0.11435 ( 5)  0.069
 103 R   0.12550 0.12550 0.12550 0.12550 0.12550 0.12550 0.12550 0.12148 ( 1)  0.073
 104 V   0.12548 0.12548 0.12548 0.12548 0.12548 0.12548 0.12548 0.12166 ( 1)  0.073
 105 G   0.12625 0.12625 0.12625 0.12625 0.12625 0.12625 0.12625 0.11626 ( 2)  0.070
 106 T   0.12598 0.12598 0.12598 0.12598 0.12598 0.12598 0.12598 0.11815 ( 2)  0.071
 107 K   0.12588 0.12588 0.12588 0.12588 0.12588 0.12588 0.12588 0.11882 ( 5)  0.072
 108 K   0.12588 0.12588 0.12588 0.12588 0.12588 0.12588 0.12588 0.11882 ( 5)  0.072
 109 V   0.12632 0.12632 0.12632 0.12632 0.12632 0.12632 0.12632 0.11573 ( 1)  0.070
 110 K   0.12588 0.12588 0.12588 0.12588 0.12588 0.12588 0.12588 0.11882 ( 5)  0.072
 111 V   0.12581 0.12581 0.12581 0.12581 0.12581 0.12581 0.12581 0.11933 ( 1)  0.072
 112 R   0.12611 0.12611 0.12611 0.12611 0.12611 0.12611 0.12611 0.11722 ( 2)  0.071
 113 Y   0.12611 0.12611 0.12611 0.12611 0.12611 0.12611 0.12611 0.11720 ( 1)  0.071
 114 C   0.12630 0.12630 0.12630 0.12630 0.12630 0.12630 0.12629 0.11593 ( 2)  0.070
 115 V   0.12632 0.12632 0.12632 0.12632 0.12632 0.12632 0.12632 0.11573 ( 1)  0.070
 116 C   0.12630 0.12630 0.12630 0.12630 0.12630 0.12630 0.12629 0.11593 ( 2)  0.070
 117 D   0.12652 0.12652 0.12652 0.12652 0.12652 0.12652 0.12652 0.11435 ( 5)  0.069
 118 K   0.12559 0.12559 0.12559 0.12559 0.12559 0.12559 0.12558 0.12090 ( 5)  0.073
 119 D   0.12652 0.12652 0.12652 0.12652 0.12652 0.12652 0.12652 0.11435 ( 5)  0.069
 120 E   0.12612 0.12612 0.12612 0.12612 0.12612 0.12612 0.12611 0.11719 ( 2)  0.071
 121 C   0.12630 0.12630 0.12630 0.12630 0.12630 0.12630 0.12629 0.11593 ( 2)  0.070
 122 N   0.12628 0.12628 0.12628 0.12628 0.12628 0.12628 0.12628 0.11603 ( 2)  0.070
 123 G   0.12545 0.12545 0.12545 0.12545 0.12545 0.12545 0.12545 0.12186 ( 5)  0.074
 124 S   0.12544 0.12544 0.12544 0.12544 0.12544 0.12544 0.12544 0.12191 ( 2)  0.074
 125 G   0.12625 0.12625 0.12625 0.12625 0.12625 0.12625 0.12625 0.11626 ( 2)  0.070
 126 S   0.12544 0.12544 0.12544 0.12544 0.12544 0.12544 0.12544 0.12191 ( 2)  0.074
 127 V   0.12632 0.12632 0.12632 0.12632 0.12632 0.12632 0.12632 0.11573 ( 1)  0.070
 128 G   0.12625 0.12625 0.12625 0.12625 0.12625 0.12625 0.12625 0.11626 ( 2)  0.070
 129 G   0.12625 0.12625 0.12625 0.12625 0.12625 0.12625 0.12625 0.11626 ( 2)  0.070
 130 S   0.12533 0.12533 0.12533 0.12533 0.12533 0.12533 0.12533 0.12269 ( 1)  0.074
 131 S   0.12544 0.12544 0.12544 0.12544 0.12544 0.12544 0.12544 0.12191 ( 2)  0.074
 132 I   0.12629 0.12629 0.12629 0.12629 0.12629 0.12629 0.12629 0.11594 ( 1)  0.070
 133 G   0.12527 0.12527 0.12527 0.12527 0.12527 0.12527 0.12527 0.12312 ( 2)  0.074
 134 V   0.12548 0.12548 0.12548 0.12548 0.12548 0.12548 0.12548 0.12166 ( 1)  0.073
 135 A   0.12573 0.12573 0.12573 0.12573 0.12573 0.12573 0.12573 0.11987 ( 2)  0.072
 136 L   0.12562 0.12562 0.12562 0.12562 0.12562 0.12562 0.12562 0.12064 ( 2)  0.073
 137 A   0.12543 0.12543 0.12543 0.12543 0.12543 0.12543 0.12543 0.12199 ( 2)  0.074
 138 L   0.12562 0.12562 0.12562 0.12562 0.12562 0.12562 0.12562 0.12064 ( 2)  0.073
 139 L   0.12539 0.12539 0.12539 0.12539 0.12539 0.12539 0.12539 0.12224 ( 2)  0.074
 140 A   0.12531 0.12531 0.12531 0.12531 0.12531 0.12531 0.12531 0.12283 ( 2)  0.074
 141 A   0.12620 0.12620 0.12620 0.12620 0.12620 0.12620 0.12620 0.11658 ( 2)  0.070
 142 F   0.12634 0.12634 0.12634 0.12634 0.12634 0.12634 0.12634 0.11561 ( 2)  0.070
 143 L   0.12562 0.12562 0.12562 0.12562 0.12562 0.12562 0.12562 0.12064 ( 2)  0.073
 144 A   0.12620 0.12620 0.12620 0.12620 0.12620 0.12620 0.12620 0.11658 ( 2)  0.070
 145 A   0.12573 0.12573 0.12573 0.12573 0.12573 0.12573 0.12573 0.11987 ( 2)  0.072
 146 P   0.12530 0.12530 0.12530 0.12530 0.12530 0.12530 0.12530 0.12290 ( 1)  0.074
 147 W   0.12596 0.12596 0.12596 0.12596 0.12596 0.12596 0.12595 0.11832 ( 5)  0.071
 148 G   0.12625 0.12625 0.12625 0.12625 0.12625 0.12625 0.12625 0.11626 ( 2)  0.070
 149 L   0.12611 0.12611 0.12611 0.12611 0.12611 0.12611 0.12610 0.11726 ( 2)  0.071


lnL =  -611.517313

