Supplemental results for CODEML (seqf: algn  treef: tree)


dN/dS (w) for site classes (K=2)

p:   0.81425  0.18575
w:   0.00000  1.00000

Naive Empirical Bayes (NEB) probabilities for 2 classes & postmean_w
(amino acids refer to 1st sequence: Mlig.6474)

   1 M   0.81670 0.18330 ( 1)  0.183
   2 N   0.81719 0.18281 ( 1)  0.183
   3 F   0.81467 0.18533 ( 1)  0.185
   4 D   0.81710 0.18290 ( 1)  0.183
   5 E   0.81450 0.18550 ( 1)  0.185
   6 F   0.81467 0.18533 ( 1)  0.185
   7 G   0.81718 0.18282 ( 1)  0.183
   8 K   0.81451 0.18549 ( 1)  0.185
   9 D   0.81710 0.18290 ( 1)  0.183
  10 M   0.81670 0.18330 ( 1)  0.183
  11 L   0.81464 0.18536 ( 1)  0.185
  12 G   0.81718 0.18282 ( 1)  0.183
  13 G   0.81718 0.18282 ( 1)  0.183
  14 S   0.81467 0.18533 ( 1)  0.185
  15 G   0.81718 0.18282 ( 1)  0.183
  16 R   0.81628 0.18372 ( 1)  0.184
  17 P   0.81450 0.18550 ( 1)  0.186
  18 S   0.81448 0.18552 ( 1)  0.186
  19 S   0.81464 0.18536 ( 1)  0.185
  20 F   0.81708 0.18292 ( 1)  0.183
  21 R   0.81693 0.18307 ( 1)  0.183
  22 G   0.00000 1.00000 ( 2)  1.000
  23 G   0.81468 0.18532 ( 1)  0.185
  24 G   0.81718 0.18282 ( 1)  0.183
  25 A   0.81470 0.18530 ( 1)  0.185
  26 G   0.81718 0.18282 ( 1)  0.183
  27 S   0.81467 0.18533 ( 1)  0.185
  28 G   0.81718 0.18282 ( 1)  0.183
  29 H   0.81684 0.18316 ( 1)  0.183
  30 S   0.81467 0.18533 ( 1)  0.185
  31 G   0.81718 0.18282 ( 1)  0.183
  32 N   0.81719 0.18281 ( 1)  0.183
  33 S   0.81448 0.18552 ( 1)  0.186
  34 F   0.81708 0.18292 ( 1)  0.183
  35 A   0.81733 0.18267 ( 1)  0.183
  36 D   0.81710 0.18290 ( 1)  0.183
  37 R   0.81628 0.18372 ( 1)  0.184
  38 H   0.81684 0.18316 ( 1)  0.183
  39 A   0.81733 0.18267 ( 1)  0.183
  40 S   0.81711 0.18289 ( 1)  0.183
  41 M   0.81670 0.18330 ( 1)  0.183
  42 M   0.81670 0.18330 ( 1)  0.183
  43 S   0.81711 0.18289 ( 1)  0.183
  44 S   0.81687 0.18313 ( 1)  0.183
  45 T   0.81644 0.18356 ( 1)  0.184
  46 P   0.81707 0.18293 ( 1)  0.183
  47 R   0.81628 0.18372 ( 1)  0.184
  48 E   0.81641 0.18359 ( 1)  0.184
  49 P   0.81707 0.18293 ( 1)  0.183
  50 S   0.81711 0.18289 ( 1)  0.183
  51 S   0.81623 0.18377 ( 1)  0.184
  52 G   0.81468 0.18532 ( 1)  0.185
  53 L   0.81686 0.18314 ( 1)  0.183
  54 W   0.81550 0.18450 ( 1)  0.184
  55 L   0.81439 0.18561 ( 1)  0.186
  56 A   0.81733 0.18267 ( 1)  0.183
  57 W   0.81550 0.18450 ( 1)  0.184
  58 Q   0.81550 0.18450 ( 1)  0.184
  59 I   0.81733 0.18267 ( 1)  0.183
  60 A   0.81733 0.18267 ( 1)  0.183
  61 Y   0.81693 0.18307 ( 1)  0.183
  62 P   0.81450 0.18550 ( 1)  0.186
  63 I   0.81733 0.18267 ( 1)  0.183
  64 C   0.81463 0.18537 ( 1)  0.185
  65 L   0.81686 0.18314 ( 1)  0.183
  66 G   0.81718 0.18282 ( 1)  0.183
  67 L   0.81545 0.18455 ( 1)  0.185
  68 L   0.81686 0.18314 ( 1)  0.183
  69 N   0.81719 0.18281 ( 1)  0.183
  70 F   0.81708 0.18292 ( 1)  0.183
  71 C   0.81684 0.18316 ( 1)  0.183
  72 L   0.81545 0.18455 ( 1)  0.185
  73 V   0.81644 0.18356 ( 1)  0.184
  74 V   0.81468 0.18532 ( 1)  0.185
  75 G   0.81718 0.18282 ( 1)  0.183
  76 A   0.81733 0.18267 ( 1)  0.183
  77 W   0.81550 0.18450 ( 1)  0.184
  78 L   0.81686 0.18314 ( 1)  0.183
  79 W   0.81550 0.18450 ( 1)  0.184
  80 F   0.81708 0.18292 ( 1)  0.183
  81 K   0.81648 0.18352 ( 1)  0.184
  82 H   0.81684 0.18316 ( 1)  0.183
  83 P   0.81639 0.18361 ( 1)  0.184
  84 L   0.81686 0.18314 ( 1)  0.183
  85 Y   0.81693 0.18307 ( 1)  0.183
  86 L   0.81545 0.18455 ( 1)  0.185
  87 F   0.81708 0.18292 ( 1)  0.183
  88 R   0.81693 0.18307 ( 1)  0.183
  89 L   0.81545 0.18455 ( 1)  0.185
  90 L   0.81545 0.18455 ( 1)  0.185
  91 R   0.81693 0.18307 ( 1)  0.183
  92 W   0.81550 0.18450 ( 1)  0.184
  93 L   0.81545 0.18455 ( 1)  0.185
  94 Q   0.81550 0.18450 ( 1)  0.184
  95 T   0.81714 0.18286 ( 1)  0.183
  96 R   0.81693 0.18307 ( 1)  0.183
  97 R   0.81628 0.18372 ( 1)  0.184
  98 A   0.81733 0.18267 ( 1)  0.183
  99 G   0.81718 0.18282 ( 1)  0.183
 100 L   0.81545 0.18455 ( 1)  0.185
 101 R   0.81693 0.18307 ( 1)  0.183
 102 C   0.81684 0.18316 ( 1)  0.183
 103 R   0.81693 0.18307 ( 1)  0.183
 104 Q   0.81550 0.18450 ( 1)  0.184
 105 I   0.81733 0.18267 ( 1)  0.183
 106 Q   0.81550 0.18450 ( 1)  0.184
 107 L   0.81545 0.18455 ( 1)  0.185
 108 D   0.81710 0.18290 ( 1)  0.183
 109 G   0.81718 0.18282 ( 1)  0.183
 110 T   0.81450 0.18550 ( 1)  0.185
 111 V   0.81713 0.18287 ( 1)  0.183
 112 Y   0.81693 0.18307 ( 1)  0.183
 113 R   0.81693 0.18307 ( 1)  0.183
 114 I   0.81733 0.18267 ( 1)  0.183
 115 A   0.81733 0.18267 ( 1)  0.183
 116 E   0.81641 0.18359 ( 1)  0.184
 117 K   0.81648 0.18352 ( 1)  0.184
 118 G   0.81718 0.18282 ( 1)  0.183
 119 R   0.81628 0.18372 ( 1)  0.184
 120 A   0.81470 0.18530 ( 1)  0.185
 121 D   0.81710 0.18290 ( 1)  0.183
 122 K   0.81648 0.18352 ( 1)  0.184
 123 F   0.81708 0.18292 ( 1)  0.183
 124 R   0.81693 0.18307 ( 1)  0.183
 125 T   0.81714 0.18286 ( 1)  0.183
 126 S   0.81687 0.18313 ( 1)  0.183
 127 M   0.81670 0.18330 ( 1)  0.183
 128 L   0.81545 0.18455 ( 1)  0.185
 129 L   0.81545 0.18455 ( 1)  0.185
 130 I   0.81733 0.18267 ( 1)  0.183
 131 H   0.81684 0.18316 ( 1)  0.183
 132 G   0.81718 0.18282 ( 1)  0.183
 133 L   0.81545 0.18455 ( 1)  0.185
 134 A   0.81659 0.18341 ( 1)  0.183
 135 D   0.81467 0.18533 ( 1)  0.185
 136 D   0.81710 0.18290 ( 1)  0.183
 137 V   0.81644 0.18356 ( 1)  0.184
 138 S   0.81687 0.18313 ( 1)  0.183
 139 S   0.81711 0.18289 ( 1)  0.183
 140 W   0.81550 0.18450 ( 1)  0.184
 141 N   0.81719 0.18281 ( 1)  0.183
 142 S   0.81711 0.18289 ( 1)  0.183
 143 F   0.81467 0.18533 ( 1)  0.185
 144 V   0.81644 0.18356 ( 1)  0.184
 145 E   0.81450 0.18550 ( 1)  0.185
 146 L   0.81545 0.18455 ( 1)  0.185
 147 I   0.81471 0.18529 ( 1)  0.185
 148 D   0.81710 0.18290 ( 1)  0.183
 149 A   0.81659 0.18341 ( 1)  0.183
 150 Q   0.81550 0.18450 ( 1)  0.184
 151 A   0.81733 0.18267 ( 1)  0.183
 152 E   0.81641 0.18359 ( 1)  0.184
 153 H   0.81684 0.18316 ( 1)  0.183
 154 C   0.81684 0.18316 ( 1)  0.183
 155 L   0.81545 0.18455 ( 1)  0.185
 156 A   0.81733 0.18267 ( 1)  0.183
 157 V   0.81713 0.18287 ( 1)  0.183
 158 E   0.81641 0.18359 ( 1)  0.184
 159 L   0.81545 0.18455 ( 1)  0.185
 160 P   0.81707 0.18293 ( 1)  0.183
 161 G   0.81718 0.18282 ( 1)  0.183
 162 H   0.81684 0.18316 ( 1)  0.183
 163 G   0.81718 0.18282 ( 1)  0.183
 164 G   0.81718 0.18282 ( 1)  0.183
 165 S   0.81711 0.18289 ( 1)  0.183
 166 L   0.81545 0.18455 ( 1)  0.185
 167 A   0.81733 0.18267 ( 1)  0.183
 168 S   0.81467 0.18533 ( 1)  0.185
 169 S   0.81623 0.18377 ( 1)  0.184
 170 A   0.81733 0.18267 ( 1)  0.183
 171 E   0.81450 0.18550 ( 1)  0.185
 172 E   0.81450 0.18550 ( 1)  0.185
 173 F   0.81708 0.18292 ( 1)  0.183
 174 D   0.81710 0.18290 ( 1)  0.183
 175 L   0.81545 0.18455 ( 1)  0.185
 176 E   0.81641 0.18359 ( 1)  0.184
 177 P   0.81639 0.18361 ( 1)  0.184
 178 L   0.81545 0.18455 ( 1)  0.185
 179 A   0.81733 0.18267 ( 1)  0.183
 180 R   0.81693 0.18307 ( 1)  0.183
 181 R   0.81441 0.18559 ( 1)  0.186
 182 V   0.81713 0.18287 ( 1)  0.183
 183 R   0.81693 0.18307 ( 1)  0.183
 184 S   0.81711 0.18289 ( 1)  0.183
 185 L   0.81545 0.18455 ( 1)  0.185
 186 V   0.81713 0.18287 ( 1)  0.183
 187 C   0.81684 0.18316 ( 1)  0.183
 188 A   0.81659 0.18341 ( 1)  0.183
 189 A   0.81733 0.18267 ( 1)  0.183
 190 G   0.81718 0.18282 ( 1)  0.183
 191 Y   0.81693 0.18307 ( 1)  0.183
 192 E   0.81641 0.18359 ( 1)  0.184
 193 K   0.81648 0.18352 ( 1)  0.184
 194 Q   0.81550 0.18450 ( 1)  0.184
 195 P   0.81639 0.18361 ( 1)  0.184
 196 M   0.81670 0.18330 ( 1)  0.183
 197 H   0.81684 0.18316 ( 1)  0.183
 198 V   0.81644 0.18356 ( 1)  0.184
 199 I   0.81733 0.18267 ( 1)  0.183
 200 G   0.81718 0.18282 ( 1)  0.183
 201 Y   0.81693 0.18307 ( 1)  0.183
 202 S   0.81711 0.18289 ( 1)  0.183
 203 M   0.81670 0.18330 ( 1)  0.183
 204 G   0.81718 0.18282 ( 1)  0.183
 205 A   0.81733 0.18267 ( 1)  0.183
 206 C   0.81684 0.18316 ( 1)  0.183
 207 V   0.81644 0.18356 ( 1)  0.184
 208 A   0.81470 0.18530 ( 1)  0.185
 209 G   0.81718 0.18282 ( 1)  0.183
 210 A   0.81733 0.18267 ( 1)  0.183
 211 Y   0.81693 0.18307 ( 1)  0.183
 212 A   0.81659 0.18341 ( 1)  0.183
 213 A   0.81733 0.18267 ( 1)  0.183
 214 L   0.81686 0.18314 ( 1)  0.183
 215 Y   0.81693 0.18307 ( 1)  0.183
 216 P   0.81467 0.18533 ( 1)  0.185
 217 E   0.81450 0.18550 ( 1)  0.185
 218 Q   0.81550 0.18450 ( 1)  0.184
 219 A   0.81733 0.18267 ( 1)  0.183
 220 D   0.81710 0.18290 ( 1)  0.183
 221 L   0.81545 0.18455 ( 1)  0.185
 222 L   0.81686 0.18314 ( 1)  0.183
 223 T   0.81714 0.18286 ( 1)  0.183
 224 V   0.81644 0.18356 ( 1)  0.184
 225 A   0.81733 0.18267 ( 1)  0.183
 226 A   0.81733 0.18267 ( 1)  0.183
 227 P   0.81639 0.18361 ( 1)  0.184
 228 L   0.81487 0.18513 ( 1)  0.185
 229 M   0.81670 0.18330 ( 1)  0.183
 230 R   0.81693 0.18307 ( 1)  0.183
 231 Q   0.81550 0.18450 ( 1)  0.184
 232 P   0.81467 0.18533 ( 1)  0.185
 233 S   0.81623 0.18377 ( 1)  0.184
 234 A   0.81733 0.18267 ( 1)  0.183
 235 T   0.81714 0.18286 ( 1)  0.183
 236 E   0.81641 0.18359 ( 1)  0.184
 237 E   0.81641 0.18359 ( 1)  0.184
 238 A   0.81733 0.18267 ( 1)  0.183
 239 N   0.81719 0.18281 ( 1)  0.183
 240 T   0.81468 0.18532 ( 1)  0.185
 241 E   0.81641 0.18359 ( 1)  0.184
 242 L   0.81545 0.18455 ( 1)  0.185
 243 L   0.81545 0.18455 ( 1)  0.185
 244 H   0.81684 0.18316 ( 1)  0.183
 245 R   0.81693 0.18307 ( 1)  0.183
 246 L   0.81545 0.18455 ( 1)  0.185
 247 S   0.81711 0.18289 ( 1)  0.183
 248 S   0.81711 0.18289 ( 1)  0.183
 249 W   0.81550 0.18450 ( 1)  0.184
 250 L   0.81545 0.18455 ( 1)  0.185
 251 A   0.81470 0.18530 ( 1)  0.185
 252 P   0.81639 0.18361 ( 1)  0.184
 253 A   0.81733 0.18267 ( 1)  0.183
 254 S   0.81711 0.18289 ( 1)  0.183
 255 Y   0.81693 0.18307 ( 1)  0.183
 256 D   0.81710 0.18290 ( 1)  0.183
 257 E   0.81641 0.18359 ( 1)  0.184
 258 L   0.81545 0.18455 ( 1)  0.185
 259 T   0.81644 0.18356 ( 1)  0.184
 260 V   0.81644 0.18356 ( 1)  0.184
 261 A   0.81659 0.18341 ( 1)  0.183
 262 L   0.81545 0.18455 ( 1)  0.185
 263 R   0.81628 0.18372 ( 1)  0.184
 264 H   0.81684 0.18316 ( 1)  0.183
 265 R   0.81693 0.18307 ( 1)  0.183
 266 A   0.81733 0.18267 ( 1)  0.183
 267 Y   0.81693 0.18307 ( 1)  0.183
 268 R   0.81642 0.18358 ( 1)  0.184
 269 P   0.81707 0.18293 ( 1)  0.183
 270 V   0.81644 0.18356 ( 1)  0.184
 271 P   0.81639 0.18361 ( 1)  0.184
 272 V   0.81644 0.18356 ( 1)  0.184
 273 A   0.81733 0.18267 ( 1)  0.183
 274 S   0.81687 0.18313 ( 1)  0.183
 275 Q   0.81550 0.18450 ( 1)  0.184
 276 V   0.81644 0.18356 ( 1)  0.184
 277 L   0.81686 0.18314 ( 1)  0.183
 278 T   0.81714 0.18286 ( 1)  0.183
 279 G   0.81718 0.18282 ( 1)  0.183
 280 M   0.81670 0.18330 ( 1)  0.183
 281 L   0.81545 0.18455 ( 1)  0.185
 282 E   0.81641 0.18359 ( 1)  0.184
 283 D   0.81710 0.18290 ( 1)  0.183
 284 R   0.81441 0.18559 ( 1)  0.186
 285 L   0.81545 0.18455 ( 1)  0.185
 286 P   0.81707 0.18293 ( 1)  0.183
 287 K   0.81648 0.18352 ( 1)  0.184
 288 L   0.81545 0.18455 ( 1)  0.185
 289 E   0.81641 0.18359 ( 1)  0.184
 290 F   0.81708 0.18292 ( 1)  0.183
 291 H   0.81684 0.18316 ( 1)  0.183
 292 R   0.81441 0.18559 ( 1)  0.186
 293 A   0.81470 0.18530 ( 1)  0.185
 294 L   0.81545 0.18455 ( 1)  0.185
 295 L   0.81545 0.18455 ( 1)  0.185
 296 A   0.81733 0.18267 ( 1)  0.183
 297 N   0.81719 0.18281 ( 1)  0.183
 298 C   0.81684 0.18316 ( 1)  0.183
 299 F   0.81708 0.18292 ( 1)  0.183
 300 E   0.81641 0.18359 ( 1)  0.184
 301 E   0.81641 0.18359 ( 1)  0.184
 302 A   0.81733 0.18267 ( 1)  0.183
 303 N   0.81719 0.18281 ( 1)  0.183
 304 C   0.81684 0.18316 ( 1)  0.183
 305 N   0.81468 0.18532 ( 1)  0.185
 306 I   0.81471 0.18529 ( 1)  0.185
 307 L   0.81545 0.18455 ( 1)  0.185
 308 L   0.81545 0.18455 ( 1)  0.185
 309 R   0.81693 0.18307 ( 1)  0.183
 310 L   0.81545 0.18455 ( 1)  0.185
 311 A   0.81733 0.18267 ( 1)  0.183
 312 E   0.81641 0.18359 ( 1)  0.184
 313 Q   0.81550 0.18450 ( 1)  0.184
 314 I   0.81733 0.18267 ( 1)  0.183
 315 T   0.81714 0.18286 ( 1)  0.183
 316 A   0.81733 0.18267 ( 1)  0.183
 317 A   0.81733 0.18267 ( 1)  0.183
 318 T   0.81644 0.18356 ( 1)  0.184
 319 H   0.81684 0.18316 ( 1)  0.183
 320 I   0.81733 0.18267 ( 1)  0.183
 321 I   0.81733 0.18267 ( 1)  0.183
 322 W   0.81550 0.18450 ( 1)  0.184
 323 G   0.81718 0.18282 ( 1)  0.183
 324 K   0.81648 0.18352 ( 1)  0.184
 325 Q   0.81550 0.18450 ( 1)  0.184
 326 D   0.81710 0.18290 ( 1)  0.183
 327 E   0.81641 0.18359 ( 1)  0.184
 328 L   0.81439 0.18561 ( 1)  0.186
 329 S   0.81687 0.18313 ( 1)  0.183
 330 L   0.81545 0.18455 ( 1)  0.185
 331 V   0.81644 0.18356 ( 1)  0.184
 332 S   0.81687 0.18313 ( 1)  0.183
 333 L   0.81545 0.18455 ( 1)  0.185
 334 A   0.81733 0.18267 ( 1)  0.183
 335 G   0.81718 0.18282 ( 1)  0.183
 336 Q   0.81550 0.18450 ( 1)  0.184
 337 L   0.81686 0.18314 ( 1)  0.183
 338 Q   0.81550 0.18450 ( 1)  0.184
 339 K   0.81648 0.18352 ( 1)  0.184
 340 S   0.81623 0.18377 ( 1)  0.184
 341 L   0.81545 0.18455 ( 1)  0.185
 342 P   0.81707 0.18293 ( 1)  0.183
 343 N   0.81719 0.18281 ( 1)  0.183
 344 V   0.81644 0.18356 ( 1)  0.184
 345 C   0.81684 0.18316 ( 1)  0.183
 346 Q   0.81550 0.18450 ( 1)  0.184
 347 S   0.81623 0.18377 ( 1)  0.184
 348 D   0.81710 0.18290 ( 1)  0.183
 349 I   0.81471 0.18529 ( 1)  0.185
 350 L   0.81545 0.18455 ( 1)  0.185
 351 D   0.81710 0.18290 ( 1)  0.183
 352 E   0.81546 0.18454 ( 1)  0.185
 353 C   0.81684 0.18316 ( 1)  0.183
 354 G   0.81718 0.18282 ( 1)  0.183
 355 H   0.81684 0.18316 ( 1)  0.183
 356 S   0.81623 0.18377 ( 1)  0.184
 357 L   0.81545 0.18455 ( 1)  0.185
 358 E   0.81641 0.18359 ( 1)  0.184
 359 L   0.81545 0.18455 ( 1)  0.185
 360 E   0.81641 0.18359 ( 1)  0.184
 361 C   0.81684 0.18316 ( 1)  0.183
 362 P   0.81707 0.18293 ( 1)  0.183
 363 A   0.81733 0.18267 ( 1)  0.183
 364 N   0.81719 0.18281 ( 1)  0.183
 365 F   0.81708 0.18292 ( 1)  0.183
 366 F   0.81708 0.18292 ( 1)  0.183
 367 G   0.81718 0.18282 ( 1)  0.183
 368 L   0.81545 0.18455 ( 1)  0.185
 369 V   0.81644 0.18356 ( 1)  0.184
 370 Y   0.81693 0.18307 ( 1)  0.183
 371 K   0.81648 0.18352 ( 1)  0.184
 372 F   0.81708 0.18292 ( 1)  0.183
 373 R   0.81642 0.18358 ( 1)  0.184
 374 K   0.81648 0.18352 ( 1)  0.184
 375 N   0.81719 0.18281 ( 1)  0.183
 376 Q   0.81550 0.18450 ( 1)  0.184
 377 S   0.81623 0.18377 ( 1)  0.184
 378 L   0.81545 0.18455 ( 1)  0.185
 379 K   0.81648 0.18352 ( 1)  0.184
 380 K   0.81648 0.18352 ( 1)  0.184
 381 F   0.81708 0.18292 ( 1)  0.183
 382 S   0.81467 0.18533 ( 1)  0.185


lnL = -1446.490644

