Supplemental results for CODEML (seqf: algn  treef: tree)


dN/dS (w) for site classes (K=2)

p:   0.99999  0.00001
w:   0.73888  1.00000

Naive Empirical Bayes (NEB) probabilities for 2 classes & postmean_w
(amino acids refer to 1st sequence: Smar.7980)

   1 M   0.99999 0.00001 ( 1)  0.739
   2 R   0.99999 0.00001 ( 1)  0.739
   3 T   0.99999 0.00001 ( 1)  0.739
   4 R   0.99999 0.00001 ( 1)  0.739
   5 I   0.99999 0.00001 ( 1)  0.739
   6 N   0.99999 0.00001 ( 1)  0.739
   7 L   0.99999 0.00001 ( 1)  0.739
   8 V   0.99999 0.00001 ( 1)  0.739
   9 N   0.99999 0.00001 ( 1)  0.739
  10 L   0.99999 0.00001 ( 1)  0.739
  11 N   0.99999 0.00001 ( 1)  0.739
  12 G   0.99999 0.00001 ( 1)  0.739
  13 I   0.99999 0.00001 ( 1)  0.739
  14 S   0.99999 0.00001 ( 1)  0.739
  15 S   0.99999 0.00001 ( 1)  0.739
  16 A   0.99999 0.00001 ( 1)  0.739
  17 F   0.99999 0.00001 ( 1)  0.739
  18 A   0.99999 0.00001 ( 1)  0.739
  19 S   0.99999 0.00001 ( 1)  0.739
  20 S   0.99999 0.00001 ( 1)  0.739
  21 S   0.99999 0.00001 ( 1)  0.739
  22 F   0.99999 0.00001 ( 1)  0.739
  23 S   0.99999 0.00001 ( 1)  0.739
  24 T   0.99999 0.00001 ( 1)  0.739
  25 I   0.99999 0.00001 ( 1)  0.739
  26 L   0.99999 0.00001 ( 1)  0.739
  27 S   0.99999 0.00001 ( 1)  0.739
  28 L   0.99999 0.00001 ( 1)  0.739
  29 S   0.99999 0.00001 ( 1)  0.739
  30 S   0.99999 0.00001 ( 1)  0.739
  31 F   0.99999 0.00001 ( 1)  0.739
  32 R   0.99999 0.00001 ( 1)  0.739
  33 S   0.99999 0.00001 ( 1)  0.739
  34 V   0.99999 0.00001 ( 1)  0.739
  35 L   0.99999 0.00001 ( 1)  0.739
  36 S   0.99999 0.00001 ( 1)  0.739
  37 N   0.99999 0.00001 ( 1)  0.739
  38 N   0.99999 0.00001 ( 1)  0.739
  39 N   0.99999 0.00001 ( 1)  0.739
  40 N   0.99999 0.00001 ( 1)  0.739
  41 L   0.99999 0.00001 ( 1)  0.739
  42 I   0.99999 0.00001 ( 1)  0.739
  43 L   0.99999 0.00001 ( 1)  0.739
  44 A   0.99999 0.00001 ( 1)  0.739
  45 T   0.99999 0.00001 ( 1)  0.739
  46 G   0.99999 0.00001 ( 1)  0.739
  47 S   0.99999 0.00001 ( 1)  0.739
  48 A   0.99999 0.00001 ( 1)  0.739
  49 C   0.99999 0.00001 ( 1)  0.739
  50 P   0.99999 0.00001 ( 1)  0.739
  51 S   0.99999 0.00001 ( 1)  0.739
  52 N   0.99999 0.00001 ( 1)  0.739
  53 P   0.99999 0.00001 ( 1)  0.739
  54 G   0.99999 0.00001 ( 1)  0.739
  55 I   0.99999 0.00001 ( 1)  0.739
  56 V   0.99999 0.00001 ( 1)  0.739
  57 C   0.99999 0.00001 ( 1)  0.739
  58 S   0.99999 0.00001 ( 1)  0.739
  59 H   0.99999 0.00001 ( 1)  0.739
  60 D   0.99999 0.00001 ( 1)  0.739
  61 Y   0.99999 0.00001 ( 1)  0.739
  62 L   0.99999 0.00001 ( 1)  0.739
  63 L   0.99999 0.00001 ( 1)  0.739
  64 V   0.99999 0.00001 ( 1)  0.739
  65 D   0.99999 0.00001 ( 1)  0.739
  66 D   0.99999 0.00001 ( 1)  0.739
  67 R   0.99999 0.00001 ( 1)  0.739
  68 I   0.99999 0.00001 ( 1)  0.739
  69 S   0.99999 0.00001 ( 1)  0.739
  70 N   0.99999 0.00001 ( 1)  0.739
  71 V   0.99999 0.00001 ( 1)  0.739
  72 Y   0.99999 0.00001 ( 1)  0.739
  73 D   0.99999 0.00001 ( 1)  0.739
  74 G   0.99999 0.00001 ( 1)  0.739
  75 T   0.99999 0.00001 ( 1)  0.739


lnL =  -299.020402

