Supplemental results for CODEML (seqf: algn  treef: tree)


dN/dS (w) for site classes (K=3)

p:   0.49339  0.32143  0.18518
w:   0.45594  1.00000  1.83158

Naive Empirical Bayes (NEB) probabilities for 3 classes & postmean_w & P(w>1)
(amino acids refer to 1st sequence: Tsag.10347)

   1 M   0.49340 0.32143 0.18518 ( 1)  0.886  0.185
   2 G   0.49339 0.32143 0.18518 ( 1)  0.886  0.185
   3 D   0.49340 0.32143 0.18518 ( 1)  0.886  0.185
   4 A   0.49340 0.32143 0.18518 ( 1)  0.886  0.185
   5 P   0.49340 0.32143 0.18518 ( 1)  0.886  0.185
   6 H   0.49340 0.32143 0.18518 ( 1)  0.886  0.185
   7 T   0.49340 0.32143 0.18518 ( 1)  0.886  0.185
   8 P   0.49340 0.32143 0.18518 ( 1)  0.886  0.185
   9 P   0.49340 0.32143 0.18518 ( 1)  0.886  0.185
  10 D   0.49340 0.32143 0.18518 ( 1)  0.886  0.185
  11 V   0.49339 0.32143 0.18518 ( 1)  0.886  0.185
  12 L   0.49340 0.32143 0.18518 ( 1)  0.886  0.185
  13 H   0.49340 0.32143 0.18518 ( 1)  0.886  0.185
  14 M   0.49340 0.32143 0.18518 ( 1)  0.886  0.185
  15 S   0.49340 0.32143 0.18518 ( 1)  0.886  0.185
  16 R   0.49339 0.32143 0.18518 ( 1)  0.886  0.185
  17 E   0.49340 0.32143 0.18518 ( 1)  0.886  0.185
  18 E   0.49340 0.32143 0.18518 ( 1)  0.886  0.185
  19 I   0.49340 0.32143 0.18518 ( 1)  0.886  0.185
  20 L   0.49340 0.32143 0.18518 ( 1)  0.886  0.185
  21 A   0.49340 0.32143 0.18518 ( 1)  0.886  0.185
  22 S   0.49340 0.32143 0.18518 ( 1)  0.886  0.185
  23 T   0.49340 0.32143 0.18518 ( 1)  0.886  0.185
  24 S   0.49340 0.32143 0.18518 ( 1)  0.886  0.185
  25 L   0.49340 0.32143 0.18518 ( 1)  0.886  0.185
  26 A   0.49340 0.32143 0.18518 ( 1)  0.886  0.185
  27 T   0.49340 0.32143 0.18518 ( 1)  0.886  0.185
  28 K   0.49340 0.32143 0.18518 ( 1)  0.886  0.185
  29 K   0.49340 0.32143 0.18518 ( 1)  0.886  0.185
  30 P   0.49340 0.32143 0.18518 ( 1)  0.886  0.185
  31 L   0.49340 0.32143 0.18518 ( 1)  0.886  0.185
  32 S   0.49340 0.32143 0.18518 ( 1)  0.886  0.185
  33 T   0.49340 0.32143 0.18518 ( 1)  0.886  0.185
  34 H   0.49340 0.32143 0.18518 ( 1)  0.886  0.185
  35 P   0.49340 0.32143 0.18518 ( 1)  0.886  0.185
  36 K   0.49340 0.32143 0.18518 ( 1)  0.886  0.185
  37 R   0.49340 0.32143 0.18518 ( 1)  0.886  0.185
  38 Q   0.49340 0.32143 0.18518 ( 1)  0.886  0.185
  39 S   0.49340 0.32143 0.18518 ( 1)  0.886  0.185
  40 P   0.49340 0.32143 0.18518 ( 1)  0.886  0.185
  41 P   0.49340 0.32143 0.18518 ( 1)  0.886  0.185
  42 P   0.49340 0.32143 0.18518 ( 1)  0.886  0.185
  43 I   0.49340 0.32143 0.18518 ( 1)  0.886  0.185
  44 P   0.49340 0.32143 0.18518 ( 1)  0.886  0.185
  45 L   0.49340 0.32143 0.18518 ( 1)  0.886  0.185
  46 P   0.49340 0.32143 0.18518 ( 1)  0.886  0.185
  47 F   0.49340 0.32143 0.18518 ( 1)  0.886  0.185
  48 P   0.49340 0.32143 0.18518 ( 1)  0.886  0.185
  49 V   0.49340 0.32143 0.18518 ( 1)  0.886  0.185
  50 S   0.49340 0.32143 0.18518 ( 1)  0.886  0.185
  51 K   0.49340 0.32143 0.18518 ( 1)  0.886  0.185
  52 D   0.49340 0.32143 0.18518 ( 1)  0.886  0.185
  53 L   0.49340 0.32143 0.18518 ( 1)  0.886  0.185
  54 R   0.49340 0.32143 0.18518 ( 1)  0.886  0.185
  55 E   0.49340 0.32143 0.18518 ( 1)  0.886  0.185
  56 E   0.49340 0.32143 0.18518 ( 1)  0.886  0.185
  57 L   0.49339 0.32143 0.18518 ( 1)  0.886  0.185
  58 R   0.49340 0.32143 0.18518 ( 1)  0.886  0.185
  59 R   0.49340 0.32143 0.18518 ( 1)  0.886  0.185
  60 F   0.49340 0.32143 0.18518 ( 1)  0.886  0.185
  61 V   0.49340 0.32143 0.18518 ( 1)  0.886  0.185
  62 N   0.49340 0.32143 0.18518 ( 1)  0.886  0.185
  63 Q   0.49340 0.32143 0.18518 ( 1)  0.886  0.185
  64 A   0.49340 0.32143 0.18518 ( 1)  0.886  0.185
  65 K   0.49340 0.32143 0.18518 ( 1)  0.886  0.185
  66 G   0.49339 0.32143 0.18518 ( 1)  0.886  0.185
  67 N   0.49340 0.32143 0.18518 ( 1)  0.886  0.185

Positively selected sites

	Prob(w>1)  mean w



lnL =  -267.716636

Bayes Empirical Bayes (BEB) probabilities for 3 classes (class) & postmean_w
(amino acids refer to 1st sequence: Tsag.10347)

   1 M   0.33344 0.33341 0.33315 ( 1)  2.498 +-  2.989
   2 G   0.33344 0.33341 0.33315 ( 1)  2.498 +-  2.989
   3 D   0.33344 0.33341 0.33315 ( 1)  2.498 +-  2.989
   4 A   0.33344 0.33341 0.33315 ( 1)  2.498 +-  2.989
   5 P   0.33344 0.33341 0.33315 ( 1)  2.498 +-  2.989
   6 H   0.33344 0.33341 0.33315 ( 1)  2.498 +-  2.989
   7 T   0.33344 0.33341 0.33315 ( 1)  2.498 +-  2.989
   8 P   0.33344 0.33341 0.33315 ( 1)  2.498 +-  2.989
   9 P   0.33344 0.33341 0.33315 ( 1)  2.498 +-  2.989
  10 D   0.33344 0.33341 0.33315 ( 1)  2.498 +-  2.989
  11 V   0.33344 0.33341 0.33315 ( 1)  2.498 +-  2.989
  12 L   0.33344 0.33341 0.33315 ( 1)  2.498 +-  2.989
  13 H   0.33344 0.33341 0.33315 ( 1)  2.498 +-  2.989
  14 M   0.33344 0.33341 0.33315 ( 1)  2.498 +-  2.989
  15 S   0.33344 0.33341 0.33315 ( 1)  2.498 +-  2.989
  16 R   0.33344 0.33341 0.33315 ( 1)  2.498 +-  2.989
  17 E   0.33344 0.33341 0.33315 ( 1)  2.498 +-  2.989
  18 E   0.33344 0.33341 0.33315 ( 1)  2.498 +-  2.989
  19 I   0.33344 0.33341 0.33315 ( 1)  2.498 +-  2.989
  20 L   0.33344 0.33341 0.33315 ( 1)  2.498 +-  2.989
  21 A   0.33344 0.33341 0.33315 ( 1)  2.498 +-  2.989
  22 S   0.33344 0.33341 0.33315 ( 1)  2.498 +-  2.989
  23 T   0.33344 0.33341 0.33315 ( 1)  2.498 +-  2.989
  24 S   0.33344 0.33341 0.33315 ( 1)  2.498 +-  2.989
  25 L   0.33344 0.33341 0.33315 ( 1)  2.498 +-  2.989
  26 A   0.33344 0.33341 0.33315 ( 1)  2.498 +-  2.989
  27 T   0.33344 0.33341 0.33315 ( 1)  2.498 +-  2.989
  28 K   0.33344 0.33341 0.33315 ( 1)  2.498 +-  2.989
  29 K   0.33344 0.33341 0.33315 ( 1)  2.498 +-  2.989
  30 P   0.33344 0.33341 0.33315 ( 1)  2.498 +-  2.989
  31 L   0.33344 0.33341 0.33315 ( 1)  2.498 +-  2.989
  32 S   0.33344 0.33341 0.33315 ( 1)  2.498 +-  2.989
  33 T   0.33344 0.33341 0.33315 ( 1)  2.498 +-  2.989
  34 H   0.33344 0.33341 0.33315 ( 1)  2.498 +-  2.989
  35 P   0.33344 0.33341 0.33315 ( 1)  2.498 +-  2.989
  36 K   0.33344 0.33341 0.33315 ( 1)  2.498 +-  2.989
  37 R   0.33344 0.33341 0.33315 ( 1)  2.498 +-  2.989
  38 Q   0.33344 0.33341 0.33315 ( 1)  2.498 +-  2.989
  39 S   0.33344 0.33341 0.33315 ( 1)  2.498 +-  2.989
  40 P   0.33344 0.33341 0.33315 ( 1)  2.498 +-  2.989
  41 P   0.33344 0.33341 0.33315 ( 1)  2.498 +-  2.989
  42 P   0.33344 0.33341 0.33315 ( 1)  2.498 +-  2.989
  43 I   0.33344 0.33341 0.33315 ( 1)  2.498 +-  2.989
  44 P   0.33344 0.33341 0.33315 ( 1)  2.498 +-  2.989
  45 L   0.33344 0.33341 0.33315 ( 1)  2.498 +-  2.989
  46 P   0.33344 0.33341 0.33315 ( 1)  2.498 +-  2.989
  47 F   0.33344 0.33341 0.33315 ( 1)  2.498 +-  2.989
  48 P   0.33344 0.33341 0.33315 ( 1)  2.498 +-  2.989
  49 V   0.33344 0.33341 0.33315 ( 1)  2.498 +-  2.989
  50 S   0.33344 0.33341 0.33315 ( 1)  2.498 +-  2.989
  51 K   0.33344 0.33341 0.33315 ( 1)  2.498 +-  2.989
  52 D   0.33344 0.33341 0.33315 ( 1)  2.498 +-  2.989
  53 L   0.33344 0.33341 0.33315 ( 1)  2.498 +-  2.989
  54 R   0.33344 0.33341 0.33315 ( 1)  2.498 +-  2.989
  55 E   0.33344 0.33341 0.33315 ( 1)  2.498 +-  2.989
  56 E   0.33344 0.33341 0.33315 ( 1)  2.498 +-  2.989
  57 L   0.33343 0.33341 0.33316 ( 1)  2.498 +-  2.989
  58 R   0.33344 0.33341 0.33315 ( 1)  2.498 +-  2.989
  59 R   0.33344 0.33341 0.33315 ( 1)  2.498 +-  2.989
  60 F   0.33344 0.33341 0.33315 ( 1)  2.498 +-  2.989
  61 V   0.33344 0.33341 0.33315 ( 1)  2.498 +-  2.989
  62 N   0.33344 0.33341 0.33315 ( 1)  2.498 +-  2.989
  63 Q   0.33344 0.33341 0.33315 ( 1)  2.498 +-  2.989
  64 A   0.33344 0.33341 0.33315 ( 1)  2.498 +-  2.989
  65 K   0.33344 0.33341 0.33315 ( 1)  2.498 +-  2.989
  66 G   0.33344 0.33341 0.33315 ( 1)  2.498 +-  2.989
  67 N   0.33344 0.33341 0.33315 ( 1)  2.498 +-  2.989

Positively selected sites

	Prob(w>1)  mean w


