Supplemental results for CODEML (seqf: algn  treef: tree)


dN/dS (w) for site classes (K=8)

p:   0.12500  0.12500  0.12500  0.12500  0.12500  0.12500  0.12500  0.12500
w:   0.00000  0.00000  0.00000  0.00000  0.00000  0.00000  0.00000  0.00000

Naive Empirical Bayes (NEB) probabilities for 8 classes & postmean_w
(amino acids refer to 1st sequence: Smed.26421)

   1 M   0.12500 0.12500 0.12500 0.12500 0.12500 0.12500 0.12500 0.12500 ( 2)  0.000
   2 K   0.12500 0.12500 0.12500 0.12500 0.12500 0.12500 0.12500 0.12500 ( 3)  0.000
   3 M   0.12500 0.12500 0.12500 0.12500 0.12500 0.12500 0.12500 0.12500 ( 2)  0.000
   4 S   0.12500 0.12500 0.12500 0.12500 0.12500 0.12500 0.12500 0.12500 ( 5)  0.000
   5 F   0.12500 0.12500 0.12500 0.12500 0.12500 0.12500 0.12500 0.12500 ( 5)  0.000
   6 N   0.12500 0.12500 0.12500 0.12500 0.12500 0.12500 0.12500 0.12500 ( 2)  0.000
   7 E   0.12500 0.12500 0.12500 0.12500 0.12500 0.12500 0.12500 0.12500 ( 2)  0.000
   8 N   0.12500 0.12500 0.12500 0.12500 0.12500 0.12500 0.12500 0.12500 ( 2)  0.000
   9 Y   0.12500 0.12500 0.12500 0.12500 0.12500 0.12500 0.12500 0.12500 ( 3)  0.000
  10 R   0.12500 0.12500 0.12500 0.12500 0.12500 0.12500 0.12500 0.12500 ( 5)  0.000
  11 R   0.12500 0.12500 0.12500 0.12500 0.12500 0.12500 0.12500 0.12500 ( 3)  0.000
  12 I   0.12500 0.12500 0.12500 0.12500 0.12500 0.12500 0.12500 0.12500 ( 2)  0.000
  13 I   0.12500 0.12500 0.12500 0.12500 0.12500 0.12500 0.12500 0.12500 ( 2)  0.000
  14 C   0.12500 0.12500 0.12500 0.12500 0.12500 0.12500 0.12500 0.12500 ( 2)  0.000
  15 S   0.12500 0.12500 0.12500 0.12500 0.12500 0.12500 0.12500 0.12500 ( 2)  0.000
  16 L   0.12500 0.12500 0.12500 0.12500 0.12500 0.12500 0.12500 0.12500 ( 3)  0.000
  17 G   0.12500 0.12500 0.12500 0.12500 0.12500 0.12500 0.12500 0.12500 ( 2)  0.000
  18 G   0.12500 0.12500 0.12500 0.12500 0.12500 0.12500 0.12500 0.12500 ( 2)  0.000
  19 L   0.12500 0.12500 0.12500 0.12500 0.12500 0.12500 0.12500 0.12500 ( 1)  0.000
  20 E   0.12500 0.12500 0.12500 0.12500 0.12500 0.12500 0.12500 0.12500 ( 2)  0.000
  21 A   0.12500 0.12500 0.12500 0.12500 0.12500 0.12500 0.12500 0.12500 ( 2)  0.000
  22 L   0.12500 0.12500 0.12500 0.12500 0.12500 0.12500 0.12500 0.12500 ( 1)  0.000
  23 A   0.12500 0.12500 0.12500 0.12500 0.12500 0.12500 0.12500 0.12500 ( 2)  0.000
  24 Q   0.12500 0.12500 0.12500 0.12500 0.12500 0.12500 0.12500 0.12500 ( 2)  0.000
  25 L   0.12500 0.12500 0.12500 0.12500 0.12500 0.12500 0.12500 0.12500 ( 3)  0.000
  26 I   0.12500 0.12500 0.12500 0.12500 0.12500 0.12500 0.12500 0.12500 ( 2)  0.000
  27 V   0.12500 0.12500 0.12500 0.12500 0.12500 0.12500 0.12500 0.12500 ( 2)  0.000
  28 I   0.12500 0.12500 0.12500 0.12500 0.12500 0.12500 0.12500 0.12500 ( 2)  0.000
  29 N   0.12500 0.12500 0.12500 0.12500 0.12500 0.12500 0.12500 0.12500 ( 2)  0.000
  30 N   0.12500 0.12500 0.12500 0.12500 0.12500 0.12500 0.12500 0.12500 ( 2)  0.000
  31 S   0.12500 0.12500 0.12500 0.12500 0.12500 0.12500 0.12500 0.12500 ( 2)  0.000
  32 V   0.12500 0.12500 0.12500 0.12500 0.12500 0.12500 0.12500 0.12500 ( 2)  0.000
  33 L   0.12500 0.12500 0.12500 0.12500 0.12500 0.12500 0.12500 0.12500 ( 1)  0.000
  34 G   0.12500 0.12500 0.12500 0.12500 0.12500 0.12500 0.12500 0.12500 ( 2)  0.000
  35 D   0.12500 0.12500 0.12500 0.12500 0.12500 0.12500 0.12500 0.12500 ( 2)  0.000
  36 R   0.12500 0.12500 0.12500 0.12500 0.12500 0.12500 0.12500 0.12500 ( 1)  0.000
  37 A   0.12500 0.12500 0.12500 0.12500 0.12500 0.12500 0.12500 0.12500 ( 3)  0.000
  38 N   0.12500 0.12500 0.12500 0.12500 0.12500 0.12500 0.12500 0.12500 ( 2)  0.000
  39 N   0.12500 0.12500 0.12500 0.12500 0.12500 0.12500 0.12500 0.12500 ( 2)  0.000
  40 Y   0.12500 0.12500 0.12500 0.12500 0.12500 0.12500 0.12500 0.12500 ( 3)  0.000
  41 H   0.12500 0.12500 0.12500 0.12500 0.12500 0.12500 0.12500 0.12500 ( 3)  0.000
  42 L   0.12500 0.12500 0.12500 0.12500 0.12500 0.12500 0.12500 0.12500 ( 3)  0.000
  43 T   0.12500 0.12500 0.12500 0.12500 0.12500 0.12500 0.12500 0.12500 ( 2)  0.000
  44 V   0.12500 0.12500 0.12500 0.12500 0.12500 0.12500 0.12500 0.12500 ( 2)  0.000
  45 R   0.12500 0.12500 0.12500 0.12500 0.12500 0.12500 0.12500 0.12500 ( 3)  0.000
  46 R   0.12500 0.12500 0.12500 0.12500 0.12500 0.12500 0.12500 0.12500 ( 1)  0.000
  47 Y   0.12500 0.12500 0.12500 0.12500 0.12500 0.12500 0.12500 0.12500 ( 1)  0.000
  48 A   0.12500 0.12500 0.12500 0.12500 0.12500 0.12500 0.12500 0.12500 ( 3)  0.000
  49 C   0.12500 0.12500 0.12500 0.12500 0.12500 0.12500 0.12500 0.12500 ( 2)  0.000
  50 M   0.12500 0.12500 0.12500 0.12500 0.12500 0.12500 0.12500 0.12500 ( 2)  0.000
  51 A   0.12500 0.12500 0.12500 0.12500 0.12500 0.12500 0.12500 0.12500 ( 2)  0.000
  52 L   0.12500 0.12500 0.12500 0.12500 0.12500 0.12500 0.12500 0.12500 ( 5)  0.000
  53 T   0.12500 0.12500 0.12500 0.12500 0.12500 0.12500 0.12500 0.12500 ( 2)  0.000
  54 N   0.12500 0.12500 0.12500 0.12500 0.12500 0.12500 0.12500 0.12500 ( 2)  0.000
  55 L   0.12500 0.12500 0.12500 0.12500 0.12500 0.12500 0.12500 0.12500 ( 5)  0.000
  56 T   0.12500 0.12500 0.12500 0.12500 0.12500 0.12500 0.12500 0.12500 ( 2)  0.000
  57 F   0.12500 0.12500 0.12500 0.12500 0.12500 0.12500 0.12500 0.12500 ( 3)  0.000
  58 G   0.12500 0.12500 0.12500 0.12500 0.12500 0.12500 0.12500 0.12500 ( 2)  0.000
  59 I   0.12500 0.12500 0.12500 0.12500 0.12500 0.12500 0.12500 0.12500 ( 2)  0.000
  60 S   0.12500 0.12500 0.12500 0.12500 0.12500 0.12500 0.12500 0.12500 ( 2)  0.000
  61 E   0.12500 0.12500 0.12500 0.12500 0.12500 0.12500 0.12500 0.12500 ( 2)  0.000
  62 N   0.12500 0.12500 0.12500 0.12500 0.12500 0.12500 0.12500 0.12500 ( 2)  0.000
  63 K   0.12500 0.12500 0.12500 0.12500 0.12500 0.12500 0.12500 0.12500 ( 3)  0.000
  64 A   0.12500 0.12500 0.12500 0.12500 0.12500 0.12500 0.12500 0.12500 ( 2)  0.000
  65 L   0.12500 0.12500 0.12500 0.12500 0.12500 0.12500 0.12500 0.12500 ( 3)  0.000
  66 L   0.12500 0.12500 0.12500 0.12500 0.12500 0.12500 0.12500 0.12500 ( 5)  0.000
  67 C   0.12500 0.12500 0.12500 0.12500 0.12500 0.12500 0.12500 0.12500 ( 2)  0.000
  68 S   0.12500 0.12500 0.12500 0.12500 0.12500 0.12500 0.12500 0.12500 ( 3)  0.000
  69 I   0.12500 0.12500 0.12500 0.12500 0.12500 0.12500 0.12500 0.12500 ( 2)  0.000
  70 P   0.12500 0.12500 0.12500 0.12500 0.12500 0.12500 0.12500 0.12500 ( 3)  0.000
  71 P   0.12500 0.12500 0.12500 0.12500 0.12500 0.12500 0.12500 0.12500 ( 2)  0.000
  72 V   0.12500 0.12500 0.12500 0.12500 0.12500 0.12500 0.12500 0.12500 ( 2)  0.000
  73 L   0.12500 0.12500 0.12500 0.12500 0.12500 0.12500 0.12500 0.12500 ( 1)  0.000
  74 A   0.12500 0.12500 0.12500 0.12500 0.12500 0.12500 0.12500 0.12500 ( 2)  0.000
  75 T   0.12500 0.12500 0.12500 0.12500 0.12500 0.12500 0.12500 0.12500 ( 2)  0.000
  76 L   0.12500 0.12500 0.12500 0.12500 0.12500 0.12500 0.12500 0.12500 ( 3)  0.000
  77 T   0.12500 0.12500 0.12500 0.12500 0.12500 0.12500 0.12500 0.12500 ( 2)  0.000
  78 N   0.12500 0.12500 0.12500 0.12500 0.12500 0.12500 0.12500 0.12500 ( 2)  0.000
  79 F   0.12500 0.12500 0.12500 0.12500 0.12500 0.12500 0.12500 0.12500 ( 3)  0.000
  80 L   0.12500 0.12500 0.12500 0.12500 0.12500 0.12500 0.12500 0.12500 ( 3)  0.000
  81 S   0.12500 0.12500 0.12500 0.12500 0.12500 0.12500 0.12500 0.12500 ( 5)  0.000
  82 S   0.12500 0.12500 0.12500 0.12500 0.12500 0.12500 0.12500 0.12500 ( 2)  0.000
  83 Y   0.12500 0.12500 0.12500 0.12500 0.12500 0.12500 0.12500 0.12500 ( 3)  0.000
  84 C   0.12500 0.12500 0.12500 0.12500 0.12500 0.12500 0.12500 0.12500 ( 2)  0.000
  85 E   0.12500 0.12500 0.12500 0.12500 0.12500 0.12500 0.12500 0.12500 ( 2)  0.000
  86 E   0.12500 0.12500 0.12500 0.12500 0.12500 0.12500 0.12500 0.12500 ( 2)  0.000
  87 V   0.12500 0.12500 0.12500 0.12500 0.12500 0.12500 0.12500 0.12500 ( 2)  0.000
  88 K   0.12500 0.12500 0.12500 0.12500 0.12500 0.12500 0.12500 0.12500 ( 3)  0.000
  89 Q   0.12500 0.12500 0.12500 0.12500 0.12500 0.12500 0.12500 0.12500 ( 2)  0.000
  90 L   0.12500 0.12500 0.12500 0.12500 0.12500 0.12500 0.12500 0.12500 ( 3)  0.000
  91 K   0.12500 0.12500 0.12500 0.12500 0.12500 0.12500 0.12500 0.12500 ( 3)  0.000
  92 S   0.12500 0.12500 0.12500 0.12500 0.12500 0.12500 0.12500 0.12500 ( 1)  0.000
  93 C   0.12500 0.12500 0.12500 0.12500 0.12500 0.12500 0.12500 0.12500 ( 2)  0.000
  94 V   0.12500 0.12500 0.12500 0.12500 0.12500 0.12500 0.12500 0.12500 ( 3)  0.000
  95 Y   0.12500 0.12500 0.12500 0.12500 0.12500 0.12500 0.12500 0.12500 ( 3)  0.000
  96 E   0.12500 0.12500 0.12500 0.12500 0.12500 0.12500 0.12500 0.12500 ( 2)  0.000
  97 N   0.12500 0.12500 0.12500 0.12500 0.12500 0.12500 0.12500 0.12500 ( 2)  0.000
  98 E   0.12500 0.12500 0.12500 0.12500 0.12500 0.12500 0.12500 0.12500 ( 2)  0.000
  99 V   0.12500 0.12500 0.12500 0.12500 0.12500 0.12500 0.12500 0.12500 ( 2)  0.000
 100 Q   0.12500 0.12500 0.12500 0.12500 0.12500 0.12500 0.12500 0.12500 ( 2)  0.000
 101 N   0.12500 0.12500 0.12500 0.12500 0.12500 0.12500 0.12500 0.12500 ( 2)  0.000
 102 V   0.12500 0.12500 0.12500 0.12500 0.12500 0.12500 0.12500 0.12500 ( 3)  0.000
 103 F   0.12500 0.12500 0.12500 0.12500 0.12500 0.12500 0.12500 0.12500 ( 5)  0.000
 104 G   0.12500 0.12500 0.12500 0.12500 0.12500 0.12500 0.12500 0.12500 ( 2)  0.000
 105 M   0.12500 0.12500 0.12500 0.12500 0.12500 0.12500 0.12500 0.12500 ( 2)  0.000
 106 T   0.12500 0.12500 0.12500 0.12500 0.12500 0.12500 0.12500 0.12500 ( 2)  0.000
 107 S   0.12500 0.12500 0.12500 0.12500 0.12500 0.12500 0.12500 0.12500 ( 1)  0.000
 108 N   0.12500 0.12500 0.12500 0.12500 0.12500 0.12500 0.12500 0.12500 ( 2)  0.000
 109 E   0.12500 0.12500 0.12500 0.12500 0.12500 0.12500 0.12500 0.12500 ( 2)  0.000
 110 F   0.12500 0.12500 0.12500 0.12500 0.12500 0.12500 0.12500 0.12500 ( 3)  0.000
 111 C   0.12500 0.12500 0.12500 0.12500 0.12500 0.12500 0.12500 0.12500 ( 2)  0.000
 112 N   0.12500 0.12500 0.12500 0.12500 0.12500 0.12500 0.12500 0.12500 ( 2)  0.000
 113 Q   0.12500 0.12500 0.12500 0.12500 0.12500 0.12500 0.12500 0.12500 ( 2)  0.000
 114 K   0.12500 0.12500 0.12500 0.12500 0.12500 0.12500 0.12500 0.12500 ( 3)  0.000
 115 K   0.12500 0.12500 0.12500 0.12500 0.12500 0.12500 0.12500 0.12500 ( 3)  0.000
 116 C   0.12500 0.12500 0.12500 0.12500 0.12500 0.12500 0.12500 0.12500 ( 2)  0.000
 117 S   0.12500 0.12500 0.12500 0.12500 0.12500 0.12500 0.12500 0.12500 ( 3)  0.000
 118 L   0.12500 0.12500 0.12500 0.12500 0.12500 0.12500 0.12500 0.12500 ( 3)  0.000
 119 E   0.12500 0.12500 0.12500 0.12500 0.12500 0.12500 0.12500 0.12500 ( 2)  0.000
 120 F   0.12500 0.12500 0.12500 0.12500 0.12500 0.12500 0.12500 0.12500 ( 5)  0.000
 121 V   0.12500 0.12500 0.12500 0.12500 0.12500 0.12500 0.12500 0.12500 ( 2)  0.000
 122 V   0.12500 0.12500 0.12500 0.12500 0.12500 0.12500 0.12500 0.12500 ( 5)  0.000
 123 R   0.12500 0.12500 0.12500 0.12500 0.12500 0.12500 0.12500 0.12500 ( 2)  0.000
 124 T   0.12500 0.12500 0.12500 0.12500 0.12500 0.12500 0.12500 0.12500 ( 2)  0.000
 125 F   0.12500 0.12500 0.12500 0.12500 0.12500 0.12500 0.12500 0.12500 ( 3)  0.000
 126 D   0.12500 0.12500 0.12500 0.12500 0.12500 0.12500 0.12500 0.12500 ( 2)  0.000
 127 H   0.12500 0.12500 0.12500 0.12500 0.12500 0.12500 0.12500 0.12500 ( 3)  0.000
 128 Y   0.12500 0.12500 0.12500 0.12500 0.12500 0.12500 0.12500 0.12500 ( 3)  0.000
 129 P   0.12500 0.12500 0.12500 0.12500 0.12500 0.12500 0.12500 0.12500 ( 2)  0.000
 130 Y   0.12500 0.12500 0.12500 0.12500 0.12500 0.12500 0.12500 0.12500 ( 1)  0.000
 131 A   0.12500 0.12500 0.12500 0.12500 0.12500 0.12500 0.12500 0.12500 ( 2)  0.000
 132 Q   0.12500 0.12500 0.12500 0.12500 0.12500 0.12500 0.12500 0.12500 ( 2)  0.000
 133 T   0.12500 0.12500 0.12500 0.12500 0.12500 0.12500 0.12500 0.12500 ( 1)  0.000
 134 F   0.12500 0.12500 0.12500 0.12500 0.12500 0.12500 0.12500 0.12500 ( 3)  0.000
 135 Q   0.12500 0.12500 0.12500 0.12500 0.12500 0.12500 0.12500 0.12500 ( 2)  0.000
 136 K   0.12500 0.12500 0.12500 0.12500 0.12500 0.12500 0.12500 0.12500 ( 3)  0.000
 137 S   0.12500 0.12500 0.12500 0.12500 0.12500 0.12500 0.12500 0.12500 ( 2)  0.000
 138 V   0.12500 0.12500 0.12500 0.12500 0.12500 0.12500 0.12500 0.12500 ( 2)  0.000
 139 W   0.12500 0.12500 0.12500 0.12500 0.12500 0.12500 0.12500 0.12500 ( 2)  0.000
 140 C   0.12500 0.12500 0.12500 0.12500 0.12500 0.12500 0.12500 0.12500 ( 2)  0.000
 141 P   0.12500 0.12500 0.12500 0.12500 0.12500 0.12500 0.12500 0.12500 ( 1)  0.000
 142 V   0.12500 0.12500 0.12500 0.12500 0.12500 0.12500 0.12500 0.12500 ( 2)  0.000
 143 Y   0.12500 0.12500 0.12500 0.12500 0.12500 0.12500 0.12500 0.12500 ( 3)  0.000
 144 S   0.12500 0.12500 0.12500 0.12500 0.12500 0.12500 0.12500 0.12500 ( 3)  0.000
 145 Q   0.12500 0.12500 0.12500 0.12500 0.12500 0.12500 0.12500 0.12500 ( 2)  0.000
 146 T   0.12500 0.12500 0.12500 0.12500 0.12500 0.12500 0.12500 0.12500 ( 1)  0.000
 147 E   0.12500 0.12500 0.12500 0.12500 0.12500 0.12500 0.12500 0.12500 ( 2)  0.000
 148 L   0.12500 0.12500 0.12500 0.12500 0.12500 0.12500 0.12500 0.12500 ( 5)  0.000
 149 F   0.12500 0.12500 0.12500 0.12500 0.12500 0.12500 0.12500 0.12500 ( 5)  0.000
 150 V   0.12500 0.12500 0.12500 0.12500 0.12500 0.12500 0.12500 0.12500 ( 2)  0.000
 151 K   0.12500 0.12500 0.12500 0.12500 0.12500 0.12500 0.12500 0.12500 ( 3)  0.000
 152 W   0.12500 0.12500 0.12500 0.12500 0.12500 0.12500 0.12500 0.12500 ( 2)  0.000
 153 L   0.12500 0.12500 0.12500 0.12500 0.12500 0.12500 0.12500 0.12500 ( 3)  0.000
 154 F   0.12500 0.12500 0.12500 0.12500 0.12500 0.12500 0.12500 0.12500 ( 3)  0.000
 155 T   0.12500 0.12500 0.12500 0.12500 0.12500 0.12500 0.12500 0.12500 ( 2)  0.000
 156 V   0.12500 0.12500 0.12500 0.12500 0.12500 0.12500 0.12500 0.12500 ( 2)  0.000
 157 A   0.12500 0.12500 0.12500 0.12500 0.12500 0.12500 0.12500 0.12500 ( 2)  0.000
 158 A   0.12500 0.12500 0.12500 0.12500 0.12500 0.12500 0.12500 0.12500 ( 2)  0.000
 159 S   0.12500 0.12500 0.12500 0.12500 0.12500 0.12500 0.12500 0.12500 ( 3)  0.000
 160 V   0.12500 0.12500 0.12500 0.12500 0.12500 0.12500 0.12500 0.12500 ( 2)  0.000
 161 I   0.12500 0.12500 0.12500 0.12500 0.12500 0.12500 0.12500 0.12500 ( 2)  0.000
 162 R   0.12500 0.12500 0.12500 0.12500 0.12500 0.12500 0.12500 0.12500 ( 1)  0.000
 163 N   0.12500 0.12500 0.12500 0.12500 0.12500 0.12500 0.12500 0.12500 ( 2)  0.000
 164 L   0.12500 0.12500 0.12500 0.12500 0.12500 0.12500 0.12500 0.12500 ( 1)  0.000
 165 S   0.12500 0.12500 0.12500 0.12500 0.12500 0.12500 0.12500 0.12500 ( 1)  0.000
 166 W   0.12500 0.12500 0.12500 0.12500 0.12500 0.12500 0.12500 0.12500 ( 2)  0.000
 167 K   0.12500 0.12500 0.12500 0.12500 0.12500 0.12500 0.12500 0.12500 ( 3)  0.000
 168 A   0.12500 0.12500 0.12500 0.12500 0.12500 0.12500 0.12500 0.12500 ( 3)  0.000
 169 D   0.12500 0.12500 0.12500 0.12500 0.12500 0.12500 0.12500 0.12500 ( 2)  0.000
 170 D   0.12500 0.12500 0.12500 0.12500 0.12500 0.12500 0.12500 0.12500 ( 2)  0.000
 171 D   0.12500 0.12500 0.12500 0.12500 0.12500 0.12500 0.12500 0.12500 ( 2)  0.000
 172 I   0.12500 0.12500 0.12500 0.12500 0.12500 0.12500 0.12500 0.12500 ( 2)  0.000
 173 K   0.12500 0.12500 0.12500 0.12500 0.12500 0.12500 0.12500 0.12500 ( 3)  0.000
 174 L   0.12500 0.12500 0.12500 0.12500 0.12500 0.12500 0.12500 0.12500 ( 3)  0.000
 175 R   0.12500 0.12500 0.12500 0.12500 0.12500 0.12500 0.12500 0.12500 ( 3)  0.000
 176 L   0.12500 0.12500 0.12500 0.12500 0.12500 0.12500 0.12500 0.12500 ( 3)  0.000
 177 R   0.12500 0.12500 0.12500 0.12500 0.12500 0.12500 0.12500 0.12500 ( 1)  0.000
 178 E   0.12500 0.12500 0.12500 0.12500 0.12500 0.12500 0.12500 0.12500 ( 2)  0.000
 179 V   0.12500 0.12500 0.12500 0.12500 0.12500 0.12500 0.12500 0.12500 ( 3)  0.000
 180 N   0.12500 0.12500 0.12500 0.12500 0.12500 0.12500 0.12500 0.12500 ( 2)  0.000
 181 V   0.12500 0.12500 0.12500 0.12500 0.12500 0.12500 0.12500 0.12500 ( 3)  0.000
 182 S   0.12500 0.12500 0.12500 0.12500 0.12500 0.12500 0.12500 0.12500 ( 5)  0.000
 183 K   0.12500 0.12500 0.12500 0.12500 0.12500 0.12500 0.12500 0.12500 ( 3)  0.000
 184 V   0.12500 0.12500 0.12500 0.12500 0.12500 0.12500 0.12500 0.12500 ( 2)  0.000
 185 L   0.12500 0.12500 0.12500 0.12500 0.12500 0.12500 0.12500 0.12500 ( 3)  0.000
 186 T   0.12500 0.12500 0.12500 0.12500 0.12500 0.12500 0.12500 0.12500 ( 2)  0.000
 187 Y   0.12500 0.12500 0.12500 0.12500 0.12500 0.12500 0.12500 0.12500 ( 3)  0.000
 188 E   0.12500 0.12500 0.12500 0.12500 0.12500 0.12500 0.12500 0.12500 ( 2)  0.000
 189 S   0.12500 0.12500 0.12500 0.12500 0.12500 0.12500 0.12500 0.12500 ( 3)  0.000
 190 M   0.12500 0.12500 0.12500 0.12500 0.12500 0.12500 0.12500 0.12500 ( 2)  0.000
 191 K   0.12500 0.12500 0.12500 0.12500 0.12500 0.12500 0.12500 0.12500 ( 3)  0.000
 192 C   0.12500 0.12500 0.12500 0.12500 0.12500 0.12500 0.12500 0.12500 ( 2)  0.000
 193 A   0.12500 0.12500 0.12500 0.12500 0.12500 0.12500 0.12500 0.12500 ( 3)  0.000
 194 K   0.12500 0.12500 0.12500 0.12500 0.12500 0.12500 0.12500 0.12500 ( 3)  0.000
 195 E   0.12500 0.12500 0.12500 0.12500 0.12500 0.12500 0.12500 0.12500 ( 2)  0.000
 196 S   0.12500 0.12500 0.12500 0.12500 0.12500 0.12500 0.12500 0.12500 ( 2)  0.000
 197 C   0.12500 0.12500 0.12500 0.12500 0.12500 0.12500 0.12500 0.12500 ( 2)  0.000
 198 L   0.12500 0.12500 0.12500 0.12500 0.12500 0.12500 0.12500 0.12500 ( 3)  0.000
 199 K   0.12500 0.12500 0.12500 0.12500 0.12500 0.12500 0.12500 0.12500 ( 3)  0.000
 200 S   0.12500 0.12500 0.12500 0.12500 0.12500 0.12500 0.12500 0.12500 ( 3)  0.000
 201 L   0.12500 0.12500 0.12500 0.12500 0.12500 0.12500 0.12500 0.12500 ( 3)  0.000
 202 L   0.12500 0.12500 0.12500 0.12500 0.12500 0.12500 0.12500 0.12500 ( 3)  0.000
 203 S   0.12500 0.12500 0.12500 0.12500 0.12500 0.12500 0.12500 0.12500 ( 2)  0.000
 204 A   0.12500 0.12500 0.12500 0.12500 0.12500 0.12500 0.12500 0.12500 ( 2)  0.000
 205 L   0.12500 0.12500 0.12500 0.12500 0.12500 0.12500 0.12500 0.12500 ( 3)  0.000
 206 W   0.12500 0.12500 0.12500 0.12500 0.12500 0.12500 0.12500 0.12500 ( 2)  0.000
 207 N   0.12500 0.12500 0.12500 0.12500 0.12500 0.12500 0.12500 0.12500 ( 2)  0.000
 208 I   0.12500 0.12500 0.12500 0.12500 0.12500 0.12500 0.12500 0.12500 ( 2)  0.000
 209 S   0.12500 0.12500 0.12500 0.12500 0.12500 0.12500 0.12500 0.12500 ( 2)  0.000
 210 A   0.12500 0.12500 0.12500 0.12500 0.12500 0.12500 0.12500 0.12500 ( 2)  0.000
 211 H   0.12500 0.12500 0.12500 0.12500 0.12500 0.12500 0.12500 0.12500 ( 3)  0.000
 212 S   0.12500 0.12500 0.12500 0.12500 0.12500 0.12500 0.12500 0.12500 ( 3)  0.000
 213 K   0.12500 0.12500 0.12500 0.12500 0.12500 0.12500 0.12500 0.12500 ( 3)  0.000
 214 E   0.12500 0.12500 0.12500 0.12500 0.12500 0.12500 0.12500 0.12500 ( 2)  0.000
 215 N   0.12500 0.12500 0.12500 0.12500 0.12500 0.12500 0.12500 0.12500 ( 2)  0.000
 216 K   0.12500 0.12500 0.12500 0.12500 0.12500 0.12500 0.12500 0.12500 ( 3)  0.000
 217 I   0.12500 0.12500 0.12500 0.12500 0.12500 0.12500 0.12500 0.12500 ( 5)  0.000
 218 D   0.12500 0.12500 0.12500 0.12500 0.12500 0.12500 0.12500 0.12500 ( 2)  0.000
 219 I   0.12500 0.12500 0.12500 0.12500 0.12500 0.12500 0.12500 0.12500 ( 2)  0.000
 220 C   0.12500 0.12500 0.12500 0.12500 0.12500 0.12500 0.12500 0.12500 ( 2)  0.000
 221 E   0.12500 0.12500 0.12500 0.12500 0.12500 0.12500 0.12500 0.12500 ( 2)  0.000


lnL =  -857.401337

