Supplemental results for CODEML (seqf: algn  treef: tree)


dN/dS (w) for site classes (K=3)

p:   1.00000  0.00000  0.00000
w:   0.00000  1.00000  1.00000

Naive Empirical Bayes (NEB) probabilities for 3 classes & postmean_w
(amino acids refer to 1st sequence: Mlig.10294)

   1 R   1.00000 0.00000 0.00000 ( 1)  0.000
   2 G   1.00000 0.00000 0.00000 ( 1)  0.000
   3 P   1.00000 0.00000 0.00000 ( 1)  0.000
   4 Q   1.00000 0.00000 0.00000 ( 1)  0.000
   5 H   1.00000 0.00000 0.00000 ( 1)  0.000
   6 K   1.00000 0.00000 0.00000 ( 1)  0.000
   7 G   1.00000 0.00000 0.00000 ( 1)  0.000
   8 A   1.00000 0.00000 0.00000 ( 1)  0.000
   9 R   1.00000 0.00000 0.00000 ( 1)  0.000
  10 R   1.00000 0.00000 0.00000 ( 1)  0.000
  11 Q   1.00000 0.00000 0.00000 ( 1)  0.000
  12 F   1.00000 0.00000 0.00000 ( 1)  0.000
  13 T   1.00000 0.00000 0.00000 ( 1)  0.000
  14 D   1.00000 0.00000 0.00000 ( 1)  0.000
  15 E   1.00000 0.00000 0.00000 ( 1)  0.000
  16 D   1.00000 0.00000 0.00000 ( 1)  0.000
  17 T   1.00000 0.00000 0.00000 ( 1)  0.000
  18 L   1.00000 0.00000 0.00000 ( 1)  0.000
  19 A   1.00000 0.00000 0.00000 ( 1)  0.000
  20 R   1.00000 0.00000 0.00000 ( 1)  0.000
  21 E   1.00000 0.00000 0.00000 ( 1)  0.000
  22 V   1.00000 0.00000 0.00000 ( 1)  0.000
  23 Q   1.00000 0.00000 0.00000 ( 1)  0.000
  24 E   1.00000 0.00000 0.00000 ( 1)  0.000
  25 L   1.00000 0.00000 0.00000 ( 1)  0.000
  26 N   1.00000 0.00000 0.00000 ( 1)  0.000
  27 V   1.00000 0.00000 0.00000 ( 1)  0.000
  28 R   1.00000 0.00000 0.00000 ( 1)  0.000
  29 E   1.00000 0.00000 0.00000 ( 1)  0.000
  30 G   1.00000 0.00000 0.00000 ( 1)  0.000
  31 G   1.00000 0.00000 0.00000 ( 1)  0.000
  32 G   1.00000 0.00000 0.00000 ( 1)  0.000
  33 G   1.00000 0.00000 0.00000 ( 1)  0.000
  34 R   1.00000 0.00000 0.00000 ( 1)  0.000
  35 S   1.00000 0.00000 0.00000 ( 1)  0.000
  36 K   1.00000 0.00000 0.00000 ( 1)  0.000
  37 K   1.00000 0.00000 0.00000 ( 1)  0.000
  38 K   1.00000 0.00000 0.00000 ( 1)  0.000
  39 E   1.00000 0.00000 0.00000 ( 1)  0.000
  40 E   1.00000 0.00000 0.00000 ( 1)  0.000
  41 S   1.00000 0.00000 0.00000 ( 1)  0.000
  42 D   1.00000 0.00000 0.00000 ( 1)  0.000
  43 E   1.00000 0.00000 0.00000 ( 1)  0.000
  44 S   1.00000 0.00000 0.00000 ( 1)  0.000
  45 D   1.00000 0.00000 0.00000 ( 1)  0.000
  46 S   1.00000 0.00000 0.00000 ( 1)  0.000
  47 S   1.00000 0.00000 0.00000 ( 1)  0.000
  48 E   1.00000 0.00000 0.00000 ( 1)  0.000
  49 D   1.00000 0.00000 0.00000 ( 1)  0.000
  50 E   1.00000 0.00000 0.00000 ( 1)  0.000
  51 A   1.00000 0.00000 0.00000 ( 1)  0.000
  52 E   1.00000 0.00000 0.00000 ( 1)  0.000
  53 D   1.00000 0.00000 0.00000 ( 1)  0.000
  54 A   1.00000 0.00000 0.00000 ( 1)  0.000
  55 G   1.00000 0.00000 0.00000 ( 1)  0.000
  56 A   1.00000 0.00000 0.00000 ( 1)  0.000
  57 A   1.00000 0.00000 0.00000 ( 1)  0.000
  58 G   1.00000 0.00000 0.00000 ( 1)  0.000
  59 G   1.00000 0.00000 0.00000 ( 1)  0.000
  60 S   1.00000 0.00000 0.00000 ( 1)  0.000
  61 G   1.00000 0.00000 0.00000 ( 1)  0.000
  62 D   1.00000 0.00000 0.00000 ( 1)  0.000
  63 E   1.00000 0.00000 0.00000 ( 1)  0.000
  64 D   1.00000 0.00000 0.00000 ( 1)  0.000
  65 G   1.00000 0.00000 0.00000 ( 1)  0.000
  66 E   1.00000 0.00000 0.00000 ( 1)  0.000
  67 K   1.00000 0.00000 0.00000 ( 1)  0.000
  68 T   1.00000 0.00000 0.00000 ( 1)  0.000
  69 K   1.00000 0.00000 0.00000 ( 1)  0.000
  70 A   1.00000 0.00000 0.00000 ( 1)  0.000
  71 H   1.00000 0.00000 0.00000 ( 1)  0.000
  72 G   1.00000 0.00000 0.00000 ( 1)  0.000
  73 V   1.00000 0.00000 0.00000 ( 1)  0.000
  74 E   1.00000 0.00000 0.00000 ( 1)  0.000
  75 N   1.00000 0.00000 0.00000 ( 1)  0.000
  76 L   1.00000 0.00000 0.00000 ( 1)  0.000
  77 I   1.00000 0.00000 0.00000 ( 1)  0.000
  78 Q   1.00000 0.00000 0.00000 ( 1)  0.000
  79 S   1.00000 0.00000 0.00000 ( 1)  0.000
  80 E   1.00000 0.00000 0.00000 ( 1)  0.000
  81 N   1.00000 0.00000 0.00000 ( 1)  0.000
  82 P   1.00000 0.00000 0.00000 ( 1)  0.000
  83 N   1.00000 0.00000 0.00000 ( 1)  0.000
  84 R   1.00000 0.00000 0.00000 ( 1)  0.000
  85 Q   1.00000 0.00000 0.00000 ( 1)  0.000
  86 P   1.00000 0.00000 0.00000 ( 1)  0.000
  87 A   1.00000 0.00000 0.00000 ( 1)  0.000
  88 A   1.00000 0.00000 0.00000 ( 1)  0.000
  89 T   1.00000 0.00000 0.00000 ( 1)  0.000
  90 K   1.00000 0.00000 0.00000 ( 1)  0.000
  91 S   1.00000 0.00000 0.00000 ( 1)  0.000
  92 V   1.00000 0.00000 0.00000 ( 1)  0.000
  93 K   1.00000 0.00000 0.00000 ( 1)  0.000
  94 K   1.00000 0.00000 0.00000 ( 1)  0.000
  95 L   1.00000 0.00000 0.00000 ( 1)  0.000
  96 G   1.00000 0.00000 0.00000 ( 1)  0.000
  97 A   1.00000 0.00000 0.00000 ( 1)  0.000
  98 D   1.00000 0.00000 0.00000 ( 1)  0.000
  99 A   1.00000 0.00000 0.00000 ( 1)  0.000
 100 P   1.00000 0.00000 0.00000 ( 1)  0.000
 101 A   1.00000 0.00000 0.00000 ( 1)  0.000
 102 P   1.00000 0.00000 0.00000 ( 1)  0.000
 103 E   1.00000 0.00000 0.00000 ( 1)  0.000
 104 L   1.00000 0.00000 0.00000 ( 1)  0.000
 105 S   1.00000 0.00000 0.00000 ( 1)  0.000
 106 R   1.00000 0.00000 0.00000 ( 1)  0.000
 107 R   1.00000 0.00000 0.00000 ( 1)  0.000
 108 E   1.00000 0.00000 0.00000 ( 1)  0.000
 109 R   1.00000 0.00000 0.00000 ( 1)  0.000
 110 E   1.00000 0.00000 0.00000 ( 1)  0.000
 111 E   1.00000 0.00000 0.00000 ( 1)  0.000
 112 L   1.00000 0.00000 0.00000 ( 1)  0.000
 113 Q   1.00000 0.00000 0.00000 ( 1)  0.000
 114 R   1.00000 0.00000 0.00000 ( 1)  0.000
 115 Q   1.00000 0.00000 0.00000 ( 1)  0.000
 116 R   1.00000 0.00000 0.00000 ( 1)  0.000
 117 D   1.00000 0.00000 0.00000 ( 1)  0.000
 118 R   1.00000 0.00000 0.00000 ( 1)  0.000
 119 E   1.00000 0.00000 0.00000 ( 1)  0.000
 120 A   1.00000 0.00000 0.00000 ( 1)  0.000
 121 Y   1.00000 0.00000 0.00000 ( 1)  0.000
 122 E   1.00000 0.00000 0.00000 ( 1)  0.000
 123 R   1.00000 0.00000 0.00000 ( 1)  0.000
 124 L   1.00000 0.00000 0.00000 ( 1)  0.000
 125 H   1.00000 0.00000 0.00000 ( 1)  0.000
 126 A   1.00000 0.00000 0.00000 ( 1)  0.000
 127 Q   1.00000 0.00000 0.00000 ( 1)  0.000
 128 H   1.00000 0.00000 0.00000 ( 1)  0.000
 129 K   1.00000 0.00000 0.00000 ( 1)  0.000
 130 T   1.00000 0.00000 0.00000 ( 1)  0.000
 131 A   1.00000 0.00000 0.00000 ( 1)  0.000
 132 E   1.00000 0.00000 0.00000 ( 1)  0.000
 133 A   1.00000 0.00000 0.00000 ( 1)  0.000
 134 Q   1.00000 0.00000 0.00000 ( 1)  0.000
 135 A   1.00000 0.00000 0.00000 ( 1)  0.000
 136 D   1.00000 0.00000 0.00000 ( 1)  0.000
 137 L   1.00000 0.00000 0.00000 ( 1)  0.000
 138 A   1.00000 0.00000 0.00000 ( 1)  0.000
 139 R   1.00000 0.00000 0.00000 ( 1)  0.000
 140 L   1.00000 0.00000 0.00000 ( 1)  0.000
 141 A   1.00000 0.00000 0.00000 ( 1)  0.000
 142 I   1.00000 0.00000 0.00000 ( 1)  0.000
 143 V   1.00000 0.00000 0.00000 ( 1)  0.000
 144 R   1.00000 0.00000 0.00000 ( 1)  0.000
 145 A   1.00000 0.00000 0.00000 ( 1)  0.000
 146 Q   1.00000 0.00000 0.00000 ( 1)  0.000
 147 R   1.00000 0.00000 0.00000 ( 1)  0.000
 148 E   1.00000 0.00000 0.00000 ( 1)  0.000
 149 E   1.00000 0.00000 0.00000 ( 1)  0.000
 150 A   1.00000 0.00000 0.00000 ( 1)  0.000
 151 A   1.00000 0.00000 0.00000 ( 1)  0.000
 152 K   1.00000 0.00000 0.00000 ( 1)  0.000
 153 K   1.00000 0.00000 0.00000 ( 1)  0.000
 154 R   1.00000 0.00000 0.00000 ( 1)  0.000
 155 E   1.00000 0.00000 0.00000 ( 1)  0.000
 156 A   1.00000 0.00000 0.00000 ( 1)  0.000
 157 E   1.00000 0.00000 0.00000 ( 1)  0.000
 158 R   1.00000 0.00000 0.00000 ( 1)  0.000
 159 Q   1.00000 0.00000 0.00000 ( 1)  0.000
 160 A   1.00000 0.00000 0.00000 ( 1)  0.000
 161 K   1.00000 0.00000 0.00000 ( 1)  0.000
 162 E   1.00000 0.00000 0.00000 ( 1)  0.000
 163 V   1.00000 0.00000 0.00000 ( 1)  0.000
 164 E   1.00000 0.00000 0.00000 ( 1)  0.000
 165 A   1.00000 0.00000 0.00000 ( 1)  0.000
 166 Q   1.00000 0.00000 0.00000 ( 1)  0.000
 167 R   1.00000 0.00000 0.00000 ( 1)  0.000
 168 R   1.00000 0.00000 0.00000 ( 1)  0.000
 169 R   1.00000 0.00000 0.00000 ( 1)  0.000
 170 E   1.00000 0.00000 0.00000 ( 1)  0.000
 171 E   1.00000 0.00000 0.00000 ( 1)  0.000
 172 V   1.00000 0.00000 0.00000 ( 1)  0.000
 173 E   1.00000 0.00000 0.00000 ( 1)  0.000
 174 R   1.00000 0.00000 0.00000 ( 1)  0.000
 175 G   1.00000 0.00000 0.00000 ( 1)  0.000
 176 T   1.00000 0.00000 0.00000 ( 1)  0.000
 177 A   1.00000 0.00000 0.00000 ( 1)  0.000
 178 S   1.00000 0.00000 0.00000 ( 1)  0.000
 179 R   1.00000 0.00000 0.00000 ( 1)  0.000
 180 P   1.00000 0.00000 0.00000 ( 1)  0.000
 181 A   1.00000 0.00000 0.00000 ( 1)  0.000
 182 A   1.00000 0.00000 0.00000 ( 1)  0.000
 183 V   1.00000 0.00000 0.00000 ( 1)  0.000
 184 G   1.00000 0.00000 0.00000 ( 1)  0.000
 185 R   1.00000 0.00000 0.00000 ( 1)  0.000
 186 G   1.00000 0.00000 0.00000 ( 1)  0.000
 187 G   1.00000 0.00000 0.00000 ( 1)  0.000
 188 R   1.00000 0.00000 0.00000 ( 1)  0.000
 189 S   1.00000 0.00000 0.00000 ( 1)  0.000
 190 R   1.00000 0.00000 0.00000 ( 1)  0.000
 191 A   1.00000 0.00000 0.00000 ( 1)  0.000
 192 K   1.00000 0.00000 0.00000 ( 1)  0.000
 193 K   1.00000 0.00000 0.00000 ( 1)  0.000
 194 E   1.00000 0.00000 0.00000 ( 1)  0.000
 195 R   1.00000 0.00000 0.00000 ( 1)  0.000
 196 E   1.00000 0.00000 0.00000 ( 1)  0.000
 197 K   1.00000 0.00000 0.00000 ( 1)  0.000
 198 E   1.00000 0.00000 0.00000 ( 1)  0.000
 199 K   1.00000 0.00000 0.00000 ( 1)  0.000
 200 K   1.00000 0.00000 0.00000 ( 1)  0.000
 201 Q   1.00000 0.00000 0.00000 ( 1)  0.000
 202 Q   1.00000 0.00000 0.00000 ( 1)  0.000
 203 A   1.00000 0.00000 0.00000 ( 1)  0.000
 204 A   1.00000 0.00000 0.00000 ( 1)  0.000
 205 A   1.00000 0.00000 0.00000 ( 1)  0.000
 206 G   1.00000 0.00000 0.00000 ( 1)  0.000
 207 G   1.00000 0.00000 0.00000 ( 1)  0.000
 208 S   1.00000 0.00000 0.00000 ( 1)  0.000
 209 A   1.00000 0.00000 0.00000 ( 1)  0.000
 210 N   1.00000 0.00000 0.00000 ( 1)  0.000
 211 S   1.00000 0.00000 0.00000 ( 1)  0.000

Positively selected sites

	Prob(w>1)  mean w



lnL =  -781.501153

Bayes Empirical Bayes (BEB) probabilities for 3 classes (class) & postmean_w
(amino acids refer to 1st sequence: Mlig.10294)

   1 R   0.87704 0.08050 0.04246 ( 1)  0.282 +-  0.716
   2 G   0.87263 0.08190 0.04547 ( 1)  0.296 +-  0.765
   3 P   0.88013 0.07945 0.04042 ( 1)  0.272 +-  0.683
   4 Q   0.88421 0.07796 0.03782 ( 1)  0.261 +-  0.642
   5 H   0.88222 0.07871 0.03907 ( 1)  0.266 +-  0.661
   6 K   0.88165 0.07891 0.03943 ( 1)  0.268 +-  0.667
   7 G   0.87836 0.08005 0.04159 ( 1)  0.278 +-  0.702
   8 A   0.87939 0.07970 0.04091 ( 1)  0.275 +-  0.691
   9 R   0.87731 0.08042 0.04228 ( 1)  0.281 +-  0.713
  10 R   0.87211 0.08206 0.04583 ( 1)  0.298 +-  0.771
  11 Q   0.88421 0.07796 0.03782 ( 1)  0.261 +-  0.642
  12 F   0.87033 0.08259 0.04708 ( 1)  0.304 +-  0.792
  13 T   0.87113 0.08235 0.04652 ( 1)  0.301 +-  0.782
  14 D   0.87968 0.07961 0.04070 ( 1)  0.274 +-  0.687
  15 E   0.88618 0.07717 0.03665 ( 1)  0.256 +-  0.625
  16 D   0.88489 0.07769 0.03742 ( 1)  0.259 +-  0.636
  17 T   0.87822 0.08011 0.04167 ( 1)  0.278 +-  0.703
  18 L   0.87794 0.08021 0.04185 ( 1)  0.279 +-  0.705
  19 A   0.87939 0.07970 0.04091 ( 1)  0.275 +-  0.691
  20 R   0.87704 0.08050 0.04246 ( 1)  0.282 +-  0.716
  21 E   0.88618 0.07717 0.03665 ( 1)  0.256 +-  0.625
  22 V   0.87914 0.07980 0.04105 ( 1)  0.275 +-  0.693
  23 Q   0.88421 0.07796 0.03782 ( 1)  0.261 +-  0.642
  24 E   0.88618 0.07717 0.03665 ( 1)  0.256 +-  0.625
  25 L   0.87585 0.08090 0.04325 ( 1)  0.286 +-  0.728
  26 N   0.87515 0.08112 0.04373 ( 1)  0.288 +-  0.736
  27 V   0.87291 0.08182 0.04527 ( 1)  0.295 +-  0.762
  28 R   0.87214 0.08205 0.04581 ( 1)  0.298 +-  0.771
  29 E   0.88618 0.07717 0.03665 ( 1)  0.256 +-  0.625
  30 G   0.87836 0.08005 0.04159 ( 1)  0.278 +-  0.702
  31 G   0.87836 0.08005 0.04159 ( 1)  0.278 +-  0.702
  32 G   0.87263 0.08190 0.04547 ( 1)  0.296 +-  0.765
  33 G   0.87263 0.08190 0.04547 ( 1)  0.296 +-  0.765
  34 R   0.87107 0.08237 0.04656 ( 1)  0.301 +-  0.783
  35 S   0.87746 0.08037 0.04217 ( 1)  0.281 +-  0.711
  36 K   0.88165 0.07891 0.03943 ( 1)  0.268 +-  0.667
  37 K   0.87391 0.08151 0.04458 ( 1)  0.292 +-  0.750
  38 K   0.88165 0.07891 0.03943 ( 1)  0.268 +-  0.667
  39 E   0.87777 0.08026 0.04197 ( 1)  0.280 +-  0.708
  40 E   0.87777 0.08026 0.04197 ( 1)  0.280 +-  0.708
  41 S   0.87746 0.08037 0.04217 ( 1)  0.281 +-  0.711
  42 D   0.88489 0.07769 0.03742 ( 1)  0.259 +-  0.636
  43 E   0.88618 0.07717 0.03665 ( 1)  0.256 +-  0.625
  44 S   0.87746 0.08037 0.04217 ( 1)  0.281 +-  0.711
  45 D   0.88489 0.07769 0.03742 ( 1)  0.259 +-  0.636
  46 S   0.87609 0.08082 0.04309 ( 1)  0.285 +-  0.726
  47 S   0.87122 0.08233 0.04645 ( 1)  0.301 +-  0.781
  48 E   0.88618 0.07717 0.03665 ( 1)  0.256 +-  0.625
  49 D   0.87968 0.07961 0.04070 ( 1)  0.274 +-  0.687
  50 E   0.88618 0.07717 0.03665 ( 1)  0.256 +-  0.625
  51 A   0.87939 0.07970 0.04091 ( 1)  0.275 +-  0.691
  52 E   0.88618 0.07717 0.03665 ( 1)  0.256 +-  0.625
  53 D   0.87968 0.07961 0.04070 ( 1)  0.274 +-  0.687
  54 A   0.87303 0.08178 0.04519 ( 1)  0.295 +-  0.760
  55 G   0.87177 0.08216 0.04607 ( 1)  0.299 +-  0.775
  56 A   0.87939 0.07970 0.04091 ( 1)  0.275 +-  0.691
  57 A   0.87303 0.08178 0.04519 ( 1)  0.295 +-  0.760
  58 G   0.88074 0.07921 0.04005 ( 1)  0.271 +-  0.678
  59 G   0.87836 0.08005 0.04159 ( 1)  0.278 +-  0.702
  60 S   0.87746 0.08037 0.04217 ( 1)  0.281 +-  0.711
  61 G   0.87177 0.08216 0.04607 ( 1)  0.299 +-  0.775
  62 D   0.88489 0.07769 0.03742 ( 1)  0.259 +-  0.636
  63 E   0.88618 0.07717 0.03665 ( 1)  0.256 +-  0.625
  64 D   0.87968 0.07961 0.04070 ( 1)  0.274 +-  0.687
  65 G   0.87177 0.08216 0.04607 ( 1)  0.299 +-  0.775
  66 E   0.88618 0.07717 0.03665 ( 1)  0.256 +-  0.625
  67 K   0.88165 0.07891 0.03943 ( 1)  0.268 +-  0.667
  68 T   0.87171 0.08218 0.04611 ( 1)  0.299 +-  0.776
  69 K   0.88165 0.07891 0.03943 ( 1)  0.268 +-  0.667
  70 A   0.88256 0.07857 0.03888 ( 1)  0.266 +-  0.659
  71 H   0.88222 0.07871 0.03907 ( 1)  0.266 +-  0.661
  72 G   0.87836 0.08005 0.04159 ( 1)  0.278 +-  0.702
  73 V   0.88227 0.07871 0.03903 ( 1)  0.266 +-  0.660
  74 E   0.88618 0.07717 0.03665 ( 1)  0.256 +-  0.625
  75 N   0.88001 0.07950 0.04050 ( 1)  0.273 +-  0.684
  76 L   0.87794 0.08021 0.04185 ( 1)  0.279 +-  0.705
  77 I   0.87497 0.08118 0.04385 ( 1)  0.288 +-  0.738
  78 Q   0.88421 0.07796 0.03782 ( 1)  0.261 +-  0.642
  79 S   0.87609 0.08082 0.04309 ( 1)  0.285 +-  0.726
  80 E   0.88618 0.07717 0.03665 ( 1)  0.256 +-  0.625
  81 N   0.88001 0.07950 0.04050 ( 1)  0.273 +-  0.684
  82 P   0.88013 0.07945 0.04042 ( 1)  0.272 +-  0.683
  83 N   0.88001 0.07950 0.04050 ( 1)  0.273 +-  0.684
  84 R   0.87814 0.08013 0.04173 ( 1)  0.278 +-  0.704
  85 Q   0.88421 0.07796 0.03782 ( 1)  0.261 +-  0.642
  86 P   0.88013 0.07945 0.04042 ( 1)  0.272 +-  0.683
  87 A   0.87939 0.07970 0.04091 ( 1)  0.275 +-  0.691
  88 A   0.87303 0.08178 0.04519 ( 1)  0.295 +-  0.760
  89 T   0.87601 0.08084 0.04315 ( 1)  0.285 +-  0.727
  90 K   0.88165 0.07891 0.03943 ( 1)  0.268 +-  0.667
  91 S   0.87609 0.08082 0.04309 ( 1)  0.285 +-  0.726
  92 V   0.88227 0.07871 0.03903 ( 1)  0.266 +-  0.660
  93 K   0.88165 0.07891 0.03943 ( 1)  0.268 +-  0.667
  94 K   0.88165 0.07891 0.03943 ( 1)  0.268 +-  0.667
  95 L   0.87585 0.08090 0.04325 ( 1)  0.286 +-  0.728
  96 G   0.87177 0.08216 0.04607 ( 1)  0.299 +-  0.775
  97 A   0.88256 0.07857 0.03888 ( 1)  0.266 +-  0.659
  98 D   0.88489 0.07769 0.03742 ( 1)  0.259 +-  0.636
  99 A   0.87939 0.07970 0.04091 ( 1)  0.275 +-  0.691
 100 P   0.88013 0.07945 0.04042 ( 1)  0.272 +-  0.683
 101 A   0.87939 0.07970 0.04091 ( 1)  0.275 +-  0.691
 102 P   0.87579 0.08091 0.04330 ( 1)  0.286 +-  0.730
 103 E   0.88618 0.07717 0.03665 ( 1)  0.256 +-  0.625
 104 L   0.87794 0.08021 0.04185 ( 1)  0.279 +-  0.705
 105 S   0.87472 0.08126 0.04402 ( 1)  0.289 +-  0.741
 106 R   0.87704 0.08050 0.04246 ( 1)  0.282 +-  0.716
 107 R   0.87704 0.08050 0.04246 ( 1)  0.282 +-  0.716
 108 E   0.87777 0.08026 0.04197 ( 1)  0.280 +-  0.708
 109 R   0.87814 0.08013 0.04173 ( 1)  0.278 +-  0.704
 110 E   0.88618 0.07717 0.03665 ( 1)  0.256 +-  0.625
 111 E   0.88618 0.07717 0.03665 ( 1)  0.256 +-  0.625
 112 L   0.87794 0.08021 0.04185 ( 1)  0.279 +-  0.705
 113 Q   0.88421 0.07796 0.03782 ( 1)  0.261 +-  0.642
 114 R   0.87814 0.08013 0.04173 ( 1)  0.278 +-  0.704
 115 Q   0.88421 0.07796 0.03782 ( 1)  0.261 +-  0.642
 116 R   0.87107 0.08237 0.04656 ( 1)  0.301 +-  0.783
 117 D   0.87968 0.07961 0.04070 ( 1)  0.274 +-  0.687
 118 R   0.87704 0.08050 0.04246 ( 1)  0.282 +-  0.716
 119 E   0.88618 0.07717 0.03665 ( 1)  0.256 +-  0.625
 120 A   0.87939 0.07970 0.04091 ( 1)  0.275 +-  0.691
 121 Y   0.87765 0.08031 0.04204 ( 1)  0.280 +-  0.708
 122 E   0.88618 0.07717 0.03665 ( 1)  0.256 +-  0.625
 123 R   0.87731 0.08042 0.04228 ( 1)  0.281 +-  0.713
 124 L   0.87794 0.08021 0.04185 ( 1)  0.279 +-  0.705
 125 H   0.88222 0.07871 0.03907 ( 1)  0.266 +-  0.661
 126 A   0.87939 0.07970 0.04091 ( 1)  0.275 +-  0.691
 127 Q   0.88421 0.07796 0.03782 ( 1)  0.261 +-  0.642
 128 H   0.88222 0.07871 0.03907 ( 1)  0.266 +-  0.661
 129 K   0.88165 0.07891 0.03943 ( 1)  0.268 +-  0.667
 130 T   0.87171 0.08218 0.04611 ( 1)  0.299 +-  0.776
 131 A   0.87939 0.07970 0.04091 ( 1)  0.275 +-  0.691
 132 E   0.88618 0.07717 0.03665 ( 1)  0.256 +-  0.625
 133 A   0.87303 0.08178 0.04519 ( 1)  0.295 +-  0.760
 134 Q   0.88421 0.07796 0.03782 ( 1)  0.261 +-  0.642
 135 A   0.88256 0.07857 0.03888 ( 1)  0.266 +-  0.659
 136 D   0.88489 0.07769 0.03742 ( 1)  0.259 +-  0.636
 137 L   0.87585 0.08090 0.04325 ( 1)  0.286 +-  0.728
 138 A   0.87939 0.07970 0.04091 ( 1)  0.275 +-  0.691
 139 R   0.87704 0.08050 0.04246 ( 1)  0.282 +-  0.716
 140 L   0.87794 0.08021 0.04185 ( 1)  0.279 +-  0.705
 141 A   0.87303 0.08178 0.04519 ( 1)  0.295 +-  0.760
 142 I   0.87170 0.08219 0.04612 ( 1)  0.299 +-  0.776
 143 V   0.88227 0.07871 0.03903 ( 1)  0.266 +-  0.660
 144 R   0.87704 0.08050 0.04246 ( 1)  0.282 +-  0.716
 145 A   0.87939 0.07970 0.04091 ( 1)  0.275 +-  0.691
 146 Q   0.87519 0.08111 0.04370 ( 1)  0.288 +-  0.736
 147 R   0.87704 0.08050 0.04246 ( 1)  0.282 +-  0.716
 148 E   0.88618 0.07717 0.03665 ( 1)  0.256 +-  0.625
 149 E   0.88618 0.07717 0.03665 ( 1)  0.256 +-  0.625
 150 A   0.88256 0.07857 0.03888 ( 1)  0.266 +-  0.659
 151 A   0.87939 0.07970 0.04091 ( 1)  0.275 +-  0.691
 152 K   0.87391 0.08151 0.04458 ( 1)  0.292 +-  0.750
 153 K   0.88165 0.07891 0.03943 ( 1)  0.268 +-  0.667
 154 R   0.87704 0.08050 0.04246 ( 1)  0.282 +-  0.716
 155 E   0.87777 0.08026 0.04197 ( 1)  0.280 +-  0.708
 156 A   0.88256 0.07857 0.03888 ( 1)  0.266 +-  0.659
 157 E   0.88618 0.07717 0.03665 ( 1)  0.256 +-  0.625
 158 R   0.87704 0.08050 0.04246 ( 1)  0.282 +-  0.716
 159 Q   0.88421 0.07796 0.03782 ( 1)  0.261 +-  0.642
 160 A   0.87939 0.07970 0.04091 ( 1)  0.275 +-  0.691
 161 K   0.88165 0.07891 0.03943 ( 1)  0.268 +-  0.667
 162 E   0.88618 0.07717 0.03665 ( 1)  0.256 +-  0.625
 163 V   0.87291 0.08182 0.04527 ( 1)  0.295 +-  0.762
 164 E   0.88618 0.07717 0.03665 ( 1)  0.256 +-  0.625
 165 A   0.88256 0.07857 0.03888 ( 1)  0.266 +-  0.659
 166 Q   0.88421 0.07796 0.03782 ( 1)  0.261 +-  0.642
 167 R   0.87704 0.08050 0.04246 ( 1)  0.282 +-  0.716
 168 R   0.87814 0.08013 0.04173 ( 1)  0.278 +-  0.704
 169 R   0.87704 0.08050 0.04246 ( 1)  0.282 +-  0.716
 170 E   0.88618 0.07717 0.03665 ( 1)  0.256 +-  0.625
 171 E   0.87777 0.08026 0.04197 ( 1)  0.280 +-  0.708
 172 V   0.88227 0.07871 0.03903 ( 1)  0.266 +-  0.660
 173 E   0.88618 0.07717 0.03665 ( 1)  0.256 +-  0.625
 174 R   0.87704 0.08050 0.04246 ( 1)  0.282 +-  0.716
 175 G   0.87836 0.08005 0.04159 ( 1)  0.278 +-  0.702
 176 T   0.87822 0.08011 0.04167 ( 1)  0.278 +-  0.703
 177 A   0.87939 0.07970 0.04091 ( 1)  0.275 +-  0.691
 178 S   0.87746 0.08037 0.04217 ( 1)  0.281 +-  0.711
 179 R   0.87731 0.08042 0.04228 ( 1)  0.281 +-  0.713
 180 P   0.88013 0.07945 0.04042 ( 1)  0.272 +-  0.683
 181 A   0.87939 0.07970 0.04091 ( 1)  0.275 +-  0.691
 182 A   0.87939 0.07970 0.04091 ( 1)  0.275 +-  0.691
 183 V   0.87205 0.08208 0.04587 ( 1)  0.298 +-  0.772
 184 G   0.87836 0.08005 0.04159 ( 1)  0.278 +-  0.702
 185 R   0.87814 0.08013 0.04173 ( 1)  0.278 +-  0.704
 186 G   0.87836 0.08005 0.04159 ( 1)  0.278 +-  0.702
 187 G   0.87177 0.08216 0.04607 ( 1)  0.299 +-  0.775
 188 R   0.87814 0.08013 0.04173 ( 1)  0.278 +-  0.704
 189 S   0.87746 0.08037 0.04217 ( 1)  0.281 +-  0.711
 190 R   0.87814 0.08013 0.04173 ( 1)  0.278 +-  0.704
 191 A   0.87214 0.08205 0.04581 ( 1)  0.298 +-  0.771
 192 K   0.88165 0.07891 0.03943 ( 1)  0.268 +-  0.667
 193 K   0.88165 0.07891 0.03943 ( 1)  0.268 +-  0.667
 194 E   0.88618 0.07717 0.03665 ( 1)  0.256 +-  0.625
 195 R   0.87704 0.08050 0.04246 ( 1)  0.282 +-  0.716
 196 E   0.88618 0.07717 0.03665 ( 1)  0.256 +-  0.625
 197 K   0.88165 0.07891 0.03943 ( 1)  0.268 +-  0.667
 198 E   0.88618 0.07717 0.03665 ( 1)  0.256 +-  0.625
 199 K   0.88165 0.07891 0.03943 ( 1)  0.268 +-  0.667
 200 K   0.88165 0.07891 0.03943 ( 1)  0.268 +-  0.667
 201 Q   0.88421 0.07796 0.03782 ( 1)  0.261 +-  0.642
 202 Q   0.88421 0.07796 0.03782 ( 1)  0.261 +-  0.642
 203 A   0.87629 0.08070 0.04301 ( 1)  0.285 +-  0.727
 204 A   0.87939 0.07970 0.04091 ( 1)  0.275 +-  0.691
 205 A   0.88256 0.07857 0.03888 ( 1)  0.266 +-  0.659
 206 G   0.87263 0.08190 0.04547 ( 1)  0.296 +-  0.765
 207 G   0.87836 0.08005 0.04159 ( 1)  0.278 +-  0.702
 208 S   0.87746 0.08037 0.04217 ( 1)  0.281 +-  0.711
 209 A   0.88256 0.07857 0.03888 ( 1)  0.266 +-  0.659
 210 N   0.88001 0.07950 0.04050 ( 1)  0.273 +-  0.684
 211 S   0.87122 0.08233 0.04645 ( 1)  0.301 +-  0.781

Positively selected sites

	Prob(w>1)  mean w


