Supplemental results for CODEML (seqf: algn  treef: tree)


dN/dS (w) for site classes (K=8)

p:   0.12500  0.12500  0.12500  0.12500  0.12500  0.12500  0.12500  0.12500
w:   0.00000  0.00000  0.00000  0.99984  1.00000  1.00000  1.00000  1.00000

Naive Empirical Bayes (NEB) probabilities for 8 classes & postmean_w
(amino acids refer to 1st sequence: Mcor.13967)

   1 M   0.32109 0.32109 0.32108 0.00735 0.00735 0.00735 0.00735 0.00735 ( 1)  0.037
   2 R   0.29382 0.29382 0.29382 0.02371 0.02371 0.02371 0.02371 0.02371 ( 1)  0.119
   3 R   0.00000 0.00000 0.00000 0.20003 0.19999 0.19999 0.19999 0.19999 ( 4)  1.000
   4 Q   0.29473 0.29473 0.29473 0.02317 0.02316 0.02316 0.02316 0.02316 ( 1)  0.116
   5 S   0.29077 0.29077 0.29077 0.02554 0.02554 0.02554 0.02554 0.02554 ( 1)  0.128
   6 K   0.28947 0.28947 0.28947 0.02632 0.02631 0.02631 0.02631 0.02631 ( 1)  0.132
   7 P   0.00000 0.00000 0.00000 0.20001 0.20000 0.20000 0.20000 0.20000 ( 4)  1.000
   8 T   0.27657 0.27657 0.27657 0.03406 0.03406 0.03406 0.03406 0.03406 ( 1)  0.170
   9 C   0.31046 0.31046 0.31045 0.01373 0.01373 0.01373 0.01373 0.01373 ( 1)  0.069
  10 L   0.26058 0.26058 0.26058 0.04365 0.04365 0.04365 0.04365 0.04365 ( 1)  0.218
  11 F   0.30626 0.30626 0.30626 0.01625 0.01624 0.01624 0.01624 0.01624 ( 1)  0.081
  12 N   0.29299 0.29299 0.29299 0.02421 0.02420 0.02420 0.02420 0.02420 ( 1)  0.121
  13 N   0.29198 0.29198 0.29198 0.02482 0.02481 0.02481 0.02481 0.02481 ( 1)  0.124
  14 P   0.26867 0.26867 0.26867 0.03880 0.03880 0.03880 0.03880 0.03880 ( 1)  0.194
  15 S   0.29077 0.29077 0.29077 0.02554 0.02554 0.02554 0.02554 0.02554 ( 1)  0.128
  16 A   0.00000 0.00000 0.00000 0.19999 0.20000 0.20000 0.20000 0.20000 ( 5)  1.000
  17 R   0.00000 0.00000 0.00000 0.19999 0.20000 0.20000 0.20000 0.20000 ( 5)  1.000
  18 P   0.00000 0.00000 0.00000 0.19999 0.20000 0.20000 0.20000 0.20000 ( 5)  1.000
  19 Q   0.00000 0.00000 0.00000 0.19998 0.20001 0.20001 0.20001 0.20001 ( 5)  1.000
  20 L   0.00000 0.00000 0.00000 0.19999 0.20000 0.20000 0.20000 0.20000 ( 5)  1.000
  21 I   0.00000 0.00000 0.00000 0.20000 0.20000 0.20000 0.20000 0.20000 ( 5)  1.000
  22 R   0.00000 0.00000 0.00000 0.19998 0.20000 0.20000 0.20000 0.20000 ( 5)  1.000
  23 F   0.00000 0.00000 0.00000 0.19999 0.20000 0.20000 0.20000 0.20000 ( 5)  1.000
  24 P   0.00000 0.00000 0.00000 0.20001 0.20000 0.20000 0.20000 0.20000 ( 4)  1.000
  25 C   0.00000 0.00000 0.00000 0.19999 0.20000 0.20000 0.20000 0.20000 ( 5)  1.000
  26 N   0.00000 0.00000 0.00000 0.20000 0.20000 0.20000 0.20000 0.20000 ( 4)  1.000
  27 Y   0.00000 0.00000 0.00000 0.19999 0.20000 0.20000 0.20000 0.20000 ( 5)  1.000
  28 F   0.00000 0.00000 0.00000 0.20001 0.20000 0.20000 0.20000 0.20000 ( 4)  1.000
  29 Q   0.00000 0.00000 0.00000 0.20001 0.20000 0.20000 0.20000 0.20000 ( 4)  1.000
  30 I   0.00000 0.00000 0.00000 0.20001 0.20000 0.20000 0.20000 0.20000 ( 4)  1.000
  31 A   0.00000 0.00000 0.00000 0.19999 0.20000 0.20000 0.20000 0.20000 ( 5)  1.000
  32 T   0.00000 0.00000 0.00000 0.20000 0.20000 0.20000 0.20000 0.20000 ( 5)  1.000


lnL =  -239.407395

